11125 10920 31
11125 10920 21
11125 10920 38
11125 10920 60
11125 10921 43
11125 10921 14
11125 10921 1
11125 10921 60
11125 10922 28
11125 10922 12
11125 10922 30
11125 10922 47
11125 10923 42
11125 10923 6
11125 10923 59
11125 10923 28
11125 10918 36
11125 10918 29
11125 10918 21
11125 10918 24
11125 10925 27
11125 10925 18
11125 10925 36
11125 10925 9
11125 10924 26
11125 10924 10
11125 10924 28
11125 10924 55
11125 11074 27
11125 11074 21
11125 11074 25
11125 11074 18
11125 11070 0
11125 11070 2
11125 11070 4
11125 11070 59
11125 10915 51
11125 10915 39
11125 10915 22
11125 10915 23
11125 10919 47
11125 10919 23
11125 10919 48
11125 10919 24
11125 10927 2
11125 10927 20
11125 10927 48
11125 10927 47
11125 11072 9
11125 11072 43
11125 11072 50
11125 11072 42
11125 11073 35
11125 11073 21
11125 11073 36
11125 11073 58
11125 11075 43
11125 11075 56
11125 11075 29
11125 11075 22
11125 10840 41
11125 10840 32
11125 10840 20
11125 10840 52
11125 10916 17
11125 10916 36
11125 10916 1
11125 10916 42
11125 10917 56
11125 10917 41
11125 10917 31
11125 10917 46
11125 10926 7
11125 10926 32
11125 10926 13
11125 10926 35
11125 11078 55
11125 11078 12
11125 11078 8
11125 11078 28
11125 11071 17
11125 11071 33
11125 11071 41
11125 11071 51
11125 11079 30
11125 11079 34
11125 11079 32
11125 11079 37
11125 10934 9
11125 10934 59
11125 10934 32
11125 10934 0
11125 11081 52
11125 11081 38
11125 11081 1
11125 11081 43
11125 10833 38
11125 10833 5
11125 10833 56
11125 10833 1
11125 10911 1
11125 10911 8
11125 10911 44
11125 10911 57
11125 10928 48
11125 10928 45
11125 10928 35
11125 10928 27
11125 10933 27
11125 10933 29
11125 10933 4
11125 10933 18
11125 11076 3
11125 11076 28
11125 11076 41
11125 11076 48
11125 10841 51
11125 10841 6
11125 10841 10
11125 10841 34
11125 10858 27
11125 10858 34
11125 10858 14
11125 10858 43
11125 10929 25
11125 10929 60
11125 10929 16
11125 10929 17
11105 10920 50
11105 10920 17
11105 10920 14
11105 10920 42
11105 10921 52
11105 10921 27
11105 10921 37
11105 10921 49
11105 10922 49
11105 10922 21
11105 10922 32
11105 10922 30
11105 10923 38
11105 10923 0
11105 10923 60
11105 10923 45
11105 10918 46
11105 10918 45
11105 10918 43
11105 10918 48
11105 10925 42
11105 10925 6
11105 10925 40
11105 10925 35
11105 10924 24
11105 10924 49
11105 10924 22
11105 10924 3
11105 11074 60
11105 11074 27
11105 11074 19
11105 11074 44
11105 11070 41
11105 11070 3
11105 11070 42
11105 11070 48
11105 10915 9
11105 10915 30
11105 10915 35
11105 10915 42
11105 10919 22
11105 10919 53
11105 10919 37
11105 10919 50
11105 10927 5
11105 10927 35
11105 10927 29
11105 10927 47
11105 11072 38
11105 11072 45
11105 11072 57
11105 11072 24
11105 11073 34
11105 11073 18
11105 11073 20
11105 11073 11
11105 11075 42
11105 11075 53
11105 11075 13
11105 11075 21
11105 10840 50
11105 10840 15
11105 10840 51
11105 10840 17
11105 10916 19
11105 10916 20
11105 10916 3
11105 10916 59
11105 10917 3
11105 10917 13
11105 10917 30
11105 10917 21
11105 10926 37
11105 10926 0
11105 10926 7
11105 10926 53
11105 11078 23
11105 11078 54
11105 11078 40
11105 11078 14
11105 11071 30
11105 11071 3
11105 11071 25
11105 11071 48
11105 11079 15
11105 11079 33
11105 11079 12
11105 11079 28
11105 10934 51
11105 10934 48
11105 10934 36
11105 10934 2
11105 11081 0
11105 11081 0
11105 11081 16
11105 11081 3
11105 10833 45
11105 10833 57
11105 10833 50
11105 10833 15
11105 10911 33
11105 10911 13
11105 10911 2
11105 10911 49
11105 10928 22
11105 10928 40
11105 10928 24
11105 10928 26
11105 10933 49
11105 10933 52
11105 10933 57
11105 10933 59
11105 11076 1
11105 11076 5
11105 11076 49
11105 11076 26
11105 10841 10
11105 10841 27
11105 10841 59
11105 10841 7
11105 10858 21
11105 10858 31
11105 10858 1
11105 10858 26
11105 10929 41
11105 10929 37
11105 10929 23
11105 10929 2
11126 10920 47
11126 10920 33
11126 10920 25
11126 10920 30
11126 10921 25
11126 10921 59
11126 10921 4
11126 10921 34
11126 10922 9
11126 10922 12
11126 10922 60
11126 10922 5
11126 10923 35
11126 10923 23
11126 10923 54
11126 10923 50
11126 10918 22
11126 10918 26
11126 10918 38
11126 10918 42
11126 10925 27
11126 10925 7
11126 10925 60
11126 10925 26
11126 10924 4
11126 10924 44
11126 10924 45
11126 10924 37
11126 11074 38
11126 11074 27
11126 11074 15
11126 11074 49
11126 11070 39
11126 11070 27
11126 11070 10
11126 11070 57
11126 10915 59
11126 10915 32
11126 10915 43
11126 10915 40
11126 10919 35
11126 10919 14
11126 10919 52
11126 10919 57
11126 10927 32
11126 10927 60
11126 10927 3
11126 10927 29
11126 11072 15
11126 11072 56
11126 11072 6
11126 11072 55
11126 11073 25
11126 11073 34
11126 11073 31
11126 11073 30
11126 11075 47
11126 11075 4
11126 11075 27
11126 11075 7
11126 10840 1
11126 10840 13
11126 10840 12
11126 10840 41
11126 10916 54
11126 10916 54
11126 10916 55
11126 10916 6
11126 10917 54
11126 10917 39
11126 10917 5
11126 10917 23
11126 10926 57
11126 10926 8
11126 10926 25
11126 10926 53
11126 11078 13
11126 11078 22
11126 11078 30
11126 11078 34
11126 11071 31
11126 11071 32
11126 11071 50
11126 11071 49
11126 11079 13
11126 11079 39
11126 11079 45
11126 11079 15
11126 10934 43
11126 10934 36
11126 10934 53
11126 10934 34
11126 11081 26
11126 11081 34
11126 11081 21
11126 11081 15
11126 10833 31
11126 10833 1
11126 10833 55
11126 10833 38
11126 10911 43
11126 10911 40
11126 10911 33
11126 10911 9
11126 10928 17
11126 10928 3
11126 10928 17
11126 10928 1
11126 10933 19
11126 10933 20
11126 10933 58
11126 10933 6
11126 11076 28
11126 11076 3
11126 11076 53
11126 11076 18
11126 10841 9
11126 10841 60
11126 10841 31
11126 10841 51
11126 10858 16
11126 10858 50
11126 10858 10
11126 10858 14
11126 10929 45
11126 10929 12
11126 10929 53
11126 10929 38
11127 10920 2
11127 10920 24
11127 10920 27
11127 10920 6
11127 10921 32
11127 10921 10
11127 10921 45
11127 10921 5
11127 10922 13
11127 10922 27
11127 10922 29
11127 10922 34
11127 10923 48
11127 10923 38
11127 10923 11
11127 10923 50
11127 10918 27
11127 10918 2
11127 10918 34
11127 10918 59
11127 10925 60
11127 10925 48
11127 10925 52
11127 10925 24
11127 10924 33
11127 10924 0
11127 10924 56
11127 10924 16
11127 11074 3
11127 11074 52
11127 11074 10
11127 11074 31
11127 11070 14
11127 11070 53
11127 11070 41
11127 11070 46
11127 10915 2
11127 10915 7
11127 10915 57
11127 10915 20
11127 10919 51
11127 10919 23
11127 10919 1
11127 10919 12
11127 10927 48
11127 10927 37
11127 10927 34
11127 10927 50
11127 11072 5
11127 11072 42
11127 11072 39
11127 11072 1
11127 11073 18
11127 11073 7
11127 11073 38
11127 11073 53
11127 11075 48
11127 11075 26
11127 11075 19
11127 11075 31
11127 10840 2
11127 10840 5
11127 10840 9
11127 10840 7
11127 10916 22
11127 10916 60
11127 10916 21
11127 10916 15
11127 10917 42
11127 10917 8
11127 10917 38
11127 10917 12
11127 10926 58
11127 10926 25
11127 10926 22
11127 10926 20
11127 11078 36
11127 11078 46
11127 11078 44
11127 11078 48
11127 11071 0
11127 11071 29
11127 11071 13
11127 11071 37
11127 11079 13
11127 11079 42
11127 11079 51
11127 11079 12
11127 10934 14
11127 10934 39
11127 10934 12
11127 10934 28
11127 11081 14
11127 11081 40
11127 11081 25
11127 11081 17
11127 10833 48
11127 10833 21
11127 10833 4
11127 10833 2
11127 10911 14
11127 10911 5
11127 10911 6
11127 10911 38
11127 10928 46
11127 10928 25
11127 10928 59
11127 10928 34
11127 10933 58
11127 10933 48
11127 10933 27
11127 10933 46
11127 11076 52
11127 11076 8
11127 11076 39
11127 11076 21
11127 10841 27
11127 10841 5
11127 10841 32
11127 10841 38
11127 10858 16
11127 10858 42
11127 10858 21
11127 10858 15
11127 10929 41
11127 10929 48
11127 10929 5
11127 10929 24
11124 10920 42
11124 10920 17
11124 10920 59
11124 10920 55
11124 10921 1
11124 10921 49
11124 10921 1
11124 10921 44
11124 10922 11
11124 10922 41
11124 10922 29
11124 10922 3
11124 10923 40
11124 10923 5
11124 10923 3
11124 10923 60
11124 10918 8
11124 10918 5
11124 10918 3
11124 10918 0
11124 10925 52
11124 10925 12
11124 10925 29
11124 10925 52
11124 10924 11
11124 10924 36
11124 10924 59
11124 10924 30
11124 11074 16
11124 11074 27
11124 11074 37
11124 11074 34
11124 11070 14
11124 11070 20
11124 11070 3
11124 11070 34
11124 10915 31
11124 10915 4
11124 10915 53
11124 10915 13
11124 10919 2
11124 10919 15
11124 10919 19
11124 10919 40
11124 10927 42
11124 10927 15
11124 10927 3
11124 10927 37
11124 11072 8
11124 11072 12
11124 11072 14
11124 11072 30
11124 11073 3
11124 11073 38
11124 11073 29
11124 11073 25
11124 11075 55
11124 11075 55
11124 11075 23
11124 11075 31
11124 10840 0
11124 10840 53
11124 10840 28
11124 10840 58
11124 10916 17
11124 10916 60
11124 10916 0
11124 10916 34
11124 10917 0
11124 10917 17
11124 10917 28
11124 10917 58
11124 10926 14
11124 10926 16
11124 10926 53
11124 10926 45
11124 11078 27
11124 11078 26
11124 11078 16
11124 11078 32
11124 11071 42
11124 11071 37
11124 11071 58
11124 11071 12
11124 11079 3
11124 11079 40
11124 11079 32
11124 11079 40
11124 10934 53
11124 10934 31
11124 10934 21
11124 10934 19
11124 11081 42
11124 11081 16
11124 11081 54
11124 11081 46
11124 10833 47
11124 10833 46
11124 10833 23
11124 10833 49
11124 10911 47
11124 10911 35
11124 10911 18
11124 10911 37
11124 10928 18
11124 10928 5
11124 10928 21
11124 10928 24
11124 10933 2
11124 10933 52
11124 10933 22
11124 10933 1
11124 11076 9
11124 11076 27
11124 11076 26
11124 11076 5
11124 10841 18
11124 10841 8
11124 10841 6
11124 10841 18
11124 10858 0
11124 10858 43
11124 10858 17
11124 10858 59
11124 10929 7
11124 10929 27
11124 10929 13
11124 10929 11
11096 10920 33
11096 10920 59
11096 10920 33
11096 10920 8
11096 10921 24
11096 10921 26
11096 10921 34
11096 10921 5
11096 10922 38
11096 10922 25
11096 10922 41
11096 10922 6
11096 10923 15
11096 10923 48
11096 10923 24
11096 10923 53
11096 10918 59
11096 10918 23
11096 10918 1
11096 10918 37
11096 10925 2
11096 10925 23
11096 10925 1
11096 10925 34
11096 10924 10
11096 10924 34
11096 10924 27
11096 10924 44
11096 11074 5
11096 11074 18
11096 11074 24
11096 11074 16
11096 11070 49
11096 11070 4
11096 11070 27
11096 11070 3
11096 10915 52
11096 10915 40
11096 10915 11
11096 10915 50
11096 10919 9
11096 10919 0
11096 10919 48
11096 10919 45
11096 10927 12
11096 10927 39
11096 10927 52
11096 10927 51
11096 11072 16
11096 11072 1
11096 11072 26
11096 11072 20
11096 11073 17
11096 11073 40
11096 11073 33
11096 11073 45
11096 11075 37
11096 11075 46
11096 11075 58
11096 11075 19
11096 10840 39
11096 10840 60
11096 10840 9
11096 10840 37
11096 10916 26
11096 10916 35
11096 10916 56
11096 10916 34
11096 10917 33
11096 10917 33
11096 10917 2
11096 10917 28
11096 10926 29
11096 10926 20
11096 10926 28
11096 10926 41
11096 11078 50
11096 11078 47
11096 11078 0
11096 11078 29
11096 11071 45
11096 11071 46
11096 11071 5
11096 11071 58
11096 11079 35
11096 11079 59
11096 11079 57
11096 11079 8
11096 10934 11
11096 10934 19
11096 10934 15
11096 10934 0
11096 11081 54
11096 11081 58
11096 11081 0
11096 11081 1
11096 10833 2
11096 10833 32
11096 10833 46
11096 10833 42
11096 10911 5
11096 10911 59
11096 10911 5
11096 10911 8
11096 10928 35
11096 10928 13
11096 10928 53
11096 10928 35
11096 10933 0
11096 10933 53
11096 10933 42
11096 10933 36
11096 11076 46
11096 11076 53
11096 11076 41
11096 11076 28
11096 10841 43
11096 10841 2
11096 10841 17
11096 10841 34
11096 10858 14
11096 10858 32
11096 10858 2
11096 10858 7
11096 10929 29
11096 10929 46
11096 10929 50
11096 10929 57
11098 10920 53
11098 10920 36
11098 10920 7
11098 10920 9
11098 10921 60
11098 10921 32
11098 10921 59
11098 10921 8
11098 10922 10
11098 10922 10
11098 10922 38
11098 10922 42
11098 10923 42
11098 10923 33
11098 10923 58
11098 10923 40
11098 10918 13
11098 10918 51
11098 10918 46
11098 10918 40
11098 10925 20
11098 10925 42
11098 10925 28
11098 10925 19
11098 10924 26
11098 10924 35
11098 10924 24
11098 10924 5
11098 11074 21
11098 11074 12
11098 11074 6
11098 11074 49
11098 11070 0
11098 11070 39
11098 11070 47
11098 11070 31
11098 10915 32
11098 10915 13
11098 10915 47
11098 10915 8
11098 10919 56
11098 10919 22
11098 10919 59
11098 10919 22
11098 10927 52
11098 10927 22
11098 10927 26
11098 10927 30
11098 11072 39
11098 11072 53
11098 11072 47
11098 11072 32
11098 11073 53
11098 11073 17
11098 11073 45
11098 11073 51
11098 11075 3
11098 11075 44
11098 11075 50
11098 11075 29
11098 10840 50
11098 10840 60
11098 10840 44
11098 10840 57
11098 10916 36
11098 10916 21
11098 10916 14
11098 10916 32
11098 10917 46
11098 10917 59
11098 10917 37
11098 10917 58
11098 10926 27
11098 10926 46
11098 10926 31
11098 10926 6
11098 11078 51
11098 11078 25
11098 11078 12
11098 11078 33
11098 11071 42
11098 11071 9
11098 11071 47
11098 11071 13
11098 11079 57
11098 11079 40
11098 11079 27
11098 11079 9
11098 10934 15
11098 10934 31
11098 10934 48
11098 10934 32
11098 11081 12
11098 11081 39
11098 11081 60
11098 11081 27
11098 10833 32
11098 10833 38
11098 10833 52
11098 10833 39
11098 10911 26
11098 10911 41
11098 10911 17
11098 10911 10
11098 10928 27
11098 10928 57
11098 10928 47
11098 10928 9
11098 10933 35
11098 10933 10
11098 10933 28
11098 10933 23
11098 11076 47
11098 11076 14
11098 11076 35
11098 11076 17
11098 10841 28
11098 10841 54
11098 10841 55
11098 10841 32
11098 10858 45
11098 10858 17
11098 10858 11
11098 10858 22
11098 10929 10
11098 10929 10
11098 10929 39
11098 10929 10
11106 10920 35
11106 10920 13
11106 10920 59
11106 10920 12
11106 10921 15
11106 10921 52
11106 10921 57
11106 10921 41
11106 10922 7
11106 10922 48
11106 10922 16
11106 10922 37
11106 10923 60
11106 10923 32
11106 10923 23
11106 10923 17
11106 10918 58
11106 10918 48
11106 10918 35
11106 10918 21
11106 10925 41
11106 10925 55
11106 10925 45
11106 10925 1
11106 10924 9
11106 10924 16
11106 10924 22
11106 10924 38
11106 11074 58
11106 11074 59
11106 11074 16
11106 11074 60
11106 11070 47
11106 11070 56
11106 11070 23
11106 11070 26
11106 10915 53
11106 10915 18
11106 10915 32
11106 10915 14
11106 10919 60
11106 10919 41
11106 10919 52
11106 10919 49
11106 10927 31
11106 10927 27
11106 10927 52
11106 10927 26
11106 11072 26
11106 11072 36
11106 11072 21
11106 11072 60
11106 11073 53
11106 11073 39
11106 11073 34
11106 11073 31
11106 11075 5
11106 11075 10
11106 11075 23
11106 11075 51
11106 10840 53
11106 10840 21
11106 10840 17
11106 10840 50
11106 10916 11
11106 10916 21
11106 10916 43
11106 10916 59
11106 10917 37
11106 10917 2
11106 10917 47
11106 10917 7
11106 10926 24
11106 10926 42
11106 10926 19
11106 10926 12
11106 11078 5
11106 11078 38
11106 11078 9
11106 11078 29
11106 11071 2
11106 11071 24
11106 11071 0
11106 11071 15
11106 11079 20
11106 11079 0
11106 11079 30
11106 11079 21
11106 10934 7
11106 10934 22
11106 10934 7
11106 10934 35
11106 11081 29
11106 11081 15
11106 11081 48
11106 11081 47
11106 10833 49
11106 10833 58
11106 10833 57
11106 10833 33
11106 10911 9
11106 10911 23
11106 10911 46
11106 10911 7
11106 10928 35
11106 10928 16
11106 10928 22
11106 10928 32
11106 10933 4
11106 10933 37
11106 10933 32
11106 10933 48
11106 11076 23
11106 11076 54
11106 11076 42
11106 11076 38
11106 10841 20
11106 10841 54
11106 10841 24
11106 10841 15
11106 10858 59
11106 10858 19
11106 10858 4
11106 10858 44
11106 10929 6
11106 10929 34
11106 10929 25
11106 10929 42
11119 10920 25
11119 10920 42
11119 10920 41
11119 10920 59
11119 10921 4
11119 10921 8
11119 10921 32
11119 10921 42
11119 10922 10
11119 10922 33
11119 10922 39
11119 10922 50
11119 10923 4
11119 10923 14
11119 10923 60
11119 10923 55
11119 10918 19
11119 10918 9
11119 10918 12
11119 10918 52
11119 10925 48
11119 10925 29
11119 10925 28
11119 10925 58
11119 10924 44
11119 10924 36
11119 10924 16
11119 10924 17
11119 11074 31
11119 11074 3
11119 11074 31
11119 11074 54
11119 11070 50
11119 11070 30
11119 11070 48
11119 11070 30
11119 10915 0
11119 10915 7
11119 10915 58
11119 10915 5
11119 10919 35
11119 10919 4
11119 10919 24
11119 10919 26
11119 10927 24
11119 10927 52
11119 10927 54
11119 10927 11
11119 11072 17
11119 11072 15
11119 11072 26
11119 11072 53
11119 11073 0
11119 11073 26
11119 11073 14
11119 11073 27
11119 11075 32
11119 11075 30
11119 11075 29
11119 11075 47
11119 10840 35
11119 10840 25
11119 10840 43
11119 10840 6
11119 10916 26
11119 10916 41
11119 10916 52
11119 10916 55
11119 10917 58
11119 10917 32
11119 10917 29
11119 10917 14
11119 10926 30
11119 10926 59
11119 10926 14
11119 10926 52
11119 11078 49
11119 11078 26
11119 11078 48
11119 11078 35
11119 11071 8
11119 11071 10
11119 11071 6
11119 11071 12
11119 11079 9
11119 11079 49
11119 11079 7
11119 11079 29
11119 10934 11
11119 10934 51
11119 10934 26
11119 10934 52
11119 11081 37
11119 11081 10
11119 11081 53
11119 11081 60
11119 10833 23
11119 10833 18
11119 10833 51
11119 10833 48
11119 10911 33
11119 10911 3
11119 10911 31
11119 10911 34
11119 10928 15
11119 10928 49
11119 10928 52
11119 10928 3
11119 10933 12
11119 10933 16
11119 10933 48
11119 10933 32
11119 11076 45
11119 11076 52
11119 11076 37
11119 11076 15
11119 10841 34
11119 10841 9
11119 10841 41
11119 10841 36
11119 10858 37
11119 10858 13
11119 10858 34
11119 10858 12
11119 10929 17
11119 10929 11
11119 10929 42
11119 10929 17
11128 10920 31
11128 10920 57
11128 10920 13
11128 10920 45
11128 10921 6
11128 10921 8
11128 10921 37
11128 10921 43
11128 10922 34
11128 10922 44
11128 10922 45
11128 10922 11
11128 10923 3
11128 10923 28
11128 10923 39
11128 10923 10
11128 10918 11
11128 10918 60
11128 10918 1
11128 10918 54
11128 10925 4
11128 10925 30
11128 10925 21
11128 10925 48
11128 10924 32
11128 10924 30
11128 10924 7
11128 10924 40
11128 11074 51
11128 11074 48
11128 11074 5
11128 11074 48
11128 11070 46
11128 11070 8
11128 11070 55
11128 11070 36
11128 10915 3
11128 10915 40
11128 10915 55
11128 10915 6
11128 10919 46
11128 10919 23
11128 10919 12
11128 10919 36
11128 10927 31
11128 10927 57
11128 10927 19
11128 10927 7
11128 11072 5
11128 11072 21
11128 11072 55
11128 11072 47
11128 11073 47
11128 11073 52
11128 11073 27
11128 11073 38
11128 11075 23
11128 11075 7
11128 11075 48
11128 11075 45
11128 10840 5
11128 10840 51
11128 10840 18
11128 10840 52
11128 10916 47
11128 10916 34
11128 10916 44
11128 10916 39
11128 10917 12
11128 10917 29
11128 10917 39
11128 10917 25
11128 10926 34
11128 10926 58
11128 10926 15
11128 10926 12
11128 11078 35
11128 11078 16
11128 11078 6
11128 11078 16
11128 11071 56
11128 11071 60
11128 11071 26
11128 11071 56
11128 11079 10
11128 11079 30
11128 11079 16
11128 11079 41
11128 10934 51
11128 10934 27
11128 10934 20
11128 10934 52
11128 11081 13
11128 11081 19
11128 11081 14
11128 11081 12
11128 10833 5
11128 10833 22
11128 10833 22
11128 10833 4
11128 10911 21
11128 10911 20
11128 10911 33
11128 10911 35
11128 10928 37
11128 10928 56
11128 10928 22
11128 10928 0
11128 10933 52
11128 10933 53
11128 10933 14
11128 10933 12
11128 11076 42
11128 11076 58
11128 11076 32
11128 11076 31
11128 10841 28
11128 10841 45
11128 10841 0
11128 10841 16
11128 10858 54
11128 10858 40
11128 10858 30
11128 10858 22
11128 10929 46
11128 10929 16
11128 10929 25
11128 10929 35
11120 10920 14
11120 10920 60
11120 10920 31
11120 10920 50
11120 10921 27
11120 10921 42
11120 10921 15
11120 10921 48
11120 10922 50
11120 10922 45
11120 10922 27
11120 10922 2
11120 10923 35
11120 10923 44
11120 10923 54
11120 10923 42
11120 10918 51
11120 10918 17
11120 10918 30
11120 10918 8
11120 10925 40
11120 10925 52
11120 10925 25
11120 10925 52
11120 10924 57
11120 10924 54
11120 10924 45
11120 10924 14
11120 11074 49
11120 11074 56
11120 11074 27
11120 11074 14
11120 11070 42
11120 11070 13
11120 11070 36
11120 11070 27
11120 10915 12
11120 10915 58
11120 10915 18
11120 10915 31
11120 10919 12
11120 10919 1
11120 10919 26
11120 10919 46
11120 10927 13
11120 10927 21
11120 10927 42
11120 10927 18
11120 11072 6
11120 11072 2
11120 11072 40
11120 11072 21
11120 11073 52
11120 11073 41
11120 11073 24
11120 11073 24
11120 11075 40
11120 11075 19
11120 11075 13
11120 11075 21
11120 10840 58
11120 10840 27
11120 10840 24
11120 10840 19
11120 10916 57
11120 10916 15
11120 10916 21
11120 10916 8
11120 10917 57
11120 10917 21
11120 10917 16
11120 10917 38
11120 10926 52
11120 10926 7
11120 10926 26
11120 10926 20
11120 11078 1
11120 11078 29
11120 11078 18
11120 11078 54
11120 11071 43
11120 11071 31
11120 11071 28
11120 11071 12
11120 11079 11
11120 11079 48
11120 11079 25
11120 11079 20
11120 10934 39
11120 10934 6
11120 10934 34
11120 10934 59
11120 11081 28
11120 11081 52
11120 11081 39
11120 11081 7
11120 10833 53
11120 10833 25
11120 10833 15
11120 10833 56
11120 10911 12
11120 10911 29
11120 10911 49
11120 10911 59
11120 10928 54
11120 10928 14
11120 10928 22
11120 10928 35
11120 10933 24
11120 10933 60
11120 10933 59
11120 10933 1
11120 11076 51
11120 11076 30
11120 11076 11
11120 11076 21
11120 10841 34
11120 10841 12
11120 10841 5
11120 10841 21
11120 10858 23
11120 10858 31
11120 10858 1
11120 10858 1
11120 10929 49
11120 10929 4
11120 10929 32
11120 10929 34
11129 10920 16
11129 10920 4
11129 10920 57
11129 10920 39
11129 10921 7
11129 10921 9
11129 10921 16
11129 10921 37
11129 10922 39
11129 10922 57
11129 10922 30
11129 10922 14
11129 10923 28
11129 10923 9
11129 10923 59
11129 10923 36
11129 10918 58
11129 10918 18
11129 10918 39
11129 10918 8
11129 10925 41
11129 10925 42
11129 10925 29
11129 10925 7
11129 10924 30
11129 10924 41
11129 10924 7
11129 10924 26
11129 11074 31
11129 11074 17
11129 11074 25
11129 11074 33
11129 11070 56
11129 11070 42
11129 11070 21
11129 11070 7
11129 10915 5
11129 10915 54
11129 10915 50
11129 10915 27
11129 10919 28
11129 10919 44
11129 10919 4
11129 10919 4
11129 10927 22
11129 10927 18
11129 10927 25
11129 10927 5
11129 11072 32
11129 11072 19
11129 11072 0
11129 11072 19
11129 11073 51
11129 11073 53
11129 11073 46
11129 11073 32
11129 11075 39
11129 11075 4
11129 11075 8
11129 11075 7
11129 10840 42
11129 10840 52
11129 10840 32
11129 10840 21
11129 10916 20
11129 10916 35
11129 10916 27
11129 10916 59
11129 10917 48
11129 10917 52
11129 10917 23
11129 10917 49
11129 10926 41
11129 10926 22
11129 10926 51
11129 10926 59
11129 11078 27
11129 11078 3
11129 11078 59
11129 11078 3
11129 11071 32
11129 11071 8
11129 11071 23
11129 11071 36
11129 11079 57
11129 11079 54
11129 11079 15
11129 11079 38
11129 10934 44
11129 10934 39
11129 10934 53
11129 10934 8
11129 11081 36
11129 11081 6
11129 11081 40
11129 11081 37
11129 10833 57
11129 10833 58
11129 10833 41
11129 10833 57
11129 10911 57
11129 10911 30
11129 10911 0
11129 10911 57
11129 10928 44
11129 10928 19
11129 10928 11
11129 10928 39
11129 10933 11
11129 10933 54
11129 10933 6
11129 10933 24
11129 11076 46
11129 11076 11
11129 11076 38
11129 11076 43
11129 10841 46
11129 10841 59
11129 10841 39
11129 10841 21
11129 10858 33
11129 10858 32
11129 10858 19
11129 10858 52
11129 10929 55
11129 10929 33
11129 10929 14
11129 10929 40
11099 10920 20
11099 10920 6
11099 10920 28
11099 10920 57
11099 10921 30
11099 10921 6
11099 10921 42
11099 10921 23
11099 10922 12
11099 10922 24
11099 10922 30
11099 10922 8
11099 10923 46
11099 10923 20
11099 10923 14
11099 10923 55
11099 10918 45
11099 10918 42
11099 10918 15
11099 10918 10
11099 10925 59
11099 10925 16
11099 10925 42
11099 10925 23
11099 10924 24
11099 10924 46
11099 10924 1
11099 10924 1
11099 11074 30
11099 11074 43
11099 11074 5
11099 11074 27
11099 11070 24
11099 11070 52
11099 11070 20
11099 11070 34
11099 10915 5
11099 10915 2
11099 10915 46
11099 10915 31
11099 10919 43
11099 10919 13
11099 10919 59
11099 10919 48
11099 10927 26
11099 10927 32
11099 10927 36
11099 10927 46
11099 11072 60
11099 11072 18
11099 11072 33
11099 11072 5
11099 11073 12
11099 11073 42
11099 11073 4
11099 11073 50
11099 11075 14
11099 11075 59
11099 11075 20
11099 11075 40
11099 10840 44
11099 10840 23
11099 10840 30
11099 10840 54
11099 10916 9
11099 10916 29
11099 10916 39
11099 10916 53
11099 10917 48
11099 10917 3
11099 10917 32
11099 10917 48
11099 10926 8
11099 10926 15
11099 10926 6
11099 10926 25
11099 11078 15
11099 11078 42
11099 11078 46
11099 11078 50
11099 11071 45
11099 11071 9
11099 11071 20
11099 11071 49
11099 11079 39
11099 11079 32
11099 11079 37
11099 11079 56
11099 10934 45
11099 10934 44
11099 10934 40
11099 10934 13
11099 11081 13
11099 11081 13
11099 11081 27
11099 11081 42
11099 10833 24
11099 10833 27
11099 10833 25
11099 10833 19
11099 10911 13
11099 10911 55
11099 10911 48
11099 10911 5
11099 10928 10
11099 10928 4
11099 10928 27
11099 10928 43
11099 10933 50
11099 10933 59
11099 10933 16
11099 10933 14
11099 11076 32
11099 11076 39
11099 11076 10
11099 11076 0
11099 10841 9
11099 10841 53
11099 10841 55
11099 10841 7
11099 10858 58
11099 10858 3
11099 10858 13
11099 10858 46
11099 10929 10
11099 10929 9
11099 10929 57
11099 10929 59
11092 10920 10
11092 10920 55
11092 10920 6
11092 10920 5
11092 10921 3
11092 10921 38
11092 10921 10
11092 10921 23
11092 10922 56
11092 10922 3
11092 10922 42
11092 10922 56
11092 10923 31
11092 10923 51
11092 10923 26
11092 10923 54
11092 10918 58
11092 10918 32
11092 10918 12
11092 10918 33
11092 10925 54
11092 10925 2
11092 10925 26
11092 10925 38
11092 10924 29
11092 10924 14
11092 10924 18
11092 10924 55
11092 11074 21
11092 11074 31
11092 11074 33
11092 11074 7
11092 11070 5
11092 11070 33
11092 11070 23
11092 11070 15
11092 10915 52
11092 10915 13
11092 10915 60
11092 10915 18
11092 10919 16
11092 10919 8
11092 10919 30
11092 10919 13
11092 10927 23
11092 10927 35
11092 10927 9
11092 10927 53
11092 11072 44
11092 11072 4
11092 11072 49
11092 11072 5
11092 11073 18
11092 11073 43
11092 11073 29
11092 11073 25
11092 11075 35
11092 11075 9
11092 11075 54
11092 11075 12
11092 10840 24
11092 10840 33
11092 10840 0
11092 10840 35
11092 10916 40
11092 10916 43
11092 10916 13
11092 10916 31
11092 10917 37
11092 10917 4
11092 10917 56
11092 10917 31
11092 10926 43
11092 10926 3
11092 10926 27
11092 10926 54
11092 11078 46
11092 11078 30
11092 11078 59
11092 11078 33
11092 11071 40
11092 11071 12
11092 11071 58
11092 11071 53
11092 11079 57
11092 11079 56
11092 11079 29
11092 11079 46
11092 10934 1
11092 10934 58
11092 10934 8
11092 10934 11
11092 11081 1
11092 11081 45
11092 11081 43
11092 11081 57
11092 10833 3
11092 10833 55
11092 10833 37
11092 10833 19
11092 10911 48
11092 10911 26
11092 10911 54
11092 10911 14
11092 10928 7
11092 10928 49
11092 10928 6
11092 10928 46
11092 10933 30
11092 10933 15
11092 10933 19
11092 10933 3
11092 11076 37
11092 11076 0
11092 11076 58
11092 11076 33
11092 10841 4
11092 10841 56
11092 10841 52
11092 10841 54
11092 10858 43
11092 10858 18
11092 10858 30
11092 10858 3
11092 10929 44
11092 10929 13
11092 10929 44
11092 10929 9
11093 10920 28
11093 10920 39
11093 10920 3
11093 10920 43
11093 10921 22
11093 10921 6
11093 10921 9
11093 10921 18
11093 10922 58
11093 10922 15
11093 10922 28
11093 10922 20
11093 10923 32
11093 10923 55
11093 10923 39
11093 10923 26
11093 10918 51
11093 10918 28
11093 10918 48
11093 10918 52
11093 10925 39
11093 10925 30
11093 10925 7
11093 10925 17
11093 10924 13
11093 10924 54
11093 10924 37
11093 10924 39
11093 11074 54
11093 11074 18
11093 11074 35
11093 11074 27
11093 11070 50
11093 11070 14
11093 11070 4
11093 11070 48
11093 10915 29
11093 10915 60
11093 10915 16
11093 10915 11
11093 10919 59
11093 10919 16
11093 10919 45
11093 10919 28
11093 10927 56
11093 10927 2
11093 10927 29
11093 10927 57
11093 11072 26
11093 11072 18
11093 11072 49
11093 11072 19
11093 11073 42
11093 11073 48
11093 11073 59
11093 11073 39
11093 11075 33
11093 11075 58
11093 11075 12
11093 11075 38
11093 10840 27
11093 10840 9
11093 10840 9
11093 10840 15
11093 10916 41
11093 10916 20
11093 10916 39
11093 10916 59
11093 10917 42
11093 10917 10
11093 10917 33
11093 10917 40
11093 10926 55
11093 10926 46
11093 10926 18
11093 10926 41
11093 11078 29
11093 11078 18
11093 11078 52
11093 11078 8
11093 11071 18
11093 11071 25
11093 11071 26
11093 11071 40
11093 11079 25
11093 11079 42
11093 11079 53
11093 11079 30
11093 10934 34
11093 10934 13
11093 10934 50
11093 10934 52
11093 11081 60
11093 11081 34
11093 11081 9
11093 11081 16
11093 10833 7
11093 10833 51
11093 10833 49
11093 10833 60
11093 10911 43
11093 10911 56
11093 10911 22
11093 10911 60
11093 10928 18
11093 10928 0
11093 10928 10
11093 10928 34
11093 10933 1
11093 10933 7
11093 10933 40
11093 10933 15
11093 11076 39
11093 11076 2
11093 11076 21
11093 11076 58
11093 10841 12
11093 10841 52
11093 10841 47
11093 10841 1
11093 10858 32
11093 10858 45
11093 10858 52
11093 10858 25
11093 10929 50
11093 10929 28
11093 10929 38
11093 10929 45
10959 10920 45
10959 10920 13
10959 10920 51
10959 10920 30
10959 10921 29
10959 10921 18
10959 10921 1
10959 10921 42
10959 10922 44
10959 10922 10
10959 10922 52
10959 10922 18
10959 10923 31
10959 10923 13
10959 10923 2
10959 10923 31
10959 10918 11
10959 10918 22
10959 10918 15
10959 10918 3
10959 10925 26
10959 10925 39
10959 10925 57
10959 10925 39
10959 10924 45
10959 10924 31
10959 10924 55
10959 10924 44
10959 11074 36
10959 11074 31
10959 11074 59
10959 11074 22
10959 11070 52
10959 11070 41
10959 11070 40
10959 11070 5
10959 10915 21
10959 10915 34
10959 10915 6
10959 10915 23
10959 10919 29
10959 10919 36
10959 10919 27
10959 10919 60
10959 10927 56
10959 10927 27
10959 10927 6
10959 10927 9
10959 11072 27
10959 11072 59
10959 11072 3
10959 11072 55
10959 11073 24
10959 11073 35
10959 11073 30
10959 11073 26
10959 11075 1
10959 11075 45
10959 11075 56
10959 11075 21
10959 10840 40
10959 10840 43
10959 10840 52
10959 10840 41
10959 10916 10
10959 10916 31
10959 10916 10
10959 10916 55
10959 10917 35
10959 10917 35
10959 10917 7
10959 10917 10
10959 10926 13
10959 10926 8
10959 10926 31
10959 10926 60
10959 11078 16
10959 11078 58
10959 11078 44
10959 11078 37
10959 11071 39
10959 11071 12
10959 11071 52
10959 11071 55
10959 11079 9
10959 11079 10
10959 11079 44
10959 11079 42
10959 10934 1
10959 10934 40
10959 10934 17
10959 10934 45
10959 11081 22
10959 11081 46
10959 11081 40
10959 11081 60
10959 10833 46
10959 10833 25
10959 10833 6
10959 10833 23
10959 10911 22
10959 10911 15
10959 10911 53
10959 10911 32
10959 10928 50
10959 10928 20
10959 10928 25
10959 10928 3
10959 10933 38
10959 10933 27
10959 10933 48
10959 10933 20
10959 11076 9
10959 11076 44
10959 11076 43
10959 11076 8
10959 10841 35
10959 10841 47
10959 10841 43
10959 10841 17
10959 10858 49
10959 10858 8
10959 10858 19
10959 10858 58
10959 10929 55
10959 10929 13
10959 10929 58
10959 10929 37
11095 10920 37
11095 10920 31
11095 10920 2
11095 10920 23
11095 10921 18
11095 10921 10
11095 10921 28
11095 10921 0
11095 10922 15
11095 10922 60
11095 10922 51
11095 10922 13
11095 10923 11
11095 10923 4
11095 10923 7
11095 10923 34
11095 10918 20
11095 10918 30
11095 10918 7
11095 10918 52
11095 10925 45
11095 10925 28
11095 10925 17
11095 10925 15
11095 10924 41
11095 10924 54
11095 10924 12
11095 10924 49
11095 11074 39
11095 11074 39
11095 11074 26
11095 11074 17
11095 11070 29
11095 11070 21
11095 11070 24
11095 11070 16
11095 10915 30
11095 10915 2
11095 10915 4
11095 10915 0
11095 10919 55
11095 10919 12
11095 10919 52
11095 10919 37
11095 10927 26
11095 10927 53
11095 10927 31
11095 10927 50
11095 11072 27
11095 11072 53
11095 11072 57
11095 11072 43
11095 11073 0
11095 11073 16
11095 11073 15
11095 11073 19
11095 11075 11
11095 11075 23
11095 11075 37
11095 11075 31
11095 10840 58
11095 10840 28
11095 10840 39
11095 10840 59
11095 10916 42
11095 10916 9
11095 10916 7
11095 10916 30
11095 10917 14
11095 10917 3
11095 10917 59
11095 10917 55
11095 10926 28
11095 10926 44
11095 10926 8
11095 10926 12
11095 11078 19
11095 11078 2
11095 11078 48
11095 11078 56
11095 11071 54
11095 11071 42
11095 11071 56
11095 11071 59
11095 11079 25
11095 11079 58
11095 11079 27
11095 11079 23
11095 10934 35
11095 10934 30
11095 10934 1
11095 10934 33
11095 11081 15
11095 11081 0
11095 11081 53
11095 11081 36
11095 10833 54
11095 10833 26
11095 10833 55
11095 10833 11
11095 10911 42
11095 10911 50
11095 10911 40
11095 10911 8
11095 10928 19
11095 10928 18
11095 10928 41
11095 10928 31
11095 10933 43
11095 10933 43
11095 10933 0
11095 10933 55
11095 11076 3
11095 11076 18
11095 11076 22
11095 11076 10
11095 10841 35
11095 10841 43
11095 10841 23
11095 10841 37
11095 10858 13
11095 10858 49
11095 10858 58
11095 10858 48
11095 10929 43
11095 10929 28
11095 10929 47
11095 10929 5
11107 10920 39
11107 10920 30
11107 10920 10
11107 10920 46
11107 10921 24
11107 10921 38
11107 10921 14
11107 10921 0
11107 10922 58
11107 10922 59
11107 10922 60
11107 10922 28
11107 10923 0
11107 10923 15
11107 10923 27
11107 10923 20
11107 10918 1
11107 10918 20
11107 10918 42
11107 10918 60
11107 10925 25
11107 10925 26
11107 10925 60
11107 10925 46
11107 10924 11
11107 10924 23
11107 10924 8
11107 10924 0
11107 11074 56
11107 11074 4
11107 11074 20
11107 11074 49
11107 11070 15
11107 11070 9
11107 11070 0
11107 11070 27
11107 10915 14
11107 10915 42
11107 10915 28
11107 10915 40
11107 10919 34
11107 10919 8
11107 10919 56
11107 10919 21
11107 10927 43
11107 10927 42
11107 10927 7
11107 10927 10
11107 11072 38
11107 11072 13
11107 11072 15
11107 11072 52
11107 11073 33
11107 11073 41
11107 11073 24
11107 11073 36
11107 11075 57
11107 11075 16
11107 11075 50
11107 11075 38
11107 10840 50
11107 10840 22
11107 10840 16
11107 10840 56
11107 10916 15
11107 10916 18
11107 10916 42
11107 10916 4
11107 10917 39
11107 10917 25
11107 10917 14
11107 10917 16
11107 10926 6
11107 10926 47
11107 10926 16
11107 10926 58
11107 11078 20
11107 11078 50
11107 11078 6
11107 11078 31
11107 11071 15
11107 11071 53
11107 11071 41
11107 11071 7
11107 11079 10
11107 11079 47
11107 11079 51
11107 11079 24
11107 10934 59
11107 10934 36
11107 10934 56
11107 10934 29
11107 11081 55
11107 11081 46
11107 11081 55
11107 11081 43
11107 10833 34
11107 10833 10
11107 10833 32
11107 10833 20
11107 10911 46
11107 10911 15
11107 10911 37
11107 10911 16
11107 10928 28
11107 10928 29
11107 10928 19
11107 10928 2
11107 10933 39
11107 10933 13
11107 10933 29
11107 10933 46
11107 11076 16
11107 11076 20
11107 11076 26
11107 11076 15
11107 10841 42
11107 10841 36
11107 10841 3
11107 10841 59
11107 10858 19
11107 10858 42
11107 10858 19
11107 10858 10
11107 10929 15
11107 10929 32
11107 10929 54
11107 10929 2
11108 10920 42
11108 10920 48
11108 10920 19
11108 10920 9
11108 10921 51
11108 10921 48
11108 10921 22
11108 10921 39
11108 10922 25
11108 10922 26
11108 10922 21
11108 10922 4
11108 10923 30
11108 10923 34
11108 10923 41
11108 10923 5
11108 10918 48
11108 10918 11
11108 10918 29
11108 10918 50
11108 10925 50
11108 10925 50
11108 10925 13
11108 10925 5
11108 10924 19
11108 10924 3
11108 10924 29
11108 10924 33
11108 11074 23
11108 11074 58
11108 11074 4
11108 11074 45
11108 11070 0
11108 11070 43
11108 11070 14
11108 11070 32
11108 10915 17
11108 10915 32
11108 10915 23
11108 10915 29
11108 10919 5
11108 10919 31
11108 10919 50
11108 10919 29
11108 10927 13
11108 10927 23
11108 10927 23
11108 10927 26
11108 11072 36
11108 11072 4
11108 11072 14
11108 11072 18
11108 11073 48
11108 11073 41
11108 11073 18
11108 11073 7
11108 11075 4
11108 11075 16
11108 11075 10
11108 11075 16
11108 10840 11
11108 10840 8
11108 10840 47
11108 10840 18
11108 10916 22
11108 10916 24
11108 10916 13
11108 10916 53
11108 10917 43
11108 10917 25
11108 10917 36
11108 10917 31
11108 10926 52
11108 10926 26
11108 10926 54
11108 10926 37
11108 11078 39
11108 11078 19
11108 11078 18
11108 11078 49
11108 11071 40
11108 11071 41
11108 11071 31
11108 11071 24
11108 11079 13
11108 11079 44
11108 11079 48
11108 11079 52
11108 10934 22
11108 10934 50
11108 10934 2
11108 10934 32
11108 11081 45
11108 11081 31
11108 11081 11
11108 11081 46
11108 10833 41
11108 10833 47
11108 10833 3
11108 10833 44
11108 10911 46
11108 10911 19
11108 10911 49
11108 10911 59
11108 10928 8
11108 10928 3
11108 10928 31
11108 10928 58
11108 10933 3
11108 10933 20
11108 10933 58
11108 10933 30
11108 11076 40
11108 11076 24
11108 11076 24
11108 11076 46
11108 10841 55
11108 10841 25
11108 10841 3
11108 10841 58
11108 10858 45
11108 10858 39
11108 10858 44
11108 10858 38
11108 10929 27
11108 10929 21
11108 10929 19
11108 10929 46
11113 10920 44
11113 10920 42
11113 10920 59
11113 10920 43
11113 10921 1
11113 10921 32
11113 10921 44
11113 10921 36
11113 10922 44
11113 10922 28
11113 10922 36
11113 10922 6
11113 10923 25
11113 10923 3
11113 10923 59
11113 10923 52
11113 10918 45
11113 10918 12
11113 10918 40
11113 10918 55
11113 10925 58
11113 10925 41
11113 10925 56
11113 10925 48
11113 10924 58
11113 10924 11
11113 10924 58
11113 10924 5
11113 11074 21
11113 11074 25
11113 11074 17
11113 11074 37
11113 11070 25
11113 11070 31
11113 11070 18
11113 11070 12
11113 10915 4
11113 10915 31
11113 10915 47
11113 10915 12
11113 10919 60
11113 10919 32
11113 10919 20
11113 10919 4
11113 10927 49
11113 10927 49
11113 10927 4
11113 10927 2
11113 11072 36
11113 11072 43
11113 11072 25
11113 11072 3
11113 11073 40
11113 11073 29
11113 11073 50
11113 11073 34
11113 11075 55
11113 11075 25
11113 11075 44
11113 11075 23
11113 10840 7
11113 10840 10
11113 10840 12
11113 10840 27
11113 10916 3
11113 10916 35
11113 10916 40
11113 10916 36
11113 10917 37
11113 10917 60
11113 10917 32
11113 10917 5
11113 10926 40
11113 10926 35
11113 10926 13
11113 10926 27
11113 11078 41
11113 11078 50
11113 11078 27
11113 11078 49
11113 11071 9
11113 11071 16
11113 11071 3
11113 11071 11
11113 11079 52
11113 11079 36
11113 11079 21
11113 11079 37
11113 10934 52
11113 10934 34
11113 10934 16
11113 10934 57
11113 11081 28
11113 11081 18
11113 11081 41
11113 11081 6
11113 10833 55
11113 10833 18
11113 10833 20
11113 10833 34
11113 10911 1
11113 10911 26
11113 10911 1
11113 10911 22
11113 10928 1
11113 10928 27
11113 10928 31
11113 10928 43
11113 10933 23
11113 10933 28
11113 10933 29
11113 10933 49
11113 11076 18
11113 11076 14
11113 11076 31
11113 11076 37
11113 10841 26
11113 10841 50
11113 10841 37
11113 10841 39
11113 10858 40
11113 10858 27
11113 10858 42
11113 10858 38
11113 10929 24
11113 10929 21
11113 10929 17
11113 10929 13
11123 10920 35
11123 10920 1
11123 10920 15
11123 10920 50
11123 10921 13
11123 10921 3
11123 10921 21
11123 10921 7
11123 10922 26
11123 10922 55
11123 10922 60
11123 10922 17
11123 10923 46
11123 10923 49
11123 10923 0
11123 10923 8
11123 10918 3
11123 10918 60
11123 10918 53
11123 10918 8
11123 10925 10
11123 10925 32
11123 10925 47
11123 10925 1
11123 10924 41
11123 10924 37
11123 10924 1
11123 10924 38
11123 11074 60
11123 11074 31
11123 11074 41
11123 11074 37
11123 11070 11
11123 11070 52
11123 11070 33
11123 11070 17
11123 10915 37
11123 10915 40
11123 10915 57
11123 10915 47
11123 10919 36
11123 10919 41
11123 10919 33
11123 10919 49
11123 10927 6
11123 10927 23
11123 10927 6
11123 10927 26
11123 11072 59
11123 11072 46
11123 11072 49
11123 11072 34
11123 11073 3
11123 11073 48
11123 11073 58
11123 11073 41
11123 11075 49
11123 11075 10
11123 11075 35
11123 11075 54
11123 10840 58
11123 10840 51
11123 10840 55
11123 10840 25
11123 10916 32
11123 10916 21
11123 10916 50
11123 10916 46
11123 10917 60
11123 10917 34
11123 10917 56
11123 10917 34
11123 10926 60
11123 10926 13
11123 10926 29
11123 10926 18
11123 11078 50
11123 11078 34
11123 11078 54
11123 11078 6
11123 11071 8
11123 11071 34
11123 11071 13
11123 11071 0
11123 11079 15
11123 11079 5
11123 11079 38
11123 11079 29
11123 10934 11
11123 10934 20
11123 10934 31
11123 10934 36
11123 11081 40
11123 11081 42
11123 11081 32
11123 11081 1
11123 10833 45
11123 10833 2
11123 10833 50
11123 10833 35
11123 10911 15
11123 10911 23
11123 10911 22
11123 10911 56
11123 10928 21
11123 10928 10
11123 10928 16
11123 10928 2
11123 10933 53
11123 10933 25
11123 10933 3
11123 10933 27
11123 11076 36
11123 11076 16
11123 11076 12
11123 11076 43
11123 10841 13
11123 10841 34
11123 10841 40
11123 10841 41
11123 10858 19
11123 10858 50
11123 10858 13
11123 10858 52
11123 10929 58
11123 10929 15
11123 10929 12
11123 10929 32
11130 10920 37
11130 10920 42
11130 10920 24
11130 10920 5
11130 10921 37
11130 10921 29
11130 10921 17
11130 10921 59
11130 10922 49
11130 10922 56
11130 10922 19
11130 10922 5
11130 10923 5
11130 10923 0
11130 10923 21
11130 10923 51
11130 10918 11
11130 10918 20
11130 10918 45
11130 10918 39
11130 10925 38
11130 10925 41
11130 10925 20
11130 10925 52
11130 10924 17
11130 10924 47
11130 10924 1
11130 10924 56
11130 11074 47
11130 11074 47
11130 11074 57
11130 11074 59
11130 11070 19
11130 11070 49
11130 11070 22
11130 11070 3
11130 10915 59
11130 10915 28
11130 10915 40
11130 10915 10
11130 10919 13
11130 10919 30
11130 10919 40
11130 10919 57
11130 10927 46
11130 10927 52
11130 10927 31
11130 10927 40
11130 11072 59
11130 11072 48
11130 11072 15
11130 11072 52
11130 11073 14
11130 11073 20
11130 11073 1
11130 11073 3
11130 11075 58
11130 11075 35
11130 11075 28
11130 11075 16
11130 10840 36
11130 10840 21
11130 10840 10
11130 10840 42
11130 10916 54
11130 10916 41
11130 10916 34
11130 10916 41
11130 10917 47
11130 10917 33
11130 10917 14
11130 10917 50
11130 10926 58
11130 10926 49
11130 10926 8
11130 10926 46
11130 11078 16
11130 11078 56
11130 11078 19
11130 11078 4
11130 11071 21
11130 11071 22
11130 11071 1
11130 11071 27
11130 11079 23
11130 11079 30
11130 11079 13
11130 11079 29
11130 10934 55
11130 10934 19
11130 10934 55
11130 10934 37
11130 11081 55
11130 11081 7
11130 11081 23
11130 11081 59
11130 10833 7
11130 10833 46
11130 10833 44
11130 10833 8
11130 10911 55
11130 10911 44
11130 10911 42
11130 10911 18
11130 10928 32
11130 10928 35
11130 10928 37
11130 10928 33
11130 10933 2
11130 10933 16
11130 10933 0
11130 10933 47
11130 11076 43
11130 11076 42
11130 11076 6
11130 11076 19
11130 10841 34
11130 10841 40
11130 10841 2
11130 10841 3
11130 10858 18
11130 10858 19
11130 10858 41
11130 10858 15
11130 10929 10
11130 10929 53
11130 10929 33
11130 10929 51
11131 10920 52
11131 10920 18
11131 10920 4
11131 10920 39
11131 10921 23
11131 10921 40
11131 10921 19
11131 10921 32
11131 10922 29
11131 10922 53
11131 10922 10
11131 10922 12
11131 10923 41
11131 10923 28
11131 10923 54
11131 10923 48
11131 10918 17
11131 10918 54
11131 10918 17
11131 10918 18
11131 10925 54
11131 10925 20
11131 10925 25
11131 10925 17
11131 10924 53
11131 10924 22
11131 10924 21
11131 10924 40
11131 11074 56
11131 11074 46
11131 11074 10
11131 11074 48
11131 11070 38
11131 11070 45
11131 11070 43
11131 11070 16
11131 10915 9
11131 10915 2
11131 10915 6
11131 10915 2
11131 10919 52
11131 10919 28
11131 10919 53
11131 10919 32
11131 10927 52
11131 10927 32
11131 10927 52
11131 10927 57
11131 11072 28
11131 11072 4
11131 11072 53
11131 11072 17
11131 11073 49
11131 11073 9
11131 11073 54
11131 11073 32
11131 11075 19
11131 11075 7
11131 11075 28
11131 11075 56
11131 10840 22
11131 10840 5
11131 10840 33
11131 10840 1
11131 10916 45
11131 10916 5
11131 10916 37
11131 10916 41
11131 10917 49
11131 10917 30
11131 10917 25
11131 10917 34
11131 10926 54
11131 10926 6
11131 10926 15
11131 10926 29
11131 11078 21
11131 11078 31
11131 11078 40
11131 11078 43
11131 11071 15
11131 11071 22
11131 11071 26
11131 11071 60
11131 11079 25
11131 11079 13
11131 11079 31
11131 11079 18
11131 10934 54
11131 10934 44
11131 10934 47
11131 10934 36
11131 11081 60
11131 11081 46
11131 11081 12
11131 11081 43
11131 10833 11
11131 10833 57
11131 10833 13
11131 10833 56
11131 10911 58
11131 10911 52
11131 10911 56
11131 10911 56
11131 10928 42
11131 10928 49
11131 10928 56
11131 10928 7
11131 10933 55
11131 10933 49
11131 10933 30
11131 10933 0
11131 11076 1
11131 11076 15
11131 11076 57
11131 11076 20
11131 10841 1
11131 10841 30
11131 10841 3
11131 10841 11
11131 10858 18
11131 10858 57
11131 10858 57
11131 10858 22
11131 10929 40
11131 10929 26
11131 10929 49
11131 10929 4
11118 10920 44
11118 10920 38
11118 10920 60
11118 10920 11
11118 10921 16
11118 10921 58
11118 10921 33
11118 10921 12
11118 10922 56
11118 10922 48
11118 10922 44
11118 10922 53
11118 10923 5
11118 10923 47
11118 10923 39
11118 10923 8
11118 10918 40
11118 10918 1
11118 10918 11
11118 10918 7
11118 10925 24
11118 10925 3
11118 10925 45
11118 10925 17
11118 10924 58
11118 10924 30
11118 10924 30
11118 10924 13
11118 11074 2
11118 11074 22
11118 11074 54
11118 11074 55
11118 11070 46
11118 11070 60
11118 11070 25
11118 11070 20
11118 10915 34
11118 10915 56
11118 10915 13
11118 10915 1
11118 10919 27
11118 10919 20
11118 10919 18
11118 10919 36
11118 10927 36
11118 10927 3
11118 10927 51
11118 10927 31
11118 11072 27
11118 11072 13
11118 11072 56
11118 11072 38
11118 11073 41
11118 11073 29
11118 11073 38
11118 11073 17
11118 11075 15
11118 11075 28
11118 11075 54
11118 11075 42
11118 10840 51
11118 10840 24
11118 10840 10
11118 10840 11
11118 10916 23
11118 10916 50
11118 10916 21
11118 10916 29
11118 10917 16
11118 10917 56
11118 10917 26
11118 10917 35
11118 10926 30
11118 10926 44
11118 10926 21
11118 10926 0
11118 11078 40
11118 11078 3
11118 11078 18
11118 11078 30
11118 11071 49
11118 11071 31
11118 11071 44
11118 11071 55
11118 11079 45
11118 11079 7
11118 11079 26
11118 11079 31
11118 10934 23
11118 10934 37
11118 10934 38
11118 10934 45
11118 11081 3
11118 11081 44
11118 11081 46
11118 11081 58
11118 10833 28
11118 10833 47
11118 10833 40
11118 10833 20
11118 10911 18
11118 10911 18
11118 10911 26
11118 10911 8
11118 10928 1
11118 10928 32
11118 10928 58
11118 10928 25
11118 10933 8
11118 10933 20
11118 10933 7
11118 10933 49
11118 11076 30
11118 11076 27
11118 11076 52
11118 11076 21
11118 10841 34
11118 10841 4
11118 10841 29
11118 10841 52
11118 10858 14
11118 10858 60
11118 10858 20
11118 10858 41
11118 10929 41
11118 10929 8
11118 10929 22
11118 10929 13
11147 10920 52
11147 10920 28
11147 10920 22
11147 10920 48
11147 10921 11
11147 10921 58
11147 10921 5
11147 10921 17
11147 10922 56
11147 10922 38
11147 10922 44
11147 10922 21
11147 10923 21
11147 10923 38
11147 10923 28
11147 10923 47
11147 10918 42
11147 10918 8
11147 10918 37
11147 10918 52
11147 10925 3
11147 10925 30
11147 10925 15
11147 10925 36
11147 10924 11
11147 10924 1
11147 10924 47
11147 10924 46
11147 11074 37
11147 11074 60
11147 11074 29
11147 11074 53
11147 11070 17
11147 11070 14
11147 11070 50
11147 11070 25
11147 10915 18
11147 10915 6
11147 10915 30
11147 10915 58
11147 10919 9
11147 10919 54
11147 10919 15
11147 10919 19
11147 10927 35
11147 10927 56
11147 10927 25
11147 10927 60
11147 11072 24
11147 11072 58
11147 11072 32
11147 11072 20
11147 11073 37
11147 11073 59
11147 11073 0
11147 11073 28
11147 11075 43
11147 11075 38
11147 11075 21
11147 11075 23
11147 10840 51
11147 10840 32
11147 10840 53
11147 10840 28
11147 10916 35
11147 10916 19
11147 10916 15
11147 10916 30
11147 10917 20
11147 10917 18
11147 10917 28
11147 10917 34
11147 10926 33
11147 10926 15
11147 10926 36
11147 10926 30
11147 11078 21
11147 11078 11
11147 11078 7
11147 11078 41
11147 11071 39
11147 11071 55
11147 11071 22
11147 11071 26
11147 11079 1
11147 11079 36
11147 11079 7
11147 11079 39
11147 10934 54
11147 10934 1
11147 10934 0
11147 10934 35
11147 11081 19
11147 11081 42
11147 11081 8
11147 11081 34
11147 10833 8
11147 10833 58
11147 10833 59
11147 10833 54
11147 10911 13
11147 10911 43
11147 10911 37
11147 10911 27
11147 10928 54
11147 10928 31
11147 10928 49
11147 10928 30
11147 10933 12
11147 10933 50
11147 10933 18
11147 10933 24
11147 11076 16
11147 11076 39
11147 11076 16
11147 11076 52
11147 10841 13
11147 10841 53
11147 10841 27
11147 10841 12
11147 10858 60
11147 10858 39
11147 10858 25
11147 10858 60
11147 10929 46
11147 10929 37
11147 10929 48
11147 10929 36
11146 10920 42
11146 10920 33
11146 10920 18
11146 10920 48
11146 10921 48
11146 10921 50
11146 10921 30
11146 10921 13
11146 10922 34
11146 10922 32
11146 10922 13
11146 10922 38
11146 10923 5
11146 10923 49
11146 10923 35
11146 10923 1
11146 10918 0
11146 10918 24
11146 10918 51
11146 10918 29
11146 10925 33
11146 10925 9
11146 10925 41
11146 10925 11
11146 10924 21
11146 10924 36
11146 10924 40
11146 10924 30
11146 11074 46
11146 11074 53
11146 11074 8
11146 11074 46
11146 11070 51
11146 11070 9
11146 11070 25
11146 11070 56
11146 10915 31
11146 10915 20
11146 10915 47
11146 10915 56
11146 10919 8
11146 10919 14
11146 10919 53
11146 10919 29
11146 10927 13
11146 10927 9
11146 10927 38
11146 10927 20
11146 11072 41
11146 11072 1
11146 11072 12
11146 11072 39
11146 11073 16
11146 11073 27
11146 11073 22
11146 11073 45
11146 11075 36
11146 11075 26
11146 11075 8
11146 11075 27
11146 10840 50
11146 10840 11
11146 10840 6
11146 10840 51
11146 10916 0
11146 10916 60
11146 10916 20
11146 10916 28
11146 10917 55
11146 10917 5
11146 10917 8
11146 10917 33
11146 10926 10
11146 10926 21
11146 10926 52
11146 10926 7
11146 11078 8
11146 11078 8
11146 11078 17
11146 11078 41
11146 11071 41
11146 11071 34
11146 11071 12
11146 11071 20
11146 11079 52
11146 11079 40
11146 11079 35
11146 11079 21
11146 10934 41
11146 10934 23
11146 10934 58
11146 10934 5
11146 11081 4
11146 11081 47
11146 11081 44
11146 11081 46
11146 10833 27
11146 10833 38
11146 10833 51
11146 10833 36
11146 10911 36
11146 10911 4
11146 10911 16
11146 10911 20
11146 10928 12
11146 10928 45
11146 10928 44
11146 10928 23
11146 10933 23
11146 10933 28
11146 10933 6
11146 10933 35
11146 11076 45
11146 11076 22
11146 11076 43
11146 11076 54
11146 10841 47
11146 10841 7
11146 10841 36
11146 10841 52
11146 10858 36
11146 10858 22
11146 10858 21
11146 10858 5
11146 10929 45
11146 10929 10
11146 10929 30
11146 10929 56
11091 10920 36
11091 10920 16
11091 10920 50
11091 10920 43
11091 10921 13
11091 10921 32
11091 10921 10
11091 10921 52
11091 10922 47
11091 10922 37
11091 10922 57
11091 10922 53
11091 10923 10
11091 10923 2
11091 10923 5
11091 10923 54
11091 10918 36
11091 10918 41
11091 10918 46
11091 10918 53
11091 10925 60
11091 10925 7
11091 10925 30
11091 10925 11
11091 10924 0
11091 10924 29
11091 10924 48
11091 10924 52
11091 11074 51
11091 11074 39
11091 11074 9
11091 11074 43
11091 11070 44
11091 11070 11
11091 11070 27
11091 11070 51
11091 10915 4
11091 10915 36
11091 10915 53
11091 10915 0
11091 10919 60
11091 10919 54
11091 10919 16
11091 10919 41
11091 10927 18
11091 10927 3
11091 10927 15
11091 10927 54
11091 11072 22
11091 11072 50
11091 11072 48
11091 11072 44
11091 11073 31
11091 11073 34
11091 11073 37
11091 11073 50
11091 11075 2
11091 11075 49
11091 11075 34
11091 11075 53
11091 10840 49
11091 10840 35
11091 10840 49
11091 10840 34
11091 10916 58
11091 10916 2
11091 10916 2
11091 10916 54
11091 10917 35
11091 10917 2
11091 10917 13
11091 10917 35
11091 10926 52
11091 10926 29
11091 10926 50
11091 10926 44
11091 11078 54
11091 11078 15
11091 11078 41
11091 11078 35
11091 11071 30
11091 11071 11
11091 11071 33
11091 11071 41
11091 11079 25
11091 11079 8
11091 11079 32
11091 11079 46
11091 10934 56
11091 10934 50
11091 10934 53
11091 10934 46
11091 11081 25
11091 11081 57
11091 11081 50
11091 11081 18
11091 10833 35
11091 10833 24
11091 10833 9
11091 10833 7
11091 10911 22
11091 10911 17
11091 10911 46
11091 10911 5
11091 10928 44
11091 10928 11
11091 10928 4
11091 10928 25
11091 10933 58
11091 10933 10
11091 10933 2
11091 10933 52
11091 11076 24
11091 11076 1
11091 11076 15
11091 11076 24
11091 10841 32
11091 10841 33
11091 10841 29
11091 10841 52
11091 10858 48
11091 10858 24
11091 10858 35
11091 10858 7
11091 10929 33
11091 10929 23
11091 10929 24
11091 10929 14
11094 10920 8
11094 10920 9
11094 10920 11
11094 10920 12
11094 10921 1
11094 10921 29
11094 10921 30
11094 10921 5
11094 10922 7
11094 10922 1
11094 10922 21
11094 10922 46
11094 10923 0
11094 10923 50
11094 10923 11
11094 10923 28
11094 10918 59
11094 10918 43
11094 10918 39
11094 10918 46
11094 10925 21
11094 10925 14
11094 10925 31
11094 10925 8
11094 10924 32
11094 10924 7
11094 10924 50
11094 10924 60
11094 11074 53
11094 11074 52
11094 11074 7
11094 11074 37
11094 11070 51
11094 11070 32
11094 11070 2
11094 11070 33
11094 10915 13
11094 10915 57
11094 10915 46
11094 10915 10
11094 10919 9
11094 10919 4
11094 10919 2
11094 10919 42
11094 10927 15
11094 10927 59
11094 10927 20
11094 10927 17
11094 11072 7
11094 11072 59
11094 11072 8
11094 11072 54
11094 11073 8
11094 11073 25
11094 11073 44
11094 11073 7
11094 11075 4
11094 11075 42
11094 11075 1
11094 11075 26
11094 10840 47
11094 10840 17
11094 10840 33
11094 10840 23
11094 10916 49
11094 10916 16
11094 10916 29
11094 10916 44
11094 10917 13
11094 10917 29
11094 10917 2
11094 10917 5
11094 10926 33
11094 10926 22
11094 10926 6
11094 10926 58
11094 11078 32
11094 11078 16
11094 11078 20
11094 11078 11
11094 11071 28
11094 11071 23
11094 11071 11
11094 11071 2
11094 11079 27
11094 11079 55
11094 11079 21
11094 11079 36
11094 10934 19
11094 10934 9
11094 10934 6
11094 10934 10
11094 11081 46
11094 11081 13
11094 11081 58
11094 11081 23
11094 10833 32
11094 10833 12
11094 10833 44
11094 10833 45
11094 10911 6
11094 10911 51
11094 10911 52
11094 10911 7
11094 10928 45
11094 10928 0
11094 10928 18
11094 10928 48
11094 10933 54
11094 10933 52
11094 10933 0
11094 10933 60
11094 11076 11
11094 11076 55
11094 11076 21
11094 11076 23
11094 10841 43
11094 10841 51
11094 10841 47
11094 10841 26
11094 10858 17
11094 10858 46
11094 10858 22
11094 10858 44
11094 10929 32
11094 10929 59
11094 10929 30
11094 10929 23
11080 10920 16
11080 10920 60
11080 10920 10
11080 10920 3
11080 10921 5
11080 10921 50
11080 10921 19
11080 10921 25
11080 10922 57
11080 10922 29
11080 10922 12
11080 10922 27
11080 10923 38
11080 10923 7
11080 10923 18
11080 10923 37
11080 10918 10
11080 10918 52
11080 10918 15
11080 10918 6
11080 10925 36
11080 10925 13
11080 10925 14
11080 10925 26
11080 10924 24
11080 10924 28
11080 10924 37
11080 10924 55
11080 11074 17
11080 11074 15
11080 11074 59
11080 11074 45
11080 11070 30
11080 11070 54
11080 11070 2
11080 11070 16
11080 10915 47
11080 10915 2
11080 10915 17
11080 10915 48
11080 10919 55
11080 10919 4
11080 10919 60
11080 10919 54
11080 10927 2
11080 10927 59
11080 10927 46
11080 10927 39
11080 11072 45
11080 11072 1
11080 11072 42
11080 11072 31
11080 11073 29
11080 11073 21
11080 11073 45
11080 11073 7
11080 11075 10
11080 11075 23
11080 11075 17
11080 11075 27
11080 10840 32
11080 10840 33
11080 10840 56
11080 10840 8
11080 10916 37
11080 10916 14
11080 10916 27
11080 10916 7
11080 10917 19
11080 10917 40
11080 10917 35
11080 10917 45
11080 10926 35
11080 10926 18
11080 10926 45
11080 10926 42
11080 11078 14
11080 11078 54
11080 11078 59
11080 11078 35
11080 11071 43
11080 11071 48
11080 11071 7
11080 11071 2
11080 11079 49
11080 11079 39
11080 11079 50
11080 11079 19
11080 10934 41
11080 10934 7
11080 10934 31
11080 10934 41
11080 11081 22
11080 11081 52
11080 11081 28
11080 11081 36
11080 10833 2
11080 10833 46
11080 10833 60
11080 10833 49
11080 10911 13
11080 10911 44
11080 10911 7
11080 10911 1
11080 10928 50
11080 10928 36
11080 10928 47
11080 10928 40
11080 10933 1
11080 10933 56
11080 10933 31
11080 10933 34
11080 11076 34
11080 11076 9
11080 11076 26
11080 11076 34
11080 10841 9
11080 10841 34
11080 10841 9
11080 10841 25
11080 10858 12
11080 10858 8
11080 10858 5
11080 10858 4
11080 10929 44
11080 10929 33
11080 10929 39
11080 10929 6
10960 10920 18
10960 10920 27
10960 10920 55
10960 10920 15
10960 10921 52
10960 10921 42
10960 10921 48
10960 10921 36
10960 10922 17
10960 10922 35
10960 10922 11
10960 10922 22
10960 10923 32
10960 10923 6
10960 10923 33
10960 10923 1
10960 10918 45
10960 10918 59
10960 10918 18
10960 10918 12
10960 10925 49
10960 10925 12
10960 10925 32
10960 10925 41
10960 10924 37
10960 10924 9
10960 10924 41
10960 10924 6
10960 11074 26
10960 11074 9
10960 11074 43
10960 11074 54
10960 11070 10
10960 11070 23
10960 11070 6
10960 11070 23
10960 10915 59
10960 10915 42
10960 10915 23
10960 10915 27
10960 10919 28
10960 10919 2
10960 10919 60
10960 10919 14
10960 10927 11
10960 10927 15
10960 10927 54
10960 10927 49
10960 11072 31
10960 11072 33
10960 11072 12
10960 11072 19
10960 11073 26
10960 11073 33
10960 11073 26
10960 11073 2
10960 11075 22
10960 11075 36
10960 11075 4
10960 11075 24
10960 10840 0
10960 10840 53
10960 10840 53
10960 10840 38
10960 10916 36
10960 10916 16
10960 10916 16
10960 10916 18
10960 10917 37
10960 10917 20
10960 10917 17
10960 10917 5
10960 10926 41
10960 10926 47
10960 10926 36
10960 10926 14
10960 11078 50
10960 11078 33
10960 11078 24
10960 11078 28
10960 11071 0
10960 11071 30
10960 11071 6
10960 11071 45
10960 11079 54
10960 11079 28
10960 11079 41
10960 11079 38
10960 10934 22
10960 10934 24
10960 10934 56
10960 10934 5
10960 11081 12
10960 11081 0
10960 11081 5
10960 11081 38
10960 10833 12
10960 10833 47
10960 10833 58
10960 10833 18
10960 10911 13
10960 10911 11
10960 10911 35
10960 10911 36
10960 10928 5
10960 10928 23
10960 10928 38
10960 10928 20
10960 10933 5
10960 10933 7
10960 10933 50
10960 10933 6
10960 11076 49
10960 11076 41
10960 11076 34
10960 11076 3
10960 10841 52
10960 10841 59
10960 10841 2
10960 10841 50
10960 10858 33
10960 10858 43
10960 10858 13
10960 10858 13
10960 10929 38
10960 10929 25
10960 10929 32
10960 10929 13
11104 10920 50
11104 10920 21
11104 10920 43
11104 10920 50
11104 10921 34
11104 10921 7
11104 10921 3
11104 10921 30
11104 10922 44
11104 10922 11
11104 10922 36
11104 10922 9
11104 10923 14
11104 10923 33
11104 10923 5
11104 10923 13
11104 10918 29
11104 10918 59
11104 10918 17
11104 10918 8
11104 10925 60
11104 10925 59
11104 10925 36
11104 10925 0
11104 10924 20
11104 10924 38
11104 10924 22
11104 10924 30
11104 11074 18
11104 11074 41
11104 11074 21
11104 11074 25
11104 11070 47
11104 11070 48
11104 11070 40
11104 11070 28
11104 10915 57
11104 10915 53
11104 10915 51
11104 10915 15
11104 10919 39
11104 10919 15
11104 10919 56
11104 10919 38
11104 10927 27
11104 10927 26
11104 10927 17
11104 10927 5
11104 11072 46
11104 11072 36
11104 11072 56
11104 11072 16
11104 11073 35
11104 11073 34
11104 11073 12
11104 11073 27
11104 11075 9
11104 11075 19
11104 11075 24
11104 11075 17
11104 10840 58
11104 10840 51
11104 10840 5
11104 10840 44
11104 10916 6
11104 10916 36
11104 10916 33
11104 10916 21
11104 10917 4
11104 10917 21
11104 10917 13
11104 10917 24
11104 10926 18
11104 10926 3
11104 10926 14
11104 10926 59
11104 11078 15
11104 11078 20
11104 11078 23
11104 11078 17
11104 11071 25
11104 11071 57
11104 11071 50
11104 11071 52
11104 11079 16
11104 11079 48
11104 11079 18
11104 11079 40
11104 10934 49
11104 10934 5
11104 10934 22
11104 10934 16
11104 11081 4
11104 11081 22
11104 11081 18
11104 11081 29
11104 10833 6
11104 10833 29
11104 10833 40
11104 10833 37
11104 10911 23
11104 10911 47
11104 10911 25
11104 10911 43
11104 10928 20
11104 10928 25
11104 10928 48
11104 10928 50
11104 10933 57
11104 10933 25
11104 10933 13
11104 10933 16
11104 11076 56
11104 11076 43
11104 11076 50
11104 11076 21
11104 10841 57
11104 10841 0
11104 10841 23
11104 10841 3
11104 10858 59
11104 10858 52
11104 10858 55
11104 10858 0
11104 10929 26
11104 10929 21
11104 10929 37
11104 10929 44
11359 10920 40
11359 10920 37
11359 10920 49
11359 10920 21
11359 10921 55
11359 10921 5
11359 10921 46
11359 10921 43
11359 10922 14
11359 10922 37
11359 10922 44
11359 10922 26
11359 10923 50
11359 10923 19
11359 10923 47
11359 10923 8
11359 10918 8
11359 10918 41
11359 10918 41
11359 10918 47
11359 10925 17
11359 10925 19
11359 10925 34
11359 10925 43
11359 10924 26
11359 10924 49
11359 10924 53
11359 10924 47
11359 11074 56
11359 11074 6
11359 11074 11
11359 11074 35
11359 11070 43
11359 11070 10
11359 11070 39
11359 11070 56
11359 10915 54
11359 10915 20
11359 10915 5
11359 10915 32
11359 10919 19
11359 10919 56
11359 10919 54
11359 10919 58
11359 10927 16
11359 10927 60
11359 10927 29
11359 10927 37
11359 11072 50
11359 11072 7
11359 11072 53
11359 11072 24
11359 11073 15
11359 11073 26
11359 11073 56
11359 11073 58
11359 11075 4
11359 11075 3
11359 11075 52
11359 11075 57
11359 10840 44
11359 10840 60
11359 10840 10
11359 10840 49
11359 10916 1
11359 10916 31
11359 10916 25
11359 10916 20
11359 10917 43
11359 10917 36
11359 10917 42
11359 10917 1
11359 10926 21
11359 10926 41
11359 10926 50
11359 10926 13
11359 11078 31
11359 11078 46
11359 11078 27
11359 11078 23
11359 11071 57
11359 11071 23
11359 11071 11
11359 11071 59
11359 11079 23
11359 11079 13
11359 11079 21
11359 11079 23
11359 10934 9
11359 10934 49
11359 10934 51
11359 10934 26
11359 11081 38
11359 11081 17
11359 11081 56
11359 11081 51
11359 10833 26
11359 10833 31
11359 10833 15
11359 10833 37
11359 10911 55
11359 10911 35
11359 10911 15
11359 10911 12
11359 10928 60
11359 10928 50
11359 10928 45
11359 10928 38
11359 10933 13
11359 10933 3
11359 10933 29
11359 10933 23
11359 11076 13
11359 11076 32
11359 11076 51
11359 11076 39
11359 10841 49
11359 10841 22
11359 10841 32
11359 10841 58
11359 10858 8
11359 10858 58
11359 10858 11
11359 10858 41
11359 10929 57
11359 10929 37
11359 10929 23
11359 10929 4
