7510 5879 30
7510 5879 54
7510 5879 20
7510 5879 49
7510 5878 51
7510 5878 42
7510 5878 11
7510 5878 57
7510 7450 55
7510 7450 13
7510 7450 58
7510 7450 41
7510 7457 27
7510 7457 38
7510 7457 24
7510 7457 6
7510 5880 43
7510 5880 11
7510 5880 2
7510 5880 46
7510 7449 42
7510 7449 33
7510 7449 46
7510 7449 48
7510 7456 54
7510 7456 32
7510 7456 55
7510 7456 14
7510 7458 44
7510 7458 36
7510 7458 25
7510 7458 42
7510 7465 29
7510 7465 60
7510 7465 58
7510 7465 40
7510 5881 44
7510 5881 43
7510 5881 42
7510 5881 17
7510 7451 45
7510 7451 28
7510 7451 48
7510 7451 55
7510 7460 17
7510 7460 40
7510 7460 20
7510 7460 8
7510 7459 47
7510 7459 1
7510 7459 28
7510 7459 11
7510 7464 48
7510 7464 32
7510 7464 23
7510 7464 23
7510 7478 17
7510 7478 44
7510 7478 29
7510 7478 48
7510 7468 11
7510 7468 35
7510 7468 1
7510 7468 11
7510 5882 33
7510 5882 42
7510 5882 4
7510 5882 46
7510 7461 10
7510 7461 21
7510 7461 14
7510 7461 24
7510 7462 55
7510 7462 24
7510 7462 49
7510 7462 55
7510 7474 18
7510 7474 29
7510 7474 43
7510 7474 28
7510 7466 39
7510 7466 53
7510 7466 18
7510 7466 0
7510 7476 49
7510 7476 3
7510 7476 24
7510 7476 43
7510 7467 13
7510 7467 9
7510 7467 9
7510 7467 38
7510 7515 26
7510 7515 58
7510 7515 33
7510 7515 21
7510 7470 52
7510 7470 32
7510 7470 13
7510 7470 13
7510 5883 33
7510 5883 51
7510 5883 16
7510 5883 55
7510 7455 57
7510 7455 55
7510 7455 50
7510 7455 4
7510 7463 10
7510 7463 23
7510 7463 30
7510 7463 55
7510 7473 0
7510 7473 46
7510 7473 54
7510 7473 4
7510 7499 60
7510 7499 52
7510 7499 40
7510 7499 41
7510 7471 27
7510 7471 9
7510 7471 11
7510 7471 9
7510 7477 59
7510 7477 37
7510 7477 54
7510 7477 40
7509 5879 17
7509 5879 37
7509 5879 42
7509 5879 7
7509 5878 33
7509 5878 60
7509 5878 1
7509 5878 33
7509 7450 44
7509 7450 28
7509 7450 37
7509 7450 22
7509 7457 24
7509 7457 10
7509 7457 22
7509 7457 16
7509 5880 22
7509 5880 14
7509 5880 45
7509 5880 25
7509 7449 38
7509 7449 47
7509 7449 60
7509 7449 30
7509 7456 42
7509 7456 39
7509 7456 60
7509 7456 45
7509 7458 49
7509 7458 7
7509 7458 57
7509 7458 10
7509 7465 49
7509 7465 29
7509 7465 23
7509 7465 28
7509 5881 43
7509 5881 1
7509 5881 47
7509 5881 47
7509 7451 38
7509 7451 39
7509 7451 25
7509 7451 48
7509 7460 31
7509 7460 0
7509 7460 0
7509 7460 25
7509 7459 28
7509 7459 16
7509 7459 49
7509 7459 2
7509 7464 44
7509 7464 53
7509 7464 41
7509 7464 33
7509 7478 13
7509 7478 43
7509 7478 8
7509 7478 47
7509 7468 10
7509 7468 51
7509 7468 54
7509 7468 24
7509 5882 30
7509 5882 11
7509 5882 29
7509 5882 7
7509 7461 59
7509 7461 7
7509 7461 23
7509 7461 25
7509 7462 49
7509 7462 38
7509 7462 19
7509 7462 21
7509 7474 54
7509 7474 18
7509 7474 60
7509 7474 18
7509 7466 49
7509 7466 38
7509 7466 26
7509 7466 46
7509 7476 41
7509 7476 60
7509 7476 53
7509 7476 59
7509 7467 26
7509 7467 41
7509 7467 41
7509 7467 47
7509 7515 10
7509 7515 26
7509 7515 21
7509 7515 34
7509 7470 6
7509 7470 47
7509 7470 20
7509 7470 11
7509 5883 20
7509 5883 54
7509 5883 25
7509 5883 40
7509 7455 59
7509 7455 43
7509 7455 12
7509 7455 15
7509 7463 23
7509 7463 50
7509 7463 21
7509 7463 50
7509 7473 10
7509 7473 35
7509 7473 6
7509 7473 46
7509 7499 5
7509 7499 12
7509 7499 56
7509 7499 12
7509 7471 11
7509 7471 52
7509 7471 49
7509 7471 58
7509 7477 56
7509 7477 6
7509 7477 16
7509 7477 46
7506 5879 22
7506 5879 39
7506 5879 49
7506 5879 38
7506 5878 36
7506 5878 18
7506 5878 50
7506 5878 58
7506 7450 36
7506 7450 7
7506 7450 42
7506 7450 11
7506 7457 17
7506 7457 4
7506 7457 53
7506 7457 59
7506 5880 12
7506 5880 30
7506 5880 23
7506 5880 1
7506 7449 58
7506 7449 50
7506 7449 53
7506 7449 6
7506 7456 18
7506 7456 50
7506 7456 60
7506 7456 56
7506 7458 13
7506 7458 34
7506 7458 46
7506 7458 35
7506 7465 47
7506 7465 2
7506 7465 36
7506 7465 11
7506 5881 50
7506 5881 43
7506 5881 22
7506 5881 42
7506 7451 47
7506 7451 6
7506 7451 47
7506 7451 17
7506 7460 21
7506 7460 37
7506 7460 24
7506 7460 20
7506 7459 17
7506 7459 59
7506 7459 42
7506 7459 59
7506 7464 28
7506 7464 49
7506 7464 0
7506 7464 54
7506 7478 9
7506 7478 54
7506 7478 37
7506 7478 15
7506 7468 48
7506 7468 19
7506 7468 34
7506 7468 43
7506 5882 59
7506 5882 31
7506 5882 59
7506 5882 8
7506 7461 10
7506 7461 47
7506 7461 34
7506 7461 8
7506 7462 13
7506 7462 11
7506 7462 25
7506 7462 11
7506 7474 13
7506 7474 39
7506 7474 28
7506 7474 59
7506 7466 6
7506 7466 38
7506 7466 23
7506 7466 16
7506 7476 53
7506 7476 23
7506 7476 25
7506 7476 53
7506 7467 49
7506 7467 57
7506 7467 28
7506 7467 36
7506 7515 24
7506 7515 33
7506 7515 53
7506 7515 29
7506 7470 7
7506 7470 34
7506 7470 6
7506 7470 24
7506 5883 23
7506 5883 12
7506 5883 16
7506 5883 56
7506 7455 18
7506 7455 24
7506 7455 1
7506 7455 28
7506 7463 27
7506 7463 12
7506 7463 10
7506 7463 33
7506 7473 27
7506 7473 26
7506 7473 52
7506 7473 20
7506 7499 50
7506 7499 42
7506 7499 46
7506 7499 8
7506 7471 20
7506 7471 42
7506 7471 15
7506 7471 3
7506 7477 9
7506 7477 35
7506 7477 12
7506 7477 9
7521 5879 41
7521 5879 56
7521 5879 4
7521 5879 3
7521 5878 42
7521 5878 8
7521 5878 14
7521 5878 33
7521 7450 36
7521 7450 29
7521 7450 42
7521 7450 39
7521 7457 2
7521 7457 41
7521 7457 2
7521 7457 22
7521 5880 4
7521 5880 29
7521 5880 54
7521 5880 11
7521 7449 35
7521 7449 41
7521 7449 30
7521 7449 60
7521 7456 42
7521 7456 59
7521 7456 16
7521 7456 59
7521 7458 48
7521 7458 58
7521 7458 39
7521 7458 39
7521 7465 40
7521 7465 0
7521 7465 7
7521 7465 33
7521 5881 59
7521 5881 35
7521 5881 6
7521 5881 35
7521 7451 39
7521 7451 50
7521 7451 6
7521 7451 1
7521 7460 15
7521 7460 44
7521 7460 9
7521 7460 52
7521 7459 18
7521 7459 60
7521 7459 42
7521 7459 27
7521 7464 48
7521 7464 24
7521 7464 50
7521 7464 44
7521 7478 10
7521 7478 59
7521 7478 9
7521 7478 23
7521 7468 30
7521 7468 8
7521 7468 17
7521 7468 33
7521 5882 6
7521 5882 37
7521 5882 9
7521 5882 42
7521 7461 30
7521 7461 49
7521 7461 48
7521 7461 41
7521 7462 41
7521 7462 2
7521 7462 49
7521 7462 41
7521 7474 16
7521 7474 13
7521 7474 44
7521 7474 48
7521 7466 1
7521 7466 2
7521 7466 30
7521 7466 42
7521 7476 48
7521 7476 19
7521 7476 28
7521 7476 2
7521 7467 18
7521 7467 49
7521 7467 39
7521 7467 60
7521 7515 49
7521 7515 12
7521 7515 36
7521 7515 4
7521 7470 18
7521 7470 12
7521 7470 17
7521 7470 45
7521 5883 39
7521 5883 35
7521 5883 60
7521 5883 50
7521 7455 58
7521 7455 1
7521 7455 29
7521 7455 54
7521 7463 24
7521 7463 47
7521 7463 47
7521 7463 36
7521 7473 25
7521 7473 6
7521 7473 17
7521 7473 57
7521 7499 19
7521 7499 56
7521 7499 39
7521 7499 46
7521 7471 58
7521 7471 12
7521 7471 18
7521 7471 14
7521 7477 26
7521 7477 53
7521 7477 27
7521 7477 15
7522 5879 35
7522 5879 17
7522 5879 18
7522 5879 5
7522 5878 37
7522 5878 28
7522 5878 27
7522 5878 14
7522 7450 11
7522 7450 43
7522 7450 35
7522 7450 6
7522 7457 5
7522 7457 42
7522 7457 57
7522 7457 55
7522 5880 45
7522 5880 27
7522 5880 44
7522 5880 30
7522 7449 17
7522 7449 49
7522 7449 42
7522 7449 3
7522 7456 7
7522 7456 2
7522 7456 37
7522 7456 42
7522 7458 51
7522 7458 36
7522 7458 15
7522 7458 8
7522 7465 48
7522 7465 17
7522 7465 16
7522 7465 34
7522 5881 31
7522 5881 25
7522 5881 50
7522 5881 48
7522 7451 30
7522 7451 49
7522 7451 58
7522 7451 16
7522 7460 49
7522 7460 11
7522 7460 2
7522 7460 29
7522 7459 54
7522 7459 24
7522 7459 28
7522 7459 37
7522 7464 53
7522 7464 23
7522 7464 44
7522 7464 41
7522 7478 25
7522 7478 57
7522 7478 13
7522 7478 31
7522 7468 57
7522 7468 57
7522 7468 48
7522 7468 11
7522 5882 60
7522 5882 42
7522 5882 11
7522 5882 29
7522 7461 55
7522 7461 58
7522 7461 46
7522 7461 45
7522 7462 1
7522 7462 36
7522 7462 29
7522 7462 43
7522 7474 24
7522 7474 35
7522 7474 18
7522 7474 32
7522 7466 25
7522 7466 57
7522 7466 21
7522 7466 40
7522 7476 9
7522 7476 52
7522 7476 46
7522 7476 24
7522 7467 27
7522 7467 3
7522 7467 46
7522 7467 13
7522 7515 46
7522 7515 15
7522 7515 57
7522 7515 58
7522 7470 57
7522 7470 4
7522 7470 39
7522 7470 46
7522 5883 31
7522 5883 59
7522 5883 29
7522 5883 46
7522 7455 33
7522 7455 48
7522 7455 43
7522 7455 17
7522 7463 10
7522 7463 10
7522 7463 47
7522 7463 39
7522 7473 60
7522 7473 2
7522 7473 22
7522 7473 23
7522 7499 9
7522 7499 56
7522 7499 43
7522 7499 39
7522 7471 45
7522 7471 37
7522 7471 31
7522 7471 26
7522 7477 25
7522 7477 35
7522 7477 44
7522 7477 45
7505 5879 41
7505 5879 47
7505 5879 15
7505 5879 17
7505 5878 52
7505 5878 38
7505 5878 33
7505 5878 6
7505 7450 59
7505 7450 35
7505 7450 5
7505 7450 11
7505 7457 34
7505 7457 37
7505 7457 53
7505 7457 60
7505 5880 20
7505 5880 52
7505 5880 42
7505 5880 22
7505 7449 0
7505 7449 22
7505 7449 10
7505 7449 46
7505 7456 51
7505 7456 56
7505 7456 32
7505 7456 8
7505 7458 9
7505 7458 16
7505 7458 54
7505 7458 13
7505 7465 56
7505 7465 2
7505 7465 53
7505 7465 43
7505 5881 40
7505 5881 29
7505 5881 58
7505 5881 60
7505 7451 22
7505 7451 58
7505 7451 57
7505 7451 12
7505 7460 54
7505 7460 45
7505 7460 38
7505 7460 50
7505 7459 55
7505 7459 33
7505 7459 53
7505 7459 13
7505 7464 37
7505 7464 40
7505 7464 13
7505 7464 26
7505 7478 30
7505 7478 11
7505 7478 10
7505 7478 26
7505 7468 57
7505 7468 3
7505 7468 30
7505 7468 7
7505 5882 4
7505 5882 50
7505 5882 29
7505 5882 41
7505 7461 21
7505 7461 8
7505 7461 19
7505 7461 21
7505 7462 14
7505 7462 36
7505 7462 30
7505 7462 41
7505 7474 60
7505 7474 32
7505 7474 59
7505 7474 58
7505 7466 39
7505 7466 17
7505 7466 49
7505 7466 43
7505 7476 57
7505 7476 9
7505 7476 48
7505 7476 35
7505 7467 3
7505 7467 33
7505 7467 30
7505 7467 40
7505 7515 4
7505 7515 37
7505 7515 28
7505 7515 50
7505 7470 8
7505 7470 27
7505 7470 12
7505 7470 4
7505 5883 10
7505 5883 57
7505 5883 8
7505 5883 26
7505 7455 41
7505 7455 27
7505 7455 36
7505 7455 5
7505 7463 19
7505 7463 60
7505 7463 3
7505 7463 13
7505 7473 21
7505 7473 0
7505 7473 5
7505 7473 14
7505 7499 48
7505 7499 22
7505 7499 34
7505 7499 59
7505 7471 27
7505 7471 37
7505 7471 38
7505 7471 1
7505 7477 51
7505 7477 8
7505 7477 31
7505 7477 32
7511 5879 4
7511 5879 25
7511 5879 9
7511 5879 25
7511 5878 57
7511 5878 30
7511 5878 52
7511 5878 26
7511 7450 54
7511 7450 13
7511 7450 16
7511 7450 22
7511 7457 50
7511 7457 33
7511 7457 11
7511 7457 56
7511 5880 28
7511 5880 55
7511 5880 3
7511 5880 27
7511 7449 41
7511 7449 53
7511 7449 8
7511 7449 10
7511 7456 29
7511 7456 50
7511 7456 34
7511 7456 42
7511 7458 59
7511 7458 31
7511 7458 46
7511 7458 54
7511 7465 16
7511 7465 54
7511 7465 29
7511 7465 55
7511 5881 18
7511 5881 53
7511 5881 43
7511 5881 54
7511 7451 41
7511 7451 37
7511 7451 6
7511 7451 17
7511 7460 7
7511 7460 31
7511 7460 28
7511 7460 30
7511 7459 43
7511 7459 14
7511 7459 56
7511 7459 5
7511 7464 20
7511 7464 12
7511 7464 60
7511 7464 33
7511 7478 44
7511 7478 17
7511 7478 19
7511 7478 33
7511 7468 24
7511 7468 16
7511 7468 13
7511 7468 20
7511 5882 49
7511 5882 27
7511 5882 45
7511 5882 26
7511 7461 11
7511 7461 59
7511 7461 48
7511 7461 48
7511 7462 7
7511 7462 6
7511 7462 2
7511 7462 27
7511 7474 27
7511 7474 52
7511 7474 5
7511 7474 60
7511 7466 10
7511 7466 0
7511 7466 34
7511 7466 38
7511 7476 47
7511 7476 55
7511 7476 35
7511 7476 0
7511 7467 60
7511 7467 57
7511 7467 56
7511 7467 9
7511 7515 39
7511 7515 15
7511 7515 3
7511 7515 31
7511 7470 45
7511 7470 34
7511 7470 56
7511 7470 37
7511 5883 27
7511 5883 6
7511 5883 38
7511 5883 38
7511 7455 18
7511 7455 42
7511 7455 34
7511 7455 49
7511 7463 15
7511 7463 8
7511 7463 16
7511 7463 40
7511 7473 22
7511 7473 26
7511 7473 5
7511 7473 22
7511 7499 48
7511 7499 4
7511 7499 21
7511 7499 12
7511 7471 52
7511 7471 27
7511 7471 14
7511 7471 23
7511 7477 47
7511 7477 22
7511 7477 53
7511 7477 45
7524 5879 54
7524 5879 32
7524 5879 42
7524 5879 25
7524 5878 53
7524 5878 18
7524 5878 10
7524 5878 6
7524 7450 18
7524 7450 11
7524 7450 37
7524 7450 60
7524 7457 53
7524 7457 0
7524 7457 17
7524 7457 7
7524 5880 36
7524 5880 52
7524 5880 29
7524 5880 1
7524 7449 47
7524 7449 14
7524 7449 53
7524 7449 12
7524 7456 54
7524 7456 41
7524 7456 35
7524 7456 52
7524 7458 23
7524 7458 25
7524 7458 24
7524 7458 2
7524 7465 56
7524 7465 57
7524 7465 37
7524 7465 34
7524 5881 18
7524 5881 31
7524 5881 30
7524 5881 23
7524 7451 23
7524 7451 43
7524 7451 38
7524 7451 38
7524 7460 9
7524 7460 51
7524 7460 33
7524 7460 35
7524 7459 29
7524 7459 28
7524 7459 37
7524 7459 26
7524 7464 58
7524 7464 17
7524 7464 39
7524 7464 48
7524 7478 34
7524 7478 7
7524 7478 44
7524 7478 22
7524 7468 52
7524 7468 21
7524 7468 33
7524 7468 0
7524 5882 48
7524 5882 29
7524 5882 16
7524 5882 6
7524 7461 52
7524 7461 35
7524 7461 21
7524 7461 0
7524 7462 9
7524 7462 49
7524 7462 31
7524 7462 10
7524 7474 20
7524 7474 23
7524 7474 5
7524 7474 41
7524 7466 54
7524 7466 24
7524 7466 5
7524 7466 53
7524 7476 38
7524 7476 41
7524 7476 45
7524 7476 47
7524 7467 33
7524 7467 11
7524 7467 40
7524 7467 53
7524 7515 60
7524 7515 49
7524 7515 44
7524 7515 40
7524 7470 60
7524 7470 16
7524 7470 14
7524 7470 60
7524 5883 45
7524 5883 45
7524 5883 7
7524 5883 30
7524 7455 20
7524 7455 4
7524 7455 30
7524 7455 22
7524 7463 25
7524 7463 38
7524 7463 55
7524 7463 23
7524 7473 41
7524 7473 44
7524 7473 48
7524 7473 35
7524 7499 43
7524 7499 6
7524 7499 49
7524 7499 17
7524 7471 18
7524 7471 24
7524 7471 20
7524 7471 25
7524 7477 31
7524 7477 5
7524 7477 40
7524 7477 10
7393 5879 58
7393 5879 33
7393 5879 25
7393 5879 26
7393 5878 25
7393 5878 0
7393 5878 39
7393 5878 56
7393 7450 39
7393 7450 28
7393 7450 15
7393 7450 20
7393 7457 9
7393 7457 40
7393 7457 0
7393 7457 37
7393 5880 34
7393 5880 58
7393 5880 5
7393 5880 49
7393 7449 3
7393 7449 40
7393 7449 22
7393 7449 9
7393 7456 59
7393 7456 41
7393 7456 8
7393 7456 45
7393 7458 20
7393 7458 20
7393 7458 33
7393 7458 41
7393 7465 3
7393 7465 47
7393 7465 25
7393 7465 8
7393 5881 60
7393 5881 35
7393 5881 24
7393 5881 29
7393 7451 35
7393 7451 5
7393 7451 2
7393 7451 27
7393 7460 37
7393 7460 53
7393 7460 27
7393 7460 22
7393 7459 52
7393 7459 55
7393 7459 40
7393 7459 23
7393 7464 4
7393 7464 38
7393 7464 51
7393 7464 24
7393 7478 36
7393 7478 22
7393 7478 30
7393 7478 10
7393 7468 26
7393 7468 6
7393 7468 26
7393 7468 30
7393 5882 45
7393 5882 9
7393 5882 55
7393 5882 9
7393 7461 49
7393 7461 55
7393 7461 51
7393 7461 13
7393 7462 10
7393 7462 28
7393 7462 28
7393 7462 34
7393 7474 11
7393 7474 39
7393 7474 0
7393 7474 14
7393 7466 18
7393 7466 45
7393 7466 10
7393 7466 49
7393 7476 23
7393 7476 33
7393 7476 17
7393 7476 31
7393 7467 37
7393 7467 35
7393 7467 19
7393 7467 14
7393 7515 40
7393 7515 6
7393 7515 42
7393 7515 28
7393 7470 25
7393 7470 25
7393 7470 26
7393 7470 4
7393 5883 5
7393 5883 27
7393 5883 41
7393 5883 3
7393 7455 9
7393 7455 16
7393 7455 8
7393 7455 47
7393 7463 34
7393 7463 51
7393 7463 57
7393 7463 41
7393 7473 45
7393 7473 28
7393 7473 23
7393 7473 39
7393 7499 12
7393 7499 49
7393 7499 45
7393 7499 44
7393 7471 34
7393 7471 0
7393 7471 13
7393 7471 58
7393 7477 6
7393 7477 39
7393 7477 25
7393 7477 46
7447 5879 34
7447 5879 35
7447 5879 31
7447 5879 13
7447 5878 22
7447 5878 18
7447 5878 59
7447 5878 52
7447 7450 48
7447 7450 7
7447 7450 4
7447 7450 40
7447 7457 43
7447 7457 41
7447 7457 39
7447 7457 30
7447 5880 26
7447 5880 23
7447 5880 24
7447 5880 42
7447 7449 60
7447 7449 0
7447 7449 29
7447 7449 19
7447 7456 22
7447 7456 44
7447 7456 3
7447 7456 5
7447 7458 25
7447 7458 53
7447 7458 36
7447 7458 4
7447 7465 41
7447 7465 50
7447 7465 11
7447 7465 20
7447 5881 18
7447 5881 35
7447 5881 39
7447 5881 5
7447 7451 45
7447 7451 53
7447 7451 29
7447 7451 60
7447 7460 35
7447 7460 3
7447 7460 51
7447 7460 56
7447 7459 11
7447 7459 21
7447 7459 55
7447 7459 44
7447 7464 1
7447 7464 2
7447 7464 14
7447 7464 58
7447 7478 4
7447 7478 15
7447 7478 18
7447 7478 50
7447 7468 8
7447 7468 60
7447 7468 4
7447 7468 8
7447 5882 30
7447 5882 18
7447 5882 6
7447 5882 9
7447 7461 43
7447 7461 35
7447 7461 4
7447 7461 33
7447 7462 0
7447 7462 36
7447 7462 60
7447 7462 14
7447 7474 35
7447 7474 16
7447 7474 20
7447 7474 17
7447 7466 22
7447 7466 24
7447 7466 53
7447 7466 40
7447 7476 38
7447 7476 7
7447 7476 29
7447 7476 27
7447 7467 57
7447 7467 31
7447 7467 47
7447 7467 10
7447 7515 60
7447 7515 43
7447 7515 21
7447 7515 59
7447 7470 14
7447 7470 8
7447 7470 43
7447 7470 55
7447 5883 22
7447 5883 8
7447 5883 17
7447 5883 35
7447 7455 30
7447 7455 49
7447 7455 5
7447 7455 9
7447 7463 0
7447 7463 34
7447 7463 0
7447 7463 37
7447 7473 28
7447 7473 58
7447 7473 37
7447 7473 35
7447 7499 28
7447 7499 23
7447 7499 56
7447 7499 33
7447 7471 14
7447 7471 12
7447 7471 2
7447 7471 28
7447 7477 50
7447 7477 9
7447 7477 26
7447 7477 47
7448 5879 58
7448 5879 1
7448 5879 38
7448 5879 52
7448 5878 51
7448 5878 25
7448 5878 51
7448 5878 51
7448 7450 52
7448 7450 23
7448 7450 52
7448 7450 6
7448 7457 17
7448 7457 29
7448 7457 7
7448 7457 57
7448 5880 54
7448 5880 36
7448 5880 28
7448 5880 13
7448 7449 60
7448 7449 3
7448 7449 43
7448 7449 24
7448 7456 8
7448 7456 32
7448 7456 53
7448 7456 9
7448 7458 48
7448 7458 36
7448 7458 1
7448 7458 37
7448 7465 40
7448 7465 48
7448 7465 37
7448 7465 54
7448 5881 24
7448 5881 14
7448 5881 54
7448 5881 43
7448 7451 2
7448 7451 22
7448 7451 52
7448 7451 30
7448 7460 5
7448 7460 1
7448 7460 32
7448 7460 10
7448 7459 31
7448 7459 22
7448 7459 23
7448 7459 22
7448 7464 49
7448 7464 46
7448 7464 60
7448 7464 12
7448 7478 49
7448 7478 16
7448 7478 52
7448 7478 10
7448 7468 2
7448 7468 1
7448 7468 45
7448 7468 33
7448 5882 44
7448 5882 42
7448 5882 17
7448 5882 44
7448 7461 56
7448 7461 12
7448 7461 21
7448 7461 57
7448 7462 49
7448 7462 48
7448 7462 59
7448 7462 14
7448 7474 48
7448 7474 15
7448 7474 53
7448 7474 49
7448 7466 23
7448 7466 15
7448 7466 50
7448 7466 32
7448 7476 38
7448 7476 36
7448 7476 52
7448 7476 55
7448 7467 17
7448 7467 22
7448 7467 17
7448 7467 5
7448 7515 32
7448 7515 50
7448 7515 48
7448 7515 25
7448 7470 5
7448 7470 33
7448 7470 7
7448 7470 49
7448 5883 8
7448 5883 34
7448 5883 50
7448 5883 30
7448 7455 32
7448 7455 20
7448 7455 53
7448 7455 9
7448 7463 48
7448 7463 4
7448 7463 2
7448 7463 27
7448 7473 58
7448 7473 55
7448 7473 48
7448 7473 58
7448 7499 52
7448 7499 27
7448 7499 53
7448 7499 15
7448 7471 2
7448 7471 12
7448 7471 28
7448 7471 13
7448 7477 60
7448 7477 30
7448 7477 1
7448 7477 48
7523 5879 29
7523 5879 44
7523 5879 48
7523 5879 53
7523 5878 34
7523 5878 20
7523 5878 13
7523 5878 22
7523 7450 38
7523 7450 36
7523 7450 53
7523 7450 60
7523 7457 17
7523 7457 8
7523 7457 35
7523 7457 52
7523 5880 46
7523 5880 34
7523 5880 34
7523 5880 35
7523 7449 37
7523 7449 48
7523 7449 49
7523 7449 51
7523 7456 46
7523 7456 27
7523 7456 30
7523 7456 21
7523 7458 24
7523 7458 24
7523 7458 17
7523 7458 14
7523 7465 3
7523 7465 45
7523 7465 42
7523 7465 55
7523 5881 29
7523 5881 4
7523 5881 27
7523 5881 22
7523 7451 46
7523 7451 16
7523 7451 6
7523 7451 34
7523 7460 30
7523 7460 59
7523 7460 7
7523 7460 55
7523 7459 25
7523 7459 10
7523 7459 25
7523 7459 31
7523 7464 9
7523 7464 50
7523 7464 23
7523 7464 13
7523 7478 37
7523 7478 29
7523 7478 33
7523 7478 26
7523 7468 49
7523 7468 10
7523 7468 36
7523 7468 51
7523 5882 60
7523 5882 49
7523 5882 41
7523 5882 34
7523 7461 22
7523 7461 33
7523 7461 36
7523 7461 44
7523 7462 4
7523 7462 20
7523 7462 33
7523 7462 35
7523 7474 7
7523 7474 0
7523 7474 54
7523 7474 3
7523 7466 4
7523 7466 51
7523 7466 38
7523 7466 38
7523 7476 31
7523 7476 2
7523 7476 55
7523 7476 1
7523 7467 11
7523 7467 23
7523 7467 54
7523 7467 41
7523 7515 55
7523 7515 39
7523 7515 43
7523 7515 20
7523 7470 21
7523 7470 16
7523 7470 49
7523 7470 28
7523 5883 51
7523 5883 40
7523 5883 25
7523 5883 49
7523 7455 12
7523 7455 16
7523 7455 46
7523 7455 0
7523 7463 26
7523 7463 42
7523 7463 54
7523 7463 18
7523 7473 26
7523 7473 55
7523 7473 19
7523 7473 1
7523 7499 45
7523 7499 29
7523 7499 58
7523 7499 48
7523 7471 13
7523 7471 57
7523 7471 18
7523 7471 26
7523 7477 39
7523 7477 52
7523 7477 15
7523 7477 46
7392 5879 43
7392 5879 8
7392 5879 4
7392 5879 18
7392 5878 42
7392 5878 45
7392 5878 51
7392 5878 20
7392 7450 54
7392 7450 11
7392 7450 49
7392 7450 21
7392 7457 41
7392 7457 29
7392 7457 10
7392 7457 56
7392 5880 47
7392 5880 17
7392 5880 25
7392 5880 33
7392 7449 16
7392 7449 26
7392 7449 9
7392 7449 39
7392 7456 38
7392 7456 40
7392 7456 13
7392 7456 16
7392 7458 33
7392 7458 25
7392 7458 19
7392 7458 2
7392 7465 59
7392 7465 5
7392 7465 32
7392 7465 31
7392 5881 20
7392 5881 23
7392 5881 18
7392 5881 32
7392 7451 40
7392 7451 21
7392 7451 42
7392 7451 11
7392 7460 38
7392 7460 34
7392 7460 43
7392 7460 48
7392 7459 38
7392 7459 43
7392 7459 42
7392 7459 18
7392 7464 34
7392 7464 31
7392 7464 8
7392 7464 19
7392 7478 38
7392 7478 57
7392 7478 22
7392 7478 49
7392 7468 11
7392 7468 6
7392 7468 38
7392 7468 52
7392 5882 48
7392 5882 10
7392 5882 2
7392 5882 2
7392 7461 12
7392 7461 19
7392 7461 1
7392 7461 25
7392 7462 1
7392 7462 41
7392 7462 41
7392 7462 34
7392 7474 17
7392 7474 50
7392 7474 4
7392 7474 35
7392 7466 40
7392 7466 3
7392 7466 7
7392 7466 33
7392 7476 60
7392 7476 32
7392 7476 24
7392 7476 18
7392 7467 32
7392 7467 49
7392 7467 41
7392 7467 23
7392 7515 51
7392 7515 41
7392 7515 24
7392 7515 59
7392 7470 0
7392 7470 23
7392 7470 30
7392 7470 12
7392 5883 3
7392 5883 35
7392 5883 49
7392 5883 11
7392 7455 44
7392 7455 55
7392 7455 24
7392 7455 17
7392 7463 16
7392 7463 2
7392 7463 45
7392 7463 59
7392 7473 17
7392 7473 27
7392 7473 41
7392 7473 16
7392 7499 0
7392 7499 29
7392 7499 9
7392 7499 16
7392 7471 0
7392 7471 21
7392 7471 15
7392 7471 12
7392 7477 51
7392 7477 27
7392 7477 55
7392 7477 5
7507 5879 16
7507 5879 51
7507 5879 59
7507 5879 28
7507 5878 57
7507 5878 18
7507 5878 20
7507 5878 2
7507 7450 40
7507 7450 30
7507 7450 22
7507 7450 54
7507 7457 34
7507 7457 18
7507 7457 12
7507 7457 6
7507 5880 26
7507 5880 12
7507 5880 11
7507 5880 15
7507 7449 42
7507 7449 24
7507 7449 14
7507 7449 37
7507 7456 7
7507 7456 11
7507 7456 26
7507 7456 21
7507 7458 48
7507 7458 32
7507 7458 4
7507 7458 43
7507 7465 8
7507 7465 36
7507 7465 6
7507 7465 45
7507 5881 8
7507 5881 43
7507 5881 47
7507 5881 59
7507 7451 49
7507 7451 48
7507 7451 59
7507 7451 45
7507 7460 30
7507 7460 55
7507 7460 51
7507 7460 57
7507 7459 9
7507 7459 21
7507 7459 59
7507 7459 59
7507 7464 33
7507 7464 30
7507 7464 28
7507 7464 30
7507 7478 21
7507 7478 24
7507 7478 31
7507 7478 39
7507 7468 42
7507 7468 30
7507 7468 22
7507 7468 24
7507 5882 27
7507 5882 40
7507 5882 2
7507 5882 53
7507 7461 47
7507 7461 28
7507 7461 50
7507 7461 38
7507 7462 56
7507 7462 24
7507 7462 27
7507 7462 31
7507 7474 35
7507 7474 17
7507 7474 57
7507 7474 36
7507 7466 9
7507 7466 0
7507 7466 38
7507 7466 2
7507 7476 36
7507 7476 58
7507 7476 6
7507 7476 34
7507 7467 7
7507 7467 0
7507 7467 46
7507 7467 5
7507 7515 43
7507 7515 39
7507 7515 16
7507 7515 38
7507 7470 42
7507 7470 39
7507 7470 26
7507 7470 49
7507 5883 9
7507 5883 26
7507 5883 35
7507 5883 55
7507 7455 51
7507 7455 2
7507 7455 4
7507 7455 53
7507 7463 7
7507 7463 48
7507 7463 16
7507 7463 3
7507 7473 59
7507 7473 17
7507 7473 35
7507 7473 34
7507 7499 44
7507 7499 42
7507 7499 59
7507 7499 16
7507 7471 36
7507 7471 25
7507 7471 43
7507 7471 42
7507 7477 53
7507 7477 15
7507 7477 31
7507 7477 57
7512 5879 41
7512 5879 46
7512 5879 17
7512 5879 31
7512 5878 60
7512 5878 1
7512 5878 42
7512 5878 25
7512 7450 5
7512 7450 27
7512 7450 17
7512 7450 44
7512 7457 14
7512 7457 34
7512 7457 11
7512 7457 40
7512 5880 7
7512 5880 13
7512 5880 51
7512 5880 53
7512 7449 51
7512 7449 43
7512 7449 10
7512 7449 18
7512 7456 34
7512 7456 9
7512 7456 6
7512 7456 35
7512 7458 22
7512 7458 36
7512 7458 49
7512 7458 20
7512 7465 38
7512 7465 6
7512 7465 6
7512 7465 20
7512 5881 7
7512 5881 45
7512 5881 42
7512 5881 55
7512 7451 20
7512 7451 24
7512 7451 42
7512 7451 23
7512 7460 56
7512 7460 57
7512 7460 0
7512 7460 16
7512 7459 6
7512 7459 31
7512 7459 13
7512 7459 1
7512 7464 39
7512 7464 53
7512 7464 25
7512 7464 50
7512 7478 14
7512 7478 54
7512 7478 6
7512 7478 48
7512 7468 39
7512 7468 40
7512 7468 46
7512 7468 43
7512 5882 29
7512 5882 13
7512 5882 37
7512 5882 42
7512 7461 58
7512 7461 30
7512 7461 54
7512 7461 38
7512 7462 51
7512 7462 2
7512 7462 15
7512 7462 39
7512 7474 0
7512 7474 5
7512 7474 9
7512 7474 46
7512 7466 59
7512 7466 19
7512 7466 0
7512 7466 5
7512 7476 15
7512 7476 5
7512 7476 56
7512 7476 14
7512 7467 6
7512 7467 45
7512 7467 50
7512 7467 38
7512 7515 27
7512 7515 60
7512 7515 29
7512 7515 51
7512 7470 50
7512 7470 19
7512 7470 6
7512 7470 54
7512 5883 8
7512 5883 39
7512 5883 29
7512 5883 20
7512 7455 58
7512 7455 25
7512 7455 55
7512 7455 42
7512 7463 22
7512 7463 55
7512 7463 51
7512 7463 6
7512 7473 24
7512 7473 3
7512 7473 22
7512 7473 35
7512 7499 23
7512 7499 8
7512 7499 22
7512 7499 50
7512 7471 45
7512 7471 41
7512 7471 59
7512 7471 20
7512 7477 26
7512 7477 59
7512 7477 13
7512 7477 55
7525 5879 8
7525 5879 6
7525 5879 25
7525 5879 11
7525 5878 26
7525 5878 15
7525 5878 26
7525 5878 30
7525 7450 38
7525 7450 15
7525 7450 53
7525 7450 29
7525 7457 39
7525 7457 12
7525 7457 0
7525 7457 26
7525 5880 44
7525 5880 46
7525 5880 18
7525 5880 14
7525 7449 42
7525 7449 52
7525 7449 12
7525 7449 56
7525 7456 45
7525 7456 23
7525 7456 27
7525 7456 40
7525 7458 60
7525 7458 60
7525 7458 23
7525 7458 13
7525 7465 59
7525 7465 26
7525 7465 60
7525 7465 55
7525 5881 21
7525 5881 41
7525 5881 45
7525 5881 12
7525 7451 33
7525 7451 17
7525 7451 35
7525 7451 44
7525 7460 59
7525 7460 11
7525 7460 52
7525 7460 5
7525 7459 12
7525 7459 14
7525 7459 47
7525 7459 29
7525 7464 32
7525 7464 45
7525 7464 57
7525 7464 16
7525 7478 29
7525 7478 39
7525 7478 37
7525 7478 38
7525 7468 22
7525 7468 59
7525 7468 58
7525 7468 20
7525 5882 52
7525 5882 48
7525 5882 55
7525 5882 5
7525 7461 9
7525 7461 13
7525 7461 20
7525 7461 48
7525 7462 9
7525 7462 50
7525 7462 0
7525 7462 48
7525 7474 28
7525 7474 9
7525 7474 47
7525 7474 42
7525 7466 9
7525 7466 59
7525 7466 7
7525 7466 51
7525 7476 31
7525 7476 36
7525 7476 18
7525 7476 56
7525 7467 59
7525 7467 20
7525 7467 38
7525 7467 18
7525 7515 22
7525 7515 23
7525 7515 44
7525 7515 22
7525 7470 46
7525 7470 56
7525 7470 16
7525 7470 4
7525 5883 8
7525 5883 6
7525 5883 39
7525 5883 39
7525 7455 44
7525 7455 34
7525 7455 41
7525 7455 21
7525 7463 3
7525 7463 46
7525 7463 60
7525 7463 57
7525 7473 49
7525 7473 22
7525 7473 20
7525 7473 35
7525 7499 10
7525 7499 54
7525 7499 6
7525 7499 60
7525 7471 33
7525 7471 41
7525 7471 56
7525 7471 49
7525 7477 49
7525 7477 29
7525 7477 32
7525 7477 46
7395 5879 60
7395 5879 30
7395 5879 42
7395 5879 33
7395 5878 52
7395 5878 24
7395 5878 31
7395 5878 31
7395 7450 40
7395 7450 22
7395 7450 27
7395 7450 43
7395 7457 43
7395 7457 33
7395 7457 29
7395 7457 55
7395 5880 32
7395 5880 26
7395 5880 43
7395 5880 6
7395 7449 4
7395 7449 37
7395 7449 24
7395 7449 54
7395 7456 15
7395 7456 57
7395 7456 24
7395 7456 54
7395 7458 37
7395 7458 59
7395 7458 16
7395 7458 47
7395 7465 44
7395 7465 59
7395 7465 0
7395 7465 47
7395 5881 10
7395 5881 47
7395 5881 41
7395 5881 51
7395 7451 55
7395 7451 30
7395 7451 4
7395 7451 12
7395 7460 12
7395 7460 8
7395 7460 60
7395 7460 33
7395 7459 6
7395 7459 17
7395 7459 56
7395 7459 46
7395 7464 46
7395 7464 41
7395 7464 41
7395 7464 26
7395 7478 35
7395 7478 21
7395 7478 4
7395 7478 56
7395 7468 6
7395 7468 11
7395 7468 38
7395 7468 29
7395 5882 1
7395 5882 23
7395 5882 59
7395 5882 15
7395 7461 42
7395 7461 24
7395 7461 7
7395 7461 57
7395 7462 4
7395 7462 57
7395 7462 12
7395 7462 37
7395 7474 26
7395 7474 21
7395 7474 8
7395 7474 28
7395 7466 34
7395 7466 0
7395 7466 45
7395 7466 52
7395 7476 24
7395 7476 57
7395 7476 31
7395 7476 37
7395 7467 40
7395 7467 57
7395 7467 46
7395 7467 21
7395 7515 29
7395 7515 46
7395 7515 0
7395 7515 18
7395 7470 25
7395 7470 9
7395 7470 58
7395 7470 44
7395 5883 19
7395 5883 1
7395 5883 9
7395 5883 28
7395 7455 10
7395 7455 45
7395 7455 37
7395 7455 7
7395 7463 60
7395 7463 54
7395 7463 18
7395 7463 50
7395 7473 35
7395 7473 30
7395 7473 49
7395 7473 7
7395 7499 12
7395 7499 58
7395 7499 16
7395 7499 51
7395 7471 24
7395 7471 29
7395 7471 31
7395 7471 59
7395 7477 11
7395 7477 10
7395 7477 37
7395 7477 38
7420 5879 30
7420 5879 25
7420 5879 38
7420 5879 37
7420 5878 49
7420 5878 45
7420 5878 58
7420 5878 26
7420 7450 43
7420 7450 39
7420 7450 17
7420 7450 54
7420 7457 26
7420 7457 45
7420 7457 2
7420 7457 3
7420 5880 12
7420 5880 47
7420 5880 6
7420 5880 12
7420 7449 57
7420 7449 7
7420 7449 43
7420 7449 41
7420 7456 47
7420 7456 13
7420 7456 10
7420 7456 27
7420 7458 27
7420 7458 14
7420 7458 55
7420 7458 19
7420 7465 24
7420 7465 35
7420 7465 31
7420 7465 26
7420 5881 1
7420 5881 19
7420 5881 51
7420 5881 28
7420 7451 36
7420 7451 0
7420 7451 59
7420 7451 30
7420 7460 57
7420 7460 6
7420 7460 36
7420 7460 60
7420 7459 40
7420 7459 34
7420 7459 42
7420 7459 40
7420 7464 13
7420 7464 31
7420 7464 59
7420 7464 37
7420 7478 20
7420 7478 56
7420 7478 28
7420 7478 13
7420 7468 56
7420 7468 16
7420 7468 6
7420 7468 5
7420 5882 53
7420 5882 3
7420 5882 59
7420 5882 39
7420 7461 26
7420 7461 33
7420 7461 25
7420 7461 41
7420 7462 12
7420 7462 19
7420 7462 21
7420 7462 30
7420 7474 35
7420 7474 1
7420 7474 48
7420 7474 6
7420 7466 51
7420 7466 20
7420 7466 51
7420 7466 57
7420 7476 27
7420 7476 47
7420 7476 37
7420 7476 60
7420 7467 15
7420 7467 32
7420 7467 5
7420 7467 29
7420 7515 53
7420 7515 51
7420 7515 7
7420 7515 31
7420 7470 41
7420 7470 34
7420 7470 52
7420 7470 12
7420 5883 47
7420 5883 20
7420 5883 15
7420 5883 37
7420 7455 44
7420 7455 59
7420 7455 13
7420 7455 55
7420 7463 23
7420 7463 37
7420 7463 36
7420 7463 19
7420 7473 21
7420 7473 21
7420 7473 42
7420 7473 37
7420 7499 11
7420 7499 10
7420 7499 0
7420 7499 23
7420 7471 60
7420 7471 49
7420 7471 30
7420 7471 14
7420 7477 10
7420 7477 60
7420 7477 39
7420 7477 20
7442 5879 50
7442 5879 51
7442 5879 40
7442 5879 43
7442 5878 30
7442 5878 35
7442 5878 38
7442 5878 27
7442 7450 43
7442 7450 29
7442 7450 10
7442 7450 21
7442 7457 47
7442 7457 39
7442 7457 53
7442 7457 30
7442 5880 22
7442 5880 9
7442 5880 8
7442 5880 60
7442 7449 11
7442 7449 27
7442 7449 52
7442 7449 5
7442 7456 16
7442 7456 46
7442 7456 1
7442 7456 7
7442 7458 23
7442 7458 20
7442 7458 0
7442 7458 59
7442 7465 5
7442 7465 54
7442 7465 1
7442 7465 15
7442 5881 41
7442 5881 46
7442 5881 56
7442 5881 26
7442 7451 47
7442 7451 9
7442 7451 24
7442 7451 2
7442 7460 14
7442 7460 31
7442 7460 0
7442 7460 55
7442 7459 13
7442 7459 47
7442 7459 20
7442 7459 23
7442 7464 46
7442 7464 55
7442 7464 41
7442 7464 27
7442 7478 7
7442 7478 40
7442 7478 36
7442 7478 32
7442 7468 60
7442 7468 12
7442 7468 7
7442 7468 7
7442 5882 25
7442 5882 9
7442 5882 16
7442 5882 48
7442 7461 39
7442 7461 19
7442 7461 39
7442 7461 59
7442 7462 25
7442 7462 14
7442 7462 14
7442 7462 55
7442 7474 1
7442 7474 53
7442 7474 54
7442 7474 24
7442 7466 20
7442 7466 37
7442 7466 26
7442 7466 35
7442 7476 33
7442 7476 0
7442 7476 59
7442 7476 20
7442 7467 50
7442 7467 14
7442 7467 40
7442 7467 31
7442 7515 15
7442 7515 8
7442 7515 27
7442 7515 46
7442 7470 60
7442 7470 0
7442 7470 37
7442 7470 40
7442 5883 4
7442 5883 60
7442 5883 1
7442 5883 38
7442 7455 29
7442 7455 56
7442 7455 47
7442 7455 34
7442 7463 32
7442 7463 24
7442 7463 27
7442 7463 8
7442 7473 48
7442 7473 28
7442 7473 0
7442 7473 30
7442 7499 24
7442 7499 7
7442 7499 24
7442 7499 0
7442 7471 29
7442 7471 56
7442 7471 21
7442 7471 39
7442 7477 27
7442 7477 37
7442 7477 16
7442 7477 31
7446 5879 24
7446 5879 51
7446 5879 40
7446 5879 15
7446 5878 46
7446 5878 15
7446 5878 34
7446 5878 37
7446 7450 57
7446 7450 21
7446 7450 49
7446 7450 5
7446 7457 19
7446 7457 21
7446 7457 11
7446 7457 17
7446 5880 0
7446 5880 17
7446 5880 25
7446 5880 51
7446 7449 19
7446 7449 24
7446 7449 19
7446 7449 2
7446 7456 15
7446 7456 56
7446 7456 48
7446 7456 58
7446 7458 56
7446 7458 26
7446 7458 13
7446 7458 36
7446 7465 58
7446 7465 47
7446 7465 56
7446 7465 26
7446 5881 19
7446 5881 49
7446 5881 8
7446 5881 18
7446 7451 54
7446 7451 53
7446 7451 8
7446 7451 19
7446 7460 35
7446 7460 16
7446 7460 26
7446 7460 9
7446 7459 30
7446 7459 4
7446 7459 35
7446 7459 3
7446 7464 24
7446 7464 49
7446 7464 2
7446 7464 16
7446 7478 4
7446 7478 9
7446 7478 52
7446 7478 7
7446 7468 9
7446 7468 45
7446 7468 39
7446 7468 34
7446 5882 39
7446 5882 47
7446 5882 9
7446 5882 13
7446 7461 40
7446 7461 40
7446 7461 39
7446 7461 52
7446 7462 52
7446 7462 14
7446 7462 25
7446 7462 45
7446 7474 35
7446 7474 5
7446 7474 11
7446 7474 9
7446 7466 8
7446 7466 43
7446 7466 36
7446 7466 54
7446 7476 6
7446 7476 24
7446 7476 55
7446 7476 44
7446 7467 20
7446 7467 41
7446 7467 30
7446 7467 42
7446 7515 54
7446 7515 21
7446 7515 51
7446 7515 23
7446 7470 49
7446 7470 28
7446 7470 2
7446 7470 24
7446 5883 40
7446 5883 44
7446 5883 35
7446 5883 13
7446 7455 8
7446 7455 59
7446 7455 48
7446 7455 11
7446 7463 2
7446 7463 46
7446 7463 38
7446 7463 25
7446 7473 58
7446 7473 1
7446 7473 47
7446 7473 38
7446 7499 12
7446 7499 23
7446 7499 16
7446 7499 54
7446 7471 16
7446 7471 20
7446 7471 0
7446 7471 0
7446 7477 52
7446 7477 10
7446 7477 15
7446 7477 52
7526 5879 48
7526 5879 11
7526 5879 5
7526 5879 8
7526 5878 26
7526 5878 15
7526 5878 44
7526 5878 4
7526 7450 14
7526 7450 5
7526 7450 50
7526 7450 51
7526 7457 59
7526 7457 25
7526 7457 39
7526 7457 46
7526 5880 23
7526 5880 59
7526 5880 60
7526 5880 14
7526 7449 24
7526 7449 60
7526 7449 43
7526 7449 53
7526 7456 5
7526 7456 15
7526 7456 18
7526 7456 35
7526 7458 16
7526 7458 46
7526 7458 47
7526 7458 50
7526 7465 21
7526 7465 60
7526 7465 10
7526 7465 43
7526 5881 2
7526 5881 0
7526 5881 59
7526 5881 20
7526 7451 4
7526 7451 45
7526 7451 42
7526 7451 54
7526 7460 33
7526 7460 29
7526 7460 16
7526 7460 33
7526 7459 24
7526 7459 13
7526 7459 10
7526 7459 5
7526 7464 2
7526 7464 20
7526 7464 45
7526 7464 19
7526 7478 39
7526 7478 1
7526 7478 0
7526 7478 60
7526 7468 14
7526 7468 32
7526 7468 0
7526 7468 26
7526 5882 15
7526 5882 34
7526 5882 39
7526 5882 57
7526 7461 32
7526 7461 44
7526 7461 11
7526 7461 48
7526 7462 10
7526 7462 38
7526 7462 33
7526 7462 41
7526 7474 38
7526 7474 2
7526 7474 53
7526 7474 35
7526 7466 55
7526 7466 18
7526 7466 2
7526 7466 6
7526 7476 16
7526 7476 14
7526 7476 55
7526 7476 58
7526 7467 8
7526 7467 52
7526 7467 42
7526 7467 28
7526 7515 47
7526 7515 26
7526 7515 59
7526 7515 37
7526 7470 22
7526 7470 40
7526 7470 51
7526 7470 4
7526 5883 9
7526 5883 38
7526 5883 20
7526 5883 44
7526 7455 13
7526 7455 37
7526 7455 12
7526 7455 0
7526 7463 30
7526 7463 57
7526 7463 5
7526 7463 46
7526 7473 54
7526 7473 41
7526 7473 22
7526 7473 44
7526 7499 39
7526 7499 23
7526 7499 32
7526 7499 52
7526 7471 7
7526 7471 50
7526 7471 0
7526 7471 55
7526 7477 39
7526 7477 7
7526 7477 27
7526 7477 23
7394 5879 37
7394 5879 50
7394 5879 15
7394 5879 35
7394 5878 0
7394 5878 23
7394 5878 45
7394 5878 19
7394 7450 37
7394 7450 45
7394 7450 34
7394 7450 43
7394 7457 8
7394 7457 47
7394 7457 26
7394 7457 28
7394 5880 44
7394 5880 50
7394 5880 24
7394 5880 46
7394 7449 12
7394 7449 56
7394 7449 8
7394 7449 53
7394 7456 54
7394 7456 39
7394 7456 47
7394 7456 59
7394 7458 9
7394 7458 6
7394 7458 22
7394 7458 30
7394 7465 3
7394 7465 9
7394 7465 54
7394 7465 16
7394 5881 8
7394 5881 21
7394 5881 56
7394 5881 27
7394 7451 31
7394 7451 7
7394 7451 45
7394 7451 47
7394 7460 54
7394 7460 5
7394 7460 29
7394 7460 23
7394 7459 14
7394 7459 45
7394 7459 38
7394 7459 0
7394 7464 10
7394 7464 54
7394 7464 17
7394 7464 19
7394 7478 53
7394 7478 57
7394 7478 24
7394 7478 49
7394 7468 47
7394 7468 35
7394 7468 60
7394 7468 50
7394 5882 42
7394 5882 19
7394 5882 25
7394 5882 34
7394 7461 46
7394 7461 50
7394 7461 51
7394 7461 3
7394 7462 27
7394 7462 30
7394 7462 18
7394 7462 59
7394 7474 8
7394 7474 43
7394 7474 38
7394 7474 40
7394 7466 25
7394 7466 15
7394 7466 22
7394 7466 25
7394 7476 45
7394 7476 34
7394 7476 45
7394 7476 37
7394 7467 47
7394 7467 2
7394 7467 4
7394 7467 42
7394 7515 40
7394 7515 39
7394 7515 58
7394 7515 57
7394 7470 42
7394 7470 9
7394 7470 36
7394 7470 9
7394 5883 30
7394 5883 50
7394 5883 22
7394 5883 55
7394 7455 6
7394 7455 18
7394 7455 38
7394 7455 56
7394 7463 27
7394 7463 50
7394 7463 16
7394 7463 24
7394 7473 43
7394 7473 22
7394 7473 2
7394 7473 17
7394 7499 0
7394 7499 55
7394 7499 36
7394 7499 41
7394 7471 59
7394 7471 39
7394 7471 2
7394 7471 58
7394 7477 22
7394 7477 56
7394 7477 36
7394 7477 31
7472 5879 17
7472 5879 55
7472 5879 29
7472 5879 45
7472 5878 30
7472 5878 11
7472 5878 41
7472 5878 4
7472 7450 28
7472 7450 26
7472 7450 16
7472 7450 58
7472 7457 19
7472 7457 3
7472 7457 56
7472 7457 6
7472 5880 3
7472 5880 5
7472 5880 58
7472 5880 26
7472 7449 26
7472 7449 21
7472 7449 37
7472 7449 39
7472 7456 47
7472 7456 51
7472 7456 30
7472 7456 19
7472 7458 7
7472 7458 45
7472 7458 0
7472 7458 43
7472 7465 59
7472 7465 12
7472 7465 53
7472 7465 45
7472 5881 24
7472 5881 8
7472 5881 2
7472 5881 3
7472 7451 0
7472 7451 27
7472 7451 31
7472 7451 5
7472 7460 28
7472 7460 28
7472 7460 27
7472 7460 37
7472 7459 36
7472 7459 28
7472 7459 42
7472 7459 9
7472 7464 8
7472 7464 54
7472 7464 52
7472 7464 10
7472 7478 24
7472 7478 21
7472 7478 3
7472 7478 14
7472 7468 51
7472 7468 41
7472 7468 21
7472 7468 42
7472 5882 46
7472 5882 30
7472 5882 31
7472 5882 49
7472 7461 11
7472 7461 11
7472 7461 16
7472 7461 28
7472 7462 1
7472 7462 10
7472 7462 12
7472 7462 44
7472 7474 2
7472 7474 15
7472 7474 37
7472 7474 25
7472 7466 19
7472 7466 20
7472 7466 60
7472 7466 0
7472 7476 45
7472 7476 57
7472 7476 17
7472 7476 53
7472 7467 3
7472 7467 0
7472 7467 50
7472 7467 5
7472 7515 24
7472 7515 45
7472 7515 22
7472 7515 24
7472 7470 1
7472 7470 5
7472 7470 27
7472 7470 39
7472 5883 55
7472 5883 49
7472 5883 35
7472 5883 3
7472 7455 9
7472 7455 32
7472 7455 6
7472 7455 47
7472 7463 24
7472 7463 22
7472 7463 15
7472 7463 39
7472 7473 44
7472 7473 47
7472 7473 27
7472 7473 11
7472 7499 24
7472 7499 43
7472 7499 32
7472 7499 54
7472 7471 29
7472 7471 38
7472 7471 20
7472 7471 14
7472 7477 28
7472 7477 10
7472 7477 53
7472 7477 26
7508 5879 48
7508 5879 30
7508 5879 52
7508 5879 3
7508 5878 46
7508 5878 48
7508 5878 33
7508 5878 27
7508 7450 1
7508 7450 56
7508 7450 3
7508 7450 5
7508 7457 5
7508 7457 1
7508 7457 8
7508 7457 4
7508 5880 6
7508 5880 3
7508 5880 28
7508 5880 32
7508 7449 39
7508 7449 56
7508 7449 7
7508 7449 10
7508 7456 53
7508 7456 11
7508 7456 20
7508 7456 18
7508 7458 33
7508 7458 29
7508 7458 7
7508 7458 37
7508 7465 11
7508 7465 49
7508 7465 45
7508 7465 49
7508 5881 50
7508 5881 52
7508 5881 41
7508 5881 29
7508 7451 18
7508 7451 56
7508 7451 26
7508 7451 55
7508 7460 50
7508 7460 15
7508 7460 25
7508 7460 53
7508 7459 15
7508 7459 59
7508 7459 22
7508 7459 45
7508 7464 59
7508 7464 43
7508 7464 31
7508 7464 54
7508 7478 2
7508 7478 50
7508 7478 10
7508 7478 31
7508 7468 56
7508 7468 49
7508 7468 49
7508 7468 55
7508 5882 15
7508 5882 58
7508 5882 51
7508 5882 56
7508 7461 25
7508 7461 16
7508 7461 11
7508 7461 28
7508 7462 4
7508 7462 17
7508 7462 12
7508 7462 33
7508 7474 14
7508 7474 42
7508 7474 57
7508 7474 22
7508 7466 49
7508 7466 38
7508 7466 6
7508 7466 35
7508 7476 43
7508 7476 12
7508 7476 9
7508 7476 9
7508 7467 11
7508 7467 30
7508 7467 40
7508 7467 20
7508 7515 35
7508 7515 56
7508 7515 29
7508 7515 48
7508 7470 56
7508 7470 28
7508 7470 26
7508 7470 38
7508 5883 23
7508 5883 18
7508 5883 20
7508 5883 49
7508 7455 4
7508 7455 12
7508 7455 37
7508 7455 55
7508 7463 13
7508 7463 58
7508 7463 26
7508 7463 28
7508 7473 27
7508 7473 29
7508 7473 41
7508 7473 16
7508 7499 52
7508 7499 52
7508 7499 6
7508 7499 49
7508 7471 24
7508 7471 29
7508 7471 9
7508 7471 4
7508 7477 60
7508 7477 2
7508 7477 36
7508 7477 10
7514 5879 9
7514 5879 17
7514 5879 57
7514 5879 37
7514 5878 44
7514 5878 0
7514 5878 0
7514 5878 38
7514 7450 18
7514 7450 59
7514 7450 1
7514 7450 33
7514 7457 36
7514 7457 35
7514 7457 47
7514 7457 12
7514 5880 28
7514 5880 9
7514 5880 46
7514 5880 8
7514 7449 18
7514 7449 49
7514 7449 53
7514 7449 22
7514 7456 21
7514 7456 20
7514 7456 24
7514 7456 7
7514 7458 42
7514 7458 24
7514 7458 27
7514 7458 11
7514 7465 50
7514 7465 42
7514 7465 38
7514 7465 58
7514 5881 46
7514 5881 41
7514 5881 30
7514 5881 10
7514 7451 6
7514 7451 22
7514 7451 16
7514 7451 20
7514 7460 8
7514 7460 0
7514 7460 21
7514 7460 31
7514 7459 43
7514 7459 4
7514 7459 7
7514 7459 4
7514 7464 35
7514 7464 30
7514 7464 20
7514 7464 47
7514 7478 44
7514 7478 58
7514 7478 59
7514 7478 28
7514 7468 8
7514 7468 45
7514 7468 14
7514 7468 27
7514 5882 6
7514 5882 59
7514 5882 23
7514 5882 42
7514 7461 35
7514 7461 1
7514 7461 27
7514 7461 55
7514 7462 0
7514 7462 6
7514 7462 27
7514 7462 6
7514 7474 58
7514 7474 5
7514 7474 33
7514 7474 8
7514 7466 22
7514 7466 50
7514 7466 36
7514 7466 15
7514 7476 35
7514 7476 43
7514 7476 14
7514 7476 26
7514 7467 46
7514 7467 48
7514 7467 19
7514 7467 21
7514 7515 17
7514 7515 36
7514 7515 46
7514 7515 43
7514 7470 36
7514 7470 31
7514 7470 15
7514 7470 14
7514 5883 52
7514 5883 29
7514 5883 21
7514 5883 25
7514 7455 13
7514 7455 44
7514 7455 60
7514 7455 38
7514 7463 30
7514 7463 59
7514 7463 50
7514 7463 18
7514 7473 47
7514 7473 59
7514 7473 15
7514 7473 25
7514 7499 24
7514 7499 2
7514 7499 16
7514 7499 60
7514 7471 9
7514 7471 44
7514 7471 40
7514 7471 20
7514 7477 52
7514 7477 47
7514 7477 15
7514 7477 12
7517 5879 34
7517 5879 4
7517 5879 31
7517 5879 43
7517 5878 52
7517 5878 8
7517 5878 34
7517 5878 16
7517 7450 5
7517 7450 21
7517 7450 52
7517 7450 51
7517 7457 29
7517 7457 55
7517 7457 28
7517 7457 50
7517 5880 30
7517 5880 29
7517 5880 60
7517 5880 55
7517 7449 7
7517 7449 57
7517 7449 27
7517 7449 14
7517 7456 5
7517 7456 56
7517 7456 19
7517 7456 13
7517 7458 16
7517 7458 17
7517 7458 15
7517 7458 46
7517 7465 49
7517 7465 13
7517 7465 23
7517 7465 10
7517 5881 8
7517 5881 19
7517 5881 44
7517 5881 45
7517 7451 60
7517 7451 6
7517 7451 7
7517 7451 35
7517 7460 46
7517 7460 56
7517 7460 4
7517 7460 1
7517 7459 56
7517 7459 4
7517 7459 24
7517 7459 59
7517 7464 18
7517 7464 18
7517 7464 53
7517 7464 3
7517 7478 20
7517 7478 10
7517 7478 50
7517 7478 32
7517 7468 59
7517 7468 10
7517 7468 41
7517 7468 56
7517 5882 43
7517 5882 35
7517 5882 59
7517 5882 33
7517 7461 12
7517 7461 25
7517 7461 53
7517 7461 10
7517 7462 51
7517 7462 43
7517 7462 44
7517 7462 6
7517 7474 3
7517 7474 55
7517 7474 50
7517 7474 32
7517 7466 16
7517 7466 6
7517 7466 58
7517 7466 7
7517 7476 42
7517 7476 0
7517 7476 29
7517 7476 41
7517 7467 25
7517 7467 17
7517 7467 41
7517 7467 4
7517 7515 37
7517 7515 18
7517 7515 58
7517 7515 57
7517 7470 5
7517 7470 7
7517 7470 23
7517 7470 60
7517 5883 15
7517 5883 34
7517 5883 41
7517 5883 11
7517 7455 34
7517 7455 24
7517 7455 8
7517 7455 36
7517 7463 24
7517 7463 9
7517 7463 35
7517 7463 15
7517 7473 27
7517 7473 40
7517 7473 20
7517 7473 9
7517 7499 2
7517 7499 14
7517 7499 37
7517 7499 21
7517 7471 0
7517 7471 56
7517 7471 8
7517 7471 35
7517 7477 48
7517 7477 29
7517 7477 19
7517 7477 48
9651 5879 36
9651 5879 42
9651 5879 8
9651 5879 14
9651 5878 24
9651 5878 52
9651 5878 57
9651 5878 5
9651 7450 20
9651 7450 35
9651 7450 3
9651 7450 31
9651 7457 60
9651 7457 6
9651 7457 53
9651 7457 32
9651 5880 4
9651 5880 24
9651 5880 36
9651 5880 20
9651 7449 46
9651 7449 43
9651 7449 57
9651 7449 20
9651 7456 1
9651 7456 10
9651 7456 22
9651 7456 52
9651 7458 6
9651 7458 35
9651 7458 59
9651 7458 12
9651 7465 43
9651 7465 30
9651 7465 25
9651 7465 20
9651 5881 2
9651 5881 10
9651 5881 47
9651 5881 50
9651 7451 45
9651 7451 54
9651 7451 24
9651 7451 35
9651 7460 54
9651 7460 11
9651 7460 11
9651 7460 6
9651 7459 14
9651 7459 17
9651 7459 35
9651 7459 38
9651 7464 10
9651 7464 39
9651 7464 56
9651 7464 48
9651 7478 56
9651 7478 37
9651 7478 36
9651 7478 20
9651 7468 24
9651 7468 6
9651 7468 4
9651 7468 38
9651 5882 38
9651 5882 1
9651 5882 8
9651 5882 42
9651 7461 44
9651 7461 5
9651 7461 16
9651 7461 42
9651 7462 45
9651 7462 39
9651 7462 35
9651 7462 50
9651 7474 50
9651 7474 48
9651 7474 1
9651 7474 47
9651 7466 33
9651 7466 1
9651 7466 16
9651 7466 44
9651 7476 16
9651 7476 36
9651 7476 31
9651 7476 20
9651 7467 9
9651 7467 49
9651 7467 59
9651 7467 35
9651 7515 39
9651 7515 27
9651 7515 25
9651 7515 51
9651 7470 30
9651 7470 14
9651 7470 41
9651 7470 45
9651 5883 8
9651 5883 23
9651 5883 13
9651 5883 54
9651 7455 36
9651 7455 51
9651 7455 5
9651 7455 25
9651 7463 7
9651 7463 56
9651 7463 16
9651 7463 20
9651 7473 15
9651 7473 14
9651 7473 10
9651 7473 8
9651 7499 12
9651 7499 48
9651 7499 56
9651 7499 31
9651 7471 20
9651 7471 53
9651 7471 16
9651 7471 60
9651 7477 34
9651 7477 41
9651 7477 47
9651 7477 26
7408 5879 48
7408 5879 55
7408 5879 32
7408 5879 7
7408 5878 29
7408 5878 44
7408 5878 47
7408 5878 20
7408 7450 16
7408 7450 54
7408 7450 37
7408 7450 21
7408 7457 47
7408 7457 32
7408 7457 50
7408 7457 51
7408 5880 56
7408 5880 3
7408 5880 30
7408 5880 44
7408 7449 35
7408 7449 19
7408 7449 7
7408 7449 8
7408 7456 4
7408 7456 58
7408 7456 36
7408 7456 32
7408 7458 21
7408 7458 8
7408 7458 48
7408 7458 57
7408 7465 26
7408 7465 31
7408 7465 44
7408 7465 23
7408 5881 22
7408 5881 32
7408 5881 50
7408 5881 20
7408 7451 18
7408 7451 57
7408 7451 43
7408 7451 20
7408 7460 49
7408 7460 28
7408 7460 0
7408 7460 15
7408 7459 42
7408 7459 34
7408 7459 52
7408 7459 45
7408 7464 29
7408 7464 16
7408 7464 18
7408 7464 13
7408 7478 17
7408 7478 7
7408 7478 16
7408 7478 12
7408 7468 20
7408 7468 25
7408 7468 29
7408 7468 53
7408 5882 36
7408 5882 6
7408 5882 51
7408 5882 43
7408 7461 35
7408 7461 59
7408 7461 2
7408 7461 57
7408 7462 37
7408 7462 53
7408 7462 51
7408 7462 28
7408 7474 48
7408 7474 41
7408 7474 18
7408 7474 24
7408 7466 20
7408 7466 12
7408 7466 9
7408 7466 47
7408 7476 10
7408 7476 2
7408 7476 20
7408 7476 4
7408 7467 43
7408 7467 33
7408 7467 45
7408 7467 8
7408 7515 36
7408 7515 50
7408 7515 27
7408 7515 56
7408 7470 58
7408 7470 3
7408 7470 38
7408 7470 6
7408 5883 0
7408 5883 26
7408 5883 11
7408 5883 2
7408 7455 2
7408 7455 35
7408 7455 2
7408 7455 11
7408 7463 32
7408 7463 27
7408 7463 60
7408 7463 29
7408 7473 48
7408 7473 8
7408 7473 22
7408 7473 35
7408 7499 57
7408 7499 13
7408 7499 33
7408 7499 9
7408 7471 14
7408 7471 39
7408 7471 35
7408 7471 32
7408 7477 53
7408 7477 3
7408 7477 18
7408 7477 33
7419 5879 53
7419 5879 18
7419 5879 3
7419 5879 41
7419 5878 4
7419 5878 51
7419 5878 18
7419 5878 35
7419 7450 8
7419 7450 27
7419 7450 36
7419 7450 57
7419 7457 53
7419 7457 4
7419 7457 32
7419 7457 48
7419 5880 1
7419 5880 21
7419 5880 4
7419 5880 50
7419 7449 43
7419 7449 43
7419 7449 52
7419 7449 43
7419 7456 42
7419 7456 8
7419 7456 1
7419 7456 41
7419 7458 57
7419 7458 19
7419 7458 51
7419 7458 53
7419 7465 46
7419 7465 46
7419 7465 21
7419 7465 23
7419 5881 3
7419 5881 59
7419 5881 37
7419 5881 7
7419 7451 49
7419 7451 22
7419 7451 40
7419 7451 48
7419 7460 15
7419 7460 33
7419 7460 18
7419 7460 22
7419 7459 24
7419 7459 24
7419 7459 48
7419 7459 12
7419 7464 7
7419 7464 9
7419 7464 29
7419 7464 35
7419 7478 31
7419 7478 17
7419 7478 0
7419 7478 44
7419 7468 58
7419 7468 26
7419 7468 9
7419 7468 7
7419 5882 14
7419 5882 4
7419 5882 24
7419 5882 21
7419 7461 45
7419 7461 47
7419 7461 2
7419 7461 15
7419 7462 34
7419 7462 24
7419 7462 24
7419 7462 25
7419 7474 26
7419 7474 59
7419 7474 27
7419 7474 27
7419 7466 17
7419 7466 14
7419 7466 23
7419 7466 6
7419 7476 22
7419 7476 57
7419 7476 0
7419 7476 17
7419 7467 27
7419 7467 19
7419 7467 4
7419 7467 59
7419 7515 25
7419 7515 22
7419 7515 9
7419 7515 56
7419 7470 29
7419 7470 8
7419 7470 6
7419 7470 15
7419 5883 45
7419 5883 54
7419 5883 39
7419 5883 29
7419 7455 26
7419 7455 44
7419 7455 11
7419 7455 41
7419 7463 1
7419 7463 54
7419 7463 40
7419 7463 50
7419 7473 4
7419 7473 15
7419 7473 17
7419 7473 33
7419 7499 36
7419 7499 9
7419 7499 13
7419 7499 6
7419 7471 30
7419 7471 40
7419 7471 43
7419 7471 24
7419 7477 26
7419 7477 59
7419 7477 8
7419 7477 54
7421 5879 33
7421 5879 57
7421 5879 19
7421 5879 17
7421 5878 20
7421 5878 60
7421 5878 50
7421 5878 22
7421 7450 7
7421 7450 26
7421 7450 44
7421 7450 19
7421 7457 8
7421 7457 14
7421 7457 60
7421 7457 18
7421 5880 42
7421 5880 34
7421 5880 51
7421 5880 56
7421 7449 60
7421 7449 41
7421 7449 2
7421 7449 52
7421 7456 59
7421 7456 28
7421 7456 51
7421 7456 30
7421 7458 5
7421 7458 9
7421 7458 6
7421 7458 23
7421 7465 35
7421 7465 51
7421 7465 31
7421 7465 35
7421 5881 33
7421 5881 43
7421 5881 46
7421 5881 57
7421 7451 18
7421 7451 43
7421 7451 10
7421 7451 56
7421 7460 1
7421 7460 11
7421 7460 22
7421 7460 10
7421 7459 45
7421 7459 28
7421 7459 33
7421 7459 29
7421 7464 8
7421 7464 10
7421 7464 41
7421 7464 11
7421 7478 23
7421 7478 7
7421 7478 59
7421 7478 43
7421 7468 32
7421 7468 0
7421 7468 18
7421 7468 21
7421 5882 32
7421 5882 48
7421 5882 46
7421 5882 43
7421 7461 27
7421 7461 37
7421 7461 30
7421 7461 16
7421 7462 4
7421 7462 36
7421 7462 60
7421 7462 50
7421 7474 5
7421 7474 39
7421 7474 59
7421 7474 35
7421 7466 27
7421 7466 48
7421 7466 39
7421 7466 16
7421 7476 5
7421 7476 30
7421 7476 20
7421 7476 15
7421 7467 14
7421 7467 36
7421 7467 37
7421 7467 2
7421 7515 49
7421 7515 31
7421 7515 34
7421 7515 45
7421 7470 6
7421 7470 49
7421 7470 8
7421 7470 34
7421 5883 54
7421 5883 58
7421 5883 57
7421 5883 21
7421 7455 5
7421 7455 8
7421 7455 53
7421 7455 2
7421 7463 1
7421 7463 25
7421 7463 49
7421 7463 51
7421 7473 9
7421 7473 60
7421 7473 42
7421 7473 36
7421 7499 47
7421 7499 45
7421 7499 45
7421 7499 20
7421 7471 52
7421 7471 59
7421 7471 10
7421 7471 19
7421 7477 56
7421 7477 3
7421 7477 35
7421 7477 34
7441 5879 44
7441 5879 41
7441 5879 27
7441 5879 13
7441 5878 44
7441 5878 11
7441 5878 21
7441 5878 6
7441 7450 21
7441 7450 31
7441 7450 13
7441 7450 2
7441 7457 53
7441 7457 37
7441 7457 48
7441 7457 16
7441 5880 6
7441 5880 44
7441 5880 9
7441 5880 0
7441 7449 28
7441 7449 14
7441 7449 57
7441 7449 28
7441 7456 39
7441 7456 8
7441 7456 44
7441 7456 37
7441 7458 0
7441 7458 10
7441 7458 49
7441 7458 10
7441 7465 24
7441 7465 17
7441 7465 26
7441 7465 28
7441 5881 39
7441 5881 45
7441 5881 28
7441 5881 12
7441 7451 60
7441 7451 0
7441 7451 29
7441 7451 29
7441 7460 16
7441 7460 33
7441 7460 14
7441 7460 17
7441 7459 38
7441 7459 54
7441 7459 0
7441 7459 59
7441 7464 55
7441 7464 52
7441 7464 16
7441 7464 16
7441 7478 3
7441 7478 51
7441 7478 37
7441 7478 8
7441 7468 43
7441 7468 11
7441 7468 30
7441 7468 40
7441 5882 51
7441 5882 53
7441 5882 20
7441 5882 57
7441 7461 37
7441 7461 30
7441 7461 39
7441 7461 11
7441 7462 52
7441 7462 36
7441 7462 10
7441 7462 37
7441 7474 52
7441 7474 20
7441 7474 58
7441 7474 30
7441 7466 6
7441 7466 10
7441 7466 36
7441 7466 0
7441 7476 29
7441 7476 56
7441 7476 16
7441 7476 48
7441 7467 5
7441 7467 4
7441 7467 44
7441 7467 18
7441 7515 13
7441 7515 42
7441 7515 20
7441 7515 37
7441 7470 17
7441 7470 9
7441 7470 44
7441 7470 39
7441 5883 55
7441 5883 32
7441 5883 15
7441 5883 55
7441 7455 6
7441 7455 5
7441 7455 48
7441 7455 34
7441 7463 22
7441 7463 50
7441 7463 59
7441 7463 35
7441 7473 2
7441 7473 25
7441 7473 48
7441 7473 46
7441 7499 18
7441 7499 32
7441 7499 15
7441 7499 37
7441 7471 38
7441 7471 46
7441 7471 16
7441 7471 33
7441 7477 21
7441 7477 56
7441 7477 29
7441 7477 15
7445 5879 35
7445 5879 26
7445 5879 2
7445 5879 25
7445 5878 51
7445 5878 23
7445 5878 13
7445 5878 20
7445 7450 7
7445 7450 56
7445 7450 36
7445 7450 22
7445 7457 52
7445 7457 7
7445 7457 5
7445 7457 56
7445 5880 49
7445 5880 56
7445 5880 16
7445 5880 45
7445 7449 21
7445 7449 58
7445 7449 24
7445 7449 56
7445 7456 28
7445 7456 2
7445 7456 55
7445 7456 53
7445 7458 56
7445 7458 3
7445 7458 42
7445 7458 48
7445 7465 11
7445 7465 24
7445 7465 9
7445 7465 3
7445 5881 30
7445 5881 18
7445 5881 55
7445 5881 37
7445 7451 55
7445 7451 2
7445 7451 16
7445 7451 19
7445 7460 32
7445 7460 60
7445 7460 55
7445 7460 3
7445 7459 29
7445 7459 7
7445 7459 52
7445 7459 23
7445 7464 14
7445 7464 60
7445 7464 9
7445 7464 53
7445 7478 24
7445 7478 3
7445 7478 5
7445 7478 10
7445 7468 39
7445 7468 60
7445 7468 32
7445 7468 51
7445 5882 44
7445 5882 33
7445 5882 50
7445 5882 6
7445 7461 32
7445 7461 49
7445 7461 37
7445 7461 6
7445 7462 40
7445 7462 44
7445 7462 22
7445 7462 30
7445 7474 36
7445 7474 16
7445 7474 12
7445 7474 55
7445 7466 53
7445 7466 22
7445 7466 12
7445 7466 13
7445 7476 48
7445 7476 19
7445 7476 26
7445 7476 28
7445 7467 59
7445 7467 41
7445 7467 32
7445 7467 17
7445 7515 49
7445 7515 38
7445 7515 60
7445 7515 58
7445 7470 58
7445 7470 28
7445 7470 7
7445 7470 31
7445 5883 15
7445 5883 37
7445 5883 29
7445 5883 38
7445 7455 26
7445 7455 23
7445 7455 10
7445 7455 36
7445 7463 5
7445 7463 12
7445 7463 19
7445 7463 37
7445 7473 33
7445 7473 55
7445 7473 34
7445 7473 51
7445 7499 47
7445 7499 13
7445 7499 38
7445 7499 27
7445 7471 10
7445 7471 22
7445 7471 19
7445 7471 24
7445 7477 4
7445 7477 20
7445 7477 25
7445 7477 38
