6099 7407 32
6099 7407 39
6099 7406 43
6099 7406 31
6099 7405 37
6099 7405 41
6099 7414 16
6099 7414 9
6099 8339 25
6099 8339 7
6099 7423 56
6099 7423 57
6099 7404 58
6099 7404 0
6099 7409 48
6099 7409 14
6099 7413 22
6099 7413 49
6099 7417 60
6099 7417 34
6099 7425 54
6099 7425 35
6099 9172 2
6099 9172 7
6099 9812 0
6099 9812 27
6099 8340 27
6099 8340 1
6099 9810 0
6099 9810 8
6099 7422 46
6099 7422 16
6099 7419 24
6099 7419 55
6099 7408 32
6099 7408 26
6099 7418 39
6099 7418 45
6099 7416 23
6099 7416 51
6099 7424 18
6099 7424 50
6099 7415 5
6099 7415 18
6099 7428 6
6099 7428 19
6099 9171 58
6099 9171 58
6099 9173 54
6099 9173 15
6099 9813 45
6099 9813 38
6099 8341 19
6099 8341 56
6099 9811 43
6099 9811 1
6099 9820 30
6099 9820 43
6099 7394 7
6099 7394 9
6099 7470 37
6099 7470 41
6099 7395 27
6099 7395 59
6097 7407 27
6097 7407 15
6097 7406 18
6097 7406 23
6097 7405 2
6097 7405 33
6097 7414 30
6097 7414 11
6097 8339 50
6097 8339 56
6097 7423 50
6097 7423 9
6097 7404 21
6097 7404 46
6097 7409 37
6097 7409 55
6097 7413 52
6097 7413 56
6097 7417 22
6097 7417 6
6097 7425 15
6097 7425 3
6097 9172 45
6097 9172 49
6097 9812 24
6097 9812 53
6097 8340 10
6097 8340 20
6097 9810 39
6097 9810 49
6097 7422 16
6097 7422 27
6097 7419 3
6097 7419 7
6097 7408 46
6097 7408 54
6097 7418 40
6097 7418 36
6097 7416 5
6097 7416 23
6097 7424 47
6097 7424 41
6097 7415 47
6097 7415 26
6097 7428 45
6097 7428 59
6097 9171 35
6097 9171 36
6097 9173 0
6097 9173 43
6097 9813 17
6097 9813 9
6097 8341 21
6097 8341 39
6097 9811 26
6097 9811 18
6097 9820 42
6097 9820 0
6097 7394 56
6097 7394 38
6097 7470 54
6097 7470 29
6097 7395 20
6097 7395 15
5969 7407 18
5969 7407 37
5969 7406 21
5969 7406 8
5969 7405 40
5969 7405 46
5969 7414 22
5969 7414 52
5969 8339 37
5969 8339 19
5969 7423 53
5969 7423 17
5969 7404 36
5969 7404 44
5969 7409 57
5969 7409 49
5969 7413 26
5969 7413 44
5969 7417 40
5969 7417 17
5969 7425 28
5969 7425 10
5969 9172 55
5969 9172 25
5969 9812 30
5969 9812 59
5969 8340 60
5969 8340 46
5969 9810 32
5969 9810 7
5969 7422 11
5969 7422 49
5969 7419 20
5969 7419 9
5969 7408 51
5969 7408 42
5969 7418 52
5969 7418 47
5969 7416 16
5969 7416 2
5969 7424 8
5969 7424 16
5969 7415 24
5969 7415 40
5969 7428 46
5969 7428 46
5969 9171 36
5969 9171 6
5969 9173 22
5969 9173 56
5969 9813 59
5969 9813 19
5969 8341 37
5969 8341 17
5969 9811 56
5969 9811 37
5969 9820 2
5969 9820 16
5969 7394 47
5969 7394 59
5969 7470 35
5969 7470 10
5969 7395 8
5969 7395 45
6434 7407 16
6434 7407 60
6434 7406 56
6434 7406 40
6434 7405 41
6434 7405 59
6434 7414 12
6434 7414 21
6434 8339 25
6434 8339 50
6434 7423 28
6434 7423 25
6434 7404 50
6434 7404 35
6434 7409 17
6434 7409 25
6434 7413 42
6434 7413 5
6434 7417 18
6434 7417 11
6434 7425 4
6434 7425 34
6434 9172 58
6434 9172 50
6434 9812 20
6434 9812 33
6434 8340 38
6434 8340 40
6434 9810 7
6434 9810 5
6434 7422 14
6434 7422 21
6434 7419 19
6434 7419 9
6434 7408 9
6434 7408 36
6434 7418 23
6434 7418 38
6434 7416 35
6434 7416 53
6434 7424 48
6434 7424 49
6434 7415 53
6434 7415 55
6434 7428 60
6434 7428 53
6434 9171 59
6434 9171 37
6434 9173 11
6434 9173 40
6434 9813 40
6434 9813 12
6434 8341 33
6434 8341 21
6434 9811 42
6434 9811 26
6434 9820 55
6434 9820 36
6434 7394 52
6434 7394 36
6434 7470 12
6434 7470 43
6434 7395 51
6434 7395 7
6338 7407 29
6338 7407 6
6338 7406 50
6338 7406 56
6338 7405 4
6338 7405 2
6338 7414 55
6338 7414 60
6338 8339 19
6338 8339 5
6338 7423 4
6338 7423 55
6338 7404 57
6338 7404 38
6338 7409 2
6338 7409 3
6338 7413 33
6338 7413 7
6338 7417 48
6338 7417 43
6338 7425 5
6338 7425 45
6338 9172 16
6338 9172 6
6338 9812 22
6338 9812 35
6338 8340 10
6338 8340 44
6338 9810 54
6338 9810 2
6338 7422 25
6338 7422 18
6338 7419 20
6338 7419 27
6338 7408 51
6338 7408 19
6338 7418 47
6338 7418 11
6338 7416 37
6338 7416 18
6338 7424 59
6338 7424 29
6338 7415 39
6338 7415 3
6338 7428 12
6338 7428 44
6338 9171 0
6338 9171 27
6338 9173 27
6338 9173 45
6338 9813 41
6338 9813 46
6338 8341 10
6338 8341 46
6338 9811 32
6338 9811 53
6338 9820 28
6338 9820 40
6338 7394 53
6338 7394 2
6338 7470 21
6338 7470 43
6338 7395 35
6338 7395 60
6098 7407 55
6098 7407 30
6098 7406 9
6098 7406 1
6098 7405 4
6098 7405 37
6098 7414 10
6098 7414 8
6098 8339 17
6098 8339 22
6098 7423 20
6098 7423 38
6098 7404 34
6098 7404 0
6098 7409 4
6098 7409 47
6098 7413 18
6098 7413 29
6098 7417 5
6098 7417 22
6098 7425 56
6098 7425 22
6098 9172 12
6098 9172 10
6098 9812 5
6098 9812 20
6098 8340 36
6098 8340 35
6098 9810 45
6098 9810 60
6098 7422 41
6098 7422 28
6098 7419 56
6098 7419 24
6098 7408 46
6098 7408 22
6098 7418 54
6098 7418 50
6098 7416 27
6098 7416 15
6098 7424 9
6098 7424 26
6098 7415 43
6098 7415 18
6098 7428 9
6098 7428 56
6098 9171 3
6098 9171 28
6098 9173 32
6098 9173 46
6098 9813 41
6098 9813 39
6098 8341 57
6098 8341 52
6098 9811 21
6098 9811 25
6098 9820 33
6098 9820 28
6098 7394 48
6098 7394 2
6098 7470 21
6098 7470 39
6098 7395 20
6098 7395 5
6339 7407 15
6339 7407 25
6339 7406 59
6339 7406 55
6339 7405 8
6339 7405 52
6339 7414 52
6339 7414 46
6339 8339 47
6339 8339 19
6339 7423 14
6339 7423 52
6339 7404 45
6339 7404 2
6339 7409 33
6339 7409 4
6339 7413 45
6339 7413 38
6339 7417 20
6339 7417 57
6339 7425 15
6339 7425 48
6339 9172 33
6339 9172 41
6339 9812 5
6339 9812 27
6339 8340 11
6339 8340 59
6339 9810 59
6339 9810 20
6339 7422 17
6339 7422 18
6339 7419 15
6339 7419 46
6339 7408 13
6339 7408 10
6339 7418 21
6339 7418 45
6339 7416 55
6339 7416 36
6339 7424 18
6339 7424 4
6339 7415 57
6339 7415 29
6339 7428 38
6339 7428 10
6339 9171 33
6339 9171 54
6339 9173 21
6339 9173 51
6339 9813 46
6339 9813 20
6339 8341 43
6339 8341 42
6339 9811 23
6339 9811 0
6339 9820 23
6339 9820 9
6339 7394 33
6339 7394 15
6339 7470 27
6339 7470 57
6339 7395 8
6339 7395 1
5970 7407 46
5970 7407 45
5970 7406 14
5970 7406 14
5970 7405 29
5970 7405 12
5970 7414 18
5970 7414 58
5970 8339 18
5970 8339 53
5970 7423 1
5970 7423 47
5970 7404 3
5970 7404 56
5970 7409 34
5970 7409 11
5970 7413 33
5970 7413 32
5970 7417 9
5970 7417 28
5970 7425 56
5970 7425 32
5970 9172 1
5970 9172 56
5970 9812 7
5970 9812 30
5970 8340 48
5970 8340 31
5970 9810 53
5970 9810 27
5970 7422 21
5970 7422 32
5970 7419 42
5970 7419 57
5970 7408 11
5970 7408 44
5970 7418 17
5970 7418 46
5970 7416 27
5970 7416 50
5970 7424 46
5970 7424 36
5970 7415 51
5970 7415 16
5970 7428 11
5970 7428 52
5970 9171 1
5970 9171 49
5970 9173 46
5970 9173 17
5970 9813 39
5970 9813 27
5970 8341 7
5970 8341 23
5970 9811 1
5970 9811 50
5970 9820 26
5970 9820 8
5970 7394 54
5970 7394 14
5970 7470 8
5970 7470 16
5970 7395 49
5970 7395 31
9626 7407 28
9626 7407 19
9626 7406 47
9626 7406 51
9626 7405 59
9626 7405 53
9626 7414 45
9626 7414 23
9626 8339 24
9626 8339 47
9626 7423 28
9626 7423 3
9626 7404 51
9626 7404 43
9626 7409 0
9626 7409 6
9626 7413 29
9626 7413 38
9626 7417 13
9626 7417 20
9626 7425 25
9626 7425 28
9626 9172 5
9626 9172 60
9626 9812 42
9626 9812 60
9626 8340 27
9626 8340 57
9626 9810 2
9626 9810 48
9626 7422 2
9626 7422 45
9626 7419 30
9626 7419 34
9626 7408 42
9626 7408 35
9626 7418 35
9626 7418 25
9626 7416 39
9626 7416 56
9626 7424 33
9626 7424 59
9626 7415 10
9626 7415 1
9626 7428 42
9626 7428 21
9626 9171 45
9626 9171 6
9626 9173 43
9626 9173 4
9626 9813 56
9626 9813 2
9626 8341 36
9626 8341 25
9626 9811 3
9626 9811 56
9626 9820 45
9626 9820 31
9626 7394 9
9626 7394 25
9626 7470 31
9626 7470 58
9626 7395 47
9626 7395 7
6312 7407 39
6312 7407 41
6312 7406 55
6312 7406 17
6312 7405 60
6312 7405 48
6312 7414 48
6312 7414 54
6312 8339 2
6312 8339 0
6312 7423 2
6312 7423 53
6312 7404 35
6312 7404 38
6312 7409 29
6312 7409 13
6312 7413 33
6312 7413 11
6312 7417 45
6312 7417 13
6312 7425 39
6312 7425 14
6312 9172 49
6312 9172 58
6312 9812 12
6312 9812 4
6312 8340 6
6312 8340 45
6312 9810 27
6312 9810 40
6312 7422 58
6312 7422 36
6312 7419 25
6312 7419 2
6312 7408 20
6312 7408 60
6312 7418 3
6312 7418 38
6312 7416 31
6312 7416 0
6312 7424 45
6312 7424 20
6312 7415 17
6312 7415 46
6312 7428 57
6312 7428 3
6312 9171 59
6312 9171 58
6312 9173 7
6312 9173 14
6312 9813 11
6312 9813 55
6312 8341 38
6312 8341 56
6312 9811 54
6312 9811 51
6312 9820 53
6312 9820 52
6312 7394 21
6312 7394 42
6312 7470 13
6312 7470 27
6312 7395 23
6312 7395 41
6336 7407 2
6336 7407 26
6336 7406 25
6336 7406 52
6336 7405 58
6336 7405 17
6336 7414 18
6336 7414 1
6336 8339 29
6336 8339 14
6336 7423 13
6336 7423 57
6336 7404 51
6336 7404 57
6336 7409 50
6336 7409 3
6336 7413 34
6336 7413 56
6336 7417 28
6336 7417 51
6336 7425 36
6336 7425 19
6336 9172 33
6336 9172 32
6336 9812 46
6336 9812 12
6336 8340 38
6336 8340 9
6336 9810 4
6336 9810 7
6336 7422 44
6336 7422 26
6336 7419 47
6336 7419 8
6336 7408 2
6336 7408 11
6336 7418 5
6336 7418 0
6336 7416 32
6336 7416 40
6336 7424 25
6336 7424 46
6336 7415 42
6336 7415 23
6336 7428 60
6336 7428 29
6336 9171 10
6336 9171 10
6336 9173 40
6336 9173 34
6336 9813 9
6336 9813 47
6336 8341 56
6336 8341 33
6336 9811 4
6336 9811 25
6336 9820 8
6336 9820 58
6336 7394 23
6336 7394 5
6336 7470 44
6336 7470 13
6336 7395 34
6336 7395 2
6100 7407 55
6100 7407 47
6100 7406 55
6100 7406 0
6100 7405 20
6100 7405 8
6100 7414 52
6100 7414 51
6100 8339 14
6100 8339 35
6100 7423 45
6100 7423 15
6100 7404 54
6100 7404 9
6100 7409 17
6100 7409 36
6100 7413 57
6100 7413 20
6100 7417 5
6100 7417 56
6100 7425 36
6100 7425 8
6100 9172 35
6100 9172 56
6100 9812 30
6100 9812 11
6100 8340 46
6100 8340 35
6100 9810 24
6100 9810 60
6100 7422 16
6100 7422 38
6100 7419 11
6100 7419 51
6100 7408 53
6100 7408 37
6100 7418 45
6100 7418 4
6100 7416 43
6100 7416 37
6100 7424 21
6100 7424 40
6100 7415 3
6100 7415 28
6100 7428 35
6100 7428 22
6100 9171 18
6100 9171 38
6100 9173 21
6100 9173 44
6100 9813 38
6100 9813 7
6100 8341 34
6100 8341 10
6100 9811 52
6100 9811 9
6100 9820 9
6100 9820 14
6100 7394 1
6100 7394 32
6100 7470 53
6100 7470 0
6100 7395 2
6100 7395 56
6297 7407 22
6297 7407 56
6297 7406 60
6297 7406 22
6297 7405 40
6297 7405 53
6297 7414 12
6297 7414 37
6297 8339 40
6297 8339 46
6297 7423 53
6297 7423 55
6297 7404 4
6297 7404 5
6297 7409 7
6297 7409 20
6297 7413 50
6297 7413 46
6297 7417 3
6297 7417 50
6297 7425 10
6297 7425 26
6297 9172 4
6297 9172 6
6297 9812 58
6297 9812 29
6297 8340 20
6297 8340 11
6297 9810 43
6297 9810 39
6297 7422 9
6297 7422 6
6297 7419 28
6297 7419 58
6297 7408 21
6297 7408 2
6297 7418 22
6297 7418 53
6297 7416 1
6297 7416 21
6297 7424 60
6297 7424 30
6297 7415 15
6297 7415 38
6297 7428 5
6297 7428 35
6297 9171 7
6297 9171 31
6297 9173 23
6297 9173 21
6297 9813 35
6297 9813 6
6297 8341 26
6297 8341 12
6297 9811 56
6297 9811 46
6297 9820 10
6297 9820 44
6297 7394 39
6297 7394 1
6297 7470 54
6297 7470 60
6297 7395 21
6297 7395 36
6337 7407 42
6337 7407 30
6337 7406 59
6337 7406 30
6337 7405 60
6337 7405 50
6337 7414 12
6337 7414 10
6337 8339 34
6337 8339 5
6337 7423 24
6337 7423 12
6337 7404 54
6337 7404 33
6337 7409 43
6337 7409 23
6337 7413 7
6337 7413 5
6337 7417 46
6337 7417 26
6337 7425 44
6337 7425 35
6337 9172 10
6337 9172 48
6337 9812 4
6337 9812 42
6337 8340 42
6337 8340 25
6337 9810 3
6337 9810 17
6337 7422 39
6337 7422 51
6337 7419 16
6337 7419 21
6337 7408 43
6337 7408 16
6337 7418 58
6337 7418 0
6337 7416 24
6337 7416 58
6337 7424 6
6337 7424 24
6337 7415 22
6337 7415 2
6337 7428 10
6337 7428 53
6337 9171 60
6337 9171 54
6337 9173 17
6337 9173 48
6337 9813 51
6337 9813 8
6337 8341 40
6337 8341 56
6337 9811 30
6337 9811 41
6337 9820 56
6337 9820 33
6337 7394 12
6337 7394 36
6337 7470 58
6337 7470 36
6337 7395 18
6337 7395 57
6699 7407 60
6699 7407 12
6699 7406 37
6699 7406 1
6699 7405 27
6699 7405 5
6699 7414 35
6699 7414 23
6699 8339 40
6699 8339 16
6699 7423 11
6699 7423 57
6699 7404 19
6699 7404 18
6699 7409 60
6699 7409 12
6699 7413 17
6699 7413 51
6699 7417 53
6699 7417 47
6699 7425 48
6699 7425 15
6699 9172 18
6699 9172 53
6699 9812 17
6699 9812 30
6699 8340 8
6699 8340 12
6699 9810 40
6699 9810 4
6699 7422 58
6699 7422 44
6699 7419 3
6699 7419 29
6699 7408 53
6699 7408 16
6699 7418 30
6699 7418 49
6699 7416 56
6699 7416 5
6699 7424 30
6699 7424 31
6699 7415 29
6699 7415 26
6699 7428 57
6699 7428 54
6699 9171 50
6699 9171 47
6699 9173 29
6699 9173 46
6699 9813 9
6699 9813 15
6699 8341 41
6699 8341 49
6699 9811 36
6699 9811 11
6699 9820 6
6699 9820 39
6699 7394 54
6699 7394 10
6699 7470 38
6699 7470 16
6699 7395 53
6699 7395 16
8338 7407 15
8338 7407 48
8338 7406 35
8338 7406 16
8338 7405 40
8338 7405 59
8338 7414 18
8338 7414 1
8338 8339 46
8338 8339 40
8338 7423 42
8338 7423 53
8338 7404 40
8338 7404 58
8338 7409 20
8338 7409 0
8338 7413 1
8338 7413 8
8338 7417 44
8338 7417 23
8338 7425 51
8338 7425 57
8338 9172 29
8338 9172 13
8338 9812 52
8338 9812 57
8338 8340 27
8338 8340 36
8338 9810 18
8338 9810 12
8338 7422 39
8338 7422 55
8338 7419 31
8338 7419 38
8338 7408 22
8338 7408 28
8338 7418 38
8338 7418 31
8338 7416 24
8338 7416 0
8338 7424 39
8338 7424 14
8338 7415 45
8338 7415 54
8338 7428 33
8338 7428 26
8338 9171 41
8338 9171 49
8338 9173 40
8338 9173 14
8338 9813 30
8338 9813 51
8338 8341 54
8338 8341 55
8338 9811 19
8338 9811 47
8338 9820 56
8338 9820 42
8338 7394 13
8338 7394 54
8338 7470 19
8338 7470 35
8338 7395 52
8338 7395 17
9625 7407 41
9625 7407 39
9625 7406 35
9625 7406 34
9625 7405 1
9625 7405 27
9625 7414 2
9625 7414 27
9625 8339 54
9625 8339 22
9625 7423 28
9625 7423 18
9625 7404 46
9625 7404 2
9625 7409 52
9625 7409 23
9625 7413 33
9625 7413 22
9625 7417 32
9625 7417 8
9625 7425 58
9625 7425 21
9625 9172 56
9625 9172 37
9625 9812 21
9625 9812 46
9625 8340 44
9625 8340 46
9625 9810 50
9625 9810 19
9625 7422 51
9625 7422 41
9625 7419 4
9625 7419 57
9625 7408 44
9625 7408 10
9625 7418 4
9625 7418 43
9625 7416 42
9625 7416 57
9625 7424 31
9625 7424 47
9625 7415 40
9625 7415 44
9625 7428 46
9625 7428 8
9625 9171 54
9625 9171 43
9625 9173 54
9625 9173 42
9625 9813 24
9625 9813 60
9625 8341 27
9625 8341 26
9625 9811 47
9625 9811 9
9625 9820 13
9625 9820 17
9625 7394 51
9625 7394 29
9625 7470 18
9625 7470 20
9625 7395 60
9625 7395 10
7322 7407 47
7322 7407 43
7322 7406 44
7322 7406 29
7322 7405 29
7322 7405 28
7322 7414 15
7322 7414 47
7322 8339 42
7322 8339 25
7322 7423 50
7322 7423 5
7322 7404 14
7322 7404 19
7322 7409 27
7322 7409 38
7322 7413 27
7322 7413 42
7322 7417 59
7322 7417 31
7322 7425 59
7322 7425 54
7322 9172 53
7322 9172 29
7322 9812 22
7322 9812 44
7322 8340 60
7322 8340 18
7322 9810 13
7322 9810 16
7322 7422 52
7322 7422 9
7322 7419 1
7322 7419 1
7322 7408 46
7322 7408 31
7322 7418 13
7322 7418 1
7322 7416 46
7322 7416 27
7322 7424 35
7322 7424 13
7322 7415 15
7322 7415 24
7322 7428 54
7322 7428 54
7322 9171 48
7322 9171 0
7322 9173 41
7322 9173 41
7322 9813 57
7322 9813 30
7322 8341 35
7322 8341 25
7322 9811 21
7322 9811 5
7322 9820 41
7322 9820 42
7322 7394 24
7322 7394 52
7322 7470 25
7322 7470 42
7322 7395 27
7322 7395 35
6137 7407 41
6137 7407 6
6137 7406 31
6137 7406 41
6137 7405 37
6137 7405 25
6137 7414 12
6137 7414 2
6137 8339 7
6137 8339 48
6137 7423 51
6137 7423 13
6137 7404 51
6137 7404 50
6137 7409 39
6137 7409 34
6137 7413 31
6137 7413 26
6137 7417 26
6137 7417 46
6137 7425 31
6137 7425 43
6137 9172 8
6137 9172 10
6137 9812 20
6137 9812 33
6137 8340 32
6137 8340 16
6137 9810 36
6137 9810 44
6137 7422 20
6137 7422 28
6137 7419 13
6137 7419 38
6137 7408 1
6137 7408 55
6137 7418 31
6137 7418 56
6137 7416 12
6137 7416 20
6137 7424 45
6137 7424 49
6137 7415 4
6137 7415 42
6137 7428 35
6137 7428 60
6137 9171 22
6137 9171 0
6137 9173 47
6137 9173 20
6137 9813 24
6137 9813 5
6137 8341 11
6137 8341 0
6137 9811 49
6137 9811 19
6137 9820 41
6137 9820 12
6137 7394 43
6137 7394 31
6137 7470 49
6137 7470 31
6137 7395 21
6137 7395 26
6310 7407 47
6310 7407 32
6310 7406 49
6310 7406 54
6310 7405 43
6310 7405 52
6310 7414 31
6310 7414 56
6310 8339 49
6310 8339 11
6310 7423 21
6310 7423 0
6310 7404 34
6310 7404 4
6310 7409 10
6310 7409 49
6310 7413 22
6310 7413 37
6310 7417 39
6310 7417 25
6310 7425 58
6310 7425 58
6310 9172 47
6310 9172 39
6310 9812 2
6310 9812 25
6310 8340 17
6310 8340 50
6310 9810 8
6310 9810 40
6310 7422 11
6310 7422 6
6310 7419 8
6310 7419 31
6310 7408 12
6310 7408 13
6310 7418 17
6310 7418 37
6310 7416 33
6310 7416 24
6310 7424 20
6310 7424 13
6310 7415 20
6310 7415 42
6310 7428 4
6310 7428 17
6310 9171 22
6310 9171 33
6310 9173 13
6310 9173 3
6310 9813 58
6310 9813 49
6310 8341 46
6310 8341 22
6310 9811 19
6310 9811 7
6310 9820 14
6310 9820 31
6310 7394 31
6310 7394 15
6310 7470 25
6310 7470 32
6310 7395 13
6310 7395 26
6322 7407 20
6322 7407 9
6322 7406 24
6322 7406 0
6322 7405 28
6322 7405 43
6322 7414 57
6322 7414 14
6322 8339 0
6322 8339 21
6322 7423 0
6322 7423 31
6322 7404 57
6322 7404 13
6322 7409 28
6322 7409 5
6322 7413 25
6322 7413 51
6322 7417 18
6322 7417 59
6322 7425 42
6322 7425 14
6322 9172 19
6322 9172 49
6322 9812 55
6322 9812 45
6322 8340 44
6322 8340 46
6322 9810 31
6322 9810 30
6322 7422 19
6322 7422 58
6322 7419 2
6322 7419 11
6322 7408 17
6322 7408 31
6322 7418 1
6322 7418 1
6322 7416 57
6322 7416 2
6322 7424 24
6322 7424 52
6322 7415 15
6322 7415 31
6322 7428 12
6322 7428 51
6322 9171 22
6322 9171 35
6322 9173 53
6322 9173 7
6322 9813 53
6322 9813 41
6322 8341 29
6322 8341 29
6322 9811 7
6322 9811 10
6322 9820 45
6322 9820 34
6322 7394 31
6322 7394 34
6322 7470 9
6322 7470 2
6322 7395 50
6322 7395 43
6373 7407 5
6373 7407 42
6373 7406 8
6373 7406 3
6373 7405 21
6373 7405 60
6373 7414 8
6373 7414 33
6373 8339 50
6373 8339 19
6373 7423 0
6373 7423 51
6373 7404 42
6373 7404 43
6373 7409 33
6373 7409 44
6373 7413 42
6373 7413 45
6373 7417 5
6373 7417 46
6373 7425 14
6373 7425 21
6373 9172 26
6373 9172 26
6373 9812 29
6373 9812 56
6373 8340 3
6373 8340 41
6373 9810 54
6373 9810 51
6373 7422 8
6373 7422 4
6373 7419 48
6373 7419 27
6373 7408 35
6373 7408 56
6373 7418 10
6373 7418 50
6373 7416 4
6373 7416 27
6373 7424 18
6373 7424 26
6373 7415 10
6373 7415 5
6373 7428 57
6373 7428 35
6373 9171 34
6373 9171 48
6373 9173 20
6373 9173 30
6373 9813 20
6373 9813 47
6373 8341 5
6373 8341 4
6373 9811 20
6373 9811 47
6373 9820 42
6373 9820 3
6373 7394 43
6373 7394 4
6373 7470 34
6373 7470 57
6373 7395 16
6373 7395 18
6296 7407 59
6296 7407 4
6296 7406 55
6296 7406 14
6296 7405 33
6296 7405 13
6296 7414 47
6296 7414 15
6296 8339 59
6296 8339 14
6296 7423 45
6296 7423 26
6296 7404 21
6296 7404 20
6296 7409 3
6296 7409 22
6296 7413 47
6296 7413 46
6296 7417 32
6296 7417 30
6296 7425 3
6296 7425 23
6296 9172 11
6296 9172 5
6296 9812 24
6296 9812 18
6296 8340 51
6296 8340 0
6296 9810 39
6296 9810 56
6296 7422 28
6296 7422 12
6296 7419 44
6296 7419 25
6296 7408 18
6296 7408 25
6296 7418 9
6296 7418 9
6296 7416 2
6296 7416 59
6296 7424 40
6296 7424 15
6296 7415 12
6296 7415 21
6296 7428 46
6296 7428 18
6296 9171 25
6296 9171 25
6296 9173 11
6296 9173 8
6296 9813 39
6296 9813 3
6296 8341 33
6296 8341 49
6296 9811 51
6296 9811 57
6296 9820 23
6296 9820 7
6296 7394 10
6296 7394 32
6296 7470 43
6296 7470 31
6296 7395 60
6296 7395 3
7323 7407 21
7323 7407 10
7323 7406 11
7323 7406 34
7323 7405 24
7323 7405 21
7323 7414 47
7323 7414 19
7323 8339 42
7323 8339 42
7323 7423 42
7323 7423 34
7323 7404 2
7323 7404 40
7323 7409 21
7323 7409 10
7323 7413 39
7323 7413 54
7323 7417 59
7323 7417 4
7323 7425 46
7323 7425 48
7323 9172 28
7323 9172 15
7323 9812 4
7323 9812 5
7323 8340 48
7323 8340 5
7323 9810 37
7323 9810 49
7323 7422 1
7323 7422 36
7323 7419 54
7323 7419 16
7323 7408 6
7323 7408 59
7323 7418 35
7323 7418 34
7323 7416 57
7323 7416 55
7323 7424 38
7323 7424 2
7323 7415 5
7323 7415 41
7323 7428 20
7323 7428 23
7323 9171 23
7323 9171 2
7323 9173 6
7323 9173 24
7323 9813 35
7323 9813 31
7323 8341 14
7323 8341 26
7323 9811 44
7323 9811 47
7323 9820 58
7323 9820 53
7323 7394 0
7323 7394 36
7323 7470 56
7323 7470 31
7323 7395 9
7323 7395 40
9546 7407 2
9546 7407 23
9546 7406 27
9546 7406 15
9546 7405 40
9546 7405 60
9546 7414 39
9546 7414 28
9546 8339 3
9546 8339 34
9546 7423 43
9546 7423 7
9546 7404 46
9546 7404 39
9546 7409 5
9546 7409 13
9546 7413 7
9546 7413 11
9546 7417 5
9546 7417 23
9546 7425 55
9546 7425 15
9546 9172 10
9546 9172 22
9546 9812 22
9546 9812 58
9546 8340 25
9546 8340 14
9546 9810 8
9546 9810 23
9546 7422 9
9546 7422 26
9546 7419 49
9546 7419 42
9546 7408 34
9546 7408 13
9546 7418 29
9546 7418 24
9546 7416 36
9546 7416 15
9546 7424 52
9546 7424 25
9546 7415 49
9546 7415 34
9546 7428 58
9546 7428 35
9546 9171 32
9546 9171 17
9546 9173 32
9546 9173 49
9546 9813 31
9546 9813 25
9546 8341 60
9546 8341 27
9546 9811 14
9546 9811 19
9546 9820 5
9546 9820 15
9546 7394 27
9546 7394 10
9546 7470 46
9546 7470 24
9546 7395 51
9546 7395 15
6136 7407 30
6136 7407 21
6136 7406 12
6136 7406 43
6136 7405 36
6136 7405 43
6136 7414 23
6136 7414 54
6136 8339 50
6136 8339 3
6136 7423 8
6136 7423 9
6136 7404 5
6136 7404 18
6136 7409 31
6136 7409 14
6136 7413 22
6136 7413 27
6136 7417 48
6136 7417 2
6136 7425 20
6136 7425 25
6136 9172 17
6136 9172 19
6136 9812 45
6136 9812 56
6136 8340 16
6136 8340 36
6136 9810 34
6136 9810 60
6136 7422 19
6136 7422 30
6136 7419 49
6136 7419 58
6136 7408 20
6136 7408 43
6136 7418 12
6136 7418 19
6136 7416 33
6136 7416 45
6136 7424 53
6136 7424 39
6136 7415 36
6136 7415 59
6136 7428 16
6136 7428 30
6136 9171 34
6136 9171 19
6136 9173 48
6136 9173 47
6136 9813 0
6136 9813 19
6136 8341 40
6136 8341 10
6136 9811 17
6136 9811 40
6136 9820 56
6136 9820 41
6136 7394 18
6136 7394 37
6136 7470 5
6136 7470 49
6136 7395 16
6136 7395 50
6309 7407 46
6309 7407 39
6309 7406 13
6309 7406 25
6309 7405 31
6309 7405 12
6309 7414 43
6309 7414 57
6309 8339 51
6309 8339 60
6309 7423 12
6309 7423 21
6309 7404 26
6309 7404 56
6309 7409 42
6309 7409 25
6309 7413 17
6309 7413 32
6309 7417 57
6309 7417 58
6309 7425 55
6309 7425 30
6309 9172 50
6309 9172 53
6309 9812 51
6309 9812 13
6309 8340 39
6309 8340 54
6309 9810 15
6309 9810 56
6309 7422 25
6309 7422 18
6309 7419 6
6309 7419 25
6309 7408 51
6309 7408 43
6309 7418 26
6309 7418 16
6309 7416 45
6309 7416 57
6309 7424 26
6309 7424 9
6309 7415 25
6309 7415 40
6309 7428 27
6309 7428 31
6309 9171 5
6309 9171 29
6309 9173 22
6309 9173 36
6309 9813 40
6309 9813 20
6309 8341 20
6309 8341 48
6309 9811 53
6309 9811 23
6309 9820 37
6309 9820 10
6309 7394 51
6309 7394 45
6309 7470 57
6309 7470 3
6309 7395 24
6309 7395 16
6320 7407 20
6320 7407 40
6320 7406 43
6320 7406 25
6320 7405 9
6320 7405 21
6320 7414 55
6320 7414 57
6320 8339 23
6320 8339 48
6320 7423 36
6320 7423 51
6320 7404 37
6320 7404 56
6320 7409 26
6320 7409 52
6320 7413 1
6320 7413 41
6320 7417 30
6320 7417 12
6320 7425 26
6320 7425 11
6320 9172 26
6320 9172 16
6320 9812 46
6320 9812 49
6320 8340 41
6320 8340 54
6320 9810 23
6320 9810 12
6320 7422 43
6320 7422 7
6320 7419 44
6320 7419 29
6320 7408 45
6320 7408 2
6320 7418 50
6320 7418 2
6320 7416 11
6320 7416 5
6320 7424 9
6320 7424 10
6320 7415 56
6320 7415 49
6320 7428 26
6320 7428 31
6320 9171 40
6320 9171 50
6320 9173 23
6320 9173 11
6320 9813 57
6320 9813 49
6320 8341 48
6320 8341 46
6320 9811 25
6320 9811 23
6320 9820 39
6320 9820 34
6320 7394 4
6320 7394 37
6320 7470 9
6320 7470 40
6320 7395 51
6320 7395 46
6323 7407 39
6323 7407 19
6323 7406 51
6323 7406 10
6323 7405 38
6323 7405 8
6323 7414 32
6323 7414 19
6323 8339 20
6323 8339 46
6323 7423 9
6323 7423 10
6323 7404 33
6323 7404 2
6323 7409 56
6323 7409 43
6323 7413 4
6323 7413 21
6323 7417 36
6323 7417 24
6323 7425 49
6323 7425 9
6323 9172 7
6323 9172 44
6323 9812 41
6323 9812 17
6323 8340 48
6323 8340 58
6323 9810 20
6323 9810 59
6323 7422 8
6323 7422 20
6323 7419 45
6323 7419 50
6323 7408 7
6323 7408 39
6323 7418 31
6323 7418 13
6323 7416 10
6323 7416 5
6323 7424 20
6323 7424 23
6323 7415 50
6323 7415 52
6323 7428 2
6323 7428 26
6323 9171 34
6323 9171 52
6323 9173 58
6323 9173 42
6323 9813 25
6323 9813 39
6323 8341 2
6323 8341 35
6323 9811 55
6323 9811 34
6323 9820 37
6323 9820 20
6323 7394 59
6323 7394 35
6323 7470 25
6323 7470 22
6323 7395 37
6323 7395 44
6302 7407 6
6302 7407 29
6302 7406 24
6302 7406 0
6302 7405 39
6302 7405 2
6302 7414 4
6302 7414 55
6302 8339 23
6302 8339 17
6302 7423 39
6302 7423 13
6302 7404 52
6302 7404 10
6302 7409 27
6302 7409 52
6302 7413 57
6302 7413 54
6302 7417 30
6302 7417 21
6302 7425 14
6302 7425 34
6302 9172 19
6302 9172 19
6302 9812 31
6302 9812 25
6302 8340 34
6302 8340 39
6302 9810 12
6302 9810 24
6302 7422 30
6302 7422 1
6302 7419 33
6302 7419 1
6302 7408 9
6302 7408 58
6302 7418 5
6302 7418 44
6302 7416 42
6302 7416 31
6302 7424 51
6302 7424 26
6302 7415 52
6302 7415 10
6302 7428 44
6302 7428 53
6302 9171 57
6302 9171 27
6302 9173 59
6302 9173 4
6302 9813 58
6302 9813 58
6302 8341 26
6302 8341 59
6302 9811 27
6302 9811 10
6302 9820 43
6302 9820 20
6302 7394 20
6302 7394 48
6302 7470 3
6302 7470 50
6302 7395 31
6302 7395 5
5886 7407 49
5886 7407 32
5886 7406 27
5886 7406 35
5886 7405 42
5886 7405 2
5886 7414 41
5886 7414 57
5886 8339 30
5886 8339 38
5886 7423 26
5886 7423 4
5886 7404 17
5886 7404 14
5886 7409 23
5886 7409 45
5886 7413 1
5886 7413 8
5886 7417 45
5886 7417 22
5886 7425 44
5886 7425 24
5886 9172 33
5886 9172 34
5886 9812 28
5886 9812 60
5886 8340 60
5886 8340 59
5886 9810 23
5886 9810 24
5886 7422 45
5886 7422 6
5886 7419 52
5886 7419 20
5886 7408 17
5886 7408 46
5886 7418 12
5886 7418 42
5886 7416 18
5886 7416 14
5886 7424 9
5886 7424 41
5886 7415 32
5886 7415 9
5886 7428 53
5886 7428 42
5886 9171 30
5886 9171 14
5886 9173 43
5886 9173 34
5886 9813 18
5886 9813 16
5886 8341 59
5886 8341 59
5886 9811 21
5886 9811 46
5886 9820 3
5886 9820 0
5886 7394 52
5886 7394 12
5886 7470 46
5886 7470 0
5886 7395 51
5886 7395 59
5887 7407 0
5887 7407 34
5887 7406 19
5887 7406 47
5887 7405 43
5887 7405 37
5887 7414 10
5887 7414 29
5887 8339 53
5887 8339 50
5887 7423 54
5887 7423 53
5887 7404 48
5887 7404 6
5887 7409 9
5887 7409 36
5887 7413 30
5887 7413 30
5887 7417 26
5887 7417 37
5887 7425 46
5887 7425 47
5887 9172 1
5887 9172 0
5887 9812 15
5887 9812 13
5887 8340 4
5887 8340 33
5887 9810 7
5887 9810 2
5887 7422 51
5887 7422 1
5887 7419 8
5887 7419 36
5887 7408 40
5887 7408 50
5887 7418 1
5887 7418 29
5887 7416 19
5887 7416 46
5887 7424 3
5887 7424 30
5887 7415 59
5887 7415 7
5887 7428 35
5887 7428 27
5887 9171 35
5887 9171 35
5887 9173 54
5887 9173 39
5887 9813 7
5887 9813 52
5887 8341 36
5887 8341 57
5887 9811 55
5887 9811 17
5887 9820 60
5887 9820 13
5887 7394 32
5887 7394 34
5887 7470 6
5887 7470 34
5887 7395 24
5887 7395 33
