4370 4053 37
4370 4052 16
4370 4045 25
4370 4054 20
4370 4294 19
4370 4051 53
4370 4043 24
4370 4293 53
4370 4048 37
4370 5192 12
4370 4059 32
4370 4298 11
4370 4301 25
4370 4050 6
4370 4042 32
4370 4292 48
4370 4044 9
4370 4300 56
4370 4055 22
4370 4056 18
4370 4295 60
4370 4304 16
4370 4302 54
4370 4324 57
4370 4049 13
4370 4041 29
4370 4284 31
4370 5177 22
4370 4299 59
4370 4323 36
4370 4057 3
4370 4058 42
4369 4053 35
4369 4052 4
4369 4045 26
4369 4054 23
4369 4294 53
4369 4051 33
4369 4043 34
4369 4293 39
4369 4048 35
4369 5192 44
4369 4059 47
4369 4298 49
4369 4301 46
4369 4050 18
4369 4042 21
4369 4292 57
4369 4044 35
4369 4300 7
4369 4055 22
4369 4056 25
4369 4295 33
4369 4304 52
4369 4302 47
4369 4324 17
4369 4049 58
4369 4041 31
4369 4284 20
4369 5177 46
4369 4299 12
4369 4323 33
4369 4057 47
4369 4058 52
4384 4053 59
4384 4052 42
4384 4045 57
4384 4054 10
4384 4294 27
4384 4051 40
4384 4043 21
4384 4293 57
4384 4048 25
4384 5192 46
4384 4059 21
4384 4298 13
4384 4301 55
4384 4050 18
4384 4042 14
4384 4292 1
4384 4044 12
4384 4300 5
4384 4055 2
4384 4056 3
4384 4295 60
4384 4304 27
4384 4302 7
4384 4324 13
4384 4049 7
4384 4041 21
4384 4284 55
4384 5177 51
4384 4299 14
4384 4323 40
4384 4057 57
4384 4058 51
4367 4053 25
4367 4052 11
4367 4045 19
4367 4054 48
4367 4294 17
4367 4051 41
4367 4043 17
4367 4293 34
4367 4048 21
4367 5192 31
4367 4059 16
4367 4298 2
4367 4301 6
4367 4050 60
4367 4042 33
4367 4292 24
4367 4044 36
4367 4300 32
4367 4055 56
4367 4056 15
4367 4295 52
4367 4304 7
4367 4302 25
4367 4324 6
4367 4049 2
4367 4041 31
4367 4284 14
4367 5177 26
4367 4299 14
4367 4323 1
4367 4057 29
4367 4058 40
4388 4053 39
4388 4052 48
4388 4045 9
4388 4054 56
4388 4294 53
4388 4051 5
4388 4043 54
4388 4293 41
4388 4048 59
4388 5192 11
4388 4059 30
4388 4298 53
4388 4301 28
4388 4050 58
4388 4042 60
4388 4292 2
4388 4044 16
4388 4300 60
4388 4055 59
4388 4056 6
4388 4295 59
4388 4304 45
4388 4302 50
4388 4324 58
4388 4049 30
4388 4041 32
4388 4284 20
4388 5177 60
4388 4299 33
4388 4323 32
4388 4057 18
4388 4058 15
4361 4053 29
4361 4052 29
4361 4045 11
4361 4054 26
4361 4294 21
4361 4051 14
4361 4043 47
4361 4293 45
4361 4048 2
4361 5192 45
4361 4059 7
4361 4298 53
4361 4301 1
4361 4050 59
4361 4042 19
4361 4292 36
4361 4044 13
4361 4300 16
4361 4055 1
4361 4056 39
4361 4295 11
4361 4304 27
4361 4302 30
4361 4324 14
4361 4049 9
4361 4041 0
4361 4284 7
4361 5177 21
4361 4299 47
4361 4323 56
4361 4057 41
4361 4058 3
4383 4053 6
4383 4052 49
4383 4045 44
4383 4054 14
4383 4294 37
4383 4051 6
4383 4043 33
4383 4293 43
4383 4048 21
4383 5192 58
4383 4059 36
4383 4298 12
4383 4301 30
4383 4050 20
4383 4042 46
4383 4292 29
4383 4044 43
4383 4300 11
4383 4055 39
4383 4056 9
4383 4295 48
4383 4304 50
4383 4302 31
4383 4324 27
4383 4049 49
4383 4041 37
4383 4284 39
4383 5177 37
4383 4299 47
4383 4323 10
4383 4057 24
4383 4058 49
4387 4053 44
4387 4052 2
4387 4045 37
4387 4054 7
4387 4294 6
4387 4051 28
4387 4043 28
4387 4293 40
4387 4048 24
4387 5192 46
4387 4059 11
4387 4298 15
4387 4301 25
4387 4050 25
4387 4042 12
4387 4292 39
4387 4044 33
4387 4300 24
4387 4055 15
4387 4056 51
4387 4295 7
4387 4304 52
4387 4302 12
4387 4324 5
4387 4049 56
4387 4041 7
4387 4284 38
4387 5177 55
4387 4299 32
4387 4323 35
4387 4057 55
4387 4058 41
4386 4053 47
4386 4052 36
4386 4045 3
4386 4054 17
4386 4294 21
4386 4051 21
4386 4043 32
4386 4293 20
4386 4048 32
4386 5192 1
4386 4059 44
4386 4298 57
4386 4301 27
4386 4050 52
4386 4042 59
4386 4292 42
4386 4044 1
4386 4300 55
4386 4055 49
4386 4056 15
4386 4295 48
4386 4304 6
4386 4302 34
4386 4324 49
4386 4049 8
4386 4041 6
4386 4284 10
4386 5177 46
4386 4299 4
4386 4323 34
4386 4057 2
4386 4058 34
4364 4053 12
4364 4052 59
4364 4045 50
4364 4054 41
4364 4294 9
4364 4051 29
4364 4043 20
4364 4293 35
4364 4048 24
4364 5192 13
4364 4059 58
4364 4298 56
4364 4301 18
4364 4050 57
4364 4042 27
4364 4292 15
4364 4044 54
4364 4300 20
4364 4055 38
4364 4056 27
4364 4295 35
4364 4304 58
4364 4302 47
4364 4324 40
4364 4049 22
4364 4041 7
4364 4284 32
4364 5177 20
4364 4299 49
4364 4323 39
4364 4057 49
4364 4058 40
4368 4053 15
4368 4052 33
4368 4045 33
4368 4054 38
4368 4294 53
4368 4051 45
4368 4043 40
4368 4293 45
4368 4048 13
4368 5192 30
4368 4059 40
4368 4298 3
4368 4301 48
4368 4050 49
4368 4042 46
4368 4292 16
4368 4044 38
4368 4300 47
4368 4055 58
4368 4056 13
4368 4295 52
4368 4304 47
4368 4302 2
4368 4324 24
4368 4049 18
4368 4041 40
4368 4284 28
4368 5177 32
4368 4299 33
4368 4323 33
4368 4057 31
4368 4058 31
4393 4053 45
4393 4052 45
4393 4045 46
4393 4054 45
4393 4294 5
4393 4051 6
4393 4043 14
4393 4293 48
4393 4048 35
4393 5192 17
4393 4059 50
4393 4298 6
4393 4301 53
4393 4050 44
4393 4042 34
4393 4292 4
4393 4044 10
4393 4300 39
4393 4055 46
4393 4056 25
4393 4295 25
4393 4304 14
4393 4302 47
4393 4324 28
4393 4049 51
4393 4041 13
4393 4284 2
4393 5177 51
4393 4299 28
4393 4323 5
4393 4057 2
4393 4058 59
4360 4053 4
4360 4052 19
4360 4045 55
4360 4054 51
4360 4294 4
4360 4051 8
4360 4043 59
4360 4293 56
4360 4048 35
4360 5192 10
4360 4059 45
4360 4298 55
4360 4301 30
4360 4050 60
4360 4042 60
4360 4292 29
4360 4044 25
4360 4300 54
4360 4055 37
4360 4056 54
4360 4295 16
4360 4304 29
4360 4302 27
4360 4324 54
4360 4049 25
4360 4041 45
4360 4284 14
4360 5177 47
4360 4299 49
4360 4323 48
4360 4057 19
4360 4058 0
4087 4053 59
4087 4052 48
4087 4045 19
4087 4054 35
4087 4294 59
4087 4051 5
4087 4043 19
4087 4293 45
4087 4048 31
4087 5192 12
4087 4059 5
4087 4298 14
4087 4301 36
4087 4050 9
4087 4042 27
4087 4292 7
4087 4044 41
4087 4300 3
4087 4055 51
4087 4056 40
4087 4295 54
4087 4304 7
4087 4302 34
4087 4324 52
4087 4049 24
4087 4041 38
4087 4284 45
4087 5177 54
4087 4299 0
4087 4323 6
4087 4057 45
4087 4058 9
4362 4053 4
4362 4052 35
4362 4045 44
4362 4054 36
4362 4294 34
4362 4051 21
4362 4043 55
4362 4293 28
4362 4048 47
4362 5192 51
4362 4059 58
4362 4298 42
4362 4301 3
4362 4050 37
4362 4042 34
4362 4292 58
4362 4044 11
4362 4300 27
4362 4055 54
4362 4056 3
4362 4295 57
4362 4304 52
4362 4302 19
4362 4324 26
4362 4049 3
4362 4041 26
4362 4284 2
4362 5177 49
4362 4299 44
4362 4323 2
4362 4057 8
4362 4058 9
4385 4053 36
4385 4052 53
4385 4045 9
4385 4054 29
4385 4294 34
4385 4051 33
4385 4043 54
4385 4293 27
4385 4048 6
4385 5192 16
4385 4059 12
4385 4298 7
4385 4301 41
4385 4050 17
4385 4042 24
4385 4292 26
4385 4044 30
4385 4300 16
4385 4055 45
4385 4056 39
4385 4295 31
4385 4304 32
4385 4302 17
4385 4324 22
4385 4049 33
4385 4041 42
4385 4284 19
4385 5177 17
4385 4299 27
4385 4323 21
4385 4057 22
4385 4058 19
4390 4053 22
4390 4052 50
4390 4045 40
4390 4054 8
4390 4294 48
4390 4051 6
4390 4043 6
4390 4293 40
4390 4048 21
4390 5192 49
4390 4059 6
4390 4298 9
4390 4301 31
4390 4050 53
4390 4042 22
4390 4292 38
4390 4044 49
4390 4300 53
4390 4055 48
4390 4056 33
4390 4295 33
4390 4304 22
4390 4302 29
4390 4324 8
4390 4049 39
4390 4041 19
4390 4284 10
4390 5177 55
4390 4299 22
4390 4323 30
4390 4057 26
4390 4058 13
4394 4053 32
4394 4052 47
4394 4045 14
4394 4054 12
4394 4294 60
4394 4051 14
4394 4043 35
4394 4293 22
4394 4048 39
4394 5192 44
4394 4059 55
4394 4298 44
4394 4301 18
4394 4050 0
4394 4042 18
4394 4292 9
4394 4044 28
4394 4300 46
4394 4055 8
4394 4056 13
4394 4295 12
4394 4304 12
4394 4302 41
4394 4324 14
4394 4049 27
4394 4041 18
4394 4284 38
4394 5177 39
4394 4299 2
4394 4323 60
4394 4057 0
4394 4058 17
4310 4053 59
4310 4052 35
4310 4045 45
4310 4054 33
4310 4294 48
4310 4051 55
4310 4043 48
4310 4293 26
4310 4048 12
4310 5192 36
4310 4059 3
4310 4298 13
4310 4301 0
4310 4050 35
4310 4042 6
4310 4292 29
4310 4044 38
4310 4300 27
4310 4055 49
4310 4056 27
4310 4295 24
4310 4304 26
4310 4302 54
4310 4324 58
4310 4049 49
4310 4041 32
4310 4284 56
4310 5177 39
4310 4299 58
4310 4323 46
4310 4057 47
4310 4058 54
4363 4053 45
4363 4052 45
4363 4045 37
4363 4054 59
4363 4294 45
4363 4051 44
4363 4043 48
4363 4293 15
4363 4048 53
4363 5192 8
4363 4059 32
4363 4298 36
4363 4301 60
4363 4050 56
4363 4042 53
4363 4292 3
4363 4044 26
4363 4300 23
4363 4055 27
4363 4056 1
4363 4295 43
4363 4304 48
4363 4302 23
4363 4324 10
4363 4049 54
4363 4041 11
4363 4284 58
4363 5177 19
4363 4299 53
4363 4323 30
4363 4057 37
4363 4058 36
4378 4053 59
4378 4052 27
4378 4045 46
4378 4054 16
4378 4294 13
4378 4051 56
4378 4043 8
4378 4293 5
4378 4048 6
4378 5192 11
4378 4059 21
4378 4298 9
4378 4301 10
4378 4050 49
4378 4042 33
4378 4292 46
4378 4044 10
4378 4300 23
4378 4055 30
4378 4056 39
4378 4295 43
4378 4304 14
4378 4302 18
4378 4324 15
4378 4049 56
4378 4041 40
4378 4284 7
4378 5177 50
4378 4299 48
4378 4323 44
4378 4057 0
4378 4058 43
4380 4053 10
4380 4052 1
4380 4045 17
4380 4054 53
4380 4294 55
4380 4051 34
4380 4043 26
4380 4293 46
4380 4048 45
4380 5192 45
4380 4059 42
4380 4298 21
4380 4301 47
4380 4050 4
4380 4042 57
4380 4292 20
4380 4044 15
4380 4300 4
4380 4055 22
4380 4056 8
4380 4295 52
4380 4304 21
4380 4302 51
4380 4324 55
4380 4049 41
4380 4041 21
4380 4284 40
4380 5177 39
4380 4299 11
4380 4323 11
4380 4057 18
4380 4058 20
4396 4053 0
4396 4052 43
4396 4045 2
4396 4054 16
4396 4294 43
4396 4051 31
4396 4043 40
4396 4293 47
4396 4048 26
4396 5192 15
4396 4059 59
4396 4298 26
4396 4301 21
4396 4050 18
4396 4042 4
4396 4292 21
4396 4044 44
4396 4300 15
4396 4055 50
4396 4056 0
4396 4295 36
4396 4304 43
4396 4302 14
4396 4324 21
4396 4049 58
4396 4041 42
4396 4284 44
4396 5177 17
4396 4299 9
4396 4323 12
4396 4057 27
4396 4058 48
4359 4053 12
4359 4052 21
4359 4045 18
4359 4054 51
4359 4294 20
4359 4051 60
4359 4043 52
4359 4293 60
4359 4048 25
4359 5192 25
4359 4059 8
4359 4298 28
4359 4301 54
4359 4050 32
4359 4042 15
4359 4292 17
4359 4044 6
4359 4300 1
4359 4055 28
4359 4056 55
4359 4295 9
4359 4304 45
4359 4302 10
4359 4324 25
4359 4049 53
4359 4041 40
4359 4284 59
4359 5177 34
4359 4299 34
4359 4323 29
4359 4057 28
4359 4058 3
4085 4053 13
4085 4052 8
4085 4045 28
4085 4054 19
4085 4294 9
4085 4051 22
4085 4043 35
4085 4293 30
4085 4048 46
4085 5192 31
4085 4059 32
4085 4298 56
4085 4301 9
4085 4050 41
4085 4042 10
4085 4292 11
4085 4044 48
4085 4300 55
4085 4055 23
4085 4056 31
4085 4295 3
4085 4304 60
4085 4302 4
4085 4324 46
4085 4049 44
4085 4041 55
4085 4284 60
4085 5177 40
4085 4299 37
4085 4323 58
4085 4057 54
4085 4058 47
4088 4053 59
4088 4052 6
4088 4045 25
4088 4054 2
4088 4294 46
4088 4051 46
4088 4043 37
4088 4293 29
4088 4048 7
4088 5192 47
4088 4059 45
4088 4298 22
4088 4301 58
4088 4050 56
4088 4042 20
4088 4292 18
4088 4044 20
4088 4300 31
4088 4055 50
4088 4056 40
4088 4295 57
4088 4304 4
4088 4302 0
4088 4324 42
4088 4049 34
4088 4041 12
4088 4284 58
4088 5177 13
4088 4299 1
4088 4323 53
4088 4057 19
4088 4058 1
4089 4053 17
4089 4052 3
4089 4045 50
4089 4054 39
4089 4294 51
4089 4051 52
4089 4043 6
4089 4293 28
4089 4048 18
4089 5192 0
4089 4059 22
4089 4298 33
4089 4301 4
4089 4050 1
4089 4042 9
4089 4292 34
4089 4044 9
4089 4300 17
4089 4055 51
4089 4056 20
4089 4295 60
4089 4304 4
4089 4302 36
4089 4324 7
4089 4049 15
4089 4041 13
4089 4284 46
4089 5177 8
4089 4299 11
4089 4323 3
4089 4057 2
4089 4058 5
4365 4053 49
4365 4052 6
4365 4045 14
4365 4054 20
4365 4294 3
4365 4051 29
4365 4043 30
4365 4293 9
4365 4048 41
4365 5192 34
4365 4059 43
4365 4298 28
4365 4301 45
4365 4050 31
4365 4042 46
4365 4292 57
4365 4044 59
4365 4300 5
4365 4055 48
4365 4056 56
4365 4295 13
4365 4304 2
4365 4302 26
4365 4324 56
4365 4049 27
4365 4041 40
4365 4284 34
4365 5177 13
4365 4299 47
4365 4323 37
4365 4057 49
4365 4058 47
4308 4053 1
4308 4052 2
4308 4045 52
4308 4054 24
4308 4294 31
4308 4051 0
4308 4043 54
4308 4293 49
4308 4048 3
4308 5192 1
4308 4059 37
4308 4298 16
4308 4301 44
4308 4050 42
4308 4042 14
4308 4292 49
4308 4044 25
4308 4300 28
4308 4055 55
4308 4056 1
4308 4295 8
4308 4304 26
4308 4302 21
4308 4324 43
4308 4049 14
4308 4041 37
4308 4284 40
4308 5177 59
4308 4299 14
4308 4323 4
4308 4057 60
4308 4058 14
4391 4053 58
4391 4052 43
4391 4045 14
4391 4054 48
4391 4294 8
4391 4051 27
4391 4043 27
4391 4293 48
4391 4048 8
4391 5192 25
4391 4059 20
4391 4298 17
4391 4301 26
4391 4050 39
4391 4042 13
4391 4292 26
4391 4044 0
4391 4300 47
4391 4055 55
4391 4056 45
4391 4295 18
4391 4304 32
4391 4302 56
4391 4324 23
4391 4049 21
4391 4041 58
4391 4284 36
4391 5177 11
4391 4299 45
4391 4323 21
4391 4057 51
4391 4058 55
4389 4053 52
4389 4052 38
4389 4045 46
4389 4054 4
4389 4294 5
4389 4051 59
4389 4043 23
4389 4293 22
4389 4048 37
4389 5192 58
4389 4059 16
4389 4298 52
4389 4301 18
4389 4050 42
4389 4042 59
4389 4292 38
4389 4044 15
4389 4300 16
4389 4055 37
4389 4056 3
4389 4295 44
4389 4304 38
4389 4302 42
4389 4324 34
4389 4049 55
4389 4041 45
4389 4284 53
4389 5177 36
4389 4299 54
4389 4323 15
4389 4057 23
4389 4058 16
4397 4053 15
4397 4052 32
4397 4045 43
4397 4054 28
4397 4294 10
4397 4051 24
4397 4043 47
4397 4293 33
4397 4048 45
4397 5192 37
4397 4059 24
4397 4298 43
4397 4301 15
4397 4050 25
4397 4042 23
4397 4292 21
4397 4044 41
4397 4300 2
4397 4055 40
4397 4056 51
4397 4295 4
4397 4304 36
4397 4302 15
4397 4324 59
4397 4049 18
4397 4041 21
4397 4284 59
4397 5177 20
4397 4299 55
4397 4323 8
4397 4057 34
4397 4058 60
