6168 6145 52
6168 6145 36
6168 6145 11
6168 6145 16
6168 6146 10
6168 6146 4
6168 6146 6
6168 6146 18
6168 6132 43
6168 6132 19
6168 6132 48
6168 6132 16
6168 6147 47
6168 6147 2
6168 6147 13
6168 6147 8
6168 6133 1
6168 6133 24
6168 6133 53
6168 6133 57
6168 6150 17
6168 6150 8
6168 6150 26
6168 6150 49
6168 5801 60
6168 5801 44
6168 5801 60
6168 5801 25
6168 6134 31
6168 6134 5
6168 6134 31
6168 6134 26
6168 6141 17
6168 6141 31
6168 6141 36
6168 6141 19
6168 6153 29
6168 6153 4
6168 6153 0
6168 6153 33
6168 6148 52
6168 6148 8
6168 6148 0
6168 6148 21
6168 5804 1
6168 5804 6
6168 5804 43
6168 5804 16
6168 6135 56
6168 6135 2
6168 6135 7
6168 6135 45
6168 5800 5
6168 5800 3
6168 5800 44
6168 5800 7
6168 5578 24
6168 5578 38
6168 5578 11
6168 5578 19
6168 6138 31
6168 6138 15
6168 6138 25
6168 6138 4
6168 6140 36
6168 6140 1
6168 6140 53
6168 6140 3
6168 6152 32
6168 6152 38
6168 6152 53
6168 6152 59
6168 6197 51
6168 6197 60
6168 6197 54
6168 6197 4
6168 6192 2
6168 6192 59
6168 6192 16
6168 6192 45
6168 6149 59
6168 6149 39
6168 6149 3
6168 6149 45
6168 5577 22
6168 5577 28
6168 5577 2
6168 5577 6
6168 5805 0
6168 5805 27
6168 5805 49
6168 5805 11
6168 6122 10
6168 6122 28
6168 6122 14
6168 6122 9
6168 5794 28
6168 5794 22
6168 5794 56
6168 5794 37
6168 6139 24
6168 6139 6
6168 6139 13
6168 6139 7
6168 5567 38
6168 5567 52
6168 5567 29
6168 5567 28
6168 5810 20
6168 5810 58
6168 5810 56
6168 5810 10
6168 6142 3
6168 6142 49
6168 6142 36
6168 6142 27
6168 6143 34
6168 6143 6
6168 6143 58
6168 6143 1
6168 6162 26
6168 6162 46
6168 6162 48
6168 6162 48
6168 6196 21
6168 6196 32
6168 6196 28
6168 6196 22
6167 6145 8
6167 6145 51
6167 6145 59
6167 6145 34
6167 6146 56
6167 6146 20
6167 6146 15
6167 6146 28
6167 6132 10
6167 6132 21
6167 6132 50
6167 6132 12
6167 6147 16
6167 6147 0
6167 6147 6
6167 6147 39
6167 6133 1
6167 6133 21
6167 6133 19
6167 6133 54
6167 6150 31
6167 6150 35
6167 6150 4
6167 6150 20
6167 5801 46
6167 5801 34
6167 5801 24
6167 5801 10
6167 6134 59
6167 6134 36
6167 6134 26
6167 6134 15
6167 6141 2
6167 6141 41
6167 6141 32
6167 6141 35
6167 6153 25
6167 6153 19
6167 6153 27
6167 6153 39
6167 6148 25
6167 6148 34
6167 6148 38
6167 6148 42
6167 5804 39
6167 5804 54
6167 5804 50
6167 5804 4
6167 6135 4
6167 6135 35
6167 6135 4
6167 6135 6
6167 5800 19
6167 5800 6
6167 5800 25
6167 5800 35
6167 5578 34
6167 5578 34
6167 5578 14
6167 5578 58
6167 6138 55
6167 6138 18
6167 6138 54
6167 6138 39
6167 6140 14
6167 6140 46
6167 6140 46
6167 6140 4
6167 6152 37
6167 6152 38
6167 6152 42
6167 6152 9
6167 6197 27
6167 6197 36
6167 6197 22
6167 6197 59
6167 6192 10
6167 6192 60
6167 6192 59
6167 6192 53
6167 6149 22
6167 6149 59
6167 6149 48
6167 6149 47
6167 5577 55
6167 5577 19
6167 5577 30
6167 5577 49
6167 5805 21
6167 5805 51
6167 5805 33
6167 5805 57
6167 6122 12
6167 6122 18
6167 6122 16
6167 6122 11
6167 5794 16
6167 5794 10
6167 5794 30
6167 5794 43
6167 6139 3
6167 6139 3
6167 6139 1
6167 6139 20
6167 5567 12
6167 5567 50
6167 5567 58
6167 5567 13
6167 5810 2
6167 5810 13
6167 5810 55
6167 5810 33
6167 6142 31
6167 6142 11
6167 6142 7
6167 6142 13
6167 6143 20
6167 6143 25
6167 6143 9
6167 6143 44
6167 6162 22
6167 6162 53
6167 6162 1
6167 6162 4
6167 6196 47
6167 6196 19
6167 6196 13
6167 6196 30
6169 6145 33
6169 6145 60
6169 6145 0
6169 6145 10
6169 6146 4
6169 6146 6
6169 6146 51
6169 6146 20
6169 6132 30
6169 6132 39
6169 6132 17
6169 6132 19
6169 6147 11
6169 6147 37
6169 6147 46
6169 6147 38
6169 6133 11
6169 6133 35
6169 6133 30
6169 6133 29
6169 6150 21
6169 6150 8
6169 6150 26
6169 6150 25
6169 5801 34
6169 5801 11
6169 5801 28
6169 5801 50
6169 6134 49
6169 6134 5
6169 6134 7
6169 6134 3
6169 6141 21
6169 6141 47
6169 6141 56
6169 6141 38
6169 6153 14
6169 6153 10
6169 6153 35
6169 6153 53
6169 6148 39
6169 6148 48
6169 6148 27
6169 6148 52
6169 5804 29
6169 5804 14
6169 5804 42
6169 5804 11
6169 6135 60
6169 6135 53
6169 6135 34
6169 6135 58
6169 5800 19
6169 5800 56
6169 5800 32
6169 5800 4
6169 5578 56
6169 5578 7
6169 5578 43
6169 5578 17
6169 6138 11
6169 6138 12
6169 6138 55
6169 6138 57
6169 6140 39
6169 6140 16
6169 6140 29
6169 6140 5
6169 6152 6
6169 6152 18
6169 6152 10
6169 6152 54
6169 6197 10
6169 6197 60
6169 6197 52
6169 6197 39
6169 6192 37
6169 6192 60
6169 6192 37
6169 6192 34
6169 6149 48
6169 6149 11
6169 6149 1
6169 6149 27
6169 5577 14
6169 5577 8
6169 5577 19
6169 5577 55
6169 5805 22
6169 5805 29
6169 5805 18
6169 5805 20
6169 6122 27
6169 6122 24
6169 6122 2
6169 6122 14
6169 5794 18
6169 5794 38
6169 5794 15
6169 5794 52
6169 6139 4
6169 6139 7
6169 6139 22
6169 6139 15
6169 5567 28
6169 5567 56
6169 5567 37
6169 5567 4
6169 5810 29
6169 5810 51
6169 5810 35
6169 5810 45
6169 6142 23
6169 6142 14
6169 6142 11
6169 6142 21
6169 6143 31
6169 6143 56
6169 6143 5
6169 6143 31
6169 6162 30
6169 6162 11
6169 6162 38
6169 6162 50
6169 6196 46
6169 6196 10
6169 6196 17
6169 6196 32
6156 6145 47
6156 6145 55
6156 6145 46
6156 6145 32
6156 6146 47
6156 6146 35
6156 6146 29
6156 6146 54
6156 6132 30
6156 6132 5
6156 6132 9
6156 6132 6
6156 6147 57
6156 6147 24
6156 6147 42
6156 6147 29
6156 6133 4
6156 6133 23
6156 6133 22
6156 6133 4
6156 6150 43
6156 6150 2
6156 6150 3
6156 6150 35
6156 5801 38
6156 5801 2
6156 5801 7
6156 5801 5
6156 6134 32
6156 6134 10
6156 6134 23
6156 6134 4
6156 6141 17
6156 6141 54
6156 6141 20
6156 6141 55
6156 6153 28
6156 6153 31
6156 6153 54
6156 6153 48
6156 6148 54
6156 6148 57
6156 6148 9
6156 6148 9
6156 5804 42
6156 5804 7
6156 5804 25
6156 5804 12
6156 6135 34
6156 6135 26
6156 6135 56
6156 6135 28
6156 5800 45
6156 5800 15
6156 5800 53
6156 5800 56
6156 5578 37
6156 5578 25
6156 5578 37
6156 5578 60
6156 6138 4
6156 6138 21
6156 6138 44
6156 6138 27
6156 6140 19
6156 6140 31
6156 6140 36
6156 6140 15
6156 6152 13
6156 6152 3
6156 6152 31
6156 6152 32
6156 6197 2
6156 6197 59
6156 6197 13
6156 6197 43
6156 6192 14
6156 6192 14
6156 6192 46
6156 6192 37
6156 6149 39
6156 6149 47
6156 6149 27
6156 6149 10
6156 5577 32
6156 5577 14
6156 5577 22
6156 5577 35
6156 5805 12
6156 5805 59
6156 5805 41
6156 5805 60
6156 6122 19
6156 6122 55
6156 6122 2
6156 6122 32
6156 5794 2
6156 5794 57
6156 5794 32
6156 5794 58
6156 6139 1
6156 6139 43
6156 6139 11
6156 6139 29
6156 5567 35
6156 5567 18
6156 5567 38
6156 5567 51
6156 5810 39
6156 5810 19
6156 5810 36
6156 5810 26
6156 6142 47
6156 6142 26
6156 6142 51
6156 6142 3
6156 6143 7
6156 6143 38
6156 6143 4
6156 6143 60
6156 6162 43
6156 6162 15
6156 6162 58
6156 6162 36
6156 6196 54
6156 6196 34
6156 6196 26
6156 6196 57
6170 6145 41
6170 6145 0
6170 6145 29
6170 6145 51
6170 6146 5
6170 6146 35
6170 6146 4
6170 6146 13
6170 6132 36
6170 6132 22
6170 6132 3
6170 6132 34
6170 6147 26
6170 6147 5
6170 6147 17
6170 6147 8
6170 6133 46
6170 6133 17
6170 6133 42
6170 6133 39
6170 6150 30
6170 6150 39
6170 6150 32
6170 6150 59
6170 5801 17
6170 5801 3
6170 5801 15
6170 5801 38
6170 6134 17
6170 6134 5
6170 6134 32
6170 6134 23
6170 6141 33
6170 6141 43
6170 6141 23
6170 6141 6
6170 6153 12
6170 6153 50
6170 6153 0
6170 6153 53
6170 6148 7
6170 6148 59
6170 6148 27
6170 6148 2
6170 5804 8
6170 5804 1
6170 5804 4
6170 5804 45
6170 6135 44
6170 6135 44
6170 6135 15
6170 6135 21
6170 5800 1
6170 5800 17
6170 5800 3
6170 5800 24
6170 5578 4
6170 5578 16
6170 5578 12
6170 5578 16
6170 6138 0
6170 6138 26
6170 6138 24
6170 6138 10
6170 6140 49
6170 6140 2
6170 6140 21
6170 6140 11
6170 6152 17
6170 6152 18
6170 6152 47
6170 6152 59
6170 6197 10
6170 6197 5
6170 6197 27
6170 6197 36
6170 6192 34
6170 6192 23
6170 6192 19
6170 6192 32
6170 6149 26
6170 6149 19
6170 6149 31
6170 6149 40
6170 5577 54
6170 5577 19
6170 5577 11
6170 5577 29
6170 5805 22
6170 5805 0
6170 5805 9
6170 5805 33
6170 6122 15
6170 6122 33
6170 6122 23
6170 6122 14
6170 5794 35
6170 5794 27
6170 5794 15
6170 5794 12
6170 6139 32
6170 6139 13
6170 6139 44
6170 6139 42
6170 5567 27
6170 5567 31
6170 5567 32
6170 5567 33
6170 5810 49
6170 5810 6
6170 5810 53
6170 5810 38
6170 6142 11
6170 6142 52
6170 6142 29
6170 6142 27
6170 6143 32
6170 6143 59
6170 6143 32
6170 6143 40
6170 6162 15
6170 6162 57
6170 6162 0
6170 6162 14
6170 6196 42
6170 6196 37
6170 6196 14
6170 6196 51
6166 6145 36
6166 6145 30
6166 6145 15
6166 6145 27
6166 6146 1
6166 6146 48
6166 6146 55
6166 6146 51
6166 6132 45
6166 6132 31
6166 6132 9
6166 6132 53
6166 6147 2
6166 6147 8
6166 6147 7
6166 6147 20
6166 6133 13
6166 6133 60
6166 6133 54
6166 6133 24
6166 6150 6
6166 6150 14
6166 6150 32
6166 6150 24
6166 5801 59
6166 5801 8
6166 5801 16
6166 5801 8
6166 6134 25
6166 6134 31
6166 6134 43
6166 6134 51
6166 6141 20
6166 6141 19
6166 6141 33
6166 6141 58
6166 6153 42
6166 6153 7
6166 6153 45
6166 6153 9
6166 6148 38
6166 6148 13
6166 6148 41
6166 6148 57
6166 5804 56
6166 5804 57
6166 5804 51
6166 5804 5
6166 6135 2
6166 6135 58
6166 6135 45
6166 6135 0
6166 5800 10
6166 5800 58
6166 5800 19
6166 5800 44
6166 5578 10
6166 5578 58
6166 5578 7
6166 5578 49
6166 6138 51
6166 6138 11
6166 6138 3
6166 6138 25
6166 6140 1
6166 6140 12
6166 6140 54
6166 6140 10
6166 6152 29
6166 6152 8
6166 6152 27
6166 6152 50
6166 6197 56
6166 6197 57
6166 6197 3
6166 6197 51
6166 6192 56
6166 6192 46
6166 6192 14
6166 6192 33
6166 6149 54
6166 6149 24
6166 6149 57
6166 6149 24
6166 5577 35
6166 5577 29
6166 5577 1
6166 5577 53
6166 5805 4
6166 5805 39
6166 5805 30
6166 5805 40
6166 6122 44
6166 6122 60
6166 6122 53
6166 6122 29
6166 5794 21
6166 5794 3
6166 5794 0
6166 5794 10
6166 6139 1
6166 6139 28
6166 6139 16
6166 6139 39
6166 5567 23
6166 5567 29
6166 5567 21
6166 5567 60
6166 5810 21
6166 5810 0
6166 5810 17
6166 5810 11
6166 6142 47
6166 6142 43
6166 6142 55
6166 6142 21
6166 6143 55
6166 6143 11
6166 6143 50
6166 6143 27
6166 6162 6
6166 6162 42
6166 6162 15
6166 6162 53
6166 6196 55
6166 6196 32
6166 6196 54
6166 6196 22
6177 6145 21
6177 6145 43
6177 6145 13
6177 6145 47
6177 6146 58
6177 6146 21
6177 6146 1
6177 6146 55
6177 6132 46
6177 6132 6
6177 6132 21
6177 6132 37
6177 6147 10
6177 6147 28
6177 6147 37
6177 6147 38
6177 6133 46
6177 6133 41
6177 6133 3
6177 6133 46
6177 6150 34
6177 6150 9
6177 6150 50
6177 6150 53
6177 5801 34
6177 5801 15
6177 5801 12
6177 5801 37
6177 6134 27
6177 6134 50
6177 6134 51
6177 6134 35
6177 6141 57
6177 6141 24
6177 6141 34
6177 6141 43
6177 6153 27
6177 6153 27
6177 6153 10
6177 6153 52
6177 6148 17
6177 6148 44
6177 6148 58
6177 6148 41
6177 5804 35
6177 5804 23
6177 5804 47
6177 5804 52
6177 6135 6
6177 6135 24
6177 6135 0
6177 6135 19
6177 5800 45
6177 5800 6
6177 5800 57
6177 5800 18
6177 5578 31
6177 5578 43
6177 5578 28
6177 5578 37
6177 6138 11
6177 6138 58
6177 6138 17
6177 6138 12
6177 6140 24
6177 6140 38
6177 6140 55
6177 6140 22
6177 6152 37
6177 6152 4
6177 6152 44
6177 6152 6
6177 6197 11
6177 6197 42
6177 6197 46
6177 6197 60
6177 6192 34
6177 6192 9
6177 6192 42
6177 6192 51
6177 6149 24
6177 6149 33
6177 6149 19
6177 6149 18
6177 5577 47
6177 5577 33
6177 5577 25
6177 5577 11
6177 5805 35
6177 5805 41
6177 5805 12
6177 5805 47
6177 6122 60
6177 6122 46
6177 6122 56
6177 6122 49
6177 5794 23
6177 5794 50
6177 5794 53
6177 5794 27
6177 6139 51
6177 6139 59
6177 6139 5
6177 6139 57
6177 5567 38
6177 5567 37
6177 5567 47
6177 5567 59
6177 5810 41
6177 5810 21
6177 5810 22
6177 5810 56
6177 6142 37
6177 6142 7
6177 6142 33
6177 6142 30
6177 6143 53
6177 6143 29
6177 6143 49
6177 6143 47
6177 6162 56
6177 6162 50
6177 6162 39
6177 6162 30
6177 6196 47
6177 6196 1
6177 6196 16
6177 6196 57
6154 6145 52
6154 6145 50
6154 6145 19
6154 6145 33
6154 6146 26
6154 6146 51
6154 6146 35
6154 6146 9
6154 6132 32
6154 6132 19
6154 6132 23
6154 6132 6
6154 6147 41
6154 6147 35
6154 6147 25
6154 6147 8
6154 6133 15
6154 6133 46
6154 6133 48
6154 6133 53
6154 6150 26
6154 6150 7
6154 6150 35
6154 6150 10
6154 5801 1
6154 5801 52
6154 5801 26
6154 5801 1
6154 6134 7
6154 6134 25
6154 6134 50
6154 6134 6
6154 6141 18
6154 6141 55
6154 6141 47
6154 6141 36
6154 6153 48
6154 6153 11
6154 6153 40
6154 6153 56
6154 6148 4
6154 6148 16
6154 6148 6
6154 6148 60
6154 5804 25
6154 5804 23
6154 5804 58
6154 5804 25
6154 6135 38
6154 6135 27
6154 6135 54
6154 6135 30
6154 5800 60
6154 5800 37
6154 5800 58
6154 5800 55
6154 5578 1
6154 5578 10
6154 5578 27
6154 5578 8
6154 6138 25
6154 6138 35
6154 6138 24
6154 6138 10
6154 6140 50
6154 6140 29
6154 6140 26
6154 6140 0
6154 6152 52
6154 6152 14
6154 6152 52
6154 6152 52
6154 6197 15
6154 6197 48
6154 6197 24
6154 6197 20
6154 6192 20
6154 6192 6
6154 6192 5
6154 6192 51
6154 6149 9
6154 6149 21
6154 6149 48
6154 6149 35
6154 5577 13
6154 5577 30
6154 5577 54
6154 5577 20
6154 5805 36
6154 5805 60
6154 5805 12
6154 5805 36
6154 6122 33
6154 6122 45
6154 6122 54
6154 6122 12
6154 5794 51
6154 5794 44
6154 5794 28
6154 5794 37
6154 6139 52
6154 6139 52
6154 6139 56
6154 6139 32
6154 5567 42
6154 5567 29
6154 5567 39
6154 5567 39
6154 5810 48
6154 5810 16
6154 5810 1
6154 5810 55
6154 6142 38
6154 6142 39
6154 6142 53
6154 6142 21
6154 6143 50
6154 6143 48
6154 6143 2
6154 6143 7
6154 6162 53
6154 6162 32
6154 6162 18
6154 6162 31
6154 6196 40
6154 6196 40
6154 6196 43
6154 6196 6
5872 6145 45
5872 6145 36
5872 6145 42
5872 6145 60
5872 6146 20
5872 6146 52
5872 6146 51
5872 6146 37
5872 6132 52
5872 6132 31
5872 6132 32
5872 6132 28
5872 6147 13
5872 6147 26
5872 6147 51
5872 6147 6
5872 6133 30
5872 6133 7
5872 6133 17
5872 6133 43
5872 6150 7
5872 6150 8
5872 6150 22
5872 6150 5
5872 5801 8
5872 5801 58
5872 5801 9
5872 5801 30
5872 6134 52
5872 6134 12
5872 6134 58
5872 6134 36
5872 6141 48
5872 6141 16
5872 6141 54
5872 6141 50
5872 6153 34
5872 6153 9
5872 6153 38
5872 6153 15
5872 6148 50
5872 6148 16
5872 6148 54
5872 6148 54
5872 5804 40
5872 5804 55
5872 5804 27
5872 5804 27
5872 6135 13
5872 6135 34
5872 6135 12
5872 6135 18
5872 5800 53
5872 5800 20
5872 5800 51
5872 5800 54
5872 5578 33
5872 5578 47
5872 5578 53
5872 5578 3
5872 6138 12
5872 6138 49
5872 6138 36
5872 6138 8
5872 6140 40
5872 6140 48
5872 6140 29
5872 6140 34
5872 6152 4
5872 6152 6
5872 6152 42
5872 6152 5
5872 6197 43
5872 6197 48
5872 6197 51
5872 6197 52
5872 6192 28
5872 6192 60
5872 6192 49
5872 6192 31
5872 6149 48
5872 6149 43
5872 6149 8
5872 6149 26
5872 5577 29
5872 5577 46
5872 5577 44
5872 5577 40
5872 5805 41
5872 5805 23
5872 5805 15
5872 5805 23
5872 6122 24
5872 6122 4
5872 6122 1
5872 6122 35
5872 5794 1
5872 5794 1
5872 5794 12
5872 5794 56
5872 6139 12
5872 6139 24
5872 6139 8
5872 6139 42
5872 5567 5
5872 5567 9
5872 5567 2
5872 5567 50
5872 5810 11
5872 5810 54
5872 5810 25
5872 5810 7
5872 6142 8
5872 6142 21
5872 6142 26
5872 6142 13
5872 6143 21
5872 6143 39
5872 6143 49
5872 6143 43
5872 6162 50
5872 6162 12
5872 6162 8
5872 6162 30
5872 6196 13
5872 6196 4
5872 6196 12
5872 6196 5
6161 6145 38
6161 6145 4
6161 6145 9
6161 6145 37
6161 6146 41
6161 6146 32
6161 6146 48
6161 6146 10
6161 6132 22
6161 6132 19
6161 6132 20
6161 6132 4
6161 6147 58
6161 6147 46
6161 6147 0
6161 6147 47
6161 6133 1
6161 6133 50
6161 6133 7
6161 6133 46
6161 6150 40
6161 6150 15
6161 6150 16
6161 6150 9
6161 5801 1
6161 5801 13
6161 5801 55
6161 5801 58
6161 6134 33
6161 6134 42
6161 6134 0
6161 6134 21
6161 6141 9
6161 6141 32
6161 6141 2
6161 6141 48
6161 6153 59
6161 6153 5
6161 6153 8
6161 6153 56
6161 6148 18
6161 6148 17
6161 6148 2
6161 6148 14
6161 5804 43
6161 5804 21
6161 5804 2
6161 5804 12
6161 6135 0
6161 6135 45
6161 6135 34
6161 6135 36
6161 5800 26
6161 5800 26
6161 5800 35
6161 5800 25
6161 5578 41
6161 5578 33
6161 5578 37
6161 5578 43
6161 6138 28
6161 6138 34
6161 6138 15
6161 6138 32
6161 6140 28
6161 6140 42
6161 6140 16
6161 6140 36
6161 6152 41
6161 6152 30
6161 6152 55
6161 6152 55
6161 6197 32
6161 6197 20
6161 6197 15
6161 6197 44
6161 6192 19
6161 6192 1
6161 6192 58
6161 6192 24
6161 6149 20
6161 6149 21
6161 6149 55
6161 6149 2
6161 5577 21
6161 5577 19
6161 5577 18
6161 5577 48
6161 5805 20
6161 5805 38
6161 5805 17
6161 5805 16
6161 6122 7
6161 6122 39
6161 6122 0
6161 6122 41
6161 5794 14
6161 5794 44
6161 5794 3
6161 5794 29
6161 6139 35
6161 6139 51
6161 6139 44
6161 6139 3
6161 5567 54
6161 5567 13
6161 5567 57
6161 5567 24
6161 5810 16
6161 5810 14
6161 5810 8
6161 5810 20
6161 6142 48
6161 6142 21
6161 6142 4
6161 6142 17
6161 6143 43
6161 6143 59
6161 6143 56
6161 6143 38
6161 6162 33
6161 6162 25
6161 6162 16
6161 6162 47
6161 6196 27
6161 6196 26
6161 6196 24
6161 6196 25
6171 6145 26
6171 6145 27
6171 6145 33
6171 6145 43
6171 6146 12
6171 6146 0
6171 6146 7
6171 6146 25
6171 6132 30
6171 6132 21
6171 6132 0
6171 6132 31
6171 6147 59
6171 6147 3
6171 6147 20
6171 6147 48
6171 6133 0
6171 6133 32
6171 6133 43
6171 6133 14
6171 6150 28
6171 6150 7
6171 6150 8
6171 6150 5
6171 5801 11
6171 5801 48
6171 5801 59
6171 5801 34
6171 6134 1
6171 6134 10
6171 6134 16
6171 6134 12
6171 6141 19
6171 6141 22
6171 6141 54
6171 6141 51
6171 6153 6
6171 6153 38
6171 6153 50
6171 6153 11
6171 6148 26
6171 6148 25
6171 6148 26
6171 6148 13
6171 5804 52
6171 5804 59
6171 5804 47
6171 5804 40
6171 6135 9
6171 6135 34
6171 6135 36
6171 6135 11
6171 5800 24
6171 5800 10
6171 5800 44
6171 5800 28
6171 5578 57
6171 5578 44
6171 5578 16
6171 5578 59
6171 6138 4
6171 6138 11
6171 6138 30
6171 6138 13
6171 6140 50
6171 6140 9
6171 6140 38
6171 6140 48
6171 6152 17
6171 6152 53
6171 6152 22
6171 6152 47
6171 6197 39
6171 6197 25
6171 6197 22
6171 6197 13
6171 6192 0
6171 6192 18
6171 6192 59
6171 6192 55
6171 6149 4
6171 6149 38
6171 6149 24
6171 6149 44
6171 5577 20
6171 5577 58
6171 5577 6
6171 5577 50
6171 5805 32
6171 5805 50
6171 5805 45
6171 5805 33
6171 6122 29
6171 6122 2
6171 6122 13
6171 6122 29
6171 5794 4
6171 5794 20
6171 5794 59
6171 5794 39
6171 6139 40
6171 6139 38
6171 6139 42
6171 6139 6
6171 5567 5
6171 5567 54
6171 5567 15
6171 5567 57
6171 5810 38
6171 5810 17
6171 5810 29
6171 5810 1
6171 6142 16
6171 6142 24
6171 6142 47
6171 6142 12
6171 6143 12
6171 6143 20
6171 6143 18
6171 6143 44
6171 6162 20
6171 6162 54
6171 6162 56
6171 6162 30
6171 6196 31
6171 6196 47
6171 6196 37
6171 6196 51
6189 6145 44
6189 6145 46
6189 6145 5
6189 6145 39
6189 6146 10
6189 6146 51
6189 6146 57
6189 6146 20
6189 6132 25
6189 6132 25
6189 6132 44
6189 6132 55
6189 6147 14
6189 6147 46
6189 6147 35
6189 6147 0
6189 6133 23
6189 6133 8
6189 6133 48
6189 6133 11
6189 6150 54
6189 6150 7
6189 6150 12
6189 6150 41
6189 5801 13
6189 5801 0
6189 5801 26
6189 5801 1
6189 6134 27
6189 6134 50
6189 6134 25
6189 6134 41
6189 6141 4
6189 6141 59
6189 6141 1
6189 6141 48
6189 6153 50
6189 6153 37
6189 6153 7
6189 6153 19
6189 6148 29
6189 6148 37
6189 6148 60
6189 6148 17
6189 5804 25
6189 5804 50
6189 5804 29
6189 5804 6
6189 6135 42
6189 6135 11
6189 6135 10
6189 6135 32
6189 5800 43
6189 5800 2
6189 5800 7
6189 5800 18
6189 5578 8
6189 5578 7
6189 5578 20
6189 5578 27
6189 6138 38
6189 6138 59
6189 6138 3
6189 6138 30
6189 6140 13
6189 6140 46
6189 6140 28
6189 6140 0
6189 6152 59
6189 6152 55
6189 6152 14
6189 6152 2
6189 6197 44
6189 6197 40
6189 6197 59
6189 6197 14
6189 6192 5
6189 6192 56
6189 6192 11
6189 6192 50
6189 6149 50
6189 6149 0
6189 6149 29
6189 6149 43
6189 5577 4
6189 5577 25
6189 5577 33
6189 5577 39
6189 5805 35
6189 5805 39
6189 5805 55
6189 5805 39
6189 6122 29
6189 6122 32
6189 6122 59
6189 6122 37
6189 5794 43
6189 5794 51
6189 5794 54
6189 5794 17
6189 6139 55
6189 6139 45
6189 6139 12
6189 6139 45
6189 5567 11
6189 5567 24
6189 5567 28
6189 5567 4
6189 5810 54
6189 5810 48
6189 5810 14
6189 5810 44
6189 6142 31
6189 6142 41
6189 6142 31
6189 6142 29
6189 6143 41
6189 6143 21
6189 6143 50
6189 6143 14
6189 6162 18
6189 6162 26
6189 6162 10
6189 6162 45
6189 6196 14
6189 6196 44
6189 6196 16
6189 6196 2
6188 6145 12
6188 6145 43
6188 6145 28
6188 6145 27
6188 6146 31
6188 6146 59
6188 6146 56
6188 6146 4
6188 6132 0
6188 6132 44
6188 6132 14
6188 6132 58
6188 6147 40
6188 6147 29
6188 6147 17
6188 6147 6
6188 6133 24
6188 6133 55
6188 6133 34
6188 6133 57
6188 6150 53
6188 6150 25
6188 6150 31
6188 6150 6
6188 5801 33
6188 5801 23
6188 5801 6
6188 5801 20
6188 6134 41
6188 6134 34
6188 6134 48
6188 6134 52
6188 6141 32
6188 6141 57
6188 6141 47
6188 6141 18
6188 6153 49
6188 6153 38
6188 6153 31
6188 6153 15
6188 6148 18
6188 6148 5
6188 6148 2
6188 6148 9
6188 5804 22
6188 5804 58
6188 5804 9
6188 5804 60
6188 6135 19
6188 6135 19
6188 6135 40
6188 6135 37
6188 5800 0
6188 5800 31
6188 5800 39
6188 5800 54
6188 5578 24
6188 5578 55
6188 5578 33
6188 5578 6
6188 6138 44
6188 6138 48
6188 6138 43
6188 6138 16
6188 6140 26
6188 6140 36
6188 6140 41
6188 6140 38
6188 6152 56
6188 6152 51
6188 6152 47
6188 6152 50
6188 6197 28
6188 6197 12
6188 6197 18
6188 6197 41
6188 6192 37
6188 6192 13
6188 6192 29
6188 6192 8
6188 6149 51
6188 6149 10
6188 6149 12
6188 6149 22
6188 5577 54
6188 5577 47
6188 5577 5
6188 5577 31
6188 5805 37
6188 5805 19
6188 5805 39
6188 5805 31
6188 6122 24
6188 6122 43
6188 6122 4
6188 6122 60
6188 5794 41
6188 5794 6
6188 5794 30
6188 5794 9
6188 6139 29
6188 6139 29
6188 6139 21
6188 6139 33
6188 5567 30
6188 5567 49
6188 5567 19
6188 5567 28
6188 5810 28
6188 5810 17
6188 5810 16
6188 5810 49
6188 6142 7
6188 6142 24
6188 6142 23
6188 6142 3
6188 6143 30
6188 6143 12
6188 6143 50
6188 6143 41
6188 6162 56
6188 6162 11
6188 6162 40
6188 6162 20
6188 6196 9
6188 6196 26
6188 6196 26
6188 6196 31
6165 6145 35
6165 6145 46
6165 6145 51
6165 6145 4
6165 6146 57
6165 6146 54
6165 6146 12
6165 6146 30
6165 6132 16
6165 6132 35
6165 6132 9
6165 6132 53
6165 6147 41
6165 6147 50
6165 6147 34
6165 6147 16
6165 6133 36
6165 6133 36
6165 6133 11
6165 6133 41
6165 6150 40
6165 6150 36
6165 6150 54
6165 6150 39
6165 5801 27
6165 5801 19
6165 5801 53
6165 5801 52
6165 6134 22
6165 6134 53
6165 6134 9
6165 6134 23
6165 6141 32
6165 6141 44
6165 6141 10
6165 6141 22
6165 6153 46
6165 6153 23
6165 6153 1
6165 6153 18
6165 6148 3
6165 6148 38
6165 6148 11
6165 6148 57
6165 5804 12
6165 5804 15
6165 5804 20
6165 5804 5
6165 6135 30
6165 6135 1
6165 6135 17
6165 6135 22
6165 5800 42
6165 5800 22
6165 5800 17
6165 5800 34
6165 5578 55
6165 5578 16
6165 5578 41
6165 5578 60
6165 6138 51
6165 6138 52
6165 6138 58
6165 6138 34
6165 6140 29
6165 6140 41
6165 6140 26
6165 6140 43
6165 6152 54
6165 6152 25
6165 6152 17
6165 6152 18
6165 6197 35
6165 6197 0
6165 6197 55
6165 6197 58
6165 6192 2
6165 6192 48
6165 6192 16
6165 6192 1
6165 6149 50
6165 6149 31
6165 6149 13
6165 6149 34
6165 5577 18
6165 5577 38
6165 5577 1
6165 5577 46
6165 5805 47
6165 5805 6
6165 5805 14
6165 5805 30
6165 6122 52
6165 6122 11
6165 6122 40
6165 6122 33
6165 5794 53
6165 5794 31
6165 5794 44
6165 5794 39
6165 6139 4
6165 6139 24
6165 6139 55
6165 6139 30
6165 5567 14
6165 5567 0
6165 5567 30
6165 5567 14
6165 5810 41
6165 5810 38
6165 5810 48
6165 5810 11
6165 6142 26
6165 6142 7
6165 6142 24
6165 6142 24
6165 6143 20
6165 6143 37
6165 6143 57
6165 6143 44
6165 6162 3
6165 6162 53
6165 6162 24
6165 6162 46
6165 6196 29
6165 6196 38
6165 6196 35
6165 6196 16
6176 6145 23
6176 6145 47
6176 6145 5
6176 6145 39
6176 6146 4
6176 6146 23
6176 6146 39
6176 6146 28
6176 6132 40
6176 6132 21
6176 6132 23
6176 6132 4
6176 6147 47
6176 6147 4
6176 6147 24
6176 6147 24
6176 6133 42
6176 6133 13
6176 6133 47
6176 6133 14
6176 6150 12
6176 6150 21
6176 6150 34
6176 6150 39
6176 5801 46
6176 5801 42
6176 5801 37
6176 5801 15
6176 6134 4
6176 6134 23
6176 6134 27
6176 6134 35
6176 6141 24
6176 6141 56
6176 6141 2
6176 6141 19
6176 6153 60
6176 6153 13
6176 6153 46
6176 6153 42
6176 6148 12
6176 6148 8
6176 6148 39
6176 6148 2
6176 5804 20
6176 5804 22
6176 5804 0
6176 5804 32
6176 6135 41
6176 6135 58
6176 6135 42
6176 6135 36
6176 5800 28
6176 5800 56
6176 5800 24
6176 5800 42
6176 5578 10
6176 5578 37
6176 5578 54
6176 5578 54
6176 6138 48
6176 6138 41
6176 6138 45
6176 6138 10
6176 6140 60
6176 6140 44
6176 6140 22
6176 6140 27
6176 6152 22
6176 6152 1
6176 6152 20
6176 6152 56
6176 6197 17
6176 6197 37
6176 6197 24
6176 6197 31
6176 6192 28
6176 6192 12
6176 6192 13
6176 6192 35
6176 6149 60
6176 6149 59
6176 6149 19
6176 6149 43
6176 5577 39
6176 5577 22
6176 5577 22
6176 5577 18
6176 5805 31
6176 5805 5
6176 5805 43
6176 5805 3
6176 6122 46
6176 6122 41
6176 6122 27
6176 6122 11
6176 5794 1
6176 5794 23
6176 5794 51
6176 5794 1
6176 6139 27
6176 6139 25
6176 6139 53
6176 6139 7
6176 5567 41
6176 5567 17
6176 5567 58
6176 5567 14
6176 5810 59
6176 5810 21
6176 5810 37
6176 5810 41
6176 6142 17
6176 6142 46
6176 6142 5
6176 6142 36
6176 6143 1
6176 6143 1
6176 6143 22
6176 6143 19
6176 6162 21
6176 6162 30
6176 6162 52
6176 6162 22
6176 6196 55
6176 6196 21
6176 6196 21
6176 6196 24
6155 6145 36
6155 6145 13
6155 6145 0
6155 6145 12
6155 6146 41
6155 6146 18
6155 6146 26
6155 6146 31
6155 6132 59
6155 6132 24
6155 6132 45
6155 6132 16
6155 6147 45
6155 6147 37
6155 6147 45
6155 6147 15
6155 6133 0
6155 6133 37
6155 6133 11
6155 6133 60
6155 6150 4
6155 6150 16
6155 6150 21
6155 6150 54
6155 5801 35
6155 5801 16
6155 5801 53
6155 5801 0
6155 6134 46
6155 6134 5
6155 6134 26
6155 6134 50
6155 6141 30
6155 6141 5
6155 6141 58
6155 6141 55
6155 6153 32
6155 6153 49
6155 6153 21
6155 6153 40
6155 6148 13
6155 6148 24
6155 6148 25
6155 6148 22
6155 5804 56
6155 5804 6
6155 5804 34
6155 5804 58
6155 6135 59
6155 6135 0
6155 6135 43
6155 6135 32
6155 5800 51
6155 5800 21
6155 5800 21
6155 5800 52
6155 5578 16
6155 5578 60
6155 5578 17
6155 5578 42
6155 6138 53
6155 6138 10
6155 6138 13
6155 6138 21
6155 6140 55
6155 6140 60
6155 6140 34
6155 6140 28
6155 6152 42
6155 6152 22
6155 6152 10
6155 6152 55
6155 6197 36
6155 6197 53
6155 6197 25
6155 6197 46
6155 6192 24
6155 6192 17
6155 6192 58
6155 6192 4
6155 6149 34
6155 6149 10
6155 6149 13
6155 6149 19
6155 5577 23
6155 5577 2
6155 5577 37
6155 5577 10
6155 5805 8
6155 5805 58
6155 5805 51
6155 5805 35
6155 6122 42
6155 6122 19
6155 6122 48
6155 6122 35
6155 5794 49
6155 5794 20
6155 5794 36
6155 5794 12
6155 6139 2
6155 6139 15
6155 6139 23
6155 6139 55
6155 5567 5
6155 5567 56
6155 5567 41
6155 5567 35
6155 5810 21
6155 5810 23
6155 5810 25
6155 5810 16
6155 6142 14
6155 6142 48
6155 6142 55
6155 6142 24
6155 6143 9
6155 6143 19
6155 6143 50
6155 6143 56
6155 6162 60
6155 6162 19
6155 6162 11
6155 6162 30
6155 6196 47
6155 6196 34
6155 6196 17
6155 6196 49
5808 6145 21
5808 6145 14
5808 6145 54
5808 6145 39
5808 6146 53
5808 6146 26
5808 6146 50
5808 6146 39
5808 6132 19
5808 6132 2
5808 6132 15
5808 6132 54
5808 6147 52
5808 6147 47
5808 6147 11
5808 6147 6
5808 6133 35
5808 6133 47
5808 6133 8
5808 6133 41
5808 6150 47
5808 6150 57
5808 6150 3
5808 6150 10
5808 5801 45
5808 5801 12
5808 5801 26
5808 5801 4
5808 6134 41
5808 6134 54
5808 6134 14
5808 6134 43
5808 6141 44
5808 6141 4
5808 6141 48
5808 6141 4
5808 6153 1
5808 6153 13
5808 6153 45
5808 6153 55
5808 6148 11
5808 6148 51
5808 6148 38
5808 6148 50
5808 5804 14
5808 5804 27
5808 5804 24
5808 5804 37
5808 6135 33
5808 6135 48
5808 6135 28
5808 6135 12
5808 5800 22
5808 5800 24
5808 5800 17
5808 5800 34
5808 5578 16
5808 5578 7
5808 5578 38
5808 5578 25
5808 6138 33
5808 6138 27
5808 6138 6
5808 6138 58
5808 6140 8
5808 6140 48
5808 6140 44
5808 6140 55
5808 6152 21
5808 6152 47
5808 6152 37
5808 6152 24
5808 6197 21
5808 6197 48
5808 6197 38
5808 6197 0
5808 6192 59
5808 6192 39
5808 6192 16
5808 6192 17
5808 6149 30
5808 6149 57
5808 6149 39
5808 6149 49
5808 5577 28
5808 5577 59
5808 5577 20
5808 5577 3
5808 5805 4
5808 5805 49
5808 5805 60
5808 5805 56
5808 6122 41
5808 6122 51
5808 6122 6
5808 6122 16
5808 5794 58
5808 5794 52
5808 5794 28
5808 5794 49
5808 6139 0
5808 6139 9
5808 6139 11
5808 6139 15
5808 5567 47
5808 5567 51
5808 5567 27
5808 5567 29
5808 5810 27
5808 5810 49
5808 5810 34
5808 5810 5
5808 6142 36
5808 6142 50
5808 6142 30
5808 6142 20
5808 6143 34
5808 6143 3
5808 6143 49
5808 6143 26
5808 6162 36
5808 6162 39
5808 6162 60
5808 6162 55
5808 6196 47
5808 6196 60
5808 6196 13
5808 6196 10
5871 6145 8
5871 6145 47
5871 6145 13
5871 6145 60
5871 6146 47
5871 6146 51
5871 6146 48
5871 6146 53
5871 6132 16
5871 6132 36
5871 6132 9
5871 6132 48
5871 6147 35
5871 6147 5
5871 6147 56
5871 6147 27
5871 6133 30
5871 6133 29
5871 6133 8
5871 6133 14
5871 6150 59
5871 6150 38
5871 6150 32
5871 6150 60
5871 5801 14
5871 5801 9
5871 5801 25
5871 5801 5
5871 6134 48
5871 6134 40
5871 6134 14
5871 6134 54
5871 6141 53
5871 6141 11
5871 6141 10
5871 6141 3
5871 6153 55
5871 6153 7
5871 6153 49
5871 6153 48
5871 6148 9
5871 6148 8
5871 6148 49
5871 6148 20
5871 5804 42
5871 5804 47
5871 5804 52
5871 5804 3
5871 6135 42
5871 6135 32
5871 6135 41
5871 6135 49
5871 5800 50
5871 5800 48
5871 5800 15
5871 5800 50
5871 5578 58
5871 5578 24
5871 5578 43
5871 5578 27
5871 6138 17
5871 6138 50
5871 6138 23
5871 6138 13
5871 6140 21
5871 6140 32
5871 6140 20
5871 6140 60
5871 6152 30
5871 6152 26
5871 6152 38
5871 6152 58
5871 6197 28
5871 6197 34
5871 6197 26
5871 6197 39
5871 6192 45
5871 6192 33
5871 6192 11
5871 6192 35
5871 6149 17
5871 6149 24
5871 6149 30
5871 6149 30
5871 5577 36
5871 5577 17
5871 5577 45
5871 5577 36
5871 5805 32
5871 5805 6
5871 5805 6
5871 5805 51
5871 6122 15
5871 6122 32
5871 6122 2
5871 6122 33
5871 5794 60
5871 5794 33
5871 5794 11
5871 5794 44
5871 6139 10
5871 6139 30
5871 6139 37
5871 6139 26
5871 5567 43
5871 5567 14
5871 5567 60
5871 5567 55
5871 5810 15
5871 5810 45
5871 5810 33
5871 5810 6
5871 6142 51
5871 6142 36
5871 6142 58
5871 6142 43
5871 6143 15
5871 6143 56
5871 6143 26
5871 6143 44
5871 6162 52
5871 6162 26
5871 6162 14
5871 6162 39
5871 6196 1
5871 6196 39
5871 6196 10
5871 6196 3
5844 6145 53
5844 6145 35
5844 6145 48
5844 6145 52
5844 6146 5
5844 6146 50
5844 6146 56
5844 6146 39
5844 6132 27
5844 6132 38
5844 6132 0
5844 6132 52
5844 6147 6
5844 6147 1
5844 6147 45
5844 6147 33
5844 6133 41
5844 6133 43
5844 6133 10
5844 6133 45
5844 6150 47
5844 6150 27
5844 6150 14
5844 6150 19
5844 5801 13
5844 5801 27
5844 5801 35
5844 5801 23
5844 6134 52
5844 6134 4
5844 6134 18
5844 6134 57
5844 6141 40
5844 6141 35
5844 6141 22
5844 6141 17
5844 6153 20
5844 6153 24
5844 6153 12
5844 6153 48
5844 6148 41
5844 6148 21
5844 6148 19
5844 6148 56
5844 5804 18
5844 5804 31
5844 5804 54
5844 5804 35
5844 6135 11
5844 6135 19
5844 6135 35
5844 6135 7
5844 5800 27
5844 5800 44
5844 5800 40
5844 5800 22
5844 5578 18
5844 5578 7
5844 5578 25
5844 5578 23
5844 6138 59
5844 6138 37
5844 6138 19
5844 6138 50
5844 6140 15
5844 6140 47
5844 6140 14
5844 6140 36
5844 6152 28
5844 6152 15
5844 6152 15
5844 6152 41
5844 6197 57
5844 6197 0
5844 6197 11
5844 6197 47
5844 6192 1
5844 6192 49
5844 6192 51
5844 6192 47
5844 6149 40
5844 6149 26
5844 6149 19
5844 6149 11
5844 5577 43
5844 5577 38
5844 5577 60
5844 5577 47
5844 5805 33
5844 5805 8
5844 5805 54
5844 5805 15
5844 6122 9
5844 6122 35
5844 6122 17
5844 6122 32
5844 5794 8
5844 5794 57
5844 5794 3
5844 5794 49
5844 6139 2
5844 6139 56
5844 6139 49
5844 6139 16
5844 5567 19
5844 5567 9
5844 5567 49
5844 5567 31
5844 5810 41
5844 5810 48
5844 5810 33
5844 5810 31
5844 6142 13
5844 6142 55
5844 6142 42
5844 6142 37
5844 6143 16
5844 6143 50
5844 6143 15
5844 6143 41
5844 6162 45
5844 6162 59
5844 6162 38
5844 6162 23
5844 6196 59
5844 6196 15
5844 6196 45
5844 6196 34
6174 6145 4
6174 6145 57
6174 6145 6
6174 6145 13
6174 6146 27
6174 6146 44
6174 6146 50
6174 6146 16
6174 6132 24
6174 6132 49
6174 6132 27
6174 6132 37
6174 6147 49
6174 6147 10
6174 6147 51
6174 6147 7
6174 6133 41
6174 6133 20
6174 6133 5
6174 6133 18
6174 6150 16
6174 6150 19
6174 6150 46
6174 6150 30
6174 5801 12
6174 5801 29
6174 5801 20
6174 5801 55
6174 6134 36
6174 6134 37
6174 6134 31
6174 6134 24
6174 6141 11
6174 6141 8
6174 6141 15
6174 6141 59
6174 6153 46
6174 6153 42
6174 6153 3
6174 6153 56
6174 6148 38
6174 6148 6
6174 6148 8
6174 6148 25
6174 5804 56
6174 5804 12
6174 5804 27
6174 5804 36
6174 6135 7
6174 6135 49
6174 6135 6
6174 6135 15
6174 5800 2
6174 5800 58
6174 5800 27
6174 5800 20
6174 5578 20
6174 5578 10
6174 5578 57
6174 5578 48
6174 6138 29
6174 6138 15
6174 6138 56
6174 6138 36
6174 6140 1
6174 6140 58
6174 6140 9
6174 6140 28
6174 6152 1
6174 6152 10
6174 6152 36
6174 6152 3
6174 6197 59
6174 6197 25
6174 6197 26
6174 6197 47
6174 6192 25
6174 6192 6
6174 6192 31
6174 6192 22
6174 6149 55
6174 6149 25
6174 6149 31
6174 6149 28
6174 5577 10
6174 5577 5
6174 5577 52
6174 5577 4
6174 5805 58
6174 5805 54
6174 5805 0
6174 5805 33
6174 6122 24
6174 6122 59
6174 6122 43
6174 6122 30
6174 5794 10
6174 5794 10
6174 5794 4
6174 5794 43
6174 6139 4
6174 6139 12
6174 6139 37
6174 6139 39
6174 5567 15
6174 5567 25
6174 5567 36
6174 5567 7
6174 5810 0
6174 5810 23
6174 5810 44
6174 5810 8
6174 6142 11
6174 6142 46
6174 6142 38
6174 6142 32
6174 6143 49
6174 6143 57
6174 6143 2
6174 6143 28
6174 6162 14
6174 6162 2
6174 6162 26
6174 6162 35
6174 6196 40
6174 6196 39
6174 6196 24
6174 6196 34
6172 6145 7
6172 6145 20
6172 6145 25
6172 6145 38
6172 6146 25
6172 6146 23
6172 6146 9
6172 6146 23
6172 6132 32
6172 6132 32
6172 6132 51
6172 6132 32
6172 6147 5
6172 6147 17
6172 6147 19
6172 6147 25
6172 6133 54
6172 6133 27
6172 6133 47
6172 6133 19
6172 6150 31
6172 6150 21
6172 6150 20
6172 6150 20
6172 5801 3
6172 5801 45
6172 5801 4
6172 5801 30
6172 6134 53
6172 6134 15
6172 6134 38
6172 6134 58
6172 6141 3
6172 6141 51
6172 6141 34
6172 6141 60
6172 6153 46
6172 6153 40
6172 6153 18
6172 6153 11
6172 6148 23
6172 6148 25
6172 6148 29
6172 6148 30
6172 5804 5
6172 5804 58
6172 5804 13
6172 5804 13
6172 6135 52
6172 6135 31
6172 6135 42
6172 6135 32
6172 5800 56
6172 5800 7
6172 5800 26
6172 5800 41
6172 5578 60
6172 5578 9
6172 5578 34
6172 5578 4
6172 6138 41
6172 6138 38
6172 6138 51
6172 6138 29
6172 6140 60
6172 6140 29
6172 6140 53
6172 6140 13
6172 6152 3
6172 6152 7
6172 6152 5
6172 6152 42
6172 6197 43
6172 6197 55
6172 6197 42
6172 6197 16
6172 6192 32
6172 6192 20
6172 6192 9
6172 6192 17
6172 6149 0
6172 6149 36
6172 6149 12
6172 6149 8
6172 5577 35
6172 5577 2
6172 5577 44
6172 5577 30
6172 5805 60
6172 5805 23
6172 5805 33
6172 5805 8
6172 6122 40
6172 6122 50
6172 6122 36
6172 6122 1
6172 5794 10
6172 5794 8
6172 5794 18
6172 5794 15
6172 6139 7
6172 6139 5
6172 6139 57
6172 6139 51
6172 5567 58
6172 5567 60
6172 5567 32
6172 5567 15
6172 5810 27
6172 5810 9
6172 5810 48
6172 5810 37
6172 6142 49
6172 6142 31
6172 6142 14
6172 6142 32
6172 6143 19
6172 6143 29
6172 6143 32
6172 6143 30
6172 6162 16
6172 6162 45
6172 6162 57
6172 6162 23
6172 6196 55
6172 6196 56
6172 6196 19
6172 6196 8
6204 6145 14
6204 6145 35
6204 6145 30
6204 6145 5
6204 6146 54
6204 6146 17
6204 6146 8
6204 6146 51
6204 6132 30
6204 6132 55
6204 6132 22
6204 6132 4
6204 6147 43
6204 6147 21
6204 6147 43
6204 6147 45
6204 6133 46
6204 6133 42
6204 6133 52
6204 6133 43
6204 6150 15
6204 6150 13
6204 6150 23
6204 6150 25
6204 5801 1
6204 5801 52
6204 5801 33
6204 5801 51
6204 6134 38
6204 6134 25
6204 6134 39
6204 6134 15
6204 6141 15
6204 6141 22
6204 6141 42
6204 6141 34
6204 6153 43
6204 6153 42
6204 6153 26
6204 6153 13
6204 6148 27
6204 6148 3
6204 6148 2
6204 6148 46
6204 5804 37
6204 5804 57
6204 5804 19
6204 5804 31
6204 6135 23
6204 6135 36
6204 6135 0
6204 6135 34
6204 5800 60
6204 5800 22
6204 5800 41
6204 5800 48
6204 5578 51
6204 5578 18
6204 5578 34
6204 5578 53
6204 6138 27
6204 6138 14
6204 6138 1
6204 6138 38
6204 6140 34
6204 6140 60
6204 6140 38
6204 6140 44
6204 6152 43
6204 6152 3
6204 6152 29
6204 6152 60
6204 6197 18
6204 6197 30
6204 6197 6
6204 6197 56
6204 6192 0
6204 6192 36
6204 6192 31
6204 6192 48
6204 6149 34
6204 6149 23
6204 6149 56
6204 6149 2
6204 5577 22
6204 5577 43
6204 5577 8
6204 5577 3
6204 5805 5
6204 5805 14
6204 5805 38
6204 5805 59
6204 6122 1
6204 6122 48
6204 6122 19
6204 6122 14
6204 5794 35
6204 5794 4
6204 5794 32
6204 5794 37
6204 6139 60
6204 6139 33
6204 6139 7
6204 6139 35
6204 5567 50
6204 5567 29
6204 5567 4
6204 5567 53
6204 5810 31
6204 5810 53
6204 5810 36
6204 5810 46
6204 6142 17
6204 6142 10
6204 6142 43
6204 6142 34
6204 6143 20
6204 6143 38
6204 6143 40
6204 6143 2
6204 6162 52
6204 6162 33
6204 6162 37
6204 6162 30
6204 6196 50
6204 6196 23
6204 6196 6
6204 6196 59
6187 6145 0
6187 6145 59
6187 6145 3
6187 6145 48
6187 6146 12
6187 6146 7
6187 6146 19
6187 6146 18
6187 6132 7
6187 6132 32
6187 6132 34
6187 6132 47
6187 6147 38
6187 6147 20
6187 6147 36
6187 6147 6
6187 6133 0
6187 6133 36
6187 6133 53
6187 6133 56
6187 6150 46
6187 6150 43
6187 6150 4
6187 6150 16
6187 5801 10
6187 5801 12
6187 5801 2
6187 5801 1
6187 6134 37
6187 6134 20
6187 6134 38
6187 6134 32
6187 6141 24
6187 6141 25
6187 6141 46
6187 6141 3
6187 6153 19
6187 6153 37
6187 6153 30
6187 6153 17
6187 6148 1
6187 6148 21
6187 6148 55
6187 6148 24
6187 5804 43
6187 5804 6
6187 5804 27
6187 5804 4
6187 6135 38
6187 6135 14
6187 6135 38
6187 6135 39
6187 5800 18
6187 5800 9
6187 5800 8
6187 5800 14
6187 5578 13
6187 5578 14
6187 5578 10
6187 5578 58
6187 6138 59
6187 6138 48
6187 6138 40
6187 6138 31
6187 6140 22
6187 6140 21
6187 6140 46
6187 6140 21
6187 6152 44
6187 6152 11
6187 6152 50
6187 6152 19
6187 6197 15
6187 6197 60
6187 6197 19
6187 6197 44
6187 6192 26
6187 6192 38
6187 6192 13
6187 6192 53
6187 6149 58
6187 6149 10
6187 6149 47
6187 6149 39
6187 5577 50
6187 5577 9
6187 5577 5
6187 5577 23
6187 5805 14
6187 5805 60
6187 5805 10
6187 5805 26
6187 6122 55
6187 6122 19
6187 6122 34
6187 6122 17
6187 5794 5
6187 5794 28
6187 5794 25
6187 5794 43
6187 6139 47
6187 6139 14
6187 6139 6
6187 6139 19
6187 5567 34
6187 5567 32
6187 5567 43
6187 5567 50
6187 5810 49
6187 5810 49
6187 5810 42
6187 5810 21
6187 6142 4
6187 6142 48
6187 6142 52
6187 6142 7
6187 6143 48
6187 6143 2
6187 6143 0
6187 6143 25
6187 6162 10
6187 6162 21
6187 6162 16
6187 6162 28
6187 6196 12
6187 6196 31
6187 6196 30
6187 6196 19
6203 6145 38
6203 6145 45
6203 6145 16
6203 6145 36
6203 6146 12
6203 6146 20
6203 6146 50
6203 6146 50
6203 6132 4
6203 6132 3
6203 6132 5
6203 6132 44
6203 6147 6
6203 6147 24
6203 6147 10
6203 6147 2
6203 6133 26
6203 6133 33
6203 6133 48
6203 6133 41
6203 6150 19
6203 6150 0
6203 6150 8
6203 6150 30
6203 5801 41
6203 5801 30
6203 5801 48
6203 5801 16
6203 6134 7
6203 6134 2
6203 6134 14
6203 6134 53
6203 6141 33
6203 6141 20
6203 6141 5
6203 6141 28
6203 6153 60
6203 6153 41
6203 6153 44
6203 6153 52
6203 6148 22
6203 6148 15
6203 6148 21
6203 6148 3
6203 5804 19
6203 5804 7
6203 5804 51
6203 5804 26
6203 6135 14
6203 6135 20
6203 6135 13
6203 6135 22
6203 5800 40
6203 5800 26
6203 5800 37
6203 5800 52
6203 5578 21
6203 5578 44
6203 5578 59
6203 5578 4
6203 6138 17
6203 6138 3
6203 6138 24
6203 6138 3
6203 6140 10
6203 6140 25
6203 6140 42
6203 6140 9
6203 6152 53
6203 6152 60
6203 6152 22
6203 6152 41
6203 6197 58
6203 6197 55
6203 6197 26
6203 6197 24
6203 6192 37
6203 6192 21
6203 6192 41
6203 6192 36
6203 6149 7
6203 6149 22
6203 6149 29
6203 6149 4
6203 5577 45
6203 5577 5
6203 5577 50
6203 5577 34
6203 5805 0
6203 5805 6
6203 5805 8
6203 5805 19
6203 6122 57
6203 6122 45
6203 6122 3
6203 6122 19
6203 5794 41
6203 5794 28
6203 5794 57
6203 5794 10
6203 6139 18
6203 6139 15
6203 6139 46
6203 6139 27
6203 5567 13
6203 5567 43
6203 5567 23
6203 5567 54
6203 5810 49
6203 5810 10
6203 5810 5
6203 5810 1
6203 6142 3
6203 6142 0
6203 6142 3
6203 6142 50
6203 6143 24
6203 6143 59
6203 6143 36
6203 6143 29
6203 6162 18
6203 6162 27
6203 6162 6
6203 6162 42
6203 6196 52
6203 6196 43
6203 6196 7
6203 6196 48
6164 6145 39
6164 6145 57
6164 6145 25
6164 6145 1
6164 6146 23
6164 6146 51
6164 6146 52
6164 6146 41
6164 6132 29
6164 6132 51
6164 6132 11
6164 6132 25
6164 6147 2
6164 6147 23
6164 6147 11
6164 6147 53
6164 6133 60
6164 6133 15
6164 6133 53
6164 6133 58
6164 6150 56
6164 6150 43
6164 6150 9
6164 6150 55
6164 5801 23
6164 5801 52
6164 5801 50
6164 5801 9
6164 6134 19
6164 6134 14
6164 6134 10
6164 6134 39
6164 6141 43
6164 6141 45
6164 6141 60
6164 6141 35
6164 6153 50
6164 6153 43
6164 6153 54
6164 6153 41
6164 6148 39
6164 6148 36
6164 6148 45
6164 6148 8
6164 5804 59
6164 5804 48
6164 5804 55
6164 5804 15
6164 6135 40
6164 6135 16
6164 6135 47
6164 6135 22
6164 5800 44
6164 5800 44
6164 5800 58
6164 5800 36
6164 5578 37
6164 5578 18
6164 5578 28
6164 5578 52
6164 6138 35
6164 6138 22
6164 6138 17
6164 6138 16
6164 6140 42
6164 6140 25
6164 6140 47
6164 6140 49
6164 6152 9
6164 6152 12
6164 6152 3
6164 6152 51
6164 6197 4
6164 6197 20
6164 6197 17
6164 6197 32
6164 6192 1
6164 6192 19
6164 6192 20
6164 6192 45
6164 6149 2
6164 6149 12
6164 6149 24
6164 6149 49
6164 5577 21
6164 5577 27
6164 5577 44
6164 5577 56
6164 5805 21
6164 5805 29
6164 5805 11
6164 5805 50
6164 6122 57
6164 6122 42
6164 6122 55
6164 6122 5
6164 5794 2
6164 5794 9
6164 5794 40
6164 5794 52
6164 6139 56
6164 6139 2
6164 6139 54
6164 6139 38
6164 5567 57
6164 5567 40
6164 5567 33
6164 5567 56
6164 5810 56
6164 5810 42
6164 5810 1
6164 5810 39
6164 6142 58
6164 6142 43
6164 6142 31
6164 6142 46
6164 6143 7
6164 6143 2
6164 6143 38
6164 6143 6
6164 6162 44
6164 6162 46
6164 6162 51
6164 6162 27
6164 6196 19
6164 6196 37
6164 6196 55
6164 6196 16
6200 6145 22
6200 6145 44
6200 6145 38
6200 6145 27
6200 6146 14
6200 6146 46
6200 6146 24
6200 6146 36
6200 6132 56
6200 6132 22
6200 6132 50
6200 6132 27
6200 6147 38
6200 6147 60
6200 6147 8
6200 6147 39
6200 6133 3
6200 6133 0
6200 6133 44
6200 6133 33
6200 6150 19
6200 6150 39
6200 6150 47
6200 6150 42
6200 5801 26
6200 5801 28
6200 5801 1
6200 5801 44
6200 6134 56
6200 6134 54
6200 6134 52
6200 6134 12
6200 6141 26
6200 6141 60
6200 6141 25
6200 6141 49
6200 6153 19
6200 6153 2
6200 6153 50
6200 6153 51
6200 6148 10
6200 6148 58
6200 6148 42
6200 6148 7
6200 5804 35
6200 5804 57
6200 5804 35
6200 5804 32
6200 6135 26
6200 6135 56
6200 6135 19
6200 6135 46
6200 5800 45
6200 5800 53
6200 5800 42
6200 5800 45
6200 5578 8
6200 5578 34
6200 5578 10
6200 5578 9
6200 6138 41
6200 6138 6
6200 6138 42
6200 6138 15
6200 6140 1
6200 6140 8
6200 6140 3
6200 6140 38
6200 6152 58
6200 6152 6
6200 6152 45
6200 6152 56
6200 6197 31
6200 6197 18
6200 6197 33
6200 6197 15
6200 6192 43
6200 6192 23
6200 6192 27
6200 6192 20
6200 6149 46
6200 6149 8
6200 6149 49
6200 6149 48
6200 5577 56
6200 5577 60
6200 5577 20
6200 5577 24
6200 5805 42
6200 5805 14
6200 5805 2
6200 5805 39
6200 6122 25
6200 6122 42
6200 6122 7
6200 6122 26
6200 5794 58
6200 5794 1
6200 5794 2
6200 5794 19
6200 6139 8
6200 6139 31
6200 6139 31
6200 6139 37
6200 5567 28
6200 5567 55
6200 5567 10
6200 5567 60
6200 5810 14
6200 5810 23
6200 5810 46
6200 5810 34
6200 6142 13
6200 6142 50
6200 6142 13
6200 6142 20
6200 6143 11
6200 6143 46
6200 6143 50
6200 6143 36
6200 6162 8
6200 6162 35
6200 6162 42
6200 6162 19
6200 6196 35
6200 6196 49
6200 6196 34
6200 6196 6
6201 6145 23
6201 6145 36
6201 6145 4
6201 6145 57
6201 6146 16
6201 6146 44
6201 6146 54
6201 6146 30
6201 6132 10
6201 6132 0
6201 6132 27
6201 6132 9
6201 6147 2
6201 6147 16
6201 6147 28
6201 6147 58
6201 6133 22
6201 6133 29
6201 6133 58
6201 6133 51
6201 6150 21
6201 6150 47
6201 6150 22
6201 6150 49
6201 5801 31
6201 5801 32
6201 5801 24
6201 5801 4
6201 6134 39
6201 6134 54
6201 6134 35
6201 6134 8
6201 6141 7
6201 6141 19
6201 6141 11
6201 6141 0
6201 6153 10
6201 6153 38
6201 6153 43
6201 6153 59
6201 6148 22
6201 6148 41
6201 6148 22
6201 6148 58
6201 5804 31
6201 5804 5
6201 5804 44
6201 5804 58
6201 6135 19
6201 6135 51
6201 6135 2
6201 6135 37
6201 5800 22
6201 5800 55
6201 5800 32
6201 5800 49
6201 5578 9
6201 5578 54
6201 5578 23
6201 5578 1
6201 6138 58
6201 6138 31
6201 6138 42
6201 6138 25
6201 6140 3
6201 6140 46
6201 6140 30
6201 6140 40
6201 6152 22
6201 6152 43
6201 6152 49
6201 6152 4
6201 6197 10
6201 6197 35
6201 6197 9
6201 6197 13
6201 6192 4
6201 6192 31
6201 6192 9
6201 6192 27
6201 6149 46
6201 6149 19
6201 6149 12
6201 6149 59
6201 5577 25
6201 5577 12
6201 5577 6
6201 5577 5
6201 5805 56
6201 5805 33
6201 5805 36
6201 5805 30
6201 6122 50
6201 6122 0
6201 6122 57
6201 6122 46
6201 5794 34
6201 5794 13
6201 5794 10
6201 5794 22
6201 6139 0
6201 6139 55
6201 6139 9
6201 6139 15
6201 5567 41
6201 5567 32
6201 5567 60
6201 5567 53
6201 5810 51
6201 5810 45
6201 5810 23
6201 5810 56
6201 6142 40
6201 6142 50
6201 6142 50
6201 6142 6
6201 6143 35
6201 6143 1
6201 6143 28
6201 6143 24
6201 6162 24
6201 6162 51
6201 6162 21
6201 6162 22
6201 6196 53
6201 6196 27
6201 6196 25
6201 6196 10
9749 6145 31
9749 6145 5
9749 6145 1
9749 6145 40
9749 6146 28
9749 6146 49
9749 6146 40
9749 6146 15
9749 6132 34
9749 6132 15
9749 6132 25
9749 6132 34
9749 6147 17
9749 6147 40
9749 6147 30
9749 6147 29
9749 6133 38
9749 6133 30
9749 6133 33
9749 6133 31
9749 6150 40
9749 6150 37
9749 6150 29
9749 6150 6
9749 5801 30
9749 5801 22
9749 5801 53
9749 5801 54
9749 6134 11
9749 6134 9
9749 6134 57
9749 6134 59
9749 6141 27
9749 6141 29
9749 6141 55
9749 6141 15
9749 6153 23
9749 6153 33
9749 6153 7
9749 6153 45
9749 6148 37
9749 6148 51
9749 6148 7
9749 6148 28
9749 5804 33
9749 5804 27
9749 5804 27
9749 5804 59
9749 6135 41
9749 6135 56
9749 6135 54
9749 6135 16
9749 5800 58
9749 5800 19
9749 5800 21
9749 5800 10
9749 5578 8
9749 5578 6
9749 5578 18
9749 5578 27
9749 6138 13
9749 6138 18
9749 6138 35
9749 6138 42
9749 6140 17
9749 6140 59
9749 6140 44
9749 6140 7
9749 6152 56
9749 6152 18
9749 6152 47
9749 6152 15
9749 6197 33
9749 6197 55
9749 6197 36
9749 6197 38
9749 6192 23
9749 6192 53
9749 6192 54
9749 6192 36
9749 6149 26
9749 6149 37
9749 6149 24
9749 6149 57
9749 5577 32
9749 5577 38
9749 5577 2
9749 5577 15
9749 5805 45
9749 5805 54
9749 5805 4
9749 5805 56
9749 6122 24
9749 6122 2
9749 6122 12
9749 6122 24
9749 5794 21
9749 5794 19
9749 5794 23
9749 5794 47
9749 6139 18
9749 6139 11
9749 6139 1
9749 6139 13
9749 5567 9
9749 5567 34
9749 5567 23
9749 5567 52
9749 5810 18
9749 5810 16
9749 5810 12
9749 5810 0
9749 6142 42
9749 6142 60
9749 6142 60
9749 6142 29
9749 6143 30
9749 6143 49
9749 6143 27
9749 6143 27
9749 6162 50
9749 6162 39
9749 6162 10
9749 6162 47
9749 6196 17
9749 6196 31
9749 6196 45
9749 6196 2
5806 6145 55
5806 6145 42
5806 6145 4
5806 6145 21
5806 6146 11
5806 6146 21
5806 6146 16
5806 6146 43
5806 6132 60
5806 6132 24
5806 6132 51
5806 6132 48
5806 6147 16
5806 6147 59
5806 6147 9
5806 6147 25
5806 6133 27
5806 6133 34
5806 6133 37
5806 6133 57
5806 6150 49
5806 6150 35
5806 6150 59
5806 6150 44
5806 5801 21
5806 5801 4
5806 5801 2
5806 5801 37
5806 6134 22
5806 6134 58
5806 6134 17
5806 6134 39
5806 6141 40
5806 6141 34
5806 6141 9
5806 6141 5
5806 6153 6
5806 6153 60
5806 6153 5
5806 6153 30
5806 6148 6
5806 6148 8
5806 6148 14
5806 6148 14
5806 5804 55
5806 5804 22
5806 5804 54
5806 5804 14
5806 6135 13
5806 6135 1
5806 6135 34
5806 6135 25
5806 5800 6
5806 5800 59
5806 5800 4
5806 5800 15
5806 5578 16
5806 5578 19
5806 5578 56
5806 5578 17
5806 6138 32
5806 6138 12
5806 6138 26
5806 6138 39
5806 6140 46
5806 6140 10
5806 6140 49
5806 6140 23
5806 6152 39
5806 6152 32
5806 6152 32
5806 6152 43
5806 6197 12
5806 6197 19
5806 6197 57
5806 6197 29
5806 6192 38
5806 6192 49
5806 6192 4
5806 6192 51
5806 6149 3
5806 6149 46
5806 6149 37
5806 6149 20
5806 5577 25
5806 5577 2
5806 5577 10
5806 5577 33
5806 5805 45
5806 5805 23
5806 5805 52
5806 5805 34
5806 6122 54
5806 6122 8
5806 6122 55
5806 6122 14
5806 5794 14
5806 5794 6
5806 5794 35
5806 5794 35
5806 6139 9
5806 6139 16
5806 6139 49
5806 6139 11
5806 5567 44
5806 5567 35
5806 5567 51
5806 5567 13
5806 5810 58
5806 5810 28
5806 5810 9
5806 5810 44
5806 6142 25
5806 6142 23
5806 6142 26
5806 6142 47
5806 6143 56
5806 6143 35
5806 6143 16
5806 6143 40
5806 6162 38
5806 6162 1
5806 6162 48
5806 6162 8
5806 6196 46
5806 6196 32
5806 6196 28
5806 6196 22
6157 6145 34
6157 6145 12
6157 6145 56
6157 6145 33
6157 6146 50
6157 6146 1
6157 6146 30
6157 6146 5
6157 6132 39
6157 6132 20
6157 6132 49
6157 6132 36
6157 6147 27
6157 6147 25
6157 6147 0
6157 6147 28
6157 6133 26
6157 6133 25
6157 6133 6
6157 6133 10
6157 6150 28
6157 6150 5
6157 6150 54
6157 6150 40
6157 5801 38
6157 5801 59
6157 5801 47
6157 5801 40
6157 6134 7
6157 6134 13
6157 6134 11
6157 6134 5
6157 6141 57
6157 6141 56
6157 6141 24
6157 6141 30
6157 6153 55
6157 6153 24
6157 6153 28
6157 6153 33
6157 6148 54
6157 6148 49
6157 6148 3
6157 6148 55
6157 5804 60
6157 5804 42
6157 5804 1
6157 5804 58
6157 6135 52
6157 6135 10
6157 6135 4
6157 6135 43
6157 5800 60
6157 5800 17
6157 5800 34
6157 5800 43
6157 5578 41
6157 5578 44
6157 5578 29
6157 5578 2
6157 6138 42
6157 6138 54
6157 6138 11
6157 6138 31
6157 6140 50
6157 6140 50
6157 6140 39
6157 6140 59
6157 6152 3
6157 6152 14
6157 6152 38
6157 6152 29
6157 6197 19
6157 6197 44
6157 6197 37
6157 6197 60
6157 6192 5
6157 6192 46
6157 6192 19
6157 6192 14
6157 6149 30
6157 6149 32
6157 6149 12
6157 6149 4
6157 5577 44
6157 5577 5
6157 5577 43
6157 5577 55
6157 5805 8
6157 5805 50
6157 5805 40
6157 5805 30
6157 6122 39
6157 6122 51
6157 6122 38
6157 6122 52
6157 5794 24
6157 5794 28
6157 5794 50
6157 5794 27
6157 6139 15
6157 6139 32
6157 6139 45
6157 6139 58
6157 5567 18
6157 5567 20
6157 5567 24
6157 5567 27
6157 5810 27
6157 5810 22
6157 5810 54
6157 5810 43
6157 6142 17
6157 6142 3
6157 6142 14
6157 6142 53
6157 6143 23
6157 6143 2
6157 6143 43
6157 6143 33
6157 6162 24
6157 6162 34
6157 6162 23
6157 6162 47
6157 6196 60
6157 6196 35
6157 6196 41
6157 6196 59
5798 6145 44
5798 6145 26
5798 6145 7
5798 6145 56
5798 6146 6
5798 6146 30
5798 6146 55
5798 6146 55
5798 6132 54
5798 6132 52
5798 6132 14
5798 6132 21
5798 6147 39
5798 6147 15
5798 6147 58
5798 6147 50
5798 6133 52
5798 6133 32
5798 6133 32
5798 6133 0
5798 6150 46
5798 6150 18
5798 6150 36
5798 6150 27
5798 5801 57
5798 5801 26
5798 5801 24
5798 5801 27
5798 6134 35
5798 6134 9
5798 6134 13
5798 6134 27
5798 6141 50
5798 6141 27
5798 6141 25
5798 6141 35
5798 6153 20
5798 6153 56
5798 6153 48
5798 6153 45
5798 6148 36
5798 6148 23
5798 6148 45
5798 6148 4
5798 5804 13
5798 5804 39
5798 5804 11
5798 5804 46
5798 6135 1
5798 6135 12
5798 6135 32
5798 6135 36
5798 5800 54
5798 5800 54
5798 5800 14
5798 5800 14
5798 5578 34
5798 5578 36
5798 5578 43
5798 5578 47
5798 6138 37
5798 6138 38
5798 6138 42
5798 6138 58
5798 6140 29
5798 6140 6
5798 6140 30
5798 6140 25
5798 6152 46
5798 6152 40
5798 6152 9
5798 6152 14
5798 6197 7
5798 6197 43
5798 6197 23
5798 6197 11
5798 6192 39
5798 6192 17
5798 6192 27
5798 6192 55
5798 6149 33
5798 6149 36
5798 6149 39
5798 6149 22
5798 5577 10
5798 5577 26
5798 5577 25
5798 5577 1
5798 5805 43
5798 5805 25
5798 5805 40
5798 5805 17
5798 6122 26
5798 6122 25
5798 6122 37
5798 6122 20
5798 5794 7
5798 5794 5
5798 5794 54
5798 5794 5
5798 6139 15
5798 6139 48
5798 6139 49
5798 6139 2
5798 5567 25
5798 5567 15
5798 5567 13
5798 5567 58
5798 5810 54
5798 5810 48
5798 5810 31
5798 5810 15
5798 6142 50
5798 6142 27
5798 6142 37
5798 6142 19
5798 6143 26
5798 6143 28
5798 6143 6
5798 6143 16
5798 6162 59
5798 6162 39
5798 6162 40
5798 6162 35
5798 6196 41
5798 6196 16
5798 6196 51
5798 6196 54
5873 6145 3
5873 6145 47
5873 6145 15
5873 6145 2
5873 6146 60
5873 6146 0
5873 6146 7
5873 6146 45
5873 6132 30
5873 6132 16
5873 6132 50
5873 6132 36
5873 6147 16
5873 6147 33
5873 6147 9
5873 6147 56
5873 6133 37
5873 6133 14
5873 6133 20
5873 6133 31
5873 6150 0
5873 6150 48
5873 6150 2
5873 6150 55
5873 5801 55
5873 5801 21
5873 5801 49
5873 5801 35
5873 6134 42
5873 6134 10
5873 6134 32
5873 6134 26
5873 6141 35
5873 6141 44
5873 6141 21
5873 6141 42
5873 6153 4
5873 6153 7
5873 6153 16
5873 6153 19
5873 6148 18
5873 6148 11
5873 6148 14
5873 6148 20
5873 5804 37
5873 5804 31
5873 5804 40
5873 5804 31
5873 6135 3
5873 6135 42
5873 6135 25
5873 6135 55
5873 5800 25
5873 5800 52
5873 5800 23
5873 5800 25
5873 5578 2
5873 5578 21
5873 5578 33
5873 5578 2
5873 6138 39
5873 6138 13
5873 6138 20
5873 6138 40
5873 6140 18
5873 6140 18
5873 6140 29
5873 6140 48
5873 6152 15
5873 6152 39
5873 6152 37
5873 6152 14
5873 6197 36
5873 6197 17
5873 6197 0
5873 6197 10
5873 6192 30
5873 6192 50
5873 6192 13
5873 6192 35
5873 6149 12
5873 6149 33
5873 6149 27
5873 6149 4
5873 5577 39
5873 5577 16
5873 5577 45
5873 5577 48
5873 5805 18
5873 5805 11
5873 5805 58
5873 5805 43
5873 6122 26
5873 6122 40
5873 6122 39
5873 6122 44
5873 5794 51
5873 5794 23
5873 5794 47
5873 5794 58
5873 6139 54
5873 6139 39
5873 6139 12
5873 6139 22
5873 5567 37
5873 5567 46
5873 5567 14
5873 5567 60
5873 5810 59
5873 5810 31
5873 5810 38
5873 5810 12
5873 6142 42
5873 6142 26
5873 6142 53
5873 6142 42
5873 6143 18
5873 6143 8
5873 6143 13
5873 6143 60
5873 6162 12
5873 6162 55
5873 6162 31
5873 6162 26
5873 6196 59
5873 6196 44
5873 6196 13
5873 6196 13
