1880 1805 41
1880 1800 1
1880 1806 24
1880 1803 36
1880 1794 35
1880 1802 6
1880 1799 38
1880 1801 22
1880 1808 60
1880 1804 2
1880 1793 15
1880 1796 53
1880 1798 37
1880 1807 37
1880 1809 8
1880 1791 60
1880 1795 25
1880 1792 44
1880 1815 32
1880 1860 9
1880 1810 54
1880 1811 20
1880 1797 41
1880 1816 41
1880 1825 33
1880 1861 13
1880 1865 51
1880 1812 56
1880 1814 43
1880 1817 10
1880 1826 28
1880 1862 26
1879 1805 31
1879 1800 22
1879 1806 44
1879 1803 36
1879 1794 32
1879 1802 9
1879 1799 57
1879 1801 38
1879 1808 34
1879 1804 7
1879 1793 22
1879 1796 41
1879 1798 29
1879 1807 31
1879 1809 40
1879 1791 35
1879 1795 17
1879 1792 39
1879 1815 20
1879 1860 29
1879 1810 24
1879 1811 5
1879 1797 6
1879 1816 53
1879 1825 6
1879 1861 19
1879 1865 3
1879 1812 39
1879 1814 0
1879 1817 20
1879 1826 0
1879 1862 28
5 1805 38
5 1800 45
5 1806 48
5 1803 6
5 1794 6
5 1802 42
5 1799 46
5 1801 2
5 1808 2
5 1804 22
5 1793 60
5 1796 49
5 1798 55
5 1807 29
5 1809 36
5 1791 41
5 1795 14
5 1792 50
5 1815 50
5 1860 12
5 1810 49
5 1811 43
5 1797 42
5 1816 8
5 1825 9
5 1861 6
5 1865 18
5 1812 27
5 1814 21
5 1817 42
5 1826 28
5 1862 28
1882 1805 2
1882 1800 12
1882 1806 27
1882 1803 34
1882 1794 36
1882 1802 10
1882 1799 24
1882 1801 31
1882 1808 41
1882 1804 53
1882 1793 14
1882 1796 48
1882 1798 24
1882 1807 47
1882 1809 54
1882 1791 19
1882 1795 38
1882 1792 29
1882 1815 12
1882 1860 51
1882 1810 40
1882 1811 32
1882 1797 4
1882 1816 52
1882 1825 12
1882 1861 18
1882 1865 9
1882 1812 57
1882 1814 54
1882 1817 25
1882 1826 17
1882 1862 20
95 1805 43
95 1800 8
95 1806 55
95 1803 7
95 1794 6
95 1802 17
95 1799 28
95 1801 49
95 1808 8
95 1804 58
95 1793 5
95 1796 48
95 1798 31
95 1807 2
95 1809 2
95 1791 31
95 1795 14
95 1792 48
95 1815 59
95 1860 43
95 1810 1
95 1811 37
95 1797 23
95 1816 60
95 1825 16
95 1861 59
95 1865 38
95 1812 27
95 1814 42
95 1817 4
95 1826 37
95 1862 14
4 1805 52
4 1800 34
4 1806 22
4 1803 47
4 1794 11
4 1802 24
4 1799 30
4 1801 40
4 1808 50
4 1804 48
4 1793 12
4 1796 12
4 1798 26
4 1807 48
4 1809 37
4 1791 19
4 1795 28
4 1792 54
4 1815 28
4 1860 46
4 1810 45
4 1811 21
4 1797 34
4 1816 14
4 1825 17
4 1861 40
4 1865 19
4 1812 24
4 1814 10
4 1817 54
4 1826 44
4 1862 10
1881 1805 39
1881 1800 6
1881 1806 25
1881 1803 41
1881 1794 29
1881 1802 56
1881 1799 41
1881 1801 54
1881 1808 14
1881 1804 32
1881 1793 3
1881 1796 43
1881 1798 54
1881 1807 49
1881 1809 42
1881 1791 55
1881 1795 56
1881 1792 23
1881 1815 31
1881 1860 33
1881 1810 38
1881 1811 48
1881 1797 23
1881 1816 56
1881 1825 57
1881 1861 0
1881 1865 59
1881 1812 37
1881 1814 25
1881 1817 52
1881 1826 54
1881 1862 23
96 1805 20
96 1800 42
96 1806 28
96 1803 20
96 1794 48
96 1802 51
96 1799 23
96 1801 15
96 1808 56
96 1804 34
96 1793 48
96 1796 57
96 1798 10
96 1807 32
96 1809 20
96 1791 24
96 1795 48
96 1792 5
96 1815 46
96 1860 34
96 1810 11
96 1811 23
96 1797 2
96 1816 20
96 1825 32
96 1861 57
96 1865 38
96 1812 0
96 1814 21
96 1817 42
96 1826 60
96 1862 2
1874 1805 39
1874 1800 45
1874 1806 42
1874 1803 3
1874 1794 5
1874 1802 23
1874 1799 19
1874 1801 36
1874 1808 5
1874 1804 37
1874 1793 33
1874 1796 10
1874 1798 18
1874 1807 28
1874 1809 42
1874 1791 0
1874 1795 29
1874 1792 3
1874 1815 34
1874 1860 46
1874 1810 39
1874 1811 6
1874 1797 1
1874 1816 39
1874 1825 10
1874 1861 58
1874 1865 0
1874 1812 55
1874 1814 18
1874 1817 24
1874 1826 4
1874 1862 54
128 1805 43
128 1800 6
128 1806 55
128 1803 4
128 1794 27
128 1802 8
128 1799 19
128 1801 26
128 1808 51
128 1804 18
128 1793 39
128 1796 15
128 1798 25
128 1807 10
128 1809 29
128 1791 0
128 1795 27
128 1792 52
128 1815 17
128 1860 46
128 1810 0
128 1811 35
128 1797 14
128 1816 48
128 1825 48
128 1861 34
128 1865 3
128 1812 16
128 1814 6
128 1817 39
128 1826 13
128 1862 0
1886 1805 19
1886 1800 47
1886 1806 48
1886 1803 8
1886 1794 27
1886 1802 53
1886 1799 41
1886 1801 59
1886 1808 34
1886 1804 6
1886 1793 53
1886 1796 34
1886 1798 26
1886 1807 34
1886 1809 1
1886 1791 0
1886 1795 46
1886 1792 9
1886 1815 40
1886 1860 28
1886 1810 23
1886 1811 33
1886 1797 41
1886 1816 48
1886 1825 48
1886 1861 4
1886 1865 56
1886 1812 20
1886 1814 25
1886 1817 6
1886 1826 18
1886 1862 13
1873 1805 50
1873 1800 16
1873 1806 52
1873 1803 40
1873 1794 9
1873 1802 43
1873 1799 35
1873 1801 31
1873 1808 22
1873 1804 8
1873 1793 50
1873 1796 51
1873 1798 0
1873 1807 31
1873 1809 11
1873 1791 28
1873 1795 0
1873 1792 14
1873 1815 44
1873 1860 22
1873 1810 40
1873 1811 39
1873 1797 36
1873 1816 46
1873 1825 6
1873 1861 38
1873 1865 43
1873 1812 33
1873 1814 19
1873 1817 16
1873 1826 48
1873 1862 22
1885 1805 3
1885 1800 16
1885 1806 12
1885 1803 10
1885 1794 42
1885 1802 16
1885 1799 17
1885 1801 31
1885 1808 7
1885 1804 18
1885 1793 12
1885 1796 54
1885 1798 56
1885 1807 59
1885 1809 45
1885 1791 24
1885 1795 24
1885 1792 4
1885 1815 25
1885 1860 3
1885 1810 58
1885 1811 24
1885 1797 28
1885 1816 1
1885 1825 46
1885 1861 54
1885 1865 55
1885 1812 56
1885 1814 18
1885 1817 36
1885 1826 1
1885 1862 53
1883 1805 1
1883 1800 31
1883 1806 24
1883 1803 57
1883 1794 60
1883 1802 20
1883 1799 1
1883 1801 42
1883 1808 54
1883 1804 45
1883 1793 55
1883 1796 27
1883 1798 22
1883 1807 13
1883 1809 53
1883 1791 38
1883 1795 53
1883 1792 12
1883 1815 15
1883 1860 45
1883 1810 49
1883 1811 60
1883 1797 9
1883 1816 47
1883 1825 47
1883 1861 48
1883 1865 56
1883 1812 55
1883 1814 22
1883 1817 49
1883 1826 19
1883 1862 2
1887 1805 16
1887 1800 56
1887 1806 23
1887 1803 8
1887 1794 34
1887 1802 41
1887 1799 1
1887 1801 44
1887 1808 26
1887 1804 2
1887 1793 10
1887 1796 50
1887 1798 19
1887 1807 28
1887 1809 4
1887 1791 41
1887 1795 26
1887 1792 12
1887 1815 20
1887 1860 26
1887 1810 0
1887 1811 18
1887 1797 10
1887 1816 48
1887 1825 36
1887 1861 52
1887 1865 3
1887 1812 29
1887 1814 7
1887 1817 20
1887 1826 42
1887 1862 41
6 1805 42
6 1800 59
6 1806 32
6 1803 59
6 1794 29
6 1802 59
6 1799 21
6 1801 41
6 1808 26
6 1804 14
6 1793 46
6 1796 55
6 1798 56
6 1807 31
6 1809 48
6 1791 53
6 1795 24
6 1792 6
6 1815 3
6 1860 47
6 1810 1
6 1811 42
6 1797 8
6 1816 51
6 1825 55
6 1861 24
6 1865 45
6 1812 21
6 1814 60
6 1817 1
6 1826 27
6 1862 30
1884 1805 17
1884 1800 6
1884 1806 21
1884 1803 5
1884 1794 44
1884 1802 13
1884 1799 23
1884 1801 14
1884 1808 36
1884 1804 49
1884 1793 31
1884 1796 38
1884 1798 51
1884 1807 10
1884 1809 27
1884 1791 25
1884 1795 52
1884 1792 14
1884 1815 26
1884 1860 20
1884 1810 24
1884 1811 42
1884 1797 27
1884 1816 39
1884 1825 8
1884 1861 17
1884 1865 12
1884 1812 11
1884 1814 54
1884 1817 22
1884 1826 35
1884 1862 50
1812 1805 50
1812 1800 52
1812 1806 50
1812 1803 37
1812 1794 30
1812 1802 48
1812 1799 41
1812 1801 49
1812 1808 43
1812 1804 53
1812 1793 46
1812 1796 24
1812 1798 42
1812 1807 33
1812 1809 16
1812 1791 51
1812 1795 6
1812 1792 19
1812 1815 36
1812 1860 22
1812 1810 46
1812 1811 40
1812 1797 10
1812 1816 34
1812 1825 20
1812 1861 40
1812 1865 20
1812 1812 43
1812 1814 1
1812 1817 15
1812 1826 26
1812 1862 5
0 1805 27
0 1800 45
0 1806 1
0 1803 59
0 1794 1
0 1802 39
0 1799 7
0 1801 46
0 1808 33
0 1804 57
0 1793 21
0 1796 17
0 1798 59
0 1807 52
0 1809 37
0 1791 26
0 1795 17
0 1792 46
0 1815 7
0 1860 35
0 1810 39
0 1811 25
0 1797 56
0 1816 29
0 1825 18
0 1861 23
0 1865 45
0 1812 33
0 1814 51
0 1817 40
0 1826 47
0 1862 19
1811 1805 38
1811 1800 11
1811 1806 26
1811 1803 47
1811 1794 17
1811 1802 22
1811 1799 55
1811 1801 6
1811 1808 38
1811 1804 47
1811 1793 47
1811 1796 32
1811 1798 30
1811 1807 24
1811 1809 43
1811 1791 23
1811 1795 44
1811 1792 31
1811 1815 53
1811 1860 25
1811 1810 17
1811 1811 9
1811 1797 5
1811 1816 47
1811 1825 41
1811 1861 55
1811 1865 44
1811 1812 56
1811 1814 1
1811 1817 13
1811 1826 14
1811 1862 28
1878 1805 47
1878 1800 34
1878 1806 59
1878 1803 6
1878 1794 48
1878 1802 1
1878 1799 33
1878 1801 26
1878 1808 47
1878 1804 46
1878 1793 10
1878 1796 15
1878 1798 54
1878 1807 21
1878 1809 9
1878 1791 31
1878 1795 57
1878 1792 9
1878 1815 52
1878 1860 29
1878 1810 12
1878 1811 12
1878 1797 53
1878 1816 58
1878 1825 20
1878 1861 49
1878 1865 20
1878 1812 59
1878 1814 53
1878 1817 47
1878 1826 53
1878 1862 19
1 1805 0
1 1800 21
1 1806 3
1 1803 39
1 1794 46
1 1802 5
1 1799 20
1 1801 54
1 1808 19
1 1804 24
1 1793 3
1 1796 58
1 1798 39
1 1807 29
1 1809 16
1 1791 31
1 1795 59
1 1792 3
1 1815 10
1 1860 49
1 1810 34
1 1811 36
1 1797 2
1 1816 38
1 1825 25
1 1861 5
1 1865 50
1 1812 44
1 1814 32
1 1817 7
1 1826 51
1 1862 41
2 1805 32
2 1800 9
2 1806 37
2 1803 26
2 1794 3
2 1802 5
2 1799 6
2 1801 43
2 1808 26
2 1804 20
2 1793 10
2 1796 60
2 1798 16
2 1807 6
2 1809 26
2 1791 9
2 1795 20
2 1792 16
2 1815 25
2 1860 16
2 1810 9
2 1811 19
2 1797 2
2 1816 21
2 1825 45
2 1861 55
2 1865 3
2 1812 46
2 1814 11
2 1817 48
2 1826 23
2 1862 41
1809 1805 19
1809 1800 7
1809 1806 41
1809 1803 35
1809 1794 13
1809 1802 24
1809 1799 15
1809 1801 27
1809 1808 38
1809 1804 25
1809 1793 44
1809 1796 4
1809 1798 17
1809 1807 58
1809 1809 11
1809 1791 13
1809 1795 7
1809 1792 13
1809 1815 20
1809 1860 12
1809 1810 37
1809 1811 51
1809 1797 29
1809 1816 23
1809 1825 37
1809 1861 23
1809 1865 47
1809 1812 10
1809 1814 39
1809 1817 48
1809 1826 7
1809 1862 41
1893 1805 29
1893 1800 59
1893 1806 14
1893 1803 45
1893 1794 48
1893 1802 31
1893 1799 22
1893 1801 46
1893 1808 32
1893 1804 49
1893 1793 12
1893 1796 45
1893 1798 37
1893 1807 58
1893 1809 42
1893 1791 41
1893 1795 16
1893 1792 50
1893 1815 9
1893 1860 28
1893 1810 52
1893 1811 46
1893 1797 20
1893 1816 18
1893 1825 15
1893 1861 4
1893 1865 14
1893 1812 38
1893 1814 6
1893 1817 26
1893 1826 12
1893 1862 14
2325 1805 0
2325 1800 49
2325 1806 36
2325 1803 8
2325 1794 2
2325 1802 34
2325 1799 32
2325 1801 23
2325 1808 27
2325 1804 14
2325 1793 25
2325 1796 34
2325 1798 53
2325 1807 25
2325 1809 4
2325 1791 59
2325 1795 48
2325 1792 8
2325 1815 4
2325 1860 18
2325 1810 48
2325 1811 55
2325 1797 1
2325 1816 30
2325 1825 35
2325 1861 48
2325 1865 51
2325 1812 54
2325 1814 19
2325 1817 3
2325 1826 39
2325 1862 36
3 1805 24
3 1800 11
3 1806 22
3 1803 49
3 1794 7
3 1802 41
3 1799 0
3 1801 57
3 1808 55
3 1804 55
3 1793 7
3 1796 51
3 1798 27
3 1807 20
3 1809 47
3 1791 4
3 1795 13
3 1792 37
3 1815 34
3 1860 58
3 1810 14
3 1811 35
3 1797 45
3 1816 51
3 1825 9
3 1861 29
3 1865 9
3 1812 9
3 1814 27
3 1817 25
3 1826 6
3 1862 47
925 1805 44
925 1800 31
925 1806 0
925 1803 21
925 1794 37
925 1802 52
925 1799 20
925 1801 48
925 1808 51
925 1804 45
925 1793 23
925 1796 13
925 1798 60
925 1807 15
925 1809 60
925 1791 28
925 1795 15
925 1792 37
925 1815 46
925 1860 18
925 1810 42
925 1811 20
925 1797 21
925 1816 26
925 1825 36
925 1861 5
925 1865 14
925 1812 4
925 1814 60
925 1817 23
925 1826 50
925 1862 54
1808 1805 5
1808 1800 5
1808 1806 24
1808 1803 2
1808 1794 36
1808 1802 17
1808 1799 52
1808 1801 19
1808 1808 4
1808 1804 49
1808 1793 10
1808 1796 49
1808 1798 50
1808 1807 7
1808 1809 13
1808 1791 39
1808 1795 32
1808 1792 48
1808 1815 34
1808 1860 24
1808 1810 9
1808 1811 45
1808 1797 12
1808 1816 33
1808 1825 56
1808 1861 6
1808 1865 16
1808 1812 29
1808 1814 39
1808 1817 14
1808 1826 44
1808 1862 23
1810 1805 54
1810 1800 6
1810 1806 5
1810 1803 53
1810 1794 21
1810 1802 48
1810 1799 53
1810 1801 45
1810 1808 6
1810 1804 41
1810 1793 8
1810 1796 58
1810 1798 13
1810 1807 2
1810 1809 2
1810 1791 55
1810 1795 0
1810 1792 31
1810 1815 47
1810 1860 32
1810 1810 30
1810 1811 46
1810 1797 52
1810 1816 13
1810 1825 59
1810 1861 46
1810 1865 27
1810 1812 15
1810 1814 38
1810 1817 21
1810 1826 13
1810 1862 32
1897 1805 7
1897 1800 43
1897 1806 27
1897 1803 42
1897 1794 4
1897 1802 26
1897 1799 22
1897 1801 3
1897 1808 43
1897 1804 40
1897 1793 58
1897 1796 34
1897 1798 8
1897 1807 10
1897 1809 22
1897 1791 1
1897 1795 18
1897 1792 12
1897 1815 54
1897 1860 36
1897 1810 31
1897 1811 38
1897 1797 0
1897 1816 8
1897 1825 59
1897 1861 20
1897 1865 60
1897 1812 56
1897 1814 41
1897 1817 8
1897 1826 17
1897 1862 41
1312 1805 22
1312 1800 45
1312 1806 13
1312 1803 26
1312 1794 56
1312 1802 1
1312 1799 18
1312 1801 9
1312 1808 36
1312 1804 22
1312 1793 51
1312 1796 0
1312 1798 14
1312 1807 36
1312 1809 48
1312 1791 49
1312 1795 39
1312 1792 54
1312 1815 8
1312 1860 35
1312 1810 23
1312 1811 40
1312 1797 47
1312 1816 29
1312 1825 11
1312 1861 60
1312 1865 9
1312 1812 47
1312 1814 56
1312 1817 2
1312 1826 55
1312 1862 59
