10800 10681 23
10800 10681 30
10800 10680 48
10800 10680 18
10800 10675 18
10800 10675 50
10800 10682 5
10800 10682 11
10800 10689 31
10800 10689 45
10800 10665 48
10800 10665 31
10800 10679 28
10800 10679 8
10800 10666 19
10800 10666 20
10800 10673 43
10800 10673 5
10800 10676 29
10800 10676 16
10800 10683 8
10800 10683 49
10800 10685 41
10800 10685 52
10800 10690 22
10800 10690 37
10800 10662 2
10800 10662 9
10800 10678 42
10800 10678 11
10800 10623 23
10800 10623 16
10800 10671 15
10800 10671 10
10800 10674 53
10800 10674 60
10800 10672 7
10800 10672 19
10800 10691 48
10800 10691 25
10800 10621 34
10800 10621 57
10800 10684 51
10800 10684 2
10800 10694 42
10800 10694 29
10800 10693 59
10800 10693 49
10800 8427 50
10800 8427 34
10800 10664 44
10800 10664 13
10800 10622 11
10800 10622 43
10800 10670 8
10800 10670 54
10800 10677 4
10800 10677 20
10800 10714 55
10800 10714 25
10800 10705 60
10800 10705 5
10800 10692 13
10800 10692 38
10796 10681 42
10796 10681 48
10796 10680 39
10796 10680 11
10796 10675 12
10796 10675 7
10796 10682 55
10796 10682 16
10796 10689 53
10796 10689 18
10796 10665 47
10796 10665 20
10796 10679 16
10796 10679 5
10796 10666 31
10796 10666 25
10796 10673 47
10796 10673 30
10796 10676 28
10796 10676 33
10796 10683 9
10796 10683 27
10796 10685 39
10796 10685 53
10796 10690 28
10796 10690 1
10796 10662 3
10796 10662 30
10796 10678 49
10796 10678 9
10796 10623 39
10796 10623 19
10796 10671 22
10796 10671 60
10796 10674 7
10796 10674 20
10796 10672 50
10796 10672 0
10796 10691 0
10796 10691 50
10796 10621 45
10796 10621 8
10796 10684 27
10796 10684 59
10796 10694 15
10796 10694 29
10796 10693 4
10796 10693 31
10796 8427 20
10796 8427 33
10796 10664 46
10796 10664 25
10796 10622 20
10796 10622 15
10796 10670 40
10796 10670 36
10796 10677 29
10796 10677 56
10796 10714 6
10796 10714 31
10796 10705 29
10796 10705 45
10796 10692 56
10796 10692 56
10801 10681 25
10801 10681 21
10801 10680 5
10801 10680 43
10801 10675 31
10801 10675 45
10801 10682 19
10801 10682 23
10801 10689 0
10801 10689 13
10801 10665 5
10801 10665 31
10801 10679 22
10801 10679 41
10801 10666 1
10801 10666 49
10801 10673 41
10801 10673 10
10801 10676 53
10801 10676 58
10801 10683 1
10801 10683 26
10801 10685 5
10801 10685 33
10801 10690 48
10801 10690 54
10801 10662 32
10801 10662 60
10801 10678 37
10801 10678 43
10801 10623 36
10801 10623 0
10801 10671 9
10801 10671 1
10801 10674 34
10801 10674 11
10801 10672 34
10801 10672 51
10801 10691 34
10801 10691 39
10801 10621 58
10801 10621 27
10801 10684 43
10801 10684 27
10801 10694 47
10801 10694 32
10801 10693 42
10801 10693 4
10801 8427 21
10801 8427 18
10801 10664 43
10801 10664 0
10801 10622 50
10801 10622 44
10801 10670 49
10801 10670 1
10801 10677 47
10801 10677 6
10801 10714 42
10801 10714 52
10801 10705 20
10801 10705 12
10801 10692 26
10801 10692 21
10802 10681 32
10802 10681 20
10802 10680 25
10802 10680 9
10802 10675 58
10802 10675 27
10802 10682 52
10802 10682 6
10802 10689 24
10802 10689 23
10802 10665 5
10802 10665 53
10802 10679 39
10802 10679 4
10802 10666 47
10802 10666 44
10802 10673 18
10802 10673 22
10802 10676 44
10802 10676 56
10802 10683 6
10802 10683 21
10802 10685 41
10802 10685 56
10802 10690 26
10802 10690 48
10802 10662 16
10802 10662 34
10802 10678 21
10802 10678 55
10802 10623 4
10802 10623 16
10802 10671 19
10802 10671 34
10802 10674 7
10802 10674 43
10802 10672 32
10802 10672 36
10802 10691 27
10802 10691 38
10802 10621 55
10802 10621 29
10802 10684 26
10802 10684 33
10802 10694 13
10802 10694 58
10802 10693 41
10802 10693 24
10802 8427 55
10802 8427 2
10802 10664 58
10802 10664 28
10802 10622 35
10802 10622 13
10802 10670 20
10802 10670 38
10802 10677 9
10802 10677 14
10802 10714 0
10802 10714 14
10802 10705 53
10802 10705 39
10802 10692 58
10802 10692 38
10808 10681 4
10808 10681 19
10808 10680 48
10808 10680 40
10808 10675 58
10808 10675 0
10808 10682 27
10808 10682 34
10808 10689 31
10808 10689 53
10808 10665 9
10808 10665 35
10808 10679 5
10808 10679 45
10808 10666 10
10808 10666 32
10808 10673 12
10808 10673 23
10808 10676 10
10808 10676 23
10808 10683 40
10808 10683 15
10808 10685 24
10808 10685 22
10808 10690 16
10808 10690 28
10808 10662 27
10808 10662 44
10808 10678 35
10808 10678 56
10808 10623 9
10808 10623 53
10808 10671 44
10808 10671 52
10808 10674 8
10808 10674 2
10808 10672 42
10808 10672 20
10808 10691 17
10808 10691 42
10808 10621 5
10808 10621 1
10808 10684 19
10808 10684 28
10808 10694 41
10808 10694 12
10808 10693 2
10808 10693 27
10808 8427 22
10808 8427 44
10808 10664 47
10808 10664 24
10808 10622 1
10808 10622 35
10808 10670 38
10808 10670 47
10808 10677 31
10808 10677 47
10808 10714 45
10808 10714 52
10808 10705 23
10808 10705 56
10808 10692 23
10808 10692 30
10619 10681 6
10619 10681 40
10619 10680 28
10619 10680 54
10619 10675 39
10619 10675 41
10619 10682 21
10619 10682 7
10619 10689 24
10619 10689 23
10619 10665 32
10619 10665 8
10619 10679 9
10619 10679 54
10619 10666 46
10619 10666 31
10619 10673 30
10619 10673 4
10619 10676 16
10619 10676 18
10619 10683 34
10619 10683 33
10619 10685 6
10619 10685 8
10619 10690 11
10619 10690 34
10619 10662 20
10619 10662 42
10619 10678 39
10619 10678 59
10619 10623 58
10619 10623 19
10619 10671 60
10619 10671 9
10619 10674 36
10619 10674 54
10619 10672 33
10619 10672 54
10619 10691 54
10619 10691 5
10619 10621 49
10619 10621 56
10619 10684 11
10619 10684 28
10619 10694 44
10619 10694 53
10619 10693 40
10619 10693 30
10619 8427 42
10619 8427 48
10619 10664 0
10619 10664 58
10619 10622 27
10619 10622 22
10619 10670 36
10619 10670 51
10619 10677 41
10619 10677 44
10619 10714 50
10619 10714 19
10619 10705 23
10619 10705 35
10619 10692 23
10619 10692 27
10797 10681 21
10797 10681 36
10797 10680 32
10797 10680 16
10797 10675 26
10797 10675 1
10797 10682 12
10797 10682 44
10797 10689 53
10797 10689 46
10797 10665 4
10797 10665 2
10797 10679 30
10797 10679 12
10797 10666 42
10797 10666 46
10797 10673 49
10797 10673 53
10797 10676 40
10797 10676 11
10797 10683 57
10797 10683 53
10797 10685 4
10797 10685 2
10797 10690 9
10797 10690 27
10797 10662 19
10797 10662 26
10797 10678 57
10797 10678 21
10797 10623 18
10797 10623 30
10797 10671 8
10797 10671 35
10797 10674 26
10797 10674 29
10797 10672 46
10797 10672 3
10797 10691 33
10797 10691 21
10797 10621 12
10797 10621 14
10797 10684 44
10797 10684 16
10797 10694 26
10797 10694 16
10797 10693 2
10797 10693 44
10797 8427 15
10797 8427 48
10797 10664 49
10797 10664 43
10797 10622 30
10797 10622 22
10797 10670 47
10797 10670 19
10797 10677 40
10797 10677 13
10797 10714 2
10797 10714 9
10797 10705 6
10797 10705 5
10797 10692 16
10797 10692 43
10798 10681 14
10798 10681 29
10798 10680 51
10798 10680 38
10798 10675 39
10798 10675 18
10798 10682 18
10798 10682 10
10798 10689 1
10798 10689 2
10798 10665 5
10798 10665 50
10798 10679 1
10798 10679 6
10798 10666 60
10798 10666 0
10798 10673 4
10798 10673 41
10798 10676 59
10798 10676 51
10798 10683 36
10798 10683 47
10798 10685 24
10798 10685 26
10798 10690 55
10798 10690 36
10798 10662 24
10798 10662 13
10798 10678 60
10798 10678 13
10798 10623 34
10798 10623 38
10798 10671 18
10798 10671 13
10798 10674 4
10798 10674 11
10798 10672 47
10798 10672 53
10798 10691 6
10798 10691 6
10798 10621 8
10798 10621 31
10798 10684 47
10798 10684 36
10798 10694 49
10798 10694 27
10798 10693 42
10798 10693 27
10798 8427 0
10798 8427 54
10798 10664 32
10798 10664 49
10798 10622 9
10798 10622 2
10798 10670 52
10798 10670 52
10798 10677 46
10798 10677 0
10798 10714 25
10798 10714 60
10798 10705 5
10798 10705 32
10798 10692 16
10798 10692 23
10042 10681 6
10042 10681 46
10042 10680 43
10042 10680 34
10042 10675 12
10042 10675 17
10042 10682 17
10042 10682 14
10042 10689 30
10042 10689 37
10042 10665 47
10042 10665 2
10042 10679 21
10042 10679 12
10042 10666 24
10042 10666 19
10042 10673 43
10042 10673 36
10042 10676 31
10042 10676 41
10042 10683 47
10042 10683 56
10042 10685 33
10042 10685 27
10042 10690 18
10042 10690 31
10042 10662 11
10042 10662 13
10042 10678 42
10042 10678 38
10042 10623 13
10042 10623 45
10042 10671 2
10042 10671 39
10042 10674 57
10042 10674 58
10042 10672 55
10042 10672 27
10042 10691 52
10042 10691 21
10042 10621 5
10042 10621 57
10042 10684 9
10042 10684 59
10042 10694 35
10042 10694 3
10042 10693 37
10042 10693 37
10042 8427 37
10042 8427 9
10042 10664 11
10042 10664 27
10042 10622 17
10042 10622 11
10042 10670 0
10042 10670 27
10042 10677 15
10042 10677 46
10042 10714 14
10042 10714 9
10042 10705 60
10042 10705 8
10042 10692 27
10042 10692 20
10037 10681 51
10037 10681 17
10037 10680 42
10037 10680 3
10037 10675 11
10037 10675 46
10037 10682 48
10037 10682 20
10037 10689 20
10037 10689 22
10037 10665 22
10037 10665 36
10037 10679 7
10037 10679 11
10037 10666 31
10037 10666 19
10037 10673 0
10037 10673 4
10037 10676 57
10037 10676 21
10037 10683 38
10037 10683 49
10037 10685 48
10037 10685 6
10037 10690 37
10037 10690 56
10037 10662 50
10037 10662 22
10037 10678 38
10037 10678 9
10037 10623 58
10037 10623 35
10037 10671 23
10037 10671 56
10037 10674 24
10037 10674 40
10037 10672 53
10037 10672 37
10037 10691 20
10037 10691 28
10037 10621 56
10037 10621 13
10037 10684 52
10037 10684 19
10037 10694 59
10037 10694 52
10037 10693 58
10037 10693 38
10037 8427 40
10037 8427 47
10037 10664 53
10037 10664 20
10037 10622 26
10037 10622 6
10037 10670 44
10037 10670 30
10037 10677 37
10037 10677 54
10037 10714 46
10037 10714 40
10037 10705 3
10037 10705 13
10037 10692 40
10037 10692 46
10809 10681 15
10809 10681 30
10809 10680 24
10809 10680 52
10809 10675 36
10809 10675 28
10809 10682 34
10809 10682 6
10809 10689 33
10809 10689 44
10809 10665 4
10809 10665 38
10809 10679 30
10809 10679 60
10809 10666 31
10809 10666 7
10809 10673 21
10809 10673 25
10809 10676 32
10809 10676 5
10809 10683 15
10809 10683 11
10809 10685 44
10809 10685 56
10809 10690 50
10809 10690 25
10809 10662 14
10809 10662 46
10809 10678 53
10809 10678 9
10809 10623 52
10809 10623 5
10809 10671 7
10809 10671 23
10809 10674 17
10809 10674 53
10809 10672 22
10809 10672 2
10809 10691 29
10809 10691 2
10809 10621 59
10809 10621 6
10809 10684 24
10809 10684 40
10809 10694 60
10809 10694 19
10809 10693 11
10809 10693 34
10809 8427 11
10809 8427 16
10809 10664 43
10809 10664 48
10809 10622 34
10809 10622 2
10809 10670 36
10809 10670 31
10809 10677 32
10809 10677 32
10809 10714 37
10809 10714 39
10809 10705 53
10809 10705 16
10809 10692 22
10809 10692 1
10799 10681 59
10799 10681 34
10799 10680 52
10799 10680 13
10799 10675 40
10799 10675 37
10799 10682 46
10799 10682 1
10799 10689 17
10799 10689 3
10799 10665 2
10799 10665 12
10799 10679 60
10799 10679 19
10799 10666 8
10799 10666 49
10799 10673 31
10799 10673 57
10799 10676 0
10799 10676 55
10799 10683 50
10799 10683 41
10799 10685 34
10799 10685 53
10799 10690 29
10799 10690 59
10799 10662 4
10799 10662 34
10799 10678 43
10799 10678 41
10799 10623 34
10799 10623 15
10799 10671 4
10799 10671 11
10799 10674 15
10799 10674 16
10799 10672 55
10799 10672 18
10799 10691 59
10799 10691 0
10799 10621 10
10799 10621 52
10799 10684 2
10799 10684 20
10799 10694 38
10799 10694 44
10799 10693 28
10799 10693 6
10799 8427 33
10799 8427 16
10799 10664 32
10799 10664 53
10799 10622 57
10799 10622 36
10799 10670 31
10799 10670 37
10799 10677 38
10799 10677 10
10799 10714 60
10799 10714 6
10799 10705 48
10799 10705 27
10799 10692 39
10799 10692 22
10051 10681 7
10051 10681 44
10051 10680 21
10051 10680 16
10051 10675 49
10051 10675 0
10051 10682 30
10051 10682 56
10051 10689 5
10051 10689 32
10051 10665 8
10051 10665 60
10051 10679 20
10051 10679 21
10051 10666 49
10051 10666 54
10051 10673 19
10051 10673 26
10051 10676 26
10051 10676 25
10051 10683 1
10051 10683 14
10051 10685 53
10051 10685 10
10051 10690 13
10051 10690 44
10051 10662 43
10051 10662 29
10051 10678 11
10051 10678 46
10051 10623 28
10051 10623 31
10051 10671 11
10051 10671 25
10051 10674 10
10051 10674 42
10051 10672 59
10051 10672 5
10051 10691 56
10051 10691 58
10051 10621 28
10051 10621 38
10051 10684 13
10051 10684 44
10051 10694 29
10051 10694 47
10051 10693 11
10051 10693 20
10051 8427 40
10051 8427 43
10051 10664 58
10051 10664 22
10051 10622 12
10051 10622 3
10051 10670 0
10051 10670 54
10051 10677 26
10051 10677 31
10051 10714 60
10051 10714 8
10051 10705 21
10051 10705 20
10051 10692 40
10051 10692 1
10618 10681 25
10618 10681 56
10618 10680 10
10618 10680 9
10618 10675 0
10618 10675 35
10618 10682 2
10618 10682 46
10618 10689 54
10618 10689 12
10618 10665 15
10618 10665 33
10618 10679 30
10618 10679 37
10618 10666 49
10618 10666 36
10618 10673 6
10618 10673 24
10618 10676 0
10618 10676 13
10618 10683 32
10618 10683 12
10618 10685 21
10618 10685 59
10618 10690 42
10618 10690 17
10618 10662 52
10618 10662 17
10618 10678 33
10618 10678 17
10618 10623 33
10618 10623 10
10618 10671 39
10618 10671 51
10618 10674 1
10618 10674 8
10618 10672 21
10618 10672 4
10618 10691 14
10618 10691 52
10618 10621 30
10618 10621 15
10618 10684 38
10618 10684 5
10618 10694 25
10618 10694 40
10618 10693 17
10618 10693 8
10618 8427 28
10618 8427 32
10618 10664 18
10618 10664 0
10618 10622 44
10618 10622 28
10618 10670 60
10618 10670 54
10618 10677 32
10618 10677 34
10618 10714 48
10618 10714 32
10618 10705 22
10618 10705 36
10618 10692 24
10618 10692 4
10795 10681 57
10795 10681 54
10795 10680 9
10795 10680 12
10795 10675 1
10795 10675 60
10795 10682 56
10795 10682 37
10795 10689 32
10795 10689 27
10795 10665 1
10795 10665 57
10795 10679 28
10795 10679 43
10795 10666 52
10795 10666 2
10795 10673 1
10795 10673 42
10795 10676 22
10795 10676 14
10795 10683 38
10795 10683 57
10795 10685 32
10795 10685 53
10795 10690 11
10795 10690 19
10795 10662 45
10795 10662 32
10795 10678 39
10795 10678 1
10795 10623 59
10795 10623 55
10795 10671 24
10795 10671 52
10795 10674 24
10795 10674 12
10795 10672 1
10795 10672 24
10795 10691 32
10795 10691 36
10795 10621 4
10795 10621 45
10795 10684 26
10795 10684 51
10795 10694 23
10795 10694 53
10795 10693 17
10795 10693 52
10795 8427 19
10795 8427 34
10795 10664 6
10795 10664 18
10795 10622 16
10795 10622 32
10795 10670 49
10795 10670 20
10795 10677 57
10795 10677 9
10795 10714 20
10795 10714 49
10795 10705 30
10795 10705 26
10795 10692 40
10795 10692 34
10789 10681 59
10789 10681 39
10789 10680 39
10789 10680 58
10789 10675 1
10789 10675 18
10789 10682 59
10789 10682 11
10789 10689 16
10789 10689 55
10789 10665 50
10789 10665 15
10789 10679 50
10789 10679 1
10789 10666 20
10789 10666 49
10789 10673 49
10789 10673 23
10789 10676 4
10789 10676 26
10789 10683 37
10789 10683 36
10789 10685 51
10789 10685 19
10789 10690 23
10789 10690 17
10789 10662 31
10789 10662 48
10789 10678 11
10789 10678 8
10789 10623 0
10789 10623 31
10789 10671 18
10789 10671 31
10789 10674 51
10789 10674 4
10789 10672 27
10789 10672 37
10789 10691 1
10789 10691 46
10789 10621 28
10789 10621 13
10789 10684 12
10789 10684 34
10789 10694 0
10789 10694 25
10789 10693 21
10789 10693 4
10789 8427 51
10789 8427 16
10789 10664 7
10789 10664 7
10789 10622 24
10789 10622 60
10789 10670 38
10789 10670 40
10789 10677 19
10789 10677 9
10789 10714 41
10789 10714 32
10789 10705 51
10789 10705 55
10789 10692 25
10789 10692 26
10035 10681 8
10035 10681 29
10035 10680 8
10035 10680 44
10035 10675 29
10035 10675 6
10035 10682 30
10035 10682 58
10035 10689 8
10035 10689 28
10035 10665 41
10035 10665 10
10035 10679 19
10035 10679 2
10035 10666 55
10035 10666 9
10035 10673 44
10035 10673 41
10035 10676 9
10035 10676 45
10035 10683 0
10035 10683 0
10035 10685 28
10035 10685 36
10035 10690 12
10035 10690 4
10035 10662 35
10035 10662 34
10035 10678 22
10035 10678 39
10035 10623 30
10035 10623 28
10035 10671 58
10035 10671 0
10035 10674 2
10035 10674 51
10035 10672 3
10035 10672 50
10035 10691 26
10035 10691 23
10035 10621 9
10035 10621 31
10035 10684 35
10035 10684 47
10035 10694 5
10035 10694 41
10035 10693 25
10035 10693 28
10035 8427 42
10035 8427 41
10035 10664 36
10035 10664 41
10035 10622 49
10035 10622 55
10035 10670 51
10035 10670 60
10035 10677 57
10035 10677 50
10035 10714 12
10035 10714 39
10035 10705 53
10035 10705 31
10035 10692 2
10035 10692 45
10790 10681 17
10790 10681 17
10790 10680 21
10790 10680 48
10790 10675 40
10790 10675 42
10790 10682 39
10790 10682 14
10790 10689 5
10790 10689 20
10790 10665 5
10790 10665 42
10790 10679 35
10790 10679 1
10790 10666 7
10790 10666 37
10790 10673 36
10790 10673 57
10790 10676 10
10790 10676 12
10790 10683 57
10790 10683 21
10790 10685 59
10790 10685 50
10790 10690 37
10790 10690 1
10790 10662 56
10790 10662 39
10790 10678 18
10790 10678 27
10790 10623 0
10790 10623 5
10790 10671 42
10790 10671 9
10790 10674 54
10790 10674 46
10790 10672 22
10790 10672 7
10790 10691 44
10790 10691 45
10790 10621 2
10790 10621 25
10790 10684 56
10790 10684 55
10790 10694 41
10790 10694 10
10790 10693 41
10790 10693 2
10790 8427 28
10790 8427 1
10790 10664 21
10790 10664 40
10790 10622 44
10790 10622 28
10790 10670 57
10790 10670 10
10790 10677 15
10790 10677 24
10790 10714 35
10790 10714 50
10790 10705 37
10790 10705 23
10790 10692 27
10790 10692 11
10041 10681 45
10041 10681 9
10041 10680 26
10041 10680 33
10041 10675 0
10041 10675 6
10041 10682 47
10041 10682 17
10041 10689 51
10041 10689 52
10041 10665 3
10041 10665 24
10041 10679 36
10041 10679 32
10041 10666 2
10041 10666 28
10041 10673 26
10041 10673 19
10041 10676 22
10041 10676 40
10041 10683 4
10041 10683 33
10041 10685 56
10041 10685 51
10041 10690 47
10041 10690 27
10041 10662 12
10041 10662 56
10041 10678 31
10041 10678 1
10041 10623 21
10041 10623 26
10041 10671 60
10041 10671 42
10041 10674 38
10041 10674 18
10041 10672 5
10041 10672 10
10041 10691 58
10041 10691 50
10041 10621 25
10041 10621 2
10041 10684 27
10041 10684 56
10041 10694 20
10041 10694 24
10041 10693 56
10041 10693 3
10041 8427 21
10041 8427 33
10041 10664 11
10041 10664 3
10041 10622 37
10041 10622 49
10041 10670 36
10041 10670 5
10041 10677 21
10041 10677 54
10041 10714 30
10041 10714 45
10041 10705 43
10041 10705 10
10041 10692 25
10041 10692 6
10043 10681 60
10043 10681 50
10043 10680 9
10043 10680 1
10043 10675 16
10043 10675 15
10043 10682 55
10043 10682 60
10043 10689 9
10043 10689 23
10043 10665 8
10043 10665 51
10043 10679 9
10043 10679 0
10043 10666 44
10043 10666 54
10043 10673 25
10043 10673 13
10043 10676 55
10043 10676 22
10043 10683 29
10043 10683 24
10043 10685 31
10043 10685 14
10043 10690 17
10043 10690 55
10043 10662 8
10043 10662 10
10043 10678 50
10043 10678 40
10043 10623 3
10043 10623 51
10043 10671 18
10043 10671 55
10043 10674 15
10043 10674 48
10043 10672 39
10043 10672 42
10043 10691 35
10043 10691 18
10043 10621 44
10043 10621 51
10043 10684 3
10043 10684 5
10043 10694 28
10043 10694 47
10043 10693 29
10043 10693 54
10043 8427 53
10043 8427 3
10043 10664 13
10043 10664 22
10043 10622 51
10043 10622 55
10043 10670 12
10043 10670 23
10043 10677 5
10043 10677 15
10043 10714 55
10043 10714 59
10043 10705 22
10043 10705 2
10043 10692 31
10043 10692 50
10034 10681 11
10034 10681 55
10034 10680 46
10034 10680 14
10034 10675 41
10034 10675 5
10034 10682 53
10034 10682 40
10034 10689 55
10034 10689 49
10034 10665 0
10034 10665 55
10034 10679 4
10034 10679 9
10034 10666 6
10034 10666 42
10034 10673 50
10034 10673 51
10034 10676 33
10034 10676 22
10034 10683 19
10034 10683 6
10034 10685 22
10034 10685 19
10034 10690 20
10034 10690 38
10034 10662 43
10034 10662 44
10034 10678 23
10034 10678 10
10034 10623 44
10034 10623 18
10034 10671 56
10034 10671 15
10034 10674 14
10034 10674 48
10034 10672 13
10034 10672 34
10034 10691 14
10034 10691 33
10034 10621 22
10034 10621 44
10034 10684 45
10034 10684 13
10034 10694 9
10034 10694 19
10034 10693 26
10034 10693 42
10034 8427 7
10034 8427 21
10034 10664 56
10034 10664 21
10034 10622 8
10034 10622 9
10034 10670 42
10034 10670 31
10034 10677 20
10034 10677 11
10034 10714 27
10034 10714 14
10034 10705 27
10034 10705 22
10034 10692 10
10034 10692 46
10038 10681 3
10038 10681 28
10038 10680 49
10038 10680 11
10038 10675 57
10038 10675 18
10038 10682 31
10038 10682 58
10038 10689 11
10038 10689 52
10038 10665 41
10038 10665 14
10038 10679 20
10038 10679 44
10038 10666 49
10038 10666 59
10038 10673 15
10038 10673 38
10038 10676 58
10038 10676 3
10038 10683 50
10038 10683 4
10038 10685 21
10038 10685 23
10038 10690 19
10038 10690 23
10038 10662 23
10038 10662 20
10038 10678 35
10038 10678 44
10038 10623 3
10038 10623 2
10038 10671 23
10038 10671 2
10038 10674 60
10038 10674 47
10038 10672 3
10038 10672 36
10038 10691 54
10038 10691 56
10038 10621 22
10038 10621 44
10038 10684 18
10038 10684 9
10038 10694 31
10038 10694 57
10038 10693 36
10038 10693 25
10038 8427 7
10038 8427 22
10038 10664 18
10038 10664 29
10038 10622 56
10038 10622 37
10038 10670 17
10038 10670 35
10038 10677 24
10038 10677 16
10038 10714 38
10038 10714 34
10038 10705 20
10038 10705 14
10038 10692 54
10038 10692 6
9939 10681 49
9939 10681 29
9939 10680 55
9939 10680 16
9939 10675 16
9939 10675 12
9939 10682 8
9939 10682 59
9939 10689 60
9939 10689 57
9939 10665 59
9939 10665 10
9939 10679 20
9939 10679 1
9939 10666 56
9939 10666 60
9939 10673 36
9939 10673 31
9939 10676 38
9939 10676 10
9939 10683 1
9939 10683 38
9939 10685 36
9939 10685 16
9939 10690 53
9939 10690 40
9939 10662 41
9939 10662 29
9939 10678 20
9939 10678 15
9939 10623 25
9939 10623 40
9939 10671 28
9939 10671 38
9939 10674 43
9939 10674 27
9939 10672 9
9939 10672 13
9939 10691 58
9939 10691 60
9939 10621 5
9939 10621 29
9939 10684 20
9939 10684 19
9939 10694 30
9939 10694 52
9939 10693 57
9939 10693 5
9939 8427 0
9939 8427 41
9939 10664 9
9939 10664 27
9939 10622 36
9939 10622 3
9939 10670 16
9939 10670 17
9939 10677 58
9939 10677 15
9939 10714 58
9939 10714 20
9939 10705 21
9939 10705 3
9939 10692 25
9939 10692 52
10047 10681 56
10047 10681 14
10047 10680 38
10047 10680 43
10047 10675 21
10047 10675 51
10047 10682 50
10047 10682 27
10047 10689 43
10047 10689 43
10047 10665 7
10047 10665 56
10047 10679 8
10047 10679 13
10047 10666 44
10047 10666 38
10047 10673 12
10047 10673 47
10047 10676 43
10047 10676 35
10047 10683 4
10047 10683 34
10047 10685 14
10047 10685 6
10047 10690 6
10047 10690 46
10047 10662 23
10047 10662 18
10047 10678 19
10047 10678 21
10047 10623 46
10047 10623 58
10047 10671 39
10047 10671 7
10047 10674 53
10047 10674 58
10047 10672 9
10047 10672 49
10047 10691 42
10047 10691 2
10047 10621 47
10047 10621 33
10047 10684 39
10047 10684 24
10047 10694 3
10047 10694 30
10047 10693 41
10047 10693 20
10047 8427 55
10047 8427 27
10047 10664 47
10047 10664 15
10047 10622 53
10047 10622 21
10047 10670 16
10047 10670 8
10047 10677 27
10047 10677 44
10047 10714 23
10047 10714 59
10047 10705 16
10047 10705 33
10047 10692 28
10047 10692 34
10803 10681 10
10803 10681 46
10803 10680 49
10803 10680 16
10803 10675 48
10803 10675 16
10803 10682 45
10803 10682 10
10803 10689 24
10803 10689 16
10803 10665 15
10803 10665 45
10803 10679 35
10803 10679 60
10803 10666 58
10803 10666 47
10803 10673 42
10803 10673 29
10803 10676 29
10803 10676 51
10803 10683 44
10803 10683 43
10803 10685 22
10803 10685 17
10803 10690 12
10803 10690 22
10803 10662 57
10803 10662 41
10803 10678 14
10803 10678 24
10803 10623 46
10803 10623 56
10803 10671 33
10803 10671 8
10803 10674 33
10803 10674 9
10803 10672 1
10803 10672 9
10803 10691 34
10803 10691 28
10803 10621 4
10803 10621 21
10803 10684 27
10803 10684 26
10803 10694 16
10803 10694 39
10803 10693 18
10803 10693 57
10803 8427 41
10803 8427 8
10803 10664 49
10803 10664 16
10803 10622 29
10803 10622 51
10803 10670 3
10803 10670 25
10803 10677 22
10803 10677 16
10803 10714 52
10803 10714 60
10803 10705 7
10803 10705 9
10803 10692 21
10803 10692 39
10806 10681 6
10806 10681 53
10806 10680 39
10806 10680 59
10806 10675 54
10806 10675 0
10806 10682 12
10806 10682 35
10806 10689 31
10806 10689 25
10806 10665 56
10806 10665 45
10806 10679 29
10806 10679 15
10806 10666 26
10806 10666 13
10806 10673 58
10806 10673 6
10806 10676 16
10806 10676 41
10806 10683 59
10806 10683 51
10806 10685 14
10806 10685 10
10806 10690 34
10806 10690 42
10806 10662 3
10806 10662 24
10806 10678 36
10806 10678 55
10806 10623 29
10806 10623 14
10806 10671 22
10806 10671 41
10806 10674 37
10806 10674 60
10806 10672 59
10806 10672 7
10806 10691 27
10806 10691 53
10806 10621 39
10806 10621 19
10806 10684 37
10806 10684 48
10806 10694 21
10806 10694 45
10806 10693 8
10806 10693 19
10806 8427 36
10806 8427 50
10806 10664 3
10806 10664 23
10806 10622 42
10806 10622 57
10806 10670 5
10806 10670 13
10806 10677 42
10806 10677 25
10806 10714 18
10806 10714 16
10806 10705 42
10806 10705 54
10806 10692 0
10806 10692 38
10811 10681 34
10811 10681 43
10811 10680 59
10811 10680 31
10811 10675 31
10811 10675 24
10811 10682 37
10811 10682 59
10811 10689 3
10811 10689 37
10811 10665 21
10811 10665 53
10811 10679 13
10811 10679 50
10811 10666 9
10811 10666 25
10811 10673 5
10811 10673 3
10811 10676 39
10811 10676 54
10811 10683 35
10811 10683 20
10811 10685 42
10811 10685 55
10811 10690 28
10811 10690 17
10811 10662 41
10811 10662 46
10811 10678 26
10811 10678 42
10811 10623 42
10811 10623 31
10811 10671 58
10811 10671 18
10811 10674 20
10811 10674 17
10811 10672 25
10811 10672 24
10811 10691 28
10811 10691 22
10811 10621 55
10811 10621 9
10811 10684 32
10811 10684 58
10811 10694 55
10811 10694 39
10811 10693 0
10811 10693 59
10811 8427 35
10811 8427 17
10811 10664 18
10811 10664 12
10811 10622 53
10811 10622 53
10811 10670 46
10811 10670 28
10811 10677 20
10811 10677 46
10811 10714 60
10811 10714 22
10811 10705 32
10811 10705 28
10811 10692 40
10811 10692 50
10688 10681 47
10688 10681 59
10688 10680 8
10688 10680 43
10688 10675 42
10688 10675 12
10688 10682 50
10688 10682 1
10688 10689 13
10688 10689 13
10688 10665 47
10688 10665 57
10688 10679 10
10688 10679 55
10688 10666 29
10688 10666 22
10688 10673 38
10688 10673 34
10688 10676 29
10688 10676 55
10688 10683 51
10688 10683 1
10688 10685 57
10688 10685 26
10688 10690 54
10688 10690 32
10688 10662 14
10688 10662 2
10688 10678 7
10688 10678 6
10688 10623 59
10688 10623 40
10688 10671 42
10688 10671 32
10688 10674 41
10688 10674 9
10688 10672 51
10688 10672 55
10688 10691 53
10688 10691 7
10688 10621 57
10688 10621 17
10688 10684 44
10688 10684 25
10688 10694 44
10688 10694 6
10688 10693 24
10688 10693 8
10688 8427 37
10688 8427 17
10688 10664 22
10688 10664 15
10688 10622 54
10688 10622 26
10688 10670 52
10688 10670 40
10688 10677 2
10688 10677 28
10688 10714 50
10688 10714 25
10688 10705 26
10688 10705 60
10688 10692 50
10688 10692 19
10779 10681 13
10779 10681 12
10779 10680 19
10779 10680 40
10779 10675 56
10779 10675 15
10779 10682 11
10779 10682 7
10779 10689 24
10779 10689 39
10779 10665 57
10779 10665 47
10779 10679 20
10779 10679 24
10779 10666 48
10779 10666 43
10779 10673 44
10779 10673 44
10779 10676 1
10779 10676 1
10779 10683 31
10779 10683 4
10779 10685 55
10779 10685 14
10779 10690 34
10779 10690 59
10779 10662 59
10779 10662 5
10779 10678 58
10779 10678 34
10779 10623 7
10779 10623 14
10779 10671 35
10779 10671 7
10779 10674 41
10779 10674 10
10779 10672 12
10779 10672 27
10779 10691 5
10779 10691 22
10779 10621 4
10779 10621 6
10779 10684 0
10779 10684 49
10779 10694 12
10779 10694 7
10779 10693 19
10779 10693 13
10779 8427 30
10779 8427 45
10779 10664 11
10779 10664 44
10779 10622 35
10779 10622 57
10779 10670 27
10779 10670 8
10779 10677 33
10779 10677 47
10779 10714 3
10779 10714 4
10779 10705 29
10779 10705 48
10779 10692 22
10779 10692 59
10787 10681 1
10787 10681 14
10787 10680 28
10787 10680 36
10787 10675 57
10787 10675 27
10787 10682 54
10787 10682 56
10787 10689 8
10787 10689 2
10787 10665 26
10787 10665 36
10787 10679 1
10787 10679 15
10787 10666 9
10787 10666 34
10787 10673 25
10787 10673 52
10787 10676 54
10787 10676 15
10787 10683 42
10787 10683 36
10787 10685 20
10787 10685 4
10787 10690 27
10787 10690 31
10787 10662 42
10787 10662 46
10787 10678 10
10787 10678 0
10787 10623 15
10787 10623 58
10787 10671 10
10787 10671 16
10787 10674 9
10787 10674 36
10787 10672 27
10787 10672 16
10787 10691 19
10787 10691 36
10787 10621 33
10787 10621 7
10787 10684 4
10787 10684 20
10787 10694 58
10787 10694 42
10787 10693 36
10787 10693 5
10787 8427 48
10787 8427 37
10787 10664 23
10787 10664 27
10787 10622 33
10787 10622 22
10787 10670 14
10787 10670 17
10787 10677 12
10787 10677 46
10787 10714 39
10787 10714 45
10787 10705 1
10787 10705 57
10787 10692 56
10787 10692 9
11326 10681 37
11326 10681 45
11326 10680 56
11326 10680 8
11326 10675 22
11326 10675 35
11326 10682 2
11326 10682 41
11326 10689 17
11326 10689 53
11326 10665 42
11326 10665 49
11326 10679 16
11326 10679 28
11326 10666 28
11326 10666 0
11326 10673 54
11326 10673 31
11326 10676 39
11326 10676 36
11326 10683 9
11326 10683 54
11326 10685 20
11326 10685 22
11326 10690 28
11326 10690 25
11326 10662 5
11326 10662 46
11326 10678 6
11326 10678 45
11326 10623 19
11326 10623 50
11326 10671 5
11326 10671 27
11326 10674 41
11326 10674 60
11326 10672 41
11326 10672 3
11326 10691 24
11326 10691 15
11326 10621 28
11326 10621 53
11326 10684 27
11326 10684 7
11326 10694 40
11326 10694 52
11326 10693 3
11326 10693 15
11326 8427 47
11326 8427 31
11326 10664 23
11326 10664 25
11326 10622 20
11326 10622 9
11326 10670 21
11326 10670 39
11326 10677 13
11326 10677 0
11326 10714 53
11326 10714 31
11326 10705 11
11326 10705 41
11326 10692 17
11326 10692 39
10788 10681 5
10788 10681 47
10788 10680 7
10788 10680 49
10788 10675 58
10788 10675 51
10788 10682 24
10788 10682 11
10788 10689 36
10788 10689 23
10788 10665 60
10788 10665 54
10788 10679 55
10788 10679 16
10788 10666 51
10788 10666 50
10788 10673 18
10788 10673 56
10788 10676 5
10788 10676 24
10788 10683 19
10788 10683 43
10788 10685 20
10788 10685 55
10788 10690 27
10788 10690 18
10788 10662 32
10788 10662 43
10788 10678 56
10788 10678 27
10788 10623 11
10788 10623 41
10788 10671 50
10788 10671 4
10788 10674 9
10788 10674 4
10788 10672 47
10788 10672 17
10788 10691 45
10788 10691 38
10788 10621 8
10788 10621 1
10788 10684 45
10788 10684 11
10788 10694 54
10788 10694 23
10788 10693 27
10788 10693 55
10788 8427 19
10788 8427 52
10788 10664 22
10788 10664 42
10788 10622 24
10788 10622 34
10788 10670 47
10788 10670 52
10788 10677 26
10788 10677 45
10788 10714 38
10788 10714 45
10788 10705 50
10788 10705 36
10788 10692 6
10788 10692 14
