11125 10920 13
11125 10921 48
11125 10922 10
11125 10923 57
11125 10918 20
11125 10925 35
11125 10924 6
11125 11074 37
11125 11070 43
11125 10915 52
11125 10919 31
11125 10927 49
11125 11072 24
11125 11073 56
11125 11075 11
11125 10840 36
11125 10916 50
11125 10917 24
11125 10926 0
11125 11078 29
11125 11071 39
11125 11079 23
11125 10934 47
11125 11081 14
11125 10833 30
11125 10911 44
11125 10928 38
11125 10933 31
11125 11076 37
11125 10841 42
11125 10858 33
11125 10929 56
11105 10920 50
11105 10921 30
11105 10922 44
11105 10923 4
11105 10918 11
11105 10925 9
11105 10924 21
11105 11074 60
11105 11070 46
11105 10915 26
11105 10919 37
11105 10927 44
11105 11072 7
11105 11073 35
11105 11075 33
11105 10840 26
11105 10916 46
11105 10917 10
11105 10926 10
11105 11078 47
11105 11071 36
11105 11079 37
11105 10934 53
11105 11081 45
11105 10833 41
11105 10911 38
11105 10928 34
11105 10933 51
11105 11076 10
11105 10841 16
11105 10858 21
11105 10929 37
11126 10920 23
11126 10921 13
11126 10922 35
11126 10923 58
11126 10918 34
11126 10925 8
11126 10924 12
11126 11074 43
11126 11070 26
11126 10915 58
11126 10919 0
11126 10927 24
11126 11072 24
11126 11073 35
11126 11075 29
11126 10840 55
11126 10916 21
11126 10917 8
11126 10926 0
11126 11078 39
11126 11071 44
11126 11079 9
11126 10934 6
11126 11081 12
11126 10833 29
11126 10911 47
11126 10928 3
11126 10933 59
11126 11076 40
11126 10841 52
11126 10858 45
11126 10929 31
11127 10920 55
11127 10921 58
11127 10922 26
11127 10923 17
11127 10918 40
11127 10925 41
11127 10924 10
11127 11074 51
11127 11070 6
11127 10915 34
11127 10919 59
11127 10927 58
11127 11072 55
11127 11073 20
11127 11075 50
11127 10840 13
11127 10916 21
11127 10917 46
11127 10926 39
11127 11078 10
11127 11071 19
11127 11079 17
11127 10934 35
11127 11081 12
11127 10833 35
11127 10911 49
11127 10928 36
11127 10933 60
11127 11076 10
11127 10841 10
11127 10858 52
11127 10929 21
11124 10920 55
11124 10921 31
11124 10922 30
11124 10923 42
11124 10918 33
11124 10925 10
11124 10924 35
11124 11074 4
11124 11070 53
11124 10915 4
11124 10919 57
11124 10927 32
11124 11072 3
11124 11073 57
11124 11075 24
11124 10840 39
11124 10916 36
11124 10917 54
11124 10926 28
11124 11078 11
11124 11071 60
11124 11079 47
11124 10934 13
11124 11081 26
11124 10833 36
11124 10911 0
11124 10928 59
11124 10933 36
11124 11076 33
11124 10841 24
11124 10858 30
11124 10929 14
11096 10920 16
11096 10921 49
11096 10922 1
11096 10923 22
11096 10918 53
11096 10925 31
11096 10924 42
11096 11074 26
11096 11070 19
11096 10915 27
11096 10919 24
11096 10927 40
11096 11072 48
11096 11073 2
11096 11075 25
11096 10840 2
11096 10916 53
11096 10917 5
11096 10926 45
11096 11078 35
11096 11071 58
11096 11079 55
11096 10934 14
11096 11081 9
11096 10833 5
11096 10911 36
11096 10928 60
11096 10933 9
11096 11076 17
11096 10841 16
11096 10858 1
11096 10929 39
11098 10920 3
11098 10921 26
11098 10922 29
11098 10923 15
11098 10918 26
11098 10925 6
11098 10924 58
11098 11074 27
11098 11070 55
11098 10915 14
11098 10919 40
11098 10927 1
11098 11072 33
11098 11073 2
11098 11075 3
11098 10840 23
11098 10916 39
11098 10917 27
11098 10926 54
11098 11078 50
11098 11071 24
11098 11079 20
11098 10934 44
11098 11081 12
11098 10833 28
11098 10911 57
11098 10928 9
11098 10933 59
11098 11076 0
11098 10841 23
11098 10858 2
11098 10929 27
11106 10920 13
11106 10921 46
11106 10922 17
11106 10923 44
11106 10918 10
11106 10925 27
11106 10924 53
11106 11074 26
11106 11070 6
11106 10915 35
11106 10919 40
11106 10927 24
11106 11072 57
11106 11073 42
11106 11075 49
11106 10840 41
11106 10916 0
11106 10917 14
11106 10926 19
11106 11078 3
11106 11071 18
11106 11079 3
11106 10934 60
11106 11081 27
11106 10833 26
11106 10911 51
11106 10928 1
11106 10933 28
11106 11076 0
11106 10841 11
11106 10858 56
11106 10929 60
11119 10920 0
11119 10921 17
11119 10922 59
11119 10923 32
11119 10918 33
11119 10925 0
11119 10924 9
11119 11074 26
11119 11070 42
11119 10915 2
11119 10919 0
11119 10927 33
11119 11072 51
11119 11073 40
11119 11075 53
11119 10840 27
11119 10916 59
11119 10917 13
11119 10926 45
11119 11078 3
11119 11071 25
11119 11079 17
11119 10934 50
11119 11081 42
11119 10833 55
11119 10911 51
11119 10928 10
11119 10933 31
11119 11076 53
11119 10841 38
11119 10858 30
11119 10929 7
11128 10920 1
11128 10921 27
11128 10922 7
11128 10923 12
11128 10918 57
11128 10925 18
11128 10924 56
11128 11074 51
11128 11070 16
11128 10915 41
11128 10919 46
11128 10927 34
11128 11072 46
11128 11073 53
11128 11075 59
11128 10840 8
11128 10916 56
11128 10917 28
11128 10926 21
11128 11078 43
11128 11071 38
11128 11079 52
11128 10934 47
11128 11081 16
11128 10833 46
11128 10911 12
11128 10928 13
11128 10933 21
11128 11076 18
11128 10841 47
11128 10858 56
11128 10929 41
11120 10920 15
11120 10921 25
11120 10922 55
11120 10923 19
11120 10918 38
11120 10925 56
11120 10924 59
11120 11074 19
11120 11070 35
11120 10915 29
11120 10919 11
11120 10927 53
11120 11072 21
11120 11073 20
11120 11075 32
11120 10840 39
11120 10916 30
11120 10917 41
11120 10926 36
11120 11078 8
11120 11071 36
11120 11079 56
11120 10934 2
11120 11081 53
11120 10833 52
11120 10911 3
11120 10928 32
11120 10933 33
11120 11076 28
11120 10841 1
11120 10858 33
11120 10929 13
11129 10920 25
11129 10921 41
11129 10922 12
11129 10923 46
11129 10918 60
11129 10925 3
11129 10924 49
11129 11074 7
11129 11070 19
11129 10915 59
11129 10919 47
11129 10927 53
11129 11072 2
11129 11073 15
11129 11075 49
11129 10840 9
11129 10916 20
11129 10917 26
11129 10926 6
11129 11078 30
11129 11071 15
11129 11079 43
11129 10934 39
11129 11081 50
11129 10833 4
11129 10911 15
11129 10928 21
11129 10933 39
11129 11076 23
11129 10841 43
11129 10858 54
11129 10929 13
11099 10920 10
11099 10921 45
11099 10922 9
11099 10923 42
11099 10918 59
11099 10925 25
11099 10924 7
11099 11074 7
11099 11070 19
11099 10915 12
11099 10919 29
11099 10927 38
11099 11072 45
11099 11073 56
11099 11075 10
11099 10840 48
11099 10916 14
11099 10917 7
11099 10926 10
11099 11078 54
11099 11071 34
11099 11079 53
11099 10934 39
11099 11081 55
11099 10833 24
11099 10911 60
11099 10928 49
11099 10933 42
11099 11076 27
11099 10841 30
11099 10858 33
11099 10929 9
11092 10920 49
11092 10921 31
11092 10922 13
11092 10923 8
11092 10918 57
11092 10925 53
11092 10924 28
11092 11074 26
11092 11070 49
11092 10915 21
11092 10919 39
11092 10927 13
11092 11072 55
11092 11073 26
11092 11075 38
11092 10840 35
11092 10916 39
11092 10917 20
11092 10926 0
11092 11078 41
11092 11071 1
11092 11079 47
11092 10934 42
11092 11081 2
11092 10833 59
11092 10911 15
11092 10928 6
11092 10933 44
11092 11076 13
11092 10841 54
11092 10858 54
11092 10929 24
11093 10920 56
11093 10921 42
11093 10922 36
11093 10923 26
11093 10918 52
11093 10925 52
11093 10924 27
11093 11074 48
11093 11070 37
11093 10915 5
11093 10919 29
11093 10927 59
11093 11072 3
11093 11073 17
11093 11075 53
11093 10840 36
11093 10916 31
11093 10917 19
11093 10926 4
11093 11078 16
11093 11071 19
11093 11079 21
11093 10934 4
11093 11081 44
11093 10833 10
11093 10911 37
11093 10928 40
11093 10933 9
11093 11076 55
11093 10841 1
11093 10858 38
11093 10929 33
10959 10920 38
10959 10921 3
10959 10922 8
10959 10923 53
10959 10918 30
10959 10925 2
10959 10924 54
10959 11074 11
10959 11070 45
10959 10915 36
10959 10919 33
10959 10927 49
10959 11072 46
10959 11073 15
10959 11075 18
10959 10840 46
10959 10916 40
10959 10917 44
10959 10926 49
10959 11078 59
10959 11071 27
10959 11079 4
10959 10934 60
10959 11081 31
10959 10833 6
10959 10911 7
10959 10928 35
10959 10933 52
10959 11076 44
10959 10841 10
10959 10858 3
10959 10929 1
11095 10920 31
11095 10921 45
11095 10922 50
11095 10923 21
11095 10918 0
11095 10925 11
11095 10924 12
11095 11074 43
11095 11070 26
11095 10915 23
11095 10919 40
11095 10927 1
11095 11072 37
11095 11073 22
11095 11075 60
11095 10840 56
11095 10916 44
11095 10917 18
11095 10926 8
11095 11078 0
11095 11071 55
11095 11079 30
11095 10934 1
11095 11081 54
11095 10833 19
11095 10911 60
11095 10928 56
11095 10933 38
11095 11076 45
11095 10841 17
11095 10858 43
11095 10929 37
11107 10920 20
11107 10921 55
11107 10922 22
11107 10923 44
11107 10918 15
11107 10925 0
11107 10924 50
11107 11074 5
11107 11070 4
11107 10915 15
11107 10919 35
11107 10927 59
11107 11072 49
11107 11073 51
11107 11075 50
11107 10840 52
11107 10916 11
11107 10917 3
11107 10926 22
11107 11078 26
11107 11071 17
11107 11079 10
11107 10934 30
11107 11081 25
11107 10833 1
11107 10911 52
11107 10928 45
11107 10933 44
11107 11076 38
11107 10841 9
11107 10858 41
11107 10929 14
11108 10920 5
11108 10921 16
11108 10922 27
11108 10923 45
11108 10918 48
11108 10925 25
11108 10924 43
11108 11074 34
11108 11070 29
11108 10915 42
11108 10919 60
11108 10927 37
11108 11072 46
11108 11073 11
11108 11075 49
11108 10840 10
11108 10916 35
11108 10917 40
11108 10926 30
11108 11078 20
11108 11071 59
11108 11079 31
11108 10934 51
11108 11081 21
11108 10833 44
11108 10911 42
11108 10928 20
11108 10933 49
11108 11076 59
11108 10841 5
11108 10858 14
11108 10929 29
11113 10920 57
11113 10921 6
11113 10922 31
11113 10923 5
11113 10918 46
11113 10925 40
11113 10924 9
11113 11074 39
11113 11070 49
11113 10915 17
11113 10919 4
11113 10927 23
11113 11072 56
11113 11073 2
11113 11075 12
11113 10840 54
11113 10916 17
11113 10917 46
11113 10926 6
11113 11078 13
11113 11071 42
11113 11079 43
11113 10934 59
11113 11081 35
11113 10833 49
11113 10911 3
11113 10928 47
11113 10933 31
11113 11076 2
11113 10841 50
11113 10858 28
11113 10929 2
11123 10920 49
11123 10921 13
11123 10922 11
11123 10923 8
11123 10918 21
11123 10925 57
11123 10924 31
11123 11074 51
11123 11070 17
11123 10915 13
11123 10919 42
11123 10927 35
11123 11072 51
11123 11073 55
11123 11075 44
11123 10840 1
11123 10916 30
11123 10917 17
11123 10926 8
11123 11078 51
11123 11071 5
11123 11079 29
11123 10934 43
11123 11081 38
11123 10833 16
11123 10911 31
11123 10928 29
11123 10933 28
11123 11076 0
11123 10841 17
11123 10858 23
11123 10929 15
11130 10920 36
11130 10921 26
11130 10922 57
11130 10923 9
11130 10918 18
11130 10925 20
11130 10924 20
11130 11074 25
11130 11070 56
11130 10915 49
11130 10919 0
11130 10927 6
11130 11072 7
11130 11073 1
11130 11075 50
11130 10840 52
11130 10916 48
11130 10917 42
11130 10926 23
11130 11078 58
11130 11071 54
11130 11079 45
11130 10934 2
11130 11081 50
11130 10833 11
11130 10911 30
11130 10928 13
11130 10933 10
11130 11076 6
11130 10841 42
11130 10858 24
11130 10929 17
11131 10920 31
11131 10921 28
11131 10922 53
11131 10923 3
11131 10918 34
11131 10925 4
11131 10924 29
11131 11074 16
11131 11070 19
11131 10915 25
11131 10919 25
11131 10927 52
11131 11072 31
11131 11073 23
11131 11075 38
11131 10840 32
11131 10916 33
11131 10917 1
11131 10926 27
11131 11078 46
11131 11071 7
11131 11079 17
11131 10934 52
11131 11081 26
11131 10833 37
11131 10911 47
11131 10928 2
11131 10933 49
11131 11076 12
11131 10841 34
11131 10858 24
11131 10929 59
11118 10920 2
11118 10921 38
11118 10922 56
11118 10923 6
11118 10918 57
11118 10925 8
11118 10924 28
11118 11074 40
11118 11070 38
11118 10915 27
11118 10919 11
11118 10927 20
11118 11072 50
11118 11073 49
11118 11075 0
11118 10840 58
11118 10916 59
11118 10917 13
11118 10926 50
11118 11078 12
11118 11071 37
11118 11079 52
11118 10934 34
11118 11081 40
11118 10833 30
11118 10911 28
11118 10928 59
11118 10933 19
11118 11076 10
11118 10841 11
11118 10858 17
11118 10929 8
11147 10920 24
11147 10921 41
11147 10922 9
11147 10923 33
11147 10918 51
11147 10925 0
11147 10924 30
11147 11074 36
11147 11070 22
11147 10915 40
11147 10919 18
11147 10927 58
11147 11072 35
11147 11073 11
11147 11075 49
11147 10840 56
11147 10916 39
11147 10917 20
11147 10926 44
11147 11078 8
11147 11071 23
11147 11079 44
11147 10934 46
11147 11081 57
11147 10833 11
11147 10911 49
11147 10928 44
11147 10933 9
11147 11076 15
11147 10841 17
11147 10858 51
11147 10929 51
11146 10920 55
11146 10921 19
11146 10922 51
11146 10923 34
11146 10918 14
11146 10925 11
11146 10924 15
11146 11074 25
11146 11070 25
11146 10915 6
11146 10919 14
11146 10927 21
11146 11072 13
11146 11073 1
11146 11075 25
11146 10840 26
11146 10916 17
11146 10917 18
11146 10926 14
11146 11078 13
11146 11071 26
11146 11079 58
11146 10934 55
11146 11081 31
11146 10833 19
11146 10911 41
11146 10928 30
11146 10933 51
11146 11076 27
11146 10841 15
11146 10858 16
11146 10929 44
11091 10920 42
11091 10921 0
11091 10922 57
11091 10923 3
11091 10918 25
11091 10925 31
11091 10924 33
11091 11074 43
11091 11070 45
11091 10915 40
11091 10919 2
11091 10927 38
11091 11072 17
11091 11073 22
11091 11075 20
11091 10840 6
11091 10916 54
11091 10917 60
11091 10926 7
11091 11078 37
11091 11071 57
11091 11079 39
11091 10934 42
11091 11081 49
11091 10833 3
11091 10911 22
11091 10928 2
11091 10933 39
11091 11076 23
11091 10841 54
11091 10858 9
11091 10929 39
11094 10920 46
11094 10921 31
11094 10922 50
11094 10923 34
11094 10918 17
11094 10925 0
11094 10924 52
11094 11074 8
11094 11070 39
11094 10915 47
11094 10919 27
11094 10927 12
11094 11072 16
11094 11073 49
11094 11075 22
11094 10840 35
11094 10916 28
11094 10917 0
11094 10926 10
11094 11078 24
11094 11071 48
11094 11079 28
11094 10934 45
11094 11081 26
11094 10833 46
11094 10911 20
11094 10928 54
11094 10933 50
11094 11076 44
11094 10841 36
11094 10858 43
11094 10929 25
11080 10920 3
11080 10921 30
11080 10922 5
11080 10923 6
11080 10918 43
11080 10925 29
11080 10924 11
11080 11074 17
11080 11070 14
11080 10915 13
11080 10919 34
11080 10927 35
11080 11072 32
11080 11073 46
11080 11075 1
11080 10840 48
11080 10916 31
11080 10917 5
11080 10926 15
11080 11078 39
11080 11071 55
11080 11079 13
11080 10934 18
11080 11081 47
11080 10833 35
11080 10911 57
11080 10928 27
11080 10933 26
11080 11076 28
11080 10841 54
11080 10858 34
11080 10929 5
10960 10920 30
10960 10921 16
10960 10922 17
10960 10923 14
10960 10918 8
10960 10925 49
10960 10924 13
10960 11074 33
10960 11070 14
10960 10915 6
10960 10919 22
10960 10927 31
10960 11072 21
10960 11073 50
10960 11075 19
10960 10840 42
10960 10916 54
10960 10917 42
10960 10926 24
10960 11078 14
10960 11071 58
10960 11079 10
10960 10934 4
10960 11081 27
10960 10833 17
10960 10911 45
10960 10928 26
10960 10933 24
10960 11076 14
10960 10841 0
10960 10858 39
10960 10929 35
11104 10920 41
11104 10921 44
11104 10922 51
11104 10923 18
11104 10918 29
11104 10925 35
11104 10924 42
11104 11074 2
11104 11070 28
11104 10915 18
11104 10919 5
11104 10927 52
11104 11072 33
11104 11073 39
11104 11075 53
11104 10840 60
11104 10916 34
11104 10917 22
11104 10926 52
11104 11078 20
11104 11071 8
11104 11079 27
11104 10934 11
11104 11081 31
11104 10833 1
11104 10911 59
11104 10928 9
11104 10933 34
11104 11076 54
11104 10841 59
11104 10858 7
11104 10929 26
11359 10920 33
11359 10921 33
11359 10922 57
11359 10923 34
11359 10918 46
11359 10925 3
11359 10924 32
11359 11074 31
11359 11070 35
11359 10915 50
11359 10919 23
11359 10927 12
11359 11072 16
11359 11073 43
11359 11075 46
11359 10840 3
11359 10916 37
11359 10917 28
11359 10926 13
11359 11078 29
11359 11071 12
11359 11079 19
11359 10934 43
11359 11081 12
11359 10833 55
11359 10911 41
11359 10928 24
11359 10933 59
11359 11076 11
11359 10841 5
11359 10858 46
11359 10929 53
