11114 10896 47
11114 10894 32
11114 10895 3
11114 10937 27
11114 10898 22
11114 10939 26
11114 10940 51
11114 10888 46
11114 10887 53
11114 10892 57
11114 10893 17
11114 10897 11
11114 10899 7
11114 10941 14
11114 10938 10
11114 10947 3
11114 10886 32
11114 10865 10
11114 10878 42
11114 10889 35
11114 10891 30
11114 10872 22
11114 10881 46
11114 10902 24
11114 10943 46
11114 10944 28
11114 10946 32
11114 10950 15
11114 10866 2
11114 10784 46
11114 10876 37
11114 10879 14
11112 10896 12
11112 10894 42
11112 10895 4
11112 10937 43
11112 10898 13
11112 10939 60
11112 10940 29
11112 10888 13
11112 10887 6
11112 10892 43
11112 10893 57
11112 10897 49
11112 10899 35
11112 10941 41
11112 10938 9
11112 10947 22
11112 10886 3
11112 10865 16
11112 10878 23
11112 10889 14
11112 10891 53
11112 10872 47
11112 10881 0
11112 10902 34
11112 10943 26
11112 10944 51
11112 10946 14
11112 10950 49
11112 10866 50
11112 10784 53
11112 10876 39
11112 10879 49
11115 10896 8
11115 10894 7
11115 10895 47
11115 10937 2
11115 10898 6
11115 10939 1
11115 10940 58
11115 10888 16
11115 10887 18
11115 10892 59
11115 10893 49
11115 10897 10
11115 10899 6
11115 10941 37
11115 10938 7
11115 10947 32
11115 10886 4
11115 10865 30
11115 10878 27
11115 10889 20
11115 10891 13
11115 10872 8
11115 10881 28
11115 10902 29
11115 10943 52
11115 10944 31
11115 10946 56
11115 10950 16
11115 10866 17
11115 10784 7
11115 10876 14
11115 10879 48
11121 10896 58
11121 10894 45
11121 10895 16
11121 10937 53
11121 10898 27
11121 10939 42
11121 10940 20
11121 10888 25
11121 10887 55
11121 10892 38
11121 10893 49
11121 10897 24
11121 10899 14
11121 10941 9
11121 10938 10
11121 10947 37
11121 10886 13
11121 10865 2
11121 10878 0
11121 10889 31
11121 10891 29
11121 10872 15
11121 10881 3
11121 10902 39
11121 10943 25
11121 10944 32
11121 10946 45
11121 10950 56
11121 10866 38
11121 10784 47
11121 10876 20
11121 10879 35
11122 10896 56
11122 10894 23
11122 10895 2
11122 10937 41
11122 10898 52
11122 10939 3
11122 10940 42
11122 10888 31
11122 10887 30
11122 10892 2
11122 10893 29
11122 10897 30
11122 10899 1
11122 10941 19
11122 10938 60
11122 10947 20
11122 10886 31
11122 10865 51
11122 10878 35
11122 10889 24
11122 10891 47
11122 10872 13
11122 10881 36
11122 10902 3
11122 10943 60
11122 10944 35
11122 10946 47
11122 10950 6
11122 10866 2
11122 10784 36
11122 10876 33
11122 10879 25
11111 10896 14
11111 10894 3
11111 10895 27
11111 10937 55
11111 10898 37
11111 10939 60
11111 10940 41
11111 10888 32
11111 10887 54
11111 10892 36
11111 10893 25
11111 10897 46
11111 10899 31
11111 10941 13
11111 10938 32
11111 10947 19
11111 10886 22
11111 10865 32
11111 10878 20
11111 10889 33
11111 10891 30
11111 10872 7
11111 10881 43
11111 10902 4
11111 10943 57
11111 10944 45
11111 10946 50
11111 10950 53
11111 10866 8
11111 10784 18
11111 10876 45
11111 10879 5
11110 10896 1
11110 10894 29
11110 10895 32
11110 10937 3
11110 10898 2
11110 10939 21
11110 10940 1
11110 10888 41
11110 10887 20
11110 10892 8
11110 10893 60
11110 10897 55
11110 10899 38
11110 10941 3
11110 10938 16
11110 10947 43
11110 10886 1
11110 10865 23
11110 10878 15
11110 10889 21
11110 10891 2
11110 10872 48
11110 10881 1
11110 10902 32
11110 10943 41
11110 10944 31
11110 10946 3
11110 10950 17
11110 10866 57
11110 10784 41
11110 10876 29
11110 10879 6
11116 10896 33
11116 10894 0
11116 10895 48
11116 10937 56
11116 10898 30
11116 10939 58
11116 10940 6
11116 10888 43
11116 10887 58
11116 10892 19
11116 10893 32
11116 10897 19
11116 10899 26
11116 10941 4
11116 10938 13
11116 10947 20
11116 10886 27
11116 10865 37
11116 10878 36
11116 10889 43
11116 10891 6
11116 10872 38
11116 10881 41
11116 10902 23
11116 10943 50
11116 10944 42
11116 10946 28
11116 10950 58
11116 10866 1
11116 10784 28
11116 10876 33
11116 10879 17
10977 10896 13
10977 10894 50
10977 10895 18
10977 10937 46
10977 10898 57
10977 10939 0
10977 10940 51
10977 10888 17
10977 10887 45
10977 10892 50
10977 10893 35
10977 10897 12
10977 10899 0
10977 10941 19
10977 10938 39
10977 10947 12
10977 10886 42
10977 10865 23
10977 10878 2
10977 10889 22
10977 10891 24
10977 10872 11
10977 10881 59
10977 10902 21
10977 10943 26
10977 10944 48
10977 10946 38
10977 10950 0
10977 10866 38
10977 10784 36
10977 10876 2
10977 10879 44
11133 10896 31
11133 10894 4
11133 10895 23
11133 10937 37
11133 10898 31
11133 10939 6
11133 10940 59
11133 10888 25
11133 10887 57
11133 10892 46
11133 10893 57
11133 10897 15
11133 10899 5
11133 10941 34
11133 10938 58
11133 10947 41
11133 10886 7
11133 10865 37
11133 10878 34
11133 10889 31
11133 10891 5
11133 10872 16
11133 10881 34
11133 10902 53
11133 10943 19
11133 10944 56
11133 10946 57
11133 10950 3
11133 10866 44
11133 10784 60
11133 10876 32
11133 10879 9
11134 10896 20
11134 10894 23
11134 10895 8
11134 10937 56
11134 10898 7
11134 10939 17
11134 10940 43
11134 10888 49
11134 10887 31
11134 10892 28
11134 10893 54
11134 10897 33
11134 10899 1
11134 10941 7
11134 10938 39
11134 10947 9
11134 10886 57
11134 10865 13
11134 10878 4
11134 10889 32
11134 10891 33
11134 10872 27
11134 10881 2
11134 10902 29
11134 10943 43
11134 10944 44
11134 10946 20
11134 10950 44
11134 10866 36
11134 10784 5
11134 10876 34
11134 10879 15
11156 10896 12
11156 10894 13
11156 10895 10
11156 10937 17
11156 10898 5
11156 10939 21
11156 10940 4
11156 10888 40
11156 10887 24
11156 10892 13
11156 10893 1
11156 10897 39
11156 10899 46
11156 10941 3
11156 10938 20
11156 10947 2
11156 10886 20
11156 10865 53
11156 10878 29
11156 10889 55
11156 10891 50
11156 10872 49
11156 10881 17
11156 10902 45
11156 10943 35
11156 10944 4
11156 10946 0
11156 10950 49
11156 10866 25
11156 10784 5
11156 10876 50
11156 10879 48
10972 10896 40
10972 10894 4
10972 10895 33
10972 10937 36
10972 10898 48
10972 10939 59
10972 10940 36
10972 10888 22
10972 10887 52
10972 10892 29
10972 10893 12
10972 10897 36
10972 10899 46
10972 10941 55
10972 10938 34
10972 10947 25
10972 10886 37
10972 10865 2
10972 10878 59
10972 10889 36
10972 10891 10
10972 10872 3
10972 10881 60
10972 10902 47
10972 10943 22
10972 10944 30
10972 10946 9
10972 10950 56
10972 10866 24
10972 10784 11
10972 10876 0
10972 10879 32
11101 10896 55
11101 10894 50
11101 10895 12
11101 10937 54
11101 10898 4
11101 10939 15
11101 10940 20
11101 10888 60
11101 10887 23
11101 10892 56
11101 10893 41
11101 10897 7
11101 10899 20
11101 10941 6
11101 10938 60
11101 10947 14
11101 10886 18
11101 10865 3
11101 10878 6
11101 10889 8
11101 10891 54
11101 10872 17
11101 10881 57
11101 10902 40
11101 10943 53
11101 10944 7
11101 10946 25
11101 10950 24
11101 10866 44
11101 10784 4
11101 10876 45
11101 10879 21
11109 10896 11
11109 10894 39
11109 10895 55
11109 10937 4
11109 10898 8
11109 10939 42
11109 10940 45
11109 10888 56
11109 10887 40
11109 10892 56
11109 10893 24
11109 10897 35
11109 10899 19
11109 10941 33
11109 10938 29
11109 10947 36
11109 10886 48
11109 10865 16
11109 10878 22
11109 10889 32
11109 10891 34
11109 10872 34
11109 10881 45
11109 10902 31
11109 10943 11
11109 10944 27
11109 10946 51
11109 10950 5
11109 10866 11
11109 10784 2
11109 10876 31
11109 10879 10
10975 10896 15
10975 10894 19
10975 10895 13
10975 10937 25
10975 10898 32
10975 10939 47
10975 10940 39
10975 10888 59
10975 10887 53
10975 10892 16
10975 10893 35
10975 10897 19
10975 10899 0
10975 10941 50
10975 10938 45
10975 10947 60
10975 10886 44
10975 10865 59
10975 10878 26
10975 10889 11
10975 10891 52
10975 10872 15
10975 10881 28
10975 10902 0
10975 10943 39
10975 10944 7
10975 10946 59
10975 10950 1
10975 10866 33
10975 10784 29
10975 10876 33
10975 10879 32
11117 10896 0
11117 10894 42
11117 10895 28
11117 10937 53
11117 10898 37
11117 10939 40
11117 10940 25
11117 10888 20
11117 10887 26
11117 10892 58
11117 10893 12
11117 10897 6
11117 10899 11
11117 10941 18
11117 10938 59
11117 10947 34
11117 10886 19
11117 10865 24
11117 10878 8
11117 10889 57
11117 10891 43
11117 10872 1
11117 10881 56
11117 10902 11
11117 10943 30
11117 10944 37
11117 10946 15
11117 10950 30
11117 10866 47
11117 10784 45
11117 10876 36
11117 10879 33
11113 10896 5
11113 10894 28
11113 10895 6
11113 10937 8
11113 10898 42
11113 10939 7
11113 10940 32
11113 10888 4
11113 10887 27
11113 10892 56
11113 10893 24
11113 10897 15
11113 10899 55
11113 10941 21
11113 10938 53
11113 10947 17
11113 10886 49
11113 10865 47
11113 10878 57
11113 10889 28
11113 10891 52
11113 10872 60
11113 10881 6
11113 10902 30
11113 10943 1
11113 10944 16
11113 10946 47
11113 10950 7
11113 10866 31
11113 10784 36
11113 10876 50
11113 10879 60
11103 10896 5
11103 10894 2
11103 10895 6
11103 10937 1
11103 10898 60
11103 10939 59
11103 10940 5
11103 10888 28
11103 10887 17
11103 10892 48
11103 10893 27
11103 10897 33
11103 10899 55
11103 10941 9
11103 10938 12
11103 10947 46
11103 10886 48
11103 10865 5
11103 10878 30
11103 10889 2
11103 10891 31
11103 10872 58
11103 10881 33
11103 10902 33
11103 10943 55
11103 10944 1
11103 10946 5
11103 10950 26
11103 10866 59
11103 10784 50
11103 10876 58
11103 10879 36
11141 10896 30
11141 10894 33
11141 10895 1
11141 10937 52
11141 10898 11
11141 10939 48
11141 10940 33
11141 10888 53
11141 10887 26
11141 10892 1
11141 10893 2
11141 10897 38
11141 10899 43
11141 10941 36
11141 10938 8
11141 10947 45
11141 10886 56
11141 10865 16
11141 10878 30
11141 10889 57
11141 10891 19
11141 10872 7
11141 10881 25
11141 10902 40
11141 10943 59
11141 10944 8
11141 10946 27
11141 10950 33
11141 10866 21
11141 10784 17
11141 10876 20
11141 10879 24
11142 10896 21
11142 10894 0
11142 10895 36
11142 10937 4
11142 10898 55
11142 10939 20
11142 10940 9
11142 10888 15
11142 10887 20
11142 10892 8
11142 10893 22
11142 10897 20
11142 10899 37
11142 10941 52
11142 10938 56
11142 10947 59
11142 10886 17
11142 10865 4
11142 10878 23
11142 10889 31
11142 10891 18
11142 10872 52
11142 10881 21
11142 10902 7
11142 10943 22
11142 10944 42
11142 10946 25
11142 10950 31
11142 10866 56
11142 10784 52
11142 10876 23
11142 10879 19
11139 10896 41
11139 10894 8
11139 10895 23
11139 10937 43
11139 10898 46
11139 10939 24
11139 10940 31
11139 10888 56
11139 10887 8
11139 10892 30
11139 10893 60
11139 10897 14
11139 10899 27
11139 10941 29
11139 10938 4
11139 10947 1
11139 10886 60
11139 10865 2
11139 10878 26
11139 10889 27
11139 10891 11
11139 10872 37
11139 10881 10
11139 10902 56
11139 10943 23
11139 10944 27
11139 10946 14
11139 10950 44
11139 10866 9
11139 10784 21
11139 10876 57
11139 10879 35
11043 10896 24
11043 10894 54
11043 10895 33
11043 10937 42
11043 10898 58
11043 10939 9
11043 10940 38
11043 10888 25
11043 10887 43
11043 10892 16
11043 10893 25
11043 10897 46
11043 10899 20
11043 10941 54
11043 10938 35
11043 10947 32
11043 10886 26
11043 10865 34
11043 10878 47
11043 10889 34
11043 10891 16
11043 10872 45
11043 10881 55
11043 10902 44
11043 10943 59
11043 10944 39
11043 10946 35
11043 10950 44
11043 10866 22
11043 10784 46
11043 10876 27
11043 10879 45
11040 10896 25
11040 10894 22
11040 10895 41
11040 10937 39
11040 10898 27
11040 10939 42
11040 10940 23
11040 10888 29
11040 10887 26
11040 10892 58
11040 10893 40
11040 10897 40
11040 10899 25
11040 10941 31
11040 10938 6
11040 10947 57
11040 10886 27
11040 10865 31
11040 10878 38
11040 10889 2
11040 10891 5
11040 10872 13
11040 10881 27
11040 10902 25
11040 10943 17
11040 10944 14
11040 10946 49
11040 10950 7
11040 10866 6
11040 10784 30
11040 10876 28
11040 10879 50
11041 10896 46
11041 10894 0
11041 10895 4
11041 10937 28
11041 10898 14
11041 10939 49
11041 10940 6
11041 10888 57
11041 10887 9
11041 10892 19
11041 10893 0
11041 10897 0
11041 10899 16
11041 10941 30
11041 10938 44
11041 10947 14
11041 10886 44
11041 10865 30
11041 10878 45
11041 10889 17
11041 10891 1
11041 10872 37
11041 10881 31
11041 10902 20
11041 10943 47
11041 10944 12
11041 10946 2
11041 10950 17
11041 10866 18
11041 10784 14
11041 10876 5
11041 10879 18
10970 10896 56
10970 10894 51
10970 10895 22
10970 10937 30
10970 10898 23
10970 10939 58
10970 10940 2
10970 10888 43
10970 10887 4
10970 10892 17
10970 10893 24
10970 10897 48
10970 10899 48
10970 10941 20
10970 10938 34
10970 10947 33
10970 10886 59
10970 10865 51
10970 10878 8
10970 10889 44
10970 10891 29
10970 10872 44
10970 10881 22
10970 10902 51
10970 10943 42
10970 10944 18
10970 10946 51
10970 10950 46
10970 10866 35
10970 10784 21
10970 10876 34
10970 10879 35
10962 10896 6
10962 10894 57
10962 10895 6
10962 10937 15
10962 10898 27
10962 10939 12
10962 10940 12
10962 10888 48
10962 10887 33
10962 10892 53
10962 10893 30
10962 10897 7
10962 10899 37
10962 10941 30
10962 10938 10
10962 10947 27
10962 10886 38
10962 10865 58
10962 10878 26
10962 10889 55
10962 10891 25
10962 10872 31
10962 10881 16
10962 10902 43
10962 10943 15
10962 10944 58
10962 10946 54
10962 10950 26
10962 10866 36
10962 10784 27
10962 10876 53
10962 10879 3
10969 10896 1
10969 10894 54
10969 10895 4
10969 10937 30
10969 10898 7
10969 10939 22
10969 10940 27
10969 10888 40
10969 10887 38
10969 10892 37
10969 10893 2
10969 10897 9
10969 10899 21
10969 10941 31
10969 10938 12
10969 10947 25
10969 10886 10
10969 10865 41
10969 10878 22
10969 10889 4
10969 10891 21
10969 10872 6
10969 10881 12
10969 10902 28
10969 10943 7
10969 10944 13
10969 10946 4
10969 10950 35
10969 10866 41
10969 10784 0
10969 10876 15
10969 10879 15
10976 10896 33
10976 10894 49
10976 10895 33
10976 10937 16
10976 10898 25
10976 10939 51
10976 10940 7
10976 10888 29
10976 10887 48
10976 10892 15
10976 10893 47
10976 10897 55
10976 10899 32
10976 10941 48
10976 10938 21
10976 10947 51
10976 10886 34
10976 10865 59
10976 10878 3
10976 10889 29
10976 10891 45
10976 10872 32
10976 10881 13
10976 10902 36
10976 10943 25
10976 10944 14
10976 10946 43
10976 10950 3
10976 10866 0
10976 10784 40
10976 10876 58
10976 10879 53
11140 10896 3
11140 10894 16
11140 10895 10
11140 10937 7
11140 10898 53
11140 10939 4
11140 10940 45
11140 10888 19
11140 10887 20
11140 10892 49
11140 10893 52
11140 10897 44
11140 10899 14
11140 10941 4
11140 10938 3
11140 10947 42
11140 10886 28
11140 10865 39
11140 10878 48
11140 10889 37
11140 10891 8
11140 10872 5
11140 10881 10
11140 10902 28
11140 10943 4
11140 10944 2
11140 10946 44
11140 10950 40
11140 10866 9
11140 10784 22
11140 10876 1
11140 10879 45
11136 10896 35
11136 10894 59
11136 10895 59
11136 10937 31
11136 10898 37
11136 10939 12
11136 10940 31
11136 10888 16
11136 10887 11
11136 10892 52
11136 10893 3
11136 10897 21
11136 10899 25
11136 10941 42
11136 10938 24
11136 10947 53
11136 10886 8
11136 10865 22
11136 10878 14
11136 10889 33
11136 10891 54
11136 10872 28
11136 10881 57
11136 10902 17
11136 10943 38
11136 10944 26
11136 10946 18
11136 10950 9
11136 10866 37
11136 10784 12
11136 10876 28
11136 10879 25
11108 10896 47
11108 10894 1
11108 10895 3
11108 10937 58
11108 10898 25
11108 10939 2
11108 10940 48
11108 10888 21
11108 10887 44
11108 10892 44
11108 10893 24
11108 10897 58
11108 10899 21
11108 10941 8
11108 10938 44
11108 10947 8
11108 10886 53
11108 10865 41
11108 10878 7
11108 10889 49
11108 10891 55
11108 10872 50
11108 10881 39
11108 10902 29
11108 10943 32
11108 10944 12
11108 10946 28
11108 10950 9
11108 10866 2
11108 10784 34
11108 10876 43
11108 10879 42
