11114 10896 44
11114 10896 15
11114 10896 50
11114 10896 52
11114 10894 11
11114 10894 30
11114 10894 17
11114 10894 13
11114 10895 40
11114 10895 37
11114 10895 40
11114 10895 41
11114 10937 42
11114 10937 49
11114 10937 14
11114 10937 17
11114 10898 30
11114 10898 1
11114 10898 16
11114 10898 18
11114 10939 53
11114 10939 6
11114 10939 26
11114 10939 18
11114 10940 50
11114 10940 13
11114 10940 14
11114 10940 10
11114 10888 37
11114 10888 55
11114 10888 48
11114 10888 45
11114 10887 29
11114 10887 3
11114 10887 60
11114 10887 19
11114 10892 42
11114 10892 21
11114 10892 55
11114 10892 5
11114 10893 19
11114 10893 51
11114 10893 37
11114 10893 59
11114 10897 51
11114 10897 2
11114 10897 10
11114 10897 60
11114 10899 21
11114 10899 7
11114 10899 18
11114 10899 38
11114 10941 57
11114 10941 29
11114 10941 9
11114 10941 36
11114 10938 31
11114 10938 6
11114 10938 25
11114 10938 40
11114 10947 27
11114 10947 13
11114 10947 22
11114 10947 33
11114 10886 4
11114 10886 50
11114 10886 47
11114 10886 36
11114 10865 53
11114 10865 33
11114 10865 47
11114 10865 10
11114 10878 39
11114 10878 41
11114 10878 39
11114 10878 58
11114 10889 52
11114 10889 34
11114 10889 7
11114 10889 18
11114 10891 30
11114 10891 59
11114 10891 58
11114 10891 53
11114 10872 27
11114 10872 59
11114 10872 57
11114 10872 45
11114 10881 35
11114 10881 47
11114 10881 33
11114 10881 22
11114 10902 26
11114 10902 36
11114 10902 56
11114 10902 41
11114 10943 53
11114 10943 24
11114 10943 30
11114 10943 44
11114 10944 48
11114 10944 58
11114 10944 8
11114 10944 28
11114 10946 11
11114 10946 53
11114 10946 48
11114 10946 37
11114 10950 1
11114 10950 34
11114 10950 36
11114 10950 31
11114 10866 23
11114 10866 59
11114 10866 24
11114 10866 33
11114 10784 49
11114 10784 23
11114 10784 4
11114 10784 41
11114 10876 33
11114 10876 47
11114 10876 12
11114 10876 17
11114 10879 33
11114 10879 34
11114 10879 52
11114 10879 52
11112 10896 18
11112 10896 36
11112 10896 2
11112 10896 58
11112 10894 57
11112 10894 26
11112 10894 14
11112 10894 19
11112 10895 27
11112 10895 34
11112 10895 12
11112 10895 59
11112 10937 50
11112 10937 1
11112 10937 45
11112 10937 6
11112 10898 11
11112 10898 32
11112 10898 21
11112 10898 49
11112 10939 50
11112 10939 54
11112 10939 12
11112 10939 36
11112 10940 22
11112 10940 27
11112 10940 52
11112 10940 40
11112 10888 59
11112 10888 1
11112 10888 50
11112 10888 11
11112 10887 27
11112 10887 1
11112 10887 12
11112 10887 10
11112 10892 53
11112 10892 56
11112 10892 8
11112 10892 54
11112 10893 7
11112 10893 28
11112 10893 0
11112 10893 33
11112 10897 17
11112 10897 55
11112 10897 37
11112 10897 57
11112 10899 53
11112 10899 53
11112 10899 40
11112 10899 5
11112 10941 53
11112 10941 33
11112 10941 28
11112 10941 51
11112 10938 30
11112 10938 48
11112 10938 45
11112 10938 29
11112 10947 27
11112 10947 0
11112 10947 7
11112 10947 47
11112 10886 42
11112 10886 55
11112 10886 7
11112 10886 37
11112 10865 57
11112 10865 42
11112 10865 58
11112 10865 37
11112 10878 54
11112 10878 46
11112 10878 19
11112 10878 12
11112 10889 5
11112 10889 7
11112 10889 48
11112 10889 38
11112 10891 44
11112 10891 6
11112 10891 5
11112 10891 42
11112 10872 36
11112 10872 17
11112 10872 16
11112 10872 36
11112 10881 43
11112 10881 41
11112 10881 37
11112 10881 59
11112 10902 36
11112 10902 29
11112 10902 55
11112 10902 41
11112 10943 7
11112 10943 49
11112 10943 46
11112 10943 36
11112 10944 57
11112 10944 16
11112 10944 15
11112 10944 38
11112 10946 9
11112 10946 13
11112 10946 33
11112 10946 38
11112 10950 49
11112 10950 32
11112 10950 19
11112 10950 37
11112 10866 49
11112 10866 3
11112 10866 55
11112 10866 3
11112 10784 13
11112 10784 31
11112 10784 58
11112 10784 49
11112 10876 52
11112 10876 42
11112 10876 3
11112 10876 22
11112 10879 44
11112 10879 19
11112 10879 38
11112 10879 44
11115 10896 59
11115 10896 32
11115 10896 10
11115 10896 56
11115 10894 3
11115 10894 29
11115 10894 41
11115 10894 33
11115 10895 1
11115 10895 33
11115 10895 34
11115 10895 58
11115 10937 45
11115 10937 44
11115 10937 36
11115 10937 3
11115 10898 7
11115 10898 28
11115 10898 40
11115 10898 17
11115 10939 22
11115 10939 51
11115 10939 43
11115 10939 30
11115 10940 35
11115 10940 34
11115 10940 46
11115 10940 37
11115 10888 26
11115 10888 18
11115 10888 42
11115 10888 12
11115 10887 28
11115 10887 4
11115 10887 13
11115 10887 18
11115 10892 57
11115 10892 13
11115 10892 27
11115 10892 50
11115 10893 58
11115 10893 39
11115 10893 43
11115 10893 9
11115 10897 56
11115 10897 1
11115 10897 55
11115 10897 46
11115 10899 41
11115 10899 3
11115 10899 37
11115 10899 30
11115 10941 41
11115 10941 0
11115 10941 25
11115 10941 9
11115 10938 53
11115 10938 57
11115 10938 54
11115 10938 17
11115 10947 41
11115 10947 19
11115 10947 56
11115 10947 9
11115 10886 15
11115 10886 50
11115 10886 31
11115 10886 39
11115 10865 54
11115 10865 31
11115 10865 55
11115 10865 39
11115 10878 22
11115 10878 16
11115 10878 12
11115 10878 39
11115 10889 26
11115 10889 21
11115 10889 29
11115 10889 6
11115 10891 19
11115 10891 29
11115 10891 28
11115 10891 6
11115 10872 44
11115 10872 11
11115 10872 21
11115 10872 38
11115 10881 29
11115 10881 23
11115 10881 10
11115 10881 17
11115 10902 5
11115 10902 32
11115 10902 22
11115 10902 27
11115 10943 1
11115 10943 13
11115 10943 2
11115 10943 19
11115 10944 52
11115 10944 55
11115 10944 60
11115 10944 2
11115 10946 51
11115 10946 53
11115 10946 38
11115 10946 33
11115 10950 34
11115 10950 12
11115 10950 47
11115 10950 57
11115 10866 14
11115 10866 15
11115 10866 34
11115 10866 11
11115 10784 4
11115 10784 2
11115 10784 53
11115 10784 19
11115 10876 3
11115 10876 30
11115 10876 10
11115 10876 42
11115 10879 29
11115 10879 13
11115 10879 5
11115 10879 31
11121 10896 37
11121 10896 2
11121 10896 40
11121 10896 46
11121 10894 43
11121 10894 12
11121 10894 9
11121 10894 24
11121 10895 58
11121 10895 21
11121 10895 47
11121 10895 36
11121 10937 2
11121 10937 31
11121 10937 10
11121 10937 22
11121 10898 28
11121 10898 36
11121 10898 54
11121 10898 57
11121 10939 9
11121 10939 53
11121 10939 30
11121 10939 36
11121 10940 37
11121 10940 54
11121 10940 20
11121 10940 2
11121 10888 45
11121 10888 2
11121 10888 7
11121 10888 16
11121 10887 6
11121 10887 35
11121 10887 5
11121 10887 45
11121 10892 20
11121 10892 32
11121 10892 46
11121 10892 3
11121 10893 55
11121 10893 55
11121 10893 41
11121 10893 50
11121 10897 43
11121 10897 29
11121 10897 51
11121 10897 25
11121 10899 25
11121 10899 57
11121 10899 44
11121 10899 5
11121 10941 33
11121 10941 27
11121 10941 34
11121 10941 49
11121 10938 40
11121 10938 31
11121 10938 21
11121 10938 3
11121 10947 45
11121 10947 53
11121 10947 28
11121 10947 25
11121 10886 40
11121 10886 52
11121 10886 23
11121 10886 49
11121 10865 28
11121 10865 56
11121 10865 40
11121 10865 32
11121 10878 33
11121 10878 48
11121 10878 52
11121 10878 22
11121 10889 7
11121 10889 20
11121 10889 37
11121 10889 21
11121 10891 0
11121 10891 38
11121 10891 2
11121 10891 21
11121 10872 53
11121 10872 59
11121 10872 33
11121 10872 6
11121 10881 58
11121 10881 51
11121 10881 28
11121 10881 0
11121 10902 9
11121 10902 17
11121 10902 0
11121 10902 19
11121 10943 36
11121 10943 23
11121 10943 1
11121 10943 21
11121 10944 13
11121 10944 42
11121 10944 55
11121 10944 9
11121 10946 39
11121 10946 49
11121 10946 6
11121 10946 19
11121 10950 8
11121 10950 17
11121 10950 8
11121 10950 8
11121 10866 29
11121 10866 42
11121 10866 33
11121 10866 13
11121 10784 40
11121 10784 50
11121 10784 47
11121 10784 51
11121 10876 52
11121 10876 42
11121 10876 22
11121 10876 3
11121 10879 26
11121 10879 51
11121 10879 7
11121 10879 55
11122 10896 17
11122 10896 56
11122 10896 8
11122 10896 23
11122 10894 30
11122 10894 59
11122 10894 17
11122 10894 16
11122 10895 45
11122 10895 37
11122 10895 50
11122 10895 12
11122 10937 40
11122 10937 10
11122 10937 41
11122 10937 40
11122 10898 14
11122 10898 30
11122 10898 4
11122 10898 19
11122 10939 48
11122 10939 44
11122 10939 40
11122 10939 34
11122 10940 30
11122 10940 37
11122 10940 47
11122 10940 60
11122 10888 9
11122 10888 48
11122 10888 50
11122 10888 46
11122 10887 19
11122 10887 49
11122 10887 25
11122 10887 29
11122 10892 59
11122 10892 33
11122 10892 1
11122 10892 2
11122 10893 28
11122 10893 39
11122 10893 28
11122 10893 42
11122 10897 28
11122 10897 29
11122 10897 30
11122 10897 2
11122 10899 17
11122 10899 25
11122 10899 18
11122 10899 58
11122 10941 54
11122 10941 6
11122 10941 4
11122 10941 42
11122 10938 2
11122 10938 46
11122 10938 32
11122 10938 39
11122 10947 54
11122 10947 6
11122 10947 59
11122 10947 13
11122 10886 20
11122 10886 8
11122 10886 54
11122 10886 19
11122 10865 8
11122 10865 10
11122 10865 17
11122 10865 6
11122 10878 47
11122 10878 14
11122 10878 15
11122 10878 10
11122 10889 22
11122 10889 51
11122 10889 12
11122 10889 5
11122 10891 3
11122 10891 13
11122 10891 47
11122 10891 23
11122 10872 43
11122 10872 3
11122 10872 4
11122 10872 44
11122 10881 52
11122 10881 43
11122 10881 6
11122 10881 3
11122 10902 32
11122 10902 58
11122 10902 28
11122 10902 25
11122 10943 17
11122 10943 29
11122 10943 2
11122 10943 53
11122 10944 53
11122 10944 14
11122 10944 9
11122 10944 59
11122 10946 39
11122 10946 36
11122 10946 60
11122 10946 19
11122 10950 15
11122 10950 57
11122 10950 34
11122 10950 30
11122 10866 27
11122 10866 45
11122 10866 44
11122 10866 57
11122 10784 43
11122 10784 54
11122 10784 25
11122 10784 30
11122 10876 1
11122 10876 20
11122 10876 54
11122 10876 21
11122 10879 55
11122 10879 44
11122 10879 45
11122 10879 23
11111 10896 12
11111 10896 48
11111 10896 16
11111 10896 47
11111 10894 19
11111 10894 24
11111 10894 53
11111 10894 56
11111 10895 3
11111 10895 43
11111 10895 30
11111 10895 49
11111 10937 26
11111 10937 39
11111 10937 53
11111 10937 36
11111 10898 5
11111 10898 25
11111 10898 15
11111 10898 27
11111 10939 6
11111 10939 41
11111 10939 51
11111 10939 58
11111 10940 12
11111 10940 14
11111 10940 26
11111 10940 15
11111 10888 32
11111 10888 24
11111 10888 13
11111 10888 60
11111 10887 31
11111 10887 18
11111 10887 47
11111 10887 10
11111 10892 38
11111 10892 36
11111 10892 35
11111 10892 5
11111 10893 52
11111 10893 23
11111 10893 46
11111 10893 21
11111 10897 56
11111 10897 47
11111 10897 25
11111 10897 0
11111 10899 35
11111 10899 3
11111 10899 21
11111 10899 7
11111 10941 21
11111 10941 40
11111 10941 36
11111 10941 0
11111 10938 10
11111 10938 22
11111 10938 10
11111 10938 47
11111 10947 9
11111 10947 17
11111 10947 24
11111 10947 48
11111 10886 33
11111 10886 40
11111 10886 22
11111 10886 35
11111 10865 47
11111 10865 19
11111 10865 42
11111 10865 56
11111 10878 28
11111 10878 29
11111 10878 47
11111 10878 40
11111 10889 26
11111 10889 4
11111 10889 16
11111 10889 29
11111 10891 27
11111 10891 0
11111 10891 14
11111 10891 26
11111 10872 22
11111 10872 52
11111 10872 39
11111 10872 31
11111 10881 9
11111 10881 8
11111 10881 36
11111 10881 35
11111 10902 36
11111 10902 44
11111 10902 53
11111 10902 52
11111 10943 46
11111 10943 60
11111 10943 52
11111 10943 50
11111 10944 30
11111 10944 29
11111 10944 4
11111 10944 47
11111 10946 1
11111 10946 46
11111 10946 13
11111 10946 55
11111 10950 4
11111 10950 12
11111 10950 29
11111 10950 60
11111 10866 22
11111 10866 27
11111 10866 12
11111 10866 48
11111 10784 8
11111 10784 45
11111 10784 28
11111 10784 9
11111 10876 17
11111 10876 21
11111 10876 26
11111 10876 49
11111 10879 12
11111 10879 49
11111 10879 8
11111 10879 8
11110 10896 11
11110 10896 24
11110 10896 18
11110 10896 13
11110 10894 13
11110 10894 47
11110 10894 57
11110 10894 31
11110 10895 1
11110 10895 43
11110 10895 38
11110 10895 40
11110 10937 60
11110 10937 15
11110 10937 36
11110 10937 30
11110 10898 28
11110 10898 48
11110 10898 43
11110 10898 60
11110 10939 41
11110 10939 38
11110 10939 33
11110 10939 17
11110 10940 26
11110 10940 25
11110 10940 3
11110 10940 33
11110 10888 18
11110 10888 23
11110 10888 43
11110 10888 48
11110 10887 30
11110 10887 5
11110 10887 54
11110 10887 57
11110 10892 2
11110 10892 49
11110 10892 48
11110 10892 47
11110 10893 37
11110 10893 28
11110 10893 31
11110 10893 6
11110 10897 9
11110 10897 32
11110 10897 19
11110 10897 51
11110 10899 59
11110 10899 15
11110 10899 41
11110 10899 12
11110 10941 24
11110 10941 27
11110 10941 50
11110 10941 52
11110 10938 40
11110 10938 47
11110 10938 5
11110 10938 45
11110 10947 5
11110 10947 0
11110 10947 20
11110 10947 60
11110 10886 6
11110 10886 60
11110 10886 25
11110 10886 35
11110 10865 26
11110 10865 14
11110 10865 39
11110 10865 55
11110 10878 46
11110 10878 12
11110 10878 4
11110 10878 14
11110 10889 33
11110 10889 49
11110 10889 49
11110 10889 21
11110 10891 56
11110 10891 0
11110 10891 7
11110 10891 50
11110 10872 33
11110 10872 17
11110 10872 39
11110 10872 20
11110 10881 5
11110 10881 2
11110 10881 13
11110 10881 15
11110 10902 36
11110 10902 25
11110 10902 18
11110 10902 7
11110 10943 38
11110 10943 35
11110 10943 21
11110 10943 6
11110 10944 3
11110 10944 27
11110 10944 56
11110 10944 60
11110 10946 45
11110 10946 52
11110 10946 8
11110 10946 27
11110 10950 31
11110 10950 31
11110 10950 46
11110 10950 59
11110 10866 58
11110 10866 60
11110 10866 56
11110 10866 23
11110 10784 59
11110 10784 29
11110 10784 18
11110 10784 13
11110 10876 15
11110 10876 49
11110 10876 12
11110 10876 29
11110 10879 47
11110 10879 15
11110 10879 28
11110 10879 48
11116 10896 49
11116 10896 24
11116 10896 1
11116 10896 49
11116 10894 28
11116 10894 55
11116 10894 43
11116 10894 57
11116 10895 46
11116 10895 42
11116 10895 33
11116 10895 31
11116 10937 23
11116 10937 8
11116 10937 48
11116 10937 19
11116 10898 18
11116 10898 24
11116 10898 26
11116 10898 30
11116 10939 43
11116 10939 35
11116 10939 48
11116 10939 50
11116 10940 16
11116 10940 11
11116 10940 7
11116 10940 48
11116 10888 56
11116 10888 25
11116 10888 51
11116 10888 39
11116 10887 20
11116 10887 0
11116 10887 4
11116 10887 35
11116 10892 28
11116 10892 27
11116 10892 15
11116 10892 44
11116 10893 9
11116 10893 2
11116 10893 55
11116 10893 41
11116 10897 48
11116 10897 36
11116 10897 60
11116 10897 38
11116 10899 40
11116 10899 55
11116 10899 33
11116 10899 55
11116 10941 23
11116 10941 51
11116 10941 59
11116 10941 58
11116 10938 15
11116 10938 27
11116 10938 22
11116 10938 3
11116 10947 34
11116 10947 32
11116 10947 22
11116 10947 3
11116 10886 51
11116 10886 36
11116 10886 11
11116 10886 31
11116 10865 9
11116 10865 38
11116 10865 36
11116 10865 56
11116 10878 23
11116 10878 10
11116 10878 52
11116 10878 25
11116 10889 8
11116 10889 58
11116 10889 34
11116 10889 47
11116 10891 37
11116 10891 59
11116 10891 6
11116 10891 16
11116 10872 25
11116 10872 27
11116 10872 7
11116 10872 38
11116 10881 40
11116 10881 24
11116 10881 30
11116 10881 22
11116 10902 24
11116 10902 17
11116 10902 59
11116 10902 24
11116 10943 37
11116 10943 45
11116 10943 16
11116 10943 44
11116 10944 47
11116 10944 53
11116 10944 51
11116 10944 32
11116 10946 8
11116 10946 17
11116 10946 43
11116 10946 57
11116 10950 9
11116 10950 59
11116 10950 3
11116 10950 11
11116 10866 12
11116 10866 49
11116 10866 1
11116 10866 19
11116 10784 16
11116 10784 19
11116 10784 25
11116 10784 49
11116 10876 12
11116 10876 10
11116 10876 36
11116 10876 27
11116 10879 17
11116 10879 33
11116 10879 46
11116 10879 38
10977 10896 14
10977 10896 38
10977 10896 36
10977 10896 27
10977 10894 57
10977 10894 58
10977 10894 29
10977 10894 8
10977 10895 43
10977 10895 15
10977 10895 9
10977 10895 5
10977 10937 46
10977 10937 3
10977 10937 36
10977 10937 38
10977 10898 40
10977 10898 15
10977 10898 49
10977 10898 60
10977 10939 25
10977 10939 50
10977 10939 8
10977 10939 55
10977 10940 33
10977 10940 58
10977 10940 16
10977 10940 54
10977 10888 40
10977 10888 11
10977 10888 31
10977 10888 38
10977 10887 17
10977 10887 42
10977 10887 6
10977 10887 28
10977 10892 24
10977 10892 41
10977 10892 4
10977 10892 1
10977 10893 9
10977 10893 20
10977 10893 17
10977 10893 10
10977 10897 5
10977 10897 51
10977 10897 58
10977 10897 43
10977 10899 52
10977 10899 37
10977 10899 58
10977 10899 18
10977 10941 19
10977 10941 22
10977 10941 9
10977 10941 37
10977 10938 45
10977 10938 36
10977 10938 43
10977 10938 32
10977 10947 47
10977 10947 42
10977 10947 35
10977 10947 42
10977 10886 4
10977 10886 57
10977 10886 1
10977 10886 39
10977 10865 8
10977 10865 40
10977 10865 0
10977 10865 45
10977 10878 31
10977 10878 44
10977 10878 35
10977 10878 23
10977 10889 52
10977 10889 54
10977 10889 44
10977 10889 9
10977 10891 43
10977 10891 12
10977 10891 5
10977 10891 58
10977 10872 45
10977 10872 4
10977 10872 20
10977 10872 49
10977 10881 6
10977 10881 59
10977 10881 22
10977 10881 41
10977 10902 3
10977 10902 7
10977 10902 10
10977 10902 38
10977 10943 57
10977 10943 44
10977 10943 54
10977 10943 48
10977 10944 26
10977 10944 6
10977 10944 37
10977 10944 5
10977 10946 27
10977 10946 41
10977 10946 9
10977 10946 30
10977 10950 47
10977 10950 54
10977 10950 18
10977 10950 42
10977 10866 28
10977 10866 41
10977 10866 29
10977 10866 6
10977 10784 58
10977 10784 54
10977 10784 32
10977 10784 54
10977 10876 18
10977 10876 30
10977 10876 23
10977 10876 25
10977 10879 5
10977 10879 26
10977 10879 35
10977 10879 42
11133 10896 40
11133 10896 46
11133 10896 29
11133 10896 40
11133 10894 23
11133 10894 17
11133 10894 16
11133 10894 45
11133 10895 37
11133 10895 34
11133 10895 1
11133 10895 19
11133 10937 18
11133 10937 22
11133 10937 12
11133 10937 26
11133 10898 9
11133 10898 9
11133 10898 56
11133 10898 0
11133 10939 46
11133 10939 37
11133 10939 53
11133 10939 58
11133 10940 8
11133 10940 12
11133 10940 40
11133 10940 49
11133 10888 58
11133 10888 47
11133 10888 14
11133 10888 57
11133 10887 38
11133 10887 44
11133 10887 46
11133 10887 38
11133 10892 10
11133 10892 42
11133 10892 57
11133 10892 23
11133 10893 60
11133 10893 20
11133 10893 10
11133 10893 42
11133 10897 29
11133 10897 44
11133 10897 21
11133 10897 56
11133 10899 14
11133 10899 30
11133 10899 57
11133 10899 27
11133 10941 17
11133 10941 32
11133 10941 18
11133 10941 23
11133 10938 11
11133 10938 55
11133 10938 39
11133 10938 23
11133 10947 4
11133 10947 45
11133 10947 21
11133 10947 43
11133 10886 52
11133 10886 45
11133 10886 59
11133 10886 17
11133 10865 55
11133 10865 25
11133 10865 43
11133 10865 29
11133 10878 24
11133 10878 32
11133 10878 47
11133 10878 21
11133 10889 38
11133 10889 2
11133 10889 42
11133 10889 47
11133 10891 37
11133 10891 57
11133 10891 35
11133 10891 10
11133 10872 44
11133 10872 45
11133 10872 13
11133 10872 1
11133 10881 30
11133 10881 48
11133 10881 14
11133 10881 39
11133 10902 15
11133 10902 49
11133 10902 43
11133 10902 29
11133 10943 32
11133 10943 0
11133 10943 34
11133 10943 11
11133 10944 22
11133 10944 44
11133 10944 56
11133 10944 30
11133 10946 31
11133 10946 44
11133 10946 3
11133 10946 16
11133 10950 32
11133 10950 5
11133 10950 42
11133 10950 56
11133 10866 27
11133 10866 57
11133 10866 8
11133 10866 47
11133 10784 12
11133 10784 9
11133 10784 34
11133 10784 55
11133 10876 30
11133 10876 12
11133 10876 33
11133 10876 48
11133 10879 58
11133 10879 1
11133 10879 11
11133 10879 37
11134 10896 28
11134 10896 25
11134 10896 50
11134 10896 38
11134 10894 9
11134 10894 29
11134 10894 40
11134 10894 58
11134 10895 47
11134 10895 59
11134 10895 57
11134 10895 25
11134 10937 31
11134 10937 32
11134 10937 29
11134 10937 25
11134 10898 37
11134 10898 57
11134 10898 3
11134 10898 20
11134 10939 37
11134 10939 23
11134 10939 6
11134 10939 15
11134 10940 27
11134 10940 54
11134 10940 55
11134 10940 36
11134 10888 40
11134 10888 45
11134 10888 34
11134 10888 52
11134 10887 34
11134 10887 40
11134 10887 29
11134 10887 24
11134 10892 15
11134 10892 40
11134 10892 23
11134 10892 1
11134 10893 30
11134 10893 2
11134 10893 32
11134 10893 31
11134 10897 1
11134 10897 41
11134 10897 49
11134 10897 8
11134 10899 11
11134 10899 48
11134 10899 7
11134 10899 46
11134 10941 34
11134 10941 39
11134 10941 1
11134 10941 34
11134 10938 38
11134 10938 29
11134 10938 22
11134 10938 3
11134 10947 53
11134 10947 50
11134 10947 52
11134 10947 55
11134 10886 33
11134 10886 31
11134 10886 10
11134 10886 25
11134 10865 15
11134 10865 55
11134 10865 8
11134 10865 47
11134 10878 28
11134 10878 14
11134 10878 36
11134 10878 8
11134 10889 43
11134 10889 52
11134 10889 33
11134 10889 20
11134 10891 29
11134 10891 53
11134 10891 40
11134 10891 10
11134 10872 19
11134 10872 44
11134 10872 24
11134 10872 16
11134 10881 47
11134 10881 0
11134 10881 15
11134 10881 34
11134 10902 22
11134 10902 55
11134 10902 27
11134 10902 2
11134 10943 10
11134 10943 44
11134 10943 19
11134 10943 37
11134 10944 2
11134 10944 48
11134 10944 34
11134 10944 23
11134 10946 36
11134 10946 8
11134 10946 40
11134 10946 55
11134 10950 45
11134 10950 56
11134 10950 8
11134 10950 9
11134 10866 51
11134 10866 29
11134 10866 44
11134 10866 5
11134 10784 7
11134 10784 12
11134 10784 38
11134 10784 7
11134 10876 60
11134 10876 42
11134 10876 57
11134 10876 20
11134 10879 30
11134 10879 46
11134 10879 13
11134 10879 27
11156 10896 21
11156 10896 12
11156 10896 42
11156 10896 48
11156 10894 57
11156 10894 11
11156 10894 7
11156 10894 39
11156 10895 26
11156 10895 20
11156 10895 1
11156 10895 44
11156 10937 11
11156 10937 45
11156 10937 32
11156 10937 3
11156 10898 57
11156 10898 20
11156 10898 43
11156 10898 56
11156 10939 33
11156 10939 5
11156 10939 27
11156 10939 33
11156 10940 49
11156 10940 47
11156 10940 22
11156 10940 21
11156 10888 45
11156 10888 45
11156 10888 8
11156 10888 28
11156 10887 9
11156 10887 31
11156 10887 56
11156 10887 43
11156 10892 14
11156 10892 26
11156 10892 4
11156 10892 4
11156 10893 28
11156 10893 15
11156 10893 17
11156 10893 11
11156 10897 29
11156 10897 58
11156 10897 13
11156 10897 22
11156 10899 46
11156 10899 34
11156 10899 5
11156 10899 14
11156 10941 19
11156 10941 24
11156 10941 48
11156 10941 42
11156 10938 46
11156 10938 25
11156 10938 1
11156 10938 31
11156 10947 8
11156 10947 2
11156 10947 13
11156 10947 24
11156 10886 25
11156 10886 1
11156 10886 34
11156 10886 59
11156 10865 53
11156 10865 30
11156 10865 44
11156 10865 57
11156 10878 10
11156 10878 28
11156 10878 28
11156 10878 36
11156 10889 24
11156 10889 21
11156 10889 2
11156 10889 12
11156 10891 54
11156 10891 42
11156 10891 54
11156 10891 13
11156 10872 26
11156 10872 42
11156 10872 19
11156 10872 7
11156 10881 27
11156 10881 50
11156 10881 9
11156 10881 23
11156 10902 30
11156 10902 19
11156 10902 16
11156 10902 45
11156 10943 60
11156 10943 32
11156 10943 57
11156 10943 39
11156 10944 6
11156 10944 48
11156 10944 55
11156 10944 0
11156 10946 6
11156 10946 53
11156 10946 27
11156 10946 27
11156 10950 30
11156 10950 45
11156 10950 39
11156 10950 58
11156 10866 7
11156 10866 51
11156 10866 6
11156 10866 45
11156 10784 25
11156 10784 28
11156 10784 25
11156 10784 21
11156 10876 40
11156 10876 15
11156 10876 20
11156 10876 27
11156 10879 43
11156 10879 17
11156 10879 3
11156 10879 49
10972 10896 28
10972 10896 13
10972 10896 46
10972 10896 7
10972 10894 26
10972 10894 35
10972 10894 15
10972 10894 19
10972 10895 11
10972 10895 43
10972 10895 28
10972 10895 54
10972 10937 20
10972 10937 7
10972 10937 51
10972 10937 20
10972 10898 8
10972 10898 28
10972 10898 57
10972 10898 51
10972 10939 58
10972 10939 26
10972 10939 30
10972 10939 2
10972 10940 26
10972 10940 37
10972 10940 1
10972 10940 30
10972 10888 23
10972 10888 52
10972 10888 46
10972 10888 5
10972 10887 12
10972 10887 35
10972 10887 60
10972 10887 2
10972 10892 59
10972 10892 25
10972 10892 8
10972 10892 2
10972 10893 22
10972 10893 12
10972 10893 10
10972 10893 59
10972 10897 29
10972 10897 3
10972 10897 53
10972 10897 27
10972 10899 50
10972 10899 2
10972 10899 46
10972 10899 32
10972 10941 2
10972 10941 28
10972 10941 50
10972 10941 30
10972 10938 50
10972 10938 1
10972 10938 59
10972 10938 25
10972 10947 18
10972 10947 34
10972 10947 23
10972 10947 54
10972 10886 19
10972 10886 33
10972 10886 7
10972 10886 32
10972 10865 32
10972 10865 36
10972 10865 24
10972 10865 58
10972 10878 43
10972 10878 27
10972 10878 14
10972 10878 45
10972 10889 16
10972 10889 36
10972 10889 8
10972 10889 45
10972 10891 26
10972 10891 47
10972 10891 40
10972 10891 32
10972 10872 16
10972 10872 3
10972 10872 17
10972 10872 18
10972 10881 7
10972 10881 41
10972 10881 24
10972 10881 15
10972 10902 16
10972 10902 19
10972 10902 53
10972 10902 51
10972 10943 38
10972 10943 36
10972 10943 28
10972 10943 23
10972 10944 57
10972 10944 9
10972 10944 6
10972 10944 3
10972 10946 23
10972 10946 27
10972 10946 58
10972 10946 3
10972 10950 51
10972 10950 60
10972 10950 55
10972 10950 48
10972 10866 46
10972 10866 47
10972 10866 55
10972 10866 6
10972 10784 12
10972 10784 39
10972 10784 30
10972 10784 32
10972 10876 57
10972 10876 25
10972 10876 39
10972 10876 26
10972 10879 2
10972 10879 16
10972 10879 57
10972 10879 51
11101 10896 40
11101 10896 27
11101 10896 29
11101 10896 22
11101 10894 30
11101 10894 12
11101 10894 13
11101 10894 27
11101 10895 23
11101 10895 47
11101 10895 24
11101 10895 55
11101 10937 18
11101 10937 8
11101 10937 31
11101 10937 31
11101 10898 10
11101 10898 19
11101 10898 51
11101 10898 5
11101 10939 16
11101 10939 22
11101 10939 21
11101 10939 56
11101 10940 27
11101 10940 2
11101 10940 2
11101 10940 4
11101 10888 37
11101 10888 10
11101 10888 45
11101 10888 12
11101 10887 57
11101 10887 47
11101 10887 56
11101 10887 29
11101 10892 49
11101 10892 7
11101 10892 9
11101 10892 24
11101 10893 7
11101 10893 29
11101 10893 32
11101 10893 1
11101 10897 22
11101 10897 58
11101 10897 15
11101 10897 25
11101 10899 26
11101 10899 15
11101 10899 18
11101 10899 13
11101 10941 17
11101 10941 3
11101 10941 15
11101 10941 52
11101 10938 47
11101 10938 35
11101 10938 23
11101 10938 17
11101 10947 52
11101 10947 11
11101 10947 16
11101 10947 0
11101 10886 45
11101 10886 12
11101 10886 37
11101 10886 57
11101 10865 60
11101 10865 54
11101 10865 56
11101 10865 17
11101 10878 2
11101 10878 20
11101 10878 27
11101 10878 27
11101 10889 0
11101 10889 0
11101 10889 53
11101 10889 8
11101 10891 2
11101 10891 16
11101 10891 13
11101 10891 4
11101 10872 0
11101 10872 52
11101 10872 34
11101 10872 37
11101 10881 36
11101 10881 5
11101 10881 22
11101 10881 2
11101 10902 37
11101 10902 55
11101 10902 8
11101 10902 54
11101 10943 26
11101 10943 34
11101 10943 21
11101 10943 1
11101 10944 1
11101 10944 20
11101 10944 23
11101 10944 20
11101 10946 27
11101 10946 16
11101 10946 38
11101 10946 52
11101 10950 15
11101 10950 36
11101 10950 5
11101 10950 14
11101 10866 18
11101 10866 40
11101 10866 42
11101 10866 43
11101 10784 21
11101 10784 47
11101 10784 37
11101 10784 48
11101 10876 18
11101 10876 7
11101 10876 48
11101 10876 12
11101 10879 14
11101 10879 4
11101 10879 57
11101 10879 31
11109 10896 57
11109 10896 46
11109 10896 54
11109 10896 25
11109 10894 32
11109 10894 41
11109 10894 23
11109 10894 35
11109 10895 52
11109 10895 32
11109 10895 28
11109 10895 37
11109 10937 43
11109 10937 27
11109 10937 2
11109 10937 3
11109 10898 12
11109 10898 18
11109 10898 24
11109 10898 15
11109 10939 33
11109 10939 39
11109 10939 3
11109 10939 6
11109 10940 25
11109 10940 11
11109 10940 23
11109 10940 24
11109 10888 21
11109 10888 21
11109 10888 52
11109 10888 8
11109 10887 11
11109 10887 15
11109 10887 21
11109 10887 58
11109 10892 60
11109 10892 21
11109 10892 6
11109 10892 36
11109 10893 55
11109 10893 48
11109 10893 57
11109 10893 28
11109 10897 38
11109 10897 6
11109 10897 2
11109 10897 56
11109 10899 2
11109 10899 46
11109 10899 32
11109 10899 11
11109 10941 40
11109 10941 4
11109 10941 17
11109 10941 55
11109 10938 36
11109 10938 3
11109 10938 44
11109 10938 39
11109 10947 44
11109 10947 53
11109 10947 54
11109 10947 23
11109 10886 14
11109 10886 25
11109 10886 21
11109 10886 26
11109 10865 37
11109 10865 27
11109 10865 12
11109 10865 56
11109 10878 16
11109 10878 1
11109 10878 32
11109 10878 48
11109 10889 26
11109 10889 52
11109 10889 39
11109 10889 19
11109 10891 29
11109 10891 38
11109 10891 40
11109 10891 7
11109 10872 57
11109 10872 9
11109 10872 18
11109 10872 47
11109 10881 2
11109 10881 13
11109 10881 55
11109 10881 53
11109 10902 17
11109 10902 8
11109 10902 53
11109 10902 31
11109 10943 17
11109 10943 35
11109 10943 6
11109 10943 48
11109 10944 54
11109 10944 5
11109 10944 45
11109 10944 9
11109 10946 0
11109 10946 59
11109 10946 16
11109 10946 4
11109 10950 13
11109 10950 55
11109 10950 25
11109 10950 20
11109 10866 24
11109 10866 50
11109 10866 32
11109 10866 36
11109 10784 15
11109 10784 40
11109 10784 19
11109 10784 53
11109 10876 51
11109 10876 9
11109 10876 60
11109 10876 22
11109 10879 17
11109 10879 43
11109 10879 29
11109 10879 58
10975 10896 59
10975 10896 48
10975 10896 52
10975 10896 41
10975 10894 59
10975 10894 7
10975 10894 38
10975 10894 59
10975 10895 6
10975 10895 12
10975 10895 38
10975 10895 32
10975 10937 49
10975 10937 59
10975 10937 57
10975 10937 31
10975 10898 30
10975 10898 3
10975 10898 6
10975 10898 13
10975 10939 41
10975 10939 20
10975 10939 7
10975 10939 50
10975 10940 41
10975 10940 45
10975 10940 18
10975 10940 60
10975 10888 26
10975 10888 26
10975 10888 37
10975 10888 29
10975 10887 32
10975 10887 10
10975 10887 55
10975 10887 41
10975 10892 6
10975 10892 54
10975 10892 10
10975 10892 48
10975 10893 32
10975 10893 3
10975 10893 26
10975 10893 37
10975 10897 40
10975 10897 35
10975 10897 15
10975 10897 6
10975 10899 42
10975 10899 22
10975 10899 54
10975 10899 32
10975 10941 35
10975 10941 18
10975 10941 51
10975 10941 35
10975 10938 9
10975 10938 38
10975 10938 26
10975 10938 4
10975 10947 17
10975 10947 39
10975 10947 9
10975 10947 20
10975 10886 12
10975 10886 33
10975 10886 52
10975 10886 60
10975 10865 0
10975 10865 24
10975 10865 28
10975 10865 35
10975 10878 24
10975 10878 16
10975 10878 24
10975 10878 45
10975 10889 60
10975 10889 39
10975 10889 3
10975 10889 43
10975 10891 18
10975 10891 10
10975 10891 34
10975 10891 34
10975 10872 27
10975 10872 24
10975 10872 52
10975 10872 25
10975 10881 29
10975 10881 1
10975 10881 7
10975 10881 12
10975 10902 32
10975 10902 2
10975 10902 6
10975 10902 51
10975 10943 36
10975 10943 36
10975 10943 55
10975 10943 0
10975 10944 50
10975 10944 40
10975 10944 14
10975 10944 23
10975 10946 51
10975 10946 31
10975 10946 46
10975 10946 26
10975 10950 50
10975 10950 47
10975 10950 26
10975 10950 5
10975 10866 4
10975 10866 15
10975 10866 27
10975 10866 3
10975 10784 7
10975 10784 36
10975 10784 19
10975 10784 16
10975 10876 31
10975 10876 43
10975 10876 27
10975 10876 21
10975 10879 50
10975 10879 14
10975 10879 54
10975 10879 18
11117 10896 52
11117 10896 26
11117 10896 20
11117 10896 58
11117 10894 38
11117 10894 55
11117 10894 30
11117 10894 60
11117 10895 48
11117 10895 1
11117 10895 35
11117 10895 59
11117 10937 58
11117 10937 54
11117 10937 22
11117 10937 34
11117 10898 39
11117 10898 35
11117 10898 17
11117 10898 7
11117 10939 5
11117 10939 23
11117 10939 10
11117 10939 58
11117 10940 4
11117 10940 15
11117 10940 9
11117 10940 24
11117 10888 3
11117 10888 59
11117 10888 31
11117 10888 55
11117 10887 1
11117 10887 50
11117 10887 22
11117 10887 53
11117 10892 27
11117 10892 30
11117 10892 56
11117 10892 16
11117 10893 17
11117 10893 24
11117 10893 16
11117 10893 37
11117 10897 15
11117 10897 57
11117 10897 56
11117 10897 58
11117 10899 29
11117 10899 16
11117 10899 50
11117 10899 55
11117 10941 32
11117 10941 37
11117 10941 14
11117 10941 32
11117 10938 9
11117 10938 20
11117 10938 49
11117 10938 20
11117 10947 7
11117 10947 53
11117 10947 7
11117 10947 40
11117 10886 11
11117 10886 3
11117 10886 32
11117 10886 47
11117 10865 6
11117 10865 13
11117 10865 8
11117 10865 58
11117 10878 22
11117 10878 39
11117 10878 54
11117 10878 56
11117 10889 3
11117 10889 14
11117 10889 29
11117 10889 47
11117 10891 17
11117 10891 60
11117 10891 31
11117 10891 31
11117 10872 33
11117 10872 0
11117 10872 12
11117 10872 0
11117 10881 34
11117 10881 32
11117 10881 22
11117 10881 13
11117 10902 52
11117 10902 2
11117 10902 13
11117 10902 37
11117 10943 23
11117 10943 8
11117 10943 17
11117 10943 19
11117 10944 12
11117 10944 32
11117 10944 12
11117 10944 29
11117 10946 49
11117 10946 45
11117 10946 43
11117 10946 7
11117 10950 9
11117 10950 32
11117 10950 1
11117 10950 2
11117 10866 4
11117 10866 24
11117 10866 4
11117 10866 41
11117 10784 15
11117 10784 18
11117 10784 18
11117 10784 57
11117 10876 7
11117 10876 19
11117 10876 38
11117 10876 34
11117 10879 59
11117 10879 54
11117 10879 29
11117 10879 21
11113 10896 30
11113 10896 36
11113 10896 56
11113 10896 34
11113 10894 23
11113 10894 8
11113 10894 3
11113 10894 47
11113 10895 30
11113 10895 15
11113 10895 44
11113 10895 29
11113 10937 57
11113 10937 30
11113 10937 57
11113 10937 14
11113 10898 54
11113 10898 26
11113 10898 6
11113 10898 51
11113 10939 10
11113 10939 27
11113 10939 16
11113 10939 39
11113 10940 20
11113 10940 26
11113 10940 31
11113 10940 21
11113 10888 56
11113 10888 0
11113 10888 3
11113 10888 11
11113 10887 19
11113 10887 58
11113 10887 55
11113 10887 42
11113 10892 44
11113 10892 59
11113 10892 17
11113 10892 43
11113 10893 47
11113 10893 3
11113 10893 4
11113 10893 4
11113 10897 6
11113 10897 16
11113 10897 17
11113 10897 34
11113 10899 11
11113 10899 55
11113 10899 30
11113 10899 39
11113 10941 59
11113 10941 33
11113 10941 32
11113 10941 14
11113 10938 6
11113 10938 9
11113 10938 50
11113 10938 11
11113 10947 51
11113 10947 55
11113 10947 53
11113 10947 42
11113 10886 35
11113 10886 36
11113 10886 41
11113 10886 20
11113 10865 35
11113 10865 59
11113 10865 34
11113 10865 39
11113 10878 30
11113 10878 56
11113 10878 20
11113 10878 27
11113 10889 45
11113 10889 50
11113 10889 58
11113 10889 52
11113 10891 28
11113 10891 53
11113 10891 42
11113 10891 29
11113 10872 22
11113 10872 4
11113 10872 27
11113 10872 38
11113 10881 36
11113 10881 16
11113 10881 11
11113 10881 26
11113 10902 28
11113 10902 55
11113 10902 2
11113 10902 40
11113 10943 30
11113 10943 36
11113 10943 5
11113 10943 20
11113 10944 33
11113 10944 25
11113 10944 22
11113 10944 41
11113 10946 38
11113 10946 37
11113 10946 5
11113 10946 16
11113 10950 52
11113 10950 32
11113 10950 38
11113 10950 1
11113 10866 38
11113 10866 2
11113 10866 36
11113 10866 32
11113 10784 13
11113 10784 60
11113 10784 19
11113 10784 28
11113 10876 14
11113 10876 47
11113 10876 1
11113 10876 44
11113 10879 34
11113 10879 34
11113 10879 8
11113 10879 20
11103 10896 59
11103 10896 35
11103 10896 22
11103 10896 25
11103 10894 49
11103 10894 52
11103 10894 19
11103 10894 48
11103 10895 13
11103 10895 12
11103 10895 16
11103 10895 33
11103 10937 46
11103 10937 15
11103 10937 36
11103 10937 8
11103 10898 4
11103 10898 32
11103 10898 33
11103 10898 44
11103 10939 11
11103 10939 10
11103 10939 29
11103 10939 13
11103 10940 48
11103 10940 18
11103 10940 16
11103 10940 59
11103 10888 41
11103 10888 53
11103 10888 23
11103 10888 55
11103 10887 55
11103 10887 34
11103 10887 50
11103 10887 3
11103 10892 38
11103 10892 10
11103 10892 49
11103 10892 46
11103 10893 37
11103 10893 7
11103 10893 58
11103 10893 59
11103 10897 51
11103 10897 33
11103 10897 17
11103 10897 29
11103 10899 60
11103 10899 13
11103 10899 12
11103 10899 15
11103 10941 5
11103 10941 33
11103 10941 26
11103 10941 41
11103 10938 25
11103 10938 38
11103 10938 44
11103 10938 25
11103 10947 36
11103 10947 46
11103 10947 18
11103 10947 16
11103 10886 16
11103 10886 55
11103 10886 59
11103 10886 58
11103 10865 1
11103 10865 10
11103 10865 12
11103 10865 40
11103 10878 3
11103 10878 12
11103 10878 14
11103 10878 47
11103 10889 28
11103 10889 10
11103 10889 60
11103 10889 29
11103 10891 16
11103 10891 52
11103 10891 53
11103 10891 40
11103 10872 25
11103 10872 51
11103 10872 19
11103 10872 52
11103 10881 52
11103 10881 27
11103 10881 47
11103 10881 28
11103 10902 39
11103 10902 3
11103 10902 51
11103 10902 57
11103 10943 32
11103 10943 6
11103 10943 45
11103 10943 33
11103 10944 15
11103 10944 56
11103 10944 57
11103 10944 34
11103 10946 50
11103 10946 12
11103 10946 46
11103 10946 53
11103 10950 40
11103 10950 43
11103 10950 12
11103 10950 35
11103 10866 24
11103 10866 6
11103 10866 19
11103 10866 15
11103 10784 10
11103 10784 34
11103 10784 31
11103 10784 36
11103 10876 30
11103 10876 18
11103 10876 41
11103 10876 59
11103 10879 34
11103 10879 34
11103 10879 8
11103 10879 41
11141 10896 12
11141 10896 37
11141 10896 9
11141 10896 11
11141 10894 9
11141 10894 20
11141 10894 59
11141 10894 21
11141 10895 10
11141 10895 32
11141 10895 22
11141 10895 15
11141 10937 51
11141 10937 47
11141 10937 23
11141 10937 15
11141 10898 41
11141 10898 10
11141 10898 52
11141 10898 14
11141 10939 59
11141 10939 19
11141 10939 25
11141 10939 21
11141 10940 1
11141 10940 37
11141 10940 39
11141 10940 12
11141 10888 51
11141 10888 4
11141 10888 16
11141 10888 60
11141 10887 21
11141 10887 5
11141 10887 4
11141 10887 8
11141 10892 55
11141 10892 29
11141 10892 36
11141 10892 19
11141 10893 60
11141 10893 27
11141 10893 23
11141 10893 26
11141 10897 54
11141 10897 32
11141 10897 30
11141 10897 37
11141 10899 47
11141 10899 45
11141 10899 12
11141 10899 49
11141 10941 38
11141 10941 25
11141 10941 7
11141 10941 56
11141 10938 14
11141 10938 18
11141 10938 42
11141 10938 59
11141 10947 47
11141 10947 36
11141 10947 27
11141 10947 40
11141 10886 22
11141 10886 8
11141 10886 18
11141 10886 6
11141 10865 40
11141 10865 40
11141 10865 45
11141 10865 46
11141 10878 41
11141 10878 41
11141 10878 46
11141 10878 60
11141 10889 38
11141 10889 19
11141 10889 37
11141 10889 52
11141 10891 55
11141 10891 27
11141 10891 53
11141 10891 55
11141 10872 22
11141 10872 37
11141 10872 47
11141 10872 51
11141 10881 48
11141 10881 36
11141 10881 27
11141 10881 38
11141 10902 14
11141 10902 6
11141 10902 52
11141 10902 43
11141 10943 50
11141 10943 11
11141 10943 32
11141 10943 58
11141 10944 35
11141 10944 11
11141 10944 6
11141 10944 51
11141 10946 46
11141 10946 45
11141 10946 1
11141 10946 48
11141 10950 7
11141 10950 13
11141 10950 38
11141 10950 0
11141 10866 19
11141 10866 27
11141 10866 9
11141 10866 28
11141 10784 40
11141 10784 45
11141 10784 29
11141 10784 8
11141 10876 24
11141 10876 52
11141 10876 4
11141 10876 25
11141 10879 2
11141 10879 38
11141 10879 10
11141 10879 18
11142 10896 17
11142 10896 47
11142 10896 57
11142 10896 27
11142 10894 22
11142 10894 19
11142 10894 44
11142 10894 4
11142 10895 38
11142 10895 3
11142 10895 4
11142 10895 45
11142 10937 18
11142 10937 41
11142 10937 42
11142 10937 26
11142 10898 7
11142 10898 17
11142 10898 9
11142 10898 14
11142 10939 11
11142 10939 18
11142 10939 11
11142 10939 22
11142 10940 50
11142 10940 35
11142 10940 60
11142 10940 51
11142 10888 37
11142 10888 52
11142 10888 32
11142 10888 42
11142 10887 40
11142 10887 51
11142 10887 50
11142 10887 45
11142 10892 42
11142 10892 20
11142 10892 7
11142 10892 45
11142 10893 59
11142 10893 20
11142 10893 1
11142 10893 50
11142 10897 15
11142 10897 4
11142 10897 14
11142 10897 1
11142 10899 48
11142 10899 41
11142 10899 37
11142 10899 59
11142 10941 58
11142 10941 11
11142 10941 33
11142 10941 3
11142 10938 44
11142 10938 4
11142 10938 3
11142 10938 3
11142 10947 6
11142 10947 21
11142 10947 33
11142 10947 26
11142 10886 41
11142 10886 32
11142 10886 25
11142 10886 59
11142 10865 6
11142 10865 3
11142 10865 30
11142 10865 35
11142 10878 18
11142 10878 21
11142 10878 30
11142 10878 27
11142 10889 31
11142 10889 29
11142 10889 28
11142 10889 23
11142 10891 13
11142 10891 7
11142 10891 11
11142 10891 11
11142 10872 59
11142 10872 33
11142 10872 60
11142 10872 38
11142 10881 9
11142 10881 37
11142 10881 5
11142 10881 20
11142 10902 54
11142 10902 13
11142 10902 18
11142 10902 13
11142 10943 44
11142 10943 49
11142 10943 3
11142 10943 35
11142 10944 17
11142 10944 41
11142 10944 43
11142 10944 20
11142 10946 39
11142 10946 9
11142 10946 11
11142 10946 23
11142 10950 35
11142 10950 29
11142 10950 7
11142 10950 7
11142 10866 46
11142 10866 9
11142 10866 57
11142 10866 2
11142 10784 11
11142 10784 33
11142 10784 41
11142 10784 0
11142 10876 46
11142 10876 54
11142 10876 55
11142 10876 37
11142 10879 21
11142 10879 19
11142 10879 35
11142 10879 16
11139 10896 48
11139 10896 50
11139 10896 24
11139 10896 12
11139 10894 51
11139 10894 38
11139 10894 17
11139 10894 4
11139 10895 10
11139 10895 19
11139 10895 42
11139 10895 36
11139 10937 5
11139 10937 46
11139 10937 7
11139 10937 39
11139 10898 15
11139 10898 55
11139 10898 40
11139 10898 50
11139 10939 52
11139 10939 49
11139 10939 24
11139 10939 21
11139 10940 5
11139 10940 0
11139 10940 57
11139 10940 43
11139 10888 23
11139 10888 54
11139 10888 3
11139 10888 25
11139 10887 51
11139 10887 6
11139 10887 57
11139 10887 32
11139 10892 9
11139 10892 39
11139 10892 46
11139 10892 15
11139 10893 22
11139 10893 3
11139 10893 23
11139 10893 20
11139 10897 1
11139 10897 15
11139 10897 16
11139 10897 15
11139 10899 3
11139 10899 54
11139 10899 34
11139 10899 25
11139 10941 4
11139 10941 41
11139 10941 1
11139 10941 53
11139 10938 28
11139 10938 36
11139 10938 31
11139 10938 45
11139 10947 22
11139 10947 6
11139 10947 29
11139 10947 14
11139 10886 3
11139 10886 55
11139 10886 35
11139 10886 0
11139 10865 37
11139 10865 14
11139 10865 55
11139 10865 56
11139 10878 19
11139 10878 21
11139 10878 9
11139 10878 15
11139 10889 28
11139 10889 49
11139 10889 35
11139 10889 11
11139 10891 4
11139 10891 2
11139 10891 34
11139 10891 11
11139 10872 46
11139 10872 0
11139 10872 32
11139 10872 57
11139 10881 50
11139 10881 20
11139 10881 20
11139 10881 12
11139 10902 9
11139 10902 18
11139 10902 57
11139 10902 38
11139 10943 4
11139 10943 19
11139 10943 16
11139 10943 14
11139 10944 58
11139 10944 19
11139 10944 50
11139 10944 29
11139 10946 47
11139 10946 23
11139 10946 55
11139 10946 18
11139 10950 15
11139 10950 45
11139 10950 32
11139 10950 18
11139 10866 21
11139 10866 53
11139 10866 46
11139 10866 34
11139 10784 20
11139 10784 21
11139 10784 25
11139 10784 11
11139 10876 11
11139 10876 10
11139 10876 30
11139 10876 3
11139 10879 15
11139 10879 48
11139 10879 14
11139 10879 20
11043 10896 58
11043 10896 42
11043 10896 43
11043 10896 54
11043 10894 54
11043 10894 33
11043 10894 45
11043 10894 2
11043 10895 50
11043 10895 49
11043 10895 25
11043 10895 24
11043 10937 23
11043 10937 6
11043 10937 19
11043 10937 1
11043 10898 4
11043 10898 29
11043 10898 11
11043 10898 60
11043 10939 23
11043 10939 51
11043 10939 15
11043 10939 40
11043 10940 18
11043 10940 42
11043 10940 37
11043 10940 2
11043 10888 32
11043 10888 21
11043 10888 59
11043 10888 39
11043 10887 60
11043 10887 59
11043 10887 55
11043 10887 9
11043 10892 28
11043 10892 47
11043 10892 49
11043 10892 45
11043 10893 5
11043 10893 47
11043 10893 54
11043 10893 32
11043 10897 42
11043 10897 27
11043 10897 34
11043 10897 32
11043 10899 8
11043 10899 45
11043 10899 2
11043 10899 9
11043 10941 8
11043 10941 4
11043 10941 50
11043 10941 20
11043 10938 23
11043 10938 41
11043 10938 18
11043 10938 3
11043 10947 25
11043 10947 50
11043 10947 49
11043 10947 29
11043 10886 44
11043 10886 40
11043 10886 45
11043 10886 52
11043 10865 29
11043 10865 10
11043 10865 41
11043 10865 53
11043 10878 11
11043 10878 41
11043 10878 56
11043 10878 24
11043 10889 58
11043 10889 33
11043 10889 29
11043 10889 33
11043 10891 27
11043 10891 16
11043 10891 14
11043 10891 15
11043 10872 42
11043 10872 3
11043 10872 24
11043 10872 31
11043 10881 0
11043 10881 15
11043 10881 32
11043 10881 60
11043 10902 49
11043 10902 47
11043 10902 36
11043 10902 49
11043 10943 12
11043 10943 49
11043 10943 0
11043 10943 8
11043 10944 60
11043 10944 35
11043 10944 49
11043 10944 40
11043 10946 18
11043 10946 19
11043 10946 20
11043 10946 33
11043 10950 14
11043 10950 17
11043 10950 38
11043 10950 53
11043 10866 55
11043 10866 15
11043 10866 1
11043 10866 29
11043 10784 22
11043 10784 45
11043 10784 51
11043 10784 18
11043 10876 36
11043 10876 19
11043 10876 30
11043 10876 19
11043 10879 41
11043 10879 39
11043 10879 47
11043 10879 3
11040 10896 48
11040 10896 54
11040 10896 45
11040 10896 39
11040 10894 58
11040 10894 34
11040 10894 8
11040 10894 10
11040 10895 56
11040 10895 17
11040 10895 56
11040 10895 4
11040 10937 34
11040 10937 10
11040 10937 31
11040 10937 28
11040 10898 2
11040 10898 3
11040 10898 51
11040 10898 41
11040 10939 27
11040 10939 52
11040 10939 43
11040 10939 20
11040 10940 40
11040 10940 22
11040 10940 51
11040 10940 28
11040 10888 1
11040 10888 14
11040 10888 31
11040 10888 14
11040 10887 46
11040 10887 58
11040 10887 30
11040 10887 21
11040 10892 17
11040 10892 29
11040 10892 10
11040 10892 36
11040 10893 20
11040 10893 13
11040 10893 9
11040 10893 7
11040 10897 12
11040 10897 28
11040 10897 33
11040 10897 4
11040 10899 37
11040 10899 6
11040 10899 7
11040 10899 2
11040 10941 29
11040 10941 47
11040 10941 59
11040 10941 46
11040 10938 34
11040 10938 11
11040 10938 43
11040 10938 10
11040 10947 60
11040 10947 45
11040 10947 8
11040 10947 13
11040 10886 24
11040 10886 55
11040 10886 13
11040 10886 20
11040 10865 47
11040 10865 28
11040 10865 7
11040 10865 4
11040 10878 19
11040 10878 36
11040 10878 47
11040 10878 21
11040 10889 14
11040 10889 18
11040 10889 29
11040 10889 7
11040 10891 25
11040 10891 6
11040 10891 15
11040 10891 55
11040 10872 38
11040 10872 47
11040 10872 21
11040 10872 10
11040 10881 6
11040 10881 51
11040 10881 2
11040 10881 21
11040 10902 40
11040 10902 36
11040 10902 32
11040 10902 8
11040 10943 31
11040 10943 22
11040 10943 2
11040 10943 54
11040 10944 31
11040 10944 15
11040 10944 6
11040 10944 46
11040 10946 31
11040 10946 10
11040 10946 20
11040 10946 46
11040 10950 49
11040 10950 22
11040 10950 38
11040 10950 52
11040 10866 31
11040 10866 59
11040 10866 55
11040 10866 54
11040 10784 29
11040 10784 21
11040 10784 0
11040 10784 42
11040 10876 2
11040 10876 17
11040 10876 10
11040 10876 37
11040 10879 12
11040 10879 54
11040 10879 35
11040 10879 17
11041 10896 8
11041 10896 15
11041 10896 48
11041 10896 12
11041 10894 55
11041 10894 33
11041 10894 25
11041 10894 9
11041 10895 17
11041 10895 22
11041 10895 2
11041 10895 33
11041 10937 2
11041 10937 54
11041 10937 58
11041 10937 53
11041 10898 27
11041 10898 43
11041 10898 25
11041 10898 17
11041 10939 19
11041 10939 3
11041 10939 11
11041 10939 8
11041 10940 41
11041 10940 60
11041 10940 36
11041 10940 19
11041 10888 22
11041 10888 36
11041 10888 23
11041 10888 33
11041 10887 27
11041 10887 36
11041 10887 6
11041 10887 11
11041 10892 55
11041 10892 35
11041 10892 52
11041 10892 21
11041 10893 21
11041 10893 12
11041 10893 15
11041 10893 36
11041 10897 7
11041 10897 39
11041 10897 60
11041 10897 12
11041 10899 49
11041 10899 21
11041 10899 46
11041 10899 13
11041 10941 56
11041 10941 24
11041 10941 42
11041 10941 59
11041 10938 27
11041 10938 23
11041 10938 34
11041 10938 29
11041 10947 7
11041 10947 3
11041 10947 31
11041 10947 46
11041 10886 5
11041 10886 35
11041 10886 46
11041 10886 0
11041 10865 21
11041 10865 17
11041 10865 36
11041 10865 9
11041 10878 25
11041 10878 37
11041 10878 45
11041 10878 13
11041 10889 36
11041 10889 25
11041 10889 3
11041 10889 50
11041 10891 16
11041 10891 54
11041 10891 8
11041 10891 17
11041 10872 55
11041 10872 4
11041 10872 19
11041 10872 54
11041 10881 28
11041 10881 50
11041 10881 47
11041 10881 6
11041 10902 12
11041 10902 32
11041 10902 21
11041 10902 4
11041 10943 8
11041 10943 56
11041 10943 23
11041 10943 8
11041 10944 3
11041 10944 32
11041 10944 38
11041 10944 55
11041 10946 2
11041 10946 28
11041 10946 22
11041 10946 35
11041 10950 49
11041 10950 44
11041 10950 16
11041 10950 25
11041 10866 8
11041 10866 9
11041 10866 23
11041 10866 57
11041 10784 48
11041 10784 48
11041 10784 32
11041 10784 3
11041 10876 19
11041 10876 2
11041 10876 44
11041 10876 17
11041 10879 49
11041 10879 47
11041 10879 46
11041 10879 29
10970 10896 39
10970 10896 49
10970 10896 16
10970 10896 15
10970 10894 59
10970 10894 13
10970 10894 2
10970 10894 46
10970 10895 28
10970 10895 8
10970 10895 23
10970 10895 47
10970 10937 13
10970 10937 31
10970 10937 12
10970 10937 31
10970 10898 56
10970 10898 59
10970 10898 12
10970 10898 60
10970 10939 18
10970 10939 35
10970 10939 7
10970 10939 26
10970 10940 41
10970 10940 31
10970 10940 49
10970 10940 57
10970 10888 43
10970 10888 2
10970 10888 26
10970 10888 36
10970 10887 27
10970 10887 40
10970 10887 42
10970 10887 42
10970 10892 17
10970 10892 45
10970 10892 51
10970 10892 13
10970 10893 4
10970 10893 56
10970 10893 54
10970 10893 60
10970 10897 49
10970 10897 34
10970 10897 36
10970 10897 15
10970 10899 7
10970 10899 6
10970 10899 20
10970 10899 17
10970 10941 19
10970 10941 1
10970 10941 49
10970 10941 37
10970 10938 16
10970 10938 29
10970 10938 23
10970 10938 42
10970 10947 42
10970 10947 35
10970 10947 8
10970 10947 32
10970 10886 8
10970 10886 42
10970 10886 9
10970 10886 25
10970 10865 57
10970 10865 25
10970 10865 45
10970 10865 56
10970 10878 34
10970 10878 48
10970 10878 37
10970 10878 4
10970 10889 29
10970 10889 19
10970 10889 59
10970 10889 38
10970 10891 58
10970 10891 22
10970 10891 44
10970 10891 1
10970 10872 1
10970 10872 8
10970 10872 50
10970 10872 29
10970 10881 46
10970 10881 46
10970 10881 10
10970 10881 23
10970 10902 1
10970 10902 24
10970 10902 55
10970 10902 10
10970 10943 41
10970 10943 41
10970 10943 1
10970 10943 25
10970 10944 56
10970 10944 38
10970 10944 59
10970 10944 12
10970 10946 55
10970 10946 12
10970 10946 29
10970 10946 50
10970 10950 58
10970 10950 9
10970 10950 27
10970 10950 39
10970 10866 38
10970 10866 44
10970 10866 56
10970 10866 54
10970 10784 23
10970 10784 50
10970 10784 38
10970 10784 56
10970 10876 50
10970 10876 53
10970 10876 20
10970 10876 55
10970 10879 0
10970 10879 34
10970 10879 44
10970 10879 21
10962 10896 24
10962 10896 53
10962 10896 54
10962 10896 10
10962 10894 16
10962 10894 46
10962 10894 26
10962 10894 12
10962 10895 35
10962 10895 32
10962 10895 51
10962 10895 32
10962 10937 56
10962 10937 15
10962 10937 54
10962 10937 44
10962 10898 24
10962 10898 2
10962 10898 54
10962 10898 25
10962 10939 57
10962 10939 13
10962 10939 17
10962 10939 55
10962 10940 60
10962 10940 59
10962 10940 15
10962 10940 54
10962 10888 44
10962 10888 18
10962 10888 36
10962 10888 23
10962 10887 21
10962 10887 50
10962 10887 36
10962 10887 4
10962 10892 58
10962 10892 42
10962 10892 52
10962 10892 52
10962 10893 9
10962 10893 3
10962 10893 57
10962 10893 21
10962 10897 6
10962 10897 55
10962 10897 1
10962 10897 18
10962 10899 16
10962 10899 27
10962 10899 25
10962 10899 49
10962 10941 6
10962 10941 17
10962 10941 3
10962 10941 34
10962 10938 30
10962 10938 6
10962 10938 55
10962 10938 25
10962 10947 41
10962 10947 12
10962 10947 40
10962 10947 43
10962 10886 48
10962 10886 0
10962 10886 28
10962 10886 23
10962 10865 9
10962 10865 24
10962 10865 39
10962 10865 27
10962 10878 20
10962 10878 53
10962 10878 45
10962 10878 49
10962 10889 22
10962 10889 56
10962 10889 38
10962 10889 49
10962 10891 15
10962 10891 59
10962 10891 40
10962 10891 33
10962 10872 43
10962 10872 56
10962 10872 19
10962 10872 23
10962 10881 49
10962 10881 3
10962 10881 45
10962 10881 10
10962 10902 14
10962 10902 19
10962 10902 54
10962 10902 44
10962 10943 26
10962 10943 13
10962 10943 11
10962 10943 59
10962 10944 13
10962 10944 57
10962 10944 19
10962 10944 24
10962 10946 58
10962 10946 0
10962 10946 54
10962 10946 0
10962 10950 9
10962 10950 11
10962 10950 14
10962 10950 10
10962 10866 22
10962 10866 54
10962 10866 28
10962 10866 6
10962 10784 39
10962 10784 12
10962 10784 4
10962 10784 16
10962 10876 41
10962 10876 44
10962 10876 20
10962 10876 41
10962 10879 5
10962 10879 50
10962 10879 30
10962 10879 5
10969 10896 12
10969 10896 20
10969 10896 7
10969 10896 14
10969 10894 17
10969 10894 3
10969 10894 1
10969 10894 59
10969 10895 57
10969 10895 15
10969 10895 2
10969 10895 42
10969 10937 8
10969 10937 30
10969 10937 33
10969 10937 22
10969 10898 10
10969 10898 47
10969 10898 2
10969 10898 45
10969 10939 13
10969 10939 16
10969 10939 9
10969 10939 15
10969 10940 49
10969 10940 49
10969 10940 22
10969 10940 41
10969 10888 17
10969 10888 31
10969 10888 60
10969 10888 54
10969 10887 21
10969 10887 17
10969 10887 14
10969 10887 12
10969 10892 53
10969 10892 50
10969 10892 58
10969 10892 5
10969 10893 52
10969 10893 0
10969 10893 42
10969 10893 58
10969 10897 16
10969 10897 41
10969 10897 24
10969 10897 5
10969 10899 57
10969 10899 53
10969 10899 54
10969 10899 51
10969 10941 55
10969 10941 22
10969 10941 2
10969 10941 6
10969 10938 18
10969 10938 38
10969 10938 5
10969 10938 54
10969 10947 38
10969 10947 8
10969 10947 60
10969 10947 3
10969 10886 32
10969 10886 27
10969 10886 29
10969 10886 47
10969 10865 51
10969 10865 0
10969 10865 33
10969 10865 31
10969 10878 37
10969 10878 22
10969 10878 51
10969 10878 36
10969 10889 8
10969 10889 2
10969 10889 46
10969 10889 24
10969 10891 56
10969 10891 48
10969 10891 2
10969 10891 17
10969 10872 49
10969 10872 35
10969 10872 2
10969 10872 44
10969 10881 47
10969 10881 15
10969 10881 38
10969 10881 7
10969 10902 54
10969 10902 15
10969 10902 9
10969 10902 34
10969 10943 49
10969 10943 18
10969 10943 20
10969 10943 42
10969 10944 49
10969 10944 26
10969 10944 19
10969 10944 59
10969 10946 1
10969 10946 6
10969 10946 45
10969 10946 41
10969 10950 39
10969 10950 9
10969 10950 44
10969 10950 54
10969 10866 42
10969 10866 26
10969 10866 56
10969 10866 42
10969 10784 41
10969 10784 50
10969 10784 15
10969 10784 33
10969 10876 20
10969 10876 19
10969 10876 43
10969 10876 55
10969 10879 51
10969 10879 54
10969 10879 31
10969 10879 32
10976 10896 59
10976 10896 49
10976 10896 32
10976 10896 15
10976 10894 16
10976 10894 34
10976 10894 60
10976 10894 17
10976 10895 0
10976 10895 50
10976 10895 45
10976 10895 18
10976 10937 15
10976 10937 27
10976 10937 9
10976 10937 2
10976 10898 14
10976 10898 50
10976 10898 30
10976 10898 14
10976 10939 3
10976 10939 11
10976 10939 21
10976 10939 26
10976 10940 43
10976 10940 16
10976 10940 38
10976 10940 23
10976 10888 37
10976 10888 32
10976 10888 45
10976 10888 12
10976 10887 55
10976 10887 43
10976 10887 41
10976 10887 48
10976 10892 46
10976 10892 30
10976 10892 15
10976 10892 55
10976 10893 41
10976 10893 40
10976 10893 34
10976 10893 17
10976 10897 32
10976 10897 57
10976 10897 11
10976 10897 25
10976 10899 39
10976 10899 47
10976 10899 16
10976 10899 34
10976 10941 21
10976 10941 17
10976 10941 35
10976 10941 43
10976 10938 35
10976 10938 49
10976 10938 15
10976 10938 26
10976 10947 47
10976 10947 45
10976 10947 48
10976 10947 8
10976 10886 26
10976 10886 44
10976 10886 9
10976 10886 40
10976 10865 33
10976 10865 52
10976 10865 9
10976 10865 31
10976 10878 39
10976 10878 42
10976 10878 18
10976 10878 2
10976 10889 30
10976 10889 39
10976 10889 28
10976 10889 21
10976 10891 34
10976 10891 46
10976 10891 35
10976 10891 18
10976 10872 29
10976 10872 8
10976 10872 41
10976 10872 58
10976 10881 10
10976 10881 26
10976 10881 7
10976 10881 28
10976 10902 23
10976 10902 40
10976 10902 43
10976 10902 36
10976 10943 35
10976 10943 23
10976 10943 7
10976 10943 50
10976 10944 59
10976 10944 11
10976 10944 3
10976 10944 29
10976 10946 18
10976 10946 51
10976 10946 50
10976 10946 20
10976 10950 1
10976 10950 26
10976 10950 1
10976 10950 24
10976 10866 47
10976 10866 48
10976 10866 8
10976 10866 53
10976 10784 19
10976 10784 0
10976 10784 4
10976 10784 13
10976 10876 23
10976 10876 41
10976 10876 11
10976 10876 3
10976 10879 18
10976 10879 57
10976 10879 24
10976 10879 50
11140 10896 6
11140 10896 43
11140 10896 22
11140 10896 0
11140 10894 46
11140 10894 9
11140 10894 19
11140 10894 16
11140 10895 5
11140 10895 29
11140 10895 26
11140 10895 44
11140 10937 55
11140 10937 23
11140 10937 42
11140 10937 0
11140 10898 5
11140 10898 7
11140 10898 7
11140 10898 10
11140 10939 57
11140 10939 41
11140 10939 60
11140 10939 52
11140 10940 22
11140 10940 53
11140 10940 48
11140 10940 19
11140 10888 53
11140 10888 7
11140 10888 26
11140 10888 13
11140 10887 13
11140 10887 56
11140 10887 12
11140 10887 20
11140 10892 8
11140 10892 19
11140 10892 39
11140 10892 43
11140 10893 13
11140 10893 42
11140 10893 16
11140 10893 12
11140 10897 60
11140 10897 27
11140 10897 38
11140 10897 49
11140 10899 59
11140 10899 51
11140 10899 6
11140 10899 7
11140 10941 25
11140 10941 4
11140 10941 52
11140 10941 29
11140 10938 9
11140 10938 28
11140 10938 58
11140 10938 19
11140 10947 23
11140 10947 49
11140 10947 32
11140 10947 10
11140 10886 23
11140 10886 31
11140 10886 27
11140 10886 59
11140 10865 46
11140 10865 50
11140 10865 53
11140 10865 28
11140 10878 14
11140 10878 9
11140 10878 44
11140 10878 4
11140 10889 16
11140 10889 58
11140 10889 18
11140 10889 1
11140 10891 17
11140 10891 3
11140 10891 5
11140 10891 13
11140 10872 4
11140 10872 15
11140 10872 45
11140 10872 21
11140 10881 41
11140 10881 36
11140 10881 15
11140 10881 1
11140 10902 34
11140 10902 50
11140 10902 54
11140 10902 10
11140 10943 16
11140 10943 49
11140 10943 7
11140 10943 57
11140 10944 49
11140 10944 29
11140 10944 45
11140 10944 35
11140 10946 21
11140 10946 54
11140 10946 52
11140 10946 55
11140 10950 23
11140 10950 53
11140 10950 24
11140 10950 16
11140 10866 11
11140 10866 4
11140 10866 11
11140 10866 44
11140 10784 48
11140 10784 52
11140 10784 16
11140 10784 21
11140 10876 21
11140 10876 15
11140 10876 38
11140 10876 40
11140 10879 34
11140 10879 28
11140 10879 55
11140 10879 42
11136 10896 46
11136 10896 24
11136 10896 34
11136 10896 10
11136 10894 1
11136 10894 49
11136 10894 0
11136 10894 45
11136 10895 51
11136 10895 24
11136 10895 46
11136 10895 57
11136 10937 56
11136 10937 19
11136 10937 6
11136 10937 4
11136 10898 52
11136 10898 33
11136 10898 23
11136 10898 25
11136 10939 47
11136 10939 54
11136 10939 20
11136 10939 18
11136 10940 2
11136 10940 36
11136 10940 29
11136 10940 27
11136 10888 14
11136 10888 52
11136 10888 40
11136 10888 15
11136 10887 48
11136 10887 13
11136 10887 16
11136 10887 60
11136 10892 43
11136 10892 4
11136 10892 8
11136 10892 40
11136 10893 10
11136 10893 27
11136 10893 46
11136 10893 48
11136 10897 19
11136 10897 36
11136 10897 46
11136 10897 17
11136 10899 51
11136 10899 12
11136 10899 52
11136 10899 13
11136 10941 25
11136 10941 34
11136 10941 11
11136 10941 18
11136 10938 23
11136 10938 23
11136 10938 21
11136 10938 26
11136 10947 40
11136 10947 52
11136 10947 51
11136 10947 40
11136 10886 32
11136 10886 44
11136 10886 35
11136 10886 45
11136 10865 0
11136 10865 4
11136 10865 3
11136 10865 38
11136 10878 33
11136 10878 0
11136 10878 46
11136 10878 42
11136 10889 17
11136 10889 49
11136 10889 30
11136 10889 52
11136 10891 52
11136 10891 32
11136 10891 33
11136 10891 58
11136 10872 44
11136 10872 13
11136 10872 10
11136 10872 50
11136 10881 40
11136 10881 59
11136 10881 0
11136 10881 26
11136 10902 3
11136 10902 54
11136 10902 59
11136 10902 23
11136 10943 60
11136 10943 36
11136 10943 57
11136 10943 0
11136 10944 25
11136 10944 19
11136 10944 45
11136 10944 51
11136 10946 12
11136 10946 6
11136 10946 52
11136 10946 27
11136 10950 52
11136 10950 0
11136 10950 55
11136 10950 23
11136 10866 31
11136 10866 35
11136 10866 60
11136 10866 55
11136 10784 44
11136 10784 59
11136 10784 31
11136 10784 60
11136 10876 47
11136 10876 47
11136 10876 27
11136 10876 21
11136 10879 1
11136 10879 41
11136 10879 1
11136 10879 13
11108 10896 54
11108 10896 44
11108 10896 49
11108 10896 11
11108 10894 16
11108 10894 58
11108 10894 4
11108 10894 33
11108 10895 4
11108 10895 19
11108 10895 58
11108 10895 18
11108 10937 11
11108 10937 22
11108 10937 37
11108 10937 22
11108 10898 19
11108 10898 37
11108 10898 58
11108 10898 15
11108 10939 33
11108 10939 49
11108 10939 13
11108 10939 7
11108 10940 15
11108 10940 41
11108 10940 23
11108 10940 39
11108 10888 21
11108 10888 30
11108 10888 59
11108 10888 23
11108 10887 0
11108 10887 53
11108 10887 16
11108 10887 1
11108 10892 34
11108 10892 57
11108 10892 7
11108 10892 59
11108 10893 53
11108 10893 19
11108 10893 18
11108 10893 49
11108 10897 9
11108 10897 31
11108 10897 43
11108 10897 30
11108 10899 20
11108 10899 8
11108 10899 18
11108 10899 56
11108 10941 8
11108 10941 15
11108 10941 24
11108 10941 10
11108 10938 4
11108 10938 21
11108 10938 48
11108 10938 25
11108 10947 10
11108 10947 13
11108 10947 51
11108 10947 54
11108 10886 31
11108 10886 22
11108 10886 8
11108 10886 44
11108 10865 0
11108 10865 2
11108 10865 29
11108 10865 55
11108 10878 27
11108 10878 13
11108 10878 46
11108 10878 31
11108 10889 20
11108 10889 42
11108 10889 37
11108 10889 45
11108 10891 55
11108 10891 34
11108 10891 27
11108 10891 35
11108 10872 12
11108 10872 8
11108 10872 35
11108 10872 53
11108 10881 3
11108 10881 44
11108 10881 0
11108 10881 39
11108 10902 31
11108 10902 55
11108 10902 24
11108 10902 3
11108 10943 0
11108 10943 60
11108 10943 48
11108 10943 35
11108 10944 18
11108 10944 6
11108 10944 41
11108 10944 12
11108 10946 29
11108 10946 14
11108 10946 23
11108 10946 19
11108 10950 29
11108 10950 10
11108 10950 29
11108 10950 38
11108 10866 23
11108 10866 10
11108 10866 13
11108 10866 11
11108 10784 18
11108 10784 11
11108 10784 55
11108 10784 39
11108 10876 24
11108 10876 9
11108 10876 40
11108 10876 36
11108 10879 18
11108 10879 30
11108 10879 27
11108 10879 22
