7684 6475 57
7684 6474 20
7684 6473 44
7684 6483 3
7684 6472 45
7684 6476 17
7684 6463 37
7684 6481 36
7684 6484 11
7684 6471 52
7684 6485 42
7684 6477 34
7684 6490 30
7684 6461 21
7684 6464 14
7684 6479 14
7684 6482 17
7684 6470 32
7684 6486 51
7684 6488 16
7684 6498 30
7684 6478 31
7684 6426 1
7684 6504 25
7684 6489 6
7684 6503 23
7684 6505 29
7684 6309 42
7684 6462 54
7684 6467 18
7684 6480 25
7684 6469 1
7683 6475 60
7683 6474 60
7683 6473 46
7683 6483 18
7683 6472 49
7683 6476 57
7683 6463 21
7683 6481 53
7683 6484 3
7683 6471 48
7683 6485 29
7683 6477 41
7683 6490 18
7683 6461 25
7683 6464 46
7683 6479 46
7683 6482 54
7683 6470 5
7683 6486 30
7683 6488 17
7683 6498 11
7683 6478 20
7683 6426 31
7683 6504 40
7683 6489 56
7683 6503 29
7683 6505 50
7683 6309 39
7683 6462 25
7683 6467 38
7683 6480 36
7683 6469 60
7677 6475 59
7677 6474 37
7677 6473 24
7677 6483 1
7677 6472 42
7677 6476 6
7677 6463 11
7677 6481 36
7677 6484 34
7677 6471 56
7677 6485 7
7677 6477 8
7677 6490 21
7677 6461 0
7677 6464 4
7677 6479 31
7677 6482 40
7677 6470 17
7677 6486 18
7677 6488 52
7677 6498 37
7677 6478 18
7677 6426 58
7677 6504 12
7677 6489 53
7677 6503 2
7677 6505 42
7677 6309 6
7677 6462 3
7677 6467 57
7677 6480 38
7677 6469 20
7686 6475 9
7686 6474 55
7686 6473 46
7686 6483 23
7686 6472 28
7686 6476 20
7686 6463 5
7686 6481 31
7686 6484 42
7686 6471 53
7686 6485 2
7686 6477 6
7686 6490 48
7686 6461 29
7686 6464 4
7686 6479 4
7686 6482 41
7686 6470 0
7686 6486 5
7686 6488 10
7686 6498 49
7686 6478 11
7686 6426 7
7686 6504 60
7686 6489 54
7686 6503 46
7686 6505 14
7686 6309 41
7686 6462 6
7686 6467 37
7686 6480 34
7686 6469 37
9673 6475 57
9673 6474 53
9673 6473 22
9673 6483 50
9673 6472 3
9673 6476 18
9673 6463 52
9673 6481 51
9673 6484 35
9673 6471 6
9673 6485 43
9673 6477 35
9673 6490 22
9673 6461 27
9673 6464 0
9673 6479 12
9673 6482 42
9673 6470 42
9673 6486 15
9673 6488 58
9673 6498 53
9673 6478 50
9673 6426 8
9673 6504 46
9673 6489 4
9673 6503 21
9673 6505 54
9673 6309 24
9673 6462 11
9673 6467 10
9673 6480 25
9673 6469 43
7682 6475 17
7682 6474 10
7682 6473 28
7682 6483 14
7682 6472 21
7682 6476 36
7682 6463 47
7682 6481 5
7682 6484 42
7682 6471 39
7682 6485 26
7682 6477 6
7682 6490 44
7682 6461 10
7682 6464 7
7682 6479 51
7682 6482 26
7682 6470 2
7682 6486 56
7682 6488 12
7682 6498 27
7682 6478 40
7682 6426 0
7682 6504 5
7682 6489 53
7682 6503 40
7682 6505 38
7682 6309 3
7682 6462 39
7682 6467 42
7682 6480 60
7682 6469 9
6518 6475 17
6518 6474 3
6518 6473 30
6518 6483 50
6518 6472 2
6518 6476 11
6518 6463 35
6518 6481 17
6518 6484 27
6518 6471 27
6518 6485 42
6518 6477 3
6518 6490 11
6518 6461 20
6518 6464 26
6518 6479 13
6518 6482 34
6518 6470 60
6518 6486 25
6518 6488 19
6518 6498 10
6518 6478 2
6518 6426 34
6518 6504 44
6518 6489 52
6518 6503 54
6518 6505 5
6518 6309 27
6518 6462 4
6518 6467 23
6518 6480 12
6518 6469 25
7676 6475 34
7676 6474 3
7676 6473 21
7676 6483 13
7676 6472 36
7676 6476 20
7676 6463 51
7676 6481 51
7676 6484 45
7676 6471 49
7676 6485 23
7676 6477 2
7676 6490 37
7676 6461 24
7676 6464 10
7676 6479 18
7676 6482 49
7676 6470 0
7676 6486 16
7676 6488 58
7676 6498 26
7676 6478 11
7676 6426 47
7676 6504 50
7676 6489 6
7676 6503 44
7676 6505 5
7676 6309 33
7676 6462 8
7676 6467 31
7676 6480 15
7676 6469 55
6520 6475 29
6520 6474 7
6520 6473 39
6520 6483 3
6520 6472 27
6520 6476 16
6520 6463 29
6520 6481 35
6520 6484 17
6520 6471 33
6520 6485 32
6520 6477 22
6520 6490 15
6520 6461 32
6520 6464 39
6520 6479 1
6520 6482 14
6520 6470 14
6520 6486 47
6520 6488 19
6520 6498 24
6520 6478 15
6520 6426 17
6520 6504 53
6520 6489 41
6520 6503 22
6520 6505 50
6520 6309 31
6520 6462 30
6520 6467 27
6520 6480 27
6520 6469 26
7685 6475 59
7685 6474 52
7685 6473 47
7685 6483 20
7685 6472 50
7685 6476 4
7685 6463 60
7685 6481 52
7685 6484 57
7685 6471 49
7685 6485 45
7685 6477 22
7685 6490 58
7685 6461 23
7685 6464 20
7685 6479 36
7685 6482 27
7685 6470 13
7685 6486 23
7685 6488 58
7685 6498 17
7685 6478 48
7685 6426 11
7685 6504 27
7685 6489 26
7685 6503 33
7685 6505 57
7685 6309 5
7685 6462 40
7685 6467 24
7685 6480 4
7685 6469 32
5925 6475 35
5925 6474 40
5925 6473 60
5925 6483 35
5925 6472 18
5925 6476 25
5925 6463 19
5925 6481 19
5925 6484 45
5925 6471 46
5925 6485 44
5925 6477 50
5925 6490 39
5925 6461 45
5925 6464 42
5925 6479 9
5925 6482 3
5925 6470 3
5925 6486 49
5925 6488 37
5925 6498 45
5925 6478 38
5925 6426 16
5925 6504 32
5925 6489 0
5925 6503 15
5925 6505 20
5925 6309 2
5925 6462 31
5925 6467 3
5925 6480 35
5925 6469 58
9671 6475 59
9671 6474 49
9671 6473 24
9671 6483 23
9671 6472 51
9671 6476 60
9671 6463 9
9671 6481 1
9671 6484 22
9671 6471 21
9671 6485 0
9671 6477 33
9671 6490 32
9671 6461 38
9671 6464 54
9671 6479 53
9671 6482 27
9671 6470 20
9671 6486 30
9671 6488 24
9671 6498 31
9671 6478 42
9671 6426 22
9671 6504 39
9671 6489 39
9671 6503 58
9671 6505 26
9671 6309 43
9671 6462 47
9671 6467 0
9671 6480 34
9671 6469 21
9672 6475 54
9672 6474 24
9672 6473 20
9672 6483 58
9672 6472 30
9672 6476 60
9672 6463 2
9672 6481 45
9672 6484 19
9672 6471 60
9672 6485 59
9672 6477 2
9672 6490 47
9672 6461 30
9672 6464 32
9672 6479 31
9672 6482 33
9672 6470 4
9672 6486 22
9672 6488 28
9672 6498 58
9672 6478 5
9672 6426 5
9672 6504 36
9672 6489 55
9672 6503 43
9672 6505 31
9672 6309 35
9672 6462 45
9672 6467 4
9672 6480 32
9672 6469 52
9674 6475 43
9674 6474 46
9674 6473 10
9674 6483 0
9674 6472 39
9674 6476 36
9674 6463 56
9674 6481 18
9674 6484 6
9674 6471 5
9674 6485 19
9674 6477 47
9674 6490 0
9674 6461 41
9674 6464 26
9674 6479 22
9674 6482 20
9674 6470 28
9674 6486 27
9674 6488 20
9674 6498 53
9674 6478 45
9674 6426 39
9674 6504 39
9674 6489 52
9674 6503 1
9674 6505 10
9674 6309 28
9674 6462 58
9674 6467 1
9674 6480 20
9674 6469 4
6517 6475 35
6517 6474 4
6517 6473 18
6517 6483 28
6517 6472 17
6517 6476 42
6517 6463 38
6517 6481 41
6517 6484 44
6517 6471 11
6517 6485 35
6517 6477 21
6517 6490 15
6517 6461 8
6517 6464 30
6517 6479 36
6517 6482 47
6517 6470 37
6517 6486 58
6517 6488 50
6517 6498 4
6517 6478 50
6517 6426 8
6517 6504 43
6517 6489 42
6517 6503 27
6517 6505 19
6517 6309 51
6517 6462 0
6517 6467 48
6517 6480 47
6517 6469 59
9675 6475 60
9675 6474 18
9675 6473 6
9675 6483 1
9675 6472 38
9675 6476 15
9675 6463 15
9675 6481 56
9675 6484 13
9675 6471 57
9675 6485 31
9675 6477 12
9675 6490 0
9675 6461 49
9675 6464 44
9675 6479 5
9675 6482 31
9675 6470 51
9675 6486 56
9675 6488 44
9675 6498 46
9675 6478 12
9675 6426 9
9675 6504 31
9675 6489 19
9675 6503 55
9675 6505 47
9675 6309 19
9675 6462 32
9675 6467 4
9675 6480 23
9675 6469 18
6519 6475 23
6519 6474 48
6519 6473 3
6519 6483 28
6519 6472 39
6519 6476 54
6519 6463 46
6519 6481 18
6519 6484 59
6519 6471 33
6519 6485 47
6519 6477 17
6519 6490 1
6519 6461 57
6519 6464 56
6519 6479 32
6519 6482 36
6519 6470 25
6519 6486 12
6519 6488 46
6519 6498 50
6519 6478 5
6519 6426 30
6519 6504 4
6519 6489 56
6519 6503 58
6519 6505 13
6519 6309 55
6519 6462 52
6519 6467 7
6519 6480 14
6519 6469 25
6521 6475 7
6521 6474 40
6521 6473 5
6521 6483 11
6521 6472 40
6521 6476 3
6521 6463 41
6521 6481 21
6521 6484 3
6521 6471 28
6521 6485 21
6521 6477 57
6521 6490 33
6521 6461 47
6521 6464 21
6521 6479 8
6521 6482 30
6521 6470 39
6521 6486 59
6521 6488 30
6521 6498 36
6521 6478 4
6521 6426 34
6521 6504 2
6521 6489 52
6521 6503 37
6521 6505 35
6521 6309 23
6521 6462 46
6521 6467 32
6521 6480 21
6521 6469 41
6578 6475 33
6578 6474 47
6578 6473 7
6578 6483 29
6578 6472 45
6578 6476 40
6578 6463 24
6578 6481 27
6578 6484 27
6578 6471 24
6578 6485 1
6578 6477 19
6578 6490 18
6578 6461 40
6578 6464 0
6578 6479 2
6578 6482 32
6578 6470 30
6578 6486 24
6578 6488 32
6578 6498 26
6578 6478 32
6578 6426 5
6578 6504 14
6578 6489 28
6578 6503 20
6578 6505 28
6578 6309 55
6578 6462 31
6578 6467 23
6578 6480 35
6578 6469 2
7687 6475 44
7687 6474 3
7687 6473 1
7687 6483 0
7687 6472 47
7687 6476 32
7687 6463 45
7687 6481 17
7687 6484 19
7687 6471 47
7687 6485 12
7687 6477 56
7687 6490 16
7687 6461 28
7687 6464 49
7687 6479 16
7687 6482 44
7687 6470 36
7687 6486 18
7687 6488 24
7687 6498 60
7687 6478 55
7687 6426 56
7687 6504 6
7687 6489 35
7687 6503 8
7687 6505 33
7687 6309 50
7687 6462 48
7687 6467 24
7687 6480 38
7687 6469 27
6510 6475 23
6510 6474 58
6510 6473 28
6510 6483 30
6510 6472 8
6510 6476 14
6510 6463 19
6510 6481 60
6510 6484 55
6510 6471 6
6510 6485 1
6510 6477 46
6510 6490 47
6510 6461 12
6510 6464 44
6510 6479 54
6510 6482 51
6510 6470 21
6510 6486 10
6510 6488 1
6510 6498 22
6510 6478 25
6510 6426 50
6510 6504 37
6510 6489 57
6510 6503 56
6510 6505 20
6510 6309 5
6510 6462 35
6510 6467 37
6510 6480 52
6510 6469 30
7701 6475 50
7701 6474 53
7701 6473 32
7701 6483 38
7701 6472 56
7701 6476 35
7701 6463 10
7701 6481 0
7701 6484 22
7701 6471 17
7701 6485 45
7701 6477 1
7701 6490 7
7701 6461 42
7701 6464 17
7701 6479 13
7701 6482 57
7701 6470 16
7701 6486 25
7701 6488 22
7701 6498 9
7701 6478 51
7701 6426 18
7701 6504 41
7701 6489 14
7701 6503 41
7701 6505 42
7701 6309 57
7701 6462 53
7701 6467 30
7701 6480 31
7701 6469 5
5924 6475 43
5924 6474 7
5924 6473 20
5924 6483 59
5924 6472 0
5924 6476 3
5924 6463 37
5924 6481 15
5924 6484 57
5924 6471 60
5924 6485 60
5924 6477 3
5924 6490 54
5924 6461 58
5924 6464 12
5924 6479 6
5924 6482 5
5924 6470 3
5924 6486 27
5924 6488 59
5924 6498 15
5924 6478 53
5924 6426 55
5924 6504 54
5924 6489 32
5924 6503 52
5924 6505 32
5924 6309 6
5924 6462 45
5924 6467 3
5924 6480 59
5924 6469 5
5923 6475 58
5923 6474 57
5923 6473 18
5923 6483 21
5923 6472 20
5923 6476 16
5923 6463 57
5923 6481 49
5923 6484 9
5923 6471 55
5923 6485 7
5923 6477 32
5923 6490 37
5923 6461 43
5923 6464 30
5923 6479 58
5923 6482 22
5923 6470 39
5923 6486 20
5923 6488 17
5923 6498 14
5923 6478 2
5923 6426 55
5923 6504 32
5923 6489 0
5923 6503 50
5923 6505 21
5923 6309 11
5923 6462 27
5923 6467 57
5923 6480 27
5923 6469 48
9669 6475 28
9669 6474 23
9669 6473 55
9669 6483 47
9669 6472 50
9669 6476 24
9669 6463 54
9669 6481 22
9669 6484 6
9669 6471 36
9669 6485 51
9669 6477 37
9669 6490 25
9669 6461 36
9669 6464 1
9669 6479 24
9669 6482 39
9669 6470 14
9669 6486 52
9669 6488 11
9669 6498 31
9669 6478 40
9669 6426 27
9669 6504 3
9669 6489 39
9669 6503 12
9669 6505 15
9669 6309 7
9669 6462 51
9669 6467 41
9669 6480 38
9669 6469 28
6515 6475 51
6515 6474 36
6515 6473 2
6515 6483 8
6515 6472 0
6515 6476 3
6515 6463 5
6515 6481 1
6515 6484 43
6515 6471 42
6515 6485 37
6515 6477 21
6515 6490 60
6515 6461 38
6515 6464 23
6515 6479 46
6515 6482 24
6515 6470 36
6515 6486 23
6515 6488 59
6515 6498 0
6515 6478 16
6515 6426 8
6515 6504 54
6515 6489 45
6515 6503 27
6515 6505 36
6515 6309 8
6515 6462 47
6515 6467 26
6515 6480 35
6515 6469 13
6514 6475 17
6514 6474 60
6514 6473 49
6514 6483 39
6514 6472 5
6514 6476 2
6514 6463 3
6514 6481 32
6514 6484 28
6514 6471 10
6514 6485 43
6514 6477 59
6514 6490 6
6514 6461 59
6514 6464 53
6514 6479 8
6514 6482 15
6514 6470 39
6514 6486 30
6514 6488 47
6514 6498 16
6514 6478 4
6514 6426 0
6514 6504 54
6514 6489 0
6514 6503 53
6514 6505 42
6514 6309 52
6514 6462 7
6514 6467 34
6514 6480 10
6514 6469 3
9670 6475 40
9670 6474 50
9670 6473 6
9670 6483 0
9670 6472 42
9670 6476 3
9670 6463 50
9670 6481 10
9670 6484 26
9670 6471 7
9670 6485 57
9670 6477 37
9670 6490 19
9670 6461 14
9670 6464 54
9670 6479 7
9670 6482 27
9670 6470 23
9670 6486 56
9670 6488 0
9670 6498 21
9670 6478 45
9670 6426 4
9670 6504 56
9670 6489 11
9670 6503 17
9670 6505 56
9670 6309 22
9670 6462 59
9670 6467 2
9670 6480 56
9670 6469 51
6513 6475 13
6513 6474 55
6513 6473 58
6513 6483 8
6513 6472 55
6513 6476 56
6513 6463 53
6513 6481 22
6513 6484 38
6513 6471 2
6513 6485 3
6513 6477 27
6513 6490 32
6513 6461 11
6513 6464 54
6513 6479 15
6513 6482 51
6513 6470 15
6513 6486 31
6513 6488 50
6513 6498 59
6513 6478 48
6513 6426 30
6513 6504 45
6513 6489 13
6513 6503 12
6513 6505 43
6513 6309 36
6513 6462 40
6513 6467 21
6513 6480 11
6513 6469 30
6508 6475 40
6508 6474 5
6508 6473 51
6508 6483 16
6508 6472 4
6508 6476 12
6508 6463 57
6508 6481 9
6508 6484 51
6508 6471 22
6508 6485 21
6508 6477 19
6508 6490 30
6508 6461 55
6508 6464 11
6508 6479 57
6508 6482 12
6508 6470 26
6508 6486 17
6508 6488 38
6508 6498 4
6508 6478 38
6508 6426 9
6508 6504 42
6508 6489 21
6508 6503 49
6508 6505 22
6508 6309 52
6508 6462 24
6508 6467 46
6508 6480 12
6508 6469 57
6576 6475 15
6576 6474 8
6576 6473 49
6576 6483 25
6576 6472 57
6576 6476 4
6576 6463 20
6576 6481 15
6576 6484 0
6576 6471 8
6576 6485 3
6576 6477 46
6576 6490 59
6576 6461 7
6576 6464 54
6576 6479 39
6576 6482 29
6576 6470 29
6576 6486 25
6576 6488 4
6576 6498 34
6576 6478 32
6576 6426 25
6576 6504 45
6576 6489 9
6576 6503 21
6576 6505 43
6576 6309 55
6576 6462 29
6576 6467 60
6576 6480 48
6576 6469 52
6577 6475 34
6577 6474 28
6577 6473 36
6577 6483 20
6577 6472 20
6577 6476 39
6577 6463 46
6577 6481 32
6577 6484 15
6577 6471 53
6577 6485 35
6577 6477 46
6577 6490 11
6577 6461 31
6577 6464 22
6577 6479 10
6577 6482 51
6577 6470 34
6577 6486 5
6577 6488 37
6577 6498 33
6577 6478 58
6577 6426 49
6577 6504 7
6577 6489 14
6577 6503 36
6577 6505 30
6577 6309 57
6577 6462 58
6577 6467 37
6577 6480 35
6577 6469 0
