6099 7407 2
6099 7406 40
6099 7405 57
6099 7414 49
6099 8339 42
6099 7423 31
6099 7404 12
6099 7409 5
6099 7413 20
6099 7417 46
6099 7425 29
6099 9172 19
6099 9812 34
6099 8340 17
6099 9810 11
6099 7422 31
6099 7419 53
6099 7408 58
6099 7418 54
6099 7416 5
6099 7424 56
6099 7415 34
6099 7428 5
6099 9171 2
6099 9173 12
6099 9813 23
6099 8341 8
6099 9811 20
6099 9820 47
6099 7394 22
6099 7470 18
6099 7395 50
6097 7407 16
6097 7406 25
6097 7405 59
6097 7414 25
6097 8339 16
6097 7423 48
6097 7404 39
6097 7409 51
6097 7413 59
6097 7417 52
6097 7425 3
6097 9172 30
6097 9812 32
6097 8340 1
6097 9810 57
6097 7422 23
6097 7419 50
6097 7408 27
6097 7418 37
6097 7416 3
6097 7424 15
6097 7415 28
6097 7428 16
6097 9171 5
6097 9173 17
6097 9813 36
6097 8341 13
6097 9811 30
6097 9820 11
6097 7394 38
6097 7470 57
6097 7395 14
5969 7407 48
5969 7406 11
5969 7405 47
5969 7414 33
5969 8339 30
5969 7423 53
5969 7404 43
5969 7409 13
5969 7413 49
5969 7417 28
5969 7425 4
5969 9172 25
5969 9812 44
5969 8340 56
5969 9810 60
5969 7422 28
5969 7419 36
5969 7408 59
5969 7418 31
5969 7416 30
5969 7424 17
5969 7415 49
5969 7428 26
5969 9171 56
5969 9173 32
5969 9813 15
5969 8341 29
5969 9811 60
5969 9820 7
5969 7394 34
5969 7470 60
5969 7395 9
6434 7407 2
6434 7406 28
6434 7405 53
6434 7414 44
6434 8339 0
6434 7423 26
6434 7404 48
6434 7409 3
6434 7413 37
6434 7417 18
6434 7425 21
6434 9172 33
6434 9812 22
6434 8340 35
6434 9810 1
6434 7422 45
6434 7419 58
6434 7408 37
6434 7418 40
6434 7416 38
6434 7424 49
6434 7415 29
6434 7428 45
6434 9171 52
6434 9173 13
6434 9813 40
6434 8341 55
6434 9811 6
6434 9820 23
6434 7394 6
6434 7470 50
6434 7395 60
6338 7407 33
6338 7406 24
6338 7405 47
6338 7414 22
6338 8339 34
6338 7423 55
6338 7404 32
6338 7409 37
6338 7413 55
6338 7417 20
6338 7425 53
6338 9172 53
6338 9812 17
6338 8340 46
6338 9810 42
6338 7422 33
6338 7419 28
6338 7408 13
6338 7418 17
6338 7416 45
6338 7424 4
6338 7415 25
6338 7428 58
6338 9171 49
6338 9173 20
6338 9813 59
6338 8341 15
6338 9811 21
6338 9820 26
6338 7394 42
6338 7470 45
6338 7395 39
6098 7407 47
6098 7406 4
6098 7405 38
6098 7414 12
6098 8339 39
6098 7423 27
6098 7404 4
6098 7409 44
6098 7413 19
6098 7417 44
6098 7425 14
6098 9172 28
6098 9812 40
6098 8340 51
6098 9810 8
6098 7422 15
6098 7419 50
6098 7408 27
6098 7418 48
6098 7416 46
6098 7424 10
6098 7415 50
6098 7428 8
6098 9171 45
6098 9173 11
6098 9813 15
6098 8341 15
6098 9811 28
6098 9820 16
6098 7394 23
6098 7470 36
6098 7395 39
6339 7407 52
6339 7406 20
6339 7405 52
6339 7414 18
6339 8339 42
6339 7423 21
6339 7404 20
6339 7409 35
6339 7413 6
6339 7417 25
6339 7425 16
6339 9172 3
6339 9812 54
6339 8340 40
6339 9810 20
6339 7422 30
6339 7419 27
6339 7408 18
6339 7418 58
6339 7416 27
6339 7424 19
6339 7415 33
6339 7428 15
6339 9171 51
6339 9173 36
6339 9813 36
6339 8341 4
6339 9811 29
6339 9820 14
6339 7394 48
6339 7470 39
6339 7395 12
5970 7407 60
5970 7406 0
5970 7405 50
5970 7414 33
5970 8339 38
5970 7423 47
5970 7404 0
5970 7409 21
5970 7413 21
5970 7417 53
5970 7425 35
5970 9172 5
5970 9812 32
5970 8340 53
5970 9810 51
5970 7422 3
5970 7419 11
5970 7408 47
5970 7418 53
5970 7416 17
5970 7424 11
5970 7415 13
5970 7428 19
5970 9171 55
5970 9173 24
5970 9813 9
5970 8341 58
5970 9811 58
5970 9820 36
5970 7394 7
5970 7470 19
5970 7395 15
9626 7407 11
9626 7406 28
9626 7405 24
9626 7414 53
9626 8339 1
9626 7423 48
9626 7404 29
9626 7409 21
9626 7413 8
9626 7417 21
9626 7425 44
9626 9172 37
9626 9812 13
9626 8340 44
9626 9810 47
9626 7422 4
9626 7419 22
9626 7408 23
9626 7418 12
9626 7416 10
9626 7424 37
9626 7415 43
9626 7428 40
9626 9171 10
9626 9173 19
9626 9813 9
9626 8341 39
9626 9811 16
9626 9820 13
9626 7394 53
9626 7470 0
9626 7395 44
6312 7407 1
6312 7406 9
6312 7405 48
6312 7414 59
6312 8339 43
6312 7423 55
6312 7404 24
6312 7409 26
6312 7413 25
6312 7417 23
6312 7425 49
6312 9172 22
6312 9812 33
6312 8340 33
6312 9810 60
6312 7422 1
6312 7419 23
6312 7408 16
6312 7418 7
6312 7416 8
6312 7424 54
6312 7415 58
6312 7428 46
6312 9171 22
6312 9173 37
6312 9813 40
6312 8341 57
6312 9811 30
6312 9820 39
6312 7394 15
6312 7470 47
6312 7395 2
6336 7407 36
6336 7406 4
6336 7405 36
6336 7414 35
6336 8339 2
6336 7423 11
6336 7404 49
6336 7409 21
6336 7413 48
6336 7417 7
6336 7425 59
6336 9172 55
6336 9812 42
6336 8340 43
6336 9810 26
6336 7422 7
6336 7419 60
6336 7408 8
6336 7418 7
6336 7416 58
6336 7424 39
6336 7415 19
6336 7428 4
6336 9171 27
6336 9173 36
6336 9813 20
6336 8341 27
6336 9811 23
6336 9820 16
6336 7394 58
6336 7470 4
6336 7395 20
6100 7407 44
6100 7406 41
6100 7405 44
6100 7414 51
6100 8339 43
6100 7423 25
6100 7404 18
6100 7409 6
6100 7413 55
6100 7417 27
6100 7425 36
6100 9172 4
6100 9812 15
6100 8340 42
6100 9810 17
6100 7422 0
6100 7419 35
6100 7408 59
6100 7418 4
6100 7416 41
6100 7424 23
6100 7415 30
6100 7428 14
6100 9171 38
6100 9173 1
6100 9813 58
6100 8341 22
6100 9811 5
6100 9820 24
6100 7394 1
6100 7470 54
6100 7395 57
6297 7407 22
6297 7406 25
6297 7405 20
6297 7414 48
6297 8339 56
6297 7423 36
6297 7404 24
6297 7409 15
6297 7413 47
6297 7417 34
6297 7425 28
6297 9172 28
6297 9812 2
6297 8340 30
6297 9810 32
6297 7422 45
6297 7419 8
6297 7408 38
6297 7418 37
6297 7416 49
6297 7424 12
6297 7415 1
6297 7428 54
6297 9171 19
6297 9173 11
6297 9813 35
6297 8341 51
6297 9811 1
6297 9820 58
6297 7394 26
6297 7470 39
6297 7395 30
6337 7407 45
6337 7406 37
6337 7405 45
6337 7414 14
6337 8339 46
6337 7423 38
6337 7404 48
6337 7409 33
6337 7413 40
6337 7417 36
6337 7425 35
6337 9172 37
6337 9812 5
6337 8340 50
6337 9810 50
6337 7422 38
6337 7419 32
6337 7408 3
6337 7418 22
6337 7416 20
6337 7424 36
6337 7415 0
6337 7428 53
6337 9171 6
6337 9173 46
6337 9813 55
6337 8341 9
6337 9811 53
6337 9820 59
6337 7394 9
6337 7470 51
6337 7395 60
6699 7407 30
6699 7406 43
6699 7405 10
6699 7414 44
6699 8339 43
6699 7423 46
6699 7404 39
6699 7409 51
6699 7413 24
6699 7417 52
6699 7425 3
6699 9172 37
6699 9812 15
6699 8340 45
6699 9810 54
6699 7422 59
6699 7419 23
6699 7408 58
6699 7418 34
6699 7416 35
6699 7424 44
6699 7415 44
6699 7428 30
6699 9171 4
6699 9173 34
6699 9813 3
6699 8341 27
6699 9811 54
6699 9820 30
6699 7394 8
6699 7470 54
6699 7395 5
8338 7407 26
8338 7406 2
8338 7405 7
8338 7414 13
8338 8339 49
8338 7423 13
8338 7404 23
8338 7409 17
8338 7413 18
8338 7417 16
8338 7425 36
8338 9172 60
8338 9812 0
8338 8340 35
8338 9810 55
8338 7422 20
8338 7419 40
8338 7408 7
8338 7418 49
8338 7416 7
8338 7424 13
8338 7415 46
8338 7428 26
8338 9171 35
8338 9173 19
8338 9813 10
8338 8341 32
8338 9811 1
8338 9820 50
8338 7394 0
8338 7470 29
8338 7395 46
9625 7407 20
9625 7406 20
9625 7405 19
9625 7414 4
9625 8339 27
9625 7423 51
9625 7404 40
9625 7409 11
9625 7413 17
9625 7417 48
9625 7425 59
9625 9172 59
9625 9812 55
9625 8340 8
9625 9810 54
9625 7422 58
9625 7419 18
9625 7408 42
9625 7418 2
9625 7416 59
9625 7424 34
9625 7415 23
9625 7428 0
9625 9171 41
9625 9173 55
9625 9813 41
9625 8341 36
9625 9811 33
9625 9820 58
9625 7394 23
9625 7470 30
9625 7395 14
7322 7407 43
7322 7406 27
7322 7405 24
7322 7414 4
7322 8339 57
7322 7423 32
7322 7404 60
7322 7409 17
7322 7413 58
7322 7417 34
7322 7425 11
7322 9172 17
7322 9812 52
7322 8340 55
7322 9810 11
7322 7422 44
7322 7419 33
7322 7408 17
7322 7418 49
7322 7416 31
7322 7424 46
7322 7415 49
7322 7428 22
7322 9171 55
7322 9173 15
7322 9813 10
7322 8341 35
7322 9811 18
7322 9820 51
7322 7394 2
7322 7470 11
7322 7395 8
6137 7407 40
6137 7406 43
6137 7405 34
6137 7414 9
6137 8339 18
6137 7423 56
6137 7404 30
6137 7409 20
6137 7413 28
6137 7417 11
6137 7425 17
6137 9172 1
6137 9812 18
6137 8340 19
6137 9810 35
6137 7422 22
6137 7419 50
6137 7408 37
6137 7418 44
6137 7416 22
6137 7424 48
6137 7415 50
6137 7428 40
6137 9171 35
6137 9173 38
6137 9813 54
6137 8341 10
6137 9811 2
6137 9820 12
6137 7394 7
6137 7470 56
6137 7395 21
6310 7407 26
6310 7406 16
6310 7405 48
6310 7414 5
6310 8339 57
6310 7423 35
6310 7404 31
6310 7409 49
6310 7413 11
6310 7417 41
6310 7425 7
6310 9172 36
6310 9812 12
6310 8340 24
6310 9810 14
6310 7422 0
6310 7419 54
6310 7408 48
6310 7418 53
6310 7416 47
6310 7424 41
6310 7415 45
6310 7428 50
6310 9171 15
6310 9173 42
6310 9813 34
6310 8341 54
6310 9811 45
6310 9820 43
6310 7394 54
6310 7470 23
6310 7395 22
6322 7407 54
6322 7406 14
6322 7405 36
6322 7414 42
6322 8339 47
6322 7423 51
6322 7404 58
6322 7409 26
6322 7413 50
6322 7417 58
6322 7425 32
6322 9172 10
6322 9812 56
6322 8340 26
6322 9810 25
6322 7422 12
6322 7419 23
6322 7408 8
6322 7418 46
6322 7416 35
6322 7424 40
6322 7415 23
6322 7428 10
6322 9171 38
6322 9173 24
6322 9813 8
6322 8341 57
6322 9811 39
6322 9820 20
6322 7394 27
6322 7470 25
6322 7395 8
6373 7407 60
6373 7406 39
6373 7405 20
6373 7414 60
6373 8339 33
6373 7423 45
6373 7404 15
6373 7409 31
6373 7413 44
6373 7417 41
6373 7425 50
6373 9172 12
6373 9812 6
6373 8340 21
6373 9810 56
6373 7422 59
6373 7419 34
6373 7408 46
6373 7418 4
6373 7416 25
6373 7424 23
6373 7415 44
6373 7428 35
6373 9171 13
6373 9173 25
6373 9813 41
6373 8341 33
6373 9811 28
6373 9820 2
6373 7394 42
6373 7470 47
6373 7395 32
6296 7407 24
6296 7406 57
6296 7405 30
6296 7414 54
6296 8339 54
6296 7423 13
6296 7404 22
6296 7409 18
6296 7413 10
6296 7417 18
6296 7425 30
6296 9172 3
6296 9812 23
6296 8340 45
6296 9810 8
6296 7422 16
6296 7419 54
6296 7408 5
6296 7418 23
6296 7416 49
6296 7424 1
6296 7415 8
6296 7428 53
6296 9171 50
6296 9173 1
6296 9813 31
6296 8341 15
6296 9811 28
6296 9820 25
6296 7394 38
6296 7470 43
6296 7395 23
7323 7407 37
7323 7406 14
7323 7405 6
7323 7414 49
7323 8339 13
7323 7423 47
7323 7404 49
7323 7409 45
7323 7413 23
7323 7417 57
7323 7425 4
7323 9172 34
7323 9812 37
7323 8340 36
7323 9810 26
7323 7422 26
7323 7419 28
7323 7408 16
7323 7418 18
7323 7416 24
7323 7424 8
7323 7415 21
7323 7428 37
7323 9171 12
7323 9173 41
7323 9813 27
7323 8341 40
7323 9811 51
7323 9820 46
7323 7394 49
7323 7470 54
7323 7395 16
9546 7407 58
9546 7406 51
9546 7405 48
9546 7414 5
9546 8339 58
9546 7423 21
9546 7404 1
9546 7409 34
9546 7413 49
9546 7417 4
9546 7425 1
9546 9172 55
9546 9812 34
9546 8340 41
9546 9810 38
9546 7422 30
9546 7419 14
9546 7408 16
9546 7418 31
9546 7416 40
9546 7424 29
9546 7415 34
9546 7428 26
9546 9171 27
9546 9173 55
9546 9813 9
9546 8341 54
9546 9811 28
9546 9820 52
9546 7394 19
9546 7470 1
9546 7395 0
6136 7407 35
6136 7406 55
6136 7405 60
6136 7414 6
6136 8339 60
6136 7423 21
6136 7404 38
6136 7409 6
6136 7413 36
6136 7417 57
6136 7425 23
6136 9172 15
6136 9812 25
6136 8340 31
6136 9810 24
6136 7422 60
6136 7419 49
6136 7408 21
6136 7418 60
6136 7416 21
6136 7424 36
6136 7415 18
6136 7428 19
6136 9171 9
6136 9173 60
6136 9813 57
6136 8341 56
6136 9811 14
6136 9820 13
6136 7394 33
6136 7470 26
6136 7395 40
6309 7407 55
6309 7406 10
6309 7405 15
6309 7414 51
6309 8339 5
6309 7423 41
6309 7404 27
6309 7409 56
6309 7413 56
6309 7417 60
6309 7425 52
6309 9172 15
6309 9812 40
6309 8340 25
6309 9810 28
6309 7422 29
6309 7419 43
6309 7408 33
6309 7418 28
6309 7416 57
6309 7424 9
6309 7415 37
6309 7428 50
6309 9171 11
6309 9173 12
6309 9813 43
6309 8341 1
6309 9811 28
6309 9820 9
6309 7394 47
6309 7470 40
6309 7395 43
6320 7407 22
6320 7406 4
6320 7405 23
6320 7414 20
6320 8339 10
6320 7423 18
6320 7404 37
6320 7409 44
6320 7413 50
6320 7417 0
6320 7425 22
6320 9172 38
6320 9812 55
6320 8340 22
6320 9810 19
6320 7422 9
6320 7419 2
6320 7408 26
6320 7418 15
6320 7416 26
6320 7424 60
6320 7415 11
6320 7428 47
6320 9171 57
6320 9173 29
6320 9813 6
6320 8341 39
6320 9811 2
6320 9820 4
6320 7394 25
6320 7470 27
6320 7395 57
6323 7407 14
6323 7406 13
6323 7405 3
6323 7414 45
6323 8339 13
6323 7423 40
6323 7404 28
6323 7409 9
6323 7413 1
6323 7417 43
6323 7425 6
6323 9172 21
6323 9812 12
6323 8340 58
6323 9810 26
6323 7422 30
6323 7419 5
6323 7408 45
6323 7418 57
6323 7416 45
6323 7424 10
6323 7415 48
6323 7428 39
6323 9171 41
6323 9173 51
6323 9813 14
6323 8341 31
6323 9811 22
6323 9820 11
6323 7394 14
6323 7470 31
6323 7395 39
6302 7407 35
6302 7406 35
6302 7405 53
6302 7414 9
6302 8339 46
6302 7423 57
6302 7404 54
6302 7409 16
6302 7413 45
6302 7417 46
6302 7425 60
6302 9172 59
6302 9812 3
6302 8340 23
6302 9810 6
6302 7422 16
6302 7419 16
6302 7408 33
6302 7418 15
6302 7416 54
6302 7424 8
6302 7415 9
6302 7428 35
6302 9171 25
6302 9173 54
6302 9813 39
6302 8341 49
6302 9811 42
6302 9820 44
6302 7394 13
6302 7470 43
6302 7395 26
5886 7407 20
5886 7406 27
5886 7405 51
5886 7414 60
5886 8339 29
5886 7423 58
5886 7404 41
5886 7409 35
5886 7413 16
5886 7417 44
5886 7425 10
5886 9172 50
5886 9812 2
5886 8340 26
5886 9810 45
5886 7422 42
5886 7419 39
5886 7408 42
5886 7418 10
5886 7416 32
5886 7424 59
5886 7415 32
5886 7428 31
5886 9171 29
5886 9173 27
5886 9813 54
5886 8341 52
5886 9811 34
5886 9820 31
5886 7394 59
5886 7470 59
5886 7395 9
5887 7407 0
5887 7406 27
5887 7405 6
5887 7414 54
5887 8339 55
5887 7423 15
5887 7404 33
5887 7409 36
5887 7413 40
5887 7417 36
5887 7425 60
5887 9172 10
5887 9812 40
5887 8340 6
5887 9810 16
5887 7422 42
5887 7419 43
5887 7408 8
5887 7418 59
5887 7416 3
5887 7424 17
5887 7415 53
5887 7428 48
5887 9171 27
5887 9173 14
5887 9813 57
5887 8341 17
5887 9811 20
5887 9820 6
5887 7394 34
5887 7470 24
5887 7395 1
