5756 5710 1
5756 5710 57
5756 5710 37
5756 5710 19
5756 5709 56
5756 5709 28
5756 5709 4
5756 5709 45
5756 5250 54
5756 5250 34
5756 5250 48
5756 5250 50
5756 5247 32
5756 5247 49
5756 5247 50
5756 5247 3
5756 5725 0
5756 5725 36
5756 5725 18
5756 5725 43
5756 5696 2
5756 5696 23
5756 5696 4
5756 5696 0
5756 5726 40
5756 5726 28
5756 5726 34
5756 5726 60
5756 5249 56
5756 5249 13
5756 5249 36
5756 5249 16
5756 5697 32
5756 5697 17
5756 5697 2
5756 5697 12
5756 5616 60
5756 5616 22
5756 5616 1
5756 5616 13
5756 5246 31
5756 5246 57
5756 5246 21
5756 5246 38
5756 5724 11
5756 5724 11
5756 5724 45
5756 5724 0
5756 5728 5
5756 5728 14
5756 5728 23
5756 5728 29
5756 5695 36
5756 5695 52
5756 5695 31
5756 5695 1
5756 5727 33
5756 5727 11
5756 5727 8
5756 5727 25
5756 5248 50
5756 5248 52
5756 5248 58
5756 5248 41
5756 5615 13
5756 5615 20
5756 5615 7
5756 5615 13
5756 5637 9
5756 5637 31
5756 5637 35
5756 5637 56
5756 5698 60
5756 5698 54
5756 5698 37
5756 5698 6
5756 5617 8
5756 5617 17
5756 5617 51
5756 5617 18
5756 5730 21
5756 5730 2
5756 5730 32
5756 5730 47
5756 5723 50
5756 5723 60
5756 5723 26
5756 5723 15
5756 5729 58
5756 5729 47
5756 5729 11
5756 5729 27
5756 5735 47
5756 5735 30
5756 5735 46
5756 5735 59
5756 5509 39
5756 5509 32
5756 5509 19
5756 5509 25
5756 5694 47
5756 5694 38
5756 5694 53
5756 5694 60
5756 5704 30
5756 5704 34
5756 5704 10
5756 5704 52
5756 9593 8
5756 9593 32
5756 9593 36
5756 9593 29
5756 5711 26
5756 5711 27
5756 5711 9
5756 5711 30
5756 5608 23
5756 5608 5
5756 5608 7
5756 5608 10
5756 5618 25
5756 5618 44
5756 5618 30
5756 5618 54
5756 5636 42
5756 5636 57
5756 5636 27
5756 5636 0
5752 5710 20
5752 5710 37
5752 5710 27
5752 5710 45
5752 5709 38
5752 5709 60
5752 5709 9
5752 5709 34
5752 5250 24
5752 5250 11
5752 5250 25
5752 5250 53
5752 5247 35
5752 5247 60
5752 5247 50
5752 5247 57
5752 5725 49
5752 5725 53
5752 5725 14
5752 5725 14
5752 5696 11
5752 5696 28
5752 5696 19
5752 5696 31
5752 5726 13
5752 5726 19
5752 5726 42
5752 5726 1
5752 5249 34
5752 5249 4
5752 5249 25
5752 5249 33
5752 5697 17
5752 5697 52
5752 5697 31
5752 5697 15
5752 5616 52
5752 5616 3
5752 5616 33
5752 5616 31
5752 5246 60
5752 5246 37
5752 5246 55
5752 5246 22
5752 5724 32
5752 5724 26
5752 5724 34
5752 5724 26
5752 5728 35
5752 5728 38
5752 5728 30
5752 5728 43
5752 5695 22
5752 5695 58
5752 5695 30
5752 5695 30
5752 5727 50
5752 5727 18
5752 5727 19
5752 5727 1
5752 5248 49
5752 5248 20
5752 5248 0
5752 5248 19
5752 5615 13
5752 5615 15
5752 5615 34
5752 5615 9
5752 5637 26
5752 5637 22
5752 5637 28
5752 5637 43
5752 5698 11
5752 5698 11
5752 5698 1
5752 5698 58
5752 5617 7
5752 5617 29
5752 5617 16
5752 5617 54
5752 5730 51
5752 5730 12
5752 5730 25
5752 5730 1
5752 5723 15
5752 5723 19
5752 5723 14
5752 5723 42
5752 5729 50
5752 5729 3
5752 5729 18
5752 5729 36
5752 5735 27
5752 5735 56
5752 5735 6
5752 5735 42
5752 5509 16
5752 5509 58
5752 5509 47
5752 5509 20
5752 5694 4
5752 5694 31
5752 5694 22
5752 5694 33
5752 5704 8
5752 5704 36
5752 5704 9
5752 5704 37
5752 9593 1
5752 9593 39
5752 9593 8
5752 9593 26
5752 5711 9
5752 5711 11
5752 5711 19
5752 5711 60
5752 5608 4
5752 5608 20
5752 5608 18
5752 5608 10
5752 5618 47
5752 5618 2
5752 5618 23
5752 5618 3
5752 5636 5
5752 5636 11
5752 5636 32
5752 5636 19
5755 5710 55
5755 5710 45
5755 5710 15
5755 5710 24
5755 5709 20
5755 5709 0
5755 5709 19
5755 5709 24
5755 5250 47
5755 5250 4
5755 5250 51
5755 5250 34
5755 5247 10
5755 5247 20
5755 5247 57
5755 5247 34
5755 5725 9
5755 5725 49
5755 5725 19
5755 5725 2
5755 5696 9
5755 5696 30
5755 5696 6
5755 5696 0
5755 5726 31
5755 5726 43
5755 5726 58
5755 5726 7
5755 5249 45
5755 5249 38
5755 5249 40
5755 5249 39
5755 5697 50
5755 5697 20
5755 5697 40
5755 5697 10
5755 5616 9
5755 5616 20
5755 5616 13
5755 5616 20
5755 5246 26
5755 5246 49
5755 5246 33
5755 5246 25
5755 5724 59
5755 5724 40
5755 5724 50
5755 5724 55
5755 5728 4
5755 5728 35
5755 5728 20
5755 5728 34
5755 5695 30
5755 5695 5
5755 5695 58
5755 5695 31
5755 5727 28
5755 5727 41
5755 5727 37
5755 5727 3
5755 5248 18
5755 5248 33
5755 5248 8
5755 5248 2
5755 5615 14
5755 5615 22
5755 5615 19
5755 5615 38
5755 5637 39
5755 5637 7
5755 5637 27
5755 5637 31
5755 5698 17
5755 5698 9
5755 5698 9
5755 5698 50
5755 5617 59
5755 5617 37
5755 5617 51
5755 5617 56
5755 5730 15
5755 5730 43
5755 5730 55
5755 5730 30
5755 5723 57
5755 5723 23
5755 5723 8
5755 5723 39
5755 5729 25
5755 5729 30
5755 5729 19
5755 5729 48
5755 5735 41
5755 5735 16
5755 5735 12
5755 5735 13
5755 5509 33
5755 5509 48
5755 5509 44
5755 5509 2
5755 5694 3
5755 5694 0
5755 5694 5
5755 5694 59
5755 5704 54
5755 5704 56
5755 5704 26
5755 5704 38
5755 9593 13
5755 9593 21
5755 9593 51
5755 9593 58
5755 5711 58
5755 5711 44
5755 5711 33
5755 5711 18
5755 5608 5
5755 5608 23
5755 5608 12
5755 5608 60
5755 5618 51
5755 5618 22
5755 5618 41
5755 5618 40
5755 5636 30
5755 5636 11
5755 5636 7
5755 5636 22
5766 5710 47
5766 5710 24
5766 5710 31
5766 5710 32
5766 5709 22
5766 5709 21
5766 5709 32
5766 5709 34
5766 5250 37
5766 5250 12
5766 5250 20
5766 5250 37
5766 5247 12
5766 5247 14
5766 5247 36
5766 5247 57
5766 5725 5
5766 5725 27
5766 5725 14
5766 5725 46
5766 5696 25
5766 5696 44
5766 5696 8
5766 5696 39
5766 5726 30
5766 5726 3
5766 5726 42
5766 5726 10
5766 5249 19
5766 5249 59
5766 5249 19
5766 5249 53
5766 5697 26
5766 5697 8
5766 5697 30
5766 5697 24
5766 5616 45
5766 5616 58
5766 5616 2
5766 5616 22
5766 5246 52
5766 5246 16
5766 5246 33
5766 5246 55
5766 5724 17
5766 5724 32
5766 5724 4
5766 5724 4
5766 5728 41
5766 5728 5
5766 5728 9
5766 5728 20
5766 5695 9
5766 5695 55
5766 5695 17
5766 5695 8
5766 5727 26
5766 5727 52
5766 5727 60
5766 5727 34
5766 5248 56
5766 5248 8
5766 5248 24
5766 5248 28
5766 5615 50
5766 5615 12
5766 5615 46
5766 5615 35
5766 5637 17
5766 5637 43
5766 5637 6
5766 5637 23
5766 5698 27
5766 5698 8
5766 5698 0
5766 5698 20
5766 5617 12
5766 5617 52
5766 5617 29
5766 5617 26
5766 5730 7
5766 5730 31
5766 5730 17
5766 5730 33
5766 5723 15
5766 5723 36
5766 5723 57
5766 5723 41
5766 5729 38
5766 5729 38
5766 5729 8
5766 5729 17
5766 5735 21
5766 5735 19
5766 5735 56
5766 5735 0
5766 5509 11
5766 5509 15
5766 5509 26
5766 5509 18
5766 5694 28
5766 5694 14
5766 5694 47
5766 5694 19
5766 5704 31
5766 5704 16
5766 5704 11
5766 5704 1
5766 9593 16
5766 9593 53
5766 9593 35
5766 9593 44
5766 5711 55
5766 5711 33
5766 5711 58
5766 5711 31
5766 5608 47
5766 5608 55
5766 5608 8
5766 5608 34
5766 5618 4
5766 5618 0
5766 5618 50
5766 5618 43
5766 5636 22
5766 5636 50
5766 5636 26
5766 5636 16
5767 5710 10
5767 5710 51
5767 5710 7
5767 5710 40
5767 5709 12
5767 5709 38
5767 5709 18
5767 5709 27
5767 5250 30
5767 5250 48
5767 5250 18
5767 5250 22
5767 5247 46
5767 5247 10
5767 5247 36
5767 5247 16
5767 5725 42
5767 5725 41
5767 5725 38
5767 5725 60
5767 5696 27
5767 5696 27
5767 5696 41
5767 5696 36
5767 5726 12
5767 5726 19
5767 5726 16
5767 5726 14
5767 5249 20
5767 5249 41
5767 5249 43
5767 5249 9
5767 5697 15
5767 5697 46
5767 5697 57
5767 5697 44
5767 5616 29
5767 5616 31
5767 5616 51
5767 5616 52
5767 5246 49
5767 5246 57
5767 5246 11
5767 5246 5
5767 5724 58
5767 5724 27
5767 5724 22
5767 5724 60
5767 5728 60
5767 5728 14
5767 5728 17
5767 5728 4
5767 5695 32
5767 5695 28
5767 5695 24
5767 5695 34
5767 5727 59
5767 5727 16
5767 5727 10
5767 5727 7
5767 5248 27
5767 5248 20
5767 5248 19
5767 5248 28
5767 5615 54
5767 5615 18
5767 5615 58
5767 5615 34
5767 5637 38
5767 5637 24
5767 5637 43
5767 5637 13
5767 5698 48
5767 5698 35
5767 5698 10
5767 5698 13
5767 5617 48
5767 5617 30
5767 5617 5
5767 5617 38
5767 5730 21
5767 5730 59
5767 5730 32
5767 5730 1
5767 5723 9
5767 5723 27
5767 5723 23
5767 5723 8
5767 5729 57
5767 5729 18
5767 5729 17
5767 5729 5
5767 5735 60
5767 5735 56
5767 5735 26
5767 5735 25
5767 5509 34
5767 5509 28
5767 5509 32
5767 5509 51
5767 5694 59
5767 5694 23
5767 5694 3
5767 5694 40
5767 5704 6
5767 5704 51
5767 5704 30
5767 5704 52
5767 9593 16
5767 9593 60
5767 9593 3
5767 9593 37
5767 5711 41
5767 5711 16
5767 5711 54
5767 5711 23
5767 5608 22
5767 5608 33
5767 5608 13
5767 5608 6
5767 5618 22
5767 5618 13
5767 5618 2
5767 5618 27
5767 5636 18
5767 5636 27
5767 5636 10
5767 5636 48
5753 5710 9
5753 5710 55
5753 5710 12
5753 5710 4
5753 5709 1
5753 5709 46
5753 5709 40
5753 5709 47
5753 5250 51
5753 5250 25
5753 5250 8
5753 5250 36
5753 5247 41
5753 5247 14
5753 5247 52
5753 5247 6
5753 5725 28
5753 5725 17
5753 5725 51
5753 5725 14
5753 5696 36
5753 5696 40
5753 5696 14
5753 5696 21
5753 5726 47
5753 5726 44
5753 5726 10
5753 5726 50
5753 5249 50
5753 5249 47
5753 5249 22
5753 5249 57
5753 5697 0
5753 5697 30
5753 5697 37
5753 5697 19
5753 5616 32
5753 5616 23
5753 5616 33
5753 5616 1
5753 5246 23
5753 5246 59
5753 5246 10
5753 5246 10
5753 5724 16
5753 5724 22
5753 5724 2
5753 5724 7
5753 5728 39
5753 5728 27
5753 5728 21
5753 5728 29
5753 5695 35
5753 5695 28
5753 5695 32
5753 5695 1
5753 5727 39
5753 5727 45
5753 5727 34
5753 5727 45
5753 5248 31
5753 5248 40
5753 5248 24
5753 5248 37
5753 5615 59
5753 5615 19
5753 5615 19
5753 5615 48
5753 5637 29
5753 5637 17
5753 5637 27
5753 5637 29
5753 5698 60
5753 5698 53
5753 5698 27
5753 5698 51
5753 5617 17
5753 5617 6
5753 5617 22
5753 5617 33
5753 5730 56
5753 5730 30
5753 5730 2
5753 5730 17
5753 5723 27
5753 5723 53
5753 5723 50
5753 5723 7
5753 5729 47
5753 5729 30
5753 5729 41
5753 5729 0
5753 5735 16
5753 5735 51
5753 5735 54
5753 5735 40
5753 5509 39
5753 5509 27
5753 5509 34
5753 5509 3
5753 5694 48
5753 5694 3
5753 5694 39
5753 5694 10
5753 5704 36
5753 5704 10
5753 5704 13
5753 5704 10
5753 9593 4
5753 9593 3
5753 9593 12
5753 9593 34
5753 5711 19
5753 5711 50
5753 5711 58
5753 5711 49
5753 5608 46
5753 5608 39
5753 5608 24
5753 5608 10
5753 5618 3
5753 5618 55
5753 5618 7
5753 5618 33
5753 5636 17
5753 5636 36
5753 5636 38
5753 5636 49
5754 5710 10
5754 5710 22
5754 5710 7
5754 5710 1
5754 5709 1
5754 5709 42
5754 5709 15
5754 5709 6
5754 5250 21
5754 5250 18
5754 5250 37
5754 5250 23
5754 5247 0
5754 5247 29
5754 5247 17
5754 5247 18
5754 5725 14
5754 5725 60
5754 5725 50
5754 5725 19
5754 5696 26
5754 5696 0
5754 5696 35
5754 5696 56
5754 5726 0
5754 5726 36
5754 5726 32
5754 5726 1
5754 5249 10
5754 5249 2
5754 5249 42
5754 5249 43
5754 5697 54
5754 5697 13
5754 5697 3
5754 5697 24
5754 5616 17
5754 5616 0
5754 5616 34
5754 5616 17
5754 5246 29
5754 5246 28
5754 5246 30
5754 5246 39
5754 5724 34
5754 5724 46
5754 5724 24
5754 5724 10
5754 5728 11
5754 5728 25
5754 5728 5
5754 5728 14
5754 5695 2
5754 5695 56
5754 5695 42
5754 5695 25
5754 5727 39
5754 5727 42
5754 5727 35
5754 5727 54
5754 5248 29
5754 5248 49
5754 5248 48
5754 5248 46
5754 5615 44
5754 5615 20
5754 5615 12
5754 5615 41
5754 5637 59
5754 5637 55
5754 5637 14
5754 5637 47
5754 5698 27
5754 5698 55
5754 5698 24
5754 5698 11
5754 5617 14
5754 5617 21
5754 5617 22
5754 5617 8
5754 5730 19
5754 5730 44
5754 5730 11
5754 5730 36
5754 5723 7
5754 5723 18
5754 5723 11
5754 5723 28
5754 5729 31
5754 5729 17
5754 5729 18
5754 5729 57
5754 5735 21
5754 5735 3
5754 5735 15
5754 5735 35
5754 5509 23
5754 5509 36
5754 5509 28
5754 5509 24
5754 5694 23
5754 5694 18
5754 5694 60
5754 5694 17
5754 5704 58
5754 5704 8
5754 5704 60
5754 5704 32
5754 9593 13
5754 9593 57
5754 9593 21
5754 9593 34
5754 5711 16
5754 5711 55
5754 5711 29
5754 5711 60
5754 5608 41
5754 5608 51
5754 5608 45
5754 5608 33
5754 5618 17
5754 5618 16
5754 5618 1
5754 5618 42
5754 5636 6
5754 5636 17
5754 5636 3
5754 5636 58
5765 5710 47
5765 5710 39
5765 5710 45
5765 5710 14
5765 5709 51
5765 5709 58
5765 5709 55
5765 5709 25
5765 5250 34
5765 5250 32
5765 5250 26
5765 5250 17
5765 5247 3
5765 5247 28
5765 5247 48
5765 5247 9
5765 5725 12
5765 5725 33
5765 5725 15
5765 5725 12
5765 5696 5
5765 5696 13
5765 5696 52
5765 5696 52
5765 5726 54
5765 5726 51
5765 5726 30
5765 5726 49
5765 5249 28
5765 5249 20
5765 5249 49
5765 5249 9
5765 5697 28
5765 5697 41
5765 5697 56
5765 5697 32
5765 5616 49
5765 5616 56
5765 5616 43
5765 5616 23
5765 5246 44
5765 5246 28
5765 5246 31
5765 5246 11
5765 5724 47
5765 5724 36
5765 5724 7
5765 5724 24
5765 5728 19
5765 5728 9
5765 5728 22
5765 5728 3
5765 5695 10
5765 5695 25
5765 5695 34
5765 5695 9
5765 5727 52
5765 5727 22
5765 5727 15
5765 5727 32
5765 5248 50
5765 5248 13
5765 5248 18
5765 5248 44
5765 5615 39
5765 5615 32
5765 5615 0
5765 5615 54
5765 5637 33
5765 5637 45
5765 5637 9
5765 5637 56
5765 5698 20
5765 5698 54
5765 5698 59
5765 5698 13
5765 5617 2
5765 5617 34
5765 5617 36
5765 5617 3
5765 5730 52
5765 5730 53
5765 5730 43
5765 5730 35
5765 5723 22
5765 5723 38
5765 5723 35
5765 5723 34
5765 5729 26
5765 5729 17
5765 5729 41
5765 5729 46
5765 5735 57
5765 5735 54
5765 5735 38
5765 5735 40
5765 5509 45
5765 5509 3
5765 5509 30
5765 5509 20
5765 5694 17
5765 5694 41
5765 5694 8
5765 5694 43
5765 5704 2
5765 5704 33
5765 5704 32
5765 5704 10
5765 9593 12
5765 9593 13
5765 9593 18
5765 9593 48
5765 5711 55
5765 5711 25
5765 5711 41
5765 5711 46
5765 5608 4
5765 5608 3
5765 5608 46
5765 5608 10
5765 5618 8
5765 5618 51
5765 5618 31
5765 5618 39
5765 5636 58
5765 5636 32
5765 5636 52
5765 5636 19
5672 5710 21
5672 5710 13
5672 5710 47
5672 5710 48
5672 5709 39
5672 5709 1
5672 5709 13
5672 5709 34
5672 5250 17
5672 5250 16
5672 5250 49
5672 5250 25
5672 5247 25
5672 5247 33
5672 5247 41
5672 5247 20
5672 5725 16
5672 5725 39
5672 5725 52
5672 5725 27
5672 5696 44
5672 5696 33
5672 5696 24
5672 5696 40
5672 5726 23
5672 5726 5
5672 5726 2
5672 5726 0
5672 5249 56
5672 5249 24
5672 5249 43
5672 5249 28
5672 5697 58
5672 5697 58
5672 5697 18
5672 5697 59
5672 5616 30
5672 5616 19
5672 5616 51
5672 5616 11
5672 5246 39
5672 5246 44
5672 5246 52
5672 5246 1
5672 5724 59
5672 5724 8
5672 5724 28
5672 5724 21
5672 5728 36
5672 5728 59
5672 5728 8
5672 5728 28
5672 5695 31
5672 5695 20
5672 5695 41
5672 5695 5
5672 5727 55
5672 5727 45
5672 5727 8
5672 5727 8
5672 5248 6
5672 5248 40
5672 5248 50
5672 5248 9
5672 5615 41
5672 5615 29
5672 5615 20
5672 5615 47
5672 5637 25
5672 5637 58
5672 5637 20
5672 5637 36
5672 5698 26
5672 5698 48
5672 5698 7
5672 5698 18
5672 5617 29
5672 5617 38
5672 5617 2
5672 5617 46
5672 5730 22
5672 5730 48
5672 5730 6
5672 5730 27
5672 5723 21
5672 5723 25
5672 5723 44
5672 5723 43
5672 5729 46
5672 5729 24
5672 5729 5
5672 5729 1
5672 5735 20
5672 5735 60
5672 5735 20
5672 5735 8
5672 5509 51
5672 5509 23
5672 5509 29
5672 5509 31
5672 5694 56
5672 5694 18
5672 5694 57
5672 5694 56
5672 5704 49
5672 5704 2
5672 5704 48
5672 5704 35
5672 9593 51
5672 9593 34
5672 9593 18
5672 9593 47
5672 5711 9
5672 5711 58
5672 5711 17
5672 5711 35
5672 5608 13
5672 5608 41
5672 5608 21
5672 5608 58
5672 5618 56
5672 5618 4
5672 5618 57
5672 5618 31
5672 5636 6
5672 5636 58
5672 5636 56
5672 5636 36
5770 5710 37
5770 5710 6
5770 5710 9
5770 5710 16
5770 5709 38
5770 5709 40
5770 5709 4
5770 5709 48
5770 5250 12
5770 5250 59
5770 5250 16
5770 5250 44
5770 5247 9
5770 5247 23
5770 5247 43
5770 5247 58
5770 5725 13
5770 5725 30
5770 5725 58
5770 5725 6
5770 5696 50
5770 5696 14
5770 5696 27
5770 5696 43
5770 5726 21
5770 5726 50
5770 5726 53
5770 5726 57
5770 5249 27
5770 5249 58
5770 5249 31
5770 5249 7
5770 5697 16
5770 5697 50
5770 5697 21
5770 5697 26
5770 5616 42
5770 5616 32
5770 5616 10
5770 5616 58
5770 5246 52
5770 5246 56
5770 5246 33
5770 5246 5
5770 5724 13
5770 5724 0
5770 5724 1
5770 5724 34
5770 5728 40
5770 5728 1
5770 5728 20
5770 5728 42
5770 5695 5
5770 5695 30
5770 5695 31
5770 5695 43
5770 5727 57
5770 5727 9
5770 5727 51
5770 5727 60
5770 5248 46
5770 5248 25
5770 5248 31
5770 5248 20
5770 5615 3
5770 5615 47
5770 5615 9
5770 5615 58
5770 5637 51
5770 5637 19
5770 5637 8
5770 5637 48
5770 5698 21
5770 5698 30
5770 5698 28
5770 5698 9
5770 5617 59
5770 5617 60
5770 5617 28
5770 5617 34
5770 5730 27
5770 5730 35
5770 5730 11
5770 5730 0
5770 5723 4
5770 5723 22
5770 5723 53
5770 5723 35
5770 5729 16
5770 5729 38
5770 5729 19
5770 5729 19
5770 5735 2
5770 5735 13
5770 5735 47
5770 5735 20
5770 5509 58
5770 5509 52
5770 5509 2
5770 5509 59
5770 5694 48
5770 5694 3
5770 5694 16
5770 5694 48
5770 5704 8
5770 5704 6
5770 5704 7
5770 5704 60
5770 9593 56
5770 9593 35
5770 9593 13
5770 9593 29
5770 5711 28
5770 5711 60
5770 5711 18
5770 5711 58
5770 5608 11
5770 5608 7
5770 5608 60
5770 5608 42
5770 5618 34
5770 5618 60
5770 5618 24
5770 5618 31
5770 5636 49
5770 5636 36
5770 5636 45
5770 5636 50
5771 5710 59
5771 5710 54
5771 5710 35
5771 5710 16
5771 5709 35
5771 5709 51
5771 5709 57
5771 5709 45
5771 5250 13
5771 5250 56
5771 5250 29
5771 5250 26
5771 5247 29
5771 5247 27
5771 5247 41
5771 5247 2
5771 5725 43
5771 5725 8
5771 5725 53
5771 5725 13
5771 5696 48
5771 5696 38
5771 5696 13
5771 5696 37
5771 5726 21
5771 5726 13
5771 5726 3
5771 5726 24
5771 5249 25
5771 5249 6
5771 5249 24
5771 5249 40
5771 5697 23
5771 5697 41
5771 5697 11
5771 5697 1
5771 5616 57
5771 5616 53
5771 5616 54
5771 5616 23
5771 5246 20
5771 5246 59
5771 5246 7
5771 5246 23
5771 5724 2
5771 5724 31
5771 5724 7
5771 5724 27
5771 5728 48
5771 5728 7
5771 5728 17
5771 5728 46
5771 5695 19
5771 5695 29
5771 5695 41
5771 5695 38
5771 5727 37
5771 5727 27
5771 5727 24
5771 5727 22
5771 5248 18
5771 5248 15
5771 5248 19
5771 5248 40
5771 5615 60
5771 5615 52
5771 5615 35
5771 5615 49
5771 5637 34
5771 5637 42
5771 5637 24
5771 5637 43
5771 5698 19
5771 5698 26
5771 5698 25
5771 5698 43
5771 5617 0
5771 5617 11
5771 5617 23
5771 5617 0
5771 5730 10
5771 5730 40
5771 5730 45
5771 5730 12
5771 5723 17
5771 5723 58
5771 5723 36
5771 5723 13
5771 5729 29
5771 5729 31
5771 5729 40
5771 5729 47
5771 5735 15
5771 5735 46
5771 5735 9
5771 5735 30
5771 5509 55
5771 5509 36
5771 5509 46
5771 5509 15
5771 5694 13
5771 5694 39
5771 5694 41
5771 5694 3
5771 5704 3
5771 5704 28
5771 5704 0
5771 5704 15
5771 9593 25
5771 9593 34
5771 9593 16
5771 9593 10
5771 5711 1
5771 5711 29
5771 5711 0
5771 5711 52
5771 5608 22
5771 5608 27
5771 5608 18
5771 5608 28
5771 5618 57
5771 5618 38
5771 5618 23
5771 5618 54
5771 5636 13
5771 5636 43
5771 5636 21
5771 5636 18
5876 5710 22
5876 5710 24
5876 5710 49
5876 5710 29
5876 5709 23
5876 5709 54
5876 5709 4
5876 5709 22
5876 5250 38
5876 5250 50
5876 5250 8
5876 5250 37
5876 5247 24
5876 5247 24
5876 5247 30
5876 5247 15
5876 5725 46
5876 5725 53
5876 5725 29
5876 5725 1
5876 5696 16
5876 5696 58
5876 5696 13
5876 5696 39
5876 5726 42
5876 5726 44
5876 5726 29
5876 5726 37
5876 5249 3
5876 5249 25
5876 5249 45
5876 5249 30
5876 5697 34
5876 5697 45
5876 5697 52
5876 5697 5
5876 5616 18
5876 5616 24
5876 5616 38
5876 5616 20
5876 5246 24
5876 5246 38
5876 5246 13
5876 5246 3
5876 5724 33
5876 5724 2
5876 5724 5
5876 5724 3
5876 5728 9
5876 5728 44
5876 5728 9
5876 5728 58
5876 5695 4
5876 5695 50
5876 5695 25
5876 5695 17
5876 5727 58
5876 5727 3
5876 5727 29
5876 5727 46
5876 5248 56
5876 5248 4
5876 5248 14
5876 5248 20
5876 5615 46
5876 5615 52
5876 5615 55
5876 5615 15
5876 5637 14
5876 5637 40
5876 5637 22
5876 5637 26
5876 5698 47
5876 5698 42
5876 5698 8
5876 5698 30
5876 5617 28
5876 5617 3
5876 5617 30
5876 5617 27
5876 5730 57
5876 5730 10
5876 5730 54
5876 5730 39
5876 5723 11
5876 5723 1
5876 5723 45
5876 5723 21
5876 5729 17
5876 5729 17
5876 5729 42
5876 5729 53
5876 5735 26
5876 5735 26
5876 5735 26
5876 5735 3
5876 5509 32
5876 5509 30
5876 5509 49
5876 5509 33
5876 5694 19
5876 5694 45
5876 5694 30
5876 5694 42
5876 5704 37
5876 5704 54
5876 5704 12
5876 5704 27
5876 9593 19
5876 9593 29
5876 9593 30
5876 9593 53
5876 5711 35
5876 5711 54
5876 5711 4
5876 5711 9
5876 5608 38
5876 5608 59
5876 5608 9
5876 5608 8
5876 5618 43
5876 5618 6
5876 5618 28
5876 5618 35
5876 5636 21
5876 5636 24
5876 5636 25
5876 5636 42
5749 5710 34
5749 5710 8
5749 5710 8
5749 5710 26
5749 5709 38
5749 5709 17
5749 5709 25
5749 5709 20
5749 5250 49
5749 5250 57
5749 5250 39
5749 5250 49
5749 5247 59
5749 5247 16
5749 5247 20
5749 5247 54
5749 5725 2
5749 5725 17
5749 5725 5
5749 5725 54
5749 5696 17
5749 5696 47
5749 5696 43
5749 5696 35
5749 5726 35
5749 5726 60
5749 5726 48
5749 5726 38
5749 5249 3
5749 5249 60
5749 5249 10
5749 5249 39
5749 5697 31
5749 5697 55
5749 5697 23
5749 5697 41
5749 5616 6
5749 5616 5
5749 5616 31
5749 5616 10
5749 5246 20
5749 5246 58
5749 5246 28
5749 5246 32
5749 5724 21
5749 5724 30
5749 5724 23
5749 5724 51
5749 5728 49
5749 5728 6
5749 5728 46
5749 5728 50
5749 5695 50
5749 5695 24
5749 5695 60
5749 5695 45
5749 5727 56
5749 5727 17
5749 5727 27
5749 5727 57
5749 5248 42
5749 5248 3
5749 5248 6
5749 5248 48
5749 5615 0
5749 5615 30
5749 5615 0
5749 5615 48
5749 5637 24
5749 5637 15
5749 5637 3
5749 5637 3
5749 5698 18
5749 5698 17
5749 5698 52
5749 5698 39
5749 5617 12
5749 5617 36
5749 5617 30
5749 5617 37
5749 5730 29
5749 5730 27
5749 5730 44
5749 5730 0
5749 5723 5
5749 5723 1
5749 5723 19
5749 5723 26
5749 5729 56
5749 5729 42
5749 5729 39
5749 5729 12
5749 5735 10
5749 5735 40
5749 5735 15
5749 5735 10
5749 5509 32
5749 5509 29
5749 5509 59
5749 5509 46
5749 5694 58
5749 5694 56
5749 5694 32
5749 5694 20
5749 5704 7
5749 5704 19
5749 5704 34
5749 5704 25
5749 9593 30
5749 9593 52
5749 9593 59
5749 9593 13
5749 5711 46
5749 5711 57
5749 5711 6
5749 5711 45
5749 5608 0
5749 5608 42
5749 5608 59
5749 5608 52
5749 5618 46
5749 5618 12
5749 5618 17
5749 5618 24
5749 5636 3
5749 5636 14
5749 5636 14
5749 5636 41
5757 5710 55
5757 5710 1
5757 5710 56
5757 5710 53
5757 5709 1
5757 5709 8
5757 5709 56
5757 5709 32
5757 5250 19
5757 5250 18
5757 5250 25
5757 5250 15
5757 5247 2
5757 5247 52
5757 5247 40
5757 5247 45
5757 5725 60
5757 5725 57
5757 5725 44
5757 5725 4
5757 5696 35
5757 5696 47
5757 5696 51
5757 5696 34
5757 5726 24
5757 5726 33
5757 5726 53
5757 5726 46
5757 5249 58
5757 5249 46
5757 5249 51
5757 5249 13
5757 5697 25
5757 5697 23
5757 5697 60
5757 5697 14
5757 5616 19
5757 5616 57
5757 5616 52
5757 5616 27
5757 5246 26
5757 5246 0
5757 5246 7
5757 5246 43
5757 5724 52
5757 5724 16
5757 5724 7
5757 5724 12
5757 5728 44
5757 5728 10
5757 5728 7
5757 5728 58
5757 5695 23
5757 5695 29
5757 5695 33
5757 5695 30
5757 5727 19
5757 5727 43
5757 5727 53
5757 5727 39
5757 5248 4
5757 5248 51
5757 5248 48
5757 5248 41
5757 5615 6
5757 5615 46
5757 5615 35
5757 5615 6
5757 5637 50
5757 5637 14
5757 5637 28
5757 5637 21
5757 5698 11
5757 5698 31
5757 5698 37
5757 5698 56
5757 5617 32
5757 5617 5
5757 5617 21
5757 5617 19
5757 5730 50
5757 5730 31
5757 5730 15
5757 5730 28
5757 5723 28
5757 5723 17
5757 5723 8
5757 5723 31
5757 5729 29
5757 5729 46
5757 5729 60
5757 5729 5
5757 5735 45
5757 5735 11
5757 5735 41
5757 5735 10
5757 5509 60
5757 5509 34
5757 5509 32
5757 5509 11
5757 5694 51
5757 5694 52
5757 5694 42
5757 5694 20
5757 5704 46
5757 5704 16
5757 5704 3
5757 5704 6
5757 9593 16
5757 9593 34
5757 9593 12
5757 9593 53
5757 5711 10
5757 5711 20
5757 5711 39
5757 5711 60
5757 5608 55
5757 5608 12
5757 5608 18
5757 5608 48
5757 5618 17
5757 5618 14
5757 5618 26
5757 5618 47
5757 5636 28
5757 5636 60
5757 5636 46
5757 5636 44
5763 5710 49
5763 5710 10
5763 5710 36
5763 5710 46
5763 5709 0
5763 5709 23
5763 5709 4
5763 5709 20
5763 5250 37
5763 5250 25
5763 5250 60
5763 5250 22
5763 5247 19
5763 5247 37
5763 5247 0
5763 5247 9
5763 5725 53
5763 5725 36
5763 5725 35
5763 5725 58
5763 5696 54
5763 5696 54
5763 5696 18
5763 5696 49
5763 5726 53
5763 5726 57
5763 5726 4
5763 5726 27
5763 5249 35
5763 5249 12
5763 5249 12
5763 5249 9
5763 5697 29
5763 5697 15
5763 5697 57
5763 5697 22
5763 5616 36
5763 5616 52
5763 5616 3
5763 5616 49
5763 5246 25
5763 5246 25
5763 5246 51
5763 5246 42
5763 5724 3
5763 5724 26
5763 5724 26
5763 5724 12
5763 5728 42
5763 5728 0
5763 5728 5
5763 5728 50
5763 5695 31
5763 5695 44
5763 5695 23
5763 5695 27
5763 5727 21
5763 5727 29
5763 5727 34
5763 5727 35
5763 5248 57
5763 5248 58
5763 5248 0
5763 5248 17
5763 5615 49
5763 5615 16
5763 5615 31
5763 5615 30
5763 5637 9
5763 5637 0
5763 5637 7
5763 5637 18
5763 5698 20
5763 5698 58
5763 5698 2
5763 5698 10
5763 5617 26
5763 5617 21
5763 5617 13
5763 5617 29
5763 5730 17
5763 5730 16
5763 5730 32
5763 5730 58
5763 5723 55
5763 5723 24
5763 5723 38
5763 5723 28
5763 5729 38
5763 5729 43
5763 5729 55
5763 5729 26
5763 5735 11
5763 5735 53
5763 5735 17
5763 5735 50
5763 5509 56
5763 5509 17
5763 5509 3
5763 5509 22
5763 5694 28
5763 5694 20
5763 5694 23
5763 5694 11
5763 5704 29
5763 5704 59
5763 5704 25
5763 5704 51
5763 9593 44
5763 9593 22
5763 9593 23
5763 9593 26
5763 5711 25
5763 5711 54
5763 5711 3
5763 5711 53
5763 5608 51
5763 5608 2
5763 5608 45
5763 5608 29
5763 5618 6
5763 5618 36
5763 5618 15
5763 5618 38
5763 5636 39
5763 5636 46
5763 5636 37
5763 5636 11
5751 5710 20
5751 5710 49
5751 5710 57
5751 5710 46
5751 5709 49
5751 5709 43
5751 5709 37
5751 5709 58
5751 5250 6
5751 5250 37
5751 5250 23
5751 5250 31
5751 5247 47
5751 5247 60
5751 5247 17
5751 5247 10
5751 5725 15
5751 5725 56
5751 5725 22
5751 5725 0
5751 5696 3
5751 5696 26
5751 5696 26
5751 5696 34
5751 5726 22
5751 5726 55
5751 5726 42
5751 5726 0
5751 5249 47
5751 5249 35
5751 5249 56
5751 5249 53
5751 5697 20
5751 5697 20
5751 5697 16
5751 5697 7
5751 5616 33
5751 5616 13
5751 5616 45
5751 5616 24
5751 5246 12
5751 5246 54
5751 5246 4
5751 5246 13
5751 5724 27
5751 5724 5
5751 5724 29
5751 5724 48
5751 5728 1
5751 5728 58
5751 5728 8
5751 5728 30
5751 5695 30
5751 5695 59
5751 5695 38
5751 5695 11
5751 5727 55
5751 5727 26
5751 5727 25
5751 5727 10
5751 5248 48
5751 5248 0
5751 5248 29
5751 5248 7
5751 5615 25
5751 5615 14
5751 5615 38
5751 5615 54
5751 5637 50
5751 5637 45
5751 5637 54
5751 5637 19
5751 5698 24
5751 5698 30
5751 5698 21
5751 5698 16
5751 5617 54
5751 5617 0
5751 5617 31
5751 5617 16
5751 5730 10
5751 5730 44
5751 5730 39
5751 5730 29
5751 5723 43
5751 5723 30
5751 5723 28
5751 5723 1
5751 5729 1
5751 5729 19
5751 5729 46
5751 5729 15
5751 5735 25
5751 5735 26
5751 5735 39
5751 5735 39
5751 5509 10
5751 5509 21
5751 5509 39
5751 5509 8
5751 5694 50
5751 5694 59
5751 5694 4
5751 5694 51
5751 5704 37
5751 5704 5
5751 5704 24
5751 5704 35
5751 9593 22
5751 9593 17
5751 9593 6
5751 9593 15
5751 5711 4
5751 5711 28
5751 5711 45
5751 5711 4
5751 5608 1
5751 5608 11
5751 5608 17
5751 5608 52
5751 5618 50
5751 5618 52
5751 5618 9
5751 5618 23
5751 5636 6
5751 5636 12
5751 5636 52
5751 5636 24
5769 5710 37
5769 5710 12
5769 5710 6
5769 5710 42
5769 5709 25
5769 5709 44
5769 5709 24
5769 5709 7
5769 5250 22
5769 5250 3
5769 5250 11
5769 5250 58
5769 5247 41
5769 5247 18
5769 5247 21
5769 5247 15
5769 5725 48
5769 5725 30
5769 5725 24
5769 5725 53
5769 5696 7
5769 5696 43
5769 5696 10
5769 5696 52
5769 5726 43
5769 5726 51
5769 5726 33
5769 5726 51
5769 5249 16
5769 5249 8
5769 5249 42
5769 5249 32
5769 5697 31
5769 5697 47
5769 5697 14
5769 5697 57
5769 5616 41
5769 5616 18
5769 5616 20
5769 5616 30
5769 5246 12
5769 5246 30
5769 5246 21
5769 5246 16
5769 5724 51
5769 5724 34
5769 5724 31
5769 5724 21
5769 5728 60
5769 5728 20
5769 5728 37
5769 5728 47
5769 5695 33
5769 5695 20
5769 5695 29
5769 5695 2
5769 5727 43
5769 5727 24
5769 5727 11
5769 5727 54
5769 5248 56
5769 5248 45
5769 5248 49
5769 5248 56
5769 5615 44
5769 5615 31
5769 5615 21
5769 5615 45
5769 5637 9
5769 5637 50
5769 5637 57
5769 5637 41
5769 5698 22
5769 5698 55
5769 5698 44
5769 5698 56
5769 5617 41
5769 5617 44
5769 5617 58
5769 5617 26
5769 5730 40
5769 5730 0
5769 5730 49
5769 5730 40
5769 5723 49
5769 5723 33
5769 5723 52
5769 5723 44
5769 5729 12
5769 5729 4
5769 5729 55
5769 5729 45
5769 5735 12
5769 5735 5
5769 5735 60
5769 5735 39
5769 5509 44
5769 5509 10
5769 5509 48
5769 5509 40
5769 5694 12
5769 5694 28
5769 5694 17
5769 5694 35
5769 5704 41
5769 5704 42
5769 5704 50
5769 5704 36
5769 9593 13
5769 9593 51
5769 9593 58
5769 9593 17
5769 5711 26
5769 5711 30
5769 5711 31
5769 5711 55
5769 5608 34
5769 5608 48
5769 5608 15
5769 5608 0
5769 5618 32
5769 5618 35
5769 5618 27
5769 5618 9
5769 5636 25
5769 5636 38
5769 5636 47
5769 5636 39
5667 5710 14
5667 5710 32
5667 5710 7
5667 5710 10
5667 5709 8
5667 5709 50
5667 5709 8
5667 5709 17
5667 5250 36
5667 5250 36
5667 5250 46
5667 5250 3
5667 5247 19
5667 5247 11
5667 5247 36
5667 5247 12
5667 5725 27
5667 5725 60
5667 5725 49
5667 5725 13
5667 5696 15
5667 5696 7
5667 5696 13
5667 5696 31
5667 5726 17
5667 5726 5
5667 5726 20
5667 5726 30
5667 5249 19
5667 5249 55
5667 5249 58
5667 5249 6
5667 5697 31
5667 5697 0
5667 5697 56
5667 5697 32
5667 5616 37
5667 5616 28
5667 5616 57
5667 5616 57
5667 5246 52
5667 5246 27
5667 5246 12
5667 5246 26
5667 5724 39
5667 5724 7
5667 5724 51
5667 5724 12
5667 5728 53
5667 5728 59
5667 5728 12
5667 5728 2
5667 5695 35
5667 5695 7
5667 5695 4
5667 5695 29
5667 5727 6
5667 5727 28
5667 5727 7
5667 5727 25
5667 5248 24
5667 5248 34
5667 5248 49
5667 5248 39
5667 5615 12
5667 5615 41
5667 5615 16
5667 5615 27
5667 5637 38
5667 5637 47
5667 5637 28
5667 5637 14
5667 5698 34
5667 5698 22
5667 5698 7
5667 5698 34
5667 5617 24
5667 5617 10
5667 5617 37
5667 5617 16
5667 5730 59
5667 5730 17
5667 5730 43
5667 5730 25
5667 5723 52
5667 5723 32
5667 5723 24
5667 5723 30
5667 5729 17
5667 5729 47
5667 5729 1
5667 5729 42
5667 5735 10
5667 5735 25
5667 5735 3
5667 5735 9
5667 5509 40
5667 5509 25
5667 5509 59
5667 5509 59
5667 5694 29
5667 5694 49
5667 5694 56
5667 5694 25
5667 5704 57
5667 5704 50
5667 5704 35
5667 5704 53
5667 9593 3
5667 9593 38
5667 9593 34
5667 9593 60
5667 5711 6
5667 5711 36
5667 5711 37
5667 5711 31
5667 5608 7
5667 5608 60
5667 5608 0
5667 5608 31
5667 5618 1
5667 5618 30
5667 5618 44
5667 5618 23
5667 5636 22
5667 5636 60
5667 5636 51
5667 5636 13
5670 5710 50
5670 5710 30
5670 5710 56
5670 5710 17
5670 5709 46
5670 5709 45
5670 5709 35
5670 5709 0
5670 5250 16
5670 5250 54
5670 5250 58
5670 5250 52
5670 5247 44
5670 5247 34
5670 5247 41
5670 5247 17
5670 5725 44
5670 5725 25
5670 5725 18
5670 5725 5
5670 5696 54
5670 5696 32
5670 5696 41
5670 5696 16
5670 5726 38
5670 5726 14
5670 5726 35
5670 5726 25
5670 5249 47
5670 5249 39
5670 5249 26
5670 5249 8
5670 5697 56
5670 5697 41
5670 5697 34
5670 5697 5
5670 5616 2
5670 5616 28
5670 5616 20
5670 5616 42
5670 5246 15
5670 5246 46
5670 5246 17
5670 5246 47
5670 5724 18
5670 5724 6
5670 5724 43
5670 5724 9
5670 5728 25
5670 5728 27
5670 5728 52
5670 5728 53
5670 5695 54
5670 5695 58
5670 5695 15
5670 5695 39
5670 5727 25
5670 5727 31
5670 5727 27
5670 5727 30
5670 5248 59
5670 5248 57
5670 5248 5
5670 5248 53
5670 5615 12
5670 5615 2
5670 5615 12
5670 5615 30
5670 5637 40
5670 5637 8
5670 5637 50
5670 5637 12
5670 5698 57
5670 5698 16
5670 5698 11
5670 5698 15
5670 5617 36
5670 5617 27
5670 5617 32
5670 5617 44
5670 5730 2
5670 5730 3
5670 5730 10
5670 5730 9
5670 5723 2
5670 5723 29
5670 5723 30
5670 5723 19
5670 5729 11
5670 5729 38
5670 5729 60
5670 5729 26
5670 5735 29
5670 5735 25
5670 5735 38
5670 5735 46
5670 5509 48
5670 5509 10
5670 5509 7
5670 5509 12
5670 5694 28
5670 5694 52
5670 5694 17
5670 5694 46
5670 5704 38
5670 5704 21
5670 5704 43
5670 5704 49
5670 9593 45
5670 9593 26
5670 9593 40
5670 9593 46
5670 5711 24
5670 5711 59
5670 5711 45
5670 5711 41
5670 5608 47
5670 5608 57
5670 5608 42
5670 5608 58
5670 5618 44
5670 5618 36
5670 5618 30
5670 5618 3
5670 5636 15
5670 5636 37
5670 5636 27
5670 5636 17
5779 5710 12
5779 5710 30
5779 5710 5
5779 5710 35
5779 5709 25
5779 5709 30
5779 5709 38
5779 5709 23
5779 5250 17
5779 5250 11
5779 5250 15
5779 5250 12
5779 5247 25
5779 5247 6
5779 5247 51
5779 5247 59
5779 5725 54
5779 5725 21
5779 5725 33
5779 5725 27
5779 5696 38
5779 5696 7
5779 5696 21
5779 5696 37
5779 5726 11
5779 5726 19
5779 5726 55
5779 5726 21
5779 5249 51
5779 5249 39
5779 5249 25
5779 5249 48
5779 5697 22
5779 5697 23
5779 5697 23
5779 5697 53
5779 5616 35
5779 5616 28
5779 5616 30
5779 5616 22
5779 5246 40
5779 5246 39
5779 5246 27
5779 5246 29
5779 5724 15
5779 5724 58
5779 5724 19
5779 5724 58
5779 5728 25
5779 5728 18
5779 5728 53
5779 5728 31
5779 5695 30
5779 5695 23
5779 5695 15
5779 5695 47
5779 5727 3
5779 5727 31
5779 5727 24
5779 5727 0
5779 5248 51
5779 5248 8
5779 5248 29
5779 5248 44
5779 5615 28
5779 5615 44
5779 5615 26
5779 5615 41
5779 5637 16
5779 5637 1
5779 5637 52
5779 5637 8
5779 5698 56
5779 5698 16
5779 5698 22
5779 5698 60
5779 5617 36
5779 5617 5
5779 5617 9
5779 5617 14
5779 5730 15
5779 5730 47
5779 5730 42
5779 5730 45
5779 5723 14
5779 5723 24
5779 5723 17
5779 5723 44
5779 5729 18
5779 5729 55
5779 5729 7
5779 5729 48
5779 5735 55
5779 5735 34
5779 5735 10
5779 5735 34
5779 5509 35
5779 5509 44
5779 5509 52
5779 5509 14
5779 5694 51
5779 5694 35
5779 5694 22
5779 5694 8
5779 5704 40
5779 5704 5
5779 5704 51
5779 5704 59
5779 9593 60
5779 9593 10
5779 9593 2
5779 9593 50
5779 5711 0
5779 5711 15
5779 5711 3
5779 5711 15
5779 5608 48
5779 5608 27
5779 5608 25
5779 5608 59
5779 5618 27
5779 5618 32
5779 5618 49
5779 5618 1
5779 5636 60
5779 5636 9
5779 5636 49
5779 5636 38
5780 5710 36
5780 5710 33
5780 5710 48
5780 5710 52
5780 5709 33
5780 5709 50
5780 5709 40
5780 5709 13
5780 5250 5
5780 5250 23
5780 5250 54
5780 5250 4
5780 5247 34
5780 5247 24
5780 5247 30
5780 5247 44
5780 5725 58
5780 5725 32
5780 5725 58
5780 5725 13
5780 5696 23
5780 5696 50
5780 5696 54
5780 5696 57
5780 5726 6
5780 5726 39
5780 5726 33
5780 5726 2
5780 5249 54
5780 5249 49
5780 5249 19
5780 5249 4
5780 5697 45
5780 5697 16
5780 5697 5
5780 5697 4
5780 5616 24
5780 5616 21
5780 5616 42
5780 5616 9
5780 5246 44
5780 5246 23
5780 5246 50
5780 5246 30
5780 5724 14
5780 5724 34
5780 5724 0
5780 5724 23
5780 5728 10
5780 5728 3
5780 5728 38
5780 5728 20
5780 5695 46
5780 5695 44
5780 5695 46
5780 5695 1
5780 5727 48
5780 5727 44
5780 5727 52
5780 5727 6
5780 5248 32
5780 5248 11
5780 5248 22
5780 5248 60
5780 5615 13
5780 5615 18
5780 5615 31
5780 5615 25
5780 5637 15
5780 5637 33
5780 5637 29
5780 5637 14
5780 5698 27
5780 5698 25
5780 5698 21
5780 5698 6
5780 5617 28
5780 5617 47
5780 5617 19
5780 5617 14
5780 5730 24
5780 5730 47
5780 5730 20
5780 5730 50
5780 5723 30
5780 5723 33
5780 5723 35
5780 5723 42
5780 5729 46
5780 5729 49
5780 5729 32
5780 5729 32
5780 5735 53
5780 5735 13
5780 5735 55
5780 5735 13
5780 5509 16
5780 5509 16
5780 5509 0
5780 5509 28
5780 5694 2
5780 5694 24
5780 5694 40
5780 5694 24
5780 5704 24
5780 5704 11
5780 5704 21
5780 5704 42
5780 9593 33
5780 9593 1
5780 9593 57
5780 9593 6
5780 5711 57
5780 5711 16
5780 5711 51
5780 5711 27
5780 5608 40
5780 5608 45
5780 5608 26
5780 5608 24
5780 5618 18
5780 5618 46
5780 5618 49
5780 5618 12
5780 5636 27
5780 5636 46
5780 5636 57
5780 5636 21
5877 5710 39
5877 5710 39
5877 5710 52
5877 5710 21
5877 5709 36
5877 5709 48
5877 5709 42
5877 5709 3
5877 5250 46
5877 5250 41
5877 5250 47
5877 5250 59
5877 5247 4
5877 5247 23
5877 5247 7
5877 5247 9
5877 5725 36
5877 5725 5
5877 5725 38
5877 5725 35
5877 5696 25
5877 5696 29
5877 5696 26
5877 5696 19
5877 5726 58
5877 5726 33
5877 5726 41
5877 5726 11
5877 5249 43
5877 5249 38
5877 5249 54
5877 5249 14
5877 5697 34
5877 5697 1
5877 5697 42
5877 5697 58
5877 5616 5
5877 5616 0
5877 5616 3
5877 5616 44
5877 5246 12
5877 5246 22
5877 5246 55
5877 5246 24
5877 5724 13
5877 5724 10
5877 5724 10
5877 5724 44
5877 5728 39
5877 5728 4
5877 5728 39
5877 5728 60
5877 5695 55
5877 5695 42
5877 5695 25
5877 5695 42
5877 5727 36
5877 5727 39
5877 5727 37
5877 5727 57
5877 5248 59
5877 5248 60
5877 5248 44
5877 5248 31
5877 5615 0
5877 5615 5
5877 5615 34
5877 5615 33
5877 5637 6
5877 5637 41
5877 5637 55
5877 5637 52
5877 5698 22
5877 5698 22
5877 5698 4
5877 5698 60
5877 5617 44
5877 5617 24
5877 5617 3
5877 5617 4
5877 5730 16
5877 5730 52
5877 5730 0
5877 5730 34
5877 5723 36
5877 5723 59
5877 5723 44
5877 5723 14
5877 5729 56
5877 5729 54
5877 5729 37
5877 5729 59
5877 5735 38
5877 5735 20
5877 5735 25
5877 5735 48
5877 5509 40
5877 5509 2
5877 5509 13
5877 5509 60
5877 5694 18
5877 5694 11
5877 5694 56
5877 5694 31
5877 5704 54
5877 5704 53
5877 5704 22
5877 5704 17
5877 9593 17
5877 9593 33
5877 9593 4
5877 9593 22
5877 5711 36
5877 5711 33
5877 5711 46
5877 5711 46
5877 5608 42
5877 5608 37
5877 5608 5
5877 5608 44
5877 5618 19
5877 5618 29
5877 5618 16
5877 5618 37
5877 5636 7
5877 5636 37
5877 5636 55
5877 5636 15
5748 5710 45
5748 5710 48
5748 5710 15
5748 5710 12
5748 5709 34
5748 5709 45
5748 5709 35
5748 5709 12
5748 5250 18
5748 5250 16
5748 5250 15
5748 5250 56
5748 5247 41
5748 5247 2
5748 5247 18
5748 5247 60
5748 5725 25
5748 5725 38
5748 5725 27
5748 5725 31
5748 5696 26
5748 5696 38
5748 5696 45
5748 5696 34
5748 5726 56
5748 5726 53
5748 5726 32
5748 5726 12
5748 5249 11
5748 5249 44
5748 5249 6
5748 5249 36
5748 5697 38
5748 5697 30
5748 5697 52
5748 5697 60
5748 5616 55
5748 5616 30
5748 5616 17
5748 5616 47
5748 5246 47
5748 5246 27
5748 5246 23
5748 5246 34
5748 5724 9
5748 5724 0
5748 5724 53
5748 5724 50
5748 5728 4
5748 5728 24
5748 5728 58
5748 5728 11
5748 5695 11
5748 5695 45
5748 5695 17
5748 5695 13
5748 5727 27
5748 5727 33
5748 5727 9
5748 5727 20
5748 5248 27
5748 5248 20
5748 5248 59
5748 5248 53
5748 5615 17
5748 5615 14
5748 5615 40
5748 5615 25
5748 5637 43
5748 5637 2
5748 5637 60
5748 5637 38
5748 5698 11
5748 5698 16
5748 5698 7
5748 5698 59
5748 5617 52
5748 5617 0
5748 5617 31
5748 5617 31
5748 5730 38
5748 5730 11
5748 5730 34
5748 5730 12
5748 5723 43
5748 5723 11
5748 5723 60
5748 5723 5
5748 5729 24
5748 5729 47
5748 5729 16
5748 5729 51
5748 5735 19
5748 5735 39
5748 5735 12
5748 5735 19
5748 5509 24
5748 5509 31
5748 5509 48
5748 5509 30
5748 5694 43
5748 5694 28
5748 5694 24
5748 5694 10
5748 5704 22
5748 5704 34
5748 5704 1
5748 5704 42
5748 9593 5
5748 9593 25
5748 9593 51
5748 9593 23
5748 5711 32
5748 5711 55
5748 5711 44
5748 5711 52
5748 5608 33
5748 5608 32
5748 5608 7
5748 5608 54
5748 5618 28
5748 5618 55
5748 5618 56
5748 5618 37
5748 5636 46
5748 5636 59
5748 5636 20
5748 5636 56
5750 5710 56
5750 5710 15
5750 5710 58
5750 5710 33
5750 5709 30
5750 5709 44
5750 5709 0
5750 5709 9
5750 5250 10
5750 5250 47
5750 5250 5
5750 5250 23
5750 5247 29
5750 5247 23
5750 5247 10
5750 5247 35
5750 5725 44
5750 5725 21
5750 5725 38
5750 5725 8
5750 5696 43
5750 5696 51
5750 5696 38
5750 5696 28
5750 5726 33
5750 5726 36
5750 5726 21
5750 5726 10
5750 5249 36
5750 5249 46
5750 5249 47
5750 5249 21
5750 5697 56
5750 5697 14
5750 5697 5
5750 5697 26
5750 5616 4
5750 5616 53
5750 5616 48
5750 5616 56
5750 5246 4
5750 5246 48
5750 5246 54
5750 5246 21
5750 5724 40
5750 5724 18
5750 5724 52
5750 5724 59
5750 5728 40
5750 5728 42
5750 5728 45
5750 5728 9
5750 5695 18
5750 5695 14
5750 5695 40
5750 5695 46
5750 5727 26
5750 5727 10
5750 5727 34
5750 5727 59
5750 5248 29
5750 5248 55
5750 5248 46
5750 5248 10
5750 5615 36
5750 5615 32
5750 5615 45
5750 5615 6
5750 5637 39
5750 5637 55
5750 5637 35
5750 5637 18
5750 5698 26
5750 5698 27
5750 5698 36
5750 5698 36
5750 5617 58
5750 5617 18
5750 5617 44
5750 5617 6
5750 5730 45
5750 5730 16
5750 5730 19
5750 5730 25
5750 5723 3
5750 5723 56
5750 5723 44
5750 5723 35
5750 5729 38
5750 5729 39
5750 5729 59
5750 5729 22
5750 5735 46
5750 5735 17
5750 5735 40
5750 5735 52
5750 5509 59
5750 5509 5
5750 5509 4
5750 5509 27
5750 5694 48
5750 5694 57
5750 5694 14
5750 5694 23
5750 5704 45
5750 5704 60
5750 5704 5
5750 5704 13
5750 9593 59
5750 9593 31
5750 9593 25
5750 9593 46
5750 5711 29
5750 5711 43
5750 5711 1
5750 5711 51
5750 5608 35
5750 5608 27
5750 5608 40
5750 5608 44
5750 5618 52
5750 5618 55
5750 5618 25
5750 5618 37
5750 5636 20
5750 5636 20
5750 5636 15
5750 5636 1
5760 5710 12
5760 5710 31
5760 5710 48
5760 5710 7
5760 5709 33
5760 5709 19
5760 5709 33
5760 5709 51
5760 5250 30
5760 5250 50
5760 5250 48
5760 5250 41
5760 5247 25
5760 5247 25
5760 5247 13
5760 5247 39
5760 5725 21
5760 5725 22
5760 5725 44
5760 5725 53
5760 5696 14
5760 5696 41
5760 5696 48
5760 5696 22
5760 5726 25
5760 5726 60
5760 5726 30
5760 5726 24
5760 5249 18
5760 5249 5
5760 5249 56
5760 5249 40
5760 5697 4
5760 5697 10
5760 5697 30
5760 5697 27
5760 5616 26
5760 5616 24
5760 5616 6
5760 5616 0
5760 5246 20
5760 5246 23
5760 5246 17
5760 5246 37
5760 5724 2
5760 5724 55
5760 5724 47
5760 5724 34
5760 5728 6
5760 5728 54
5760 5728 8
5760 5728 21
5760 5695 24
5760 5695 53
5760 5695 14
5760 5695 36
5760 5727 56
5760 5727 19
5760 5727 42
5760 5727 25
5760 5248 26
5760 5248 22
5760 5248 58
5760 5248 52
5760 5615 57
5760 5615 36
5760 5615 22
5760 5615 3
5760 5637 41
5760 5637 32
5760 5637 57
5760 5637 12
5760 5698 29
5760 5698 33
5760 5698 54
5760 5698 29
5760 5617 27
5760 5617 27
5760 5617 42
5760 5617 46
5760 5730 44
5760 5730 39
5760 5730 8
5760 5730 48
5760 5723 9
5760 5723 28
5760 5723 17
5760 5723 25
5760 5729 2
5760 5729 4
5760 5729 15
5760 5729 22
5760 5735 7
5760 5735 14
5760 5735 15
5760 5735 14
5760 5509 0
5760 5509 53
5760 5509 35
5760 5509 28
5760 5694 13
5760 5694 53
5760 5694 6
5760 5694 28
5760 5704 35
5760 5704 33
5760 5704 2
5760 5704 58
5760 9593 14
5760 9593 16
5760 9593 29
5760 9593 19
5760 5711 37
5760 5711 26
5760 5711 23
5760 5711 43
5760 5608 14
5760 5608 8
5760 5608 46
5760 5608 17
5760 5618 29
5760 5618 22
5760 5618 16
5760 5618 47
5760 5636 42
5760 5636 26
5760 5636 60
5760 5636 12
5768 5710 14
5768 5710 28
5768 5710 37
5768 5710 10
5768 5709 45
5768 5709 4
5768 5709 37
5768 5709 46
5768 5250 42
5768 5250 60
5768 5250 18
5768 5250 59
5768 5247 54
5768 5247 41
5768 5247 14
5768 5247 19
5768 5725 54
5768 5725 13
5768 5725 30
5768 5725 2
5768 5696 20
5768 5696 11
5768 5696 18
5768 5696 54
5768 5726 5
5768 5726 8
5768 5726 51
5768 5726 18
5768 5249 35
5768 5249 5
5768 5249 32
5768 5249 8
5768 5697 33
5768 5697 0
5768 5697 17
5768 5697 20
5768 5616 31
5768 5616 5
5768 5616 55
5768 5616 33
5768 5246 41
5768 5246 45
5768 5246 56
5768 5246 46
5768 5724 56
5768 5724 57
5768 5724 16
5768 5724 47
5768 5728 44
5768 5728 35
5768 5728 49
5768 5728 37
5768 5695 45
5768 5695 56
5768 5695 34
5768 5695 10
5768 5727 31
5768 5727 11
5768 5727 28
5768 5727 52
5768 5248 39
5768 5248 26
5768 5248 32
5768 5248 16
5768 5615 28
5768 5615 54
5768 5615 40
5768 5615 21
5768 5637 53
5768 5637 18
5768 5637 14
5768 5637 56
5768 5698 31
5768 5698 47
5768 5698 19
5768 5698 21
5768 5617 56
5768 5617 12
5768 5617 6
5768 5617 38
5768 5730 47
5768 5730 23
5768 5730 2
5768 5730 23
5768 5723 45
5768 5723 31
5768 5723 58
5768 5723 7
5768 5729 5
5768 5729 52
5768 5729 19
5768 5729 23
5768 5735 28
5768 5735 54
5768 5735 58
5768 5735 5
5768 5509 37
5768 5509 42
5768 5509 41
5768 5509 59
5768 5694 12
5768 5694 39
5768 5694 21
5768 5694 16
5768 5704 52
5768 5704 22
5768 5704 25
5768 5704 12
5768 9593 44
5768 9593 45
5768 9593 19
5768 9593 11
5768 5711 50
5768 5711 14
5768 5711 31
5768 5711 10
5768 5608 27
5768 5608 43
5768 5608 47
5768 5608 6
5768 5618 6
5768 5618 52
5768 5618 31
5768 5618 34
5768 5636 27
5768 5636 3
5768 5636 27
5768 5636 23
5747 5710 26
5747 5710 41
5747 5710 23
5747 5710 45
5747 5709 33
5747 5709 47
5747 5709 47
5747 5709 6
5747 5250 43
5747 5250 30
5747 5250 43
5747 5250 4
5747 5247 33
5747 5247 12
5747 5247 11
5747 5247 27
5747 5725 29
5747 5725 47
5747 5725 43
5747 5725 44
5747 5696 26
5747 5696 38
5747 5696 27
5747 5696 49
5747 5726 41
5747 5726 60
5747 5726 13
5747 5726 60
5747 5249 40
5747 5249 23
5747 5249 13
5747 5249 7
5747 5697 39
5747 5697 32
5747 5697 44
5747 5697 33
5747 5616 18
5747 5616 9
5747 5616 10
5747 5616 17
5747 5246 55
5747 5246 60
5747 5246 59
5747 5246 35
5747 5724 7
5747 5724 23
5747 5724 46
5747 5724 14
5747 5728 3
5747 5728 21
5747 5728 47
5747 5728 21
5747 5695 24
5747 5695 40
5747 5695 55
5747 5695 56
5747 5727 16
5747 5727 53
5747 5727 0
5747 5727 5
5747 5248 1
5747 5248 52
5747 5248 2
5747 5248 51
5747 5615 30
5747 5615 24
5747 5615 33
5747 5615 5
5747 5637 1
5747 5637 40
5747 5637 36
5747 5637 59
5747 5698 24
5747 5698 52
5747 5698 18
5747 5698 15
5747 5617 28
5747 5617 8
5747 5617 36
5747 5617 6
5747 5730 23
5747 5730 54
5747 5730 47
5747 5730 0
5747 5723 7
5747 5723 29
5747 5723 35
5747 5723 58
5747 5729 24
5747 5729 39
5747 5729 27
5747 5729 19
5747 5735 35
5747 5735 27
5747 5735 44
5747 5735 18
5747 5509 20
5747 5509 49
5747 5509 20
5747 5509 35
5747 5694 35
5747 5694 60
5747 5694 18
5747 5694 48
5747 5704 46
5747 5704 14
5747 5704 32
5747 5704 26
5747 9593 36
5747 9593 50
5747 9593 48
5747 9593 25
5747 5711 38
5747 5711 57
5747 5711 52
5747 5711 7
5747 5608 39
5747 5608 31
5747 5608 6
5747 5608 0
5747 5618 56
5747 5618 2
5747 5618 28
5747 5618 37
5747 5636 4
5747 5636 31
5747 5636 5
5747 5636 5
5648 5710 26
5648 5710 38
5648 5710 8
5648 5710 16
5648 5709 14
5648 5709 31
5648 5709 54
5648 5709 46
5648 5250 8
5648 5250 11
5648 5250 52
5648 5250 52
5648 5247 59
5648 5247 34
5648 5247 30
5648 5247 10
5648 5725 15
5648 5725 8
5648 5725 51
5648 5725 1
5648 5696 49
5648 5696 24
5648 5696 32
5648 5696 60
5648 5726 25
5648 5726 2
5648 5726 6
5648 5726 58
5648 5249 21
5648 5249 50
5648 5249 36
5648 5249 8
5648 5697 8
5648 5697 6
5648 5697 29
5648 5697 8
5648 5616 16
5648 5616 11
5648 5616 36
5648 5616 22
5648 5246 43
5648 5246 59
5648 5246 47
5648 5246 43
5648 5724 8
5648 5724 46
5648 5724 10
5648 5724 7
5648 5728 39
5648 5728 39
5648 5728 27
5648 5728 15
5648 5695 33
5648 5695 32
5648 5695 9
5648 5695 34
5648 5727 4
5648 5727 25
5648 5727 11
5648 5727 49
5648 5248 13
5648 5248 7
5648 5248 32
5648 5248 35
5648 5615 32
5648 5615 42
5648 5615 23
5648 5615 60
5648 5637 26
5648 5637 56
5648 5637 40
5648 5637 34
5648 5698 34
5648 5698 49
5648 5698 12
5648 5698 60
5648 5617 51
5648 5617 40
5648 5617 43
5648 5617 15
5648 5730 53
5648 5730 57
5648 5730 30
5648 5730 21
5648 5723 13
5648 5723 56
5648 5723 60
5648 5723 10
5648 5729 30
5648 5729 33
5648 5729 5
5648 5729 22
5648 5735 19
5648 5735 56
5648 5735 32
5648 5735 43
5648 5509 45
5648 5509 54
5648 5509 51
5648 5509 19
5648 5694 21
5648 5694 33
5648 5694 52
5648 5694 48
5648 5704 10
5648 5704 11
5648 5704 34
5648 5704 44
5648 9593 60
5648 9593 12
5648 9593 58
5648 9593 40
5648 5711 6
5648 5711 24
5648 5711 11
5648 5711 31
5648 5608 17
5648 5608 23
5648 5608 24
5648 5608 43
5648 5618 49
5648 5618 37
5648 5618 24
5648 5618 34
5648 5636 42
5648 5636 58
5648 5636 18
5648 5636 32
5668 5710 28
5668 5710 30
5668 5710 18
5668 5710 45
5668 5709 51
5668 5709 19
5668 5709 56
5668 5709 60
5668 5250 32
5668 5250 12
5668 5250 24
5668 5250 20
5668 5247 60
5668 5247 41
5668 5247 19
5668 5247 44
5668 5725 56
5668 5725 37
5668 5725 36
5668 5725 6
5668 5696 60
5668 5696 9
5668 5696 10
5668 5696 0
5668 5726 60
5668 5726 22
5668 5726 5
5668 5726 41
5668 5249 10
5668 5249 36
5668 5249 13
5668 5249 49
5668 5697 45
5668 5697 52
5668 5697 29
5668 5697 26
5668 5616 12
5668 5616 24
5668 5616 31
5668 5616 25
5668 5246 54
5668 5246 18
5668 5246 41
5668 5246 17
5668 5724 45
5668 5724 3
5668 5724 44
5668 5724 58
5668 5728 22
5668 5728 26
5668 5728 32
5668 5728 40
5668 5695 44
5668 5695 1
5668 5695 54
5668 5695 28
5668 5727 25
5668 5727 55
5668 5727 10
5668 5727 6
5668 5248 48
5668 5248 53
5668 5248 44
5668 5248 44
5668 5615 10
5668 5615 34
5668 5615 58
5668 5615 57
5668 5637 24
5668 5637 14
5668 5637 48
5668 5637 53
5668 5698 30
5668 5698 45
5668 5698 56
5668 5698 54
5668 5617 41
5668 5617 58
5668 5617 31
5668 5617 36
5668 5730 3
5668 5730 41
5668 5730 60
5668 5730 21
5668 5723 25
5668 5723 48
5668 5723 1
5668 5723 24
5668 5729 11
5668 5729 6
5668 5729 56
5668 5729 39
5668 5735 0
5668 5735 41
5668 5735 30
5668 5735 55
5668 5509 32
5668 5509 13
5668 5509 28
5668 5509 44
5668 5694 31
5668 5694 43
5668 5694 58
5668 5694 57
5668 5704 4
5668 5704 16
5668 5704 24
5668 5704 51
5668 9593 21
5668 9593 44
5668 9593 26
5668 9593 51
5668 5711 52
5668 5711 59
5668 5711 43
5668 5711 12
5668 5608 31
5668 5608 9
5668 5608 9
5668 5608 37
5668 5618 46
5668 5618 19
5668 5618 50
5668 5618 58
5668 5636 57
5668 5636 43
5668 5636 10
5668 5636 35
5775 5710 53
5775 5710 44
5775 5710 6
5775 5710 39
5775 5709 25
5775 5709 1
5775 5709 4
5775 5709 24
5775 5250 47
5775 5250 6
5775 5250 31
5775 5250 39
5775 5247 27
5775 5247 53
5775 5247 20
5775 5247 8
5775 5725 53
5775 5725 8
5775 5725 41
5775 5725 20
5775 5696 17
5775 5696 7
5775 5696 17
5775 5696 47
5775 5726 20
5775 5726 16
5775 5726 5
5775 5726 54
5775 5249 5
5775 5249 10
5775 5249 57
5775 5249 12
5775 5697 28
5775 5697 53
5775 5697 57
5775 5697 16
5775 5616 28
5775 5616 17
5775 5616 43
5775 5616 28
5775 5246 7
5775 5246 42
5775 5246 52
5775 5246 15
5775 5724 46
5775 5724 48
5775 5724 48
5775 5724 37
5775 5728 28
5775 5728 28
5775 5728 59
5775 5728 11
5775 5695 33
5775 5695 26
5775 5695 33
5775 5695 28
5775 5727 33
5775 5727 25
5775 5727 2
5775 5727 51
5775 5248 3
5775 5248 25
5775 5248 12
5775 5248 30
5775 5615 59
5775 5615 1
5775 5615 57
5775 5615 51
5775 5637 24
5775 5637 37
5775 5637 16
5775 5637 21
5775 5698 49
5775 5698 43
5775 5698 31
5775 5698 35
5775 5617 5
5775 5617 45
5775 5617 35
5775 5617 0
5775 5730 0
5775 5730 34
5775 5730 40
5775 5730 56
5775 5723 41
5775 5723 27
5775 5723 52
5775 5723 58
5775 5729 57
5775 5729 39
5775 5729 37
5775 5729 8
5775 5735 43
5775 5735 32
5775 5735 55
5775 5735 14
5775 5509 48
5775 5509 37
5775 5509 33
5775 5509 19
5775 5694 25
5775 5694 14
5775 5694 45
5775 5694 14
5775 5704 28
5775 5704 35
5775 5704 33
5775 5704 5
5775 9593 3
5775 9593 21
5775 9593 59
5775 9593 22
5775 5711 10
5775 5711 45
5775 5711 55
5775 5711 34
5775 5608 40
5775 5608 48
5775 5608 42
5775 5608 51
5775 5618 48
5775 5618 4
5775 5618 22
5775 5618 32
5775 5636 3
5775 5636 2
5775 5636 34
5775 5636 44
5651 5710 13
5651 5710 38
5651 5710 37
5651 5710 56
5651 5709 56
5651 5709 17
5651 5709 35
5651 5709 33
5651 5250 0
5651 5250 2
5651 5250 32
5651 5250 4
5651 5247 32
5651 5247 59
5651 5247 28
5651 5247 34
5651 5725 29
5651 5725 24
5651 5725 7
5651 5725 48
5651 5696 29
5651 5696 22
5651 5696 42
5651 5696 2
5651 5726 49
5651 5726 39
5651 5726 41
5651 5726 26
5651 5249 2
5651 5249 2
5651 5249 50
5651 5249 3
5651 5697 21
5651 5697 6
5651 5697 43
5651 5697 13
5651 5616 47
5651 5616 10
5651 5616 20
5651 5616 45
5651 5246 22
5651 5246 38
5651 5246 23
5651 5246 10
5651 5724 18
5651 5724 50
5651 5724 12
5651 5724 40
5651 5728 21
5651 5728 11
5651 5728 29
5651 5728 23
5651 5695 26
5651 5695 52
5651 5695 28
5651 5695 46
5651 5727 37
5651 5727 30
5651 5727 27
5651 5727 53
5651 5248 2
5651 5248 18
5651 5248 46
5651 5248 1
5651 5615 43
5651 5615 39
5651 5615 36
5651 5615 40
5651 5637 12
5651 5637 5
5651 5637 26
5651 5637 33
5651 5698 12
5651 5698 1
5651 5698 6
5651 5698 30
5651 5617 54
5651 5617 16
5651 5617 3
5651 5617 32
5651 5730 55
5651 5730 33
5651 5730 6
5651 5730 41
5651 5723 22
5651 5723 41
5651 5723 28
5651 5723 42
5651 5729 46
5651 5729 57
5651 5729 59
5651 5729 19
5651 5735 48
5651 5735 6
5651 5735 23
5651 5735 56
5651 5509 8
5651 5509 40
5651 5509 29
5651 5509 24
5651 5694 23
5651 5694 49
5651 5694 14
5651 5694 21
5651 5704 54
5651 5704 2
5651 5704 37
5651 5704 32
5651 9593 41
5651 9593 38
5651 9593 15
5651 9593 51
5651 5711 52
5651 5711 49
5651 5711 20
5651 5711 38
5651 5608 19
5651 5608 36
5651 5608 52
5651 5608 58
5651 5618 27
5651 5618 42
5651 5618 23
5651 5618 32
5651 5636 17
5651 5636 54
5651 5636 20
5651 5636 33
5671 5710 30
5671 5710 0
5671 5710 22
5671 5710 9
5671 5709 15
5671 5709 31
5671 5709 55
5671 5709 23
5671 5250 56
5671 5250 29
5671 5250 47
5671 5250 10
5671 5247 39
5671 5247 38
5671 5247 47
5671 5247 31
5671 5725 42
5671 5725 21
5671 5725 40
5671 5725 42
5671 5696 22
5671 5696 60
5671 5696 51
5671 5696 10
5671 5726 36
5671 5726 29
5671 5726 37
5671 5726 46
5671 5249 23
5671 5249 57
5671 5249 22
5671 5249 25
5671 5697 8
5671 5697 23
5671 5697 52
5671 5697 60
5671 5616 49
5671 5616 58
5671 5616 8
5671 5616 7
5671 5246 19
5671 5246 35
5671 5246 22
5671 5246 16
5671 5724 29
5671 5724 21
5671 5724 5
5671 5724 25
5671 5728 36
5671 5728 13
5671 5728 41
5671 5728 40
5671 5695 43
5671 5695 37
5671 5695 52
5671 5695 4
5671 5727 33
5671 5727 28
5671 5727 47
5671 5727 19
5671 5248 9
5671 5248 51
5671 5248 15
5671 5248 33
5671 5615 29
5671 5615 10
5671 5615 41
5671 5615 25
5671 5637 52
5671 5637 31
5671 5637 54
5671 5637 56
5671 5698 53
5671 5698 17
5671 5698 8
5671 5698 2
5671 5617 8
5671 5617 18
5671 5617 16
5671 5617 36
5671 5730 29
5671 5730 53
5671 5730 23
5671 5730 24
5671 5723 59
5671 5723 23
5671 5723 32
5671 5723 40
5671 5729 56
5671 5729 28
5671 5729 13
5671 5729 36
5671 5735 1
5671 5735 58
5671 5735 16
5671 5735 9
5671 5509 56
5671 5509 3
5671 5509 49
5671 5509 54
5671 5694 44
5671 5694 50
5671 5694 41
5671 5694 28
5671 5704 44
5671 5704 55
5671 5704 31
5671 5704 24
5671 9593 47
5671 9593 22
5671 9593 19
5671 9593 10
5671 5711 17
5671 5711 35
5671 5711 26
5671 5711 35
5671 5608 47
5671 5608 3
5671 5608 41
5671 5608 40
5671 5618 41
5671 5618 16
5671 5618 16
5671 5618 50
5671 5636 18
5671 5636 18
5671 5636 22
5671 5636 6
