6168 6145 47
6168 6146 45
6168 6132 11
6168 6147 0
6168 6133 5
6168 6150 11
6168 5801 56
6168 6134 16
6168 6141 14
6168 6153 54
6168 6148 23
6168 5804 30
6168 6135 46
6168 5800 5
6168 5578 43
6168 6138 28
6168 6140 20
6168 6152 12
6168 6197 17
6168 6192 47
6168 6149 1
6168 5577 15
6168 5805 48
6168 6122 19
6168 5794 38
6168 6139 28
6168 5567 58
6168 5810 27
6168 6142 34
6168 6143 25
6168 6162 29
6168 6196 30
6167 6145 12
6167 6146 26
6167 6132 8
6167 6147 38
6167 6133 46
6167 6150 58
6167 5801 31
6167 6134 27
6167 6141 28
6167 6153 42
6167 6148 10
6167 5804 52
6167 6135 58
6167 5800 54
6167 5578 59
6167 6138 3
6167 6140 24
6167 6152 34
6167 6197 19
6167 6192 1
6167 6149 38
6167 5577 52
6167 5805 37
6167 6122 29
6167 5794 18
6167 6139 50
6167 5567 14
6167 5810 54
6167 6142 60
6167 6143 28
6167 6162 39
6167 6196 55
6169 6145 26
6169 6146 50
6169 6132 58
6169 6147 37
6169 6133 24
6169 6150 47
6169 5801 6
6169 6134 46
6169 6141 25
6169 6153 53
6169 6148 24
6169 5804 34
6169 6135 19
6169 5800 50
6169 5578 3
6169 6138 56
6169 6140 23
6169 6152 59
6169 6197 56
6169 6192 31
6169 6149 25
6169 5577 42
6169 5805 26
6169 6122 3
6169 5794 21
6169 6139 15
6169 5567 50
6169 5810 35
6169 6142 36
6169 6143 17
6169 6162 32
6169 6196 21
6156 6145 50
6156 6146 11
6156 6132 10
6156 6147 13
6156 6133 1
6156 6150 20
6156 5801 17
6156 6134 54
6156 6141 49
6156 6153 36
6156 6148 1
6156 5804 9
6156 6135 39
6156 5800 22
6156 5578 24
6156 6138 35
6156 6140 32
6156 6152 30
6156 6197 36
6156 6192 43
6156 6149 46
6156 5577 33
6156 5805 38
6156 6122 34
6156 5794 0
6156 6139 30
6156 5567 21
6156 5810 10
6156 6142 49
6156 6143 11
6156 6162 33
6156 6196 39
6170 6145 41
6170 6146 48
6170 6132 49
6170 6147 21
6170 6133 18
6170 6150 31
6170 5801 6
6170 6134 0
6170 6141 32
6170 6153 34
6170 6148 18
6170 5804 46
6170 6135 22
6170 5800 11
6170 5578 28
6170 6138 24
6170 6140 36
6170 6152 31
6170 6197 15
6170 6192 16
6170 6149 42
6170 5577 17
6170 5805 55
6170 6122 24
6170 5794 56
6170 6139 12
6170 5567 6
6170 5810 5
6170 6142 13
6170 6143 7
6170 6162 8
6170 6196 24
6166 6145 33
6166 6146 11
6166 6132 34
6166 6147 52
6166 6133 46
6166 6150 48
6166 5801 36
6166 6134 1
6166 6141 0
6166 6153 30
6166 6148 10
6166 5804 10
6166 6135 11
6166 5800 52
6166 5578 27
6166 6138 56
6166 6140 29
6166 6152 38
6166 6197 1
6166 6192 52
6166 6149 48
6166 5577 28
6166 5805 32
6166 6122 17
6166 5794 4
6166 6139 41
6166 5567 15
6166 5810 27
6166 6142 23
6166 6143 53
6166 6162 45
6166 6196 42
6177 6145 21
6177 6146 57
6177 6132 25
6177 6147 40
6177 6133 54
6177 6150 32
6177 5801 2
6177 6134 39
6177 6141 4
6177 6153 17
6177 6148 12
6177 5804 21
6177 6135 50
6177 5800 13
6177 5578 43
6177 6138 57
6177 6140 26
6177 6152 34
6177 6197 12
6177 6192 54
6177 6149 3
6177 5577 3
6177 5805 54
6177 6122 35
6177 5794 30
6177 6139 33
6177 5567 39
6177 5810 22
6177 6142 10
6177 6143 21
6177 6162 21
6177 6196 50
6154 6145 60
6154 6146 10
6154 6132 36
6154 6147 55
6154 6133 33
6154 6150 0
6154 5801 16
6154 6134 45
6154 6141 53
6154 6153 27
6154 6148 40
6154 5804 4
6154 6135 1
6154 5800 40
6154 5578 30
6154 6138 28
6154 6140 6
6154 6152 51
6154 6197 42
6154 6192 30
6154 6149 16
6154 5577 33
6154 5805 31
6154 6122 39
6154 5794 30
6154 6139 29
6154 5567 4
6154 5810 52
6154 6142 59
6154 6143 41
6154 6162 54
6154 6196 13
5872 6145 58
5872 6146 20
5872 6132 1
5872 6147 17
5872 6133 39
5872 6150 17
5872 5801 0
5872 6134 21
5872 6141 27
5872 6153 32
5872 6148 12
5872 5804 44
5872 6135 11
5872 5800 50
5872 5578 30
5872 6138 37
5872 6140 53
5872 6152 8
5872 6197 25
5872 6192 27
5872 6149 21
5872 5577 49
5872 5805 46
5872 6122 19
5872 5794 50
5872 6139 15
5872 5567 24
5872 5810 5
5872 6142 45
5872 6143 36
5872 6162 44
5872 6196 50
6161 6145 60
6161 6146 15
6161 6132 30
6161 6147 11
6161 6133 56
6161 6150 36
6161 5801 3
6161 6134 33
6161 6141 10
6161 6153 9
6161 6148 20
6161 5804 14
6161 6135 44
6161 5800 51
6161 5578 25
6161 6138 50
6161 6140 60
6161 6152 46
6161 6197 55
6161 6192 20
6161 6149 38
6161 5577 57
6161 5805 39
6161 6122 9
6161 5794 50
6161 6139 57
6161 5567 15
6161 5810 30
6161 6142 15
6161 6143 0
6161 6162 25
6161 6196 11
6171 6145 31
6171 6146 16
6171 6132 19
6171 6147 43
6171 6133 58
6171 6150 19
6171 5801 4
6171 6134 52
6171 6141 38
6171 6153 4
6171 6148 46
6171 5804 26
6171 6135 11
6171 5800 25
6171 5578 0
6171 6138 2
6171 6140 49
6171 6152 42
6171 6197 48
6171 6192 10
6171 6149 45
6171 5577 40
6171 5805 50
6171 6122 44
6171 5794 52
6171 6139 21
6171 5567 7
6171 5810 55
6171 6142 1
6171 6143 5
6171 6162 56
6171 6196 21
6189 6145 44
6189 6146 6
6189 6132 52
6189 6147 20
6189 6133 8
6189 6150 13
6189 5801 51
6189 6134 59
6189 6141 32
6189 6153 22
6189 6148 9
6189 5804 43
6189 6135 4
6189 5800 6
6189 5578 29
6189 6138 20
6189 6140 20
6189 6152 40
6189 6197 47
6189 6192 25
6189 6149 11
6189 5577 20
6189 5805 8
6189 6122 38
6189 5794 34
6189 6139 9
6189 5567 24
6189 5810 0
6189 6142 36
6189 6143 23
6189 6162 54
6189 6196 52
6188 6145 8
6188 6146 50
6188 6132 12
6188 6147 37
6188 6133 45
6188 6150 53
6188 5801 37
6188 6134 16
6188 6141 47
6188 6153 37
6188 6148 42
6188 5804 47
6188 6135 19
6188 5800 42
6188 5578 9
6188 6138 60
6188 6140 56
6188 6152 14
6188 6197 58
6188 6192 26
6188 6149 17
6188 5577 32
6188 5805 9
6188 6122 26
6188 5794 26
6188 6139 49
6188 5567 2
6188 5810 60
6188 6142 17
6188 6143 14
6188 6162 45
6188 6196 50
6165 6145 15
6165 6146 6
6165 6132 11
6165 6147 8
6165 6133 28
6165 6150 47
6165 5801 7
6165 6134 27
6165 6141 49
6165 6153 8
6165 6148 44
6165 5804 59
6165 6135 20
6165 5800 52
6165 5578 20
6165 6138 5
6165 6140 38
6165 6152 50
6165 6197 56
6165 6192 11
6165 6149 45
6165 5577 22
6165 5805 40
6165 6122 48
6165 5794 0
6165 6139 30
6165 5567 42
6165 5810 23
6165 6142 1
6165 6143 51
6165 6162 5
6165 6196 53
6176 6145 29
6176 6146 36
6176 6132 54
6176 6147 7
6176 6133 14
6176 6150 5
6176 5801 42
6176 6134 57
6176 6141 5
6176 6153 15
6176 6148 42
6176 5804 47
6176 6135 46
6176 5800 14
6176 5578 11
6176 6138 37
6176 6140 6
6176 6152 39
6176 6197 19
6176 6192 51
6176 6149 53
6176 5577 39
6176 5805 42
6176 6122 0
6176 5794 3
6176 6139 19
6176 5567 12
6176 5810 41
6176 6142 54
6176 6143 5
6176 6162 52
6176 6196 47
6155 6145 10
6155 6146 32
6155 6132 31
6155 6147 35
6155 6133 58
6155 6150 28
6155 5801 20
6155 6134 60
6155 6141 6
6155 6153 48
6155 6148 31
6155 5804 57
6155 6135 7
6155 5800 0
6155 5578 20
6155 6138 37
6155 6140 36
6155 6152 35
6155 6197 51
6155 6192 50
6155 6149 24
6155 5577 56
6155 5805 22
6155 6122 11
6155 5794 37
6155 6139 8
6155 5567 12
6155 5810 3
6155 6142 9
6155 6143 11
6155 6162 48
6155 6196 17
5808 6145 16
5808 6146 50
5808 6132 60
5808 6147 17
5808 6133 6
5808 6150 20
5808 5801 41
5808 6134 23
5808 6141 1
5808 6153 48
5808 6148 52
5808 5804 31
5808 6135 15
5808 5800 57
5808 5578 26
5808 6138 33
5808 6140 26
5808 6152 10
5808 6197 1
5808 6192 36
5808 6149 14
5808 5577 14
5808 5805 25
5808 6122 36
5808 5794 37
5808 6139 45
5808 5567 13
5808 5810 30
5808 6142 22
5808 6143 5
5808 6162 41
5808 6196 2
5871 6145 43
5871 6146 29
5871 6132 40
5871 6147 15
5871 6133 2
5871 6150 57
5871 5801 12
5871 6134 2
5871 6141 6
5871 6153 46
5871 6148 22
5871 5804 46
5871 6135 49
5871 5800 19
5871 5578 41
5871 6138 5
5871 6140 53
5871 6152 3
5871 6197 11
5871 6192 10
5871 6149 38
5871 5577 16
5871 5805 58
5871 6122 22
5871 5794 45
5871 6139 42
5871 5567 13
5871 5810 58
5871 6142 14
5871 6143 46
5871 6162 38
5871 6196 46
5844 6145 16
5844 6146 14
5844 6132 1
5844 6147 50
5844 6133 11
5844 6150 30
5844 5801 9
5844 6134 29
5844 6141 45
5844 6153 0
5844 6148 35
5844 5804 24
5844 6135 22
5844 5800 54
5844 5578 18
5844 6138 48
5844 6140 28
5844 6152 52
5844 6197 16
5844 6192 21
5844 6149 5
5844 5577 57
5844 5805 44
5844 6122 43
5844 5794 19
5844 6139 56
5844 5567 23
5844 5810 39
5844 6142 45
5844 6143 38
5844 6162 1
5844 6196 42
6174 6145 45
6174 6146 21
6174 6132 31
6174 6147 45
6174 6133 44
6174 6150 10
6174 5801 31
6174 6134 9
6174 6141 15
6174 6153 45
6174 6148 40
6174 5804 23
6174 6135 36
6174 5800 25
6174 5578 4
6174 6138 34
6174 6140 36
6174 6152 11
6174 6197 13
6174 6192 22
6174 6149 33
6174 5577 59
6174 5805 37
6174 6122 17
6174 5794 37
6174 6139 46
6174 5567 30
6174 5810 4
6174 6142 48
6174 6143 7
6174 6162 3
6174 6196 10
6172 6145 5
6172 6146 50
6172 6132 9
6172 6147 15
6172 6133 43
6172 6150 4
6172 5801 52
6172 6134 13
6172 6141 56
6172 6153 51
6172 6148 26
6172 5804 21
6172 6135 27
6172 5800 57
6172 5578 49
6172 6138 52
6172 6140 48
6172 6152 51
6172 6197 60
6172 6192 3
6172 6149 56
6172 5577 57
6172 5805 14
6172 6122 49
6172 5794 9
6172 6139 39
6172 5567 4
6172 5810 38
6172 6142 37
6172 6143 6
6172 6162 38
6172 6196 4
6204 6145 6
6204 6146 35
6204 6132 35
6204 6147 47
6204 6133 15
6204 6150 15
6204 5801 31
6204 6134 26
6204 6141 42
6204 6153 4
6204 6148 17
6204 5804 29
6204 6135 29
6204 5800 60
6204 5578 39
6204 6138 17
6204 6140 42
6204 6152 24
6204 6197 33
6204 6192 23
6204 6149 23
6204 5577 60
6204 5805 26
6204 6122 10
6204 5794 34
6204 6139 12
6204 5567 59
6204 5810 53
6204 6142 29
6204 6143 7
6204 6162 10
6204 6196 10
6187 6145 39
6187 6146 21
6187 6132 18
6187 6147 16
6187 6133 49
6187 6150 58
6187 5801 50
6187 6134 0
6187 6141 28
6187 6153 0
6187 6148 14
6187 5804 30
6187 6135 8
6187 5800 59
6187 5578 9
6187 6138 45
6187 6140 37
6187 6152 10
6187 6197 38
6187 6192 59
6187 6149 44
6187 5577 25
6187 5805 52
6187 6122 39
6187 5794 41
6187 6139 6
6187 5567 1
6187 5810 56
6187 6142 32
6187 6143 26
6187 6162 3
6187 6196 17
6203 6145 4
6203 6146 59
6203 6132 12
6203 6147 55
6203 6133 2
6203 6150 16
6203 5801 13
6203 6134 54
6203 6141 31
6203 6153 13
6203 6148 5
6203 5804 8
6203 6135 22
6203 5800 19
6203 5578 36
6203 6138 19
6203 6140 3
6203 6152 30
6203 6197 0
6203 6192 7
6203 6149 44
6203 5577 1
6203 5805 32
6203 6122 7
6203 5794 58
6203 6139 17
6203 5567 13
6203 5810 30
6203 6142 29
6203 6143 35
6203 6162 59
6203 6196 6
6164 6145 51
6164 6146 32
6164 6132 51
6164 6147 46
6164 6133 16
6164 6150 33
6164 5801 21
6164 6134 6
6164 6141 17
6164 6153 50
6164 6148 22
6164 5804 38
6164 6135 37
6164 5800 47
6164 5578 45
6164 6138 26
6164 6140 49
6164 6152 8
6164 6197 25
6164 6192 10
6164 6149 52
6164 5577 9
6164 5805 19
6164 6122 43
6164 5794 1
6164 6139 3
6164 5567 30
6164 5810 5
6164 6142 12
6164 6143 31
6164 6162 49
6164 6196 35
6200 6145 3
6200 6146 38
6200 6132 38
6200 6147 29
6200 6133 36
6200 6150 23
6200 5801 27
6200 6134 55
6200 6141 16
6200 6153 5
6200 6148 19
6200 5804 44
6200 6135 31
6200 5800 50
6200 5578 59
6200 6138 7
6200 6140 59
6200 6152 36
6200 6197 18
6200 6192 3
6200 6149 3
6200 5577 41
6200 5805 1
6200 6122 37
6200 5794 9
6200 6139 7
6200 5567 59
6200 5810 42
6200 6142 55
6200 6143 38
6200 6162 15
6200 6196 9
6201 6145 6
6201 6146 34
6201 6132 60
6201 6147 6
6201 6133 39
6201 6150 35
6201 5801 10
6201 6134 44
6201 6141 16
6201 6153 22
6201 6148 54
6201 5804 22
6201 6135 45
6201 5800 46
6201 5578 9
6201 6138 8
6201 6140 57
6201 6152 4
6201 6197 32
6201 6192 29
6201 6149 19
6201 5577 41
6201 5805 60
6201 6122 46
6201 5794 26
6201 6139 57
6201 5567 17
6201 5810 45
6201 6142 10
6201 6143 9
6201 6162 31
6201 6196 60
9749 6145 28
9749 6146 51
9749 6132 40
9749 6147 60
9749 6133 37
9749 6150 58
9749 5801 24
9749 6134 33
9749 6141 18
9749 6153 51
9749 6148 6
9749 5804 41
9749 6135 41
9749 5800 35
9749 5578 59
9749 6138 45
9749 6140 6
9749 6152 58
9749 6197 33
9749 6192 28
9749 6149 13
9749 5577 39
9749 5805 5
9749 6122 11
9749 5794 53
9749 6139 8
9749 5567 40
9749 5810 35
9749 6142 41
9749 6143 3
9749 6162 39
9749 6196 5
5806 6145 41
5806 6146 53
5806 6132 16
5806 6147 39
5806 6133 59
5806 6150 35
5806 5801 34
5806 6134 2
5806 6141 24
5806 6153 4
5806 6148 16
5806 5804 1
5806 6135 8
5806 5800 43
5806 5578 31
5806 6138 45
5806 6140 43
5806 6152 41
5806 6197 37
5806 6192 7
5806 6149 5
5806 5577 26
5806 5805 49
5806 6122 26
5806 5794 16
5806 6139 34
5806 5567 46
5806 5810 45
5806 6142 38
5806 6143 8
5806 6162 55
5806 6196 57
6157 6145 37
6157 6146 46
6157 6132 29
6157 6147 47
6157 6133 44
6157 6150 39
6157 5801 29
6157 6134 31
6157 6141 23
6157 6153 52
6157 6148 55
6157 5804 18
6157 6135 29
6157 5800 35
6157 5578 31
6157 6138 57
6157 6140 29
6157 6152 23
6157 6197 4
6157 6192 0
6157 6149 45
6157 5577 33
6157 5805 30
6157 6122 36
6157 5794 32
6157 6139 34
6157 5567 18
6157 5810 60
6157 6142 54
6157 6143 4
6157 6162 35
6157 6196 11
5798 6145 30
5798 6146 51
5798 6132 15
5798 6147 11
5798 6133 9
5798 6150 12
5798 5801 33
5798 6134 23
5798 6141 37
5798 6153 7
5798 6148 30
5798 5804 60
5798 6135 56
5798 5800 9
5798 5578 49
5798 6138 6
5798 6140 46
5798 6152 27
5798 6197 4
5798 6192 23
5798 6149 60
5798 5577 26
5798 5805 35
5798 6122 14
5798 5794 49
5798 6139 0
5798 5567 57
5798 5810 49
5798 6142 47
5798 6143 16
5798 6162 42
5798 6196 14
5873 6145 56
5873 6146 40
5873 6132 48
5873 6147 3
5873 6133 48
5873 6150 36
5873 5801 60
5873 6134 57
5873 6141 14
5873 6153 24
5873 6148 56
5873 5804 21
5873 6135 44
5873 5800 32
5873 5578 47
5873 6138 50
5873 6140 14
5873 6152 32
5873 6197 19
5873 6192 4
5873 6149 32
5873 5577 36
5873 5805 48
5873 6122 21
5873 5794 57
5873 6139 48
5873 5567 35
5873 5810 34
5873 6142 18
5873 6143 50
5873 6162 49
5873 6196 41
