4853 4812 44
4853 4812 22
4853 4812 27
4853 4812 44
4853 4811 21
4853 4811 7
4853 4811 33
4853 4811 43
4853 4634 50
4853 4634 25
4853 4634 9
4853 4634 52
4853 4813 4
4853 4813 8
4853 4813 24
4853 4813 31
4853 4817 52
4853 4817 59
4853 4817 12
4853 4817 29
4853 4805 33
4853 4805 30
4853 4805 44
4853 4805 43
4853 4633 58
4853 4633 54
4853 4633 29
4853 4633 28
4853 4816 8
4853 4816 57
4853 4816 41
4853 4816 47
4853 4630 39
4853 4630 24
4853 4630 44
4853 4630 60
4853 4635 2
4853 4635 32
4853 4635 22
4853 4635 17
4853 4814 48
4853 4814 19
4853 4814 27
4853 4814 33
4853 4818 38
4853 4818 38
4853 4818 2
4853 4818 15
4853 4833 60
4853 4833 34
4853 4833 22
4853 4833 16
4853 4804 7
4853 4804 6
4853 4804 18
4853 4804 59
4853 4628 47
4853 4628 4
4853 4628 34
4853 4628 40
4853 4810 45
4853 4810 48
4853 4810 4
4853 4810 6
4853 4629 26
4853 4629 53
4853 4629 49
4853 4629 26
4853 4826 10
4853 4826 15
4853 4826 2
4853 4826 45
4853 4616 48
4853 4616 3
4853 4616 19
4853 4616 45
4853 4631 56
4853 4631 41
4853 4631 25
4853 4631 32
4853 4636 10
4853 4636 2
4853 4636 46
4853 4636 49
4853 4815 55
4853 4815 42
4853 4815 44
4853 4815 47
4853 4819 4
4853 4819 25
4853 4819 31
4853 4819 41
4853 4834 38
4853 4834 26
4853 4834 42
4853 4834 40
4853 4837 23
4853 4837 11
4853 4837 32
4853 4837 42
4853 4803 16
4853 4803 40
4853 4803 13
4853 4803 7
4853 4627 49
4853 4627 52
4853 4627 13
4853 4627 52
4853 4808 1
4853 4808 9
4853 4808 1
4853 4808 16
4853 4623 55
4853 4623 18
4853 4623 1
4853 4623 0
4853 4823 57
4853 4823 17
4853 4823 23
4853 4823 45
4853 4615 26
4853 4615 25
4853 4615 11
4853 4615 11
4853 4539 49
4853 4539 29
4853 4539 56
4853 4539 22
4852 4812 44
4852 4812 34
4852 4812 60
4852 4812 48
4852 4811 50
4852 4811 57
4852 4811 18
4852 4811 7
4852 4634 51
4852 4634 48
4852 4634 38
4852 4634 31
4852 4813 51
4852 4813 53
4852 4813 43
4852 4813 3
4852 4817 41
4852 4817 19
4852 4817 27
4852 4817 60
4852 4805 51
4852 4805 27
4852 4805 48
4852 4805 17
4852 4633 17
4852 4633 57
4852 4633 55
4852 4633 4
4852 4816 19
4852 4816 27
4852 4816 8
4852 4816 8
4852 4630 22
4852 4630 5
4852 4630 18
4852 4630 13
4852 4635 57
4852 4635 27
4852 4635 13
4852 4635 13
4852 4814 36
4852 4814 32
4852 4814 38
4852 4814 36
4852 4818 26
4852 4818 34
4852 4818 56
4852 4818 4
4852 4833 48
4852 4833 17
4852 4833 28
4852 4833 27
4852 4804 34
4852 4804 48
4852 4804 9
4852 4804 48
4852 4628 2
4852 4628 48
4852 4628 19
4852 4628 26
4852 4810 21
4852 4810 58
4852 4810 9
4852 4810 53
4852 4629 23
4852 4629 0
4852 4629 12
4852 4629 19
4852 4826 9
4852 4826 57
4852 4826 12
4852 4826 47
4852 4616 23
4852 4616 24
4852 4616 55
4852 4616 4
4852 4631 45
4852 4631 38
4852 4631 6
4852 4631 56
4852 4636 17
4852 4636 25
4852 4636 56
4852 4636 39
4852 4815 29
4852 4815 6
4852 4815 46
4852 4815 37
4852 4819 4
4852 4819 41
4852 4819 33
4852 4819 35
4852 4834 42
4852 4834 2
4852 4834 14
4852 4834 31
4852 4837 43
4852 4837 26
4852 4837 12
4852 4837 20
4852 4803 33
4852 4803 22
4852 4803 13
4852 4803 36
4852 4627 38
4852 4627 59
4852 4627 30
4852 4627 3
4852 4808 37
4852 4808 36
4852 4808 9
4852 4808 43
4852 4623 5
4852 4623 29
4852 4623 0
4852 4623 35
4852 4823 29
4852 4823 46
4852 4823 4
4852 4823 34
4852 4615 52
4852 4615 16
4852 4615 44
4852 4615 34
4852 4539 31
4852 4539 26
4852 4539 26
4852 4539 25
4854 4812 52
4854 4812 1
4854 4812 46
4854 4812 2
4854 4811 25
4854 4811 59
4854 4811 56
4854 4811 11
4854 4634 27
4854 4634 55
4854 4634 43
4854 4634 31
4854 4813 32
4854 4813 50
4854 4813 32
4854 4813 51
4854 4817 57
4854 4817 45
4854 4817 25
4854 4817 53
4854 4805 11
4854 4805 20
4854 4805 18
4854 4805 31
4854 4633 42
4854 4633 59
4854 4633 3
4854 4633 47
4854 4816 47
4854 4816 33
4854 4816 51
4854 4816 55
4854 4630 55
4854 4630 37
4854 4630 49
4854 4630 9
4854 4635 15
4854 4635 0
4854 4635 17
4854 4635 9
4854 4814 41
4854 4814 53
4854 4814 16
4854 4814 43
4854 4818 19
4854 4818 33
4854 4818 59
4854 4818 55
4854 4833 40
4854 4833 32
4854 4833 10
4854 4833 38
4854 4804 14
4854 4804 49
4854 4804 6
4854 4804 39
4854 4628 0
4854 4628 39
4854 4628 20
4854 4628 6
4854 4810 48
4854 4810 57
4854 4810 52
4854 4810 41
4854 4629 2
4854 4629 14
4854 4629 20
4854 4629 30
4854 4826 23
4854 4826 17
4854 4826 29
4854 4826 57
4854 4616 3
4854 4616 19
4854 4616 32
4854 4616 15
4854 4631 28
4854 4631 38
4854 4631 60
4854 4631 7
4854 4636 52
4854 4636 50
4854 4636 52
4854 4636 28
4854 4815 56
4854 4815 38
4854 4815 51
4854 4815 0
4854 4819 52
4854 4819 55
4854 4819 16
4854 4819 37
4854 4834 29
4854 4834 24
4854 4834 43
4854 4834 6
4854 4837 50
4854 4837 30
4854 4837 5
4854 4837 45
4854 4803 20
4854 4803 5
4854 4803 6
4854 4803 39
4854 4627 18
4854 4627 33
4854 4627 26
4854 4627 56
4854 4808 48
4854 4808 48
4854 4808 30
4854 4808 32
4854 4623 41
4854 4623 30
4854 4623 14
4854 4623 40
4854 4823 14
4854 4823 7
4854 4823 34
4854 4823 33
4854 4615 58
4854 4615 4
4854 4615 46
4854 4615 30
4854 4539 48
4854 4539 49
4854 4539 51
4854 4539 46
4849 4812 31
4849 4812 57
4849 4812 18
4849 4812 14
4849 4811 59
4849 4811 46
4849 4811 21
4849 4811 39
4849 4634 5
4849 4634 22
4849 4634 15
4849 4634 46
4849 4813 4
4849 4813 56
4849 4813 30
4849 4813 24
4849 4817 22
4849 4817 2
4849 4817 1
4849 4817 56
4849 4805 3
4849 4805 4
4849 4805 18
4849 4805 16
4849 4633 43
4849 4633 16
4849 4633 29
4849 4633 27
4849 4816 14
4849 4816 26
4849 4816 27
4849 4816 0
4849 4630 49
4849 4630 46
4849 4630 1
4849 4630 6
4849 4635 9
4849 4635 45
4849 4635 2
4849 4635 51
4849 4814 32
4849 4814 52
4849 4814 9
4849 4814 0
4849 4818 2
4849 4818 25
4849 4818 52
4849 4818 21
4849 4833 53
4849 4833 58
4849 4833 55
4849 4833 13
4849 4804 33
4849 4804 35
4849 4804 27
4849 4804 11
4849 4628 30
4849 4628 60
4849 4628 9
4849 4628 37
4849 4810 55
4849 4810 51
4849 4810 4
4849 4810 34
4849 4629 27
4849 4629 18
4849 4629 29
4849 4629 34
4849 4826 30
4849 4826 7
4849 4826 34
4849 4826 44
4849 4616 14
4849 4616 29
4849 4616 25
4849 4616 23
4849 4631 54
4849 4631 43
4849 4631 29
4849 4631 55
4849 4636 22
4849 4636 55
4849 4636 35
4849 4636 0
4849 4815 38
4849 4815 43
4849 4815 31
4849 4815 30
4849 4819 10
4849 4819 30
4849 4819 39
4849 4819 6
4849 4834 29
4849 4834 1
4849 4834 56
4849 4834 8
4849 4837 0
4849 4837 9
4849 4837 50
4849 4837 8
4849 4803 19
4849 4803 60
4849 4803 15
4849 4803 40
4849 4627 0
4849 4627 46
4849 4627 3
4849 4627 42
4849 4808 56
4849 4808 33
4849 4808 4
4849 4808 4
4849 4623 36
4849 4623 1
4849 4623 20
4849 4623 9
4849 4823 39
4849 4823 46
4849 4823 20
4849 4823 16
4849 4615 21
4849 4615 28
4849 4615 44
4849 4615 24
4849 4539 23
4849 4539 6
4849 4539 50
4849 4539 53
4855 4812 24
4855 4812 2
4855 4812 58
4855 4812 39
4855 4811 42
4855 4811 43
4855 4811 5
4855 4811 3
4855 4634 15
4855 4634 33
4855 4634 42
4855 4634 47
4855 4813 21
4855 4813 14
4855 4813 51
4855 4813 54
4855 4817 39
4855 4817 41
4855 4817 5
4855 4817 44
4855 4805 14
4855 4805 13
4855 4805 57
4855 4805 37
4855 4633 16
4855 4633 9
4855 4633 42
4855 4633 23
4855 4816 42
4855 4816 6
4855 4816 37
4855 4816 10
4855 4630 22
4855 4630 27
4855 4630 46
4855 4630 0
4855 4635 25
4855 4635 20
4855 4635 55
4855 4635 19
4855 4814 45
4855 4814 30
4855 4814 6
4855 4814 10
4855 4818 53
4855 4818 18
4855 4818 40
4855 4818 47
4855 4833 47
4855 4833 44
4855 4833 23
4855 4833 19
4855 4804 43
4855 4804 34
4855 4804 21
4855 4804 13
4855 4628 22
4855 4628 5
4855 4628 40
4855 4628 35
4855 4810 32
4855 4810 1
4855 4810 16
4855 4810 44
4855 4629 0
4855 4629 10
4855 4629 50
4855 4629 19
4855 4826 50
4855 4826 5
4855 4826 29
4855 4826 32
4855 4616 22
4855 4616 21
4855 4616 8
4855 4616 30
4855 4631 0
4855 4631 32
4855 4631 53
4855 4631 54
4855 4636 10
4855 4636 9
4855 4636 41
4855 4636 29
4855 4815 32
4855 4815 46
4855 4815 16
4855 4815 25
4855 4819 28
4855 4819 32
4855 4819 53
4855 4819 20
4855 4834 56
4855 4834 35
4855 4834 11
4855 4834 59
4855 4837 20
4855 4837 52
4855 4837 46
4855 4837 50
4855 4803 7
4855 4803 39
4855 4803 27
4855 4803 23
4855 4627 40
4855 4627 22
4855 4627 25
4855 4627 15
4855 4808 38
4855 4808 59
4855 4808 20
4855 4808 39
4855 4623 23
4855 4623 32
4855 4623 14
4855 4623 58
4855 4823 17
4855 4823 49
4855 4823 5
4855 4823 16
4855 4615 15
4855 4615 39
4855 4615 12
4855 4615 1
4855 4539 38
4855 4539 18
4855 4539 4
4855 4539 40
4851 4812 43
4851 4812 58
4851 4812 46
4851 4812 30
4851 4811 33
4851 4811 29
4851 4811 11
4851 4811 54
4851 4634 1
4851 4634 4
4851 4634 29
4851 4634 59
4851 4813 36
4851 4813 48
4851 4813 29
4851 4813 33
4851 4817 15
4851 4817 45
4851 4817 13
4851 4817 19
4851 4805 55
4851 4805 41
4851 4805 60
4851 4805 1
4851 4633 14
4851 4633 22
4851 4633 18
4851 4633 46
4851 4816 59
4851 4816 52
4851 4816 55
4851 4816 33
4851 4630 23
4851 4630 41
4851 4630 35
4851 4630 18
4851 4635 22
4851 4635 35
4851 4635 31
4851 4635 2
4851 4814 9
4851 4814 44
4851 4814 40
4851 4814 25
4851 4818 43
4851 4818 53
4851 4818 44
4851 4818 11
4851 4833 60
4851 4833 45
4851 4833 44
4851 4833 49
4851 4804 50
4851 4804 2
4851 4804 13
4851 4804 37
4851 4628 34
4851 4628 14
4851 4628 16
4851 4628 60
4851 4810 51
4851 4810 13
4851 4810 37
4851 4810 43
4851 4629 13
4851 4629 15
4851 4629 25
4851 4629 59
4851 4826 16
4851 4826 25
4851 4826 17
4851 4826 51
4851 4616 0
4851 4616 32
4851 4616 33
4851 4616 31
4851 4631 22
4851 4631 7
4851 4631 16
4851 4631 8
4851 4636 14
4851 4636 28
4851 4636 11
4851 4636 6
4851 4815 4
4851 4815 42
4851 4815 4
4851 4815 32
4851 4819 0
4851 4819 6
4851 4819 24
4851 4819 2
4851 4834 41
4851 4834 60
4851 4834 8
4851 4834 13
4851 4837 45
4851 4837 7
4851 4837 57
4851 4837 30
4851 4803 7
4851 4803 30
4851 4803 4
4851 4803 35
4851 4627 32
4851 4627 29
4851 4627 51
4851 4627 48
4851 4808 24
4851 4808 46
4851 4808 37
4851 4808 8
4851 4623 11
4851 4623 51
4851 4623 3
4851 4623 43
4851 4823 26
4851 4823 6
4851 4823 25
4851 4823 18
4851 4615 30
4851 4615 53
4851 4615 11
4851 4615 40
4851 4539 48
4851 4539 29
4851 4539 47
4851 4539 45
4848 4812 32
4848 4812 54
4848 4812 42
4848 4812 19
4848 4811 17
4848 4811 53
4848 4811 7
4848 4811 15
4848 4634 54
4848 4634 29
4848 4634 38
4848 4634 10
4848 4813 38
4848 4813 36
4848 4813 7
4848 4813 33
4848 4817 17
4848 4817 1
4848 4817 14
4848 4817 42
4848 4805 27
4848 4805 21
4848 4805 38
4848 4805 48
4848 4633 19
4848 4633 45
4848 4633 47
4848 4633 26
4848 4816 9
4848 4816 40
4848 4816 10
4848 4816 49
4848 4630 10
4848 4630 59
4848 4630 59
4848 4630 5
4848 4635 57
4848 4635 26
4848 4635 51
4848 4635 2
4848 4814 60
4848 4814 37
4848 4814 16
4848 4814 27
4848 4818 39
4848 4818 13
4848 4818 19
4848 4818 14
4848 4833 18
4848 4833 48
4848 4833 51
4848 4833 7
4848 4804 42
4848 4804 53
4848 4804 40
4848 4804 41
4848 4628 27
4848 4628 5
4848 4628 30
4848 4628 12
4848 4810 46
4848 4810 6
4848 4810 50
4848 4810 46
4848 4629 8
4848 4629 32
4848 4629 9
4848 4629 28
4848 4826 28
4848 4826 12
4848 4826 52
4848 4826 52
4848 4616 47
4848 4616 5
4848 4616 42
4848 4616 0
4848 4631 20
4848 4631 5
4848 4631 27
4848 4631 20
4848 4636 5
4848 4636 39
4848 4636 34
4848 4636 38
4848 4815 28
4848 4815 42
4848 4815 58
4848 4815 59
4848 4819 35
4848 4819 15
4848 4819 27
4848 4819 9
4848 4834 45
4848 4834 29
4848 4834 60
4848 4834 32
4848 4837 16
4848 4837 58
4848 4837 58
4848 4837 60
4848 4803 38
4848 4803 30
4848 4803 50
4848 4803 28
4848 4627 39
4848 4627 42
4848 4627 21
4848 4627 47
4848 4808 60
4848 4808 32
4848 4808 22
4848 4808 35
4848 4623 22
4848 4623 5
4848 4623 55
4848 4623 15
4848 4823 21
4848 4823 0
4848 4823 24
4848 4823 13
4848 4615 0
4848 4615 57
4848 4615 26
4848 4615 7
4848 4539 43
4848 4539 14
4848 4539 45
4848 4539 30
4866 4812 49
4866 4812 30
4866 4812 27
4866 4812 48
4866 4811 55
4866 4811 53
4866 4811 41
4866 4811 51
4866 4634 48
4866 4634 11
4866 4634 44
4866 4634 47
4866 4813 38
4866 4813 24
4866 4813 55
4866 4813 14
4866 4817 35
4866 4817 21
4866 4817 29
4866 4817 5
4866 4805 37
4866 4805 56
4866 4805 0
4866 4805 35
4866 4633 28
4866 4633 29
4866 4633 15
4866 4633 52
4866 4816 38
4866 4816 40
4866 4816 51
4866 4816 6
4866 4630 33
4866 4630 0
4866 4630 20
4866 4630 55
4866 4635 46
4866 4635 44
4866 4635 39
4866 4635 26
4866 4814 18
4866 4814 40
4866 4814 7
4866 4814 54
4866 4818 44
4866 4818 41
4866 4818 58
4866 4818 6
4866 4833 22
4866 4833 18
4866 4833 23
4866 4833 43
4866 4804 10
4866 4804 58
4866 4804 28
4866 4804 54
4866 4628 36
4866 4628 5
4866 4628 28
4866 4628 46
4866 4810 10
4866 4810 25
4866 4810 26
4866 4810 21
4866 4629 45
4866 4629 2
4866 4629 24
4866 4629 28
4866 4826 13
4866 4826 8
4866 4826 15
4866 4826 14
4866 4616 16
4866 4616 29
4866 4616 57
4866 4616 21
4866 4631 50
4866 4631 26
4866 4631 0
4866 4631 26
4866 4636 47
4866 4636 54
4866 4636 22
4866 4636 15
4866 4815 8
4866 4815 60
4866 4815 14
4866 4815 1
4866 4819 50
4866 4819 39
4866 4819 27
4866 4819 51
4866 4834 57
4866 4834 27
4866 4834 2
4866 4834 17
4866 4837 56
4866 4837 50
4866 4837 3
4866 4837 56
4866 4803 21
4866 4803 40
4866 4803 51
4866 4803 11
4866 4627 49
4866 4627 44
4866 4627 12
4866 4627 47
4866 4808 34
4866 4808 48
4866 4808 32
4866 4808 54
4866 4623 41
4866 4623 43
4866 4623 5
4866 4623 1
4866 4823 49
4866 4823 35
4866 4823 48
4866 4823 9
4866 4615 16
4866 4615 2
4866 4615 25
4866 4615 20
4866 4539 46
4866 4539 43
4866 4539 39
4866 4539 38
4850 4812 43
4850 4812 11
4850 4812 1
4850 4812 21
4850 4811 43
4850 4811 58
4850 4811 54
4850 4811 53
4850 4634 7
4850 4634 50
4850 4634 12
4850 4634 1
4850 4813 19
4850 4813 30
4850 4813 60
4850 4813 44
4850 4817 54
4850 4817 15
4850 4817 46
4850 4817 37
4850 4805 44
4850 4805 51
4850 4805 49
4850 4805 2
4850 4633 20
4850 4633 51
4850 4633 37
4850 4633 30
4850 4816 4
4850 4816 41
4850 4816 39
4850 4816 31
4850 4630 45
4850 4630 6
4850 4630 30
4850 4630 11
4850 4635 23
4850 4635 43
4850 4635 20
4850 4635 51
4850 4814 14
4850 4814 55
4850 4814 43
4850 4814 10
4850 4818 41
4850 4818 39
4850 4818 49
4850 4818 32
4850 4833 43
4850 4833 41
4850 4833 32
4850 4833 21
4850 4804 17
4850 4804 15
4850 4804 26
4850 4804 14
4850 4628 3
4850 4628 50
4850 4628 5
4850 4628 11
4850 4810 29
4850 4810 9
4850 4810 41
4850 4810 39
4850 4629 38
4850 4629 45
4850 4629 17
4850 4629 5
4850 4826 58
4850 4826 16
4850 4826 16
4850 4826 31
4850 4616 16
4850 4616 0
4850 4616 15
4850 4616 35
4850 4631 7
4850 4631 49
4850 4631 12
4850 4631 22
4850 4636 37
4850 4636 19
4850 4636 23
4850 4636 58
4850 4815 21
4850 4815 41
4850 4815 8
4850 4815 43
4850 4819 19
4850 4819 37
4850 4819 38
4850 4819 18
4850 4834 25
4850 4834 17
4850 4834 30
4850 4834 10
4850 4837 14
4850 4837 26
4850 4837 48
4850 4837 32
4850 4803 43
4850 4803 42
4850 4803 11
4850 4803 21
4850 4627 35
4850 4627 2
4850 4627 8
4850 4627 25
4850 4808 33
4850 4808 39
4850 4808 22
4850 4808 8
4850 4623 57
4850 4623 11
4850 4623 45
4850 4623 54
4850 4823 36
4850 4823 55
4850 4823 31
4850 4823 14
4850 4615 55
4850 4615 43
4850 4615 60
4850 4615 23
4850 4539 19
4850 4539 15
4850 4539 45
4850 4539 22
4867 4812 53
4867 4812 12
4867 4812 53
4867 4812 39
4867 4811 28
4867 4811 31
4867 4811 46
4867 4811 37
4867 4634 49
4867 4634 19
4867 4634 18
4867 4634 3
4867 4813 29
4867 4813 47
4867 4813 0
4867 4813 17
4867 4817 5
4867 4817 33
4867 4817 32
4867 4817 23
4867 4805 30
4867 4805 36
4867 4805 18
4867 4805 27
4867 4633 55
4867 4633 59
4867 4633 37
4867 4633 39
4867 4816 51
4867 4816 25
4867 4816 8
4867 4816 23
4867 4630 49
4867 4630 26
4867 4630 4
4867 4630 40
4867 4635 54
4867 4635 43
4867 4635 13
4867 4635 40
4867 4814 23
4867 4814 0
4867 4814 14
4867 4814 31
4867 4818 19
4867 4818 28
4867 4818 36
4867 4818 13
4867 4833 54
4867 4833 34
4867 4833 55
4867 4833 46
4867 4804 47
4867 4804 22
4867 4804 26
4867 4804 58
4867 4628 28
4867 4628 57
4867 4628 57
4867 4628 41
4867 4810 28
4867 4810 36
4867 4810 14
4867 4810 46
4867 4629 53
4867 4629 55
4867 4629 53
4867 4629 45
4867 4826 27
4867 4826 20
4867 4826 12
4867 4826 38
4867 4616 40
4867 4616 46
4867 4616 29
4867 4616 32
4867 4631 58
4867 4631 5
4867 4631 11
4867 4631 51
4867 4636 35
4867 4636 32
4867 4636 30
4867 4636 37
4867 4815 39
4867 4815 22
4867 4815 58
4867 4815 34
4867 4819 38
4867 4819 1
4867 4819 0
4867 4819 16
4867 4834 15
4867 4834 56
4867 4834 43
4867 4834 57
4867 4837 49
4867 4837 48
4867 4837 6
4867 4837 40
4867 4803 57
4867 4803 24
4867 4803 16
4867 4803 2
4867 4627 22
4867 4627 44
4867 4627 58
4867 4627 19
4867 4808 2
4867 4808 8
4867 4808 48
4867 4808 41
4867 4623 14
4867 4623 35
4867 4623 14
4867 4623 20
4867 4823 25
4867 4823 45
4867 4823 31
4867 4823 42
4867 4615 1
4867 4615 7
4867 4615 10
4867 4615 9
4867 4539 1
4867 4539 31
4867 4539 32
4867 4539 17
4980 4812 41
4980 4812 37
4980 4812 26
4980 4812 16
4980 4811 18
4980 4811 21
4980 4811 27
4980 4811 55
4980 4634 60
4980 4634 22
4980 4634 60
4980 4634 22
4980 4813 36
4980 4813 56
4980 4813 13
4980 4813 10
4980 4817 18
4980 4817 40
4980 4817 11
4980 4817 55
4980 4805 38
4980 4805 22
4980 4805 37
4980 4805 23
4980 4633 4
4980 4633 25
4980 4633 14
4980 4633 32
4980 4816 57
4980 4816 50
4980 4816 39
4980 4816 46
4980 4630 31
4980 4630 33
4980 4630 15
4980 4630 12
4980 4635 26
4980 4635 16
4980 4635 4
4980 4635 14
4980 4814 46
4980 4814 7
4980 4814 32
4980 4814 24
4980 4818 14
4980 4818 22
4980 4818 57
4980 4818 16
4980 4833 32
4980 4833 25
4980 4833 39
4980 4833 24
4980 4804 58
4980 4804 22
4980 4804 56
4980 4804 53
4980 4628 37
4980 4628 29
4980 4628 34
4980 4628 54
4980 4810 53
4980 4810 13
4980 4810 22
4980 4810 16
4980 4629 22
4980 4629 37
4980 4629 15
4980 4629 16
4980 4826 49
4980 4826 57
4980 4826 12
4980 4826 31
4980 4616 50
4980 4616 44
4980 4616 51
4980 4616 33
4980 4631 49
4980 4631 43
4980 4631 30
4980 4631 9
4980 4636 45
4980 4636 53
4980 4636 28
4980 4636 31
4980 4815 16
4980 4815 48
4980 4815 16
4980 4815 51
4980 4819 4
4980 4819 54
4980 4819 34
4980 4819 51
4980 4834 13
4980 4834 49
4980 4834 1
4980 4834 53
4980 4837 11
4980 4837 13
4980 4837 50
4980 4837 15
4980 4803 25
4980 4803 43
4980 4803 29
4980 4803 36
4980 4627 37
4980 4627 31
4980 4627 14
4980 4627 30
4980 4808 35
4980 4808 34
4980 4808 15
4980 4808 32
4980 4623 39
4980 4623 20
4980 4623 1
4980 4623 31
4980 4823 50
4980 4823 8
4980 4823 39
4980 4823 40
4980 4615 26
4980 4615 14
4980 4615 0
4980 4615 44
4980 4539 44
4980 4539 18
4980 4539 52
4980 4539 13
4846 4812 29
4846 4812 29
4846 4812 18
4846 4812 32
4846 4811 17
4846 4811 13
4846 4811 21
4846 4811 25
4846 4634 30
4846 4634 51
4846 4634 51
4846 4634 13
4846 4813 21
4846 4813 15
4846 4813 22
4846 4813 7
4846 4817 14
4846 4817 10
4846 4817 42
4846 4817 25
4846 4805 31
4846 4805 40
4846 4805 2
4846 4805 31
4846 4633 7
4846 4633 51
4846 4633 8
4846 4633 57
4846 4816 6
4846 4816 36
4846 4816 27
4846 4816 1
4846 4630 48
4846 4630 33
4846 4630 18
4846 4630 14
4846 4635 31
4846 4635 55
4846 4635 24
4846 4635 3
4846 4814 21
4846 4814 58
4846 4814 48
4846 4814 55
4846 4818 28
4846 4818 33
4846 4818 28
4846 4818 26
4846 4833 39
4846 4833 55
4846 4833 6
4846 4833 43
4846 4804 31
4846 4804 53
4846 4804 30
4846 4804 56
4846 4628 33
4846 4628 23
4846 4628 36
4846 4628 16
4846 4810 2
4846 4810 20
4846 4810 14
4846 4810 14
4846 4629 49
4846 4629 33
4846 4629 15
4846 4629 9
4846 4826 59
4846 4826 21
4846 4826 37
4846 4826 10
4846 4616 41
4846 4616 4
4846 4616 9
4846 4616 43
4846 4631 39
4846 4631 29
4846 4631 49
4846 4631 60
4846 4636 38
4846 4636 53
4846 4636 29
4846 4636 6
4846 4815 5
4846 4815 26
4846 4815 53
4846 4815 4
4846 4819 47
4846 4819 7
4846 4819 27
4846 4819 41
4846 4834 48
4846 4834 44
4846 4834 37
4846 4834 0
4846 4837 14
4846 4837 16
4846 4837 26
4846 4837 36
4846 4803 15
4846 4803 60
4846 4803 17
4846 4803 28
4846 4627 31
4846 4627 6
4846 4627 47
4846 4627 47
4846 4808 27
4846 4808 22
4846 4808 36
4846 4808 31
4846 4623 22
4846 4623 39
4846 4623 50
4846 4623 47
4846 4823 51
4846 4823 40
4846 4823 17
4846 4823 19
4846 4615 0
4846 4615 40
4846 4615 20
4846 4615 48
4846 4539 27
4846 4539 3
4846 4539 35
4846 4539 37
4847 4812 28
4847 4812 16
4847 4812 19
4847 4812 60
4847 4811 3
4847 4811 4
4847 4811 27
4847 4811 10
4847 4634 47
4847 4634 8
4847 4634 9
4847 4634 44
4847 4813 18
4847 4813 10
4847 4813 2
4847 4813 15
4847 4817 24
4847 4817 18
4847 4817 31
4847 4817 33
4847 4805 11
4847 4805 12
4847 4805 35
4847 4805 31
4847 4633 34
4847 4633 0
4847 4633 22
4847 4633 1
4847 4816 41
4847 4816 43
4847 4816 10
4847 4816 19
4847 4630 33
4847 4630 8
4847 4630 15
4847 4630 29
4847 4635 39
4847 4635 46
4847 4635 15
4847 4635 17
4847 4814 5
4847 4814 50
4847 4814 1
4847 4814 26
4847 4818 54
4847 4818 57
4847 4818 22
4847 4818 39
4847 4833 11
4847 4833 41
4847 4833 23
4847 4833 15
4847 4804 3
4847 4804 28
4847 4804 38
4847 4804 29
4847 4628 57
4847 4628 37
4847 4628 25
4847 4628 23
4847 4810 2
4847 4810 38
4847 4810 25
4847 4810 22
4847 4629 37
4847 4629 51
4847 4629 32
4847 4629 43
4847 4826 50
4847 4826 11
4847 4826 28
4847 4826 57
4847 4616 32
4847 4616 59
4847 4616 41
4847 4616 14
4847 4631 45
4847 4631 18
4847 4631 1
4847 4631 31
4847 4636 23
4847 4636 47
4847 4636 17
4847 4636 16
4847 4815 6
4847 4815 49
4847 4815 5
4847 4815 60
4847 4819 46
4847 4819 3
4847 4819 35
4847 4819 19
4847 4834 51
4847 4834 51
4847 4834 53
4847 4834 32
4847 4837 13
4847 4837 15
4847 4837 44
4847 4837 43
4847 4803 55
4847 4803 27
4847 4803 45
4847 4803 27
4847 4627 43
4847 4627 19
4847 4627 55
4847 4627 10
4847 4808 48
4847 4808 15
4847 4808 46
4847 4808 0
4847 4623 47
4847 4623 39
4847 4623 0
4847 4623 50
4847 4823 4
4847 4823 46
4847 4823 23
4847 4823 42
4847 4615 12
4847 4615 0
4847 4615 23
4847 4615 55
4847 4539 14
4847 4539 9
4847 4539 33
4847 4539 35
4865 4812 40
4865 4812 43
4865 4812 30
4865 4812 51
4865 4811 0
4865 4811 50
4865 4811 59
4865 4811 51
4865 4634 42
4865 4634 21
4865 4634 58
4865 4634 6
4865 4813 60
4865 4813 38
4865 4813 31
4865 4813 17
4865 4817 2
4865 4817 26
4865 4817 48
4865 4817 46
4865 4805 48
4865 4805 16
4865 4805 48
4865 4805 8
4865 4633 60
4865 4633 17
4865 4633 50
4865 4633 42
4865 4816 28
4865 4816 27
4865 4816 28
4865 4816 56
4865 4630 45
4865 4630 12
4865 4630 49
4865 4630 11
4865 4635 19
4865 4635 24
4865 4635 7
4865 4635 25
4865 4814 48
4865 4814 23
4865 4814 58
4865 4814 39
4865 4818 11
4865 4818 56
4865 4818 59
4865 4818 51
4865 4833 54
4865 4833 8
4865 4833 56
4865 4833 5
4865 4804 47
4865 4804 23
4865 4804 45
4865 4804 57
4865 4628 39
4865 4628 29
4865 4628 41
4865 4628 35
4865 4810 37
4865 4810 57
4865 4810 2
4865 4810 24
4865 4629 57
4865 4629 31
4865 4629 51
4865 4629 0
4865 4826 31
4865 4826 8
4865 4826 8
4865 4826 7
4865 4616 18
4865 4616 27
4865 4616 57
4865 4616 21
4865 4631 25
4865 4631 41
4865 4631 42
4865 4631 10
4865 4636 23
4865 4636 36
4865 4636 21
4865 4636 8
4865 4815 2
4865 4815 43
4865 4815 19
4865 4815 7
4865 4819 50
4865 4819 13
4865 4819 42
4865 4819 58
4865 4834 15
4865 4834 39
4865 4834 24
4865 4834 25
4865 4837 50
4865 4837 53
4865 4837 1
4865 4837 60
4865 4803 42
4865 4803 12
4865 4803 56
4865 4803 58
4865 4627 50
4865 4627 1
4865 4627 5
4865 4627 2
4865 4808 12
4865 4808 39
4865 4808 39
4865 4808 25
4865 4623 46
4865 4623 28
4865 4623 20
4865 4623 53
4865 4823 41
4865 4823 47
4865 4823 48
4865 4823 39
4865 4615 6
4865 4615 33
4865 4615 50
4865 4615 15
4865 4539 18
4865 4539 45
4865 4539 48
4865 4539 44
4665 4812 43
4665 4812 2
4665 4812 5
4665 4812 20
4665 4811 39
4665 4811 29
4665 4811 1
4665 4811 60
4665 4634 50
4665 4634 47
4665 4634 6
4665 4634 32
4665 4813 33
4665 4813 45
4665 4813 9
4665 4813 30
4665 4817 42
4665 4817 55
4665 4817 6
4665 4817 5
4665 4805 44
4665 4805 10
4665 4805 7
4665 4805 0
4665 4633 2
4665 4633 9
4665 4633 25
4665 4633 1
4665 4816 28
4665 4816 43
4665 4816 42
4665 4816 42
4665 4630 47
4665 4630 10
4665 4630 38
4665 4630 6
4665 4635 46
4665 4635 0
4665 4635 55
4665 4635 34
4665 4814 49
4665 4814 4
4665 4814 54
4665 4814 35
4665 4818 56
4665 4818 3
4665 4818 32
4665 4818 52
4665 4833 12
4665 4833 23
4665 4833 11
4665 4833 1
4665 4804 22
4665 4804 48
4665 4804 59
4665 4804 23
4665 4628 18
4665 4628 34
4665 4628 6
4665 4628 37
4665 4810 0
4665 4810 29
4665 4810 13
4665 4810 26
4665 4629 27
4665 4629 11
4665 4629 48
4665 4629 51
4665 4826 34
4665 4826 35
4665 4826 51
4665 4826 49
4665 4616 20
4665 4616 23
4665 4616 31
4665 4616 33
4665 4631 41
4665 4631 23
4665 4631 4
4665 4631 58
4665 4636 29
4665 4636 56
4665 4636 54
4665 4636 44
4665 4815 56
4665 4815 26
4665 4815 22
4665 4815 26
4665 4819 21
4665 4819 12
4665 4819 48
4665 4819 18
4665 4834 15
4665 4834 41
4665 4834 16
4665 4834 45
4665 4837 44
4665 4837 57
4665 4837 10
4665 4837 41
4665 4803 21
4665 4803 37
4665 4803 35
4665 4803 18
4665 4627 22
4665 4627 52
4665 4627 53
4665 4627 21
4665 4808 56
4665 4808 48
4665 4808 58
4665 4808 16
4665 4623 31
4665 4623 32
4665 4623 28
4665 4623 11
4665 4823 15
4665 4823 23
4665 4823 53
4665 4823 3
4665 4615 20
4665 4615 13
4665 4615 53
4665 4615 26
4665 4539 33
4665 4539 13
4665 4539 25
4665 4539 46
4869 4812 54
4869 4812 31
4869 4812 56
4869 4812 30
4869 4811 38
4869 4811 29
4869 4811 26
4869 4811 17
4869 4634 8
4869 4634 9
4869 4634 25
4869 4634 18
4869 4813 17
4869 4813 54
4869 4813 54
4869 4813 2
4869 4817 22
4869 4817 57
4869 4817 2
4869 4817 60
4869 4805 2
4869 4805 8
4869 4805 35
4869 4805 18
4869 4633 1
4869 4633 29
4869 4633 30
4869 4633 35
4869 4816 18
4869 4816 37
4869 4816 7
4869 4816 36
4869 4630 6
4869 4630 6
4869 4630 13
4869 4630 51
4869 4635 59
4869 4635 11
4869 4635 45
4869 4635 34
4869 4814 54
4869 4814 52
4869 4814 18
4869 4814 37
4869 4818 21
4869 4818 49
4869 4818 29
4869 4818 33
4869 4833 52
4869 4833 54
4869 4833 28
4869 4833 20
4869 4804 49
4869 4804 18
4869 4804 11
4869 4804 31
4869 4628 30
4869 4628 43
4869 4628 19
4869 4628 51
4869 4810 37
4869 4810 23
4869 4810 47
4869 4810 17
4869 4629 5
4869 4629 52
4869 4629 18
4869 4629 5
4869 4826 12
4869 4826 43
4869 4826 11
4869 4826 31
4869 4616 54
4869 4616 2
4869 4616 24
4869 4616 59
4869 4631 54
4869 4631 3
4869 4631 30
4869 4631 40
4869 4636 9
4869 4636 52
4869 4636 42
4869 4636 57
4869 4815 52
4869 4815 53
4869 4815 54
4869 4815 56
4869 4819 9
4869 4819 36
4869 4819 56
4869 4819 2
4869 4834 35
4869 4834 27
4869 4834 51
4869 4834 20
4869 4837 52
4869 4837 15
4869 4837 28
4869 4837 41
4869 4803 38
4869 4803 17
4869 4803 40
4869 4803 57
4869 4627 52
4869 4627 44
4869 4627 8
4869 4627 6
4869 4808 56
4869 4808 39
4869 4808 59
4869 4808 31
4869 4623 21
4869 4623 34
4869 4623 48
4869 4623 1
4869 4823 1
4869 4823 31
4869 4823 6
4869 4823 29
4869 4615 57
4869 4615 14
4869 4615 44
4869 4615 40
4869 4539 24
4869 4539 34
4869 4539 18
4869 4539 11
4976 4812 24
4976 4812 32
4976 4812 26
4976 4812 43
4976 4811 17
4976 4811 48
4976 4811 52
4976 4811 42
4976 4634 36
4976 4634 55
4976 4634 48
4976 4634 25
4976 4813 41
4976 4813 47
4976 4813 27
4976 4813 54
4976 4817 58
4976 4817 57
4976 4817 41
4976 4817 30
4976 4805 5
4976 4805 55
4976 4805 5
4976 4805 53
4976 4633 51
4976 4633 21
4976 4633 59
4976 4633 12
4976 4816 38
4976 4816 30
4976 4816 15
4976 4816 23
4976 4630 27
4976 4630 4
4976 4630 6
4976 4630 17
4976 4635 3
4976 4635 25
4976 4635 48
4976 4635 59
4976 4814 44
4976 4814 30
4976 4814 28
4976 4814 32
4976 4818 8
4976 4818 53
4976 4818 3
4976 4818 10
4976 4833 40
4976 4833 30
4976 4833 35
4976 4833 56
4976 4804 31
4976 4804 20
4976 4804 39
4976 4804 40
4976 4628 11
4976 4628 28
4976 4628 14
4976 4628 4
4976 4810 22
4976 4810 12
4976 4810 43
4976 4810 8
4976 4629 11
4976 4629 43
4976 4629 51
4976 4629 2
4976 4826 31
4976 4826 38
4976 4826 26
4976 4826 3
4976 4616 40
4976 4616 42
4976 4616 41
4976 4616 54
4976 4631 24
4976 4631 11
4976 4631 10
4976 4631 2
4976 4636 41
4976 4636 7
4976 4636 59
4976 4636 16
4976 4815 3
4976 4815 50
4976 4815 8
4976 4815 26
4976 4819 38
4976 4819 0
4976 4819 6
4976 4819 31
4976 4834 1
4976 4834 50
4976 4834 40
4976 4834 26
4976 4837 41
4976 4837 45
4976 4837 34
4976 4837 43
4976 4803 9
4976 4803 34
4976 4803 22
4976 4803 15
4976 4627 4
4976 4627 46
4976 4627 53
4976 4627 60
4976 4808 40
4976 4808 49
4976 4808 12
4976 4808 26
4976 4623 7
4976 4623 32
4976 4623 22
4976 4623 20
4976 4823 12
4976 4823 58
4976 4823 16
4976 4823 46
4976 4615 57
4976 4615 14
4976 4615 18
4976 4615 29
4976 4539 53
4976 4539 41
4976 4539 54
4976 4539 37
4868 4812 38
4868 4812 51
4868 4812 40
4868 4812 10
4868 4811 5
4868 4811 29
4868 4811 50
4868 4811 19
4868 4634 60
4868 4634 21
4868 4634 2
4868 4634 15
4868 4813 6
4868 4813 21
4868 4813 4
4868 4813 55
4868 4817 17
4868 4817 56
4868 4817 3
4868 4817 26
4868 4805 12
4868 4805 32
4868 4805 58
4868 4805 41
4868 4633 38
4868 4633 25
4868 4633 19
4868 4633 41
4868 4816 27
4868 4816 14
4868 4816 19
4868 4816 16
4868 4630 6
4868 4630 48
4868 4630 11
4868 4630 30
4868 4635 40
4868 4635 44
4868 4635 0
4868 4635 58
4868 4814 25
4868 4814 7
4868 4814 34
4868 4814 4
4868 4818 47
4868 4818 31
4868 4818 15
4868 4818 58
4868 4833 34
4868 4833 44
4868 4833 6
4868 4833 31
4868 4804 39
4868 4804 26
4868 4804 49
4868 4804 29
4868 4628 4
4868 4628 6
4868 4628 34
4868 4628 44
4868 4810 32
4868 4810 25
4868 4810 40
4868 4810 9
4868 4629 41
4868 4629 11
4868 4629 35
4868 4629 10
4868 4826 32
4868 4826 29
4868 4826 20
4868 4826 20
4868 4616 53
4868 4616 34
4868 4616 12
4868 4616 1
4868 4631 7
4868 4631 14
4868 4631 11
4868 4631 39
4868 4636 57
4868 4636 27
4868 4636 1
4868 4636 28
4868 4815 54
4868 4815 25
4868 4815 15
4868 4815 49
4868 4819 37
4868 4819 44
4868 4819 54
4868 4819 17
4868 4834 48
4868 4834 47
4868 4834 44
4868 4834 11
4868 4837 55
4868 4837 8
4868 4837 59
4868 4837 58
4868 4803 6
4868 4803 6
4868 4803 2
4868 4803 50
4868 4627 2
4868 4627 49
4868 4627 13
4868 4627 43
4868 4808 47
4868 4808 29
4868 4808 54
4868 4808 22
4868 4623 8
4868 4623 54
4868 4623 31
4868 4623 52
4868 4823 54
4868 4823 57
4868 4823 43
4868 4823 31
4868 4615 7
4868 4615 46
4868 4615 21
4868 4615 44
4868 4539 9
4868 4539 32
4868 4539 29
4868 4539 20
4871 4812 24
4871 4812 3
4871 4812 21
4871 4812 20
4871 4811 47
4871 4811 40
4871 4811 48
4871 4811 5
4871 4634 26
4871 4634 26
4871 4634 44
4871 4634 18
4871 4813 39
4871 4813 57
4871 4813 4
4871 4813 0
4871 4817 29
4871 4817 20
4871 4817 11
4871 4817 51
4871 4805 8
4871 4805 17
4871 4805 11
4871 4805 42
4871 4633 23
4871 4633 1
4871 4633 8
4871 4633 28
4871 4816 14
4871 4816 14
4871 4816 9
4871 4816 35
4871 4630 44
4871 4630 27
4871 4630 43
4871 4630 39
4871 4635 13
4871 4635 8
4871 4635 14
4871 4635 57
4871 4814 55
4871 4814 22
4871 4814 9
4871 4814 0
4871 4818 9
4871 4818 49
4871 4818 20
4871 4818 3
4871 4833 60
4871 4833 50
4871 4833 54
4871 4833 12
4871 4804 50
4871 4804 36
4871 4804 26
4871 4804 21
4871 4628 13
4871 4628 39
4871 4628 25
4871 4628 8
4871 4810 44
4871 4810 24
4871 4810 9
4871 4810 8
4871 4629 58
4871 4629 26
4871 4629 21
4871 4629 5
4871 4826 23
4871 4826 49
4871 4826 47
4871 4826 11
4871 4616 22
4871 4616 20
4871 4616 60
4871 4616 28
4871 4631 51
4871 4631 60
4871 4631 52
4871 4631 19
4871 4636 11
4871 4636 25
4871 4636 3
4871 4636 47
4871 4815 0
4871 4815 56
4871 4815 25
4871 4815 37
4871 4819 27
4871 4819 17
4871 4819 7
4871 4819 49
4871 4834 48
4871 4834 0
4871 4834 47
4871 4834 7
4871 4837 48
4871 4837 51
4871 4837 41
4871 4837 49
4871 4803 25
4871 4803 45
4871 4803 13
4871 4803 59
4871 4627 9
4871 4627 4
4871 4627 25
4871 4627 37
4871 4808 3
4871 4808 43
4871 4808 57
4871 4808 34
4871 4623 1
4871 4623 27
4871 4623 50
4871 4623 24
4871 4823 2
4871 4823 15
4871 4823 54
4871 4823 47
4871 4615 53
4871 4615 57
4871 4615 18
4871 4615 25
4871 4539 36
4871 4539 48
4871 4539 8
4871 4539 39
4981 4812 60
4981 4812 48
4981 4812 58
4981 4812 42
4981 4811 0
4981 4811 57
4981 4811 47
4981 4811 20
4981 4634 24
4981 4634 58
4981 4634 6
4981 4634 3
4981 4813 52
4981 4813 56
4981 4813 16
4981 4813 48
4981 4817 35
4981 4817 37
4981 4817 32
4981 4817 23
4981 4805 52
4981 4805 54
4981 4805 0
4981 4805 40
4981 4633 41
4981 4633 23
4981 4633 45
4981 4633 56
4981 4816 10
4981 4816 12
4981 4816 41
4981 4816 9
4981 4630 4
4981 4630 46
4981 4630 0
4981 4630 18
4981 4635 26
4981 4635 37
4981 4635 8
4981 4635 47
4981 4814 4
4981 4814 46
4981 4814 59
4981 4814 27
4981 4818 43
4981 4818 32
4981 4818 30
4981 4818 22
4981 4833 58
4981 4833 32
4981 4833 49
4981 4833 28
4981 4804 43
4981 4804 38
4981 4804 31
4981 4804 28
4981 4628 32
4981 4628 6
4981 4628 59
4981 4628 25
4981 4810 46
4981 4810 26
4981 4810 21
4981 4810 10
4981 4629 34
4981 4629 48
4981 4629 18
4981 4629 54
4981 4826 24
4981 4826 43
4981 4826 19
4981 4826 55
4981 4616 42
4981 4616 40
4981 4616 51
4981 4616 36
4981 4631 30
4981 4631 13
4981 4631 21
4981 4631 5
4981 4636 49
4981 4636 22
4981 4636 6
4981 4636 21
4981 4815 33
4981 4815 11
4981 4815 56
4981 4815 38
4981 4819 54
4981 4819 56
4981 4819 22
4981 4819 18
4981 4834 39
4981 4834 27
4981 4834 39
4981 4834 22
4981 4837 1
4981 4837 2
4981 4837 10
4981 4837 46
4981 4803 46
4981 4803 5
4981 4803 14
4981 4803 32
4981 4627 23
4981 4627 51
4981 4627 36
4981 4627 38
4981 4808 58
4981 4808 43
4981 4808 48
4981 4808 41
4981 4623 55
4981 4623 53
4981 4623 0
4981 4623 59
4981 4823 34
4981 4823 33
4981 4823 31
4981 4823 53
4981 4615 32
4981 4615 39
4981 4615 8
4981 4615 42
4981 4539 47
4981 4539 54
4981 4539 33
4981 4539 29
4845 4812 16
4845 4812 50
4845 4812 0
4845 4812 53
4845 4811 55
4845 4811 9
4845 4811 6
4845 4811 38
4845 4634 16
4845 4634 25
4845 4634 1
4845 4634 32
4845 4813 49
4845 4813 33
4845 4813 27
4845 4813 13
4845 4817 21
4845 4817 39
4845 4817 21
4845 4817 21
4845 4805 55
4845 4805 43
4845 4805 48
4845 4805 1
4845 4633 57
4845 4633 21
4845 4633 41
4845 4633 21
4845 4816 34
4845 4816 45
4845 4816 15
4845 4816 1
4845 4630 4
4845 4630 8
4845 4630 33
4845 4630 42
4845 4635 45
4845 4635 26
4845 4635 1
4845 4635 2
4845 4814 50
4845 4814 28
4845 4814 19
4845 4814 34
4845 4818 50
4845 4818 14
4845 4818 57
4845 4818 36
4845 4833 39
4845 4833 2
4845 4833 54
4845 4833 0
4845 4804 31
4845 4804 59
4845 4804 32
4845 4804 42
4845 4628 42
4845 4628 6
4845 4628 17
4845 4628 12
4845 4810 2
4845 4810 55
4845 4810 13
4845 4810 11
4845 4629 9
4845 4629 47
4845 4629 4
4845 4629 36
4845 4826 35
4845 4826 31
4845 4826 10
4845 4826 47
4845 4616 54
4845 4616 35
4845 4616 1
4845 4616 47
4845 4631 53
4845 4631 40
4845 4631 51
4845 4631 59
4845 4636 20
4845 4636 20
4845 4636 16
4845 4636 58
4845 4815 55
4845 4815 35
4845 4815 53
4845 4815 49
4845 4819 3
4845 4819 9
4845 4819 35
4845 4819 54
4845 4834 2
4845 4834 12
4845 4834 54
4845 4834 18
4845 4837 48
4845 4837 14
4845 4837 57
4845 4837 20
4845 4803 32
4845 4803 40
4845 4803 2
4845 4803 27
4845 4627 13
4845 4627 58
4845 4627 10
4845 4627 58
4845 4808 4
4845 4808 33
4845 4808 8
4845 4808 47
4845 4623 10
4845 4623 37
4845 4623 10
4845 4623 46
4845 4823 44
4845 4823 14
4845 4823 25
4845 4823 34
4845 4615 30
4845 4615 47
4845 4615 56
4845 4615 27
4845 4539 11
4845 4539 2
4845 4539 0
4845 4539 21
4842 4812 60
4842 4812 50
4842 4812 17
4842 4812 52
4842 4811 25
4842 4811 25
4842 4811 8
4842 4811 47
4842 4634 23
4842 4634 7
4842 4634 56
4842 4634 58
4842 4813 12
4842 4813 2
4842 4813 24
4842 4813 20
4842 4817 24
4842 4817 57
4842 4817 39
4842 4817 24
4842 4805 53
4842 4805 46
4842 4805 4
4842 4805 13
4842 4633 41
4842 4633 3
4842 4633 15
4842 4633 60
4842 4816 20
4842 4816 10
4842 4816 59
4842 4816 58
4842 4630 19
4842 4630 46
4842 4630 48
4842 4630 30
4842 4635 37
4842 4635 27
4842 4635 15
4842 4635 41
4842 4814 46
4842 4814 12
4842 4814 45
4842 4814 55
4842 4818 60
4842 4818 12
4842 4818 28
4842 4818 50
4842 4833 43
4842 4833 32
4842 4833 16
4842 4833 50
4842 4804 30
4842 4804 11
4842 4804 8
4842 4804 19
4842 4628 18
4842 4628 4
4842 4628 11
4842 4628 19
4842 4810 15
4842 4810 37
4842 4810 53
4842 4810 25
4842 4629 48
4842 4629 34
4842 4629 4
4842 4629 8
4842 4826 51
4842 4826 21
4842 4826 1
4842 4826 10
4842 4616 32
4842 4616 1
4842 4616 13
4842 4616 35
4842 4631 25
4842 4631 41
4842 4631 47
4842 4631 3
4842 4636 25
4842 4636 0
4842 4636 10
4842 4636 12
4842 4815 4
4842 4815 19
4842 4815 26
4842 4815 18
4842 4819 34
4842 4819 43
4842 4819 42
4842 4819 50
4842 4834 28
4842 4834 25
4842 4834 52
4842 4834 47
4842 4837 25
4842 4837 35
4842 4837 37
4842 4837 23
4842 4803 7
4842 4803 36
4842 4803 39
4842 4803 20
4842 4627 40
4842 4627 27
4842 4627 3
4842 4627 2
4842 4808 30
4842 4808 22
4842 4808 19
4842 4808 25
4842 4623 13
4842 4623 7
4842 4623 0
4842 4623 3
4842 4823 51
4842 4823 30
4842 4823 2
4842 4823 9
4842 4615 4
4842 4615 22
4842 4615 20
4842 4615 60
4842 4539 30
4842 4539 40
4842 4539 60
4842 4539 37
4859 4812 1
4859 4812 13
4859 4812 33
4859 4812 38
4859 4811 38
4859 4811 40
4859 4811 59
4859 4811 57
4859 4634 19
4859 4634 4
4859 4634 38
4859 4634 40
4859 4813 55
4859 4813 51
4859 4813 32
4859 4813 45
4859 4817 39
4859 4817 4
4859 4817 14
4859 4817 4
4859 4805 26
4859 4805 30
4859 4805 28
4859 4805 51
4859 4633 48
4859 4633 2
4859 4633 51
4859 4633 4
4859 4816 12
4859 4816 44
4859 4816 38
4859 4816 27
4859 4630 45
4859 4630 52
4859 4630 17
4859 4630 54
4859 4635 37
4859 4635 55
4859 4635 9
4859 4635 30
4859 4814 20
4859 4814 56
4859 4814 56
4859 4814 47
4859 4818 25
4859 4818 5
4859 4818 21
4859 4818 30
4859 4833 39
4859 4833 49
4859 4833 11
4859 4833 40
4859 4804 55
4859 4804 60
4859 4804 57
4859 4804 53
4859 4628 6
4859 4628 44
4859 4628 57
4859 4628 47
4859 4810 58
4859 4810 3
4859 4810 31
4859 4810 37
4859 4629 39
4859 4629 13
4859 4629 53
4859 4629 13
4859 4826 47
4859 4826 18
4859 4826 54
4859 4826 11
4859 4616 52
4859 4616 24
4859 4616 5
4859 4616 10
4859 4631 37
4859 4631 27
4859 4631 20
4859 4631 26
4859 4636 31
4859 4636 27
4859 4636 21
4859 4636 26
4859 4815 28
4859 4815 0
4859 4815 25
4859 4815 6
4859 4819 35
4859 4819 10
4859 4819 45
4859 4819 56
4859 4834 50
4859 4834 5
4859 4834 56
4859 4834 39
4859 4837 0
4859 4837 57
4859 4837 53
4859 4837 52
4859 4803 57
4859 4803 5
4859 4803 11
4859 4803 40
4859 4627 22
4859 4627 56
4859 4627 9
4859 4627 38
4859 4808 6
4859 4808 43
4859 4808 6
4859 4808 15
4859 4623 23
4859 4623 15
4859 4623 41
4859 4623 52
4859 4823 37
4859 4823 40
4859 4823 29
4859 4823 52
4859 4615 42
4859 4615 29
4859 4615 41
4859 4615 10
4859 4539 54
4859 4539 19
4859 4539 43
4859 4539 22
4864 4812 33
4864 4812 53
4864 4812 1
4864 4812 10
4864 4811 32
4864 4811 54
4864 4811 12
4864 4811 7
4864 4634 5
4864 4634 16
4864 4634 23
4864 4634 8
4864 4813 45
4864 4813 59
4864 4813 2
4864 4813 33
4864 4817 1
4864 4817 23
4864 4817 44
4864 4817 49
4864 4805 34
4864 4805 46
4864 4805 48
4864 4805 45
4864 4633 12
4864 4633 60
4864 4633 47
4864 4633 41
4864 4816 48
4864 4816 14
4864 4816 15
4864 4816 3
4864 4630 39
4864 4630 15
4864 4630 42
4864 4630 11
4864 4635 47
4864 4635 41
4864 4635 10
4864 4635 20
4864 4814 40
4864 4814 6
4864 4814 35
4864 4814 32
4864 4818 52
4864 4818 56
4864 4818 16
4864 4818 36
4864 4833 58
4864 4833 44
4864 4833 52
4864 4833 26
4864 4804 54
4864 4804 53
4864 4804 15
4864 4804 6
4864 4628 56
4864 4628 33
4864 4628 14
4864 4628 14
4864 4810 10
4864 4810 15
4864 4810 23
4864 4810 50
4864 4629 48
4864 4629 0
4864 4629 47
4864 4629 50
4864 4826 16
4864 4826 60
4864 4826 31
4864 4826 45
4864 4616 48
4864 4616 43
4864 4616 47
4864 4616 18
4864 4631 43
4864 4631 58
4864 4631 16
4864 4631 9
4864 4636 21
4864 4636 11
4864 4636 37
4864 4636 1
4864 4815 15
4864 4815 51
4864 4815 37
4864 4815 8
4864 4819 52
4864 4819 3
4864 4819 48
4864 4819 38
4864 4834 17
4864 4834 37
4864 4834 31
4864 4834 30
4864 4837 6
4864 4837 9
4864 4837 15
4864 4837 26
4864 4803 24
4864 4803 44
4864 4803 24
4864 4803 54
4864 4627 45
4864 4627 20
4864 4627 17
4864 4627 17
4864 4808 16
4864 4808 50
4864 4808 16
4864 4808 4
4864 4623 21
4864 4623 43
4864 4623 34
4864 4623 18
4864 4823 23
4864 4823 24
4864 4823 60
4864 4823 36
4864 4615 48
4864 4615 18
4864 4615 31
4864 4615 19
4864 4539 45
4864 4539 36
4864 4539 29
4864 4539 43
4661 4812 4
4661 4812 47
4661 4812 39
4661 4812 11
4661 4811 58
4661 4811 57
4661 4811 45
4661 4811 7
4661 4634 32
4661 4634 21
4661 4634 8
4661 4634 22
4661 4813 53
4661 4813 14
4661 4813 32
4661 4813 56
4661 4817 18
4661 4817 23
4661 4817 28
4661 4817 13
4661 4805 51
4661 4805 19
4661 4805 16
4661 4805 52
4661 4633 29
4661 4633 41
4661 4633 58
4661 4633 47
4661 4816 18
4661 4816 3
4661 4816 33
4661 4816 16
4661 4630 20
4661 4630 46
4661 4630 59
4661 4630 0
4661 4635 15
4661 4635 31
4661 4635 4
4661 4635 3
4661 4814 39
4661 4814 36
4661 4814 14
4661 4814 52
4661 4818 42
4661 4818 18
4661 4818 0
4661 4818 22
4661 4833 15
4661 4833 25
4661 4833 58
4661 4833 49
4661 4804 2
4661 4804 59
4661 4804 30
4661 4804 3
4661 4628 44
4661 4628 37
4661 4628 32
4661 4628 22
4661 4810 10
4661 4810 39
4661 4810 50
4661 4810 33
4661 4629 24
4661 4629 10
4661 4629 3
4661 4629 41
4661 4826 52
4661 4826 18
4661 4826 32
4661 4826 33
4661 4616 52
4661 4616 56
4661 4616 32
4661 4616 46
4661 4631 33
4661 4631 41
4661 4631 56
4661 4631 46
4661 4636 48
4661 4636 14
4661 4636 11
4661 4636 48
4661 4815 8
4661 4815 29
4661 4815 2
4661 4815 24
4661 4819 47
4661 4819 47
4661 4819 28
4661 4819 23
4661 4834 47
4661 4834 14
4661 4834 51
4661 4834 58
4661 4837 16
4661 4837 34
4661 4837 17
4661 4837 32
4661 4803 5
4661 4803 42
4661 4803 30
4661 4803 22
4661 4627 52
4661 4627 29
4661 4627 1
4661 4627 22
4661 4808 30
4661 4808 27
4661 4808 26
4661 4808 20
4661 4623 13
4661 4623 36
4661 4623 45
4661 4623 2
4661 4823 4
4661 4823 51
4661 4823 55
4661 4823 9
4661 4615 38
4661 4615 42
4661 4615 19
4661 4615 7
4661 4539 14
4661 4539 42
4661 4539 33
4661 4539 37
4663 4812 30
4663 4812 3
4663 4812 41
4663 4812 28
4663 4811 25
4663 4811 18
4663 4811 25
4663 4811 11
4663 4634 54
4663 4634 48
4663 4634 40
4663 4634 6
4663 4813 20
4663 4813 30
4663 4813 21
4663 4813 12
4663 4817 9
4663 4817 32
4663 4817 8
4663 4817 20
4663 4805 4
4663 4805 17
4663 4805 27
4663 4805 30
4663 4633 30
4663 4633 20
4663 4633 10
4663 4633 58
4663 4816 27
4663 4816 38
4663 4816 19
4663 4816 53
4663 4630 0
4663 4630 50
4663 4630 22
4663 4630 54
4663 4635 3
4663 4635 38
4663 4635 14
4663 4635 53
4663 4814 18
4663 4814 39
4663 4814 18
4663 4814 24
4663 4818 3
4663 4818 3
4663 4818 7
4663 4818 48
4663 4833 40
4663 4833 18
4663 4833 11
4663 4833 27
4663 4804 35
4663 4804 54
4663 4804 1
4663 4804 20
4663 4628 60
4663 4628 32
4663 4628 28
4663 4628 55
4663 4810 12
4663 4810 58
4663 4810 34
4663 4810 26
4663 4629 18
4663 4629 20
4663 4629 48
4663 4629 24
4663 4826 48
4663 4826 31
4663 4826 32
4663 4826 29
4663 4616 40
4663 4616 17
4663 4616 5
4663 4616 46
4663 4631 21
4663 4631 20
4663 4631 52
4663 4631 29
4663 4636 46
4663 4636 27
4663 4636 37
4663 4636 46
4663 4815 26
4663 4815 6
4663 4815 31
4663 4815 9
4663 4819 19
4663 4819 0
4663 4819 33
4663 4819 39
4663 4834 48
4663 4834 13
4663 4834 17
4663 4834 51
4663 4837 60
4663 4837 5
4663 4837 37
4663 4837 5
4663 4803 48
4663 4803 12
4663 4803 53
4663 4803 53
4663 4627 22
4663 4627 21
4663 4627 50
4663 4627 42
4663 4808 5
4663 4808 5
4663 4808 37
4663 4808 12
4663 4623 39
4663 4623 46
4663 4623 35
4663 4623 29
4663 4823 10
4663 4823 18
4663 4823 25
4663 4823 42
4663 4615 1
4663 4615 2
4663 4615 60
4663 4615 4
4663 4539 29
4663 4539 59
4663 4539 9
4663 4539 19
4666 4812 42
4666 4812 54
4666 4812 7
4666 4812 24
4666 4811 50
4666 4811 23
4666 4811 32
4666 4811 42
4666 4634 24
4666 4634 31
4666 4634 42
4666 4634 13
4666 4813 22
4666 4813 15
4666 4813 56
4666 4813 25
4666 4817 6
4666 4817 53
4666 4817 37
4666 4817 18
4666 4805 36
4666 4805 32
4666 4805 54
4666 4805 8
4666 4633 56
4666 4633 34
4666 4633 45
4666 4633 50
4666 4816 7
4666 4816 38
4666 4816 6
4666 4816 18
4666 4630 0
4666 4630 40
4666 4630 37
4666 4630 39
4666 4635 34
4666 4635 14
4666 4635 35
4666 4635 35
4666 4814 57
4666 4814 22
4666 4814 9
4666 4814 9
4666 4818 50
4666 4818 50
4666 4818 23
4666 4818 0
4666 4833 42
4666 4833 25
4666 4833 48
4666 4833 13
4666 4804 22
4666 4804 34
4666 4804 39
4666 4804 5
4666 4628 4
4666 4628 25
4666 4628 10
4666 4628 23
4666 4810 54
4666 4810 30
4666 4810 18
4666 4810 42
4666 4629 55
4666 4629 25
4666 4629 19
4666 4629 58
4666 4826 7
4666 4826 15
4666 4826 11
4666 4826 3
4666 4616 27
4666 4616 57
4666 4616 55
4666 4616 34
4666 4631 37
4666 4631 47
4666 4631 56
4666 4631 36
4666 4636 31
4666 4636 48
4666 4636 25
4666 4636 27
4666 4815 54
4666 4815 53
4666 4815 10
4666 4815 27
4666 4819 29
4666 4819 45
4666 4819 21
4666 4819 22
4666 4834 31
4666 4834 36
4666 4834 37
4666 4834 21
4666 4837 19
4666 4837 27
4666 4837 22
4666 4837 45
4666 4803 23
4666 4803 25
4666 4803 6
4666 4803 50
4666 4627 19
4666 4627 60
4666 4627 35
4666 4627 13
4666 4808 37
4666 4808 58
4666 4808 38
4666 4808 54
4666 4623 35
4666 4623 0
4666 4623 52
4666 4623 44
4666 4823 7
4666 4823 40
4666 4823 38
4666 4823 7
4666 4615 27
4666 4615 39
4666 4615 6
4666 4615 17
4666 4539 33
4666 4539 45
4666 4539 36
4666 4539 23
4870 4812 11
4870 4812 0
4870 4812 3
4870 4812 38
4870 4811 42
4870 4811 32
4870 4811 53
4870 4811 45
4870 4634 19
4870 4634 34
4870 4634 1
4870 4634 21
4870 4813 28
4870 4813 40
4870 4813 57
4870 4813 25
4870 4817 9
4870 4817 31
4870 4817 47
4870 4817 38
4870 4805 49
4870 4805 39
4870 4805 22
4870 4805 4
4870 4633 26
4870 4633 12
4870 4633 43
4870 4633 51
4870 4816 10
4870 4816 35
4870 4816 20
4870 4816 9
4870 4630 47
4870 4630 60
4870 4630 28
4870 4630 8
4870 4635 29
4870 4635 12
4870 4635 48
4870 4635 24
4870 4814 44
4870 4814 18
4870 4814 34
4870 4814 3
4870 4818 24
4870 4818 44
4870 4818 24
4870 4818 3
4870 4833 7
4870 4833 35
4870 4833 40
4870 4833 21
4870 4804 9
4870 4804 10
4870 4804 54
4870 4804 23
4870 4628 52
4870 4628 17
4870 4628 48
4870 4628 20
4870 4810 7
4870 4810 56
4870 4810 24
4870 4810 32
4870 4629 34
4870 4629 45
4870 4629 4
4870 4629 48
4870 4826 53
4870 4826 23
4870 4826 7
4870 4826 46
4870 4616 30
4870 4616 47
4870 4616 36
4870 4616 60
4870 4631 43
4870 4631 37
4870 4631 9
4870 4631 3
4870 4636 42
4870 4636 41
4870 4636 2
4870 4636 20
4870 4815 60
4870 4815 28
4870 4815 59
4870 4815 53
4870 4819 31
4870 4819 5
4870 4819 34
4870 4819 51
4870 4834 6
4870 4834 3
4870 4834 39
4870 4834 19
4870 4837 3
4870 4837 13
4870 4837 9
4870 4837 50
4870 4803 14
4870 4803 28
4870 4803 30
4870 4803 10
4870 4627 21
4870 4627 38
4870 4627 11
4870 4627 40
4870 4808 6
4870 4808 41
4870 4808 15
4870 4808 13
4870 4623 59
4870 4623 48
4870 4623 50
4870 4623 54
4870 4823 42
4870 4823 47
4870 4823 30
4870 4823 55
4870 4615 38
4870 4615 8
4870 4615 27
4870 4615 9
4870 4539 11
4870 4539 43
4870 4539 12
4870 4539 27
4909 4812 35
4909 4812 37
4909 4812 31
4909 4812 3
4909 4811 16
4909 4811 26
4909 4811 3
4909 4811 3
4909 4634 8
4909 4634 22
4909 4634 33
4909 4634 43
4909 4813 48
4909 4813 45
4909 4813 3
4909 4813 48
4909 4817 28
4909 4817 53
4909 4817 38
4909 4817 25
4909 4805 25
4909 4805 4
4909 4805 51
4909 4805 50
4909 4633 56
4909 4633 44
4909 4633 33
4909 4633 14
4909 4816 3
4909 4816 43
4909 4816 14
4909 4816 29
4909 4630 7
4909 4630 36
4909 4630 0
4909 4630 37
4909 4635 31
4909 4635 52
4909 4635 36
4909 4635 28
4909 4814 31
4909 4814 60
4909 4814 19
4909 4814 5
4909 4818 53
4909 4818 19
4909 4818 48
4909 4818 21
4909 4833 1
4909 4833 15
4909 4833 1
4909 4833 60
4909 4804 1
4909 4804 25
4909 4804 28
4909 4804 20
4909 4628 23
4909 4628 16
4909 4628 44
4909 4628 9
4909 4810 18
4909 4810 28
4909 4810 43
4909 4810 7
4909 4629 25
4909 4629 2
4909 4629 49
4909 4629 44
4909 4826 51
4909 4826 18
4909 4826 32
4909 4826 14
4909 4616 55
4909 4616 4
4909 4616 10
4909 4616 33
4909 4631 5
4909 4631 21
4909 4631 57
4909 4631 13
4909 4636 12
4909 4636 3
4909 4636 21
4909 4636 28
4909 4815 54
4909 4815 6
4909 4815 58
4909 4815 18
4909 4819 38
4909 4819 24
4909 4819 12
4909 4819 1
4909 4834 24
4909 4834 45
4909 4834 12
4909 4834 58
4909 4837 53
4909 4837 23
4909 4837 53
4909 4837 13
4909 4803 51
4909 4803 43
4909 4803 42
4909 4803 15
4909 4627 24
4909 4627 34
4909 4627 37
4909 4627 3
4909 4808 48
4909 4808 46
4909 4808 38
4909 4808 31
4909 4623 21
4909 4623 32
4909 4623 39
4909 4623 1
4909 4823 20
4909 4823 57
4909 4823 32
4909 4823 11
4909 4615 19
4909 4615 60
4909 4615 23
4909 4615 15
4909 4539 43
4909 4539 25
4909 4539 32
4909 4539 47
4977 4812 7
4977 4812 11
4977 4812 18
4977 4812 25
4977 4811 42
4977 4811 28
4977 4811 32
4977 4811 25
4977 4634 20
4977 4634 39
4977 4634 52
4977 4634 28
4977 4813 59
4977 4813 60
4977 4813 0
4977 4813 10
4977 4817 21
4977 4817 55
4977 4817 30
4977 4817 17
4977 4805 5
4977 4805 46
4977 4805 16
4977 4805 39
4977 4633 56
4977 4633 51
4977 4633 20
4977 4633 38
4977 4816 46
4977 4816 29
4977 4816 18
4977 4816 5
4977 4630 17
4977 4630 40
4977 4630 11
4977 4630 26
4977 4635 18
4977 4635 42
4977 4635 6
4977 4635 17
4977 4814 37
4977 4814 28
4977 4814 21
4977 4814 4
4977 4818 41
4977 4818 55
4977 4818 41
4977 4818 14
4977 4833 4
4977 4833 30
4977 4833 20
4977 4833 1
4977 4804 0
4977 4804 38
4977 4804 27
4977 4804 51
4977 4628 12
4977 4628 1
4977 4628 59
4977 4628 38
4977 4810 51
4977 4810 50
4977 4810 57
4977 4810 51
4977 4629 54
4977 4629 21
4977 4629 2
4977 4629 12
4977 4826 33
4977 4826 43
4977 4826 6
4977 4826 39
4977 4616 48
4977 4616 2
4977 4616 13
4977 4616 52
4977 4631 56
4977 4631 9
4977 4631 23
4977 4631 4
4977 4636 0
4977 4636 13
4977 4636 44
4977 4636 20
4977 4815 3
4977 4815 38
4977 4815 44
4977 4815 24
4977 4819 55
4977 4819 29
4977 4819 5
4977 4819 29
4977 4834 18
4977 4834 57
4977 4834 54
4977 4834 0
4977 4837 11
4977 4837 14
4977 4837 31
4977 4837 17
4977 4803 42
4977 4803 30
4977 4803 14
4977 4803 50
4977 4627 40
4977 4627 25
4977 4627 27
4977 4627 14
4977 4808 14
4977 4808 50
4977 4808 51
4977 4808 12
4977 4623 35
4977 4623 10
4977 4623 51
4977 4623 52
4977 4823 18
4977 4823 40
4977 4823 13
4977 4823 45
4977 4615 55
4977 4615 31
4977 4615 37
4977 4615 54
4977 4539 36
4977 4539 57
4977 4539 27
4977 4539 7
4984 4812 50
4984 4812 11
4984 4812 20
4984 4812 59
4984 4811 1
4984 4811 25
4984 4811 19
4984 4811 15
4984 4634 59
4984 4634 26
4984 4634 55
4984 4634 22
4984 4813 56
4984 4813 17
4984 4813 25
4984 4813 29
4984 4817 17
4984 4817 15
4984 4817 7
4984 4817 6
4984 4805 7
4984 4805 8
4984 4805 41
4984 4805 5
4984 4633 4
4984 4633 23
4984 4633 11
4984 4633 23
4984 4816 20
4984 4816 26
4984 4816 27
4984 4816 33
4984 4630 53
4984 4630 34
4984 4630 1
4984 4630 10
4984 4635 6
4984 4635 40
4984 4635 36
4984 4635 35
4984 4814 54
4984 4814 20
4984 4814 11
4984 4814 20
4984 4818 32
4984 4818 39
4984 4818 38
4984 4818 32
4984 4833 15
4984 4833 33
4984 4833 56
4984 4833 45
4984 4804 39
4984 4804 30
4984 4804 44
4984 4804 1
4984 4628 34
4984 4628 4
4984 4628 4
4984 4628 30
4984 4810 37
4984 4810 29
4984 4810 4
4984 4810 56
4984 4629 12
4984 4629 30
4984 4629 50
4984 4629 56
4984 4826 18
4984 4826 4
4984 4826 57
4984 4826 28
4984 4616 49
4984 4616 3
4984 4616 21
4984 4616 18
4984 4631 59
4984 4631 5
4984 4631 32
4984 4631 4
4984 4636 48
4984 4636 36
4984 4636 40
4984 4636 11
4984 4815 58
4984 4815 28
4984 4815 58
4984 4815 46
4984 4819 52
4984 4819 9
4984 4819 52
4984 4819 34
4984 4834 13
4984 4834 55
4984 4834 42
4984 4834 7
4984 4837 48
4984 4837 24
4984 4837 11
4984 4837 7
4984 4803 1
4984 4803 1
4984 4803 38
4984 4803 16
4984 4627 16
4984 4627 52
4984 4627 50
4984 4627 25
4984 4808 28
4984 4808 59
4984 4808 16
4984 4808 41
4984 4623 49
4984 4623 27
4984 4623 51
4984 4623 16
4984 4823 20
4984 4823 52
4984 4823 36
4984 4823 2
4984 4615 35
4984 4615 24
4984 4615 10
4984 4615 58
4984 4539 5
4984 4539 38
4984 4539 48
4984 4539 34
4873 4812 51
4873 4812 59
4873 4812 0
4873 4812 8
4873 4811 13
4873 4811 35
4873 4811 57
4873 4811 26
4873 4634 0
4873 4634 52
4873 4634 48
4873 4634 53
4873 4813 33
4873 4813 24
4873 4813 56
4873 4813 17
4873 4817 15
4873 4817 6
4873 4817 29
4873 4817 52
4873 4805 25
4873 4805 31
4873 4805 19
4873 4805 59
4873 4633 10
4873 4633 50
4873 4633 38
4873 4633 23
4873 4816 55
4873 4816 60
4873 4816 19
4873 4816 20
4873 4630 1
4873 4630 1
4873 4630 6
4873 4630 29
4873 4635 53
4873 4635 15
4873 4635 49
4873 4635 46
4873 4814 45
4873 4814 20
4873 4814 22
4873 4814 26
4873 4818 17
4873 4818 30
4873 4818 29
4873 4818 55
4873 4833 48
4873 4833 13
4873 4833 35
4873 4833 1
4873 4804 24
4873 4804 8
4873 4804 6
4873 4804 11
4873 4628 29
4873 4628 11
4873 4628 39
4873 4628 36
4873 4810 19
4873 4810 60
4873 4810 41
4873 4810 19
4873 4629 47
4873 4629 26
4873 4629 0
4873 4629 55
4873 4826 37
4873 4826 1
4873 4826 0
4873 4826 23
4873 4616 15
4873 4616 46
4873 4616 27
4873 4616 52
4873 4631 43
4873 4631 58
4873 4631 50
4873 4631 11
4873 4636 49
4873 4636 56
4873 4636 55
4873 4636 2
4873 4815 51
4873 4815 38
4873 4815 39
4873 4815 15
4873 4819 25
4873 4819 15
4873 4819 13
4873 4819 29
4873 4834 47
4873 4834 2
4873 4834 3
4873 4834 52
4873 4837 5
4873 4837 36
4873 4837 32
4873 4837 53
4873 4803 56
4873 4803 47
4873 4803 51
4873 4803 28
4873 4627 7
4873 4627 55
4873 4627 10
4873 4627 28
4873 4808 13
4873 4808 4
4873 4808 59
4873 4808 24
4873 4623 6
4873 4623 25
4873 4623 43
4873 4623 10
4873 4823 38
4873 4823 30
4873 4823 24
4873 4823 52
4873 4615 30
4873 4615 7
4873 4615 51
4873 4615 13
4873 4539 8
4873 4539 3
4873 4539 41
4873 4539 43
