6895 6754 14
6895 6753 41
6895 6742 29
6895 6820 29
6895 6240 26
6895 6814 20
6895 6821 16
6895 6743 11
6895 6819 6
6895 9774 27
6895 9806 58
6895 6239 20
6895 6241 24
6895 6815 8
6895 6823 2
6895 6824 18
6895 6747 56
6895 6751 8
6895 6818 57
6895 6665 21
6895 9808 57
6895 9825 46
6895 9822 48
6895 6238 13
6895 6750 21
6895 6242 18
6895 6752 43
6895 6816 13
6895 6825 58
6895 6826 6
6895 6843 7
6895 6748 49
6894 6754 10
6894 6753 11
6894 6742 46
6894 6820 16
6894 6240 4
6894 6814 56
6894 6821 14
6894 6743 59
6894 6819 38
6894 9774 20
6894 9806 59
6894 6239 53
6894 6241 5
6894 6815 54
6894 6823 44
6894 6824 59
6894 6747 41
6894 6751 8
6894 6818 51
6894 6665 40
6894 9808 29
6894 9825 42
6894 9822 47
6894 6238 20
6894 6750 58
6894 6242 22
6894 6752 14
6894 6816 8
6894 6825 55
6894 6826 13
6894 6843 15
6894 6748 32
6886 6754 0
6886 6753 40
6886 6742 57
6886 6820 0
6886 6240 37
6886 6814 51
6886 6821 47
6886 6743 50
6886 6819 7
6886 9774 4
6886 9806 6
6886 6239 2
6886 6241 42
6886 6815 50
6886 6823 31
6886 6824 53
6886 6747 18
6886 6751 48
6886 6818 31
6886 6665 49
6886 9808 48
6886 9825 10
6886 9822 50
6886 6238 54
6886 6750 21
6886 6242 56
6886 6752 3
6886 6816 5
6886 6825 18
6886 6826 25
6886 6843 9
6886 6748 22
6899 6754 46
6899 6753 30
6899 6742 16
6899 6820 22
6899 6240 14
6899 6814 3
6899 6821 29
6899 6743 0
6899 6819 41
6899 9774 34
6899 9806 44
6899 6239 51
6899 6241 52
6899 6815 52
6899 6823 49
6899 6824 8
6899 6747 53
6899 6751 15
6899 6818 42
6899 6665 52
6899 9808 30
6899 9825 25
6899 9822 0
6899 6238 47
6899 6750 25
6899 6242 55
6899 6752 22
6899 6816 9
6899 6825 49
6899 6826 39
6899 6843 4
6899 6748 38
6902 6754 31
6902 6753 26
6902 6742 51
6902 6820 60
6902 6240 53
6902 6814 42
6902 6821 58
6902 6743 3
6902 6819 25
6902 9774 45
6902 9806 60
6902 6239 29
6902 6241 34
6902 6815 41
6902 6823 42
6902 6824 48
6902 6747 45
6902 6751 13
6902 6818 44
6902 6665 14
6902 9808 41
6902 9825 58
6902 9822 19
6902 6238 18
6902 6750 50
6902 6242 32
6902 6752 46
6902 6816 10
6902 6825 32
6902 6826 10
6902 6843 28
6902 6748 27
6893 6754 25
6893 6753 25
6893 6742 43
6893 6820 10
6893 6240 12
6893 6814 0
6893 6821 46
6893 6743 28
6893 6819 24
6893 9774 10
6893 9806 50
6893 6239 36
6893 6241 41
6893 6815 60
6893 6823 25
6893 6824 26
6893 6747 49
6893 6751 55
6893 6818 32
6893 6665 42
6893 9808 53
6893 9825 8
6893 9822 41
6893 6238 42
6893 6750 0
6893 6242 29
6893 6752 15
6893 6816 17
6893 6825 53
6893 6826 39
6893 6843 5
6893 6748 47
6896 6754 48
6896 6753 45
6896 6742 12
6896 6820 29
6896 6240 16
6896 6814 53
6896 6821 39
6896 6743 52
6896 6819 18
6896 9774 8
6896 9806 0
6896 6239 40
6896 6241 54
6896 6815 5
6896 6823 48
6896 6824 35
6896 6747 32
6896 6751 50
6896 6818 58
6896 6665 51
6896 9808 50
6896 9825 22
6896 9822 0
6896 6238 42
6896 6750 29
6896 6242 21
6896 6752 14
6896 6816 37
6896 6825 48
6896 6826 51
6896 6843 47
6896 6748 40
6903 6754 22
6903 6753 14
6903 6742 0
6903 6820 13
6903 6240 17
6903 6814 58
6903 6821 44
6903 6743 35
6903 6819 15
6903 9774 8
6903 9806 46
6903 6239 38
6903 6241 50
6903 6815 11
6903 6823 24
6903 6824 1
6903 6747 58
6903 6751 52
6903 6818 40
6903 6665 55
6903 9808 2
6903 9825 58
6903 9822 59
6903 6238 49
6903 6750 10
6903 6242 54
6903 6752 34
6903 6816 23
6903 6825 47
6903 6826 46
6903 6843 58
6903 6748 18
6887 6754 26
6887 6753 19
6887 6742 12
6887 6820 33
6887 6240 11
6887 6814 57
6887 6821 42
6887 6743 37
6887 6819 55
6887 9774 16
6887 9806 2
6887 6239 45
6887 6241 22
6887 6815 8
6887 6823 28
6887 6824 33
6887 6747 41
6887 6751 49
6887 6818 0
6887 6665 17
6887 9808 18
6887 9825 57
6887 9822 34
6887 6238 29
6887 6750 34
6887 6242 22
6887 6752 33
6887 6816 13
6887 6825 36
6887 6826 43
6887 6843 55
6887 6748 47
6837 6754 8
6837 6753 44
6837 6742 51
6837 6820 5
6837 6240 21
6837 6814 1
6837 6821 29
6837 6743 35
6837 6819 43
6837 9774 0
6837 9806 56
6837 6239 21
6837 6241 28
6837 6815 10
6837 6823 3
6837 6824 9
6837 6747 43
6837 6751 38
6837 6818 49
6837 6665 36
6837 9808 27
6837 9825 26
6837 9822 9
6837 6238 5
6837 6750 1
6837 6242 45
6837 6752 10
6837 6816 16
6837 6825 16
6837 6826 20
6837 6843 40
6837 6748 8
6901 6754 2
6901 6753 0
6901 6742 18
6901 6820 60
6901 6240 14
6901 6814 55
6901 6821 47
6901 6743 1
6901 6819 20
6901 9774 2
6901 9806 10
6901 6239 54
6901 6241 60
6901 6815 49
6901 6823 56
6901 6824 24
6901 6747 42
6901 6751 28
6901 6818 7
6901 6665 36
6901 9808 36
6901 9825 26
6901 9822 13
6901 6238 6
6901 6750 51
6901 6242 40
6901 6752 0
6901 6816 19
6901 6825 60
6901 6826 22
6901 6843 36
6901 6748 10
6892 6754 42
6892 6753 13
6892 6742 31
6892 6820 28
6892 6240 9
6892 6814 42
6892 6821 49
6892 6743 6
6892 6819 44
6892 9774 17
6892 9806 4
6892 6239 4
6892 6241 37
6892 6815 48
6892 6823 11
6892 6824 23
6892 6747 18
6892 6751 5
6892 6818 19
6892 6665 11
6892 9808 30
6892 9825 18
6892 9822 15
6892 6238 50
6892 6750 30
6892 6242 35
6892 6752 37
6892 6816 39
6892 6825 30
6892 6826 37
6892 6843 17
6892 6748 25
6900 6754 22
6900 6753 0
6900 6742 1
6900 6820 0
6900 6240 34
6900 6814 8
6900 6821 29
6900 6743 60
6900 6819 4
6900 9774 25
6900 9806 32
6900 6239 38
6900 6241 45
6900 6815 22
6900 6823 3
6900 6824 15
6900 6747 47
6900 6751 54
6900 6818 16
6900 6665 58
6900 9808 39
6900 9825 23
6900 9822 4
6900 6238 58
6900 6750 22
6900 6242 12
6900 6752 20
6900 6816 0
6900 6825 44
6900 6826 51
6900 6843 60
6900 6748 2
6845 6754 43
6845 6753 28
6845 6742 35
6845 6820 58
6845 6240 56
6845 6814 4
6845 6821 20
6845 6743 34
6845 6819 26
6845 9774 7
6845 9806 2
6845 6239 57
6845 6241 42
6845 6815 38
6845 6823 34
6845 6824 30
6845 6747 60
6845 6751 45
6845 6818 32
6845 6665 50
6845 9808 37
6845 9825 37
6845 9822 46
6845 6238 54
6845 6750 28
6845 6242 59
6845 6752 39
6845 6816 34
6845 6825 4
6845 6826 42
6845 6843 31
6845 6748 7
6848 6754 15
6848 6753 26
6848 6742 50
6848 6820 1
6848 6240 41
6848 6814 11
6848 6821 9
6848 6743 27
6848 6819 60
6848 9774 44
6848 9806 51
6848 6239 2
6848 6241 57
6848 6815 26
6848 6823 8
6848 6824 26
6848 6747 24
6848 6751 47
6848 6818 57
6848 6665 5
6848 9808 44
6848 9825 10
6848 9822 26
6848 6238 40
6848 6750 55
6848 6242 37
6848 6752 22
6848 6816 7
6848 6825 6
6848 6826 1
6848 6843 37
6848 6748 31
6897 6754 37
6897 6753 49
6897 6742 3
6897 6820 47
6897 6240 23
6897 6814 15
6897 6821 42
6897 6743 8
6897 6819 39
6897 9774 13
6897 9806 0
6897 6239 42
6897 6241 19
6897 6815 42
6897 6823 53
6897 6824 19
6897 6747 46
6897 6751 7
6897 6818 43
6897 6665 15
6897 9808 57
6897 9825 29
6897 9822 47
6897 6238 30
6897 6750 29
6897 6242 14
6897 6752 24
6897 6816 54
6897 6825 35
6897 6826 1
6897 6843 36
6897 6748 21
6904 6754 8
6904 6753 56
6904 6742 4
6904 6820 26
6904 6240 11
6904 6814 32
6904 6821 48
6904 6743 45
6904 6819 7
6904 9774 7
6904 9806 5
6904 6239 10
6904 6241 55
6904 6815 28
6904 6823 52
6904 6824 23
6904 6747 58
6904 6751 13
6904 6818 45
6904 6665 25
6904 9808 44
6904 9825 10
6904 9822 34
6904 6238 42
6904 6750 1
6904 6242 49
6904 6752 3
6904 6816 1
6904 6825 55
6904 6826 37
6904 6843 28
6904 6748 59
6838 6754 28
6838 6753 39
6838 6742 46
6838 6820 35
6838 6240 35
6838 6814 25
6838 6821 20
6838 6743 41
6838 6819 26
6838 9774 26
6838 9806 5
6838 6239 52
6838 6241 48
6838 6815 59
6838 6823 32
6838 6824 5
6838 6747 40
6838 6751 58
6838 6818 42
6838 6665 51
6838 9808 52
6838 9825 35
6838 9822 15
6838 6238 46
6838 6750 58
6838 6242 1
6838 6752 13
6838 6816 10
6838 6825 19
6838 6826 32
6838 6843 14
6838 6748 7
6884 6754 42
6884 6753 29
6884 6742 45
6884 6820 44
6884 6240 16
6884 6814 28
6884 6821 22
6884 6743 56
6884 6819 46
6884 9774 25
6884 9806 32
6884 6239 29
6884 6241 9
6884 6815 49
6884 6823 22
6884 6824 41
6884 6747 53
6884 6751 1
6884 6818 6
6884 6665 48
6884 9808 55
6884 9825 36
6884 9822 0
6884 6238 38
6884 6750 27
6884 6242 28
6884 6752 18
6884 6816 60
6884 6825 49
6884 6826 27
6884 6843 54
6884 6748 39
6829 6754 58
6829 6753 15
6829 6742 58
6829 6820 13
6829 6240 47
6829 6814 37
6829 6821 0
6829 6743 22
6829 6819 22
6829 9774 5
6829 9806 19
6829 6239 21
6829 6241 12
6829 6815 39
6829 6823 43
6829 6824 20
6829 6747 19
6829 6751 23
6829 6818 39
6829 6665 50
6829 9808 38
6829 9825 60
6829 9822 30
6829 6238 56
6829 6750 51
6829 6242 24
6829 6752 37
6829 6816 57
6829 6825 45
6829 6826 34
6829 6843 59
6829 6748 57
9619 6754 26
9619 6753 27
9619 6742 21
9619 6820 29
9619 6240 15
9619 6814 53
9619 6821 37
9619 6743 54
9619 6819 34
9619 9774 49
9619 9806 20
9619 6239 22
9619 6241 25
9619 6815 3
9619 6823 20
9619 6824 16
9619 6747 21
9619 6751 36
9619 6818 29
9619 6665 41
9619 9808 14
9619 9825 13
9619 9822 23
9619 6238 19
9619 6750 37
9619 6242 18
9619 6752 4
9619 6816 56
9619 6825 54
9619 6826 58
9619 6843 39
9619 6748 23
9620 6754 27
9620 6753 27
9620 6742 0
9620 6820 43
9620 6240 41
9620 6814 32
9620 6821 13
9620 6743 37
9620 6819 28
9620 9774 7
9620 9806 14
9620 6239 29
9620 6241 30
9620 6815 55
9620 6823 2
9620 6824 20
9620 6747 59
9620 6751 46
9620 6818 34
9620 6665 23
9620 9808 9
9620 9825 34
9620 9822 28
9620 6238 27
9620 6750 29
9620 6242 13
9620 6752 56
9620 6816 51
9620 6825 48
9620 6826 15
9620 6843 16
9620 6748 16
9513 6754 54
9513 6753 59
9513 6742 19
9513 6820 32
9513 6240 44
9513 6814 38
9513 6821 24
9513 6743 17
9513 6819 35
9513 9774 30
9513 9806 35
9513 6239 28
9513 6241 29
9513 6815 5
9513 6823 19
9513 6824 20
9513 6747 42
9513 6751 47
9513 6818 40
9513 6665 49
9513 9808 31
9513 9825 55
9513 9822 32
9513 6238 26
9513 6750 51
9513 6242 36
9513 6752 42
9513 6816 55
9513 6825 42
9513 6826 50
9513 6843 39
9513 6748 28
6890 6754 21
6890 6753 43
6890 6742 59
6890 6820 34
6890 6240 58
6890 6814 28
6890 6821 3
6890 6743 29
6890 6819 16
6890 9774 37
6890 9806 40
6890 6239 11
6890 6241 39
6890 6815 7
6890 6823 16
6890 6824 45
6890 6747 60
6890 6751 13
6890 6818 40
6890 6665 9
6890 9808 59
6890 9825 10
6890 9822 7
6890 6238 60
6890 6750 48
6890 6242 41
6890 6752 60
6890 6816 9
6890 6825 39
6890 6826 21
6890 6843 45
6890 6748 18
6910 6754 59
6910 6753 19
6910 6742 43
6910 6820 38
6910 6240 22
6910 6814 45
6910 6821 20
6910 6743 23
6910 6819 38
6910 9774 43
6910 9806 14
6910 6239 48
6910 6241 9
6910 6815 12
6910 6823 45
6910 6824 45
6910 6747 5
6910 6751 16
6910 6818 22
6910 6665 30
6910 9808 36
6910 9825 51
6910 9822 37
6910 6238 42
6910 6750 19
6910 6242 28
6910 6752 23
6910 6816 17
6910 6825 37
6910 6826 51
6910 6843 47
6910 6748 25
9617 6754 15
9617 6753 29
9617 6742 2
9617 6820 51
9617 6240 18
9617 6814 53
9617 6821 27
9617 6743 31
9617 6819 59
9617 9774 58
9617 9806 51
9617 6239 28
9617 6241 14
9617 6815 12
9617 6823 47
9617 6824 12
9617 6747 18
9617 6751 36
9617 6818 55
9617 6665 18
9617 9808 16
9617 9825 57
9617 9822 2
9617 6238 24
9617 6750 35
9617 6242 4
9617 6752 60
9617 6816 25
9617 6825 56
9617 6826 47
9617 6843 19
9617 6748 15
6831 6754 0
6831 6753 42
6831 6742 39
6831 6820 47
6831 6240 44
6831 6814 51
6831 6821 32
6831 6743 5
6831 6819 13
6831 9774 18
6831 9806 29
6831 6239 16
6831 6241 20
6831 6815 6
6831 6823 43
6831 6824 57
6831 6747 52
6831 6751 15
6831 6818 15
6831 6665 35
6831 9808 43
6831 9825 59
6831 9822 44
6831 6238 45
6831 6750 32
6831 6242 2
6831 6752 15
6831 6816 15
6831 6825 34
6831 6826 0
6831 6843 45
6831 6748 22
6846 6754 22
6846 6753 17
6846 6742 4
6846 6820 15
6846 6240 50
6846 6814 31
6846 6821 40
6846 6743 11
6846 6819 43
6846 9774 42
6846 9806 21
6846 6239 37
6846 6241 24
6846 6815 4
6846 6823 49
6846 6824 9
6846 6747 20
6846 6751 14
6846 6818 39
6846 6665 55
6846 9808 23
6846 9825 6
6846 9822 11
6846 6238 17
6846 6750 28
6846 6242 53
6846 6752 12
6846 6816 13
6846 6825 39
6846 6826 9
6846 6843 15
6846 6748 19
6847 6754 19
6847 6753 44
6847 6742 59
6847 6820 60
6847 6240 13
6847 6814 50
6847 6821 21
6847 6743 30
6847 6819 55
6847 9774 22
6847 9806 27
6847 6239 34
6847 6241 24
6847 6815 11
6847 6823 54
6847 6824 20
6847 6747 21
6847 6751 44
6847 6818 56
6847 6665 28
6847 9808 21
6847 9825 53
6847 9822 13
6847 6238 58
6847 6750 42
6847 6242 24
6847 6752 60
6847 6816 14
6847 6825 43
6847 6826 20
6847 6843 35
6847 6748 3
6898 6754 28
6898 6753 23
6898 6742 25
6898 6820 55
6898 6240 31
6898 6814 14
6898 6821 34
6898 6743 30
6898 6819 22
6898 9774 22
6898 9806 53
6898 6239 38
6898 6241 8
6898 6815 26
6898 6823 58
6898 6824 7
6898 6747 16
6898 6751 58
6898 6818 60
6898 6665 50
6898 9808 45
6898 9825 1
6898 9822 47
6898 6238 30
6898 6750 31
6898 6242 34
6898 6752 30
6898 6816 6
6898 6825 14
6898 6826 60
6898 6843 12
6898 6748 2
6905 6754 15
6905 6753 51
6905 6742 53
6905 6820 20
6905 6240 45
6905 6814 46
6905 6821 19
6905 6743 4
6905 6819 29
6905 9774 39
6905 9806 1
6905 6239 26
6905 6241 59
6905 6815 49
6905 6823 16
6905 6824 49
6905 6747 33
6905 6751 50
6905 6818 47
6905 6665 39
6905 9808 44
6905 9825 14
6905 9822 41
6905 6238 10
6905 6750 2
6905 6242 46
6905 6752 18
6905 6816 7
6905 6825 17
6905 6826 43
6905 6843 56
6905 6748 3
9514 6754 8
9514 6753 16
9514 6742 56
9514 6820 25
9514 6240 49
9514 6814 27
9514 6821 51
9514 6743 18
9514 6819 58
9514 9774 59
9514 9806 8
9514 6239 32
9514 6241 54
9514 6815 7
9514 6823 36
9514 6824 28
9514 6747 44
9514 6751 56
9514 6818 5
9514 6665 8
9514 9808 9
9514 9825 19
9514 9822 51
9514 6238 59
9514 6750 17
9514 6242 18
9514 6752 0
9514 6816 5
9514 6825 27
9514 6826 54
9514 6843 24
9514 6748 21
