7684 6475 40
7684 6475 11
7684 6474 4
7684 6474 3
7684 6473 42
7684 6473 41
7684 6483 19
7684 6483 14
7684 6472 48
7684 6472 13
7684 6476 17
7684 6476 19
7684 6463 29
7684 6463 53
7684 6481 36
7684 6481 58
7684 6484 39
7684 6484 49
7684 6471 58
7684 6471 27
7684 6485 51
7684 6485 53
7684 6477 44
7684 6477 12
7684 6490 52
7684 6490 33
7684 6461 51
7684 6461 48
7684 6464 28
7684 6464 11
7684 6479 57
7684 6479 6
7684 6482 33
7684 6482 11
7684 6470 31
7684 6470 16
7684 6486 11
7684 6486 55
7684 6488 16
7684 6488 33
7684 6498 17
7684 6498 52
7684 6478 9
7684 6478 41
7684 6426 39
7684 6426 6
7684 6504 7
7684 6504 11
7684 6489 7
7684 6489 33
7684 6503 13
7684 6503 20
7684 6505 58
7684 6505 6
7684 6309 24
7684 6309 17
7684 6462 56
7684 6462 12
7684 6467 11
7684 6467 47
7684 6480 47
7684 6480 30
7684 6469 31
7684 6469 56
7683 6475 59
7683 6475 60
7683 6474 20
7683 6474 6
7683 6473 40
7683 6473 22
7683 6483 37
7683 6483 3
7683 6472 48
7683 6472 50
7683 6476 36
7683 6476 18
7683 6463 41
7683 6463 52
7683 6481 45
7683 6481 28
7683 6484 16
7683 6484 7
7683 6471 55
7683 6471 28
7683 6485 8
7683 6485 14
7683 6477 55
7683 6477 8
7683 6490 6
7683 6490 25
7683 6461 35
7683 6461 42
7683 6464 15
7683 6464 59
7683 6479 36
7683 6479 49
7683 6482 5
7683 6482 22
7683 6470 0
7683 6470 40
7683 6486 23
7683 6486 49
7683 6488 42
7683 6488 0
7683 6498 45
7683 6498 55
7683 6478 9
7683 6478 26
7683 6426 10
7683 6426 11
7683 6504 22
7683 6504 58
7683 6489 14
7683 6489 28
7683 6503 29
7683 6503 43
7683 6505 13
7683 6505 23
7683 6309 8
7683 6309 30
7683 6462 56
7683 6462 50
7683 6467 5
7683 6467 56
7683 6480 8
7683 6480 37
7683 6469 48
7683 6469 16
7677 6475 27
7677 6475 48
7677 6474 57
7677 6474 1
7677 6473 16
7677 6473 29
7677 6483 18
7677 6483 28
7677 6472 2
7677 6472 58
7677 6476 10
7677 6476 2
7677 6463 32
7677 6463 28
7677 6481 34
7677 6481 23
7677 6484 21
7677 6484 35
7677 6471 58
7677 6471 33
7677 6485 36
7677 6485 4
7677 6477 56
7677 6477 39
7677 6490 42
7677 6490 22
7677 6461 43
7677 6461 46
7677 6464 53
7677 6464 58
7677 6479 17
7677 6479 57
7677 6482 53
7677 6482 39
7677 6470 39
7677 6470 7
7677 6486 11
7677 6486 28
7677 6488 49
7677 6488 27
7677 6498 51
7677 6498 47
7677 6478 55
7677 6478 57
7677 6426 15
7677 6426 51
7677 6504 23
7677 6504 34
7677 6489 33
7677 6489 35
7677 6503 21
7677 6503 49
7677 6505 38
7677 6505 6
7677 6309 9
7677 6309 1
7677 6462 39
7677 6462 33
7677 6467 1
7677 6467 40
7677 6480 19
7677 6480 35
7677 6469 41
7677 6469 10
7686 6475 43
7686 6475 12
7686 6474 43
7686 6474 29
7686 6473 48
7686 6473 48
7686 6483 60
7686 6483 18
7686 6472 48
7686 6472 11
7686 6476 24
7686 6476 44
7686 6463 25
7686 6463 37
7686 6481 18
7686 6481 5
7686 6484 44
7686 6484 47
7686 6471 34
7686 6471 20
7686 6485 14
7686 6485 6
7686 6477 12
7686 6477 51
7686 6490 3
7686 6490 43
7686 6461 32
7686 6461 48
7686 6464 19
7686 6464 13
7686 6479 22
7686 6479 5
7686 6482 36
7686 6482 18
7686 6470 27
7686 6470 56
7686 6486 27
7686 6486 7
7686 6488 18
7686 6488 41
7686 6498 57
7686 6498 25
7686 6478 19
7686 6478 39
7686 6426 57
7686 6426 20
7686 6504 50
7686 6504 46
7686 6489 21
7686 6489 53
7686 6503 12
7686 6503 21
7686 6505 55
7686 6505 53
7686 6309 15
7686 6309 12
7686 6462 41
7686 6462 43
7686 6467 20
7686 6467 16
7686 6480 38
7686 6480 3
7686 6469 9
7686 6469 35
9673 6475 56
9673 6475 36
9673 6474 52
9673 6474 54
9673 6473 40
9673 6473 10
9673 6483 22
9673 6483 42
9673 6472 33
9673 6472 37
9673 6476 17
9673 6476 34
9673 6463 31
9673 6463 9
9673 6481 28
9673 6481 4
9673 6484 35
9673 6484 2
9673 6471 0
9673 6471 59
9673 6485 51
9673 6485 33
9673 6477 58
9673 6477 44
9673 6490 53
9673 6490 14
9673 6461 9
9673 6461 18
9673 6464 38
9673 6464 37
9673 6479 41
9673 6479 44
9673 6482 37
9673 6482 44
9673 6470 59
9673 6470 17
9673 6486 53
9673 6486 12
9673 6488 34
9673 6488 21
9673 6498 24
9673 6498 45
9673 6478 54
9673 6478 31
9673 6426 28
9673 6426 51
9673 6504 56
9673 6504 28
9673 6489 17
9673 6489 22
9673 6503 2
9673 6503 42
9673 6505 54
9673 6505 1
9673 6309 50
9673 6309 20
9673 6462 29
9673 6462 33
9673 6467 39
9673 6467 58
9673 6480 53
9673 6480 20
9673 6469 57
9673 6469 48
7682 6475 38
7682 6475 42
7682 6474 46
7682 6474 22
7682 6473 33
7682 6473 43
7682 6483 15
7682 6483 22
7682 6472 21
7682 6472 28
7682 6476 36
7682 6476 1
7682 6463 56
7682 6463 37
7682 6481 4
7682 6481 36
7682 6484 18
7682 6484 3
7682 6471 25
7682 6471 1
7682 6485 10
7682 6485 23
7682 6477 14
7682 6477 22
7682 6490 33
7682 6490 2
7682 6461 31
7682 6461 18
7682 6464 52
7682 6464 0
7682 6479 9
7682 6479 59
7682 6482 59
7682 6482 4
7682 6470 44
7682 6470 2
7682 6486 38
7682 6486 60
7682 6488 50
7682 6488 22
7682 6498 57
7682 6498 43
7682 6478 14
7682 6478 11
7682 6426 46
7682 6426 9
7682 6504 48
7682 6504 17
7682 6489 35
7682 6489 52
7682 6503 21
7682 6503 24
7682 6505 32
7682 6505 27
7682 6309 39
7682 6309 16
7682 6462 40
7682 6462 42
7682 6467 43
7682 6467 5
7682 6480 55
7682 6480 56
7682 6469 27
7682 6469 21
6518 6475 1
6518 6475 39
6518 6474 43
6518 6474 50
6518 6473 19
6518 6473 22
6518 6483 24
6518 6483 38
6518 6472 17
6518 6472 10
6518 6476 9
6518 6476 0
6518 6463 40
6518 6463 1
6518 6481 56
6518 6481 12
6518 6484 38
6518 6484 59
6518 6471 26
6518 6471 43
6518 6485 52
6518 6485 41
6518 6477 43
6518 6477 6
6518 6490 36
6518 6490 25
6518 6461 54
6518 6461 54
6518 6464 30
6518 6464 17
6518 6479 35
6518 6479 19
6518 6482 3
6518 6482 55
6518 6470 58
6518 6470 20
6518 6486 35
6518 6486 43
6518 6488 43
6518 6488 52
6518 6498 39
6518 6498 52
6518 6478 31
6518 6478 22
6518 6426 20
6518 6426 6
6518 6504 33
6518 6504 3
6518 6489 40
6518 6489 33
6518 6503 21
6518 6503 31
6518 6505 40
6518 6505 39
6518 6309 54
6518 6309 7
6518 6462 41
6518 6462 14
6518 6467 9
6518 6467 11
6518 6480 37
6518 6480 41
6518 6469 57
6518 6469 24
7676 6475 22
7676 6475 29
7676 6474 58
7676 6474 31
7676 6473 20
7676 6473 18
7676 6483 44
7676 6483 11
7676 6472 1
7676 6472 34
7676 6476 48
7676 6476 0
7676 6463 10
7676 6463 16
7676 6481 34
7676 6481 54
7676 6484 50
7676 6484 22
7676 6471 52
7676 6471 48
7676 6485 58
7676 6485 59
7676 6477 51
7676 6477 58
7676 6490 35
7676 6490 14
7676 6461 24
7676 6461 10
7676 6464 30
7676 6464 45
7676 6479 53
7676 6479 29
7676 6482 34
7676 6482 26
7676 6470 48
7676 6470 29
7676 6486 35
7676 6486 39
7676 6488 40
7676 6488 19
7676 6498 3
7676 6498 43
7676 6478 6
7676 6478 6
7676 6426 55
7676 6426 24
7676 6504 59
7676 6504 0
7676 6489 13
7676 6489 28
7676 6503 26
7676 6503 19
7676 6505 14
7676 6505 19
7676 6309 49
7676 6309 9
7676 6462 6
7676 6462 15
7676 6467 39
7676 6467 49
7676 6480 32
7676 6480 26
7676 6469 0
7676 6469 27
6520 6475 38
6520 6475 35
6520 6474 27
6520 6474 9
6520 6473 14
6520 6473 8
6520 6483 42
6520 6483 1
6520 6472 16
6520 6472 28
6520 6476 24
6520 6476 6
6520 6463 32
6520 6463 46
6520 6481 29
6520 6481 13
6520 6484 5
6520 6484 5
6520 6471 40
6520 6471 13
6520 6485 13
6520 6485 20
6520 6477 42
6520 6477 21
6520 6490 52
6520 6490 42
6520 6461 17
6520 6461 14
6520 6464 23
6520 6464 58
6520 6479 1
6520 6479 39
6520 6482 21
6520 6482 37
6520 6470 33
6520 6470 44
6520 6486 40
6520 6486 34
6520 6488 45
6520 6488 0
6520 6498 46
6520 6498 51
6520 6478 22
6520 6478 50
6520 6426 24
6520 6426 19
6520 6504 21
6520 6504 34
6520 6489 12
6520 6489 26
6520 6503 0
6520 6503 38
6520 6505 4
6520 6505 10
6520 6309 53
6520 6309 18
6520 6462 0
6520 6462 51
6520 6467 55
6520 6467 2
6520 6480 60
6520 6480 2
6520 6469 14
6520 6469 53
7685 6475 35
7685 6475 23
7685 6474 19
7685 6474 21
7685 6473 51
7685 6473 47
7685 6483 45
7685 6483 44
7685 6472 27
7685 6472 30
7685 6476 34
7685 6476 13
7685 6463 29
7685 6463 29
7685 6481 45
7685 6481 42
7685 6484 24
7685 6484 38
7685 6471 16
7685 6471 0
7685 6485 53
7685 6485 56
7685 6477 40
7685 6477 46
7685 6490 25
7685 6490 56
7685 6461 46
7685 6461 26
7685 6464 48
7685 6464 58
7685 6479 58
7685 6479 7
7685 6482 52
7685 6482 29
7685 6470 47
7685 6470 52
7685 6486 11
7685 6486 25
7685 6488 23
7685 6488 29
7685 6498 55
7685 6498 39
7685 6478 25
7685 6478 2
7685 6426 12
7685 6426 57
7685 6504 10
7685 6504 36
7685 6489 29
7685 6489 58
7685 6503 22
7685 6503 17
7685 6505 20
7685 6505 18
7685 6309 24
7685 6309 43
7685 6462 53
7685 6462 20
7685 6467 0
7685 6467 51
7685 6480 39
7685 6480 5
7685 6469 35
7685 6469 42
5925 6475 32
5925 6475 31
5925 6474 1
5925 6474 30
5925 6473 4
5925 6473 24
5925 6483 41
5925 6483 9
5925 6472 24
5925 6472 55
5925 6476 39
5925 6476 35
5925 6463 13
5925 6463 4
5925 6481 44
5925 6481 13
5925 6484 8
5925 6484 20
5925 6471 42
5925 6471 53
5925 6485 37
5925 6485 26
5925 6477 1
5925 6477 6
5925 6490 6
5925 6490 27
5925 6461 29
5925 6461 35
5925 6464 34
5925 6464 17
5925 6479 60
5925 6479 49
5925 6482 16
5925 6482 10
5925 6470 32
5925 6470 23
5925 6486 40
5925 6486 15
5925 6488 11
5925 6488 59
5925 6498 1
5925 6498 28
5925 6478 49
5925 6478 36
5925 6426 10
5925 6426 24
5925 6504 16
5925 6504 34
5925 6489 31
5925 6489 27
5925 6503 59
5925 6503 40
5925 6505 41
5925 6505 28
5925 6309 23
5925 6309 12
5925 6462 56
5925 6462 8
5925 6467 36
5925 6467 38
5925 6480 54
5925 6480 41
5925 6469 46
5925 6469 2
9671 6475 7
9671 6475 38
9671 6474 26
9671 6474 30
9671 6473 38
9671 6473 60
9671 6483 9
9671 6483 46
9671 6472 6
9671 6472 23
9671 6476 36
9671 6476 18
9671 6463 22
9671 6463 16
9671 6481 12
9671 6481 13
9671 6484 23
9671 6484 16
9671 6471 60
9671 6471 27
9671 6485 23
9671 6485 14
9671 6477 40
9671 6477 22
9671 6490 47
9671 6490 24
9671 6461 46
9671 6461 4
9671 6464 60
9671 6464 16
9671 6479 41
9671 6479 29
9671 6482 1
9671 6482 33
9671 6470 36
9671 6470 57
9671 6486 7
9671 6486 7
9671 6488 47
9671 6488 32
9671 6498 40
9671 6498 44
9671 6478 42
9671 6478 29
9671 6426 57
9671 6426 13
9671 6504 30
9671 6504 50
9671 6489 10
9671 6489 9
9671 6503 55
9671 6503 3
9671 6505 7
9671 6505 9
9671 6309 50
9671 6309 44
9671 6462 17
9671 6462 35
9671 6467 38
9671 6467 30
9671 6480 55
9671 6480 7
9671 6469 14
9671 6469 51
9672 6475 16
9672 6475 39
9672 6474 24
9672 6474 16
9672 6473 21
9672 6473 10
9672 6483 29
9672 6483 22
9672 6472 32
9672 6472 41
9672 6476 16
9672 6476 41
9672 6463 40
9672 6463 49
9672 6481 55
9672 6481 55
9672 6484 37
9672 6484 15
9672 6471 20
9672 6471 7
9672 6485 18
9672 6485 16
9672 6477 9
9672 6477 43
9672 6490 47
9672 6490 54
9672 6461 57
9672 6461 1
9672 6464 7
9672 6464 38
9672 6479 37
9672 6479 12
9672 6482 14
9672 6482 18
9672 6470 6
9672 6470 21
9672 6486 24
9672 6486 3
9672 6488 51
9672 6488 19
9672 6498 56
9672 6498 21
9672 6478 27
9672 6478 55
9672 6426 5
9672 6426 60
9672 6504 43
9672 6504 15
9672 6489 50
9672 6489 40
9672 6503 9
9672 6503 47
9672 6505 7
9672 6505 34
9672 6309 53
9672 6309 29
9672 6462 45
9672 6462 32
9672 6467 17
9672 6467 55
9672 6480 14
9672 6480 36
9672 6469 7
9672 6469 14
9674 6475 14
9674 6475 29
9674 6474 60
9674 6474 42
9674 6473 39
9674 6473 36
9674 6483 41
9674 6483 45
9674 6472 58
9674 6472 58
9674 6476 60
9674 6476 41
9674 6463 11
9674 6463 2
9674 6481 6
9674 6481 40
9674 6484 50
9674 6484 28
9674 6471 54
9674 6471 31
9674 6485 8
9674 6485 7
9674 6477 10
9674 6477 0
9674 6490 17
9674 6490 28
9674 6461 52
9674 6461 11
9674 6464 5
9674 6464 42
9674 6479 4
9674 6479 26
9674 6482 46
9674 6482 6
9674 6470 49
9674 6470 23
9674 6486 12
9674 6486 10
9674 6488 29
9674 6488 10
9674 6498 24
9674 6498 59
9674 6478 52
9674 6478 38
9674 6426 28
9674 6426 31
9674 6504 50
9674 6504 4
9674 6489 6
9674 6489 3
9674 6503 1
9674 6503 19
9674 6505 22
9674 6505 54
9674 6309 11
9674 6309 49
9674 6462 41
9674 6462 9
9674 6467 50
9674 6467 36
9674 6480 6
9674 6480 37
9674 6469 29
9674 6469 19
6517 6475 25
6517 6475 20
6517 6474 12
6517 6474 35
6517 6473 1
6517 6473 39
6517 6483 46
6517 6483 24
6517 6472 58
6517 6472 60
6517 6476 48
6517 6476 48
6517 6463 55
6517 6463 16
6517 6481 37
6517 6481 5
6517 6484 1
6517 6484 2
6517 6471 40
6517 6471 13
6517 6485 18
6517 6485 43
6517 6477 60
6517 6477 31
6517 6490 10
6517 6490 4
6517 6461 43
6517 6461 38
6517 6464 4
6517 6464 47
6517 6479 34
6517 6479 6
6517 6482 6
6517 6482 41
6517 6470 29
6517 6470 58
6517 6486 54
6517 6486 9
6517 6488 10
6517 6488 35
6517 6498 9
6517 6498 14
6517 6478 47
6517 6478 46
6517 6426 56
6517 6426 0
6517 6504 10
6517 6504 7
6517 6489 38
6517 6489 38
6517 6503 9
6517 6503 19
6517 6505 19
6517 6505 3
6517 6309 11
6517 6309 57
6517 6462 16
6517 6462 10
6517 6467 20
6517 6467 17
6517 6480 47
6517 6480 58
6517 6469 59
6517 6469 49
9675 6475 39
9675 6475 18
9675 6474 54
9675 6474 33
9675 6473 1
9675 6473 28
9675 6483 15
9675 6483 60
9675 6472 29
9675 6472 45
9675 6476 34
9675 6476 6
9675 6463 14
9675 6463 47
9675 6481 21
9675 6481 53
9675 6484 11
9675 6484 6
9675 6471 50
9675 6471 12
9675 6485 57
9675 6485 44
9675 6477 47
9675 6477 28
9675 6490 27
9675 6490 21
9675 6461 60
9675 6461 21
9675 6464 9
9675 6464 20
9675 6479 42
9675 6479 19
9675 6482 8
9675 6482 10
9675 6470 60
9675 6470 24
9675 6486 49
9675 6486 54
9675 6488 21
9675 6488 3
9675 6498 42
9675 6498 2
9675 6478 22
9675 6478 21
9675 6426 4
9675 6426 59
9675 6504 59
9675 6504 42
9675 6489 9
9675 6489 1
9675 6503 53
9675 6503 12
9675 6505 41
9675 6505 59
9675 6309 56
9675 6309 23
9675 6462 22
9675 6462 14
9675 6467 51
9675 6467 50
9675 6480 55
9675 6480 24
9675 6469 33
9675 6469 6
6519 6475 33
6519 6475 2
6519 6474 46
6519 6474 28
6519 6473 6
6519 6473 31
6519 6483 5
6519 6483 56
6519 6472 4
6519 6472 39
6519 6476 24
6519 6476 8
6519 6463 45
6519 6463 14
6519 6481 58
6519 6481 39
6519 6484 4
6519 6484 22
6519 6471 13
6519 6471 5
6519 6485 52
6519 6485 14
6519 6477 9
6519 6477 6
6519 6490 0
6519 6490 5
6519 6461 1
6519 6461 30
6519 6464 27
6519 6464 3
6519 6479 2
6519 6479 21
6519 6482 34
6519 6482 33
6519 6470 4
6519 6470 4
6519 6486 38
6519 6486 31
6519 6488 0
6519 6488 55
6519 6498 51
6519 6498 30
6519 6478 3
6519 6478 41
6519 6426 26
6519 6426 44
6519 6504 37
6519 6504 3
6519 6489 50
6519 6489 34
6519 6503 5
6519 6503 9
6519 6505 45
6519 6505 2
6519 6309 33
6519 6309 46
6519 6462 28
6519 6462 37
6519 6467 42
6519 6467 7
6519 6480 25
6519 6480 41
6519 6469 42
6519 6469 14
6521 6475 4
6521 6475 34
6521 6474 2
6521 6474 44
6521 6473 41
6521 6473 2
6521 6483 1
6521 6483 5
6521 6472 47
6521 6472 14
6521 6476 30
6521 6476 28
6521 6463 26
6521 6463 41
6521 6481 44
6521 6481 31
6521 6484 60
6521 6484 53
6521 6471 27
6521 6471 18
6521 6485 0
6521 6485 55
6521 6477 44
6521 6477 55
6521 6490 22
6521 6490 17
6521 6461 11
6521 6461 6
6521 6464 24
6521 6464 36
6521 6479 53
6521 6479 54
6521 6482 38
6521 6482 53
6521 6470 32
6521 6470 24
6521 6486 51
6521 6486 35
6521 6488 18
6521 6488 41
6521 6498 43
6521 6498 33
6521 6478 58
6521 6478 43
6521 6426 26
6521 6426 40
6521 6504 29
6521 6504 38
6521 6489 21
6521 6489 9
6521 6503 7
6521 6503 47
6521 6505 32
6521 6505 14
6521 6309 13
6521 6309 29
6521 6462 54
6521 6462 12
6521 6467 8
6521 6467 37
6521 6480 55
6521 6480 7
6521 6469 35
6521 6469 58
6578 6475 20
6578 6475 8
6578 6474 4
6578 6474 37
6578 6473 53
6578 6473 2
6578 6483 2
6578 6483 28
6578 6472 10
6578 6472 40
6578 6476 8
6578 6476 40
6578 6463 20
6578 6463 46
6578 6481 47
6578 6481 44
6578 6484 49
6578 6484 19
6578 6471 24
6578 6471 47
6578 6485 23
6578 6485 23
6578 6477 42
6578 6477 48
6578 6490 1
6578 6490 26
6578 6461 13
6578 6461 18
6578 6464 59
6578 6464 50
6578 6479 37
6578 6479 58
6578 6482 28
6578 6482 7
6578 6470 14
6578 6470 36
6578 6486 9
6578 6486 60
6578 6488 23
6578 6488 52
6578 6498 16
6578 6498 33
6578 6478 26
6578 6478 2
6578 6426 24
6578 6426 33
6578 6504 45
6578 6504 31
6578 6489 43
6578 6489 59
6578 6503 45
6578 6503 35
6578 6505 8
6578 6505 30
6578 6309 13
6578 6309 42
6578 6462 45
6578 6462 30
6578 6467 43
6578 6467 54
6578 6480 3
6578 6480 46
6578 6469 5
6578 6469 6
7687 6475 1
7687 6475 2
7687 6474 31
7687 6474 30
7687 6473 17
7687 6473 21
7687 6483 56
7687 6483 5
7687 6472 34
7687 6472 19
7687 6476 54
7687 6476 8
7687 6463 0
7687 6463 22
7687 6481 38
7687 6481 37
7687 6484 45
7687 6484 8
7687 6471 56
7687 6471 10
7687 6485 43
7687 6485 44
7687 6477 25
7687 6477 34
7687 6490 51
7687 6490 4
7687 6461 2
7687 6461 52
7687 6464 0
7687 6464 52
7687 6479 32
7687 6479 6
7687 6482 19
7687 6482 7
7687 6470 40
7687 6470 41
7687 6486 49
7687 6486 49
7687 6488 49
7687 6488 1
7687 6498 18
7687 6498 41
7687 6478 53
7687 6478 9
7687 6426 30
7687 6426 43
7687 6504 48
7687 6504 52
7687 6489 4
7687 6489 32
7687 6503 34
7687 6503 9
7687 6505 47
7687 6505 46
7687 6309 52
7687 6309 21
7687 6462 7
7687 6462 41
7687 6467 25
7687 6467 8
7687 6480 28
7687 6480 6
7687 6469 2
7687 6469 6
6510 6475 0
6510 6475 16
6510 6474 31
6510 6474 3
6510 6473 48
6510 6473 44
6510 6483 31
6510 6483 6
6510 6472 15
6510 6472 20
6510 6476 2
6510 6476 14
6510 6463 25
6510 6463 47
6510 6481 23
6510 6481 12
6510 6484 2
6510 6484 11
6510 6471 52
6510 6471 7
6510 6485 22
6510 6485 3
6510 6477 14
6510 6477 21
6510 6490 7
6510 6490 57
6510 6461 32
6510 6461 0
6510 6464 31
6510 6464 13
6510 6479 53
6510 6479 6
6510 6482 5
6510 6482 49
6510 6470 24
6510 6470 52
6510 6486 25
6510 6486 34
6510 6488 40
6510 6488 7
6510 6498 6
6510 6498 58
6510 6478 49
6510 6478 31
6510 6426 0
6510 6426 18
6510 6504 11
6510 6504 11
6510 6489 19
6510 6489 49
6510 6503 38
6510 6503 1
6510 6505 21
6510 6505 29
6510 6309 32
6510 6309 39
6510 6462 8
6510 6462 36
6510 6467 6
6510 6467 50
6510 6480 2
6510 6480 57
6510 6469 53
6510 6469 3
7701 6475 22
7701 6475 27
7701 6474 7
7701 6474 44
7701 6473 7
7701 6473 49
7701 6483 54
7701 6483 35
7701 6472 38
7701 6472 59
7701 6476 7
7701 6476 42
7701 6463 30
7701 6463 24
7701 6481 35
7701 6481 26
7701 6484 38
7701 6484 0
7701 6471 27
7701 6471 45
7701 6485 13
7701 6485 25
7701 6477 1
7701 6477 55
7701 6490 28
7701 6490 31
7701 6461 35
7701 6461 60
7701 6464 58
7701 6464 0
7701 6479 42
7701 6479 42
7701 6482 48
7701 6482 55
7701 6470 42
7701 6470 14
7701 6486 58
7701 6486 29
7701 6488 36
7701 6488 45
7701 6498 58
7701 6498 39
7701 6478 59
7701 6478 32
7701 6426 45
7701 6426 47
7701 6504 11
7701 6504 33
7701 6489 11
7701 6489 31
7701 6503 9
7701 6503 57
7701 6505 19
7701 6505 10
7701 6309 18
7701 6309 9
7701 6462 25
7701 6462 53
7701 6467 60
7701 6467 46
7701 6480 46
7701 6480 57
7701 6469 31
7701 6469 36
5924 6475 0
5924 6475 4
5924 6474 40
5924 6474 55
5924 6473 47
5924 6473 36
5924 6483 25
5924 6483 47
5924 6472 12
5924 6472 27
5924 6476 37
5924 6476 53
5924 6463 1
5924 6463 49
5924 6481 29
5924 6481 48
5924 6484 39
5924 6484 50
5924 6471 44
5924 6471 20
5924 6485 21
5924 6485 20
5924 6477 30
5924 6477 9
5924 6490 47
5924 6490 19
5924 6461 32
5924 6461 55
5924 6464 4
5924 6464 10
5924 6479 46
5924 6479 1
5924 6482 20
5924 6482 7
5924 6470 31
5924 6470 55
5924 6486 13
5924 6486 28
5924 6488 18
5924 6488 4
5924 6498 51
5924 6498 45
5924 6478 10
5924 6478 52
5924 6426 32
5924 6426 43
5924 6504 35
5924 6504 31
5924 6489 48
5924 6489 36
5924 6503 29
5924 6503 13
5924 6505 12
5924 6505 24
5924 6309 57
5924 6309 34
5924 6462 11
5924 6462 21
5924 6467 10
5924 6467 35
5924 6480 31
5924 6480 16
5924 6469 35
5924 6469 37
5923 6475 52
5923 6475 50
5923 6474 58
5923 6474 6
5923 6473 17
5923 6473 59
5923 6483 8
5923 6483 33
5923 6472 2
5923 6472 56
5923 6476 25
5923 6476 29
5923 6463 58
5923 6463 52
5923 6481 57
5923 6481 10
5923 6484 33
5923 6484 11
5923 6471 4
5923 6471 46
5923 6485 16
5923 6485 22
5923 6477 27
5923 6477 49
5923 6490 17
5923 6490 2
5923 6461 11
5923 6461 3
5923 6464 21
5923 6464 19
5923 6479 53
5923 6479 9
5923 6482 10
5923 6482 40
5923 6470 42
5923 6470 59
5923 6486 54
5923 6486 38
5923 6488 11
5923 6488 12
5923 6498 60
5923 6498 7
5923 6478 15
5923 6478 28
5923 6426 29
5923 6426 45
5923 6504 41
5923 6504 43
5923 6489 25
5923 6489 47
5923 6503 19
5923 6503 50
5923 6505 25
5923 6505 16
5923 6309 57
5923 6309 27
5923 6462 13
5923 6462 56
5923 6467 22
5923 6467 35
5923 6480 38
5923 6480 53
5923 6469 29
5923 6469 5
9669 6475 19
9669 6475 32
9669 6474 28
9669 6474 7
9669 6473 54
9669 6473 39
9669 6483 56
9669 6483 32
9669 6472 27
9669 6472 6
9669 6476 30
9669 6476 50
9669 6463 2
9669 6463 8
9669 6481 7
9669 6481 54
9669 6484 47
9669 6484 36
9669 6471 18
9669 6471 57
9669 6485 34
9669 6485 5
9669 6477 34
9669 6477 17
9669 6490 48
9669 6490 8
9669 6461 5
9669 6461 31
9669 6464 47
9669 6464 44
9669 6479 27
9669 6479 19
9669 6482 25
9669 6482 30
9669 6470 51
9669 6470 27
9669 6486 0
9669 6486 16
9669 6488 20
9669 6488 31
9669 6498 13
9669 6498 15
9669 6478 41
9669 6478 48
9669 6426 26
9669 6426 19
9669 6504 52
9669 6504 54
9669 6489 33
9669 6489 46
9669 6503 17
9669 6503 37
9669 6505 13
9669 6505 54
9669 6309 9
9669 6309 51
9669 6462 3
9669 6462 32
9669 6467 53
9669 6467 21
9669 6480 30
9669 6480 48
9669 6469 38
9669 6469 41
6515 6475 8
6515 6475 28
6515 6474 31
6515 6474 21
6515 6473 14
6515 6473 25
6515 6483 38
6515 6483 1
6515 6472 8
6515 6472 10
6515 6476 30
6515 6476 37
6515 6463 50
6515 6463 51
6515 6481 42
6515 6481 12
6515 6484 47
6515 6484 8
6515 6471 30
6515 6471 33
6515 6485 0
6515 6485 23
6515 6477 0
6515 6477 31
6515 6490 21
6515 6490 55
6515 6461 48
6515 6461 7
6515 6464 47
6515 6464 6
6515 6479 3
6515 6479 14
6515 6482 21
6515 6482 27
6515 6470 23
6515 6470 34
6515 6486 13
6515 6486 58
6515 6488 34
6515 6488 10
6515 6498 59
6515 6498 28
6515 6478 21
6515 6478 14
6515 6426 37
6515 6426 24
6515 6504 60
6515 6504 45
6515 6489 37
6515 6489 53
6515 6503 21
6515 6503 24
6515 6505 3
6515 6505 57
6515 6309 18
6515 6309 24
6515 6462 46
6515 6462 39
6515 6467 15
6515 6467 56
6515 6480 3
6515 6480 39
6515 6469 50
6515 6469 9
6514 6475 11
6514 6475 52
6514 6474 35
6514 6474 50
6514 6473 19
6514 6473 24
6514 6483 32
6514 6483 3
6514 6472 31
6514 6472 34
6514 6476 23
6514 6476 33
6514 6463 10
6514 6463 47
6514 6481 28
6514 6481 18
6514 6484 37
6514 6484 56
6514 6471 33
6514 6471 20
6514 6485 59
6514 6485 15
6514 6477 44
6514 6477 12
6514 6490 39
6514 6490 16
6514 6461 18
6514 6461 30
6514 6464 60
6514 6464 31
6514 6479 33
6514 6479 20
6514 6482 20
6514 6482 33
6514 6470 7
6514 6470 58
6514 6486 56
6514 6486 10
6514 6488 30
6514 6488 0
6514 6498 56
6514 6498 37
6514 6478 3
6514 6478 7
6514 6426 43
6514 6426 8
6514 6504 11
6514 6504 22
6514 6489 18
6514 6489 31
6514 6503 23
6514 6503 40
6514 6505 43
6514 6505 0
6514 6309 13
6514 6309 3
6514 6462 25
6514 6462 54
6514 6467 4
6514 6467 55
6514 6480 15
6514 6480 29
6514 6469 4
6514 6469 53
9670 6475 54
9670 6475 43
9670 6474 38
9670 6474 1
9670 6473 5
9670 6473 57
9670 6483 17
9670 6483 59
9670 6472 33
9670 6472 29
9670 6476 46
9670 6476 11
9670 6463 38
9670 6463 57
9670 6481 7
9670 6481 38
9670 6484 15
9670 6484 33
9670 6471 35
9670 6471 5
9670 6485 43
9670 6485 49
9670 6477 22
9670 6477 56
9670 6490 10
9670 6490 50
9670 6461 50
9670 6461 51
9670 6464 41
9670 6464 8
9670 6479 23
9670 6479 6
9670 6482 47
9670 6482 26
9670 6470 1
9670 6470 45
9670 6486 5
9670 6486 42
9670 6488 12
9670 6488 54
9670 6498 27
9670 6498 47
9670 6478 45
9670 6478 11
9670 6426 29
9670 6426 34
9670 6504 4
9670 6504 56
9670 6489 26
9670 6489 2
9670 6503 38
9670 6503 45
9670 6505 19
9670 6505 28
9670 6309 27
9670 6309 42
9670 6462 47
9670 6462 30
9670 6467 17
9670 6467 15
9670 6480 26
9670 6480 45
9670 6469 58
9670 6469 8
6513 6475 26
6513 6475 14
6513 6474 38
6513 6474 38
6513 6473 11
6513 6473 26
6513 6483 32
6513 6483 16
6513 6472 32
6513 6472 57
6513 6476 20
6513 6476 30
6513 6463 52
6513 6463 7
6513 6481 43
6513 6481 19
6513 6484 42
6513 6484 34
6513 6471 2
6513 6471 46
6513 6485 44
6513 6485 53
6513 6477 5
6513 6477 34
6513 6490 36
6513 6490 48
6513 6461 30
6513 6461 51
6513 6464 57
6513 6464 43
6513 6479 30
6513 6479 56
6513 6482 51
6513 6482 59
6513 6470 3
6513 6470 1
6513 6486 13
6513 6486 51
6513 6488 60
6513 6488 52
6513 6498 56
6513 6498 60
6513 6478 12
6513 6478 20
6513 6426 17
6513 6426 38
6513 6504 44
6513 6504 31
6513 6489 11
6513 6489 16
6513 6503 12
6513 6503 12
6513 6505 46
6513 6505 40
6513 6309 54
6513 6309 3
6513 6462 43
6513 6462 57
6513 6467 51
6513 6467 32
6513 6480 11
6513 6480 7
6513 6469 4
6513 6469 0
6508 6475 13
6508 6475 5
6508 6474 47
6508 6474 45
6508 6473 4
6508 6473 13
6508 6483 14
6508 6483 50
6508 6472 37
6508 6472 6
6508 6476 46
6508 6476 18
6508 6463 27
6508 6463 59
6508 6481 58
6508 6481 35
6508 6484 47
6508 6484 26
6508 6471 49
6508 6471 18
6508 6485 54
6508 6485 33
6508 6477 4
6508 6477 57
6508 6490 59
6508 6490 36
6508 6461 18
6508 6461 9
6508 6464 49
6508 6464 45
6508 6479 22
6508 6479 38
6508 6482 1
6508 6482 7
6508 6470 16
6508 6470 35
6508 6486 60
6508 6486 33
6508 6488 30
6508 6488 48
6508 6498 13
6508 6498 44
6508 6478 34
6508 6478 18
6508 6426 38
6508 6426 21
6508 6504 28
6508 6504 7
6508 6489 43
6508 6489 37
6508 6503 9
6508 6503 28
6508 6505 2
6508 6505 42
6508 6309 56
6508 6309 14
6508 6462 27
6508 6462 25
6508 6467 37
6508 6467 39
6508 6480 29
6508 6480 8
6508 6469 29
6508 6469 4
6576 6475 41
6576 6475 44
6576 6474 60
6576 6474 12
6576 6473 59
6576 6473 8
6576 6483 46
6576 6483 19
6576 6472 26
6576 6472 41
6576 6476 38
6576 6476 30
6576 6463 9
6576 6463 4
6576 6481 42
6576 6481 45
6576 6484 19
6576 6484 28
6576 6471 53
6576 6471 2
6576 6485 43
6576 6485 55
6576 6477 54
6576 6477 28
6576 6490 39
6576 6490 14
6576 6461 9
6576 6461 42
6576 6464 28
6576 6464 43
6576 6479 16
6576 6479 27
6576 6482 50
6576 6482 2
6576 6470 54
6576 6470 7
6576 6486 35
6576 6486 8
6576 6488 41
6576 6488 51
6576 6498 40
6576 6498 28
6576 6478 16
6576 6478 9
6576 6426 18
6576 6426 24
6576 6504 17
6576 6504 53
6576 6489 7
6576 6489 27
6576 6503 45
6576 6503 22
6576 6505 54
6576 6505 13
6576 6309 22
6576 6309 7
6576 6462 8
6576 6462 37
6576 6467 0
6576 6467 23
6576 6480 45
6576 6480 44
6576 6469 32
6576 6469 46
6577 6475 9
6577 6475 26
6577 6474 2
6577 6474 29
6577 6473 42
6577 6473 58
6577 6483 32
6577 6483 15
6577 6472 2
6577 6472 53
6577 6476 41
6577 6476 60
6577 6463 35
6577 6463 4
6577 6481 25
6577 6481 32
6577 6484 37
6577 6484 42
6577 6471 15
6577 6471 29
6577 6485 23
6577 6485 10
6577 6477 47
6577 6477 36
6577 6490 33
6577 6490 49
6577 6461 20
6577 6461 6
6577 6464 5
6577 6464 46
6577 6479 1
6577 6479 31
6577 6482 41
6577 6482 56
6577 6470 46
6577 6470 53
6577 6486 22
6577 6486 14
6577 6488 48
6577 6488 1
6577 6498 38
6577 6498 7
6577 6478 30
6577 6478 13
6577 6426 40
6577 6426 23
6577 6504 16
6577 6504 7
6577 6489 24
6577 6489 60
6577 6503 22
6577 6503 58
6577 6505 60
6577 6505 48
6577 6309 37
6577 6309 48
6577 6462 45
6577 6462 4
6577 6467 16
6577 6467 43
6577 6480 34
6577 6480 50
6577 6469 36
6577 6469 40
