10419 10447 26
10419 10447 60
10419 10448 28
10419 10448 29
10419 10449 22
10419 10449 39
10419 10434 23
10419 10434 22
10419 10446 47
10419 10446 20
10419 10445 14
10419 10445 15
10419 10431 32
10419 10431 45
10419 10450 27
10419 10450 16
10419 10443 53
10419 10443 53
10419 10444 11
10419 10444 53
10419 10426 11
10419 10426 11
10419 10433 51
10419 10433 27
10419 10442 4
10419 10442 20
10419 10405 35
10419 10405 13
10419 10430 14
10419 10430 23
10419 10425 39
10419 10425 54
10419 10432 24
10419 10432 12
10419 10429 7
10419 10429 11
10419 10441 25
10419 10441 47
10419 10451 22
10419 10451 48
10419 10452 55
10419 10452 4
10419 10403 0
10419 10403 56
10419 10428 6
10419 10428 13
10419 10417 20
10419 10417 13
10419 11266 42
10419 11266 31
10419 10424 8
10419 10424 23
10419 10438 57
10419 10438 47
10419 10427 18
10419 10427 41
10419 10440 9
10419 10440 48
10419 10470 0
10419 10470 14
10419 10453 27
10419 10453 60
10419 10468 47
10419 10468 49
10353 10447 52
10353 10447 31
10353 10448 30
10353 10448 26
10353 10449 6
10353 10449 28
10353 10434 4
10353 10434 41
10353 10446 13
10353 10446 1
10353 10445 0
10353 10445 11
10353 10431 12
10353 10431 7
10353 10450 36
10353 10450 22
10353 10443 26
10353 10443 3
10353 10444 49
10353 10444 21
10353 10426 40
10353 10426 10
10353 10433 31
10353 10433 48
10353 10442 35
10353 10442 59
10353 10405 57
10353 10405 22
10353 10430 4
10353 10430 0
10353 10425 58
10353 10425 56
10353 10432 54
10353 10432 18
10353 10429 48
10353 10429 39
10353 10441 39
10353 10441 35
10353 10451 53
10353 10451 59
10353 10452 56
10353 10452 15
10353 10403 19
10353 10403 20
10353 10428 0
10353 10428 54
10353 10417 5
10353 10417 54
10353 11266 40
10353 11266 13
10353 10424 13
10353 10424 32
10353 10438 19
10353 10438 12
10353 10427 22
10353 10427 14
10353 10440 54
10353 10440 52
10353 10470 12
10353 10470 56
10353 10453 56
10353 10453 10
10353 10468 12
10353 10468 25
10454 10447 13
10454 10447 43
10454 10448 17
10454 10448 46
10454 10449 28
10454 10449 60
10454 10434 39
10454 10434 59
10454 10446 48
10454 10446 40
10454 10445 9
10454 10445 29
10454 10431 13
10454 10431 33
10454 10450 50
10454 10450 39
10454 10443 32
10454 10443 17
10454 10444 4
10454 10444 49
10454 10426 15
10454 10426 6
10454 10433 56
10454 10433 34
10454 10442 43
10454 10442 21
10454 10405 7
10454 10405 34
10454 10430 9
10454 10430 50
10454 10425 17
10454 10425 15
10454 10432 15
10454 10432 50
10454 10429 7
10454 10429 40
10454 10441 27
10454 10441 23
10454 10451 16
10454 10451 6
10454 10452 54
10454 10452 43
10454 10403 38
10454 10403 12
10454 10428 8
10454 10428 49
10454 10417 16
10454 10417 5
10454 11266 7
10454 11266 20
10454 10424 14
10454 10424 38
10454 10438 60
10454 10438 26
10454 10427 43
10454 10427 55
10454 10440 4
10454 10440 7
10454 10470 17
10454 10470 23
10454 10453 51
10454 10453 24
10454 10468 33
10454 10468 34
10456 10447 50
10456 10447 27
10456 10448 25
10456 10448 6
10456 10449 44
10456 10449 22
10456 10434 20
10456 10434 38
10456 10446 13
10456 10446 25
10456 10445 42
10456 10445 27
10456 10431 8
10456 10431 26
10456 10450 59
10456 10450 21
10456 10443 41
10456 10443 9
10456 10444 49
10456 10444 60
10456 10426 22
10456 10426 31
10456 10433 3
10456 10433 41
10456 10442 58
10456 10442 15
10456 10405 18
10456 10405 45
10456 10430 60
10456 10430 37
10456 10425 3
10456 10425 34
10456 10432 25
10456 10432 14
10456 10429 6
10456 10429 12
10456 10441 36
10456 10441 18
10456 10451 22
10456 10451 23
10456 10452 32
10456 10452 21
10456 10403 6
10456 10403 22
10456 10428 49
10456 10428 33
10456 10417 16
10456 10417 40
10456 11266 6
10456 11266 51
10456 10424 52
10456 10424 52
10456 10438 58
10456 10438 3
10456 10427 10
10456 10427 0
10456 10440 2
10456 10440 34
10456 10470 52
10456 10470 16
10456 10453 6
10456 10453 28
10456 10468 25
10456 10468 18
10457 10447 46
10457 10447 49
10457 10448 7
10457 10448 17
10457 10449 3
10457 10449 17
10457 10434 29
10457 10434 34
10457 10446 7
10457 10446 25
10457 10445 53
10457 10445 16
10457 10431 46
10457 10431 59
10457 10450 31
10457 10450 39
10457 10443 48
10457 10443 23
10457 10444 1
10457 10444 19
10457 10426 59
10457 10426 20
10457 10433 51
10457 10433 7
10457 10442 48
10457 10442 11
10457 10405 2
10457 10405 17
10457 10430 14
10457 10430 8
10457 10425 18
10457 10425 30
10457 10432 44
10457 10432 49
10457 10429 13
10457 10429 18
10457 10441 1
10457 10441 0
10457 10451 46
10457 10451 24
10457 10452 48
10457 10452 42
10457 10403 24
10457 10403 21
10457 10428 42
10457 10428 43
10457 10417 53
10457 10417 13
10457 11266 47
10457 11266 22
10457 10424 47
10457 10424 19
10457 10438 17
10457 10438 6
10457 10427 16
10457 10427 22
10457 10440 60
10457 10440 17
10457 10470 20
10457 10470 49
10457 10453 33
10457 10453 49
10457 10468 37
10457 10468 59
10354 10447 8
10354 10447 46
10354 10448 37
10354 10448 9
10354 10449 2
10354 10449 41
10354 10434 53
10354 10434 5
10354 10446 2
10354 10446 10
10354 10445 30
10354 10445 13
10354 10431 45
10354 10431 34
10354 10450 14
10354 10450 20
10354 10443 43
10354 10443 12
10354 10444 19
10354 10444 57
10354 10426 23
10354 10426 40
10354 10433 57
10354 10433 7
10354 10442 48
10354 10442 36
10354 10405 52
10354 10405 29
10354 10430 38
10354 10430 41
10354 10425 25
10354 10425 41
10354 10432 0
10354 10432 42
10354 10429 17
10354 10429 19
10354 10441 19
10354 10441 42
10354 10451 26
10354 10451 55
10354 10452 10
10354 10452 41
10354 10403 37
10354 10403 0
10354 10428 39
10354 10428 34
10354 10417 43
10354 10417 29
10354 11266 16
10354 11266 47
10354 10424 35
10354 10424 14
10354 10438 45
10354 10438 25
10354 10427 57
10354 10427 42
10354 10440 14
10354 10440 36
10354 10470 42
10354 10470 5
10354 10453 32
10354 10453 2
10354 10468 58
10354 10468 12
10412 10447 39
10412 10447 49
10412 10448 10
10412 10448 5
10412 10449 30
10412 10449 23
10412 10434 47
10412 10434 15
10412 10446 32
10412 10446 24
10412 10445 56
10412 10445 8
10412 10431 1
10412 10431 47
10412 10450 36
10412 10450 47
10412 10443 13
10412 10443 23
10412 10444 24
10412 10444 54
10412 10426 51
10412 10426 18
10412 10433 31
10412 10433 29
10412 10442 42
10412 10442 8
10412 10405 10
10412 10405 44
10412 10430 7
10412 10430 49
10412 10425 6
10412 10425 42
10412 10432 56
10412 10432 44
10412 10429 31
10412 10429 44
10412 10441 40
10412 10441 23
10412 10451 36
10412 10451 56
10412 10452 44
10412 10452 9
10412 10403 48
10412 10403 16
10412 10428 14
10412 10428 17
10412 10417 59
10412 10417 29
10412 11266 2
10412 11266 25
10412 10424 8
10412 10424 23
10412 10438 56
10412 10438 12
10412 10427 42
10412 10427 31
10412 10440 29
10412 10440 3
10412 10470 34
10412 10470 31
10412 10453 11
10412 10453 12
10412 10468 29
10412 10468 50
10418 10447 58
10418 10447 3
10418 10448 4
10418 10448 5
10418 10449 34
10418 10449 15
10418 10434 9
10418 10434 50
10418 10446 13
10418 10446 13
10418 10445 50
10418 10445 7
10418 10431 45
10418 10431 45
10418 10450 46
10418 10450 48
10418 10443 7
10418 10443 56
10418 10444 35
10418 10444 33
10418 10426 31
10418 10426 48
10418 10433 26
10418 10433 39
10418 10442 55
10418 10442 51
10418 10405 57
10418 10405 37
10418 10430 2
10418 10430 45
10418 10425 59
10418 10425 23
10418 10432 53
10418 10432 34
10418 10429 48
10418 10429 12
10418 10441 9
10418 10441 6
10418 10451 31
10418 10451 31
10418 10452 47
10418 10452 28
10418 10403 28
10418 10403 2
10418 10428 49
10418 10428 57
10418 10417 5
10418 10417 54
10418 11266 27
10418 11266 30
10418 10424 44
10418 10424 54
10418 10438 45
10418 10438 7
10418 10427 48
10418 10427 59
10418 10440 47
10418 10440 35
10418 10470 12
10418 10470 57
10418 10453 51
10418 10453 11
10418 10468 59
10418 10468 5
10420 10447 8
10420 10447 27
10420 10448 17
10420 10448 6
10420 10449 60
10420 10449 16
10420 10434 48
10420 10434 22
10420 10446 51
10420 10446 4
10420 10445 27
10420 10445 21
10420 10431 1
10420 10431 10
10420 10450 46
10420 10450 9
10420 10443 6
10420 10443 51
10420 10444 48
10420 10444 33
10420 10426 6
10420 10426 18
10420 10433 41
10420 10433 17
10420 10442 43
10420 10442 46
10420 10405 49
10420 10405 22
10420 10430 9
10420 10430 56
10420 10425 4
10420 10425 46
10420 10432 13
10420 10432 16
10420 10429 33
10420 10429 17
10420 10441 17
10420 10441 22
10420 10451 4
10420 10451 50
10420 10452 16
10420 10452 50
10420 10403 4
10420 10403 8
10420 10428 29
10420 10428 29
10420 10417 37
10420 10417 41
10420 11266 59
10420 11266 35
10420 10424 23
10420 10424 1
10420 10438 2
10420 10438 38
10420 10427 38
10420 10427 25
10420 10440 20
10420 10440 30
10420 10470 26
10420 10470 32
10420 10453 11
10420 10453 54
10420 10468 37
10420 10468 43
10416 10447 24
10416 10447 23
10416 10448 49
10416 10448 45
10416 10449 52
10416 10449 20
10416 10434 52
10416 10434 55
10416 10446 31
10416 10446 46
10416 10445 4
10416 10445 37
10416 10431 14
10416 10431 14
10416 10450 38
10416 10450 21
10416 10443 41
10416 10443 24
10416 10444 12
10416 10444 4
10416 10426 4
10416 10426 9
10416 10433 43
10416 10433 46
10416 10442 35
10416 10442 18
10416 10405 27
10416 10405 24
10416 10430 56
10416 10430 24
10416 10425 19
10416 10425 38
10416 10432 13
10416 10432 54
10416 10429 20
10416 10429 5
10416 10441 27
10416 10441 27
10416 10451 30
10416 10451 30
10416 10452 21
10416 10452 31
10416 10403 6
10416 10403 28
10416 10428 12
10416 10428 49
10416 10417 53
10416 10417 49
10416 11266 16
10416 11266 54
10416 10424 44
10416 10424 12
10416 10438 29
10416 10438 20
10416 10427 51
10416 10427 43
10416 10440 41
10416 10440 17
10416 10470 14
10416 10470 25
10416 10453 33
10416 10453 52
10416 10468 17
10416 10468 21
10338 10447 48
10338 10447 4
10338 10448 60
10338 10448 44
10338 10449 33
10338 10449 54
10338 10434 14
10338 10434 0
10338 10446 56
10338 10446 47
10338 10445 57
10338 10445 7
10338 10431 7
10338 10431 45
10338 10450 4
10338 10450 22
10338 10443 14
10338 10443 18
10338 10444 54
10338 10444 25
10338 10426 19
10338 10426 0
10338 10433 58
10338 10433 35
10338 10442 60
10338 10442 60
10338 10405 18
10338 10405 12
10338 10430 54
10338 10430 10
10338 10425 27
10338 10425 56
10338 10432 19
10338 10432 25
10338 10429 58
10338 10429 20
10338 10441 19
10338 10441 11
10338 10451 46
10338 10451 28
10338 10452 1
10338 10452 41
10338 10403 34
10338 10403 52
10338 10428 25
10338 10428 50
10338 10417 56
10338 10417 18
10338 11266 17
10338 11266 56
10338 10424 10
10338 10424 39
10338 10438 11
10338 10438 54
10338 10427 38
10338 10427 60
10338 10440 46
10338 10440 49
10338 10470 22
10338 10470 4
10338 10453 23
10338 10453 5
10338 10468 28
10338 10468 38
10455 10447 17
10455 10447 56
10455 10448 10
10455 10448 40
10455 10449 24
10455 10449 57
10455 10434 8
10455 10434 49
10455 10446 43
10455 10446 27
10455 10445 16
10455 10445 9
10455 10431 1
10455 10431 9
10455 10450 55
10455 10450 8
10455 10443 41
10455 10443 44
10455 10444 13
10455 10444 51
10455 10426 22
10455 10426 48
10455 10433 52
10455 10433 52
10455 10442 4
10455 10442 32
10455 10405 9
10455 10405 53
10455 10430 15
10455 10430 27
10455 10425 52
10455 10425 55
10455 10432 25
10455 10432 19
10455 10429 57
10455 10429 58
10455 10441 43
10455 10441 30
10455 10451 27
10455 10451 41
10455 10452 14
10455 10452 31
10455 10403 7
10455 10403 34
10455 10428 50
10455 10428 19
10455 10417 55
10455 10417 33
10455 11266 4
10455 11266 6
10455 10424 26
10455 10424 27
10455 10438 18
10455 10438 32
10455 10427 18
10455 10427 27
10455 10440 58
10455 10440 37
10455 10470 21
10455 10470 16
10455 10453 58
10455 10453 37
10455 10468 2
10455 10468 6
10458 10447 1
10458 10447 17
10458 10448 8
10458 10448 28
10458 10449 10
10458 10449 3
10458 10434 42
10458 10434 28
10458 10446 14
10458 10446 39
10458 10445 16
10458 10445 40
10458 10431 25
10458 10431 11
10458 10450 25
10458 10450 9
10458 10443 5
10458 10443 8
10458 10444 27
10458 10444 28
10458 10426 22
10458 10426 44
10458 10433 37
10458 10433 58
10458 10442 53
10458 10442 48
10458 10405 5
10458 10405 27
10458 10430 4
10458 10430 56
10458 10425 36
10458 10425 24
10458 10432 41
10458 10432 6
10458 10429 3
10458 10429 36
10458 10441 58
10458 10441 22
10458 10451 30
10458 10451 47
10458 10452 34
10458 10452 26
10458 10403 57
10458 10403 55
10458 10428 8
10458 10428 20
10458 10417 30
10458 10417 6
10458 11266 27
10458 11266 13
10458 10424 5
10458 10424 48
10458 10438 12
10458 10438 4
10458 10427 16
10458 10427 29
10458 10440 30
10458 10440 21
10458 10470 40
10458 10470 29
10458 10453 27
10458 10453 52
10458 10468 9
10458 10468 1
10459 10447 44
10459 10447 45
10459 10448 23
10459 10448 22
10459 10449 5
10459 10449 16
10459 10434 29
10459 10434 54
10459 10446 6
10459 10446 57
10459 10445 44
10459 10445 54
10459 10431 59
10459 10431 55
10459 10450 3
10459 10450 44
10459 10443 28
10459 10443 2
10459 10444 47
10459 10444 30
10459 10426 32
10459 10426 57
10459 10433 25
10459 10433 10
10459 10442 4
10459 10442 46
10459 10405 58
10459 10405 52
10459 10430 58
10459 10430 50
10459 10425 2
10459 10425 56
10459 10432 43
10459 10432 8
10459 10429 36
10459 10429 38
10459 10441 27
10459 10441 52
10459 10451 12
10459 10451 39
10459 10452 14
10459 10452 17
10459 10403 37
10459 10403 28
10459 10428 24
10459 10428 16
10459 10417 5
10459 10417 10
10459 11266 59
10459 11266 1
10459 10424 43
10459 10424 26
10459 10438 48
10459 10438 58
10459 10427 34
10459 10427 13
10459 10440 42
10459 10440 28
10459 10470 41
10459 10470 43
10459 10453 44
10459 10453 29
10459 10468 5
10459 10468 40
10460 10447 22
10460 10447 35
10460 10448 50
10460 10448 30
10460 10449 38
10460 10449 50
10460 10434 10
10460 10434 26
10460 10446 58
10460 10446 36
10460 10445 3
10460 10445 8
10460 10431 3
10460 10431 5
10460 10450 26
10460 10450 9
10460 10443 41
10460 10443 14
10460 10444 41
10460 10444 60
10460 10426 58
10460 10426 40
10460 10433 15
10460 10433 15
10460 10442 8
10460 10442 8
10460 10405 16
10460 10405 26
10460 10430 27
10460 10430 29
10460 10425 42
10460 10425 18
10460 10432 1
10460 10432 5
10460 10429 14
10460 10429 0
10460 10441 42
10460 10441 35
10460 10451 11
10460 10451 34
10460 10452 37
10460 10452 60
10460 10403 12
10460 10403 50
10460 10428 6
10460 10428 51
10460 10417 2
10460 10417 7
10460 11266 26
10460 11266 41
10460 10424 12
10460 10424 35
10460 10438 51
10460 10438 40
10460 10427 25
10460 10427 43
10460 10440 40
10460 10440 24
10460 10470 41
10460 10470 49
10460 10453 44
10460 10453 5
10460 10468 50
10460 10468 35
10435 10447 42
10435 10447 14
10435 10448 14
10435 10448 1
10435 10449 6
10435 10449 35
10435 10434 0
10435 10434 31
10435 10446 16
10435 10446 55
10435 10445 60
10435 10445 47
10435 10431 12
10435 10431 18
10435 10450 20
10435 10450 48
10435 10443 49
10435 10443 3
10435 10444 46
10435 10444 50
10435 10426 16
10435 10426 0
10435 10433 48
10435 10433 53
10435 10442 5
10435 10442 42
10435 10405 44
10435 10405 18
10435 10430 39
10435 10430 58
10435 10425 40
10435 10425 2
10435 10432 17
10435 10432 5
10435 10429 40
10435 10429 60
10435 10441 8
10435 10441 17
10435 10451 37
10435 10451 24
10435 10452 8
10435 10452 33
10435 10403 4
10435 10403 40
10435 10428 57
10435 10428 11
10435 10417 44
10435 10417 11
10435 11266 10
10435 11266 6
10435 10424 36
10435 10424 6
10435 10438 34
10435 10438 30
10435 10427 39
10435 10427 46
10435 10440 53
10435 10440 60
10435 10470 17
10435 10470 49
10435 10453 32
10435 10453 3
10435 10468 42
10435 10468 26
10436 10447 58
10436 10447 3
10436 10448 53
10436 10448 2
10436 10449 29
10436 10449 58
10436 10434 19
10436 10434 23
10436 10446 52
10436 10446 5
10436 10445 56
10436 10445 42
10436 10431 53
10436 10431 17
10436 10450 0
10436 10450 41
10436 10443 34
10436 10443 0
10436 10444 30
10436 10444 53
10436 10426 20
10436 10426 29
10436 10433 28
10436 10433 58
10436 10442 40
10436 10442 4
10436 10405 46
10436 10405 11
10436 10430 3
10436 10430 49
10436 10425 18
10436 10425 40
10436 10432 27
10436 10432 45
10436 10429 20
10436 10429 1
10436 10441 34
10436 10441 44
10436 10451 9
10436 10451 16
10436 10452 52
10436 10452 51
10436 10403 41
10436 10403 53
10436 10428 40
10436 10428 44
10436 10417 41
10436 10417 1
10436 11266 14
10436 11266 5
10436 10424 0
10436 10424 1
10436 10438 48
10436 10438 34
10436 10427 42
10436 10427 18
10436 10440 51
10436 10440 11
10436 10470 25
10436 10470 51
10436 10453 23
10436 10453 13
10436 10468 19
10436 10468 43
10411 10447 14
10411 10447 30
10411 10448 51
10411 10448 33
10411 10449 10
10411 10449 38
10411 10434 3
10411 10434 58
10411 10446 57
10411 10446 19
10411 10445 10
10411 10445 17
10411 10431 17
10411 10431 32
10411 10450 11
10411 10450 38
10411 10443 1
10411 10443 17
10411 10444 60
10411 10444 22
10411 10426 0
10411 10426 30
10411 10433 20
10411 10433 35
10411 10442 37
10411 10442 41
10411 10405 38
10411 10405 6
10411 10430 41
10411 10430 44
10411 10425 24
10411 10425 16
10411 10432 34
10411 10432 9
10411 10429 9
10411 10429 35
10411 10441 38
10411 10441 17
10411 10451 51
10411 10451 43
10411 10452 20
10411 10452 35
10411 10403 34
10411 10403 50
10411 10428 42
10411 10428 51
10411 10417 18
10411 10417 17
10411 11266 21
10411 11266 1
10411 10424 46
10411 10424 28
10411 10438 25
10411 10438 14
10411 10427 43
10411 10427 38
10411 10440 45
10411 10440 38
10411 10470 31
10411 10470 12
10411 10453 18
10411 10453 13
10411 10468 29
10411 10468 49
10415 10447 15
10415 10447 53
10415 10448 17
10415 10448 16
10415 10449 10
10415 10449 60
10415 10434 13
10415 10434 12
10415 10446 60
10415 10446 18
10415 10445 26
10415 10445 25
10415 10431 29
10415 10431 23
10415 10450 14
10415 10450 34
10415 10443 53
10415 10443 17
10415 10444 57
10415 10444 16
10415 10426 9
10415 10426 60
10415 10433 39
10415 10433 52
10415 10442 39
10415 10442 39
10415 10405 59
10415 10405 32
10415 10430 26
10415 10430 31
10415 10425 28
10415 10425 11
10415 10432 14
10415 10432 6
10415 10429 12
10415 10429 45
10415 10441 38
10415 10441 44
10415 10451 59
10415 10451 42
10415 10452 11
10415 10452 37
10415 10403 38
10415 10403 38
10415 10428 48
10415 10428 33
10415 10417 9
10415 10417 21
10415 11266 18
10415 11266 41
10415 10424 58
10415 10424 34
10415 10438 38
10415 10438 31
10415 10427 43
10415 10427 29
10415 10440 4
10415 10440 14
10415 10470 46
10415 10470 39
10415 10453 59
10415 10453 0
10415 10468 22
10415 10468 27
10413 10447 49
10413 10447 18
10413 10448 46
10413 10448 43
10413 10449 36
10413 10449 22
10413 10434 33
10413 10434 6
10413 10446 47
10413 10446 34
10413 10445 47
10413 10445 7
10413 10431 7
10413 10431 55
10413 10450 7
10413 10450 6
10413 10443 28
10413 10443 30
10413 10444 30
10413 10444 10
10413 10426 17
10413 10426 31
10413 10433 53
10413 10433 18
10413 10442 54
10413 10442 19
10413 10405 49
10413 10405 24
10413 10430 15
10413 10430 5
10413 10425 20
10413 10425 2
10413 10432 57
10413 10432 54
10413 10429 47
10413 10429 11
10413 10441 39
10413 10441 34
10413 10451 36
10413 10451 42
10413 10452 47
10413 10452 52
10413 10403 38
10413 10403 17
10413 10428 39
10413 10428 34
10413 10417 47
10413 10417 46
10413 11266 48
10413 11266 46
10413 10424 13
10413 10424 60
10413 10438 4
10413 10438 22
10413 10427 29
10413 10427 60
10413 10440 37
10413 10440 23
10413 10470 13
10413 10470 12
10413 10453 56
10413 10453 44
10413 10468 32
10413 10468 17
10439 10447 14
10439 10447 22
10439 10448 28
10439 10448 56
10439 10449 48
10439 10449 53
10439 10434 54
10439 10434 4
10439 10446 14
10439 10446 45
10439 10445 45
10439 10445 10
10439 10431 12
10439 10431 50
10439 10450 17
10439 10450 33
10439 10443 60
10439 10443 25
10439 10444 41
10439 10444 7
10439 10426 33
10439 10426 37
10439 10433 8
10439 10433 39
10439 10442 30
10439 10442 35
10439 10405 26
10439 10405 34
10439 10430 1
10439 10430 20
10439 10425 9
10439 10425 40
10439 10432 23
10439 10432 18
10439 10429 31
10439 10429 29
10439 10441 18
10439 10441 34
10439 10451 51
10439 10451 44
10439 10452 60
10439 10452 1
10439 10403 49
10439 10403 8
10439 10428 23
10439 10428 55
10439 10417 27
10439 10417 12
10439 11266 21
10439 11266 4
10439 10424 31
10439 10424 15
10439 10438 41
10439 10438 58
10439 10427 13
10439 10427 50
10439 10440 12
10439 10440 25
10439 10470 32
10439 10470 39
10439 10453 24
10439 10453 58
10439 10468 48
10439 10468 57
10414 10447 17
10414 10447 21
10414 10448 34
10414 10448 21
10414 10449 3
10414 10449 7
10414 10434 42
10414 10434 38
10414 10446 45
10414 10446 39
10414 10445 42
10414 10445 27
10414 10431 24
10414 10431 50
10414 10450 25
10414 10450 6
10414 10443 33
10414 10443 51
10414 10444 1
10414 10444 7
10414 10426 13
10414 10426 25
10414 10433 26
10414 10433 5
10414 10442 28
10414 10442 38
10414 10405 3
10414 10405 5
10414 10430 50
10414 10430 39
10414 10425 50
10414 10425 10
10414 10432 12
10414 10432 35
10414 10429 16
10414 10429 12
10414 10441 17
10414 10441 32
10414 10451 4
10414 10451 49
10414 10452 32
10414 10452 42
10414 10403 58
10414 10403 53
10414 10428 37
10414 10428 21
10414 10417 32
10414 10417 9
10414 11266 14
10414 11266 60
10414 10424 60
10414 10424 60
10414 10438 41
10414 10438 20
10414 10427 10
10414 10427 42
10414 10440 11
10414 10440 1
10414 10470 40
10414 10470 52
10414 10453 18
10414 10453 23
10414 10468 60
10414 10468 44
10337 10447 10
10337 10447 41
10337 10448 44
10337 10448 56
10337 10449 59
10337 10449 51
10337 10434 1
10337 10434 38
10337 10446 32
10337 10446 35
10337 10445 18
10337 10445 38
10337 10431 60
10337 10431 16
10337 10450 59
10337 10450 1
10337 10443 52
10337 10443 46
10337 10444 50
10337 10444 31
10337 10426 43
10337 10426 48
10337 10433 14
10337 10433 1
10337 10442 6
10337 10442 45
10337 10405 37
10337 10405 35
10337 10430 32
10337 10430 56
10337 10425 5
10337 10425 56
10337 10432 56
10337 10432 40
10337 10429 14
10337 10429 13
10337 10441 58
10337 10441 27
10337 10451 30
10337 10451 31
10337 10452 5
10337 10452 56
10337 10403 42
10337 10403 6
10337 10428 5
10337 10428 38
10337 10417 29
10337 10417 18
10337 11266 60
10337 11266 44
10337 10424 15
10337 10424 23
10337 10438 33
10337 10438 42
10337 10427 2
10337 10427 12
10337 10440 18
10337 10440 38
10337 10470 20
10337 10470 24
10337 10453 38
10337 10453 57
10337 10468 58
10337 10468 52
10342 10447 15
10342 10447 44
10342 10448 18
10342 10448 34
10342 10449 40
10342 10449 56
10342 10434 50
10342 10434 24
10342 10446 5
10342 10446 30
10342 10445 35
10342 10445 26
10342 10431 50
10342 10431 59
10342 10450 20
10342 10450 59
10342 10443 14
10342 10443 6
10342 10444 39
10342 10444 21
10342 10426 38
10342 10426 6
10342 10433 47
10342 10433 29
10342 10442 28
10342 10442 2
10342 10405 39
10342 10405 0
10342 10430 40
10342 10430 57
10342 10425 39
10342 10425 28
10342 10432 51
10342 10432 10
10342 10429 1
10342 10429 37
10342 10441 57
10342 10441 17
10342 10451 22
10342 10451 35
10342 10452 44
10342 10452 8
10342 10403 6
10342 10403 42
10342 10428 22
10342 10428 39
10342 10417 38
10342 10417 37
10342 11266 4
10342 11266 6
10342 10424 35
10342 10424 20
10342 10438 9
10342 10438 21
10342 10427 49
10342 10427 28
10342 10440 54
10342 10440 29
10342 10470 23
10342 10470 39
10342 10453 6
10342 10453 31
10342 10468 29
10342 10468 15
10346 10447 56
10346 10447 5
10346 10448 26
10346 10448 34
10346 10449 53
10346 10449 31
10346 10434 37
10346 10434 30
10346 10446 52
10346 10446 48
10346 10445 45
10346 10445 35
10346 10431 11
10346 10431 36
10346 10450 45
10346 10450 4
10346 10443 40
10346 10443 3
10346 10444 25
10346 10444 7
10346 10426 60
10346 10426 18
10346 10433 43
10346 10433 1
10346 10442 49
10346 10442 11
10346 10405 28
10346 10405 12
10346 10430 45
10346 10430 31
10346 10425 54
10346 10425 56
10346 10432 5
10346 10432 57
10346 10429 54
10346 10429 33
10346 10441 7
10346 10441 59
10346 10451 44
10346 10451 29
10346 10452 51
10346 10452 48
10346 10403 6
10346 10403 15
10346 10428 32
10346 10428 52
10346 10417 3
10346 10417 4
10346 11266 1
10346 11266 10
10346 10424 51
10346 10424 26
10346 10438 52
10346 10438 7
10346 10427 26
10346 10427 7
10346 10440 1
10346 10440 43
10346 10470 45
10346 10470 50
10346 10453 40
10346 10453 44
10346 10468 33
10346 10468 6
10464 10447 24
10464 10447 52
10464 10448 42
10464 10448 12
10464 10449 30
10464 10449 23
10464 10434 14
10464 10434 17
10464 10446 57
10464 10446 4
10464 10445 1
10464 10445 33
10464 10431 55
10464 10431 29
10464 10450 26
10464 10450 37
10464 10443 59
10464 10443 39
10464 10444 33
10464 10444 49
10464 10426 11
10464 10426 32
10464 10433 5
10464 10433 46
10464 10442 35
10464 10442 2
10464 10405 26
10464 10405 21
10464 10430 50
10464 10430 9
10464 10425 52
10464 10425 25
10464 10432 52
10464 10432 48
10464 10429 18
10464 10429 50
10464 10441 41
10464 10441 55
10464 10451 28
10464 10451 21
10464 10452 9
10464 10452 22
10464 10403 37
10464 10403 50
10464 10428 48
10464 10428 54
10464 10417 9
10464 10417 53
10464 11266 52
10464 11266 17
10464 10424 12
10464 10424 29
10464 10438 17
10464 10438 20
10464 10427 21
10464 10427 3
10464 10440 39
10464 10440 39
10464 10470 17
10464 10470 32
10464 10453 44
10464 10453 37
10464 10468 52
10464 10468 10
10467 10447 6
10467 10447 14
10467 10448 55
10467 10448 20
10467 10449 9
10467 10449 60
10467 10434 3
10467 10434 58
10467 10446 47
10467 10446 32
10467 10445 16
10467 10445 55
10467 10431 29
10467 10431 18
10467 10450 26
10467 10450 4
10467 10443 32
10467 10443 14
10467 10444 20
10467 10444 25
10467 10426 41
10467 10426 21
10467 10433 36
10467 10433 51
10467 10442 59
10467 10442 28
10467 10405 14
10467 10405 30
10467 10430 37
10467 10430 24
10467 10425 33
10467 10425 57
10467 10432 11
10467 10432 59
10467 10429 4
10467 10429 7
10467 10441 46
10467 10441 4
10467 10451 54
10467 10451 43
10467 10452 39
10467 10452 18
10467 10403 4
10467 10403 34
10467 10428 12
10467 10428 44
10467 10417 2
10467 10417 33
10467 11266 3
10467 11266 3
10467 10424 17
10467 10424 24
10467 10438 60
10467 10438 13
10467 10427 3
10467 10427 37
10467 10440 3
10467 10440 5
10467 10470 24
10467 10470 5
10467 10453 60
10467 10453 11
10467 10468 11
10467 10468 20
10462 10447 22
10462 10447 13
10462 10448 2
10462 10448 25
10462 10449 29
10462 10449 2
10462 10434 39
10462 10434 33
10462 10446 25
10462 10446 52
10462 10445 13
10462 10445 14
10462 10431 10
10462 10431 18
10462 10450 8
10462 10450 4
10462 10443 0
10462 10443 4
10462 10444 59
10462 10444 50
10462 10426 6
10462 10426 60
10462 10433 35
10462 10433 32
10462 10442 26
10462 10442 31
10462 10405 33
10462 10405 10
10462 10430 43
10462 10430 6
10462 10425 31
10462 10425 19
10462 10432 35
10462 10432 49
10462 10429 52
10462 10429 34
10462 10441 15
10462 10441 10
10462 10451 41
10462 10451 14
10462 10452 36
10462 10452 42
10462 10403 23
10462 10403 50
10462 10428 1
10462 10428 10
10462 10417 26
10462 10417 36
10462 11266 35
10462 11266 14
10462 10424 4
10462 10424 21
10462 10438 35
10462 10438 16
10462 10427 59
10462 10427 22
10462 10440 14
10462 10440 40
10462 10470 56
10462 10470 37
10462 10453 8
10462 10453 1
10462 10468 13
10462 10468 8
10463 10447 49
10463 10447 48
10463 10448 52
10463 10448 53
10463 10449 40
10463 10449 0
10463 10434 44
10463 10434 2
10463 10446 52
10463 10446 18
10463 10445 24
10463 10445 28
10463 10431 34
10463 10431 45
10463 10450 56
10463 10450 26
10463 10443 47
10463 10443 6
10463 10444 60
10463 10444 29
10463 10426 9
10463 10426 54
10463 10433 10
10463 10433 8
10463 10442 23
10463 10442 46
10463 10405 33
10463 10405 28
10463 10430 57
10463 10430 25
10463 10425 9
10463 10425 35
10463 10432 21
10463 10432 3
10463 10429 21
10463 10429 36
10463 10441 1
10463 10441 4
10463 10451 30
10463 10451 46
10463 10452 11
10463 10452 27
10463 10403 13
10463 10403 30
10463 10428 9
10463 10428 18
10463 10417 2
10463 10417 59
10463 11266 15
10463 11266 33
10463 10424 40
10463 10424 34
10463 10438 31
10463 10438 36
10463 10427 33
10463 10427 8
10463 10440 51
10463 10440 54
10463 10470 48
10463 10470 0
10463 10453 27
10463 10453 21
10463 10468 4
10463 10468 5
10417 10447 5
10417 10447 58
10417 10448 47
10417 10448 19
10417 10449 24
10417 10449 37
10417 10434 51
10417 10434 23
10417 10446 27
10417 10446 14
10417 10445 46
10417 10445 6
10417 10431 19
10417 10431 47
10417 10450 39
10417 10450 48
10417 10443 39
10417 10443 38
10417 10444 39
10417 10444 19
10417 10426 52
10417 10426 46
10417 10433 13
10417 10433 45
10417 10442 14
10417 10442 15
10417 10405 21
10417 10405 1
10417 10430 48
10417 10430 24
10417 10425 2
10417 10425 59
10417 10432 6
10417 10432 6
10417 10429 51
10417 10429 44
10417 10441 15
10417 10441 19
10417 10451 45
10417 10451 39
10417 10452 42
10417 10452 46
10417 10403 58
10417 10403 4
10417 10428 45
10417 10428 36
10417 10417 33
10417 10417 34
10417 11266 6
10417 11266 47
10417 10424 18
10417 10424 43
10417 10438 18
10417 10438 46
10417 10427 20
10417 10427 20
10417 10440 22
10417 10440 23
10417 10470 22
10417 10470 57
10417 10453 11
10417 10453 20
10417 10468 21
10417 10468 14
10438 10447 58
10438 10447 29
10438 10448 41
10438 10448 5
10438 10449 52
10438 10449 53
10438 10434 56
10438 10434 9
10438 10446 57
10438 10446 18
10438 10445 50
10438 10445 46
10438 10431 19
10438 10431 4
10438 10450 3
10438 10450 0
10438 10443 30
10438 10443 26
10438 10444 6
10438 10444 16
10438 10426 4
10438 10426 18
10438 10433 51
10438 10433 55
10438 10442 40
10438 10442 45
10438 10405 50
10438 10405 39
10438 10430 34
10438 10430 6
10438 10425 17
10438 10425 5
10438 10432 7
10438 10432 9
10438 10429 5
10438 10429 36
10438 10441 53
10438 10441 26
10438 10451 39
10438 10451 4
10438 10452 28
10438 10452 25
10438 10403 11
10438 10403 32
10438 10428 46
10438 10428 19
10438 10417 3
10438 10417 53
10438 11266 55
10438 11266 3
10438 10424 48
10438 10424 38
10438 10438 59
10438 10438 4
10438 10427 48
10438 10427 34
10438 10440 45
10438 10440 28
10438 10470 33
10438 10470 31
10438 10453 9
10438 10453 8
10438 10468 1
10438 10468 31
10437 10447 3
10437 10447 27
10437 10448 22
10437 10448 57
10437 10449 24
10437 10449 49
10437 10434 29
10437 10434 26
10437 10446 22
10437 10446 49
10437 10445 29
10437 10445 36
10437 10431 47
10437 10431 38
10437 10450 34
10437 10450 15
10437 10443 43
10437 10443 44
10437 10444 53
10437 10444 39
10437 10426 39
10437 10426 32
10437 10433 3
10437 10433 45
10437 10442 35
10437 10442 19
10437 10405 7
10437 10405 12
10437 10430 18
10437 10430 20
10437 10425 43
10437 10425 45
10437 10432 31
10437 10432 18
10437 10429 21
10437 10429 27
10437 10441 37
10437 10441 10
10437 10451 11
10437 10451 12
10437 10452 47
10437 10452 3
10437 10403 10
10437 10403 52
10437 10428 52
10437 10428 36
10437 10417 54
10437 10417 41
10437 11266 32
10437 11266 9
10437 10424 18
10437 10424 41
10437 10438 5
10437 10438 30
10437 10427 19
10437 10427 49
10437 10440 43
10437 10440 29
10437 10470 22
10437 10470 35
10437 10453 46
10437 10453 52
10437 10468 26
10437 10468 47
