4189 4129 57
4189 4130 39
4189 4128 17
4189 4131 25
4189 4148 54
4189 4127 36
4189 4135 44
4189 4151 58
4189 4152 56
4189 4149 17
4189 4126 23
4189 6131 41
4189 4133 43
4189 4136 25
4189 5236 25
4189 4150 38
4189 4159 34
4189 4160 8
4189 4156 33
4189 4146 15
4189 4125 50
4189 4124 27
4189 6130 9
4189 4132 27
4189 4134 37
4189 4153 50
4189 4154 3
4189 4198 30
4189 4201 18
4189 4202 3
4189 4155 44
4189 4143 23
4080 4129 45
4080 4130 60
4080 4128 25
4080 4131 47
4080 4148 32
4080 4127 18
4080 4135 41
4080 4151 11
4080 4152 43
4080 4149 42
4080 4126 58
4080 6131 36
4080 4133 5
4080 4136 52
4080 5236 41
4080 4150 34
4080 4159 30
4080 4160 37
4080 4156 50
4080 4146 25
4080 4125 38
4080 4124 54
4080 6130 3
4080 4132 30
4080 4134 51
4080 4153 12
4080 4154 0
4080 4198 40
4080 4201 41
4080 4202 13
4080 4155 0
4080 4143 27
4191 4129 18
4191 4130 5
4191 4128 14
4191 4131 44
4191 4148 13
4191 4127 6
4191 4135 31
4191 4151 52
4191 4152 43
4191 4149 36
4191 4126 54
4191 6131 0
4191 4133 59
4191 4136 39
4191 5236 8
4191 4150 59
4191 4159 24
4191 4160 36
4191 4156 46
4191 4146 25
4191 4125 39
4191 4124 53
4191 6130 60
4191 4132 38
4191 4134 27
4191 4153 54
4191 4154 18
4191 4198 21
4191 4201 1
4191 4202 19
4191 4155 24
4191 4143 38
4188 4129 7
4188 4130 1
4188 4128 11
4188 4131 17
4188 4148 5
4188 4127 60
4188 4135 53
4188 4151 30
4188 4152 25
4188 4149 47
4188 4126 16
4188 6131 47
4188 4133 48
4188 4136 50
4188 5236 12
4188 4150 0
4188 4159 16
4188 4160 52
4188 4156 13
4188 4146 60
4188 4125 1
4188 4124 21
4188 6130 30
4188 4132 26
4188 4134 51
4188 4153 7
4188 4154 36
4188 4198 22
4188 4201 19
4188 4202 13
4188 4155 42
4188 4143 30
4193 4129 1
4193 4130 2
4193 4128 9
4193 4131 55
4193 4148 20
4193 4127 42
4193 4135 9
4193 4151 57
4193 4152 54
4193 4149 27
4193 4126 41
4193 6131 46
4193 4133 11
4193 4136 57
4193 5236 32
4193 4150 53
4193 4159 3
4193 4160 60
4193 4156 27
4193 4146 43
4193 4125 31
4193 4124 56
4193 6130 24
4193 4132 12
4193 4134 44
4193 4153 45
4193 4154 3
4193 4198 49
4193 4201 2
4193 4202 28
4193 4155 35
4193 4143 10
4078 4129 31
4078 4130 21
4078 4128 7
4078 4131 23
4078 4148 9
4078 4127 46
4078 4135 21
4078 4151 33
4078 4152 54
4078 4149 59
4078 4126 47
4078 6131 11
4078 4133 36
4078 4136 25
4078 5236 40
4078 4150 17
4078 4159 31
4078 4160 33
4078 4156 16
4078 4146 43
4078 4125 36
4078 4124 19
4078 6130 49
4078 4132 4
4078 4134 5
4078 4153 60
4078 4154 20
4078 4198 48
4078 4201 36
4078 4202 8
4078 4155 47
4078 4143 29
4144 4129 31
4144 4130 19
4144 4128 5
4144 4131 42
4144 4148 17
4144 4127 0
4144 4135 29
4144 4151 20
4144 4152 32
4144 4149 27
4144 4126 2
4144 6131 58
4144 4133 6
4144 4136 28
4144 5236 27
4144 4150 21
4144 4159 15
4144 4160 59
4144 4156 42
4144 4146 19
4144 4125 4
4144 4124 15
4144 6130 27
4144 4132 14
4144 4134 31
4144 4153 43
4144 4154 35
4144 4198 9
4144 4201 46
4144 4202 55
4144 4155 21
4144 4143 46
4096 4129 59
4096 4130 35
4096 4128 48
4096 4131 56
4096 4148 60
4096 4127 43
4096 4135 32
4096 4151 51
4096 4152 33
4096 4149 16
4096 4126 17
4096 6131 17
4096 4133 24
4096 4136 46
4096 5236 13
4096 4150 6
4096 4159 57
4096 4160 50
4096 4156 59
4096 4146 44
4096 4125 41
4096 4124 18
4096 6130 31
4096 4132 3
4096 4134 8
4096 4153 20
4096 4154 17
4096 4198 40
4096 4201 3
4096 4202 52
4096 4155 7
4096 4143 56
4192 4129 35
4192 4130 3
4192 4128 25
4192 4131 17
4192 4148 16
4192 4127 53
4192 4135 57
4192 4151 36
4192 4152 5
4192 4149 30
4192 4126 46
4192 6131 52
4192 4133 42
4192 4136 50
4192 5236 45
4192 4150 28
4192 4159 40
4192 4160 40
4192 4156 59
4192 4146 43
4192 4125 35
4192 4124 36
4192 6130 15
4192 4132 45
4192 4134 53
4192 4153 40
4192 4154 12
4192 4198 43
4192 4201 45
4192 4202 23
4192 4155 4
4192 4143 40
4102 4129 51
4102 4130 54
4102 4128 17
4102 4131 37
4102 4148 14
4102 4127 17
4102 4135 10
4102 4151 51
4102 4152 21
4102 4149 44
4102 4126 45
4102 6131 41
4102 4133 13
4102 4136 24
4102 5236 20
4102 4150 23
4102 4159 58
4102 4160 1
4102 4156 19
4102 4146 26
4102 4125 57
4102 4124 31
4102 6130 59
4102 4132 42
4102 4134 25
4102 4153 22
4102 4154 12
4102 4198 13
4102 4201 7
4102 4202 42
4102 4155 59
4102 4143 60
4187 4129 32
4187 4130 45
4187 4128 35
4187 4131 27
4187 4148 10
4187 4127 3
4187 4135 48
4187 4151 19
4187 4152 23
4187 4149 29
4187 4126 36
4187 6131 15
4187 4133 37
4187 4136 18
4187 5236 32
4187 4150 10
4187 4159 12
4187 4160 3
4187 4156 32
4187 4146 20
4187 4125 40
4187 4124 35
4187 6130 46
4187 4132 29
4187 4134 45
4187 4153 37
4187 4154 25
4187 4198 58
4187 4201 3
4187 4202 38
4187 4155 34
4187 4143 30
4195 4129 17
4195 4130 60
4195 4128 21
4195 4131 11
4195 4148 41
4195 4127 25
4195 4135 44
4195 4151 2
4195 4152 43
4195 4149 35
4195 4126 10
4195 6131 38
4195 4133 14
4195 4136 14
4195 5236 29
4195 4150 16
4195 4159 5
4195 4160 55
4195 4156 4
4195 4146 22
4195 4125 27
4195 4124 20
4195 6130 42
4195 4132 56
4195 4134 16
4195 4153 43
4195 4154 30
4195 4198 23
4195 4201 45
4195 4202 18
4195 4155 30
4195 4143 18
4209 4129 9
4209 4130 42
4209 4128 18
4209 4131 57
4209 4148 39
4209 4127 4
4209 4135 30
4209 4151 53
4209 4152 58
4209 4149 50
4209 4126 57
4209 6131 0
4209 4133 25
4209 4136 51
4209 5236 37
4209 4150 15
4209 4159 4
4209 4160 58
4209 4156 36
4209 4146 54
4209 4125 12
4209 4124 14
4209 6130 57
4209 4132 54
4209 4134 35
4209 4153 39
4209 4154 7
4209 4198 56
4209 4201 32
4209 4202 11
4209 4155 59
4209 4143 47
4072 4129 60
4072 4130 38
4072 4128 9
4072 4131 20
4072 4148 31
4072 4127 42
4072 4135 49
4072 4151 38
4072 4152 39
4072 4149 1
4072 4126 53
4072 6131 46
4072 4133 27
4072 4136 54
4072 5236 5
4072 4150 6
4072 4159 3
4072 4160 45
4072 4156 40
4072 4146 55
4072 4125 46
4072 4124 41
4072 6130 7
4072 4132 58
4072 4134 12
4072 4153 49
4072 4154 47
4072 4198 57
4072 4201 22
4072 4202 48
4072 4155 38
4072 4143 22
4079 4129 45
4079 4130 16
4079 4128 56
4079 4131 16
4079 4148 13
4079 4127 13
4079 4135 47
4079 4151 28
4079 4152 40
4079 4149 19
4079 4126 1
4079 6131 56
4079 4133 60
4079 4136 44
4079 5236 21
4079 4150 50
4079 4159 1
4079 4160 11
4079 4156 14
4079 4146 17
4079 4125 28
4079 4124 13
4079 6130 53
4079 4132 14
4079 4134 57
4079 4153 45
4079 4154 6
4079 4198 32
4079 4201 19
4079 4202 14
4079 4155 27
4079 4143 14
4077 4129 30
4077 4130 30
4077 4128 42
4077 4131 1
4077 4148 35
4077 4127 41
4077 4135 14
4077 4151 1
4077 4152 52
4077 4149 57
4077 4126 41
4077 6131 26
4077 4133 34
4077 4136 7
4077 5236 42
4077 4150 8
4077 4159 8
4077 4160 35
4077 4156 47
4077 4146 28
4077 4125 43
4077 4124 37
4077 6130 17
4077 4132 42
4077 4134 29
4077 4153 33
4077 4154 36
4077 4198 44
4077 4201 53
4077 4202 40
4077 4155 18
4077 4143 25
4141 4129 44
4141 4130 35
4141 4128 35
4141 4131 52
4141 4148 11
4141 4127 27
4141 4135 11
4141 4151 37
4141 4152 4
4141 4149 56
4141 4126 28
4141 6131 10
4141 4133 47
4141 4136 20
4141 5236 38
4141 4150 56
4141 4159 12
4141 4160 53
4141 4156 50
4141 4146 9
4141 4125 24
4141 4124 32
4141 6130 35
4141 4132 31
4141 4134 0
4141 4153 1
4141 4154 35
4141 4198 14
4141 4201 38
4141 4202 50
4141 4155 14
4141 4143 58
4097 4129 27
4097 4130 26
4097 4128 18
4097 4131 13
4097 4148 38
4097 4127 35
4097 4135 32
4097 4151 19
4097 4152 48
4097 4149 27
4097 4126 34
4097 6131 53
4097 4133 21
4097 4136 16
4097 5236 51
4097 4150 15
4097 4159 32
4097 4160 50
4097 4156 45
4097 4146 18
4097 4125 17
4097 4124 22
4097 6130 58
4097 4132 20
4097 4134 38
4097 4153 34
4097 4154 19
4097 4198 37
4097 4201 36
4097 4202 29
4097 4155 48
4097 4143 36
4207 4129 17
4207 4130 47
4207 4128 12
4207 4131 42
4207 4148 58
4207 4127 4
4207 4135 49
4207 4151 60
4207 4152 9
4207 4149 15
4207 4126 40
4207 6131 29
4207 4133 4
4207 4136 20
4207 5236 4
4207 4150 25
4207 4159 24
4207 4160 3
4207 4156 21
4207 4146 24
4207 4125 0
4207 4124 35
4207 6130 35
4207 4132 9
4207 4134 1
4207 4153 19
4207 4154 21
4207 4198 41
4207 4201 10
4207 4202 55
4207 4155 27
4207 4143 1
4103 4129 57
4103 4130 46
4103 4128 41
4103 4131 7
4103 4148 48
4103 4127 42
4103 4135 46
4103 4151 59
4103 4152 17
4103 4149 32
4103 4126 17
4103 6131 57
4103 4133 32
4103 4136 29
4103 5236 3
4103 4150 25
4103 4159 21
4103 4160 51
4103 4156 49
4103 4146 33
4103 4125 11
4103 4124 2
4103 6130 19
4103 4132 8
4103 4134 8
4103 4153 26
4103 4154 20
4103 4198 38
4103 4201 32
4103 4202 14
4103 4155 9
4103 4143 16
4145 4129 48
4145 4130 36
4145 4128 15
4145 4131 2
4145 4148 5
4145 4127 37
4145 4135 55
4145 4151 13
4145 4152 10
4145 4149 24
4145 4126 33
4145 6131 49
4145 4133 27
4145 4136 38
4145 5236 33
4145 4150 52
4145 4159 36
4145 4160 34
4145 4156 9
4145 4146 9
4145 4125 29
4145 4124 11
4145 6130 53
4145 4132 38
4145 4134 53
4145 4153 57
4145 4154 58
4145 4198 33
4145 4201 3
4145 4202 27
4145 4155 14
4145 4143 36
4194 4129 46
4194 4130 36
4194 4128 49
4194 4131 51
4194 4148 49
4194 4127 58
4194 4135 27
4194 4151 45
4194 4152 29
4194 4149 54
4194 4126 50
4194 6131 50
4194 4133 51
4194 4136 32
4194 5236 20
4194 4150 44
4194 4159 7
4194 4160 49
4194 4156 45
4194 4146 40
4194 4125 38
4194 4124 17
4194 6130 59
4194 4132 50
4194 4134 3
4194 4153 7
4194 4154 46
4194 4198 27
4194 4201 47
4194 4202 9
4194 4155 59
4194 4143 41
4208 4129 27
4208 4130 41
4208 4128 40
4208 4131 35
4208 4148 5
4208 4127 19
4208 4135 21
4208 4151 48
4208 4152 51
4208 4149 47
4208 4126 17
4208 6131 40
4208 4133 12
4208 4136 53
4208 5236 5
4208 4150 55
4208 4159 0
4208 4160 58
4208 4156 52
4208 4146 1
4208 4125 48
4208 4124 34
4208 6130 14
4208 4132 57
4208 4134 10
4208 4153 39
4208 4154 33
4208 4198 9
4208 4201 41
4208 4202 5
4208 4155 16
4208 4143 30
4213 4129 3
4213 4130 41
4213 4128 12
4213 4131 30
4213 4148 29
4213 4127 54
4213 4135 36
4213 4151 14
4213 4152 38
4213 4149 59
4213 4126 19
4213 6131 43
4213 4133 16
4213 4136 47
4213 5236 4
4213 4150 34
4213 4159 17
4213 4160 48
4213 4156 4
4213 4146 41
4213 4125 38
4213 4124 37
4213 6130 24
4213 4132 28
4213 4134 18
4213 4153 54
4213 4154 6
4213 4198 56
4213 4201 46
4213 4202 23
4213 4155 52
4213 4143 32
4071 4129 23
4071 4130 36
4071 4128 44
4071 4131 28
4071 4148 13
4071 4127 6
4071 4135 22
4071 4151 32
4071 4152 30
4071 4149 8
4071 4126 17
4071 6131 35
4071 4133 48
4071 4136 34
4071 5236 0
4071 4150 8
4071 4159 24
4071 4160 16
4071 4156 10
4071 4146 27
4071 4125 7
4071 4124 30
4071 6130 52
4071 4132 55
4071 4134 5
4071 4153 14
4071 4154 33
4071 4198 32
4071 4201 0
4071 4202 23
4071 4155 31
4071 4143 23
4076 4129 58
4076 4130 23
4076 4128 18
4076 4131 17
4076 4148 34
4076 4127 51
4076 4135 8
4076 4151 47
4076 4152 17
4076 4149 59
4076 4126 49
4076 6131 56
4076 4133 58
4076 4136 56
4076 5236 19
4076 4150 59
4076 4159 26
4076 4160 46
4076 4156 43
4076 4146 2
4076 4125 15
4076 4124 29
4076 6130 32
4076 4132 7
4076 4134 19
4076 4153 22
4076 4154 17
4076 4198 32
4076 4201 22
4076 4202 46
4076 4155 24
4076 4143 21
4074 4129 34
4074 4130 48
4074 4128 18
4074 4131 3
4074 4148 42
4074 4127 0
4074 4135 38
4074 4151 4
4074 4152 53
4074 4149 17
4074 4126 2
4074 6131 35
4074 4133 42
4074 4136 18
4074 5236 12
4074 4150 4
4074 4159 55
4074 4160 7
4074 4156 45
4074 4146 21
4074 4125 55
4074 4124 10
4074 6130 60
4074 4132 22
4074 4134 34
4074 4153 46
4074 4154 10
4074 4198 39
4074 4201 32
4074 4202 37
4074 4155 46
4074 4143 32
4139 4129 49
4139 4130 51
4139 4128 49
4139 4131 50
4139 4148 47
4139 4127 32
4139 4135 21
4139 4151 1
4139 4152 26
4139 4149 30
4139 4126 12
4139 6131 31
4139 4133 1
4139 4136 9
4139 5236 9
4139 4150 2
4139 4159 11
4139 4160 7
4139 4156 5
4139 4146 25
4139 4125 12
4139 4124 32
4139 6130 51
4139 4132 44
4139 4134 34
4139 4153 2
4139 4154 9
4139 4198 54
4139 4201 17
4139 4202 31
4139 4155 28
4139 4143 38
4094 4129 3
4094 4130 43
4094 4128 51
4094 4131 33
4094 4148 24
4094 4127 39
4094 4135 45
4094 4151 42
4094 4152 44
4094 4149 5
4094 4126 5
4094 6131 36
4094 4133 56
4094 4136 37
4094 5236 54
4094 4150 9
4094 4159 44
4094 4160 50
4094 4156 47
4094 4146 26
4094 4125 51
4094 4124 3
4094 6130 15
4094 4132 2
4094 4134 22
4094 4153 12
4094 4154 4
4094 4198 17
4094 4201 45
4094 4202 40
4094 4155 53
4094 4143 40
4142 4129 38
4142 4130 33
4142 4128 40
4142 4131 34
4142 4148 24
4142 4127 53
4142 4135 28
4142 4151 41
4142 4152 40
4142 4149 5
4142 4126 58
4142 6131 5
4142 4133 29
4142 4136 3
4142 5236 53
4142 4150 37
4142 4159 28
4142 4160 5
4142 4156 26
4142 4146 26
4142 4125 59
4142 4124 50
4142 6130 53
4142 4132 17
4142 4134 45
4142 4153 42
4142 4154 39
4142 4198 44
4142 4201 18
4142 4202 56
4142 4155 31
4142 4143 41
4095 4129 16
4095 4130 47
4095 4128 11
4095 4131 51
4095 4148 32
4095 4127 37
4095 4135 17
4095 4151 43
4095 4152 60
4095 4149 21
4095 4126 56
4095 6131 22
4095 4133 23
4095 4136 42
4095 5236 21
4095 4150 19
4095 4159 8
4095 4160 28
4095 4156 9
4095 4146 56
4095 4125 30
4095 4124 8
4095 6130 8
4095 4132 36
4095 4134 28
4095 4153 53
4095 4154 2
4095 4198 32
4095 4201 13
4095 4202 46
4095 4155 25
4095 4143 42
4119 4129 9
4119 4130 28
4119 4128 0
4119 4131 10
4119 4148 8
4119 4127 9
4119 4135 46
4119 4151 11
4119 4152 46
4119 4149 17
4119 4126 53
4119 6131 20
4119 4133 3
4119 4136 60
4119 5236 11
4119 4150 1
4119 4159 53
4119 4160 13
4119 4156 19
4119 4146 45
4119 4125 26
4119 4124 14
4119 6130 43
4119 4132 31
4119 4134 24
4119 4153 22
4119 4154 7
4119 4198 6
4119 4201 28
4119 4202 49
4119 4155 55
4119 4143 50
