1880 1805 14
1880 1805 14
1880 1800 7
1880 1800 54
1880 1806 18
1880 1806 40
1880 1803 50
1880 1803 55
1880 1794 56
1880 1794 55
1880 1802 18
1880 1802 48
1880 1799 12
1880 1799 53
1880 1801 22
1880 1801 58
1880 1808 13
1880 1808 5
1880 1804 9
1880 1804 57
1880 1793 15
1880 1793 51
1880 1796 20
1880 1796 16
1880 1798 45
1880 1798 56
1880 1807 18
1880 1807 50
1880 1809 0
1880 1809 40
1880 1791 37
1880 1791 47
1880 1795 18
1880 1795 28
1880 1792 38
1880 1792 20
1880 1815 41
1880 1815 13
1880 1860 37
1880 1860 3
1880 1810 43
1880 1810 11
1880 1811 47
1880 1811 15
1880 1797 10
1880 1797 43
1880 1816 51
1880 1816 56
1880 1825 19
1880 1825 28
1880 1861 46
1880 1861 43
1880 1865 34
1880 1865 26
1880 1812 22
1880 1812 51
1880 1814 57
1880 1814 35
1880 1817 26
1880 1817 13
1880 1826 25
1880 1826 48
1880 1862 47
1880 1862 56
1879 1805 5
1879 1805 39
1879 1800 26
1879 1800 54
1879 1806 54
1879 1806 32
1879 1803 17
1879 1803 42
1879 1794 52
1879 1794 8
1879 1802 58
1879 1802 41
1879 1799 59
1879 1799 52
1879 1801 9
1879 1801 21
1879 1808 16
1879 1808 26
1879 1804 20
1879 1804 37
1879 1793 36
1879 1793 50
1879 1796 14
1879 1796 28
1879 1798 5
1879 1798 34
1879 1807 10
1879 1807 24
1879 1809 50
1879 1809 57
1879 1791 39
1879 1791 23
1879 1795 35
1879 1795 41
1879 1792 21
1879 1792 24
1879 1815 30
1879 1815 25
1879 1860 36
1879 1860 52
1879 1810 58
1879 1810 21
1879 1811 7
1879 1811 10
1879 1797 49
1879 1797 46
1879 1816 14
1879 1816 55
1879 1825 31
1879 1825 10
1879 1861 9
1879 1861 60
1879 1865 5
1879 1865 12
1879 1812 38
1879 1812 18
1879 1814 14
1879 1814 50
1879 1817 9
1879 1817 46
1879 1826 38
1879 1826 47
1879 1862 4
1879 1862 41
5 1805 35
5 1805 14
5 1800 48
5 1800 54
5 1806 34
5 1806 49
5 1803 35
5 1803 26
5 1794 6
5 1794 11
5 1802 44
5 1802 27
5 1799 36
5 1799 16
5 1801 29
5 1801 23
5 1808 0
5 1808 5
5 1804 22
5 1804 18
5 1793 7
5 1793 47
5 1796 35
5 1796 0
5 1798 7
5 1798 18
5 1807 17
5 1807 28
5 1809 29
5 1809 21
5 1791 58
5 1791 55
5 1795 22
5 1795 6
5 1792 51
5 1792 56
5 1815 39
5 1815 60
5 1860 22
5 1860 15
5 1810 0
5 1810 34
5 1811 10
5 1811 4
5 1797 57
5 1797 21
5 1816 27
5 1816 19
5 1825 7
5 1825 50
5 1861 13
5 1861 10
5 1865 56
5 1865 0
5 1812 13
5 1812 40
5 1814 48
5 1814 57
5 1817 10
5 1817 57
5 1826 23
5 1826 21
5 1862 60
5 1862 14
1882 1805 53
1882 1805 56
1882 1800 26
1882 1800 0
1882 1806 0
1882 1806 59
1882 1803 49
1882 1803 46
1882 1794 22
1882 1794 14
1882 1802 27
1882 1802 45
1882 1799 11
1882 1799 29
1882 1801 12
1882 1801 45
1882 1808 32
1882 1808 53
1882 1804 38
1882 1804 37
1882 1793 43
1882 1793 44
1882 1796 28
1882 1796 26
1882 1798 39
1882 1798 50
1882 1807 59
1882 1807 25
1882 1809 4
1882 1809 33
1882 1791 51
1882 1791 56
1882 1795 32
1882 1795 21
1882 1792 48
1882 1792 40
1882 1815 54
1882 1815 42
1882 1860 59
1882 1860 35
1882 1810 35
1882 1810 15
1882 1811 46
1882 1811 12
1882 1797 27
1882 1797 5
1882 1816 45
1882 1816 37
1882 1825 60
1882 1825 5
1882 1861 1
1882 1861 8
1882 1865 53
1882 1865 45
1882 1812 56
1882 1812 8
1882 1814 0
1882 1814 7
1882 1817 0
1882 1817 39
1882 1826 31
1882 1826 33
1882 1862 22
1882 1862 19
95 1805 1
95 1805 31
95 1800 10
95 1800 12
95 1806 32
95 1806 21
95 1803 22
95 1803 23
95 1794 39
95 1794 37
95 1802 17
95 1802 39
95 1799 49
95 1799 7
95 1801 27
95 1801 44
95 1808 60
95 1808 19
95 1804 9
95 1804 12
95 1793 38
95 1793 3
95 1796 25
95 1796 45
95 1798 36
95 1798 21
95 1807 12
95 1807 50
95 1809 35
95 1809 15
95 1791 22
95 1791 10
95 1795 48
95 1795 1
95 1792 37
95 1792 11
95 1815 42
95 1815 52
95 1860 29
95 1860 56
95 1810 19
95 1810 15
95 1811 2
95 1811 12
95 1797 12
95 1797 60
95 1816 57
95 1816 60
95 1825 55
95 1825 35
95 1861 43
95 1861 16
95 1865 9
95 1865 24
95 1812 41
95 1812 7
95 1814 55
95 1814 51
95 1817 52
95 1817 9
95 1826 51
95 1826 59
95 1862 58
95 1862 33
4 1805 55
4 1805 36
4 1800 25
4 1800 29
4 1806 36
4 1806 60
4 1803 3
4 1803 40
4 1794 13
4 1794 3
4 1802 34
4 1802 17
4 1799 25
4 1799 35
4 1801 42
4 1801 20
4 1808 23
4 1808 16
4 1804 34
4 1804 31
4 1793 2
4 1793 30
4 1796 2
4 1796 58
4 1798 37
4 1798 44
4 1807 56
4 1807 25
4 1809 11
4 1809 0
4 1791 43
4 1791 28
4 1795 43
4 1795 42
4 1792 13
4 1792 11
4 1815 49
4 1815 43
4 1860 47
4 1860 31
4 1810 9
4 1810 41
4 1811 54
4 1811 44
4 1797 16
4 1797 8
4 1816 29
4 1816 22
4 1825 51
4 1825 21
4 1861 39
4 1861 53
4 1865 20
4 1865 3
4 1812 40
4 1812 56
4 1814 32
4 1814 49
4 1817 30
4 1817 38
4 1826 40
4 1826 27
4 1862 32
4 1862 49
1881 1805 58
1881 1805 56
1881 1800 49
1881 1800 12
1881 1806 2
1881 1806 40
1881 1803 46
1881 1803 38
1881 1794 25
1881 1794 54
1881 1802 6
1881 1802 53
1881 1799 48
1881 1799 58
1881 1801 54
1881 1801 47
1881 1808 15
1881 1808 21
1881 1804 27
1881 1804 56
1881 1793 14
1881 1793 34
1881 1796 45
1881 1796 42
1881 1798 20
1881 1798 51
1881 1807 58
1881 1807 34
1881 1809 19
1881 1809 0
1881 1791 24
1881 1791 6
1881 1795 15
1881 1795 41
1881 1792 34
1881 1792 10
1881 1815 37
1881 1815 19
1881 1860 46
1881 1860 33
1881 1810 3
1881 1810 2
1881 1811 0
1881 1811 32
1881 1797 22
1881 1797 45
1881 1816 52
1881 1816 17
1881 1825 44
1881 1825 24
1881 1861 21
1881 1861 26
1881 1865 11
1881 1865 55
1881 1812 26
1881 1812 45
1881 1814 23
1881 1814 18
1881 1817 4
1881 1817 58
1881 1826 55
1881 1826 23
1881 1862 31
1881 1862 42
96 1805 10
96 1805 3
96 1800 48
96 1800 59
96 1806 9
96 1806 6
96 1803 52
96 1803 38
96 1794 60
96 1794 36
96 1802 12
96 1802 8
96 1799 48
96 1799 2
96 1801 7
96 1801 8
96 1808 16
96 1808 34
96 1804 17
96 1804 12
96 1793 36
96 1793 34
96 1796 40
96 1796 15
96 1798 43
96 1798 1
96 1807 50
96 1807 49
96 1809 19
96 1809 24
96 1791 42
96 1791 41
96 1795 28
96 1795 55
96 1792 7
96 1792 27
96 1815 42
96 1815 39
96 1860 9
96 1860 4
96 1810 39
96 1810 36
96 1811 32
96 1811 28
96 1797 27
96 1797 6
96 1816 55
96 1816 5
96 1825 59
96 1825 43
96 1861 50
96 1861 22
96 1865 30
96 1865 7
96 1812 34
96 1812 22
96 1814 40
96 1814 35
96 1817 60
96 1817 10
96 1826 11
96 1826 11
96 1862 40
96 1862 42
1874 1805 15
1874 1805 7
1874 1800 34
1874 1800 30
1874 1806 53
1874 1806 4
1874 1803 60
1874 1803 35
1874 1794 14
1874 1794 0
1874 1802 39
1874 1802 54
1874 1799 35
1874 1799 20
1874 1801 9
1874 1801 9
1874 1808 14
1874 1808 43
1874 1804 20
1874 1804 53
1874 1793 37
1874 1793 4
1874 1796 12
1874 1796 27
1874 1798 38
1874 1798 41
1874 1807 49
1874 1807 16
1874 1809 37
1874 1809 9
1874 1791 51
1874 1791 12
1874 1795 16
1874 1795 29
1874 1792 43
1874 1792 49
1874 1815 56
1874 1815 0
1874 1860 18
1874 1860 25
1874 1810 44
1874 1810 50
1874 1811 30
1874 1811 53
1874 1797 44
1874 1797 30
1874 1816 30
1874 1816 53
1874 1825 28
1874 1825 9
1874 1861 12
1874 1861 34
1874 1865 32
1874 1865 35
1874 1812 12
1874 1812 0
1874 1814 3
1874 1814 39
1874 1817 19
1874 1817 33
1874 1826 34
1874 1826 48
1874 1862 45
1874 1862 17
128 1805 38
128 1805 43
128 1800 3
128 1800 17
128 1806 5
128 1806 44
128 1803 53
128 1803 48
128 1794 9
128 1794 11
128 1802 7
128 1802 7
128 1799 33
128 1799 33
128 1801 6
128 1801 9
128 1808 32
128 1808 53
128 1804 3
128 1804 16
128 1793 27
128 1793 4
128 1796 47
128 1796 22
128 1798 15
128 1798 49
128 1807 8
128 1807 4
128 1809 58
128 1809 7
128 1791 5
128 1791 28
128 1795 2
128 1795 23
128 1792 41
128 1792 0
128 1815 46
128 1815 8
128 1860 1
128 1860 46
128 1810 30
128 1810 9
128 1811 9
128 1811 54
128 1797 53
128 1797 26
128 1816 18
128 1816 59
128 1825 36
128 1825 30
128 1861 25
128 1861 25
128 1865 44
128 1865 44
128 1812 17
128 1812 57
128 1814 1
128 1814 4
128 1817 37
128 1817 10
128 1826 23
128 1826 20
128 1862 54
128 1862 36
1886 1805 60
1886 1805 58
1886 1800 55
1886 1800 9
1886 1806 16
1886 1806 56
1886 1803 57
1886 1803 30
1886 1794 51
1886 1794 18
1886 1802 59
1886 1802 52
1886 1799 22
1886 1799 27
1886 1801 55
1886 1801 20
1886 1808 40
1886 1808 25
1886 1804 60
1886 1804 31
1886 1793 60
1886 1793 42
1886 1796 56
1886 1796 48
1886 1798 47
1886 1798 28
1886 1807 50
1886 1807 0
1886 1809 38
1886 1809 13
1886 1791 40
1886 1791 15
1886 1795 28
1886 1795 4
1886 1792 38
1886 1792 52
1886 1815 58
1886 1815 6
1886 1860 37
1886 1860 54
1886 1810 10
1886 1810 58
1886 1811 21
1886 1811 56
1886 1797 46
1886 1797 55
1886 1816 18
1886 1816 10
1886 1825 47
1886 1825 59
1886 1861 44
1886 1861 1
1886 1865 60
1886 1865 35
1886 1812 55
1886 1812 15
1886 1814 8
1886 1814 36
1886 1817 34
1886 1817 56
1886 1826 30
1886 1826 4
1886 1862 16
1886 1862 41
1873 1805 19
1873 1805 60
1873 1800 2
1873 1800 42
1873 1806 9
1873 1806 47
1873 1803 9
1873 1803 22
1873 1794 58
1873 1794 32
1873 1802 8
1873 1802 1
1873 1799 29
1873 1799 3
1873 1801 29
1873 1801 33
1873 1808 42
1873 1808 7
1873 1804 51
1873 1804 41
1873 1793 48
1873 1793 12
1873 1796 43
1873 1796 60
1873 1798 14
1873 1798 41
1873 1807 35
1873 1807 36
1873 1809 52
1873 1809 40
1873 1791 1
1873 1791 30
1873 1795 47
1873 1795 7
1873 1792 44
1873 1792 47
1873 1815 9
1873 1815 22
1873 1860 60
1873 1860 1
1873 1810 39
1873 1810 39
1873 1811 49
1873 1811 57
1873 1797 10
1873 1797 27
1873 1816 37
1873 1816 6
1873 1825 14
1873 1825 23
1873 1861 16
1873 1861 17
1873 1865 46
1873 1865 1
1873 1812 16
1873 1812 23
1873 1814 2
1873 1814 26
1873 1817 6
1873 1817 20
1873 1826 49
1873 1826 27
1873 1862 49
1873 1862 47
1885 1805 36
1885 1805 30
1885 1800 25
1885 1800 50
1885 1806 26
1885 1806 39
1885 1803 12
1885 1803 30
1885 1794 3
1885 1794 8
1885 1802 53
1885 1802 14
1885 1799 9
1885 1799 14
1885 1801 24
1885 1801 36
1885 1808 35
1885 1808 15
1885 1804 21
1885 1804 38
1885 1793 57
1885 1793 50
1885 1796 52
1885 1796 55
1885 1798 33
1885 1798 4
1885 1807 26
1885 1807 44
1885 1809 2
1885 1809 34
1885 1791 25
1885 1791 56
1885 1795 18
1885 1795 7
1885 1792 17
1885 1792 45
1885 1815 55
1885 1815 29
1885 1860 40
1885 1860 20
1885 1810 33
1885 1810 9
1885 1811 26
1885 1811 30
1885 1797 38
1885 1797 12
1885 1816 48
1885 1816 60
1885 1825 4
1885 1825 2
1885 1861 59
1885 1861 35
1885 1865 2
1885 1865 60
1885 1812 14
1885 1812 19
1885 1814 57
1885 1814 20
1885 1817 26
1885 1817 30
1885 1826 15
1885 1826 38
1885 1862 38
1885 1862 7
1883 1805 42
1883 1805 37
1883 1800 58
1883 1800 30
1883 1806 1
1883 1806 48
1883 1803 53
1883 1803 16
1883 1794 34
1883 1794 28
1883 1802 2
1883 1802 45
1883 1799 29
1883 1799 16
1883 1801 45
1883 1801 46
1883 1808 55
1883 1808 40
1883 1804 28
1883 1804 38
1883 1793 17
1883 1793 39
1883 1796 17
1883 1796 55
1883 1798 20
1883 1798 20
1883 1807 48
1883 1807 33
1883 1809 27
1883 1809 38
1883 1791 36
1883 1791 23
1883 1795 57
1883 1795 23
1883 1792 48
1883 1792 48
1883 1815 20
1883 1815 8
1883 1860 34
1883 1860 25
1883 1810 1
1883 1810 55
1883 1811 17
1883 1811 54
1883 1797 0
1883 1797 1
1883 1816 29
1883 1816 2
1883 1825 26
1883 1825 41
1883 1861 34
1883 1861 11
1883 1865 47
1883 1865 47
1883 1812 36
1883 1812 27
1883 1814 31
1883 1814 4
1883 1817 15
1883 1817 41
1883 1826 48
1883 1826 49
1883 1862 39
1883 1862 9
1887 1805 10
1887 1805 36
1887 1800 16
1887 1800 9
1887 1806 5
1887 1806 29
1887 1803 13
1887 1803 17
1887 1794 38
1887 1794 30
1887 1802 26
1887 1802 14
1887 1799 59
1887 1799 2
1887 1801 58
1887 1801 58
1887 1808 25
1887 1808 19
1887 1804 10
1887 1804 23
1887 1793 8
1887 1793 59
1887 1796 21
1887 1796 44
1887 1798 57
1887 1798 1
1887 1807 56
1887 1807 10
1887 1809 59
1887 1809 36
1887 1791 20
1887 1791 45
1887 1795 30
1887 1795 27
1887 1792 30
1887 1792 28
1887 1815 11
1887 1815 6
1887 1860 21
1887 1860 37
1887 1810 39
1887 1810 28
1887 1811 24
1887 1811 6
1887 1797 11
1887 1797 5
1887 1816 6
1887 1816 18
1887 1825 55
1887 1825 18
1887 1861 49
1887 1861 36
1887 1865 24
1887 1865 32
1887 1812 2
1887 1812 33
1887 1814 35
1887 1814 25
1887 1817 29
1887 1817 40
1887 1826 43
1887 1826 20
1887 1862 11
1887 1862 53
6 1805 1
6 1805 58
6 1800 4
6 1800 5
6 1806 35
6 1806 11
6 1803 12
6 1803 32
6 1794 54
6 1794 56
6 1802 44
6 1802 15
6 1799 31
6 1799 51
6 1801 55
6 1801 32
6 1808 31
6 1808 22
6 1804 1
6 1804 13
6 1793 24
6 1793 37
6 1796 31
6 1796 30
6 1798 49
6 1798 11
6 1807 38
6 1807 0
6 1809 35
6 1809 47
6 1791 16
6 1791 18
6 1795 29
6 1795 0
6 1792 40
6 1792 7
6 1815 12
6 1815 18
6 1860 46
6 1860 32
6 1810 18
6 1810 54
6 1811 32
6 1811 2
6 1797 35
6 1797 38
6 1816 29
6 1816 8
6 1825 54
6 1825 14
6 1861 31
6 1861 19
6 1865 14
6 1865 3
6 1812 20
6 1812 34
6 1814 52
6 1814 42
6 1817 37
6 1817 16
6 1826 57
6 1826 24
6 1862 24
6 1862 33
1884 1805 4
1884 1805 18
1884 1800 27
1884 1800 27
1884 1806 37
1884 1806 16
1884 1803 57
1884 1803 10
1884 1794 18
1884 1794 34
1884 1802 58
1884 1802 55
1884 1799 52
1884 1799 44
1884 1801 4
1884 1801 38
1884 1808 10
1884 1808 60
1884 1804 37
1884 1804 44
1884 1793 51
1884 1793 22
1884 1796 42
1884 1796 59
1884 1798 44
1884 1798 17
1884 1807 4
1884 1807 46
1884 1809 12
1884 1809 30
1884 1791 47
1884 1791 22
1884 1795 28
1884 1795 4
1884 1792 41
1884 1792 11
1884 1815 0
1884 1815 44
1884 1860 35
1884 1860 17
1884 1810 17
1884 1810 25
1884 1811 23
1884 1811 55
1884 1797 14
1884 1797 10
1884 1816 4
1884 1816 47
1884 1825 6
1884 1825 48
1884 1861 3
1884 1861 45
1884 1865 19
1884 1865 8
1884 1812 55
1884 1812 40
1884 1814 3
1884 1814 3
1884 1817 31
1884 1817 34
1884 1826 43
1884 1826 48
1884 1862 23
1884 1862 21
1812 1805 40
1812 1805 1
1812 1800 43
1812 1800 1
1812 1806 44
1812 1806 22
1812 1803 46
1812 1803 15
1812 1794 8
1812 1794 44
1812 1802 58
1812 1802 6
1812 1799 56
1812 1799 9
1812 1801 46
1812 1801 43
1812 1808 35
1812 1808 15
1812 1804 17
1812 1804 53
1812 1793 55
1812 1793 19
1812 1796 37
1812 1796 34
1812 1798 4
1812 1798 54
1812 1807 35
1812 1807 36
1812 1809 36
1812 1809 59
1812 1791 51
1812 1791 53
1812 1795 44
1812 1795 45
1812 1792 46
1812 1792 18
1812 1815 47
1812 1815 21
1812 1860 10
1812 1860 34
1812 1810 31
1812 1810 31
1812 1811 55
1812 1811 50
1812 1797 26
1812 1797 54
1812 1816 0
1812 1816 0
1812 1825 23
1812 1825 45
1812 1861 54
1812 1861 60
1812 1865 55
1812 1865 19
1812 1812 47
1812 1812 26
1812 1814 40
1812 1814 13
1812 1817 11
1812 1817 51
1812 1826 20
1812 1826 42
1812 1862 13
1812 1862 50
0 1805 12
0 1805 59
0 1800 0
0 1800 11
0 1806 37
0 1806 28
0 1803 44
0 1803 17
0 1794 24
0 1794 57
0 1802 28
0 1802 20
0 1799 56
0 1799 31
0 1801 18
0 1801 3
0 1808 12
0 1808 47
0 1804 37
0 1804 45
0 1793 58
0 1793 13
0 1796 8
0 1796 30
0 1798 50
0 1798 28
0 1807 27
0 1807 1
0 1809 44
0 1809 38
0 1791 9
0 1791 47
0 1795 32
0 1795 32
0 1792 10
0 1792 7
0 1815 27
0 1815 17
0 1860 41
0 1860 7
0 1810 60
0 1810 18
0 1811 36
0 1811 12
0 1797 53
0 1797 36
0 1816 4
0 1816 20
0 1825 42
0 1825 50
0 1861 57
0 1861 24
0 1865 11
0 1865 44
0 1812 35
0 1812 10
0 1814 50
0 1814 30
0 1817 60
0 1817 18
0 1826 40
0 1826 46
0 1862 19
0 1862 4
1811 1805 54
1811 1805 11
1811 1800 45
1811 1800 1
1811 1806 42
1811 1806 24
1811 1803 45
1811 1803 6
1811 1794 24
1811 1794 18
1811 1802 24
1811 1802 40
1811 1799 17
1811 1799 36
1811 1801 21
1811 1801 26
1811 1808 60
1811 1808 50
1811 1804 52
1811 1804 45
1811 1793 7
1811 1793 25
1811 1796 17
1811 1796 39
1811 1798 23
1811 1798 26
1811 1807 0
1811 1807 44
1811 1809 52
1811 1809 29
1811 1791 7
1811 1791 24
1811 1795 11
1811 1795 46
1811 1792 56
1811 1792 51
1811 1815 29
1811 1815 3
1811 1860 9
1811 1860 28
1811 1810 59
1811 1810 14
1811 1811 8
1811 1811 11
1811 1797 35
1811 1797 8
1811 1816 29
1811 1816 44
1811 1825 49
1811 1825 18
1811 1861 11
1811 1861 4
1811 1865 32
1811 1865 12
1811 1812 14
1811 1812 35
1811 1814 20
1811 1814 48
1811 1817 37
1811 1817 55
1811 1826 3
1811 1826 14
1811 1862 4
1811 1862 15
1878 1805 30
1878 1805 30
1878 1800 27
1878 1800 46
1878 1806 6
1878 1806 33
1878 1803 45
1878 1803 33
1878 1794 3
1878 1794 60
1878 1802 57
1878 1802 44
1878 1799 49
1878 1799 35
1878 1801 48
1878 1801 3
1878 1808 19
1878 1808 37
1878 1804 23
1878 1804 41
1878 1793 49
1878 1793 40
1878 1796 47
1878 1796 47
1878 1798 43
1878 1798 23
1878 1807 20
1878 1807 14
1878 1809 21
1878 1809 7
1878 1791 10
1878 1791 1
1878 1795 22
1878 1795 21
1878 1792 17
1878 1792 18
1878 1815 34
1878 1815 40
1878 1860 50
1878 1860 60
1878 1810 16
1878 1810 18
1878 1811 44
1878 1811 4
1878 1797 47
1878 1797 47
1878 1816 9
1878 1816 25
1878 1825 12
1878 1825 1
1878 1861 1
1878 1861 1
1878 1865 43
1878 1865 20
1878 1812 14
1878 1812 24
1878 1814 38
1878 1814 54
1878 1817 38
1878 1817 18
1878 1826 52
1878 1826 51
1878 1862 50
1878 1862 54
1 1805 59
1 1805 41
1 1800 60
1 1800 13
1 1806 13
1 1806 0
1 1803 8
1 1803 53
1 1794 26
1 1794 45
1 1802 26
1 1802 59
1 1799 11
1 1799 37
1 1801 40
1 1801 53
1 1808 42
1 1808 44
1 1804 52
1 1804 5
1 1793 40
1 1793 26
1 1796 17
1 1796 58
1 1798 28
1 1798 35
1 1807 40
1 1807 39
1 1809 54
1 1809 7
1 1791 52
1 1791 11
1 1795 14
1 1795 3
1 1792 5
1 1792 41
1 1815 43
1 1815 35
1 1860 1
1 1860 18
1 1810 20
1 1810 10
1 1811 21
1 1811 51
1 1797 23
1 1797 57
1 1816 45
1 1816 23
1 1825 40
1 1825 28
1 1861 37
1 1861 11
1 1865 53
1 1865 19
1 1812 56
1 1812 7
1 1814 39
1 1814 58
1 1817 37
1 1817 60
1 1826 7
1 1826 28
1 1862 6
1 1862 11
2 1805 38
2 1805 3
2 1800 58
2 1800 36
2 1806 9
2 1806 39
2 1803 18
2 1803 18
2 1794 36
2 1794 7
2 1802 17
2 1802 42
2 1799 4
2 1799 6
2 1801 38
2 1801 48
2 1808 41
2 1808 27
2 1804 55
2 1804 8
2 1793 29
2 1793 28
2 1796 7
2 1796 48
2 1798 42
2 1798 50
2 1807 11
2 1807 18
2 1809 60
2 1809 36
2 1791 18
2 1791 11
2 1795 60
2 1795 26
2 1792 54
2 1792 55
2 1815 45
2 1815 38
2 1860 50
2 1860 20
2 1810 10
2 1810 1
2 1811 52
2 1811 53
2 1797 17
2 1797 47
2 1816 12
2 1816 60
2 1825 13
2 1825 47
2 1861 38
2 1861 3
2 1865 48
2 1865 28
2 1812 31
2 1812 31
2 1814 18
2 1814 50
2 1817 51
2 1817 10
2 1826 8
2 1826 16
2 1862 19
2 1862 24
1809 1805 41
1809 1805 1
1809 1800 31
1809 1800 48
1809 1806 50
1809 1806 35
1809 1803 2
1809 1803 39
1809 1794 53
1809 1794 32
1809 1802 1
1809 1802 20
1809 1799 34
1809 1799 29
1809 1801 36
1809 1801 56
1809 1808 31
1809 1808 38
1809 1804 19
1809 1804 47
1809 1793 21
1809 1793 7
1809 1796 54
1809 1796 32
1809 1798 53
1809 1798 22
1809 1807 25
1809 1807 51
1809 1809 55
1809 1809 2
1809 1791 25
1809 1791 34
1809 1795 56
1809 1795 6
1809 1792 35
1809 1792 19
1809 1815 38
1809 1815 15
1809 1860 7
1809 1860 59
1809 1810 45
1809 1810 1
1809 1811 3
1809 1811 39
1809 1797 15
1809 1797 55
1809 1816 37
1809 1816 39
1809 1825 54
1809 1825 10
1809 1861 20
1809 1861 3
1809 1865 9
1809 1865 2
1809 1812 56
1809 1812 50
1809 1814 35
1809 1814 41
1809 1817 13
1809 1817 45
1809 1826 48
1809 1826 30
1809 1862 54
1809 1862 15
1893 1805 29
1893 1805 40
1893 1800 60
1893 1800 49
1893 1806 36
1893 1806 43
1893 1803 56
1893 1803 8
1893 1794 22
1893 1794 20
1893 1802 58
1893 1802 25
1893 1799 56
1893 1799 36
1893 1801 47
1893 1801 6
1893 1808 15
1893 1808 14
1893 1804 41
1893 1804 3
1893 1793 9
1893 1793 54
1893 1796 50
1893 1796 47
1893 1798 59
1893 1798 21
1893 1807 53
1893 1807 46
1893 1809 7
1893 1809 28
1893 1791 25
1893 1791 6
1893 1795 50
1893 1795 14
1893 1792 22
1893 1792 0
1893 1815 20
1893 1815 51
1893 1860 8
1893 1860 59
1893 1810 15
1893 1810 55
1893 1811 12
1893 1811 22
1893 1797 13
1893 1797 43
1893 1816 59
1893 1816 12
1893 1825 13
1893 1825 21
1893 1861 30
1893 1861 39
1893 1865 53
1893 1865 27
1893 1812 35
1893 1812 24
1893 1814 59
1893 1814 15
1893 1817 1
1893 1817 12
1893 1826 18
1893 1826 47
1893 1862 21
1893 1862 37
2325 1805 46
2325 1805 27
2325 1800 14
2325 1800 31
2325 1806 26
2325 1806 3
2325 1803 8
2325 1803 56
2325 1794 17
2325 1794 4
2325 1802 27
2325 1802 7
2325 1799 13
2325 1799 12
2325 1801 14
2325 1801 19
2325 1808 27
2325 1808 33
2325 1804 41
2325 1804 8
2325 1793 35
2325 1793 54
2325 1796 47
2325 1796 27
2325 1798 4
2325 1798 10
2325 1807 47
2325 1807 38
2325 1809 55
2325 1809 15
2325 1791 51
2325 1791 38
2325 1795 55
2325 1795 21
2325 1792 12
2325 1792 56
2325 1815 15
2325 1815 36
2325 1860 52
2325 1860 7
2325 1810 9
2325 1810 26
2325 1811 55
2325 1811 2
2325 1797 60
2325 1797 33
2325 1816 6
2325 1816 7
2325 1825 58
2325 1825 39
2325 1861 6
2325 1861 1
2325 1865 50
2325 1865 39
2325 1812 3
2325 1812 5
2325 1814 5
2325 1814 1
2325 1817 37
2325 1817 11
2325 1826 31
2325 1826 34
2325 1862 14
2325 1862 35
3 1805 0
3 1805 20
3 1800 25
3 1800 28
3 1806 41
3 1806 17
3 1803 24
3 1803 32
3 1794 50
3 1794 2
3 1802 13
3 1802 1
3 1799 60
3 1799 10
3 1801 35
3 1801 39
3 1808 24
3 1808 53
3 1804 26
3 1804 10
3 1793 5
3 1793 7
3 1796 48
3 1796 14
3 1798 21
3 1798 16
3 1807 51
3 1807 21
3 1809 33
3 1809 42
3 1791 56
3 1791 55
3 1795 23
3 1795 1
3 1792 41
3 1792 51
3 1815 41
3 1815 24
3 1860 20
3 1860 26
3 1810 48
3 1810 57
3 1811 48
3 1811 43
3 1797 27
3 1797 39
3 1816 28
3 1816 10
3 1825 37
3 1825 17
3 1861 37
3 1861 12
3 1865 47
3 1865 16
3 1812 52
3 1812 16
3 1814 50
3 1814 10
3 1817 29
3 1817 53
3 1826 9
3 1826 18
3 1862 1
3 1862 11
925 1805 28
925 1805 43
925 1800 6
925 1800 17
925 1806 48
925 1806 0
925 1803 25
925 1803 31
925 1794 50
925 1794 58
925 1802 58
925 1802 0
925 1799 56
925 1799 49
925 1801 28
925 1801 19
925 1808 20
925 1808 20
925 1804 26
925 1804 18
925 1793 52
925 1793 4
925 1796 47
925 1796 54
925 1798 31
925 1798 52
925 1807 45
925 1807 0
925 1809 2
925 1809 33
925 1791 18
925 1791 23
925 1795 5
925 1795 14
925 1792 37
925 1792 25
925 1815 56
925 1815 26
925 1860 19
925 1860 51
925 1810 1
925 1810 15
925 1811 23
925 1811 17
925 1797 29
925 1797 50
925 1816 2
925 1816 30
925 1825 6
925 1825 35
925 1861 12
925 1861 35
925 1865 27
925 1865 24
925 1812 56
925 1812 29
925 1814 28
925 1814 36
925 1817 44
925 1817 57
925 1826 7
925 1826 9
925 1862 4
925 1862 25
1808 1805 13
1808 1805 13
1808 1800 47
1808 1800 18
1808 1806 57
1808 1806 56
1808 1803 44
1808 1803 6
1808 1794 24
1808 1794 43
1808 1802 1
1808 1802 41
1808 1799 56
1808 1799 9
1808 1801 49
1808 1801 16
1808 1808 42
1808 1808 53
1808 1804 24
1808 1804 19
1808 1793 8
1808 1793 8
1808 1796 36
1808 1796 6
1808 1798 57
1808 1798 31
1808 1807 11
1808 1807 43
1808 1809 22
1808 1809 17
1808 1791 21
1808 1791 43
1808 1795 35
1808 1795 30
1808 1792 60
1808 1792 59
1808 1815 40
1808 1815 22
1808 1860 21
1808 1860 21
1808 1810 8
1808 1810 26
1808 1811 54
1808 1811 21
1808 1797 52
1808 1797 21
1808 1816 25
1808 1816 52
1808 1825 3
1808 1825 13
1808 1861 37
1808 1861 53
1808 1865 15
1808 1865 59
1808 1812 8
1808 1812 14
1808 1814 33
1808 1814 12
1808 1817 11
1808 1817 57
1808 1826 21
1808 1826 1
1808 1862 18
1808 1862 16
1810 1805 29
1810 1805 50
1810 1800 18
1810 1800 17
1810 1806 40
1810 1806 54
1810 1803 43
1810 1803 52
1810 1794 7
1810 1794 59
1810 1802 50
1810 1802 9
1810 1799 39
1810 1799 40
1810 1801 50
1810 1801 57
1810 1808 5
1810 1808 28
1810 1804 22
1810 1804 60
1810 1793 39
1810 1793 56
1810 1796 58
1810 1796 30
1810 1798 30
1810 1798 52
1810 1807 8
1810 1807 38
1810 1809 50
1810 1809 1
1810 1791 15
1810 1791 51
1810 1795 43
1810 1795 5
1810 1792 17
1810 1792 55
1810 1815 47
1810 1815 0
1810 1860 22
1810 1860 9
1810 1810 60
1810 1810 20
1810 1811 25
1810 1811 36
1810 1797 41
1810 1797 42
1810 1816 11
1810 1816 24
1810 1825 52
1810 1825 33
1810 1861 39
1810 1861 11
1810 1865 59
1810 1865 57
1810 1812 15
1810 1812 27
1810 1814 1
1810 1814 44
1810 1817 52
1810 1817 2
1810 1826 20
1810 1826 50
1810 1862 25
1810 1862 26
1897 1805 57
1897 1805 34
1897 1800 9
1897 1800 42
1897 1806 45
1897 1806 44
1897 1803 30
1897 1803 26
1897 1794 36
1897 1794 47
1897 1802 60
1897 1802 41
1897 1799 34
1897 1799 37
1897 1801 60
1897 1801 18
1897 1808 19
1897 1808 42
1897 1804 4
1897 1804 39
1897 1793 54
1897 1793 44
1897 1796 12
1897 1796 42
1897 1798 46
1897 1798 55
1897 1807 52
1897 1807 49
1897 1809 36
1897 1809 47
1897 1791 32
1897 1791 57
1897 1795 43
1897 1795 36
1897 1792 14
1897 1792 23
1897 1815 3
1897 1815 14
1897 1860 22
1897 1860 35
1897 1810 30
1897 1810 0
1897 1811 19
1897 1811 51
1897 1797 18
1897 1797 42
1897 1816 50
1897 1816 30
1897 1825 49
1897 1825 42
1897 1861 50
1897 1861 17
1897 1865 13
1897 1865 27
1897 1812 10
1897 1812 8
1897 1814 46
1897 1814 34
1897 1817 52
1897 1817 57
1897 1826 26
1897 1826 5
1897 1862 32
1897 1862 11
1312 1805 33
1312 1805 17
1312 1800 5
1312 1800 51
1312 1806 8
1312 1806 45
1312 1803 15
1312 1803 21
1312 1794 38
1312 1794 48
1312 1802 29
1312 1802 50
1312 1799 8
1312 1799 9
1312 1801 8
1312 1801 14
1312 1808 40
1312 1808 31
1312 1804 17
1312 1804 28
1312 1793 38
1312 1793 5
1312 1796 11
1312 1796 10
1312 1798 48
1312 1798 43
1312 1807 11
1312 1807 43
1312 1809 9
1312 1809 28
1312 1791 3
1312 1791 15
1312 1795 43
1312 1795 56
1312 1792 22
1312 1792 46
1312 1815 33
1312 1815 38
1312 1860 6
1312 1860 1
1312 1810 9
1312 1810 9
1312 1811 8
1312 1811 32
1312 1797 37
1312 1797 26
1312 1816 8
1312 1816 56
1312 1825 34
1312 1825 9
1312 1861 47
1312 1861 2
1312 1865 40
1312 1865 31
1312 1812 24
1312 1812 20
1312 1814 3
1312 1814 43
1312 1817 2
1312 1817 44
1312 1826 32
1312 1826 52
1312 1862 1
1312 1862 28
