9978 10014 49
9978 10014 26
9978 10014 59
9978 10014 34
9978 10007 39
9978 10007 29
9978 10007 16
9978 10007 55
9978 10015 55
9978 10015 5
9978 10015 1
9978 10015 5
9978 10013 46
9978 10013 14
9978 10013 0
9978 10013 51
9978 10021 40
9978 10021 30
9978 10021 22
9978 10021 2
9978 10006 58
9978 10006 42
9978 10006 33
9978 10006 34
9978 11358 25
9978 11358 19
9978 11358 4
9978 11358 13
9978 10023 13
9978 10023 32
9978 10023 52
9978 10023 53
9978 10012 41
9978 10012 52
9978 10012 2
9978 10012 4
9978 10008 12
9978 10008 29
9978 10008 3
9978 10008 26
9978 9949 5
9978 9949 42
9978 9949 43
9978 9949 56
9978 10005 34
9978 10005 18
9978 10005 11
9978 10005 43
9978 10009 47
9978 10009 13
9978 10009 44
9978 10009 33
9978 10029 12
9978 10029 13
9978 10029 48
9978 10029 16
9978 10022 53
9978 10022 27
9978 10022 48
9978 10022 40
9978 11298 18
9978 11298 16
9978 11298 56
9978 11298 22
9978 9873 23
9978 9873 40
9978 9873 18
9978 9873 3
9978 10003 25
9978 10003 13
9978 10003 18
9978 10003 44
9978 9998 48
9978 9998 60
9978 9998 43
9978 9998 13
9978 10026 54
9978 10026 17
9978 10026 18
9978 10026 39
9978 10030 4
9978 10030 40
9978 10030 48
9978 10030 49
9978 10033 36
9978 10033 35
9978 10033 26
9978 10033 44
9978 9927 60
9978 9927 13
9978 9927 40
9978 9927 48
9978 9953 58
9978 9953 34
9978 9953 26
9978 9953 16
9978 11361 10
9978 11361 44
9978 11361 58
9978 11361 34
9978 9874 50
9978 9874 42
9978 9874 46
9978 9874 36
9978 9924 60
9978 9924 9
9978 9924 39
9978 9924 38
9978 9948 43
9978 9948 2
9978 9948 59
9978 9948 52
9978 10004 55
9978 10004 34
9978 10004 58
9978 10004 5
9978 9990 56
9978 9990 41
9978 9990 58
9978 9990 38
9978 9999 20
9978 9999 44
9978 9999 16
9978 9999 42
9978 10025 10
9978 10025 27
9978 10025 24
9978 10025 3
9977 10014 44
9977 10014 47
9977 10014 36
9977 10014 15
9977 10007 6
9977 10007 1
9977 10007 11
9977 10007 50
9977 10015 2
9977 10015 11
9977 10015 3
9977 10015 42
9977 10013 35
9977 10013 42
9977 10013 15
9977 10013 2
9977 10021 53
9977 10021 39
9977 10021 32
9977 10021 39
9977 10006 9
9977 10006 19
9977 10006 52
9977 10006 54
9977 11358 22
9977 11358 39
9977 11358 4
9977 11358 4
9977 10023 60
9977 10023 32
9977 10023 15
9977 10023 27
9977 10012 14
9977 10012 5
9977 10012 50
9977 10012 23
9977 10008 27
9977 10008 47
9977 10008 16
9977 10008 56
9977 9949 42
9977 9949 41
9977 9949 55
9977 9949 60
9977 10005 27
9977 10005 48
9977 10005 52
9977 10005 3
9977 10009 48
9977 10009 35
9977 10009 33
9977 10009 7
9977 10029 36
9977 10029 16
9977 10029 38
9977 10029 20
9977 10022 5
9977 10022 16
9977 10022 0
9977 10022 9
9977 11298 52
9977 11298 27
9977 11298 50
9977 11298 12
9977 9873 0
9977 9873 28
9977 9873 22
9977 9873 12
9977 10003 10
9977 10003 45
9977 10003 2
9977 10003 20
9977 9998 5
9977 9998 52
9977 9998 49
9977 9998 14
9977 10026 27
9977 10026 25
9977 10026 55
9977 10026 53
9977 10030 48
9977 10030 31
9977 10030 52
9977 10030 19
9977 10033 30
9977 10033 10
9977 10033 45
9977 10033 42
9977 9927 7
9977 9927 0
9977 9927 18
9977 9927 46
9977 9953 15
9977 9953 33
9977 9953 38
9977 9953 32
9977 11361 7
9977 11361 55
9977 11361 6
9977 11361 30
9977 9874 28
9977 9874 46
9977 9874 60
9977 9874 58
9977 9924 35
9977 9924 36
9977 9924 36
9977 9924 8
9977 9948 4
9977 9948 26
9977 9948 27
9977 9948 49
9977 10004 58
9977 10004 48
9977 10004 5
9977 10004 14
9977 9990 60
9977 9990 7
9977 9990 13
9977 9990 52
9977 9999 44
9977 9999 9
9977 9999 21
9977 9999 43
9977 10025 39
9977 10025 17
9977 10025 55
9977 10025 44
9975 10014 23
9975 10014 49
9975 10014 40
9975 10014 22
9975 10007 11
9975 10007 6
9975 10007 35
9975 10007 13
9975 10015 49
9975 10015 25
9975 10015 14
9975 10015 0
9975 10013 20
9975 10013 25
9975 10013 0
9975 10013 18
9975 10021 23
9975 10021 48
9975 10021 2
9975 10021 14
9975 10006 60
9975 10006 8
9975 10006 51
9975 10006 53
9975 11358 17
9975 11358 57
9975 11358 48
9975 11358 27
9975 10023 24
9975 10023 31
9975 10023 20
9975 10023 51
9975 10012 25
9975 10012 39
9975 10012 3
9975 10012 9
9975 10008 58
9975 10008 48
9975 10008 34
9975 10008 10
9975 9949 52
9975 9949 7
9975 9949 15
9975 9949 13
9975 10005 38
9975 10005 59
9975 10005 57
9975 10005 53
9975 10009 19
9975 10009 2
9975 10009 21
9975 10009 36
9975 10029 14
9975 10029 58
9975 10029 18
9975 10029 8
9975 10022 8
9975 10022 42
9975 10022 32
9975 10022 5
9975 11298 25
9975 11298 57
9975 11298 41
9975 11298 53
9975 9873 23
9975 9873 5
9975 9873 34
9975 9873 50
9975 10003 45
9975 10003 32
9975 10003 0
9975 10003 5
9975 9998 8
9975 9998 41
9975 9998 30
9975 9998 40
9975 10026 54
9975 10026 41
9975 10026 15
9975 10026 28
9975 10030 21
9975 10030 22
9975 10030 19
9975 10030 7
9975 10033 22
9975 10033 40
9975 10033 0
9975 10033 22
9975 9927 37
9975 9927 40
9975 9927 49
9975 9927 49
9975 9953 54
9975 9953 2
9975 9953 0
9975 9953 57
9975 11361 30
9975 11361 38
9975 11361 9
9975 11361 8
9975 9874 53
9975 9874 5
9975 9874 3
9975 9874 58
9975 9924 37
9975 9924 50
9975 9924 20
9975 9924 29
9975 9948 1
9975 9948 15
9975 9948 54
9975 9948 17
9975 10004 45
9975 10004 25
9975 10004 12
9975 10004 32
9975 9990 17
9975 9990 13
9975 9990 57
9975 9990 21
9975 9999 40
9975 9999 60
9975 9999 21
9975 9999 55
9975 10025 56
9975 10025 5
9975 10025 42
9975 10025 50
11295 10014 26
11295 10014 38
11295 10014 50
11295 10014 13
11295 10007 43
11295 10007 28
11295 10007 49
11295 10007 49
11295 10015 21
11295 10015 23
11295 10015 27
11295 10015 9
11295 10013 5
11295 10013 52
11295 10013 47
11295 10013 43
11295 10021 32
11295 10021 21
11295 10021 15
11295 10021 36
11295 10006 21
11295 10006 38
11295 10006 4
11295 10006 39
11295 11358 44
11295 11358 26
11295 11358 12
11295 11358 42
11295 10023 59
11295 10023 37
11295 10023 51
11295 10023 50
11295 10012 24
11295 10012 6
11295 10012 0
11295 10012 33
11295 10008 4
11295 10008 2
11295 10008 32
11295 10008 60
11295 9949 16
11295 9949 16
11295 9949 48
11295 9949 39
11295 10005 54
11295 10005 27
11295 10005 13
11295 10005 55
11295 10009 39
11295 10009 13
11295 10009 21
11295 10009 29
11295 10029 11
11295 10029 31
11295 10029 0
11295 10029 21
11295 10022 9
11295 10022 38
11295 10022 19
11295 10022 46
11295 11298 28
11295 11298 50
11295 11298 24
11295 11298 39
11295 9873 17
11295 9873 33
11295 9873 24
11295 9873 10
11295 10003 4
11295 10003 40
11295 10003 48
11295 10003 26
11295 9998 20
11295 9998 37
11295 9998 58
11295 9998 16
11295 10026 13
11295 10026 35
11295 10026 12
11295 10026 10
11295 10030 21
11295 10030 24
11295 10030 17
11295 10030 4
11295 10033 24
11295 10033 28
11295 10033 50
11295 10033 38
11295 9927 32
11295 9927 23
11295 9927 27
11295 9927 40
11295 9953 39
11295 9953 41
11295 9953 5
11295 9953 56
11295 11361 29
11295 11361 53
11295 11361 9
11295 11361 21
11295 9874 21
11295 9874 41
11295 9874 28
11295 9874 12
11295 9924 14
11295 9924 30
11295 9924 16
11295 9924 9
11295 9948 3
11295 9948 49
11295 9948 16
11295 9948 38
11295 10004 9
11295 10004 3
11295 10004 48
11295 10004 9
11295 9990 36
11295 9990 42
11295 9990 0
11295 9990 7
11295 9999 21
11295 9999 51
11295 9999 53
11295 9999 16
11295 10025 6
11295 10025 18
11295 10025 33
11295 10025 59
9972 10014 26
9972 10014 7
9972 10014 45
9972 10014 60
9972 10007 46
9972 10007 55
9972 10007 6
9972 10007 55
9972 10015 40
9972 10015 47
9972 10015 28
9972 10015 7
9972 10013 24
9972 10013 33
9972 10013 43
9972 10013 37
9972 10021 51
9972 10021 56
9972 10021 23
9972 10021 45
9972 10006 60
9972 10006 11
9972 10006 44
9972 10006 56
9972 11358 0
9972 11358 39
9972 11358 45
9972 11358 15
9972 10023 11
9972 10023 48
9972 10023 1
9972 10023 16
9972 10012 54
9972 10012 56
9972 10012 6
9972 10012 9
9972 10008 34
9972 10008 30
9972 10008 21
9972 10008 39
9972 9949 27
9972 9949 41
9972 9949 1
9972 9949 21
9972 10005 60
9972 10005 18
9972 10005 19
9972 10005 47
9972 10009 37
9972 10009 49
9972 10009 51
9972 10009 57
9972 10029 46
9972 10029 48
9972 10029 12
9972 10029 54
9972 10022 35
9972 10022 33
9972 10022 44
9972 10022 8
9972 11298 38
9972 11298 23
9972 11298 44
9972 11298 59
9972 9873 1
9972 9873 29
9972 9873 12
9972 9873 37
9972 10003 17
9972 10003 12
9972 10003 24
9972 10003 50
9972 9998 37
9972 9998 29
9972 9998 34
9972 9998 19
9972 10026 49
9972 10026 44
9972 10026 8
9972 10026 10
9972 10030 25
9972 10030 5
9972 10030 36
9972 10030 39
9972 10033 42
9972 10033 19
9972 10033 45
9972 10033 20
9972 9927 29
9972 9927 48
9972 9927 28
9972 9927 31
9972 9953 43
9972 9953 59
9972 9953 33
9972 9953 46
9972 11361 9
9972 11361 58
9972 11361 15
9972 11361 24
9972 9874 38
9972 9874 44
9972 9874 58
9972 9874 30
9972 9924 20
9972 9924 9
9972 9924 20
9972 9924 40
9972 9948 27
9972 9948 19
9972 9948 45
9972 9948 18
9972 10004 19
9972 10004 40
9972 10004 47
9972 10004 47
9972 9990 35
9972 9990 0
9972 9990 10
9972 9990 37
9972 9999 47
9972 9999 40
9972 9999 4
9972 9999 17
9972 10025 36
9972 10025 51
9972 10025 15
9972 10025 44
9987 10014 47
9987 10014 44
9987 10014 55
9987 10014 16
9987 10007 59
9987 10007 34
9987 10007 4
9987 10007 0
9987 10015 46
9987 10015 10
9987 10015 11
9987 10015 53
9987 10013 31
9987 10013 14
9987 10013 45
9987 10013 37
9987 10021 59
9987 10021 51
9987 10021 37
9987 10021 45
9987 10006 29
9987 10006 21
9987 10006 29
9987 10006 10
9987 11358 19
9987 11358 2
9987 11358 8
9987 11358 29
9987 10023 15
9987 10023 47
9987 10023 4
9987 10023 18
9987 10012 34
9987 10012 11
9987 10012 59
9987 10012 17
9987 10008 56
9987 10008 24
9987 10008 43
9987 10008 17
9987 9949 57
9987 9949 36
9987 9949 0
9987 9949 29
9987 10005 14
9987 10005 40
9987 10005 22
9987 10005 1
9987 10009 40
9987 10009 32
9987 10009 10
9987 10009 37
9987 10029 43
9987 10029 34
9987 10029 4
9987 10029 46
9987 10022 34
9987 10022 40
9987 10022 54
9987 10022 18
9987 11298 14
9987 11298 4
9987 11298 19
9987 11298 10
9987 9873 29
9987 9873 51
9987 9873 23
9987 9873 17
9987 10003 11
9987 10003 59
9987 10003 6
9987 10003 55
9987 9998 1
9987 9998 9
9987 9998 53
9987 9998 38
9987 10026 18
9987 10026 58
9987 10026 15
9987 10026 32
9987 10030 56
9987 10030 15
9987 10030 12
9987 10030 50
9987 10033 12
9987 10033 28
9987 10033 43
9987 10033 53
9987 9927 39
9987 9927 0
9987 9927 40
9987 9927 0
9987 9953 12
9987 9953 29
9987 9953 40
9987 9953 60
9987 11361 15
9987 11361 9
9987 11361 13
9987 11361 35
9987 9874 48
9987 9874 27
9987 9874 9
9987 9874 4
9987 9924 44
9987 9924 36
9987 9924 25
9987 9924 15
9987 9948 37
9987 9948 11
9987 9948 14
9987 9948 22
9987 10004 37
9987 10004 56
9987 10004 19
9987 10004 24
9987 9990 8
9987 9990 51
9987 9990 20
9987 9990 42
9987 9999 51
9987 9999 60
9987 9999 13
9987 9999 42
9987 10025 42
9987 10025 28
9987 10025 47
9987 10025 45
9971 10014 40
9971 10014 10
9971 10014 53
9971 10014 35
9971 10007 23
9971 10007 34
9971 10007 12
9971 10007 1
9971 10015 16
9971 10015 14
9971 10015 39
9971 10015 12
9971 10013 28
9971 10013 5
9971 10013 46
9971 10013 18
9971 10021 28
9971 10021 6
9971 10021 5
9971 10021 21
9971 10006 53
9971 10006 54
9971 10006 37
9971 10006 2
9971 11358 22
9971 11358 52
9971 11358 7
9971 11358 50
9971 10023 15
9971 10023 42
9971 10023 11
9971 10023 50
9971 10012 49
9971 10012 24
9971 10012 7
9971 10012 41
9971 10008 18
9971 10008 28
9971 10008 43
9971 10008 33
9971 9949 35
9971 9949 17
9971 9949 20
9971 9949 24
9971 10005 10
9971 10005 7
9971 10005 5
9971 10005 42
9971 10009 53
9971 10009 11
9971 10009 53
9971 10009 15
9971 10029 12
9971 10029 27
9971 10029 33
9971 10029 3
9971 10022 14
9971 10022 26
9971 10022 32
9971 10022 58
9971 11298 40
9971 11298 42
9971 11298 34
9971 11298 35
9971 9873 16
9971 9873 56
9971 9873 20
9971 9873 46
9971 10003 43
9971 10003 53
9971 10003 3
9971 10003 14
9971 9998 53
9971 9998 60
9971 9998 12
9971 9998 55
9971 10026 27
9971 10026 43
9971 10026 51
9971 10026 40
9971 10030 24
9971 10030 57
9971 10030 18
9971 10030 25
9971 10033 11
9971 10033 19
9971 10033 38
9971 10033 29
9971 9927 1
9971 9927 23
9971 9927 59
9971 9927 60
9971 9953 18
9971 9953 30
9971 9953 28
9971 9953 17
9971 11361 3
9971 11361 7
9971 11361 41
9971 11361 3
9971 9874 35
9971 9874 27
9971 9874 39
9971 9874 14
9971 9924 56
9971 9924 2
9971 9924 27
9971 9924 57
9971 9948 59
9971 9948 30
9971 9948 33
9971 9948 9
9971 10004 24
9971 10004 20
9971 10004 58
9971 10004 55
9971 9990 45
9971 9990 53
9971 9990 50
9971 9990 43
9971 9999 25
9971 9999 21
9971 9999 17
9971 9999 51
9971 10025 22
9971 10025 58
9971 10025 15
9971 10025 38
9976 10014 30
9976 10014 29
9976 10014 2
9976 10014 34
9976 10007 32
9976 10007 38
9976 10007 13
9976 10007 32
9976 10015 21
9976 10015 50
9976 10015 28
9976 10015 25
9976 10013 20
9976 10013 50
9976 10013 19
9976 10013 29
9976 10021 25
9976 10021 15
9976 10021 11
9976 10021 13
9976 10006 22
9976 10006 15
9976 10006 33
9976 10006 18
9976 11358 48
9976 11358 48
9976 11358 31
9976 11358 47
9976 10023 29
9976 10023 14
9976 10023 60
9976 10023 58
9976 10012 18
9976 10012 53
9976 10012 36
9976 10012 8
9976 10008 21
9976 10008 11
9976 10008 32
9976 10008 33
9976 9949 14
9976 9949 7
9976 9949 36
9976 9949 31
9976 10005 58
9976 10005 22
9976 10005 17
9976 10005 5
9976 10009 34
9976 10009 14
9976 10009 50
9976 10009 33
9976 10029 37
9976 10029 28
9976 10029 38
9976 10029 59
9976 10022 52
9976 10022 44
9976 10022 3
9976 10022 48
9976 11298 47
9976 11298 30
9976 11298 49
9976 11298 50
9976 9873 49
9976 9873 10
9976 9873 59
9976 9873 21
9976 10003 33
9976 10003 60
9976 10003 53
9976 10003 7
9976 9998 18
9976 9998 53
9976 9998 39
9976 9998 11
9976 10026 24
9976 10026 41
9976 10026 21
9976 10026 16
9976 10030 58
9976 10030 55
9976 10030 37
9976 10030 36
9976 10033 42
9976 10033 40
9976 10033 53
9976 10033 34
9976 9927 4
9976 9927 34
9976 9927 48
9976 9927 10
9976 9953 10
9976 9953 40
9976 9953 37
9976 9953 3
9976 11361 26
9976 11361 1
9976 11361 26
9976 11361 55
9976 9874 59
9976 9874 18
9976 9874 5
9976 9874 17
9976 9924 33
9976 9924 44
9976 9924 3
9976 9924 46
9976 9948 0
9976 9948 52
9976 9948 33
9976 9948 14
9976 10004 55
9976 10004 47
9976 10004 14
9976 10004 10
9976 9990 25
9976 9990 14
9976 9990 23
9976 9990 25
9976 9999 15
9976 9999 37
9976 9999 4
9976 9999 22
9976 10025 4
9976 10025 41
9976 10025 55
9976 10025 9
11329 10014 16
11329 10014 58
11329 10014 39
11329 10014 37
11329 10007 48
11329 10007 6
11329 10007 45
11329 10007 53
11329 10015 19
11329 10015 27
11329 10015 22
11329 10015 15
11329 10013 34
11329 10013 2
11329 10013 45
11329 10013 47
11329 10021 0
11329 10021 17
11329 10021 18
11329 10021 3
11329 10006 11
11329 10006 47
11329 10006 4
11329 10006 33
11329 11358 53
11329 11358 46
11329 11358 48
11329 11358 7
11329 10023 54
11329 10023 1
11329 10023 6
11329 10023 34
11329 10012 54
11329 10012 28
11329 10012 36
11329 10012 49
11329 10008 24
11329 10008 0
11329 10008 6
11329 10008 12
11329 9949 58
11329 9949 16
11329 9949 50
11329 9949 59
11329 10005 6
11329 10005 13
11329 10005 31
11329 10005 20
11329 10009 25
11329 10009 54
11329 10009 23
11329 10009 3
11329 10029 42
11329 10029 2
11329 10029 4
11329 10029 13
11329 10022 26
11329 10022 42
11329 10022 48
11329 10022 40
11329 11298 3
11329 11298 43
11329 11298 27
11329 11298 48
11329 9873 8
11329 9873 7
11329 9873 26
11329 9873 8
11329 10003 56
11329 10003 44
11329 10003 4
11329 10003 22
11329 9998 41
11329 9998 58
11329 9998 19
11329 9998 59
11329 10026 12
11329 10026 14
11329 10026 52
11329 10026 23
11329 10030 57
11329 10030 43
11329 10030 33
11329 10030 29
11329 10033 32
11329 10033 57
11329 10033 0
11329 10033 60
11329 9927 45
11329 9927 0
11329 9927 16
11329 9927 58
11329 9953 28
11329 9953 21
11329 9953 38
11329 9953 37
11329 11361 33
11329 11361 60
11329 11361 14
11329 11361 4
11329 9874 43
11329 9874 45
11329 9874 0
11329 9874 8
11329 9924 58
11329 9924 49
11329 9924 58
11329 9924 34
11329 9948 20
11329 9948 32
11329 9948 23
11329 9948 10
11329 10004 32
11329 10004 55
11329 10004 59
11329 10004 47
11329 9990 10
11329 9990 10
11329 9990 49
11329 9990 44
11329 9999 27
11329 9999 29
11329 9999 50
11329 9999 20
11329 10025 58
11329 10025 47
11329 10025 18
11329 10025 4
11356 10014 41
11356 10014 23
11356 10014 44
11356 10014 9
11356 10007 49
11356 10007 13
11356 10007 29
11356 10007 35
11356 10015 6
11356 10015 46
11356 10015 47
11356 10015 51
11356 10013 51
11356 10013 18
11356 10013 19
11356 10013 20
11356 10021 1
11356 10021 58
11356 10021 37
11356 10021 53
11356 10006 11
11356 10006 57
11356 10006 17
11356 10006 11
11356 11358 26
11356 11358 11
11356 11358 47
11356 11358 32
11356 10023 25
11356 10023 40
11356 10023 6
11356 10023 35
11356 10012 40
11356 10012 31
11356 10012 45
11356 10012 56
11356 10008 53
11356 10008 8
11356 10008 25
11356 10008 47
11356 9949 10
11356 9949 48
11356 9949 46
11356 9949 55
11356 10005 54
11356 10005 24
11356 10005 39
11356 10005 31
11356 10009 23
11356 10009 2
11356 10009 15
11356 10009 50
11356 10029 9
11356 10029 8
11356 10029 14
11356 10029 43
11356 10022 51
11356 10022 33
11356 10022 47
11356 10022 44
11356 11298 40
11356 11298 40
11356 11298 56
11356 11298 24
11356 9873 3
11356 9873 19
11356 9873 33
11356 9873 44
11356 10003 38
11356 10003 3
11356 10003 40
11356 10003 57
11356 9998 43
11356 9998 5
11356 9998 38
11356 9998 52
11356 10026 48
11356 10026 15
11356 10026 8
11356 10026 19
11356 10030 25
11356 10030 9
11356 10030 7
11356 10030 31
11356 10033 12
11356 10033 60
11356 10033 53
11356 10033 5
11356 9927 45
11356 9927 39
11356 9927 36
11356 9927 50
11356 9953 45
11356 9953 48
11356 9953 28
11356 9953 16
11356 11361 60
11356 11361 56
11356 11361 47
11356 11361 51
11356 9874 50
11356 9874 34
11356 9874 35
11356 9874 7
11356 9924 29
11356 9924 24
11356 9924 6
11356 9924 17
11356 9948 7
11356 9948 10
11356 9948 60
11356 9948 44
11356 10004 2
11356 10004 34
11356 10004 15
11356 10004 25
11356 9990 14
11356 9990 9
11356 9990 39
11356 9990 59
11356 9999 45
11356 9999 18
11356 9999 39
11356 9999 11
11356 10025 23
11356 10025 13
11356 10025 32
11356 10025 59
9995 10014 19
9995 10014 55
9995 10014 56
9995 10014 13
9995 10007 49
9995 10007 4
9995 10007 55
9995 10007 29
9995 10015 43
9995 10015 10
9995 10015 1
9995 10015 21
9995 10013 45
9995 10013 1
9995 10013 28
9995 10013 43
9995 10021 29
9995 10021 17
9995 10021 28
9995 10021 34
9995 10006 0
9995 10006 9
9995 10006 26
9995 10006 27
9995 11358 42
9995 11358 18
9995 11358 57
9995 11358 24
9995 10023 43
9995 10023 51
9995 10023 33
9995 10023 47
9995 10012 41
9995 10012 13
9995 10012 60
9995 10012 17
9995 10008 55
9995 10008 41
9995 10008 18
9995 10008 58
9995 9949 30
9995 9949 0
9995 9949 58
9995 9949 32
9995 10005 14
9995 10005 45
9995 10005 8
9995 10005 47
9995 10009 56
9995 10009 45
9995 10009 37
9995 10009 20
9995 10029 37
9995 10029 22
9995 10029 13
9995 10029 40
9995 10022 56
9995 10022 48
9995 10022 12
9995 10022 0
9995 11298 1
9995 11298 21
9995 11298 11
9995 11298 8
9995 9873 3
9995 9873 27
9995 9873 38
9995 9873 37
9995 10003 14
9995 10003 50
9995 10003 45
9995 10003 24
9995 9998 36
9995 9998 25
9995 9998 49
9995 9998 7
9995 10026 57
9995 10026 34
9995 10026 46
9995 10026 1
9995 10030 8
9995 10030 0
9995 10030 39
9995 10030 54
9995 10033 20
9995 10033 51
9995 10033 60
9995 10033 9
9995 9927 11
9995 9927 5
9995 9927 16
9995 9927 24
9995 9953 51
9995 9953 7
9995 9953 45
9995 9953 51
9995 11361 33
9995 11361 48
9995 11361 51
9995 11361 27
9995 9874 31
9995 9874 42
9995 9874 28
9995 9874 35
9995 9924 29
9995 9924 45
9995 9924 43
9995 9924 52
9995 9948 58
9995 9948 41
9995 9948 52
9995 9948 17
9995 10004 8
9995 10004 16
9995 10004 46
9995 10004 22
9995 9990 1
9995 9990 51
9995 9990 54
9995 9990 59
9995 9999 0
9995 9999 38
9995 9999 27
9995 9999 0
9995 10025 46
9995 10025 42
9995 10025 1
9995 10025 49
9887 10014 25
9887 10014 9
9887 10014 31
9887 10014 54
9887 10007 52
9887 10007 14
9887 10007 26
9887 10007 30
9887 10015 12
9887 10015 25
9887 10015 7
9887 10015 46
9887 10013 4
9887 10013 0
9887 10013 19
9887 10013 47
9887 10021 6
9887 10021 19
9887 10021 44
9887 10021 46
9887 10006 36
9887 10006 0
9887 10006 45
9887 10006 31
9887 11358 50
9887 11358 0
9887 11358 46
9887 11358 12
9887 10023 7
9887 10023 58
9887 10023 8
9887 10023 14
9887 10012 8
9887 10012 15
9887 10012 42
9887 10012 39
9887 10008 38
9887 10008 40
9887 10008 51
9887 10008 42
9887 9949 36
9887 9949 23
9887 9949 34
9887 9949 40
9887 10005 10
9887 10005 26
9887 10005 33
9887 10005 54
9887 10009 31
9887 10009 28
9887 10009 26
9887 10009 33
9887 10029 30
9887 10029 55
9887 10029 28
9887 10029 20
9887 10022 59
9887 10022 11
9887 10022 52
9887 10022 44
9887 11298 6
9887 11298 47
9887 11298 56
9887 11298 0
9887 9873 0
9887 9873 7
9887 9873 26
9887 9873 42
9887 10003 48
9887 10003 58
9887 10003 35
9887 10003 38
9887 9998 39
9887 9998 7
9887 9998 0
9887 9998 15
9887 10026 5
9887 10026 21
9887 10026 22
9887 10026 60
9887 10030 17
9887 10030 17
9887 10030 48
9887 10030 22
9887 10033 26
9887 10033 9
9887 10033 36
9887 10033 22
9887 9927 44
9887 9927 2
9887 9927 11
9887 9927 33
9887 9953 31
9887 9953 60
9887 9953 60
9887 9953 42
9887 11361 37
9887 11361 25
9887 11361 49
9887 11361 55
9887 9874 28
9887 9874 16
9887 9874 5
9887 9874 20
9887 9924 41
9887 9924 1
9887 9924 11
9887 9924 0
9887 9948 40
9887 9948 7
9887 9948 23
9887 9948 38
9887 10004 52
9887 10004 35
9887 10004 43
9887 10004 15
9887 9990 20
9887 9990 34
9887 9990 6
9887 9990 18
9887 9999 22
9887 9999 36
9887 9999 21
9887 9999 43
9887 10025 37
9887 10025 18
9887 10025 44
9887 10025 45
11293 10014 43
11293 10014 14
11293 10014 57
11293 10014 30
11293 10007 22
11293 10007 9
11293 10007 2
11293 10007 49
11293 10015 6
11293 10015 7
11293 10015 50
11293 10015 30
11293 10013 24
11293 10013 55
11293 10013 56
11293 10013 43
11293 10021 49
11293 10021 6
11293 10021 24
11293 10021 34
11293 10006 16
11293 10006 33
11293 10006 51
11293 10006 24
11293 11358 28
11293 11358 12
11293 11358 8
11293 11358 20
11293 10023 48
11293 10023 59
11293 10023 44
11293 10023 43
11293 10012 45
11293 10012 8
11293 10012 40
11293 10012 26
11293 10008 59
11293 10008 20
11293 10008 60
11293 10008 10
11293 9949 45
11293 9949 24
11293 9949 25
11293 9949 30
11293 10005 19
11293 10005 54
11293 10005 1
11293 10005 6
11293 10009 39
11293 10009 27
11293 10009 56
11293 10009 20
11293 10029 44
11293 10029 38
11293 10029 26
11293 10029 6
11293 10022 26
11293 10022 36
11293 10022 52
11293 10022 58
11293 11298 31
11293 11298 50
11293 11298 24
11293 11298 55
11293 9873 9
11293 9873 41
11293 9873 50
11293 9873 4
11293 10003 49
11293 10003 1
11293 10003 36
11293 10003 43
11293 9998 45
11293 9998 3
11293 9998 23
11293 9998 36
11293 10026 5
11293 10026 54
11293 10026 59
11293 10026 6
11293 10030 9
11293 10030 35
11293 10030 39
11293 10030 18
11293 10033 55
11293 10033 56
11293 10033 11
11293 10033 23
11293 9927 52
11293 9927 37
11293 9927 6
11293 9927 39
11293 9953 54
11293 9953 28
11293 9953 18
11293 9953 1
11293 11361 29
11293 11361 3
11293 11361 24
11293 11361 59
11293 9874 31
11293 9874 37
11293 9874 53
11293 9874 17
11293 9924 5
11293 9924 44
11293 9924 27
11293 9924 23
11293 9948 40
11293 9948 28
11293 9948 4
11293 9948 4
11293 10004 0
11293 10004 48
11293 10004 32
11293 10004 26
11293 9990 40
11293 9990 20
11293 9990 35
11293 9990 20
11293 9999 33
11293 9999 55
11293 9999 17
11293 9999 55
11293 10025 41
11293 10025 51
11293 10025 51
11293 10025 43
9985 10014 38
9985 10014 9
9985 10014 60
9985 10014 29
9985 10007 31
9985 10007 38
9985 10007 33
9985 10007 48
9985 10015 58
9985 10015 55
9985 10015 50
9985 10015 22
9985 10013 37
9985 10013 27
9985 10013 30
9985 10013 54
9985 10021 37
9985 10021 40
9985 10021 58
9985 10021 49
9985 10006 24
9985 10006 56
9985 10006 26
9985 10006 28
9985 11358 45
9985 11358 34
9985 11358 37
9985 11358 36
9985 10023 52
9985 10023 16
9985 10023 23
9985 10023 56
9985 10012 26
9985 10012 9
9985 10012 32
9985 10012 50
9985 10008 54
9985 10008 21
9985 10008 48
9985 10008 6
9985 9949 50
9985 9949 14
9985 9949 18
9985 9949 58
9985 10005 54
9985 10005 39
9985 10005 18
9985 10005 48
9985 10009 8
9985 10009 35
9985 10009 13
9985 10009 33
9985 10029 2
9985 10029 54
9985 10029 8
9985 10029 15
9985 10022 36
9985 10022 43
9985 10022 55
9985 10022 30
9985 11298 16
9985 11298 21
9985 11298 2
9985 11298 43
9985 9873 5
9985 9873 53
9985 9873 21
9985 9873 32
9985 10003 54
9985 10003 36
9985 10003 1
9985 10003 18
9985 9998 22
9985 9998 45
9985 9998 19
9985 9998 55
9985 10026 5
9985 10026 6
9985 10026 10
9985 10026 0
9985 10030 34
9985 10030 7
9985 10030 22
9985 10030 24
9985 10033 0
9985 10033 24
9985 10033 59
9985 10033 54
9985 9927 34
9985 9927 48
9985 9927 53
9985 9927 30
9985 9953 51
9985 9953 12
9985 9953 41
9985 9953 42
9985 11361 50
9985 11361 51
9985 11361 40
9985 11361 16
9985 9874 16
9985 9874 3
9985 9874 34
9985 9874 1
9985 9924 45
9985 9924 28
9985 9924 40
9985 9924 49
9985 9948 60
9985 9948 38
9985 9948 11
9985 9948 55
9985 10004 47
9985 10004 22
9985 10004 5
9985 10004 28
9985 9990 20
9985 9990 49
9985 9990 51
9985 9990 27
9985 9999 57
9985 9999 33
9985 9999 22
9985 9999 12
9985 10025 34
9985 10025 22
9985 10025 21
9985 10025 17
9883 10014 12
9883 10014 6
9883 10014 42
9883 10014 16
9883 10007 12
9883 10007 47
9883 10007 6
9883 10007 55
9883 10015 47
9883 10015 11
9883 10015 41
9883 10015 10
9883 10013 52
9883 10013 54
9883 10013 24
9883 10013 0
9883 10021 10
9883 10021 56
9883 10021 2
9883 10021 13
9883 10006 38
9883 10006 4
9883 10006 46
9883 10006 49
9883 11358 24
9883 11358 4
9883 11358 22
9883 11358 20
9883 10023 26
9883 10023 34
9883 10023 44
9883 10023 14
9883 10012 40
9883 10012 49
9883 10012 2
9883 10012 7
9883 10008 24
9883 10008 7
9883 10008 60
9883 10008 29
9883 9949 16
9883 9949 40
9883 9949 24
9883 9949 10
9883 10005 57
9883 10005 40
9883 10005 6
9883 10005 23
9883 10009 7
9883 10009 3
9883 10009 2
9883 10009 46
9883 10029 59
9883 10029 0
9883 10029 15
9883 10029 52
9883 10022 45
9883 10022 29
9883 10022 31
9883 10022 20
9883 11298 58
9883 11298 40
9883 11298 0
9883 11298 10
9883 9873 2
9883 9873 5
9883 9873 7
9883 9873 49
9883 10003 13
9883 10003 15
9883 10003 45
9883 10003 38
9883 9998 22
9883 9998 50
9883 9998 45
9883 9998 10
9883 10026 51
9883 10026 60
9883 10026 49
9883 10026 21
9883 10030 27
9883 10030 59
9883 10030 23
9883 10030 16
9883 10033 15
9883 10033 53
9883 10033 8
9883 10033 7
9883 9927 25
9883 9927 60
9883 9927 12
9883 9927 16
9883 9953 17
9883 9953 9
9883 9953 47
9883 9953 17
9883 11361 50
9883 11361 9
9883 11361 18
9883 11361 45
9883 9874 37
9883 9874 17
9883 9874 46
9883 9874 34
9883 9924 14
9883 9924 37
9883 9924 28
9883 9924 34
9883 9948 28
9883 9948 29
9883 9948 31
9883 9948 40
9883 10004 23
9883 10004 5
9883 10004 53
9883 10004 27
9883 9990 34
9883 9990 5
9883 9990 50
9883 9990 22
9883 9999 31
9883 9999 9
9883 9999 50
9883 9999 32
9883 10025 37
9883 10025 5
9883 10025 11
9883 10025 58
9911 10014 37
9911 10014 6
9911 10014 50
9911 10014 0
9911 10007 45
9911 10007 10
9911 10007 27
9911 10007 0
9911 10015 22
9911 10015 21
9911 10015 7
9911 10015 46
9911 10013 9
9911 10013 45
9911 10013 38
9911 10013 44
9911 10021 33
9911 10021 3
9911 10021 51
9911 10021 15
9911 10006 26
9911 10006 37
9911 10006 39
9911 10006 31
9911 11358 58
9911 11358 56
9911 11358 15
9911 11358 9
9911 10023 17
9911 10023 7
9911 10023 57
9911 10023 4
9911 10012 49
9911 10012 48
9911 10012 14
9911 10012 44
9911 10008 30
9911 10008 5
9911 10008 53
9911 10008 52
9911 9949 1
9911 9949 7
9911 9949 48
9911 9949 59
9911 10005 5
9911 10005 54
9911 10005 53
9911 10005 57
9911 10009 23
9911 10009 4
9911 10009 25
9911 10009 25
9911 10029 6
9911 10029 2
9911 10029 15
9911 10029 17
9911 10022 1
9911 10022 55
9911 10022 33
9911 10022 21
9911 11298 50
9911 11298 19
9911 11298 30
9911 11298 23
9911 9873 16
9911 9873 41
9911 9873 7
9911 9873 13
9911 10003 43
9911 10003 21
9911 10003 39
9911 10003 59
9911 9998 10
9911 9998 42
9911 9998 12
9911 9998 15
9911 10026 55
9911 10026 35
9911 10026 28
9911 10026 2
9911 10030 11
9911 10030 20
9911 10030 34
9911 10030 47
9911 10033 8
9911 10033 1
9911 10033 26
9911 10033 54
9911 9927 48
9911 9927 12
9911 9927 5
9911 9927 21
9911 9953 58
9911 9953 27
9911 9953 26
9911 9953 25
9911 11361 23
9911 11361 20
9911 11361 15
9911 11361 56
9911 9874 33
9911 9874 59
9911 9874 0
9911 9874 59
9911 9924 8
9911 9924 22
9911 9924 15
9911 9924 27
9911 9948 16
9911 9948 3
9911 9948 56
9911 9948 14
9911 10004 21
9911 10004 53
9911 10004 22
9911 10004 44
9911 9990 44
9911 9990 52
9911 9990 51
9911 9990 36
9911 9999 60
9911 9999 32
9911 9999 37
9911 9999 13
9911 10025 7
9911 10025 11
9911 10025 38
9911 10025 16
11294 10014 45
11294 10014 14
11294 10014 18
11294 10014 41
11294 10007 47
11294 10007 29
11294 10007 22
11294 10007 24
11294 10015 43
11294 10015 34
11294 10015 8
11294 10015 6
11294 10013 3
11294 10013 41
11294 10013 30
11294 10013 57
11294 10021 15
11294 10021 53
11294 10021 14
11294 10021 59
11294 10006 60
11294 10006 9
11294 10006 43
11294 10006 57
11294 11358 43
11294 11358 39
11294 11358 54
11294 11358 22
11294 10023 39
11294 10023 10
11294 10023 51
11294 10023 51
11294 10012 7
11294 10012 56
11294 10012 25
11294 10012 24
11294 10008 2
11294 10008 13
11294 10008 10
11294 10008 24
11294 9949 51
11294 9949 13
11294 9949 3
11294 9949 2
11294 10005 52
11294 10005 28
11294 10005 18
11294 10005 4
11294 10009 38
11294 10009 8
11294 10009 35
11294 10009 17
11294 10029 17
11294 10029 32
11294 10029 39
11294 10029 50
11294 10022 30
11294 10022 59
11294 10022 47
11294 10022 6
11294 11298 26
11294 11298 24
11294 11298 18
11294 11298 34
11294 9873 38
11294 9873 16
11294 9873 26
11294 9873 16
11294 10003 18
11294 10003 18
11294 10003 27
11294 10003 59
11294 9998 31
11294 9998 31
11294 9998 58
11294 9998 54
11294 10026 45
11294 10026 7
11294 10026 17
11294 10026 57
11294 10030 26
11294 10030 27
11294 10030 32
11294 10030 20
11294 10033 18
11294 10033 23
11294 10033 6
11294 10033 25
11294 9927 0
11294 9927 40
11294 9927 33
11294 9927 2
11294 9953 1
11294 9953 38
11294 9953 18
11294 9953 41
11294 11361 55
11294 11361 11
11294 11361 33
11294 11361 35
11294 9874 39
11294 9874 11
11294 9874 52
11294 9874 55
11294 9924 38
11294 9924 55
11294 9924 4
11294 9924 17
11294 9948 40
11294 9948 7
11294 9948 7
11294 9948 60
11294 10004 56
11294 10004 46
11294 10004 2
11294 10004 31
11294 9990 2
11294 9990 32
11294 9990 1
11294 9990 54
11294 9999 33
11294 9999 7
11294 9999 17
11294 9999 15
11294 10025 18
11294 10025 12
11294 10025 17
11294 10025 54
11328 10014 41
11328 10014 33
11328 10014 10
11328 10014 56
11328 10007 38
11328 10007 33
11328 10007 54
11328 10007 20
11328 10015 41
11328 10015 0
11328 10015 18
11328 10015 41
11328 10013 49
11328 10013 35
11328 10013 36
11328 10013 44
11328 10021 24
11328 10021 58
11328 10021 50
11328 10021 55
11328 10006 58
11328 10006 23
11328 10006 26
11328 10006 56
11328 11358 20
11328 11358 57
11328 11358 6
11328 11358 48
11328 10023 10
11328 10023 56
11328 10023 32
11328 10023 38
11328 10012 11
11328 10012 39
11328 10012 8
11328 10012 0
11328 10008 40
11328 10008 25
11328 10008 17
11328 10008 25
11328 9949 2
11328 9949 27
11328 9949 51
11328 9949 32
11328 10005 7
11328 10005 24
11328 10005 26
11328 10005 40
11328 10009 58
11328 10009 45
11328 10009 34
11328 10009 11
11328 10029 40
11328 10029 17
11328 10029 52
11328 10029 14
11328 10022 39
11328 10022 47
11328 10022 33
11328 10022 33
11328 11298 59
11328 11298 35
11328 11298 36
11328 11298 14
11328 9873 39
11328 9873 19
11328 9873 47
11328 9873 47
11328 10003 46
11328 10003 6
11328 10003 59
11328 10003 53
11328 9998 22
11328 9998 10
11328 9998 40
11328 9998 17
11328 10026 17
11328 10026 31
11328 10026 43
11328 10026 41
11328 10030 26
11328 10030 7
11328 10030 4
11328 10030 3
11328 10033 50
11328 10033 56
11328 10033 32
11328 10033 47
11328 9927 10
11328 9927 31
11328 9927 29
11328 9927 54
11328 9953 43
11328 9953 23
11328 9953 59
11328 9953 34
11328 11361 25
11328 11361 53
11328 11361 37
11328 11361 44
11328 9874 29
11328 9874 55
11328 9874 12
11328 9874 41
11328 9924 22
11328 9924 60
11328 9924 14
11328 9924 47
11328 9948 0
11328 9948 46
11328 9948 30
11328 9948 34
11328 10004 53
11328 10004 52
11328 10004 18
11328 10004 31
11328 9990 34
11328 9990 36
11328 9990 1
11328 9990 7
11328 9999 42
11328 9999 48
11328 9999 2
11328 9999 44
11328 10025 57
11328 10025 9
11328 10025 51
11328 10025 16
9988 10014 45
9988 10014 12
9988 10014 44
9988 10014 23
9988 10007 52
9988 10007 23
9988 10007 15
9988 10007 31
9988 10015 39
9988 10015 58
9988 10015 8
9988 10015 55
9988 10013 22
9988 10013 39
9988 10013 36
9988 10013 27
9988 10021 59
9988 10021 41
9988 10021 59
9988 10021 36
9988 10006 19
9988 10006 55
9988 10006 44
9988 10006 25
9988 11358 42
9988 11358 47
9988 11358 12
9988 11358 16
9988 10023 58
9988 10023 2
9988 10023 27
9988 10023 12
9988 10012 40
9988 10012 60
9988 10012 47
9988 10012 12
9988 10008 39
9988 10008 41
9988 10008 20
9988 10008 28
9988 9949 53
9988 9949 19
9988 9949 41
9988 9949 50
9988 10005 58
9988 10005 59
9988 10005 20
9988 10005 21
9988 10009 46
9988 10009 27
9988 10009 17
9988 10009 54
9988 10029 31
9988 10029 57
9988 10029 1
9988 10029 32
9988 10022 53
9988 10022 33
9988 10022 6
9988 10022 45
9988 11298 4
9988 11298 2
9988 11298 4
9988 11298 35
9988 9873 8
9988 9873 45
9988 9873 30
9988 9873 60
9988 10003 7
9988 10003 0
9988 10003 26
9988 10003 38
9988 9998 50
9988 9998 60
9988 9998 46
9988 9998 41
9988 10026 27
9988 10026 35
9988 10026 36
9988 10026 49
9988 10030 41
9988 10030 44
9988 10030 40
9988 10030 10
9988 10033 35
9988 10033 45
9988 10033 12
9988 10033 0
9988 9927 40
9988 9927 19
9988 9927 59
9988 9927 1
9988 9953 10
9988 9953 19
9988 9953 55
9988 9953 43
9988 11361 35
9988 11361 60
9988 11361 28
9988 11361 22
9988 9874 7
9988 9874 8
9988 9874 59
9988 9874 53
9988 9924 37
9988 9924 19
9988 9924 19
9988 9924 41
9988 9948 44
9988 9948 50
9988 9948 9
9988 9948 57
9988 10004 16
9988 10004 15
9988 10004 54
9988 10004 10
9988 9990 36
9988 9990 40
9988 9990 17
9988 9990 13
9988 9999 35
9988 9999 51
9988 9999 6
9988 9999 4
9988 10025 18
9988 10025 30
9988 10025 5
9988 10025 17
9996 10014 60
9996 10014 19
9996 10014 35
9996 10014 13
9996 10007 44
9996 10007 43
9996 10007 60
9996 10007 11
9996 10015 8
9996 10015 8
9996 10015 42
9996 10015 48
9996 10013 50
9996 10013 27
9996 10013 9
9996 10013 37
9996 10021 17
9996 10021 46
9996 10021 53
9996 10021 36
9996 10006 56
9996 10006 12
9996 10006 31
9996 10006 47
9996 11358 23
9996 11358 23
9996 11358 56
9996 11358 29
9996 10023 47
9996 10023 9
9996 10023 50
9996 10023 45
9996 10012 2
9996 10012 14
9996 10012 48
9996 10012 2
9996 10008 52
9996 10008 28
9996 10008 8
9996 10008 53
9996 9949 29
9996 9949 33
9996 9949 1
9996 9949 27
9996 10005 7
9996 10005 19
9996 10005 43
9996 10005 30
9996 10009 26
9996 10009 22
9996 10009 11
9996 10009 7
9996 10029 19
9996 10029 6
9996 10029 37
9996 10029 8
9996 10022 5
9996 10022 14
9996 10022 32
9996 10022 35
9996 11298 13
9996 11298 57
9996 11298 8
9996 11298 29
9996 9873 46
9996 9873 16
9996 9873 44
9996 9873 33
9996 10003 6
9996 10003 21
9996 10003 11
9996 10003 7
9996 9998 60
9996 9998 18
9996 9998 1
9996 9998 11
9996 10026 11
9996 10026 13
9996 10026 23
9996 10026 6
9996 10030 49
9996 10030 43
9996 10030 12
9996 10030 48
9996 10033 11
9996 10033 39
9996 10033 31
9996 10033 13
9996 9927 47
9996 9927 26
9996 9927 30
9996 9927 20
9996 9953 10
9996 9953 40
9996 9953 2
9996 9953 11
9996 11361 60
9996 11361 45
9996 11361 37
9996 11361 48
9996 9874 40
9996 9874 52
9996 9874 11
9996 9874 57
9996 9924 11
9996 9924 5
9996 9924 4
9996 9924 52
9996 9948 44
9996 9948 53
9996 9948 9
9996 9948 20
9996 10004 20
9996 10004 0
9996 10004 58
9996 10004 29
9996 9990 32
9996 9990 23
9996 9990 48
9996 9990 27
9996 9999 50
9996 9999 24
9996 9999 31
9996 9999 1
9996 10025 15
9996 10025 17
9996 10025 5
9996 10025 15
9882 10014 19
9882 10014 26
9882 10014 49
9882 10014 6
9882 10007 24
9882 10007 37
9882 10007 20
9882 10007 20
9882 10015 28
9882 10015 23
9882 10015 5
9882 10015 43
9882 10013 48
9882 10013 19
9882 10013 38
9882 10013 31
9882 10021 49
9882 10021 12
9882 10021 46
9882 10021 25
9882 10006 32
9882 10006 15
9882 10006 35
9882 10006 3
9882 11358 20
9882 11358 60
9882 11358 39
9882 11358 0
9882 10023 31
9882 10023 16
9882 10023 58
9882 10023 33
9882 10012 14
9882 10012 9
9882 10012 5
9882 10012 1
9882 10008 12
9882 10008 9
9882 10008 9
9882 10008 5
9882 9949 13
9882 9949 11
9882 9949 43
9882 9949 38
9882 10005 2
9882 10005 28
9882 10005 33
9882 10005 19
9882 10009 9
9882 10009 50
9882 10009 48
9882 10009 55
9882 10029 25
9882 10029 11
9882 10029 4
9882 10029 35
9882 10022 41
9882 10022 28
9882 10022 41
9882 10022 19
9882 11298 6
9882 11298 2
9882 11298 54
9882 11298 24
9882 9873 45
9882 9873 55
9882 9873 45
9882 9873 11
9882 10003 53
9882 10003 1
9882 10003 49
9882 10003 6
9882 9998 14
9882 9998 36
9882 9998 9
9882 9998 53
9882 10026 18
9882 10026 45
9882 10026 0
9882 10026 33
9882 10030 20
9882 10030 15
9882 10030 1
9882 10030 40
9882 10033 8
9882 10033 26
9882 10033 9
9882 10033 52
9882 9927 34
9882 9927 16
9882 9927 52
9882 9927 6
9882 9953 60
9882 9953 53
9882 9953 23
9882 9953 22
9882 11361 55
9882 11361 29
9882 11361 14
9882 11361 39
9882 9874 26
9882 9874 30
9882 9874 55
9882 9874 16
9882 9924 54
9882 9924 57
9882 9924 38
9882 9924 33
9882 9948 17
9882 9948 7
9882 9948 36
9882 9948 46
9882 10004 42
9882 10004 23
9882 10004 41
9882 10004 9
9882 9990 30
9882 9990 13
9882 9990 36
9882 9990 47
9882 9999 44
9882 9999 26
9882 9999 5
9882 9999 5
9882 10025 53
9882 10025 11
9882 10025 3
9882 10025 47
9970 10014 12
9970 10014 40
9970 10014 37
9970 10014 59
9970 10007 53
9970 10007 10
9970 10007 2
9970 10007 56
9970 10015 47
9970 10015 52
9970 10015 37
9970 10015 30
9970 10013 25
9970 10013 52
9970 10013 19
9970 10013 15
9970 10021 17
9970 10021 27
9970 10021 4
9970 10021 1
9970 10006 41
9970 10006 29
9970 10006 26
9970 10006 23
9970 11358 32
9970 11358 59
9970 11358 45
9970 11358 14
9970 10023 34
9970 10023 1
9970 10023 21
9970 10023 39
9970 10012 47
9970 10012 34
9970 10012 23
9970 10012 60
9970 10008 2
9970 10008 38
9970 10008 33
9970 10008 58
9970 9949 3
9970 9949 16
9970 9949 34
9970 9949 38
9970 10005 58
9970 10005 0
9970 10005 60
9970 10005 55
9970 10009 60
9970 10009 29
9970 10009 19
9970 10009 11
9970 10029 26
9970 10029 31
9970 10029 18
9970 10029 15
9970 10022 45
9970 10022 9
9970 10022 4
9970 10022 33
9970 11298 60
9970 11298 57
9970 11298 33
9970 11298 51
9970 9873 55
9970 9873 5
9970 9873 17
9970 9873 17
9970 10003 14
9970 10003 0
9970 10003 8
9970 10003 30
9970 9998 6
9970 9998 9
9970 9998 5
9970 9998 24
9970 10026 18
9970 10026 47
9970 10026 35
9970 10026 2
9970 10030 55
9970 10030 45
9970 10030 5
9970 10030 59
9970 10033 13
9970 10033 34
9970 10033 23
9970 10033 40
9970 9927 54
9970 9927 42
9970 9927 42
9970 9927 27
9970 9953 60
9970 9953 15
9970 9953 56
9970 9953 18
9970 11361 59
9970 11361 4
9970 11361 4
9970 11361 44
9970 9874 38
9970 9874 59
9970 9874 60
9970 9874 36
9970 9924 40
9970 9924 15
9970 9924 28
9970 9924 7
9970 9948 39
9970 9948 45
9970 9948 1
9970 9948 44
9970 10004 54
9970 10004 10
9970 10004 26
9970 10004 17
9970 9990 49
9970 9990 20
9970 9990 46
9970 9990 48
9970 9999 40
9970 9999 46
9970 9999 32
9970 9999 54
9970 10025 24
9970 10025 27
9970 10025 10
9970 10025 24
9925 10014 33
9925 10014 0
9925 10014 48
9925 10014 28
9925 10007 57
9925 10007 35
9925 10007 49
9925 10007 60
9925 10015 24
9925 10015 57
9925 10015 48
9925 10015 6
9925 10013 58
9925 10013 9
9925 10013 26
9925 10013 60
9925 10021 10
9925 10021 39
9925 10021 25
9925 10021 20
9925 10006 48
9925 10006 18
9925 10006 43
9925 10006 59
9925 11358 41
9925 11358 19
9925 11358 12
9925 11358 13
9925 10023 6
9925 10023 42
9925 10023 11
9925 10023 30
9925 10012 14
9925 10012 16
9925 10012 23
9925 10012 40
9925 10008 42
9925 10008 27
9925 10008 0
9925 10008 30
9925 9949 41
9925 9949 34
9925 9949 25
9925 9949 30
9925 10005 27
9925 10005 54
9925 10005 37
9925 10005 55
9925 10009 46
9925 10009 8
9925 10009 19
9925 10009 36
9925 10029 56
9925 10029 15
9925 10029 58
9925 10029 44
9925 10022 39
9925 10022 58
9925 10022 20
9925 10022 43
9925 11298 41
9925 11298 8
9925 11298 43
9925 11298 55
9925 9873 46
9925 9873 42
9925 9873 46
9925 9873 28
9925 10003 11
9925 10003 12
9925 10003 5
9925 10003 34
9925 9998 22
9925 9998 43
9925 9998 33
9925 9998 18
9925 10026 6
9925 10026 4
9925 10026 57
9925 10026 21
9925 10030 51
9925 10030 22
9925 10030 0
9925 10030 40
9925 10033 10
9925 10033 7
9925 10033 5
9925 10033 60
9925 9927 26
9925 9927 32
9925 9927 57
9925 9927 26
9925 9953 21
9925 9953 53
9925 9953 17
9925 9953 41
9925 11361 56
9925 11361 46
9925 11361 30
9925 11361 48
9925 9874 56
9925 9874 6
9925 9874 12
9925 9874 19
9925 9924 0
9925 9924 16
9925 9924 49
9925 9924 59
9925 9948 42
9925 9948 8
9925 9948 40
9925 9948 46
9925 10004 14
9925 10004 24
9925 10004 23
9925 10004 52
9925 9990 18
9925 9990 8
9925 9990 19
9925 9990 39
9925 9999 58
9925 9999 30
9925 9999 17
9925 9999 32
9925 10025 38
9925 10025 14
9925 10025 23
9925 10025 4
9986 10014 39
9986 10014 45
9986 10014 20
9986 10014 27
9986 10007 26
9986 10007 44
9986 10007 39
9986 10007 42
9986 10015 19
9986 10015 10
9986 10015 58
9986 10015 51
9986 10013 6
9986 10013 5
9986 10013 28
9986 10013 48
9986 10021 51
9986 10021 4
9986 10021 17
9986 10021 33
9986 10006 58
9986 10006 5
9986 10006 19
9986 10006 53
9986 11358 59
9986 11358 21
9986 11358 7
9986 11358 54
9986 10023 9
9986 10023 5
9986 10023 33
9986 10023 38
9986 10012 10
9986 10012 38
9986 10012 12
9986 10012 47
9986 10008 55
9986 10008 53
9986 10008 22
9986 10008 1
9986 9949 37
9986 9949 46
9986 9949 10
9986 9949 15
9986 10005 25
9986 10005 33
9986 10005 6
9986 10005 46
9986 10009 36
9986 10009 59
9986 10009 33
9986 10009 4
9986 10029 13
9986 10029 57
9986 10029 4
9986 10029 22
9986 10022 2
9986 10022 22
9986 10022 52
9986 10022 27
9986 11298 29
9986 11298 51
9986 11298 6
9986 11298 46
9986 9873 38
9986 9873 54
9986 9873 20
9986 9873 45
9986 10003 8
9986 10003 4
9986 10003 46
9986 10003 15
9986 9998 42
9986 9998 24
9986 9998 55
9986 9998 57
9986 10026 20
9986 10026 40
9986 10026 5
9986 10026 3
9986 10030 56
9986 10030 29
9986 10030 52
9986 10030 18
9986 10033 53
9986 10033 31
9986 10033 13
9986 10033 60
9986 9927 5
9986 9927 25
9986 9927 48
9986 9927 9
9986 9953 29
9986 9953 53
9986 9953 42
9986 9953 40
9986 11361 12
9986 11361 44
9986 11361 22
9986 11361 55
9986 9874 40
9986 9874 15
9986 9874 13
9986 9874 46
9986 9924 50
9986 9924 27
9986 9924 29
9986 9924 55
9986 9948 50
9986 9948 37
9986 9948 41
9986 9948 46
9986 10004 23
9986 10004 27
9986 10004 24
9986 10004 22
9986 9990 25
9986 9990 0
9986 9990 14
9986 9990 24
9986 9999 13
9986 9999 44
9986 9999 36
9986 9999 37
9986 10025 0
9986 10025 49
9986 10025 37
9986 10025 50
9929 10014 12
9929 10014 51
9929 10014 57
9929 10014 1
9929 10007 26
9929 10007 51
9929 10007 4
9929 10007 32
9929 10015 4
9929 10015 11
9929 10015 36
9929 10015 29
9929 10013 38
9929 10013 29
9929 10013 9
9929 10013 52
9929 10021 57
9929 10021 11
9929 10021 40
9929 10021 46
9929 10006 31
9929 10006 44
9929 10006 17
9929 10006 34
9929 11358 58
9929 11358 40
9929 11358 52
9929 11358 54
9929 10023 45
9929 10023 4
9929 10023 13
9929 10023 49
9929 10012 43
9929 10012 54
9929 10012 45
9929 10012 10
9929 10008 36
9929 10008 38
9929 10008 28
9929 10008 31
9929 9949 54
9929 9949 34
9929 9949 3
9929 9949 7
9929 10005 49
9929 10005 1
9929 10005 11
9929 10005 52
9929 10009 8
9929 10009 38
9929 10009 5
9929 10009 37
9929 10029 18
9929 10029 5
9929 10029 51
9929 10029 55
9929 10022 38
9929 10022 44
9929 10022 11
9929 10022 49
9929 11298 35
9929 11298 58
9929 11298 37
9929 11298 18
9929 9873 51
9929 9873 13
9929 9873 30
9929 9873 58
9929 10003 52
9929 10003 13
9929 10003 50
9929 10003 40
9929 9998 30
9929 9998 32
9929 9998 3
9929 9998 23
9929 10026 9
9929 10026 5
9929 10026 56
9929 10026 48
9929 10030 57
9929 10030 8
9929 10030 45
9929 10030 4
9929 10033 15
9929 10033 23
9929 10033 19
9929 10033 19
9929 9927 8
9929 9927 50
9929 9927 43
9929 9927 48
9929 9953 53
9929 9953 48
9929 9953 59
9929 9953 7
9929 11361 50
9929 11361 38
9929 11361 0
9929 11361 50
9929 9874 29
9929 9874 2
9929 9874 0
9929 9874 58
9929 9924 0
9929 9924 19
9929 9924 28
9929 9924 36
9929 9948 24
9929 9948 3
9929 9948 51
9929 9948 48
9929 10004 37
9929 10004 20
9929 10004 34
9929 10004 3
9929 9990 35
9929 9990 55
9929 9990 20
9929 9990 8
9929 9999 55
9929 9999 38
9929 9999 60
9929 9999 35
9929 10025 33
9929 10025 30
9929 10025 56
9929 10025 27
9881 10014 4
9881 10014 28
9881 10014 21
9881 10014 16
9881 10007 22
9881 10007 15
9881 10007 34
9881 10007 60
9881 10015 6
9881 10015 55
9881 10015 59
9881 10015 13
9881 10013 3
9881 10013 11
9881 10013 29
9881 10013 35
9881 10021 55
9881 10021 4
9881 10021 30
9881 10021 10
9881 10006 53
9881 10006 48
9881 10006 53
9881 10006 6
9881 11358 1
9881 11358 48
9881 11358 49
9881 11358 8
9881 10023 59
9881 10023 17
9881 10023 50
9881 10023 22
9881 10012 54
9881 10012 41
9881 10012 59
9881 10012 1
9881 10008 36
9881 10008 42
9881 10008 49
9881 10008 28
9881 9949 48
9881 9949 13
9881 9949 53
9881 9949 57
9881 10005 14
9881 10005 47
9881 10005 30
9881 10005 38
9881 10009 27
9881 10009 44
9881 10009 10
9881 10009 22
9881 10029 1
9881 10029 60
9881 10029 4
9881 10029 7
9881 10022 42
9881 10022 45
9881 10022 32
9881 10022 7
9881 11298 13
9881 11298 1
9881 11298 2
9881 11298 56
9881 9873 38
9881 9873 10
9881 9873 25
9881 9873 7
9881 10003 16
9881 10003 26
9881 10003 3
9881 10003 27
9881 9998 47
9881 9998 11
9881 9998 20
9881 9998 22
9881 10026 4
9881 10026 39
9881 10026 43
9881 10026 13
9881 10030 7
9881 10030 3
9881 10030 47
9881 10030 60
9881 10033 24
9881 10033 34
9881 10033 52
9881 10033 32
9881 9927 24
9881 9927 30
9881 9927 20
9881 9927 45
9881 9953 20
9881 9953 59
9881 9953 12
9881 9953 39
9881 11361 0
9881 11361 20
9881 11361 35
9881 11361 17
9881 9874 41
9881 9874 3
9881 9874 1
9881 9874 5
9881 9924 47
9881 9924 41
9881 9924 15
9881 9924 41
9881 9948 26
9881 9948 22
9881 9948 49
9881 9948 12
9881 10004 15
9881 10004 40
9881 10004 26
9881 10004 0
9881 9990 0
9881 9990 1
9881 9990 52
9881 9990 19
9881 9999 16
9881 9999 51
9881 9999 20
9881 9999 4
9881 10025 38
9881 10025 56
9881 10025 28
9881 10025 52
9885 10014 32
9885 10014 58
9885 10014 39
9885 10014 1
9885 10007 57
9885 10007 60
9885 10007 38
9885 10007 26
9885 10015 8
9885 10015 24
9885 10015 17
9885 10015 23
9885 10013 20
9885 10013 42
9885 10013 19
9885 10013 37
9885 10021 10
9885 10021 41
9885 10021 20
9885 10021 29
9885 10006 13
9885 10006 36
9885 10006 15
9885 10006 58
9885 11358 5
9885 11358 47
9885 11358 1
9885 11358 2
9885 10023 21
9885 10023 29
9885 10023 0
9885 10023 20
9885 10012 16
9885 10012 14
9885 10012 41
9885 10012 13
9885 10008 36
9885 10008 37
9885 10008 2
9885 10008 43
9885 9949 14
9885 9949 56
9885 9949 42
9885 9949 36
9885 10005 39
9885 10005 16
9885 10005 45
9885 10005 1
9885 10009 59
9885 10009 4
9885 10009 59
9885 10009 11
9885 10029 10
9885 10029 46
9885 10029 24
9885 10029 9
9885 10022 35
9885 10022 8
9885 10022 49
9885 10022 32
9885 11298 28
9885 11298 3
9885 11298 41
9885 11298 57
9885 9873 55
9885 9873 47
9885 9873 47
9885 9873 30
9885 10003 9
9885 10003 52
9885 10003 47
9885 10003 3
9885 9998 27
9885 9998 36
9885 9998 45
9885 9998 8
9885 10026 20
9885 10026 15
9885 10026 60
9885 10026 54
9885 10030 16
9885 10030 40
9885 10030 15
9885 10030 7
9885 10033 54
9885 10033 12
9885 10033 60
9885 10033 21
9885 9927 35
9885 9927 45
9885 9927 44
9885 9927 18
9885 9953 8
9885 9953 4
9885 9953 15
9885 9953 39
9885 11361 57
9885 11361 30
9885 11361 46
9885 11361 42
9885 9874 60
9885 9874 12
9885 9874 10
9885 9874 27
9885 9924 52
9885 9924 4
9885 9924 0
9885 9924 42
9885 9948 0
9885 9948 50
9885 9948 59
9885 9948 35
9885 10004 52
9885 10004 26
9885 10004 57
9885 10004 20
9885 9990 35
9885 9990 55
9885 9990 8
9885 9990 15
9885 9999 6
9885 9999 56
9885 9999 16
9885 9999 28
9885 10025 10
9885 10025 31
9885 10025 42
9885 10025 42
9910 10014 39
9910 10014 40
9910 10014 60
9910 10014 12
9910 10007 31
9910 10007 28
9910 10007 14
9910 10007 17
9910 10015 26
9910 10015 19
9910 10015 49
9910 10015 59
9910 10013 53
9910 10013 52
9910 10013 27
9910 10013 30
9910 10021 51
9910 10021 44
9910 10021 22
9910 10021 38
9910 10006 45
9910 10006 36
9910 10006 33
9910 10006 21
9910 11358 33
9910 11358 39
9910 11358 19
9910 11358 3
9910 10023 25
9910 10023 8
9910 10023 44
9910 10023 19
9910 10012 48
9910 10012 18
9910 10012 38
9910 10012 1
9910 10008 18
9910 10008 41
9910 10008 0
9910 10008 13
9910 9949 37
9910 9949 29
9910 9949 51
9910 9949 6
9910 10005 30
9910 10005 29
9910 10005 40
9910 10005 36
9910 10009 11
9910 10009 43
9910 10009 15
9910 10009 5
9910 10029 19
9910 10029 55
9910 10029 2
9910 10029 60
9910 10022 29
9910 10022 42
9910 10022 42
9910 10022 20
9910 11298 13
9910 11298 20
9910 11298 12
9910 11298 38
9910 9873 10
9910 9873 6
9910 9873 57
9910 9873 57
9910 10003 6
9910 10003 5
9910 10003 3
9910 10003 21
9910 9998 50
9910 9998 37
9910 9998 59
9910 9998 50
9910 10026 26
9910 10026 26
9910 10026 34
9910 10026 33
9910 10030 57
9910 10030 28
9910 10030 42
9910 10030 11
9910 10033 41
9910 10033 55
9910 10033 30
9910 10033 14
9910 9927 56
9910 9927 30
9910 9927 53
9910 9927 46
9910 9953 21
9910 9953 0
9910 9953 37
9910 9953 19
9910 11361 19
9910 11361 38
9910 11361 42
9910 11361 33
9910 9874 31
9910 9874 50
9910 9874 50
9910 9874 36
9910 9924 16
9910 9924 16
9910 9924 9
9910 9924 35
9910 9948 56
9910 9948 20
9910 9948 22
9910 9948 23
9910 10004 38
9910 10004 16
9910 10004 15
9910 10004 50
9910 9990 42
9910 9990 26
9910 9990 43
9910 9990 16
9910 9999 35
9910 9999 29
9910 9999 35
9910 9999 38
9910 10025 6
9910 10025 18
9910 10025 10
9910 10025 35
10001 10014 54
10001 10014 24
10001 10014 55
10001 10014 16
10001 10007 21
10001 10007 59
10001 10007 18
10001 10007 3
10001 10015 48
10001 10015 46
10001 10015 56
10001 10015 39
10001 10013 15
10001 10013 12
10001 10013 1
10001 10013 20
10001 10021 30
10001 10021 25
10001 10021 8
10001 10021 1
10001 10006 53
10001 10006 47
10001 10006 11
10001 10006 37
10001 11358 1
10001 11358 0
10001 11358 10
10001 11358 2
10001 10023 9
10001 10023 15
10001 10023 9
10001 10023 23
10001 10012 27
10001 10012 48
10001 10012 51
10001 10012 34
10001 10008 30
10001 10008 12
10001 10008 58
10001 10008 44
10001 9949 11
10001 9949 3
10001 9949 15
10001 9949 2
10001 10005 32
10001 10005 8
10001 10005 11
10001 10005 41
10001 10009 23
10001 10009 36
10001 10009 1
10001 10009 31
10001 10029 15
10001 10029 25
10001 10029 35
10001 10029 36
10001 10022 22
10001 10022 53
10001 10022 14
10001 10022 10
10001 11298 40
10001 11298 17
10001 11298 40
10001 11298 49
10001 9873 8
10001 9873 14
10001 9873 39
10001 9873 37
10001 10003 57
10001 10003 60
10001 10003 51
10001 10003 42
10001 9998 60
10001 9998 47
10001 9998 38
10001 9998 60
10001 10026 2
10001 10026 41
10001 10026 51
10001 10026 27
10001 10030 49
10001 10030 10
10001 10030 6
10001 10030 38
10001 10033 16
10001 10033 52
10001 10033 36
10001 10033 37
10001 9927 55
10001 9927 59
10001 9927 51
10001 9927 5
10001 9953 24
10001 9953 8
10001 9953 4
10001 9953 15
10001 11361 25
10001 11361 2
10001 11361 18
10001 11361 60
10001 9874 36
10001 9874 10
10001 9874 4
10001 9874 6
10001 9924 42
10001 9924 24
10001 9924 53
10001 9924 42
10001 9948 49
10001 9948 7
10001 9948 12
10001 9948 52
10001 10004 13
10001 10004 43
10001 10004 31
10001 10004 35
10001 9990 57
10001 9990 33
10001 9990 51
10001 9990 42
10001 9999 5
10001 9999 31
10001 9999 23
10001 9999 29
10001 10025 39
10001 10025 39
10001 10025 24
10001 10025 55
11357 10014 5
11357 10014 44
11357 10014 31
11357 10014 6
11357 10007 39
11357 10007 5
11357 10007 43
11357 10007 54
11357 10015 21
11357 10015 4
11357 10015 27
11357 10015 14
11357 10013 14
11357 10013 12
11357 10013 11
11357 10013 25
11357 10021 37
11357 10021 16
11357 10021 11
11357 10021 36
11357 10006 50
11357 10006 15
11357 10006 47
11357 10006 26
11357 11358 44
11357 11358 12
11357 11358 4
11357 11358 49
11357 10023 23
11357 10023 26
11357 10023 39
11357 10023 50
11357 10012 22
11357 10012 55
11357 10012 5
11357 10012 28
11357 10008 24
11357 10008 16
11357 10008 47
11357 10008 0
11357 9949 31
11357 9949 28
11357 9949 35
11357 9949 32
11357 10005 15
11357 10005 34
11357 10005 8
11357 10005 53
11357 10009 44
11357 10009 5
11357 10009 39
11357 10009 50
11357 10029 36
11357 10029 41
11357 10029 29
11357 10029 19
11357 10022 30
11357 10022 29
11357 10022 34
11357 10022 18
11357 11298 29
11357 11298 59
11357 11298 27
11357 11298 43
11357 9873 30
11357 9873 52
11357 9873 7
11357 9873 45
11357 10003 8
11357 10003 30
11357 10003 5
11357 10003 29
11357 9998 22
11357 9998 27
11357 9998 30
11357 9998 50
11357 10026 27
11357 10026 25
11357 10026 59
11357 10026 56
11357 10030 25
11357 10030 32
11357 10030 33
11357 10030 35
11357 10033 45
11357 10033 15
11357 10033 36
11357 10033 9
11357 9927 48
11357 9927 12
11357 9927 9
11357 9927 8
11357 9953 25
11357 9953 48
11357 9953 52
11357 9953 0
11357 11361 46
11357 11361 52
11357 11361 41
11357 11361 9
11357 9874 12
11357 9874 44
11357 9874 50
11357 9874 14
11357 9924 37
11357 9924 55
11357 9924 47
11357 9924 21
11357 9948 41
11357 9948 59
11357 9948 58
11357 9948 16
11357 10004 41
11357 10004 55
11357 10004 35
11357 10004 12
11357 9990 51
11357 9990 38
11357 9990 14
11357 9990 11
11357 9999 38
11357 9999 29
11357 9999 59
11357 9999 44
11357 10025 27
11357 10025 40
11357 10025 52
11357 10025 0
11292 10014 10
11292 10014 50
11292 10014 35
11292 10014 7
11292 10007 60
11292 10007 26
11292 10007 30
11292 10007 30
11292 10015 5
11292 10015 28
11292 10015 57
11292 10015 45
11292 10013 1
11292 10013 10
11292 10013 38
11292 10013 21
11292 10021 18
11292 10021 14
11292 10021 12
11292 10021 54
11292 10006 29
11292 10006 60
11292 10006 15
11292 10006 28
11292 11358 32
11292 11358 53
11292 11358 57
11292 11358 19
11292 10023 28
11292 10023 49
11292 10023 6
11292 10023 59
11292 10012 26
11292 10012 55
11292 10012 53
11292 10012 46
11292 10008 18
11292 10008 30
11292 10008 50
11292 10008 23
11292 9949 23
11292 9949 27
11292 9949 54
11292 9949 40
11292 10005 31
11292 10005 58
11292 10005 27
11292 10005 9
11292 10009 52
11292 10009 21
11292 10009 4
11292 10009 44
11292 10029 28
11292 10029 18
11292 10029 26
11292 10029 32
11292 10022 0
11292 10022 15
11292 10022 37
11292 10022 42
11292 11298 51
11292 11298 30
11292 11298 12
11292 11298 14
11292 9873 22
11292 9873 37
11292 9873 4
11292 9873 16
11292 10003 12
11292 10003 19
11292 10003 25
11292 10003 49
11292 9998 57
11292 9998 5
11292 9998 56
11292 9998 24
11292 10026 4
11292 10026 38
11292 10026 16
11292 10026 19
11292 10030 35
11292 10030 40
11292 10030 0
11292 10030 12
11292 10033 44
11292 10033 25
11292 10033 42
11292 10033 42
11292 9927 20
11292 9927 8
11292 9927 23
11292 9927 58
11292 9953 9
11292 9953 56
11292 9953 31
11292 9953 18
11292 11361 43
11292 11361 6
11292 11361 54
11292 11361 19
11292 9874 48
11292 9874 22
11292 9874 35
11292 9874 59
11292 9924 50
11292 9924 51
11292 9924 23
11292 9924 31
11292 9948 47
11292 9948 31
11292 9948 5
11292 9948 39
11292 10004 24
11292 10004 14
11292 10004 6
11292 10004 27
11292 9990 14
11292 9990 13
11292 9990 37
11292 9990 57
11292 9999 41
11292 9999 54
11292 9999 49
11292 9999 47
11292 10025 49
11292 10025 21
11292 10025 21
11292 10025 27
9989 10014 25
9989 10014 47
9989 10014 42
9989 10014 4
9989 10007 47
9989 10007 58
9989 10007 26
9989 10007 31
9989 10015 41
9989 10015 29
9989 10015 20
9989 10015 11
9989 10013 46
9989 10013 28
9989 10013 20
9989 10013 15
9989 10021 29
9989 10021 12
9989 10021 7
9989 10021 28
9989 10006 49
9989 10006 57
9989 10006 55
9989 10006 23
9989 11358 44
9989 11358 37
9989 11358 25
9989 11358 55
9989 10023 44
9989 10023 38
9989 10023 7
9989 10023 41
9989 10012 29
9989 10012 23
9989 10012 55
9989 10012 37
9989 10008 5
9989 10008 35
9989 10008 59
9989 10008 52
9989 9949 48
9989 9949 21
9989 9949 20
9989 9949 8
9989 10005 46
9989 10005 59
9989 10005 17
9989 10005 37
9989 10009 46
9989 10009 19
9989 10009 33
9989 10009 49
9989 10029 29
9989 10029 34
9989 10029 30
9989 10029 28
9989 10022 20
9989 10022 44
9989 10022 58
9989 10022 43
9989 11298 8
9989 11298 30
9989 11298 10
9989 11298 30
9989 9873 33
9989 9873 36
9989 9873 25
9989 9873 54
9989 10003 53
9989 10003 34
9989 10003 41
9989 10003 46
9989 9998 40
9989 9998 44
9989 9998 13
9989 9998 32
9989 10026 40
9989 10026 0
9989 10026 9
9989 10026 13
9989 10030 26
9989 10030 27
9989 10030 37
9989 10030 18
9989 10033 52
9989 10033 54
9989 10033 33
9989 10033 25
9989 9927 28
9989 9927 40
9989 9927 49
9989 9927 12
9989 9953 17
9989 9953 58
9989 9953 5
9989 9953 6
9989 11361 27
9989 11361 1
9989 11361 33
9989 11361 29
9989 9874 19
9989 9874 56
9989 9874 10
9989 9874 20
9989 9924 56
9989 9924 44
9989 9924 17
9989 9924 3
9989 9948 60
9989 9948 34
9989 9948 10
9989 9948 47
9989 10004 45
9989 10004 59
9989 10004 4
9989 10004 36
9989 9990 37
9989 9990 22
9989 9990 37
9989 9990 31
9989 9999 12
9989 9999 25
9989 9999 58
9989 9999 29
9989 10025 25
9989 10025 22
9989 10025 18
9989 10025 36
