6895 6754 35
6895 6754 4
6895 6753 41
6895 6753 5
6895 6742 10
6895 6742 26
6895 6820 28
6895 6820 31
6895 6240 42
6895 6240 48
6895 6814 50
6895 6814 36
6895 6821 42
6895 6821 6
6895 6743 3
6895 6743 23
6895 6819 24
6895 6819 46
6895 9774 58
6895 9774 58
6895 9806 49
6895 9806 59
6895 6239 7
6895 6239 52
6895 6241 25
6895 6241 49
6895 6815 52
6895 6815 19
6895 6823 6
6895 6823 26
6895 6824 22
6895 6824 10
6895 6747 12
6895 6747 24
6895 6751 58
6895 6751 1
6895 6818 54
6895 6818 29
6895 6665 26
6895 6665 29
6895 9808 23
6895 9808 59
6895 9825 42
6895 9825 6
6895 9822 6
6895 9822 18
6895 6238 48
6895 6238 46
6895 6750 15
6895 6750 58
6895 6242 33
6895 6242 57
6895 6752 21
6895 6752 39
6895 6816 4
6895 6816 17
6895 6825 53
6895 6825 26
6895 6826 9
6895 6826 47
6895 6843 45
6895 6843 58
6895 6748 31
6895 6748 50
6894 6754 7
6894 6754 30
6894 6753 33
6894 6753 52
6894 6742 40
6894 6742 29
6894 6820 19
6894 6820 38
6894 6240 4
6894 6240 48
6894 6814 4
6894 6814 8
6894 6821 3
6894 6821 13
6894 6743 18
6894 6743 1
6894 6819 56
6894 6819 58
6894 9774 6
6894 9774 27
6894 9806 7
6894 9806 17
6894 6239 2
6894 6239 53
6894 6241 9
6894 6241 23
6894 6815 19
6894 6815 35
6894 6823 49
6894 6823 23
6894 6824 54
6894 6824 50
6894 6747 18
6894 6747 0
6894 6751 4
6894 6751 56
6894 6818 17
6894 6818 20
6894 6665 44
6894 6665 19
6894 9808 18
6894 9808 27
6894 9825 37
6894 9825 42
6894 9822 14
6894 9822 14
6894 6238 42
6894 6238 58
6894 6750 3
6894 6750 39
6894 6242 54
6894 6242 60
6894 6752 59
6894 6752 39
6894 6816 7
6894 6816 14
6894 6825 19
6894 6825 33
6894 6826 17
6894 6826 13
6894 6843 12
6894 6843 18
6894 6748 35
6894 6748 3
6886 6754 30
6886 6754 10
6886 6753 25
6886 6753 14
6886 6742 6
6886 6742 10
6886 6820 4
6886 6820 10
6886 6240 45
6886 6240 5
6886 6814 57
6886 6814 53
6886 6821 32
6886 6821 38
6886 6743 13
6886 6743 40
6886 6819 60
6886 6819 24
6886 9774 35
6886 9774 38
6886 9806 4
6886 9806 56
6886 6239 57
6886 6239 53
6886 6241 37
6886 6241 0
6886 6815 32
6886 6815 9
6886 6823 41
6886 6823 0
6886 6824 20
6886 6824 1
6886 6747 60
6886 6747 38
6886 6751 30
6886 6751 53
6886 6818 44
6886 6818 43
6886 6665 3
6886 6665 35
6886 9808 3
6886 9808 3
6886 9825 47
6886 9825 20
6886 9822 51
6886 9822 41
6886 6238 37
6886 6238 27
6886 6750 14
6886 6750 52
6886 6242 27
6886 6242 19
6886 6752 33
6886 6752 34
6886 6816 7
6886 6816 44
6886 6825 41
6886 6825 22
6886 6826 48
6886 6826 43
6886 6843 36
6886 6843 5
6886 6748 50
6886 6748 34
6899 6754 24
6899 6754 6
6899 6753 32
6899 6753 17
6899 6742 23
6899 6742 11
6899 6820 1
6899 6820 2
6899 6240 26
6899 6240 44
6899 6814 15
6899 6814 15
6899 6821 39
6899 6821 4
6899 6743 59
6899 6743 10
6899 6819 33
6899 6819 25
6899 9774 18
6899 9774 24
6899 9806 14
6899 9806 24
6899 6239 60
6899 6239 41
6899 6241 45
6899 6241 22
6899 6815 46
6899 6815 6
6899 6823 36
6899 6823 48
6899 6824 33
6899 6824 33
6899 6747 15
6899 6747 58
6899 6751 6
6899 6751 32
6899 6818 57
6899 6818 39
6899 6665 52
6899 6665 18
6899 9808 42
6899 9808 54
6899 9825 35
6899 9825 54
6899 9822 42
6899 9822 13
6899 6238 56
6899 6238 47
6899 6750 32
6899 6750 43
6899 6242 34
6899 6242 23
6899 6752 57
6899 6752 54
6899 6816 54
6899 6816 10
6899 6825 47
6899 6825 53
6899 6826 0
6899 6826 22
6899 6843 41
6899 6843 56
6899 6748 36
6899 6748 56
6902 6754 42
6902 6754 27
6902 6753 21
6902 6753 5
6902 6742 54
6902 6742 42
6902 6820 17
6902 6820 5
6902 6240 25
6902 6240 31
6902 6814 31
6902 6814 26
6902 6821 16
6902 6821 0
6902 6743 2
6902 6743 13
6902 6819 7
6902 6819 46
6902 9774 36
6902 9774 40
6902 9806 46
6902 9806 10
6902 6239 10
6902 6239 46
6902 6241 3
6902 6241 29
6902 6815 40
6902 6815 5
6902 6823 7
6902 6823 5
6902 6824 3
6902 6824 20
6902 6747 22
6902 6747 3
6902 6751 34
6902 6751 5
6902 6818 4
6902 6818 8
6902 6665 23
6902 6665 37
6902 9808 31
6902 9808 50
6902 9825 7
6902 9825 0
6902 9822 30
6902 9822 7
6902 6238 31
6902 6238 57
6902 6750 55
6902 6750 58
6902 6242 42
6902 6242 60
6902 6752 45
6902 6752 42
6902 6816 32
6902 6816 27
6902 6825 36
6902 6825 60
6902 6826 60
6902 6826 22
6902 6843 50
6902 6843 44
6902 6748 45
6902 6748 31
6893 6754 46
6893 6754 45
6893 6753 11
6893 6753 25
6893 6742 59
6893 6742 52
6893 6820 18
6893 6820 10
6893 6240 44
6893 6240 42
6893 6814 33
6893 6814 26
6893 6821 2
6893 6821 55
6893 6743 18
6893 6743 19
6893 6819 40
6893 6819 35
6893 9774 26
6893 9774 45
6893 9806 4
6893 9806 18
6893 6239 54
6893 6239 31
6893 6241 6
6893 6241 31
6893 6815 14
6893 6815 55
6893 6823 46
6893 6823 32
6893 6824 3
6893 6824 31
6893 6747 21
6893 6747 27
6893 6751 5
6893 6751 25
6893 6818 43
6893 6818 36
6893 6665 29
6893 6665 59
6893 9808 3
6893 9808 22
6893 9825 4
6893 9825 48
6893 9822 52
6893 9822 49
6893 6238 18
6893 6238 13
6893 6750 42
6893 6750 35
6893 6242 12
6893 6242 40
6893 6752 55
6893 6752 27
6893 6816 53
6893 6816 24
6893 6825 44
6893 6825 43
6893 6826 37
6893 6826 33
6893 6843 15
6893 6843 49
6893 6748 14
6893 6748 40
6896 6754 48
6896 6754 35
6896 6753 28
6896 6753 44
6896 6742 10
6896 6742 9
6896 6820 59
6896 6820 43
6896 6240 41
6896 6240 1
6896 6814 11
6896 6814 28
6896 6821 27
6896 6821 26
6896 6743 0
6896 6743 25
6896 6819 28
6896 6819 31
6896 9774 15
6896 9774 39
6896 9806 36
6896 9806 28
6896 6239 56
6896 6239 32
6896 6241 10
6896 6241 1
6896 6815 29
6896 6815 7
6896 6823 7
6896 6823 34
6896 6824 1
6896 6824 16
6896 6747 31
6896 6747 11
6896 6751 53
6896 6751 3
6896 6818 56
6896 6818 44
6896 6665 51
6896 6665 8
6896 9808 13
6896 9808 58
6896 9825 48
6896 9825 11
6896 9822 26
6896 9822 50
6896 6238 41
6896 6238 35
6896 6750 58
6896 6750 8
6896 6242 39
6896 6242 36
6896 6752 28
6896 6752 0
6896 6816 1
6896 6816 27
6896 6825 50
6896 6825 18
6896 6826 4
6896 6826 28
6896 6843 30
6896 6843 55
6896 6748 13
6896 6748 40
6903 6754 9
6903 6754 57
6903 6753 6
6903 6753 34
6903 6742 29
6903 6742 52
6903 6820 32
6903 6820 19
6903 6240 37
6903 6240 4
6903 6814 12
6903 6814 16
6903 6821 14
6903 6821 58
6903 6743 42
6903 6743 29
6903 6819 46
6903 6819 57
6903 9774 57
6903 9774 43
6903 9806 35
6903 9806 42
6903 6239 27
6903 6239 21
6903 6241 1
6903 6241 41
6903 6815 49
6903 6815 49
6903 6823 47
6903 6823 19
6903 6824 40
6903 6824 3
6903 6747 8
6903 6747 21
6903 6751 18
6903 6751 44
6903 6818 49
6903 6818 46
6903 6665 3
6903 6665 6
6903 9808 22
6903 9808 3
6903 9825 13
6903 9825 41
6903 9822 23
6903 9822 28
6903 6238 46
6903 6238 53
6903 6750 2
6903 6750 13
6903 6242 50
6903 6242 1
6903 6752 57
6903 6752 52
6903 6816 42
6903 6816 55
6903 6825 31
6903 6825 34
6903 6826 33
6903 6826 15
6903 6843 24
6903 6843 12
6903 6748 33
6903 6748 14
6887 6754 29
6887 6754 37
6887 6753 34
6887 6753 2
6887 6742 50
6887 6742 37
6887 6820 20
6887 6820 23
6887 6240 47
6887 6240 26
6887 6814 43
6887 6814 24
6887 6821 53
6887 6821 60
6887 6743 56
6887 6743 33
6887 6819 19
6887 6819 35
6887 9774 15
6887 9774 31
6887 9806 1
6887 9806 35
6887 6239 37
6887 6239 45
6887 6241 26
6887 6241 50
6887 6815 48
6887 6815 8
6887 6823 54
6887 6823 22
6887 6824 40
6887 6824 6
6887 6747 27
6887 6747 36
6887 6751 18
6887 6751 7
6887 6818 39
6887 6818 5
6887 6665 52
6887 6665 52
6887 9808 44
6887 9808 38
6887 9825 25
6887 9825 36
6887 9822 49
6887 9822 31
6887 6238 55
6887 6238 2
6887 6750 7
6887 6750 14
6887 6242 3
6887 6242 3
6887 6752 22
6887 6752 16
6887 6816 35
6887 6816 44
6887 6825 59
6887 6825 21
6887 6826 31
6887 6826 38
6887 6843 9
6887 6843 55
6887 6748 0
6887 6748 10
6837 6754 4
6837 6754 44
6837 6753 1
6837 6753 21
6837 6742 40
6837 6742 17
6837 6820 57
6837 6820 21
6837 6240 28
6837 6240 6
6837 6814 36
6837 6814 22
6837 6821 41
6837 6821 20
6837 6743 34
6837 6743 9
6837 6819 7
6837 6819 9
6837 9774 5
6837 9774 5
6837 9806 42
6837 9806 27
6837 6239 51
6837 6239 27
6837 6241 60
6837 6241 11
6837 6815 48
6837 6815 34
6837 6823 24
6837 6823 56
6837 6824 43
6837 6824 49
6837 6747 16
6837 6747 47
6837 6751 3
6837 6751 42
6837 6818 35
6837 6818 23
6837 6665 29
6837 6665 42
6837 9808 13
6837 9808 27
6837 9825 46
6837 9825 22
6837 9822 20
6837 9822 22
6837 6238 51
6837 6238 6
6837 6750 39
6837 6750 54
6837 6242 38
6837 6242 47
6837 6752 5
6837 6752 44
6837 6816 25
6837 6816 43
6837 6825 39
6837 6825 44
6837 6826 35
6837 6826 36
6837 6843 50
6837 6843 14
6837 6748 25
6837 6748 38
6901 6754 33
6901 6754 30
6901 6753 39
6901 6753 55
6901 6742 60
6901 6742 47
6901 6820 57
6901 6820 51
6901 6240 3
6901 6240 40
6901 6814 32
6901 6814 7
6901 6821 28
6901 6821 31
6901 6743 32
6901 6743 40
6901 6819 5
6901 6819 25
6901 9774 43
6901 9774 11
6901 9806 52
6901 9806 3
6901 6239 8
6901 6239 55
6901 6241 32
6901 6241 47
6901 6815 34
6901 6815 28
6901 6823 52
6901 6823 1
6901 6824 59
6901 6824 45
6901 6747 60
6901 6747 55
6901 6751 30
6901 6751 20
6901 6818 48
6901 6818 20
6901 6665 5
6901 6665 24
6901 9808 57
6901 9808 51
6901 9825 31
6901 9825 12
6901 9822 27
6901 9822 45
6901 6238 16
6901 6238 16
6901 6750 35
6901 6750 39
6901 6242 57
6901 6242 22
6901 6752 12
6901 6752 5
6901 6816 15
6901 6816 53
6901 6825 17
6901 6825 56
6901 6826 23
6901 6826 10
6901 6843 37
6901 6843 55
6901 6748 10
6901 6748 37
6892 6754 29
6892 6754 24
6892 6753 36
6892 6753 13
6892 6742 6
6892 6742 15
6892 6820 7
6892 6820 2
6892 6240 6
6892 6240 20
6892 6814 53
6892 6814 40
6892 6821 6
6892 6821 35
6892 6743 58
6892 6743 35
6892 6819 16
6892 6819 3
6892 9774 50
6892 9774 17
6892 9806 37
6892 9806 33
6892 6239 20
6892 6239 60
6892 6241 36
6892 6241 26
6892 6815 36
6892 6815 49
6892 6823 16
6892 6823 34
6892 6824 13
6892 6824 34
6892 6747 41
6892 6747 59
6892 6751 10
6892 6751 17
6892 6818 56
6892 6818 32
6892 6665 48
6892 6665 3
6892 9808 10
6892 9808 32
6892 9825 22
6892 9825 13
6892 9822 32
6892 9822 59
6892 6238 0
6892 6238 13
6892 6750 10
6892 6750 51
6892 6242 44
6892 6242 17
6892 6752 42
6892 6752 34
6892 6816 40
6892 6816 37
6892 6825 11
6892 6825 38
6892 6826 10
6892 6826 2
6892 6843 49
6892 6843 17
6892 6748 29
6892 6748 58
6900 6754 48
6900 6754 18
6900 6753 8
6900 6753 7
6900 6742 24
6900 6742 12
6900 6820 56
6900 6820 15
6900 6240 48
6900 6240 55
6900 6814 13
6900 6814 7
6900 6821 56
6900 6821 9
6900 6743 31
6900 6743 36
6900 6819 7
6900 6819 56
6900 9774 21
6900 9774 5
6900 9806 53
6900 9806 47
6900 6239 43
6900 6239 56
6900 6241 47
6900 6241 47
6900 6815 15
6900 6815 2
6900 6823 4
6900 6823 6
6900 6824 18
6900 6824 40
6900 6747 16
6900 6747 36
6900 6751 4
6900 6751 28
6900 6818 16
6900 6818 42
6900 6665 17
6900 6665 43
6900 9808 51
6900 9808 60
6900 9825 20
6900 9825 22
6900 9822 18
6900 9822 16
6900 6238 49
6900 6238 16
6900 6750 60
6900 6750 41
6900 6242 4
6900 6242 16
6900 6752 51
6900 6752 46
6900 6816 47
6900 6816 23
6900 6825 58
6900 6825 27
6900 6826 21
6900 6826 42
6900 6843 28
6900 6843 48
6900 6748 15
6900 6748 37
6845 6754 29
6845 6754 49
6845 6753 41
6845 6753 24
6845 6742 11
6845 6742 8
6845 6820 11
6845 6820 52
6845 6240 52
6845 6240 15
6845 6814 39
6845 6814 46
6845 6821 22
6845 6821 45
6845 6743 2
6845 6743 15
6845 6819 36
6845 6819 13
6845 9774 33
6845 9774 19
6845 9806 44
6845 9806 5
6845 6239 57
6845 6239 15
6845 6241 48
6845 6241 25
6845 6815 24
6845 6815 39
6845 6823 53
6845 6823 36
6845 6824 0
6845 6824 3
6845 6747 54
6845 6747 2
6845 6751 48
6845 6751 11
6845 6818 21
6845 6818 6
6845 6665 37
6845 6665 13
6845 9808 14
6845 9808 39
6845 9825 16
6845 9825 50
6845 9822 55
6845 9822 39
6845 6238 29
6845 6238 51
6845 6750 31
6845 6750 14
6845 6242 59
6845 6242 30
6845 6752 1
6845 6752 48
6845 6816 20
6845 6816 40
6845 6825 5
6845 6825 22
6845 6826 2
6845 6826 32
6845 6843 39
6845 6843 6
6845 6748 45
6845 6748 46
6848 6754 32
6848 6754 11
6848 6753 17
6848 6753 31
6848 6742 59
6848 6742 0
6848 6820 8
6848 6820 45
6848 6240 36
6848 6240 60
6848 6814 3
6848 6814 39
6848 6821 14
6848 6821 53
6848 6743 45
6848 6743 24
6848 6819 6
6848 6819 49
6848 9774 21
6848 9774 9
6848 9806 43
6848 9806 45
6848 6239 49
6848 6239 31
6848 6241 38
6848 6241 36
6848 6815 14
6848 6815 32
6848 6823 16
6848 6823 13
6848 6824 50
6848 6824 16
6848 6747 44
6848 6747 22
6848 6751 32
6848 6751 13
6848 6818 27
6848 6818 13
6848 6665 38
6848 6665 0
6848 9808 23
6848 9808 43
6848 9825 31
6848 9825 14
6848 9822 60
6848 9822 37
6848 6238 57
6848 6238 56
6848 6750 14
6848 6750 13
6848 6242 4
6848 6242 49
6848 6752 48
6848 6752 47
6848 6816 7
6848 6816 12
6848 6825 26
6848 6825 57
6848 6826 5
6848 6826 21
6848 6843 23
6848 6843 19
6848 6748 44
6848 6748 43
6897 6754 0
6897 6754 55
6897 6753 58
6897 6753 3
6897 6742 33
6897 6742 19
6897 6820 49
6897 6820 59
6897 6240 48
6897 6240 53
6897 6814 55
6897 6814 43
6897 6821 2
6897 6821 3
6897 6743 60
6897 6743 34
6897 6819 4
6897 6819 5
6897 9774 7
6897 9774 33
6897 9806 11
6897 9806 52
6897 6239 18
6897 6239 37
6897 6241 46
6897 6241 50
6897 6815 12
6897 6815 11
6897 6823 5
6897 6823 35
6897 6824 28
6897 6824 3
6897 6747 10
6897 6747 19
6897 6751 38
6897 6751 58
6897 6818 9
6897 6818 7
6897 6665 17
6897 6665 36
6897 9808 52
6897 9808 3
6897 9825 14
6897 9825 31
6897 9822 7
6897 9822 19
6897 6238 10
6897 6238 17
6897 6750 8
6897 6750 16
6897 6242 15
6897 6242 31
6897 6752 18
6897 6752 43
6897 6816 41
6897 6816 49
6897 6825 11
6897 6825 51
6897 6826 44
6897 6826 59
6897 6843 19
6897 6843 21
6897 6748 50
6897 6748 34
6904 6754 40
6904 6754 56
6904 6753 4
6904 6753 27
6904 6742 10
6904 6742 3
6904 6820 52
6904 6820 59
6904 6240 52
6904 6240 56
6904 6814 56
6904 6814 60
6904 6821 43
6904 6821 53
6904 6743 57
6904 6743 57
6904 6819 42
6904 6819 54
6904 9774 39
6904 9774 42
6904 9806 49
6904 9806 8
6904 6239 2
6904 6239 58
6904 6241 29
6904 6241 36
6904 6815 17
6904 6815 54
6904 6823 48
6904 6823 19
6904 6824 37
6904 6824 39
6904 6747 40
6904 6747 15
6904 6751 15
6904 6751 21
6904 6818 49
6904 6818 38
6904 6665 25
6904 6665 24
6904 9808 54
6904 9808 2
6904 9825 43
6904 9825 19
6904 9822 34
6904 9822 55
6904 6238 22
6904 6238 37
6904 6750 24
6904 6750 39
6904 6242 6
6904 6242 3
6904 6752 58
6904 6752 48
6904 6816 48
6904 6816 60
6904 6825 34
6904 6825 0
6904 6826 0
6904 6826 13
6904 6843 21
6904 6843 47
6904 6748 20
6904 6748 56
6838 6754 58
6838 6754 20
6838 6753 1
6838 6753 19
6838 6742 35
6838 6742 39
6838 6820 43
6838 6820 5
6838 6240 55
6838 6240 22
6838 6814 39
6838 6814 22
6838 6821 33
6838 6821 34
6838 6743 3
6838 6743 44
6838 6819 48
6838 6819 24
6838 9774 55
6838 9774 4
6838 9806 2
6838 9806 45
6838 6239 11
6838 6239 15
6838 6241 57
6838 6241 39
6838 6815 38
6838 6815 57
6838 6823 55
6838 6823 39
6838 6824 30
6838 6824 44
6838 6747 24
6838 6747 3
6838 6751 37
6838 6751 1
6838 6818 46
6838 6818 24
6838 6665 15
6838 6665 43
6838 9808 42
6838 9808 11
6838 9825 13
6838 9825 39
6838 9822 59
6838 9822 6
6838 6238 54
6838 6238 22
6838 6750 43
6838 6750 52
6838 6242 55
6838 6242 38
6838 6752 47
6838 6752 7
6838 6816 46
6838 6816 39
6838 6825 25
6838 6825 33
6838 6826 18
6838 6826 40
6838 6843 4
6838 6843 54
6838 6748 12
6838 6748 21
6884 6754 21
6884 6754 10
6884 6753 7
6884 6753 38
6884 6742 47
6884 6742 34
6884 6820 38
6884 6820 19
6884 6240 5
6884 6240 38
6884 6814 42
6884 6814 47
6884 6821 37
6884 6821 43
6884 6743 37
6884 6743 38
6884 6819 51
6884 6819 54
6884 9774 14
6884 9774 44
6884 9806 15
6884 9806 15
6884 6239 60
6884 6239 0
6884 6241 10
6884 6241 0
6884 6815 34
6884 6815 44
6884 6823 39
6884 6823 33
6884 6824 25
6884 6824 42
6884 6747 55
6884 6747 10
6884 6751 54
6884 6751 33
6884 6818 27
6884 6818 0
6884 6665 21
6884 6665 42
6884 9808 21
6884 9808 27
6884 9825 22
6884 9825 45
6884 9822 4
6884 9822 45
6884 6238 7
6884 6238 4
6884 6750 28
6884 6750 26
6884 6242 1
6884 6242 53
6884 6752 16
6884 6752 33
6884 6816 4
6884 6816 46
6884 6825 59
6884 6825 16
6884 6826 6
6884 6826 28
6884 6843 60
6884 6843 1
6884 6748 33
6884 6748 11
6829 6754 55
6829 6754 0
6829 6753 46
6829 6753 55
6829 6742 6
6829 6742 56
6829 6820 53
6829 6820 57
6829 6240 26
6829 6240 19
6829 6814 4
6829 6814 23
6829 6821 23
6829 6821 55
6829 6743 48
6829 6743 43
6829 6819 1
6829 6819 22
6829 9774 50
6829 9774 32
6829 9806 52
6829 9806 57
6829 6239 7
6829 6239 3
6829 6241 48
6829 6241 7
6829 6815 7
6829 6815 27
6829 6823 42
6829 6823 35
6829 6824 8
6829 6824 59
6829 6747 7
6829 6747 23
6829 6751 60
6829 6751 17
6829 6818 29
6829 6818 27
6829 6665 22
6829 6665 58
6829 9808 10
6829 9808 41
6829 9825 49
6829 9825 40
6829 9822 6
6829 9822 56
6829 6238 11
6829 6238 13
6829 6750 33
6829 6750 32
6829 6242 29
6829 6242 46
6829 6752 11
6829 6752 51
6829 6816 11
6829 6816 43
6829 6825 19
6829 6825 10
6829 6826 47
6829 6826 6
6829 6843 42
6829 6843 9
6829 6748 9
6829 6748 27
9619 6754 33
9619 6754 51
9619 6753 5
9619 6753 41
9619 6742 58
9619 6742 30
9619 6820 40
9619 6820 38
9619 6240 55
9619 6240 48
9619 6814 24
9619 6814 14
9619 6821 47
9619 6821 31
9619 6743 10
9619 6743 42
9619 6819 41
9619 6819 39
9619 9774 8
9619 9774 19
9619 9806 37
9619 9806 28
9619 6239 35
9619 6239 28
9619 6241 22
9619 6241 41
9619 6815 47
9619 6815 15
9619 6823 23
9619 6823 1
9619 6824 56
9619 6824 41
9619 6747 28
9619 6747 46
9619 6751 39
9619 6751 38
9619 6818 5
9619 6818 33
9619 6665 0
9619 6665 25
9619 9808 10
9619 9808 41
9619 9825 47
9619 9825 20
9619 9822 21
9619 9822 24
9619 6238 59
9619 6238 42
9619 6750 35
9619 6750 13
9619 6242 38
9619 6242 56
9619 6752 40
9619 6752 46
9619 6816 46
9619 6816 29
9619 6825 24
9619 6825 17
9619 6826 49
9619 6826 13
9619 6843 33
9619 6843 7
9619 6748 23
9619 6748 18
9620 6754 29
9620 6754 51
9620 6753 8
9620 6753 36
9620 6742 22
9620 6742 34
9620 6820 42
9620 6820 20
9620 6240 36
9620 6240 38
9620 6814 8
9620 6814 4
9620 6821 4
9620 6821 25
9620 6743 37
9620 6743 38
9620 6819 38
9620 6819 46
9620 9774 11
9620 9774 4
9620 9806 0
9620 9806 12
9620 6239 32
9620 6239 9
9620 6241 17
9620 6241 53
9620 6815 36
9620 6815 5
9620 6823 21
9620 6823 56
9620 6824 11
9620 6824 60
9620 6747 16
9620 6747 35
9620 6751 23
9620 6751 56
9620 6818 14
9620 6818 0
9620 6665 28
9620 6665 34
9620 9808 56
9620 9808 26
9620 9825 15
9620 9825 20
9620 9822 21
9620 9822 2
9620 6238 45
9620 6238 57
9620 6750 54
9620 6750 9
9620 6242 25
9620 6242 46
9620 6752 41
9620 6752 24
9620 6816 14
9620 6816 22
9620 6825 6
9620 6825 46
9620 6826 5
9620 6826 11
9620 6843 21
9620 6843 30
9620 6748 14
9620 6748 5
9513 6754 58
9513 6754 56
9513 6753 1
9513 6753 38
9513 6742 9
9513 6742 26
9513 6820 21
9513 6820 9
9513 6240 20
9513 6240 28
9513 6814 21
9513 6814 23
9513 6821 2
9513 6821 34
9513 6743 49
9513 6743 29
9513 6819 22
9513 6819 33
9513 9774 12
9513 9774 0
9513 9806 14
9513 9806 50
9513 6239 6
9513 6239 9
9513 6241 41
9513 6241 57
9513 6815 10
9513 6815 49
9513 6823 30
9513 6823 38
9513 6824 49
9513 6824 26
9513 6747 3
9513 6747 7
9513 6751 28
9513 6751 14
9513 6818 49
9513 6818 55
9513 6665 55
9513 6665 0
9513 9808 10
9513 9808 14
9513 9825 30
9513 9825 13
9513 9822 15
9513 9822 50
9513 6238 47
9513 6238 58
9513 6750 22
9513 6750 39
9513 6242 6
9513 6242 18
9513 6752 15
9513 6752 18
9513 6816 17
9513 6816 46
9513 6825 43
9513 6825 19
9513 6826 43
9513 6826 59
9513 6843 14
9513 6843 44
9513 6748 18
9513 6748 32
6890 6754 15
6890 6754 51
6890 6753 2
6890 6753 43
6890 6742 22
6890 6742 39
6890 6820 24
6890 6820 39
6890 6240 23
6890 6240 45
6890 6814 48
6890 6814 29
6890 6821 20
6890 6821 11
6890 6743 30
6890 6743 19
6890 6819 22
6890 6819 31
6890 9774 4
6890 9774 6
6890 9806 23
6890 9806 5
6890 6239 40
6890 6239 38
6890 6241 15
6890 6241 10
6890 6815 20
6890 6815 9
6890 6823 15
6890 6823 0
6890 6824 49
6890 6824 33
6890 6747 52
6890 6747 48
6890 6751 28
6890 6751 14
6890 6818 45
6890 6818 30
6890 6665 20
6890 6665 49
6890 9808 56
6890 9808 47
6890 9825 31
6890 9825 41
6890 9822 59
6890 9822 48
6890 6238 38
6890 6238 58
6890 6750 9
6890 6750 3
6890 6242 50
6890 6242 22
6890 6752 5
6890 6752 28
6890 6816 18
6890 6816 26
6890 6825 51
6890 6825 56
6890 6826 59
6890 6826 10
6890 6843 37
6890 6843 14
6890 6748 42
6890 6748 11
6910 6754 28
6910 6754 54
6910 6753 6
6910 6753 26
6910 6742 24
6910 6742 27
6910 6820 52
6910 6820 36
6910 6240 24
6910 6240 47
6910 6814 22
6910 6814 11
6910 6821 50
6910 6821 21
6910 6743 51
6910 6743 0
6910 6819 47
6910 6819 38
6910 9774 8
6910 9774 21
6910 9806 55
6910 9806 22
6910 6239 26
6910 6239 13
6910 6241 32
6910 6241 57
6910 6815 5
6910 6815 41
6910 6823 44
6910 6823 57
6910 6824 42
6910 6824 49
6910 6747 17
6910 6747 10
6910 6751 26
6910 6751 30
6910 6818 34
6910 6818 6
6910 6665 26
6910 6665 1
6910 9808 45
6910 9808 43
6910 9825 25
6910 9825 52
6910 9822 53
6910 9822 50
6910 6238 17
6910 6238 30
6910 6750 10
6910 6750 3
6910 6242 21
6910 6242 20
6910 6752 29
6910 6752 11
6910 6816 41
6910 6816 42
6910 6825 37
6910 6825 52
6910 6826 1
6910 6826 37
6910 6843 5
6910 6843 36
6910 6748 31
6910 6748 12
9617 6754 21
9617 6754 18
9617 6753 43
9617 6753 32
9617 6742 9
9617 6742 57
9617 6820 10
9617 6820 7
9617 6240 23
9617 6240 52
9617 6814 22
9617 6814 25
9617 6821 10
9617 6821 56
9617 6743 49
9617 6743 27
9617 6819 49
9617 6819 20
9617 9774 59
9617 9774 22
9617 9806 36
9617 9806 49
9617 6239 52
9617 6239 3
9617 6241 36
9617 6241 29
9617 6815 9
9617 6815 47
9617 6823 16
9617 6823 40
9617 6824 22
9617 6824 38
9617 6747 26
9617 6747 15
9617 6751 35
9617 6751 53
9617 6818 9
9617 6818 39
9617 6665 2
9617 6665 42
9617 9808 11
9617 9808 2
9617 9825 42
9617 9825 47
9617 9822 21
9617 9822 35
9617 6238 35
9617 6238 47
9617 6750 44
9617 6750 60
9617 6242 59
9617 6242 56
9617 6752 34
9617 6752 19
9617 6816 50
9617 6816 44
9617 6825 45
9617 6825 27
9617 6826 48
9617 6826 5
9617 6843 18
9617 6843 36
9617 6748 60
9617 6748 53
6831 6754 19
6831 6754 48
6831 6753 55
6831 6753 10
6831 6742 19
6831 6742 56
6831 6820 26
6831 6820 17
6831 6240 49
6831 6240 20
6831 6814 16
6831 6814 22
6831 6821 15
6831 6821 56
6831 6743 7
6831 6743 35
6831 6819 46
6831 6819 37
6831 9774 8
6831 9774 30
6831 9806 24
6831 9806 5
6831 6239 1
6831 6239 58
6831 6241 29
6831 6241 41
6831 6815 13
6831 6815 38
6831 6823 46
6831 6823 58
6831 6824 36
6831 6824 14
6831 6747 27
6831 6747 29
6831 6751 37
6831 6751 59
6831 6818 42
6831 6818 44
6831 6665 25
6831 6665 16
6831 9808 57
6831 9808 38
6831 9825 47
6831 9825 55
6831 9822 9
6831 9822 45
6831 6238 29
6831 6238 8
6831 6750 36
6831 6750 33
6831 6242 6
6831 6242 60
6831 6752 28
6831 6752 2
6831 6816 52
6831 6816 17
6831 6825 27
6831 6825 8
6831 6826 9
6831 6826 11
6831 6843 58
6831 6843 53
6831 6748 56
6831 6748 46
6846 6754 41
6846 6754 27
6846 6753 10
6846 6753 19
6846 6742 60
6846 6742 8
6846 6820 6
6846 6820 59
6846 6240 6
6846 6240 54
6846 6814 53
6846 6814 13
6846 6821 2
6846 6821 14
6846 6743 37
6846 6743 26
6846 6819 10
6846 6819 28
6846 9774 21
6846 9774 22
6846 9806 5
6846 9806 16
6846 6239 50
6846 6239 39
6846 6241 6
6846 6241 56
6846 6815 15
6846 6815 24
6846 6823 51
6846 6823 39
6846 6824 2
6846 6824 54
6846 6747 14
6846 6747 0
6846 6751 23
6846 6751 0
6846 6818 60
6846 6818 41
6846 6665 50
6846 6665 23
6846 9808 7
6846 9808 38
6846 9825 14
6846 9825 4
6846 9822 38
6846 9822 20
6846 6238 36
6846 6238 26
6846 6750 29
6846 6750 43
6846 6242 31
6846 6242 50
6846 6752 39
6846 6752 1
6846 6816 26
6846 6816 18
6846 6825 6
6846 6825 37
6846 6826 50
6846 6826 9
6846 6843 6
6846 6843 20
6846 6748 29
6846 6748 17
6847 6754 28
6847 6754 1
6847 6753 29
6847 6753 4
6847 6742 16
6847 6742 29
6847 6820 59
6847 6820 22
6847 6240 18
6847 6240 41
6847 6814 26
6847 6814 43
6847 6821 42
6847 6821 53
6847 6743 38
6847 6743 6
6847 6819 35
6847 6819 33
6847 9774 57
6847 9774 49
6847 9806 35
6847 9806 4
6847 6239 10
6847 6239 20
6847 6241 16
6847 6241 34
6847 6815 36
6847 6815 19
6847 6823 20
6847 6823 26
6847 6824 7
6847 6824 40
6847 6747 2
6847 6747 23
6847 6751 21
6847 6751 51
6847 6818 34
6847 6818 59
6847 6665 55
6847 6665 28
6847 9808 16
6847 9808 60
6847 9825 19
6847 9825 3
6847 9822 23
6847 9822 56
6847 6238 51
6847 6238 3
6847 6750 23
6847 6750 13
6847 6242 6
6847 6242 48
6847 6752 27
6847 6752 19
6847 6816 55
6847 6816 34
6847 6825 35
6847 6825 53
6847 6826 27
6847 6826 59
6847 6843 36
6847 6843 55
6847 6748 59
6847 6748 7
6898 6754 33
6898 6754 1
6898 6753 57
6898 6753 35
6898 6742 22
6898 6742 55
6898 6820 48
6898 6820 30
6898 6240 24
6898 6240 32
6898 6814 58
6898 6814 38
6898 6821 27
6898 6821 17
6898 6743 52
6898 6743 9
6898 6819 8
6898 6819 40
6898 9774 42
6898 9774 3
6898 9806 33
6898 9806 55
6898 6239 0
6898 6239 5
6898 6241 35
6898 6241 17
6898 6815 60
6898 6815 3
6898 6823 51
6898 6823 59
6898 6824 47
6898 6824 22
6898 6747 2
6898 6747 0
6898 6751 51
6898 6751 9
6898 6818 11
6898 6818 40
6898 6665 33
6898 6665 47
6898 9808 48
6898 9808 37
6898 9825 39
6898 9825 51
6898 9822 32
6898 9822 4
6898 6238 24
6898 6238 6
6898 6750 41
6898 6750 52
6898 6242 13
6898 6242 38
6898 6752 58
6898 6752 17
6898 6816 7
6898 6816 43
6898 6825 44
6898 6825 48
6898 6826 52
6898 6826 55
6898 6843 47
6898 6843 3
6898 6748 55
6898 6748 8
6905 6754 2
6905 6754 28
6905 6753 8
6905 6753 24
6905 6742 39
6905 6742 58
6905 6820 50
6905 6820 57
6905 6240 7
6905 6240 1
6905 6814 54
6905 6814 13
6905 6821 32
6905 6821 54
6905 6743 15
6905 6743 11
6905 6819 21
6905 6819 13
6905 9774 16
6905 9774 57
6905 9806 28
6905 9806 44
6905 6239 20
6905 6239 3
6905 6241 49
6905 6241 45
6905 6815 55
6905 6815 20
6905 6823 32
6905 6823 41
6905 6824 20
6905 6824 29
6905 6747 20
6905 6747 20
6905 6751 37
6905 6751 2
6905 6818 24
6905 6818 56
6905 6665 51
6905 6665 40
6905 9808 50
6905 9808 18
6905 9825 2
6905 9825 49
6905 9822 45
6905 9822 15
6905 6238 34
6905 6238 29
6905 6750 42
6905 6750 26
6905 6242 20
6905 6242 18
6905 6752 29
6905 6752 53
6905 6816 33
6905 6816 10
6905 6825 21
6905 6825 8
6905 6826 15
6905 6826 60
6905 6843 4
6905 6843 33
6905 6748 22
6905 6748 38
9514 6754 47
9514 6754 40
9514 6753 19
9514 6753 33
9514 6742 37
9514 6742 27
9514 6820 20
9514 6820 47
9514 6240 16
9514 6240 40
9514 6814 45
9514 6814 2
9514 6821 55
9514 6821 36
9514 6743 30
9514 6743 52
9514 6819 27
9514 6819 37
9514 9774 51
9514 9774 3
9514 9806 15
9514 9806 20
9514 6239 15
9514 6239 19
9514 6241 37
9514 6241 28
9514 6815 40
9514 6815 51
9514 6823 3
9514 6823 27
9514 6824 47
9514 6824 4
9514 6747 54
9514 6747 52
9514 6751 59
9514 6751 31
9514 6818 27
9514 6818 7
9514 6665 48
9514 6665 35
9514 9808 35
9514 9808 8
9514 9825 13
9514 9825 56
9514 9822 28
9514 9822 19
9514 6238 58
9514 6238 27
9514 6750 1
9514 6750 3
9514 6242 42
9514 6242 34
9514 6752 42
9514 6752 55
9514 6816 15
9514 6816 29
9514 6825 2
9514 6825 9
9514 6826 48
9514 6826 19
9514 6843 6
9514 6843 16
9514 6748 60
9514 6748 19
