5756 5710 31
5756 5709 3
5756 5250 22
5756 5247 14
5756 5725 10
5756 5696 20
5756 5726 29
5756 5249 23
5756 5697 40
5756 5616 21
5756 5246 2
5756 5724 53
5756 5728 16
5756 5695 2
5756 5727 51
5756 5248 38
5756 5615 38
5756 5637 30
5756 5698 41
5756 5617 9
5756 5730 2
5756 5723 47
5756 5729 16
5756 5735 24
5756 5509 47
5756 5694 35
5756 5704 26
5756 9593 48
5756 5711 53
5756 5608 30
5756 5618 30
5756 5636 0
5752 5710 43
5752 5709 53
5752 5250 54
5752 5247 48
5752 5725 59
5752 5696 3
5752 5726 20
5752 5249 31
5752 5697 0
5752 5616 12
5752 5246 38
5752 5724 10
5752 5728 14
5752 5695 47
5752 5727 30
5752 5248 26
5752 5615 13
5752 5637 49
5752 5698 48
5752 5617 51
5752 5730 5
5752 5723 16
5752 5729 4
5752 5735 50
5752 5509 39
5752 5694 32
5752 5704 17
5752 9593 36
5752 5711 13
5752 5608 45
5752 5618 11
5752 5636 16
5755 5710 25
5755 5709 55
5755 5250 12
5755 5247 18
5755 5725 23
5755 5696 60
5755 5726 31
5755 5249 58
5755 5697 48
5755 5616 49
5755 5246 40
5755 5724 57
5755 5728 44
5755 5695 3
5755 5727 3
5755 5248 33
5755 5615 55
5755 5637 44
5755 5698 23
5755 5617 19
5755 5730 33
5755 5723 6
5755 5729 25
5755 5735 47
5755 5509 24
5755 5694 17
5755 5704 11
5755 9593 47
5755 5711 18
5755 5608 37
5755 5618 24
5755 5636 59
5766 5710 54
5766 5709 15
5766 5250 46
5766 5247 21
5766 5725 56
5766 5696 31
5766 5726 7
5766 5249 1
5766 5697 55
5766 5616 47
5766 5246 48
5766 5724 24
5766 5728 8
5766 5695 54
5766 5727 50
5766 5248 56
5766 5615 49
5766 5637 60
5766 5698 22
5766 5617 16
5766 5730 4
5766 5723 52
5766 5729 32
5766 5735 19
5766 5509 29
5766 5694 20
5766 5704 10
5766 9593 21
5766 5711 36
5766 5608 11
5766 5618 47
5766 5636 2
5767 5710 29
5767 5709 43
5767 5250 50
5767 5247 51
5767 5725 26
5767 5696 36
5767 5726 53
5767 5249 37
5767 5697 13
5767 5616 3
5767 5246 46
5767 5724 46
5767 5728 46
5767 5695 4
5767 5727 27
5767 5248 58
5767 5615 56
5767 5637 8
5767 5698 24
5767 5617 29
5767 5730 47
5767 5723 32
5767 5729 29
5767 5735 51
5767 5509 38
5767 5694 0
5767 5704 51
5767 9593 30
5767 5711 4
5767 5608 33
5767 5618 6
5767 5636 12
5753 5710 0
5753 5709 47
5753 5250 47
5753 5247 22
5753 5725 45
5753 5696 41
5753 5726 49
5753 5249 31
5753 5697 9
5753 5616 42
5753 5246 9
5753 5724 57
5753 5728 40
5753 5695 48
5753 5727 46
5753 5248 17
5753 5615 5
5753 5637 10
5753 5698 23
5753 5617 31
5753 5730 22
5753 5723 27
5753 5729 57
5753 5735 0
5753 5509 29
5753 5694 8
5753 5704 39
5753 9593 36
5753 5711 26
5753 5608 13
5753 5618 24
5753 5636 4
5754 5710 60
5754 5709 43
5754 5250 26
5754 5247 29
5754 5725 56
5754 5696 46
5754 5726 4
5754 5249 41
5754 5697 30
5754 5616 42
5754 5246 13
5754 5724 44
5754 5728 13
5754 5695 17
5754 5727 13
5754 5248 43
5754 5615 45
5754 5637 29
5754 5698 36
5754 5617 9
5754 5730 2
5754 5723 35
5754 5729 9
5754 5735 15
5754 5509 58
5754 5694 33
5754 5704 53
5754 9593 26
5754 5711 50
5754 5608 32
5754 5618 49
5754 5636 9
5765 5710 39
5765 5709 20
5765 5250 41
5765 5247 55
5765 5725 15
5765 5696 14
5765 5726 16
5765 5249 39
5765 5697 8
5765 5616 44
5765 5246 49
5765 5724 56
5765 5728 48
5765 5695 33
5765 5727 19
5765 5248 12
5765 5615 29
5765 5637 47
5765 5698 13
5765 5617 22
5765 5730 25
5765 5723 15
5765 5729 40
5765 5735 50
5765 5509 57
5765 5694 3
5765 5704 40
5765 9593 44
5765 5711 46
5765 5608 41
5765 5618 12
5765 5636 31
5672 5710 14
5672 5709 39
5672 5250 37
5672 5247 24
5672 5725 27
5672 5696 35
5672 5726 17
5672 5249 44
5672 5697 6
5672 5616 31
5672 5246 49
5672 5724 21
5672 5728 45
5672 5695 15
5672 5727 6
5672 5248 44
5672 5615 21
5672 5637 9
5672 5698 22
5672 5617 2
5672 5730 52
5672 5723 24
5672 5729 7
5672 5735 43
5672 5509 36
5672 5694 2
5672 5704 51
5672 9593 54
5672 5711 30
5672 5608 30
5672 5618 0
5672 5636 12
5770 5710 12
5770 5709 2
5770 5250 48
5770 5247 53
5770 5725 3
5770 5696 17
5770 5726 22
5770 5249 5
5770 5697 23
5770 5616 4
5770 5246 30
5770 5724 57
5770 5728 23
5770 5695 52
5770 5727 46
5770 5248 50
5770 5615 38
5770 5637 26
5770 5698 45
5770 5617 48
5770 5730 43
5770 5723 22
5770 5729 50
5770 5735 9
5770 5509 28
5770 5694 56
5770 5704 33
5770 9593 44
5770 5711 3
5770 5608 34
5770 5618 22
5770 5636 28
5771 5710 27
5771 5709 10
5771 5250 55
5771 5247 37
5771 5725 40
5771 5696 54
5771 5726 48
5771 5249 5
5771 5697 26
5771 5616 57
5771 5246 14
5771 5724 45
5771 5728 41
5771 5695 40
5771 5727 7
5771 5248 22
5771 5615 1
5771 5637 37
5771 5698 41
5771 5617 35
5771 5730 56
5771 5723 14
5771 5729 57
5771 5735 15
5771 5509 14
5771 5694 41
5771 5704 39
5771 9593 17
5771 5711 40
5771 5608 21
5771 5618 40
5771 5636 38
5876 5710 2
5876 5709 7
5876 5250 31
5876 5247 46
5876 5725 28
5876 5696 42
5876 5726 34
5876 5249 17
5876 5697 54
5876 5616 13
5876 5246 58
5876 5724 6
5876 5728 49
5876 5695 26
5876 5727 14
5876 5248 49
5876 5615 21
5876 5637 55
5876 5698 6
5876 5617 2
5876 5730 40
5876 5723 47
5876 5729 2
5876 5735 46
5876 5509 5
5876 5694 3
5876 5704 57
5876 9593 27
5876 5711 18
5876 5608 29
5876 5618 47
5876 5636 33
5749 5710 9
5749 5709 52
5749 5250 54
5749 5247 51
5749 5725 36
5749 5696 50
5749 5726 55
5749 5249 32
5749 5697 16
5749 5616 28
5749 5246 55
5749 5724 35
5749 5728 12
5749 5695 27
5749 5727 55
5749 5248 16
5749 5615 13
5749 5637 37
5749 5698 30
5749 5617 1
5749 5730 3
5749 5723 23
5749 5729 59
5749 5735 52
5749 5509 38
5749 5694 6
5749 5704 46
5749 9593 34
5749 5711 46
5749 5608 19
5749 5618 25
5749 5636 45
5757 5710 54
5757 5709 45
5757 5250 20
5757 5247 57
5757 5725 28
5757 5696 36
5757 5726 45
5757 5249 34
5757 5697 51
5757 5616 7
5757 5246 18
5757 5724 20
5757 5728 33
5757 5695 24
5757 5727 13
5757 5248 4
5757 5615 15
5757 5637 59
5757 5698 35
5757 5617 23
5757 5730 49
5757 5723 38
5757 5729 15
5757 5735 11
5757 5509 39
5757 5694 45
5757 5704 25
5757 9593 9
5757 5711 4
5757 5608 10
5757 5618 47
5757 5636 24
5763 5710 10
5763 5709 45
5763 5250 48
5763 5247 45
5763 5725 15
5763 5696 45
5763 5726 10
5763 5249 40
5763 5697 53
5763 5616 46
5763 5246 53
5763 5724 41
5763 5728 4
5763 5695 23
5763 5727 52
5763 5248 2
5763 5615 31
5763 5637 7
5763 5698 48
5763 5617 19
5763 5730 1
5763 5723 31
5763 5729 13
5763 5735 50
5763 5509 27
5763 5694 18
5763 5704 3
5763 9593 59
5763 5711 9
5763 5608 37
5763 5618 18
5763 5636 27
5751 5710 46
5751 5709 1
5751 5250 18
5751 5247 54
5751 5725 38
5751 5696 21
5751 5726 45
5751 5249 16
5751 5697 49
5751 5616 39
5751 5246 27
5751 5724 23
5751 5728 10
5751 5695 46
5751 5727 55
5751 5248 13
5751 5615 52
5751 5637 59
5751 5698 31
5751 5617 24
5751 5730 16
5751 5723 29
5751 5729 20
5751 5735 38
5751 5509 60
5751 5694 46
5751 5704 47
5751 9593 9
5751 5711 31
5751 5608 44
5751 5618 15
5751 5636 2
5769 5710 13
5769 5709 0
5769 5250 28
5769 5247 44
5769 5725 59
5769 5696 39
5769 5726 10
5769 5249 13
5769 5697 51
5769 5616 59
5769 5246 22
5769 5724 44
5769 5728 32
5769 5695 3
5769 5727 52
5769 5248 51
5769 5615 27
5769 5637 43
5769 5698 25
5769 5617 49
5769 5730 45
5769 5723 56
5769 5729 41
5769 5735 5
5769 5509 3
5769 5694 52
5769 5704 30
5769 9593 47
5769 5711 17
5769 5608 38
5769 5618 7
5769 5636 52
5667 5710 10
5667 5709 2
5667 5250 12
5667 5247 49
5667 5725 58
5667 5696 36
5667 5726 42
5667 5249 57
5667 5697 2
5667 5616 35
5667 5246 27
5667 5724 5
5667 5728 33
5667 5695 19
5667 5727 23
5667 5248 4
5667 5615 13
5667 5637 50
5667 5698 54
5667 5617 26
5667 5730 54
5667 5723 40
5667 5729 2
5667 5735 44
5667 5509 46
5667 5694 10
5667 5704 23
5667 9593 23
5667 5711 25
5667 5608 28
5667 5618 56
5667 5636 28
5670 5710 56
5670 5709 35
5670 5250 24
5670 5247 14
5670 5725 54
5670 5696 27
5670 5726 48
5670 5249 50
5670 5697 33
5670 5616 37
5670 5246 54
5670 5724 53
5670 5728 35
5670 5695 57
5670 5727 13
5670 5248 44
5670 5615 6
5670 5637 1
5670 5698 60
5670 5617 58
5670 5730 43
5670 5723 18
5670 5729 47
5670 5735 58
5670 5509 38
5670 5694 42
5670 5704 5
5670 9593 9
5670 5711 46
5670 5608 51
5670 5618 58
5670 5636 13
5779 5710 33
5779 5709 47
5779 5250 30
5779 5247 41
5779 5725 42
5779 5696 2
5779 5726 38
5779 5249 22
5779 5697 60
5779 5616 22
5779 5246 34
5779 5724 3
5779 5728 33
5779 5695 43
5779 5727 17
5779 5248 38
5779 5615 31
5779 5637 0
5779 5698 8
5779 5617 5
5779 5730 49
5779 5723 15
5779 5729 26
5779 5735 32
5779 5509 25
5779 5694 19
5779 5704 58
5779 9593 25
5779 5711 50
5779 5608 2
5779 5618 52
5779 5636 58
5780 5710 7
5780 5709 16
5780 5250 2
5780 5247 10
5780 5725 22
5780 5696 27
5780 5726 21
5780 5249 31
5780 5697 3
5780 5616 54
5780 5246 15
5780 5724 6
5780 5728 2
5780 5695 58
5780 5727 37
5780 5248 13
5780 5615 4
5780 5637 19
5780 5698 3
5780 5617 37
5780 5730 25
5780 5723 33
5780 5729 43
5780 5735 9
5780 5509 35
5780 5694 47
5780 5704 58
5780 9593 20
5780 5711 34
5780 5608 28
5780 5618 32
5780 5636 58
5877 5710 44
5877 5709 35
5877 5250 8
5877 5247 3
5877 5725 44
5877 5696 37
5877 5726 29
5877 5249 8
5877 5697 46
5877 5616 10
5877 5246 0
5877 5724 44
5877 5728 17
5877 5695 16
5877 5727 49
5877 5248 11
5877 5615 10
5877 5637 38
5877 5698 3
5877 5617 1
5877 5730 2
5877 5723 35
5877 5729 18
5877 5735 16
5877 5509 32
5877 5694 59
5877 5704 31
5877 9593 8
5877 5711 55
5877 5608 34
5877 5618 58
5877 5636 49
5748 5710 40
5748 5709 28
5748 5250 18
5748 5247 23
5748 5725 50
5748 5696 24
5748 5726 52
5748 5249 11
5748 5697 23
5748 5616 47
5748 5246 6
5748 5724 51
5748 5728 2
5748 5695 29
5748 5727 49
5748 5248 31
5748 5615 56
5748 5637 22
5748 5698 44
5748 5617 29
5748 5730 18
5748 5723 1
5748 5729 39
5748 5735 46
5748 5509 37
5748 5694 32
5748 5704 52
5748 9593 54
5748 5711 4
5748 5608 1
5748 5618 27
5748 5636 20
5750 5710 11
5750 5709 45
5750 5250 4
5750 5247 12
5750 5725 14
5750 5696 55
5750 5726 46
5750 5249 22
5750 5697 56
5750 5616 58
5750 5246 40
5750 5724 17
5750 5728 39
5750 5695 48
5750 5727 31
5750 5248 33
5750 5615 52
5750 5637 60
5750 5698 59
5750 5617 59
5750 5730 11
5750 5723 27
5750 5729 56
5750 5735 8
5750 5509 40
5750 5694 60
5750 5704 3
5750 9593 15
5750 5711 18
5750 5608 9
5750 5618 16
5750 5636 5
5760 5710 45
5760 5709 55
5760 5250 4
5760 5247 18
5760 5725 21
5760 5696 30
5760 5726 52
5760 5249 2
5760 5697 31
5760 5616 58
5760 5246 44
5760 5724 25
5760 5728 57
5760 5695 50
5760 5727 25
5760 5248 23
5760 5615 40
5760 5637 13
5760 5698 42
5760 5617 12
5760 5730 17
5760 5723 37
5760 5729 46
5760 5735 44
5760 5509 56
5760 5694 40
5760 5704 6
5760 9593 2
5760 5711 6
5760 5608 41
5760 5618 47
5760 5636 1
5768 5710 8
5768 5709 24
5768 5250 39
5768 5247 13
5768 5725 36
5768 5696 12
5768 5726 42
5768 5249 56
5768 5697 50
5768 5616 14
5768 5246 10
5768 5724 2
5768 5728 31
5768 5695 23
5768 5727 12
5768 5248 17
5768 5615 60
5768 5637 49
5768 5698 36
5768 5617 22
5768 5730 55
5768 5723 58
5768 5729 0
5768 5735 28
5768 5509 44
5768 5694 34
5768 5704 15
5768 9593 16
5768 5711 30
5768 5608 23
5768 5618 29
5768 5636 21
5747 5710 53
5747 5709 31
5747 5250 51
5747 5247 27
5747 5725 15
5747 5696 0
5747 5726 21
5747 5249 9
5747 5697 57
5747 5616 25
5747 5246 38
5747 5724 50
5747 5728 32
5747 5695 55
5747 5727 51
5747 5248 38
5747 5615 5
5747 5637 32
5747 5698 51
5747 5617 19
5747 5730 11
5747 5723 47
5747 5729 11
5747 5735 60
5747 5509 11
5747 5694 8
5747 5704 8
5747 9593 19
5747 5711 47
5747 5608 5
5747 5618 51
5747 5636 20
5648 5710 5
5648 5709 56
5648 5250 9
5648 5247 48
5648 5725 35
5648 5696 51
5648 5726 33
5648 5249 24
5648 5697 47
5648 5616 38
5648 5246 21
5648 5724 17
5648 5728 20
5648 5695 8
5648 5727 2
5648 5248 16
5648 5615 51
5648 5637 45
5648 5698 27
5648 5617 27
5648 5730 33
5648 5723 8
5648 5729 6
5648 5735 30
5648 5509 22
5648 5694 10
5648 5704 57
5648 9593 46
5648 5711 46
5648 5608 9
5648 5618 38
5648 5636 32
5668 5710 16
5668 5709 48
5668 5250 3
5668 5247 48
5668 5725 42
5668 5696 12
5668 5726 49
5668 5249 29
5668 5697 52
5668 5616 22
5668 5246 22
5668 5724 22
5668 5728 21
5668 5695 12
5668 5727 25
5668 5248 4
5668 5615 3
5668 5637 41
5668 5698 18
5668 5617 28
5668 5730 50
5668 5723 18
5668 5729 51
5668 5735 28
5668 5509 44
5668 5694 39
5668 5704 9
5668 9593 5
5668 5711 41
5668 5608 42
5668 5618 33
5668 5636 25
5775 5710 25
5775 5709 14
5775 5250 44
5775 5247 24
5775 5725 29
5775 5696 25
5775 5726 22
5775 5249 2
5775 5697 25
5775 5616 36
5775 5246 32
5775 5724 49
5775 5728 54
5775 5695 49
5775 5727 33
5775 5248 23
5775 5615 36
5775 5637 34
5775 5698 39
5775 5617 60
5775 5730 37
5775 5723 6
5775 5729 37
5775 5735 24
5775 5509 29
5775 5694 40
5775 5704 31
5775 9593 35
5775 5711 47
5775 5608 59
5775 5618 51
5775 5636 58
5651 5710 22
5651 5709 39
5651 5250 29
5651 5247 31
5651 5725 4
5651 5696 24
5651 5726 52
5651 5249 56
5651 5697 25
5651 5616 3
5651 5246 41
5651 5724 2
5651 5728 29
5651 5695 26
5651 5727 17
5651 5248 47
5651 5615 23
5651 5637 6
5651 5698 5
5651 5617 37
5651 5730 3
5651 5723 44
5651 5729 10
5651 5735 59
5651 5509 55
5651 5694 28
5651 5704 14
5651 9593 8
5651 5711 43
5651 5608 32
5651 5618 12
5651 5636 14
5671 5710 20
5671 5709 39
5671 5250 34
5671 5247 14
5671 5725 32
5671 5696 39
5671 5726 45
5671 5249 47
5671 5697 57
5671 5616 9
5671 5246 45
5671 5724 12
5671 5728 0
5671 5695 17
5671 5727 37
5671 5248 39
5671 5615 11
5671 5637 51
5671 5698 24
5671 5617 40
5671 5730 29
5671 5723 44
5671 5729 0
5671 5735 15
5671 5509 36
5671 5694 58
5671 5704 19
5671 9593 29
5671 5711 51
5671 5608 27
5671 5618 47
5671 5636 38
