1815 1831 55
1815 1831 34
1815 1831 44
1815 1831 19
1815 1830 8
1815 1830 33
1815 1830 7
1815 1830 24
1815 1833 51
1815 1833 52
1815 1833 5
1815 1833 18
1815 1834 19
1815 1834 48
1815 1834 57
1815 1834 26
1815 1821 57
1815 1821 38
1815 1821 4
1815 1821 40
1815 1832 50
1815 1832 15
1815 1832 47
1815 1832 23
1815 1835 2
1815 1835 47
1815 1835 31
1815 1835 19
1815 1788 42
1815 1788 32
1815 1788 20
1815 1788 32
1815 1822 41
1815 1822 24
1815 1822 18
1815 1822 45
1815 1846 13
1815 1846 15
1815 1846 41
1815 1846 60
1815 1790 5
1815 1790 8
1815 1790 27
1815 1790 16
1815 1866 24
1815 1866 22
1815 1866 44
1815 1866 42
1815 1829 3
1815 1829 17
1815 1829 56
1815 1829 52
1815 1847 41
1815 1847 59
1815 1847 29
1815 1847 60
1815 1789 37
1815 1789 58
1815 1789 47
1815 1789 11
1815 1828 49
1815 1828 9
1815 1828 18
1815 1828 33
1815 1869 10
1815 1869 39
1815 1869 15
1815 1869 21
1815 1838 2
1815 1838 2
1815 1838 25
1815 1838 21
1815 1839 27
1815 1839 49
1815 1839 43
1815 1839 57
1815 1819 29
1815 1819 34
1815 1819 25
1815 1819 59
1815 1827 24
1815 1827 22
1815 1827 10
1815 1827 4
1815 1868 1
1815 1868 16
1815 1868 57
1815 1868 24
1815 1870 22
1815 1870 15
1815 1870 42
1815 1870 23
1815 1836 33
1815 1836 24
1815 1836 45
1815 1836 32
1815 1841 45
1815 1841 15
1815 1841 19
1815 1841 38
1815 1820 56
1815 1820 53
1815 1820 27
1815 1820 2
1815 1824 39
1815 1824 26
1815 1824 37
1815 1824 5
1815 1890 52
1815 1890 31
1815 1890 11
1815 1890 42
1815 1875 32
1815 1875 30
1815 1875 34
1815 1875 47
1815 1837 12
1815 1837 47
1815 1837 14
1815 1837 21
1815 1848 40
1815 1848 29
1815 1848 20
1815 1848 41
1815 1853 14
1815 1853 57
1815 1853 41
1815 1853 7
1797 1831 32
1797 1831 11
1797 1831 27
1797 1831 24
1797 1830 6
1797 1830 33
1797 1830 15
1797 1830 20
1797 1833 12
1797 1833 41
1797 1833 25
1797 1833 32
1797 1834 36
1797 1834 35
1797 1834 16
1797 1834 38
1797 1821 28
1797 1821 51
1797 1821 27
1797 1821 9
1797 1832 35
1797 1832 4
1797 1832 34
1797 1832 4
1797 1835 59
1797 1835 4
1797 1835 44
1797 1835 43
1797 1788 40
1797 1788 36
1797 1788 20
1797 1788 16
1797 1822 52
1797 1822 1
1797 1822 57
1797 1822 55
1797 1846 39
1797 1846 13
1797 1846 23
1797 1846 6
1797 1790 40
1797 1790 49
1797 1790 40
1797 1790 15
1797 1866 7
1797 1866 22
1797 1866 21
1797 1866 2
1797 1829 39
1797 1829 60
1797 1829 37
1797 1829 12
1797 1847 24
1797 1847 51
1797 1847 45
1797 1847 18
1797 1789 33
1797 1789 3
1797 1789 35
1797 1789 14
1797 1828 15
1797 1828 7
1797 1828 16
1797 1828 24
1797 1869 34
1797 1869 40
1797 1869 59
1797 1869 22
1797 1838 10
1797 1838 42
1797 1838 25
1797 1838 35
1797 1839 13
1797 1839 44
1797 1839 7
1797 1839 36
1797 1819 7
1797 1819 10
1797 1819 18
1797 1819 9
1797 1827 10
1797 1827 1
1797 1827 43
1797 1827 46
1797 1868 41
1797 1868 52
1797 1868 57
1797 1868 48
1797 1870 41
1797 1870 20
1797 1870 53
1797 1870 23
1797 1836 5
1797 1836 15
1797 1836 9
1797 1836 35
1797 1841 29
1797 1841 33
1797 1841 26
1797 1841 49
1797 1820 28
1797 1820 46
1797 1820 12
1797 1820 24
1797 1824 35
1797 1824 24
1797 1824 31
1797 1824 7
1797 1890 40
1797 1890 10
1797 1890 36
1797 1890 14
1797 1875 57
1797 1875 52
1797 1875 47
1797 1875 7
1797 1837 43
1797 1837 13
1797 1837 52
1797 1837 54
1797 1848 23
1797 1848 60
1797 1848 23
1797 1848 11
1797 1853 56
1797 1853 17
1797 1853 32
1797 1853 57
1798 1831 24
1798 1831 24
1798 1831 12
1798 1831 12
1798 1830 5
1798 1830 7
1798 1830 55
1798 1830 15
1798 1833 8
1798 1833 16
1798 1833 13
1798 1833 36
1798 1834 59
1798 1834 39
1798 1834 43
1798 1834 42
1798 1821 9
1798 1821 3
1798 1821 30
1798 1821 34
1798 1832 57
1798 1832 10
1798 1832 14
1798 1832 11
1798 1835 31
1798 1835 59
1798 1835 60
1798 1835 15
1798 1788 41
1798 1788 22
1798 1788 14
1798 1788 21
1798 1822 44
1798 1822 29
1798 1822 33
1798 1822 2
1798 1846 5
1798 1846 5
1798 1846 6
1798 1846 23
1798 1790 0
1798 1790 47
1798 1790 12
1798 1790 13
1798 1866 44
1798 1866 3
1798 1866 56
1798 1866 15
1798 1829 10
1798 1829 47
1798 1829 30
1798 1829 31
1798 1847 44
1798 1847 54
1798 1847 25
1798 1847 8
1798 1789 33
1798 1789 31
1798 1789 54
1798 1789 0
1798 1828 28
1798 1828 50
1798 1828 58
1798 1828 52
1798 1869 45
1798 1869 31
1798 1869 3
1798 1869 39
1798 1838 59
1798 1838 7
1798 1838 16
1798 1838 36
1798 1839 13
1798 1839 43
1798 1839 53
1798 1839 38
1798 1819 21
1798 1819 58
1798 1819 48
1798 1819 22
1798 1827 45
1798 1827 59
1798 1827 47
1798 1827 45
1798 1868 10
1798 1868 39
1798 1868 60
1798 1868 40
1798 1870 6
1798 1870 57
1798 1870 56
1798 1870 21
1798 1836 49
1798 1836 27
1798 1836 3
1798 1836 27
1798 1841 20
1798 1841 54
1798 1841 4
1798 1841 32
1798 1820 21
1798 1820 34
1798 1820 27
1798 1820 55
1798 1824 17
1798 1824 2
1798 1824 54
1798 1824 8
1798 1890 32
1798 1890 11
1798 1890 13
1798 1890 4
1798 1875 9
1798 1875 10
1798 1875 1
1798 1875 3
1798 1837 45
1798 1837 48
1798 1837 18
1798 1837 52
1798 1848 20
1798 1848 32
1798 1848 8
1798 1848 13
1798 1853 1
1798 1853 38
1798 1853 14
1798 1853 10
1816 1831 35
1816 1831 1
1816 1831 5
1816 1831 3
1816 1830 16
1816 1830 16
1816 1830 18
1816 1830 35
1816 1833 38
1816 1833 13
1816 1833 58
1816 1833 55
1816 1834 45
1816 1834 41
1816 1834 55
1816 1834 44
1816 1821 44
1816 1821 47
1816 1821 44
1816 1821 58
1816 1832 0
1816 1832 0
1816 1832 49
1816 1832 13
1816 1835 53
1816 1835 22
1816 1835 56
1816 1835 4
1816 1788 24
1816 1788 32
1816 1788 11
1816 1788 31
1816 1822 24
1816 1822 28
1816 1822 26
1816 1822 55
1816 1846 6
1816 1846 36
1816 1846 0
1816 1846 34
1816 1790 44
1816 1790 16
1816 1790 56
1816 1790 60
1816 1866 44
1816 1866 22
1816 1866 47
1816 1866 11
1816 1829 49
1816 1829 51
1816 1829 15
1816 1829 29
1816 1847 31
1816 1847 14
1816 1847 37
1816 1847 56
1816 1789 31
1816 1789 21
1816 1789 10
1816 1789 2
1816 1828 16
1816 1828 52
1816 1828 54
1816 1828 51
1816 1869 58
1816 1869 2
1816 1869 54
1816 1869 35
1816 1838 19
1816 1838 26
1816 1838 27
1816 1838 40
1816 1839 23
1816 1839 50
1816 1839 11
1816 1839 10
1816 1819 27
1816 1819 41
1816 1819 20
1816 1819 15
1816 1827 9
1816 1827 3
1816 1827 25
1816 1827 6
1816 1868 25
1816 1868 38
1816 1868 31
1816 1868 51
1816 1870 30
1816 1870 6
1816 1870 21
1816 1870 58
1816 1836 60
1816 1836 17
1816 1836 28
1816 1836 55
1816 1841 32
1816 1841 39
1816 1841 13
1816 1841 56
1816 1820 13
1816 1820 18
1816 1820 12
1816 1820 45
1816 1824 39
1816 1824 39
1816 1824 60
1816 1824 58
1816 1890 0
1816 1890 3
1816 1890 31
1816 1890 42
1816 1875 46
1816 1875 16
1816 1875 18
1816 1875 27
1816 1837 14
1816 1837 41
1816 1837 36
1816 1837 26
1816 1848 26
1816 1848 11
1816 1848 38
1816 1848 54
1816 1853 5
1816 1853 48
1816 1853 7
1816 1853 9
1825 1831 17
1825 1831 44
1825 1831 33
1825 1831 44
1825 1830 9
1825 1830 59
1825 1830 33
1825 1830 38
1825 1833 58
1825 1833 40
1825 1833 49
1825 1833 31
1825 1834 37
1825 1834 22
1825 1834 29
1825 1834 0
1825 1821 3
1825 1821 32
1825 1821 16
1825 1821 45
1825 1832 41
1825 1832 9
1825 1832 51
1825 1832 50
1825 1835 21
1825 1835 28
1825 1835 20
1825 1835 41
1825 1788 36
1825 1788 30
1825 1788 3
1825 1788 44
1825 1822 55
1825 1822 10
1825 1822 37
1825 1822 12
1825 1846 43
1825 1846 28
1825 1846 19
1825 1846 36
1825 1790 52
1825 1790 27
1825 1790 47
1825 1790 30
1825 1866 37
1825 1866 32
1825 1866 47
1825 1866 37
1825 1829 25
1825 1829 44
1825 1829 29
1825 1829 59
1825 1847 39
1825 1847 35
1825 1847 55
1825 1847 29
1825 1789 33
1825 1789 25
1825 1789 38
1825 1789 13
1825 1828 56
1825 1828 45
1825 1828 37
1825 1828 14
1825 1869 21
1825 1869 54
1825 1869 5
1825 1869 12
1825 1838 26
1825 1838 54
1825 1838 36
1825 1838 42
1825 1839 55
1825 1839 47
1825 1839 39
1825 1839 2
1825 1819 9
1825 1819 49
1825 1819 24
1825 1819 46
1825 1827 47
1825 1827 12
1825 1827 42
1825 1827 60
1825 1868 48
1825 1868 54
1825 1868 41
1825 1868 43
1825 1870 4
1825 1870 7
1825 1870 10
1825 1870 29
1825 1836 4
1825 1836 3
1825 1836 40
1825 1836 17
1825 1841 34
1825 1841 57
1825 1841 15
1825 1841 56
1825 1820 50
1825 1820 25
1825 1820 27
1825 1820 25
1825 1824 59
1825 1824 19
1825 1824 17
1825 1824 58
1825 1890 54
1825 1890 0
1825 1890 0
1825 1890 26
1825 1875 37
1825 1875 58
1825 1875 0
1825 1875 35
1825 1837 30
1825 1837 2
1825 1837 31
1825 1837 17
1825 1848 10
1825 1848 30
1825 1848 0
1825 1848 11
1825 1853 6
1825 1853 31
1825 1853 8
1825 1853 18
1792 1831 32
1792 1831 45
1792 1831 40
1792 1831 47
1792 1830 59
1792 1830 56
1792 1830 2
1792 1830 39
1792 1833 41
1792 1833 43
1792 1833 40
1792 1833 37
1792 1834 59
1792 1834 43
1792 1834 37
1792 1834 48
1792 1821 15
1792 1821 7
1792 1821 51
1792 1821 11
1792 1832 31
1792 1832 48
1792 1832 39
1792 1832 34
1792 1835 19
1792 1835 44
1792 1835 18
1792 1835 52
1792 1788 40
1792 1788 18
1792 1788 59
1792 1788 60
1792 1822 30
1792 1822 31
1792 1822 56
1792 1822 29
1792 1846 21
1792 1846 7
1792 1846 40
1792 1846 39
1792 1790 56
1792 1790 16
1792 1790 16
1792 1790 58
1792 1866 26
1792 1866 53
1792 1866 31
1792 1866 38
1792 1829 4
1792 1829 4
1792 1829 60
1792 1829 51
1792 1847 7
1792 1847 45
1792 1847 53
1792 1847 53
1792 1789 37
1792 1789 10
1792 1789 39
1792 1789 9
1792 1828 44
1792 1828 24
1792 1828 28
1792 1828 15
1792 1869 50
1792 1869 0
1792 1869 9
1792 1869 42
1792 1838 33
1792 1838 10
1792 1838 33
1792 1838 48
1792 1839 6
1792 1839 7
1792 1839 31
1792 1839 45
1792 1819 30
1792 1819 8
1792 1819 32
1792 1819 0
1792 1827 55
1792 1827 27
1792 1827 26
1792 1827 41
1792 1868 58
1792 1868 60
1792 1868 60
1792 1868 27
1792 1870 6
1792 1870 36
1792 1870 47
1792 1870 19
1792 1836 52
1792 1836 29
1792 1836 15
1792 1836 4
1792 1841 47
1792 1841 56
1792 1841 60
1792 1841 45
1792 1820 13
1792 1820 60
1792 1820 27
1792 1820 29
1792 1824 42
1792 1824 35
1792 1824 57
1792 1824 37
1792 1890 53
1792 1890 47
1792 1890 27
1792 1890 25
1792 1875 40
1792 1875 28
1792 1875 6
1792 1875 34
1792 1837 39
1792 1837 49
1792 1837 34
1792 1837 40
1792 1848 30
1792 1848 38
1792 1848 47
1792 1848 49
1792 1853 26
1792 1853 51
1792 1853 46
1792 1853 18
1814 1831 32
1814 1831 22
1814 1831 51
1814 1831 35
1814 1830 25
1814 1830 4
1814 1830 42
1814 1830 53
1814 1833 10
1814 1833 37
1814 1833 38
1814 1833 50
1814 1834 8
1814 1834 38
1814 1834 31
1814 1834 17
1814 1821 31
1814 1821 11
1814 1821 28
1814 1821 3
1814 1832 12
1814 1832 6
1814 1832 40
1814 1832 55
1814 1835 54
1814 1835 58
1814 1835 31
1814 1835 18
1814 1788 23
1814 1788 22
1814 1788 0
1814 1788 39
1814 1822 46
1814 1822 33
1814 1822 25
1814 1822 3
1814 1846 23
1814 1846 14
1814 1846 28
1814 1846 32
1814 1790 20
1814 1790 58
1814 1790 55
1814 1790 0
1814 1866 53
1814 1866 41
1814 1866 40
1814 1866 3
1814 1829 45
1814 1829 18
1814 1829 16
1814 1829 4
1814 1847 17
1814 1847 1
1814 1847 36
1814 1847 10
1814 1789 51
1814 1789 42
1814 1789 23
1814 1789 50
1814 1828 4
1814 1828 20
1814 1828 34
1814 1828 49
1814 1869 30
1814 1869 56
1814 1869 9
1814 1869 31
1814 1838 42
1814 1838 46
1814 1838 29
1814 1838 17
1814 1839 21
1814 1839 0
1814 1839 12
1814 1839 37
1814 1819 19
1814 1819 18
1814 1819 0
1814 1819 34
1814 1827 52
1814 1827 24
1814 1827 10
1814 1827 58
1814 1868 47
1814 1868 4
1814 1868 8
1814 1868 42
1814 1870 32
1814 1870 20
1814 1870 46
1814 1870 28
1814 1836 60
1814 1836 23
1814 1836 31
1814 1836 29
1814 1841 42
1814 1841 32
1814 1841 17
1814 1841 10
1814 1820 34
1814 1820 52
1814 1820 3
1814 1820 48
1814 1824 20
1814 1824 50
1814 1824 33
1814 1824 31
1814 1890 30
1814 1890 37
1814 1890 56
1814 1890 31
1814 1875 19
1814 1875 18
1814 1875 28
1814 1875 47
1814 1837 14
1814 1837 50
1814 1837 16
1814 1837 23
1814 1848 53
1814 1848 19
1814 1848 28
1814 1848 21
1814 1853 21
1814 1853 31
1814 1853 10
1814 1853 7
1799 1831 42
1799 1831 42
1799 1831 15
1799 1831 28
1799 1830 17
1799 1830 41
1799 1830 20
1799 1830 37
1799 1833 12
1799 1833 39
1799 1833 53
1799 1833 14
1799 1834 49
1799 1834 42
1799 1834 31
1799 1834 6
1799 1821 30
1799 1821 11
1799 1821 30
1799 1821 14
1799 1832 24
1799 1832 37
1799 1832 26
1799 1832 26
1799 1835 48
1799 1835 15
1799 1835 38
1799 1835 8
1799 1788 28
1799 1788 53
1799 1788 14
1799 1788 14
1799 1822 5
1799 1822 52
1799 1822 36
1799 1822 18
1799 1846 4
1799 1846 35
1799 1846 57
1799 1846 7
1799 1790 54
1799 1790 0
1799 1790 16
1799 1790 59
1799 1866 57
1799 1866 59
1799 1866 56
1799 1866 1
1799 1829 5
1799 1829 21
1799 1829 10
1799 1829 7
1799 1847 58
1799 1847 55
1799 1847 34
1799 1847 19
1799 1789 12
1799 1789 9
1799 1789 41
1799 1789 41
1799 1828 4
1799 1828 35
1799 1828 39
1799 1828 50
1799 1869 13
1799 1869 11
1799 1869 52
1799 1869 34
1799 1838 34
1799 1838 7
1799 1838 43
1799 1838 15
1799 1839 28
1799 1839 37
1799 1839 7
1799 1839 50
1799 1819 56
1799 1819 21
1799 1819 60
1799 1819 8
1799 1827 32
1799 1827 54
1799 1827 31
1799 1827 13
1799 1868 15
1799 1868 52
1799 1868 36
1799 1868 58
1799 1870 2
1799 1870 60
1799 1870 9
1799 1870 30
1799 1836 33
1799 1836 16
1799 1836 53
1799 1836 31
1799 1841 53
1799 1841 27
1799 1841 49
1799 1841 17
1799 1820 60
1799 1820 40
1799 1820 57
1799 1820 26
1799 1824 5
1799 1824 46
1799 1824 8
1799 1824 59
1799 1890 34
1799 1890 53
1799 1890 44
1799 1890 1
1799 1875 47
1799 1875 19
1799 1875 50
1799 1875 12
1799 1837 41
1799 1837 44
1799 1837 36
1799 1837 13
1799 1848 46
1799 1848 27
1799 1848 39
1799 1848 6
1799 1853 12
1799 1853 2
1799 1853 16
1799 1853 28
1817 1831 3
1817 1831 36
1817 1831 26
1817 1831 11
1817 1830 33
1817 1830 23
1817 1830 39
1817 1830 60
1817 1833 57
1817 1833 51
1817 1833 40
1817 1833 40
1817 1834 50
1817 1834 29
1817 1834 18
1817 1834 42
1817 1821 7
1817 1821 24
1817 1821 53
1817 1821 34
1817 1832 11
1817 1832 16
1817 1832 5
1817 1832 13
1817 1835 16
1817 1835 14
1817 1835 24
1817 1835 34
1817 1788 10
1817 1788 58
1817 1788 39
1817 1788 10
1817 1822 18
1817 1822 26
1817 1822 22
1817 1822 1
1817 1846 38
1817 1846 45
1817 1846 59
1817 1846 16
1817 1790 20
1817 1790 26
1817 1790 2
1817 1790 37
1817 1866 28
1817 1866 13
1817 1866 23
1817 1866 50
1817 1829 52
1817 1829 19
1817 1829 38
1817 1829 41
1817 1847 60
1817 1847 2
1817 1847 35
1817 1847 55
1817 1789 9
1817 1789 32
1817 1789 56
1817 1789 39
1817 1828 3
1817 1828 40
1817 1828 7
1817 1828 9
1817 1869 6
1817 1869 11
1817 1869 15
1817 1869 43
1817 1838 39
1817 1838 34
1817 1838 49
1817 1838 2
1817 1839 19
1817 1839 55
1817 1839 35
1817 1839 53
1817 1819 42
1817 1819 5
1817 1819 37
1817 1819 18
1817 1827 51
1817 1827 42
1817 1827 31
1817 1827 48
1817 1868 35
1817 1868 34
1817 1868 28
1817 1868 23
1817 1870 29
1817 1870 43
1817 1870 57
1817 1870 59
1817 1836 43
1817 1836 40
1817 1836 18
1817 1836 45
1817 1841 38
1817 1841 22
1817 1841 55
1817 1841 27
1817 1820 15
1817 1820 38
1817 1820 53
1817 1820 42
1817 1824 52
1817 1824 23
1817 1824 33
1817 1824 31
1817 1890 36
1817 1890 29
1817 1890 57
1817 1890 60
1817 1875 58
1817 1875 12
1817 1875 34
1817 1875 0
1817 1837 52
1817 1837 58
1817 1837 28
1817 1837 7
1817 1848 3
1817 1848 33
1817 1848 36
1817 1848 39
1817 1853 41
1817 1853 14
1817 1853 54
1817 1853 10
1826 1831 8
1826 1831 58
1826 1831 19
1826 1831 51
1826 1830 21
1826 1830 3
1826 1830 4
1826 1830 46
1826 1833 14
1826 1833 56
1826 1833 6
1826 1833 37
1826 1834 35
1826 1834 25
1826 1834 35
1826 1834 33
1826 1821 11
1826 1821 16
1826 1821 0
1826 1821 44
1826 1832 33
1826 1832 1
1826 1832 5
1826 1832 47
1826 1835 45
1826 1835 5
1826 1835 43
1826 1835 35
1826 1788 43
1826 1788 25
1826 1788 45
1826 1788 22
1826 1822 41
1826 1822 26
1826 1822 10
1826 1822 27
1826 1846 15
1826 1846 16
1826 1846 42
1826 1846 36
1826 1790 47
1826 1790 56
1826 1790 23
1826 1790 2
1826 1866 34
1826 1866 22
1826 1866 24
1826 1866 9
1826 1829 48
1826 1829 48
1826 1829 20
1826 1829 40
1826 1847 31
1826 1847 45
1826 1847 13
1826 1847 1
1826 1789 60
1826 1789 6
1826 1789 60
1826 1789 26
1826 1828 13
1826 1828 15
1826 1828 40
1826 1828 16
1826 1869 47
1826 1869 47
1826 1869 31
1826 1869 38
1826 1838 8
1826 1838 18
1826 1838 23
1826 1838 27
1826 1839 44
1826 1839 57
1826 1839 45
1826 1839 60
1826 1819 52
1826 1819 19
1826 1819 47
1826 1819 38
1826 1827 2
1826 1827 16
1826 1827 45
1826 1827 57
1826 1868 28
1826 1868 49
1826 1868 6
1826 1868 43
1826 1870 53
1826 1870 39
1826 1870 45
1826 1870 50
1826 1836 5
1826 1836 13
1826 1836 0
1826 1836 36
1826 1841 16
1826 1841 33
1826 1841 32
1826 1841 25
1826 1820 5
1826 1820 53
1826 1820 22
1826 1820 19
1826 1824 23
1826 1824 49
1826 1824 13
1826 1824 33
1826 1890 23
1826 1890 33
1826 1890 32
1826 1890 6
1826 1875 15
1826 1875 50
1826 1875 30
1826 1875 25
1826 1837 14
1826 1837 11
1826 1837 56
1826 1837 27
1826 1848 22
1826 1848 58
1826 1848 13
1826 1848 47
1826 1853 10
1826 1853 55
1826 1853 39
1826 1853 39
1860 1831 30
1860 1831 22
1860 1831 48
1860 1831 4
1860 1830 60
1860 1830 6
1860 1830 10
1860 1830 39
1860 1833 58
1860 1833 42
1860 1833 37
1860 1833 25
1860 1834 33
1860 1834 43
1860 1834 41
1860 1834 6
1860 1821 26
1860 1821 43
1860 1821 1
1860 1821 50
1860 1832 33
1860 1832 5
1860 1832 15
1860 1832 29
1860 1835 0
1860 1835 35
1860 1835 36
1860 1835 8
1860 1788 1
1860 1788 28
1860 1788 45
1860 1788 17
1860 1822 14
1860 1822 45
1860 1822 19
1860 1822 21
1860 1846 4
1860 1846 55
1860 1846 9
1860 1846 39
1860 1790 54
1860 1790 57
1860 1790 21
1860 1790 8
1860 1866 48
1860 1866 24
1860 1866 12
1860 1866 48
1860 1829 49
1860 1829 57
1860 1829 8
1860 1829 35
1860 1847 17
1860 1847 1
1860 1847 30
1860 1847 30
1860 1789 3
1860 1789 27
1860 1789 47
1860 1789 57
1860 1828 29
1860 1828 42
1860 1828 6
1860 1828 23
1860 1869 5
1860 1869 33
1860 1869 48
1860 1869 2
1860 1838 52
1860 1838 36
1860 1838 28
1860 1838 32
1860 1839 43
1860 1839 48
1860 1839 19
1860 1839 27
1860 1819 37
1860 1819 46
1860 1819 44
1860 1819 9
1860 1827 7
1860 1827 51
1860 1827 46
1860 1827 22
1860 1868 13
1860 1868 3
1860 1868 6
1860 1868 41
1860 1870 26
1860 1870 22
1860 1870 24
1860 1870 49
1860 1836 19
1860 1836 51
1860 1836 11
1860 1836 57
1860 1841 44
1860 1841 37
1860 1841 11
1860 1841 50
1860 1820 53
1860 1820 31
1860 1820 45
1860 1820 35
1860 1824 12
1860 1824 56
1860 1824 34
1860 1824 56
1860 1890 52
1860 1890 46
1860 1890 55
1860 1890 59
1860 1875 36
1860 1875 45
1860 1875 41
1860 1875 42
1860 1837 59
1860 1837 33
1860 1837 6
1860 1837 1
1860 1848 23
1860 1848 31
1860 1848 43
1860 1848 24
1860 1853 55
1860 1853 37
1860 1853 27
1860 1853 14
1862 1831 30
1862 1831 52
1862 1831 34
1862 1831 29
1862 1830 3
1862 1830 46
1862 1830 58
1862 1830 41
1862 1833 3
1862 1833 59
1862 1833 17
1862 1833 15
1862 1834 8
1862 1834 41
1862 1834 7
1862 1834 6
1862 1821 5
1862 1821 40
1862 1821 46
1862 1821 30
1862 1832 28
1862 1832 7
1862 1832 25
1862 1832 34
1862 1835 57
1862 1835 29
1862 1835 13
1862 1835 12
1862 1788 25
1862 1788 57
1862 1788 10
1862 1788 57
1862 1822 19
1862 1822 3
1862 1822 45
1862 1822 44
1862 1846 39
1862 1846 55
1862 1846 44
1862 1846 0
1862 1790 20
1862 1790 47
1862 1790 34
1862 1790 15
1862 1866 28
1862 1866 10
1862 1866 41
1862 1866 32
1862 1829 25
1862 1829 56
1862 1829 54
1862 1829 9
1862 1847 16
1862 1847 0
1862 1847 3
1862 1847 8
1862 1789 21
1862 1789 5
1862 1789 54
1862 1789 55
1862 1828 11
1862 1828 57
1862 1828 14
1862 1828 15
1862 1869 51
1862 1869 29
1862 1869 39
1862 1869 2
1862 1838 56
1862 1838 2
1862 1838 22
1862 1838 46
1862 1839 33
1862 1839 59
1862 1839 51
1862 1839 41
1862 1819 38
1862 1819 37
1862 1819 58
1862 1819 13
1862 1827 21
1862 1827 22
1862 1827 17
1862 1827 8
1862 1868 32
1862 1868 29
1862 1868 24
1862 1868 51
1862 1870 32
1862 1870 26
1862 1870 3
1862 1870 17
1862 1836 14
1862 1836 49
1862 1836 36
1862 1836 15
1862 1841 5
1862 1841 34
1862 1841 35
1862 1841 59
1862 1820 50
1862 1820 56
1862 1820 49
1862 1820 39
1862 1824 20
1862 1824 44
1862 1824 47
1862 1824 55
1862 1890 5
1862 1890 15
1862 1890 3
1862 1890 44
1862 1875 13
1862 1875 54
1862 1875 28
1862 1875 23
1862 1837 19
1862 1837 46
1862 1837 28
1862 1837 10
1862 1848 22
1862 1848 48
1862 1848 36
1862 1848 15
1862 1853 40
1862 1853 29
1862 1853 50
1862 1853 17
1795 1831 33
1795 1831 43
1795 1831 11
1795 1831 38
1795 1830 45
1795 1830 0
1795 1830 8
1795 1830 17
1795 1833 21
1795 1833 47
1795 1833 54
1795 1833 11
1795 1834 0
1795 1834 50
1795 1834 14
1795 1834 45
1795 1821 14
1795 1821 52
1795 1821 41
1795 1821 21
1795 1832 51
1795 1832 10
1795 1832 54
1795 1832 51
1795 1835 28
1795 1835 28
1795 1835 28
1795 1835 25
1795 1788 36
1795 1788 41
1795 1788 31
1795 1788 57
1795 1822 17
1795 1822 43
1795 1822 8
1795 1822 28
1795 1846 32
1795 1846 23
1795 1846 6
1795 1846 22
1795 1790 7
1795 1790 36
1795 1790 8
1795 1790 35
1795 1866 17
1795 1866 40
1795 1866 27
1795 1866 49
1795 1829 17
1795 1829 42
1795 1829 3
1795 1829 43
1795 1847 9
1795 1847 22
1795 1847 44
1795 1847 59
1795 1789 23
1795 1789 30
1795 1789 13
1795 1789 58
1795 1828 40
1795 1828 28
1795 1828 60
1795 1828 54
1795 1869 22
1795 1869 30
1795 1869 7
1795 1869 37
1795 1838 10
1795 1838 23
1795 1838 56
1795 1838 24
1795 1839 55
1795 1839 25
1795 1839 39
1795 1839 45
1795 1819 19
1795 1819 45
1795 1819 7
1795 1819 24
1795 1827 46
1795 1827 22
1795 1827 5
1795 1827 10
1795 1868 45
1795 1868 56
1795 1868 45
1795 1868 12
1795 1870 9
1795 1870 53
1795 1870 33
1795 1870 25
1795 1836 3
1795 1836 36
1795 1836 12
1795 1836 52
1795 1841 18
1795 1841 23
1795 1841 55
1795 1841 39
1795 1820 26
1795 1820 39
1795 1820 58
1795 1820 28
1795 1824 50
1795 1824 3
1795 1824 36
1795 1824 30
1795 1890 40
1795 1890 32
1795 1890 39
1795 1890 58
1795 1875 51
1795 1875 60
1795 1875 4
1795 1875 50
1795 1837 13
1795 1837 19
1795 1837 28
1795 1837 51
1795 1848 52
1795 1848 24
1795 1848 17
1795 1848 6
1795 1853 1
1795 1853 35
1795 1853 52
1795 1853 8
1813 1831 53
1813 1831 7
1813 1831 16
1813 1831 51
1813 1830 37
1813 1830 37
1813 1830 52
1813 1830 24
1813 1833 40
1813 1833 15
1813 1833 31
1813 1833 3
1813 1834 41
1813 1834 41
1813 1834 38
1813 1834 27
1813 1821 2
1813 1821 39
1813 1821 11
1813 1821 28
1813 1832 9
1813 1832 48
1813 1832 9
1813 1832 0
1813 1835 54
1813 1835 55
1813 1835 37
1813 1835 46
1813 1788 26
1813 1788 8
1813 1788 59
1813 1788 58
1813 1822 46
1813 1822 38
1813 1822 25
1813 1822 30
1813 1846 5
1813 1846 29
1813 1846 1
1813 1846 36
1813 1790 59
1813 1790 60
1813 1790 25
1813 1790 47
1813 1866 18
1813 1866 11
1813 1866 3
1813 1866 41
1813 1829 54
1813 1829 26
1813 1829 5
1813 1829 46
1813 1847 1
1813 1847 21
1813 1847 38
1813 1847 38
1813 1789 5
1813 1789 0
1813 1789 9
1813 1789 1
1813 1828 12
1813 1828 19
1813 1828 34
1813 1828 0
1813 1869 33
1813 1869 55
1813 1869 32
1813 1869 55
1813 1838 33
1813 1838 41
1813 1838 3
1813 1838 46
1813 1839 44
1813 1839 15
1813 1839 13
1813 1839 33
1813 1819 47
1813 1819 6
1813 1819 45
1813 1819 34
1813 1827 28
1813 1827 28
1813 1827 57
1813 1827 34
1813 1868 37
1813 1868 48
1813 1868 46
1813 1868 51
1813 1870 9
1813 1870 55
1813 1870 29
1813 1870 7
1813 1836 24
1813 1836 18
1813 1836 60
1813 1836 9
1813 1841 41
1813 1841 56
1813 1841 38
1813 1841 39
1813 1820 35
1813 1820 0
1813 1820 3
1813 1820 25
1813 1824 21
1813 1824 9
1813 1824 42
1813 1824 54
1813 1890 23
1813 1890 13
1813 1890 32
1813 1890 58
1813 1875 5
1813 1875 21
1813 1875 19
1813 1875 25
1813 1837 41
1813 1837 9
1813 1837 2
1813 1837 56
1813 1848 25
1813 1848 0
1813 1848 34
1813 1848 39
1813 1853 38
1813 1853 55
1813 1853 3
1813 1853 25
1796 1831 3
1796 1831 31
1796 1831 36
1796 1831 6
1796 1830 19
1796 1830 31
1796 1830 32
1796 1830 47
1796 1833 50
1796 1833 33
1796 1833 49
1796 1833 38
1796 1834 37
1796 1834 55
1796 1834 28
1796 1834 39
1796 1821 40
1796 1821 55
1796 1821 11
1796 1821 60
1796 1832 30
1796 1832 20
1796 1832 29
1796 1832 13
1796 1835 52
1796 1835 56
1796 1835 30
1796 1835 24
1796 1788 27
1796 1788 56
1796 1788 20
1796 1788 32
1796 1822 40
1796 1822 57
1796 1822 16
1796 1822 23
1796 1846 47
1796 1846 51
1796 1846 46
1796 1846 35
1796 1790 20
1796 1790 26
1796 1790 44
1796 1790 35
1796 1866 0
1796 1866 1
1796 1866 9
1796 1866 46
1796 1829 47
1796 1829 1
1796 1829 60
1796 1829 1
1796 1847 0
1796 1847 11
1796 1847 38
1796 1847 56
1796 1789 33
1796 1789 18
1796 1789 38
1796 1789 31
1796 1828 1
1796 1828 4
1796 1828 38
1796 1828 54
1796 1869 7
1796 1869 47
1796 1869 18
1796 1869 20
1796 1838 39
1796 1838 18
1796 1838 21
1796 1838 24
1796 1839 49
1796 1839 60
1796 1839 16
1796 1839 26
1796 1819 50
1796 1819 5
1796 1819 34
1796 1819 51
1796 1827 9
1796 1827 9
1796 1827 4
1796 1827 35
1796 1868 56
1796 1868 17
1796 1868 52
1796 1868 50
1796 1870 32
1796 1870 40
1796 1870 15
1796 1870 40
1796 1836 15
1796 1836 20
1796 1836 46
1796 1836 35
1796 1841 31
1796 1841 36
1796 1841 9
1796 1841 41
1796 1820 49
1796 1820 32
1796 1820 51
1796 1820 8
1796 1824 3
1796 1824 44
1796 1824 21
1796 1824 4
1796 1890 48
1796 1890 56
1796 1890 10
1796 1890 30
1796 1875 22
1796 1875 21
1796 1875 8
1796 1875 3
1796 1837 1
1796 1837 59
1796 1837 51
1796 1837 14
1796 1848 44
1796 1848 27
1796 1848 40
1796 1848 24
1796 1853 36
1796 1853 32
1796 1853 8
1796 1853 21
1801 1831 15
1801 1831 12
1801 1831 53
1801 1831 25
1801 1830 21
1801 1830 60
1801 1830 44
1801 1830 39
1801 1833 49
1801 1833 12
1801 1833 45
1801 1833 26
1801 1834 58
1801 1834 45
1801 1834 21
1801 1834 36
1801 1821 52
1801 1821 26
1801 1821 3
1801 1821 25
1801 1832 29
1801 1832 37
1801 1832 51
1801 1832 48
1801 1835 32
1801 1835 31
1801 1835 13
1801 1835 2
1801 1788 31
1801 1788 60
1801 1788 54
1801 1788 14
1801 1822 3
1801 1822 58
1801 1822 30
1801 1822 17
1801 1846 25
1801 1846 16
1801 1846 54
1801 1846 38
1801 1790 6
1801 1790 24
1801 1790 54
1801 1790 2
1801 1866 56
1801 1866 5
1801 1866 50
1801 1866 30
1801 1829 44
1801 1829 57
1801 1829 35
1801 1829 0
1801 1847 24
1801 1847 7
1801 1847 15
1801 1847 8
1801 1789 38
1801 1789 1
1801 1789 57
1801 1789 5
1801 1828 11
1801 1828 60
1801 1828 24
1801 1828 18
1801 1869 54
1801 1869 46
1801 1869 34
1801 1869 0
1801 1838 23
1801 1838 19
1801 1838 44
1801 1838 14
1801 1839 21
1801 1839 50
1801 1839 18
1801 1839 5
1801 1819 20
1801 1819 22
1801 1819 30
1801 1819 24
1801 1827 32
1801 1827 2
1801 1827 21
1801 1827 56
1801 1868 18
1801 1868 60
1801 1868 49
1801 1868 14
1801 1870 17
1801 1870 33
1801 1870 18
1801 1870 3
1801 1836 16
1801 1836 2
1801 1836 0
1801 1836 47
1801 1841 31
1801 1841 18
1801 1841 22
1801 1841 58
1801 1820 39
1801 1820 5
1801 1820 55
1801 1820 46
1801 1824 59
1801 1824 11
1801 1824 11
1801 1824 49
1801 1890 47
1801 1890 29
1801 1890 6
1801 1890 59
1801 1875 27
1801 1875 33
1801 1875 25
1801 1875 48
1801 1837 24
1801 1837 41
1801 1837 45
1801 1837 18
1801 1848 34
1801 1848 37
1801 1848 59
1801 1848 27
1801 1853 40
1801 1853 54
1801 1853 2
1801 1853 13
1800 1831 55
1800 1831 34
1800 1831 12
1800 1831 35
1800 1830 37
1800 1830 38
1800 1830 14
1800 1830 21
1800 1833 38
1800 1833 33
1800 1833 29
1800 1833 35
1800 1834 20
1800 1834 13
1800 1834 13
1800 1834 29
1800 1821 58
1800 1821 34
1800 1821 11
1800 1821 51
1800 1832 9
1800 1832 55
1800 1832 23
1800 1832 17
1800 1835 35
1800 1835 33
1800 1835 12
1800 1835 56
1800 1788 33
1800 1788 0
1800 1788 17
1800 1788 18
1800 1822 19
1800 1822 1
1800 1822 40
1800 1822 58
1800 1846 37
1800 1846 47
1800 1846 21
1800 1846 30
1800 1790 3
1800 1790 15
1800 1790 32
1800 1790 23
1800 1866 49
1800 1866 7
1800 1866 49
1800 1866 2
1800 1829 42
1800 1829 3
1800 1829 37
1800 1829 58
1800 1847 33
1800 1847 15
1800 1847 17
1800 1847 39
1800 1789 41
1800 1789 15
1800 1789 47
1800 1789 19
1800 1828 48
1800 1828 26
1800 1828 22
1800 1828 44
1800 1869 41
1800 1869 8
1800 1869 45
1800 1869 56
1800 1838 31
1800 1838 34
1800 1838 58
1800 1838 1
1800 1839 55
1800 1839 46
1800 1839 25
1800 1839 37
1800 1819 55
1800 1819 33
1800 1819 3
1800 1819 5
1800 1827 10
1800 1827 12
1800 1827 39
1800 1827 50
1800 1868 3
1800 1868 44
1800 1868 15
1800 1868 12
1800 1870 40
1800 1870 38
1800 1870 37
1800 1870 13
1800 1836 57
1800 1836 51
1800 1836 50
1800 1836 12
1800 1841 32
1800 1841 27
1800 1841 54
1800 1841 17
1800 1820 33
1800 1820 38
1800 1820 23
1800 1820 60
1800 1824 42
1800 1824 34
1800 1824 5
1800 1824 4
1800 1890 8
1800 1890 25
1800 1890 0
1800 1890 5
1800 1875 34
1800 1875 29
1800 1875 2
1800 1875 29
1800 1837 50
1800 1837 29
1800 1837 27
1800 1837 51
1800 1848 10
1800 1848 26
1800 1848 9
1800 1848 16
1800 1853 27
1800 1853 23
1800 1853 45
1800 1853 29
1818 1831 56
1818 1831 53
1818 1831 12
1818 1831 58
1818 1830 21
1818 1830 12
1818 1830 30
1818 1830 4
1818 1833 26
1818 1833 13
1818 1833 57
1818 1833 53
1818 1834 39
1818 1834 17
1818 1834 37
1818 1834 44
1818 1821 45
1818 1821 14
1818 1821 5
1818 1821 26
1818 1832 47
1818 1832 8
1818 1832 35
1818 1832 59
1818 1835 18
1818 1835 14
1818 1835 20
1818 1835 45
1818 1788 46
1818 1788 25
1818 1788 49
1818 1788 27
1818 1822 58
1818 1822 49
1818 1822 54
1818 1822 34
1818 1846 45
1818 1846 18
1818 1846 48
1818 1846 12
1818 1790 40
1818 1790 25
1818 1790 55
1818 1790 23
1818 1866 6
1818 1866 24
1818 1866 55
1818 1866 6
1818 1829 47
1818 1829 58
1818 1829 31
1818 1829 12
1818 1847 59
1818 1847 45
1818 1847 24
1818 1847 17
1818 1789 7
1818 1789 46
1818 1789 14
1818 1789 58
1818 1828 56
1818 1828 1
1818 1828 33
1818 1828 32
1818 1869 4
1818 1869 8
1818 1869 12
1818 1869 53
1818 1838 11
1818 1838 9
1818 1838 39
1818 1838 32
1818 1839 15
1818 1839 20
1818 1839 45
1818 1839 12
1818 1819 26
1818 1819 23
1818 1819 18
1818 1819 12
1818 1827 50
1818 1827 39
1818 1827 32
1818 1827 30
1818 1868 59
1818 1868 7
1818 1868 53
1818 1868 40
1818 1870 30
1818 1870 13
1818 1870 57
1818 1870 23
1818 1836 51
1818 1836 46
1818 1836 19
1818 1836 20
1818 1841 7
1818 1841 4
1818 1841 43
1818 1841 45
1818 1820 18
1818 1820 53
1818 1820 38
1818 1820 11
1818 1824 13
1818 1824 29
1818 1824 56
1818 1824 52
1818 1890 46
1818 1890 21
1818 1890 4
1818 1890 16
1818 1875 56
1818 1875 60
1818 1875 55
1818 1875 48
1818 1837 14
1818 1837 51
1818 1837 25
1818 1837 46
1818 1848 30
1818 1848 47
1818 1848 27
1818 1848 53
1818 1853 35
1818 1853 13
1818 1853 59
1818 1853 11
1823 1831 28
1823 1831 19
1823 1831 51
1823 1831 59
1823 1830 19
1823 1830 13
1823 1830 50
1823 1830 11
1823 1833 51
1823 1833 58
1823 1833 22
1823 1833 29
1823 1834 37
1823 1834 44
1823 1834 3
1823 1834 15
1823 1821 44
1823 1821 17
1823 1821 30
1823 1821 32
1823 1832 48
1823 1832 11
1823 1832 45
1823 1832 55
1823 1835 9
1823 1835 16
1823 1835 25
1823 1835 6
1823 1788 0
1823 1788 0
1823 1788 23
1823 1788 55
1823 1822 11
1823 1822 16
1823 1822 28
1823 1822 47
1823 1846 1
1823 1846 28
1823 1846 22
1823 1846 28
1823 1790 53
1823 1790 52
1823 1790 39
1823 1790 42
1823 1866 48
1823 1866 17
1823 1866 26
1823 1866 43
1823 1829 37
1823 1829 11
1823 1829 30
1823 1829 28
1823 1847 45
1823 1847 25
1823 1847 54
1823 1847 30
1823 1789 8
1823 1789 26
1823 1789 31
1823 1789 40
1823 1828 50
1823 1828 17
1823 1828 34
1823 1828 27
1823 1869 36
1823 1869 32
1823 1869 20
1823 1869 39
1823 1838 7
1823 1838 26
1823 1838 0
1823 1838 47
1823 1839 17
1823 1839 20
1823 1839 6
1823 1839 6
1823 1819 35
1823 1819 50
1823 1819 7
1823 1819 18
1823 1827 36
1823 1827 26
1823 1827 27
1823 1827 44
1823 1868 21
1823 1868 2
1823 1868 44
1823 1868 56
1823 1870 38
1823 1870 9
1823 1870 45
1823 1870 2
1823 1836 45
1823 1836 29
1823 1836 10
1823 1836 12
1823 1841 33
1823 1841 27
1823 1841 26
1823 1841 38
1823 1820 13
1823 1820 57
1823 1820 43
1823 1820 19
1823 1824 22
1823 1824 4
1823 1824 25
1823 1824 20
1823 1890 54
1823 1890 59
1823 1890 47
1823 1890 20
1823 1875 26
1823 1875 42
1823 1875 3
1823 1875 49
1823 1837 59
1823 1837 23
1823 1837 56
1823 1837 48
1823 1848 2
1823 1848 57
1823 1848 19
1823 1848 47
1823 1853 13
1823 1853 22
1823 1853 41
1823 1853 16
1807 1831 0
1807 1831 24
1807 1831 9
1807 1831 11
1807 1830 58
1807 1830 18
1807 1830 60
1807 1830 28
1807 1833 26
1807 1833 48
1807 1833 59
1807 1833 9
1807 1834 7
1807 1834 7
1807 1834 23
1807 1834 17
1807 1821 16
1807 1821 36
1807 1821 44
1807 1821 23
1807 1832 22
1807 1832 39
1807 1832 30
1807 1832 13
1807 1835 43
1807 1835 46
1807 1835 23
1807 1835 22
1807 1788 39
1807 1788 45
1807 1788 5
1807 1788 26
1807 1822 1
1807 1822 9
1807 1822 58
1807 1822 13
1807 1846 25
1807 1846 16
1807 1846 49
1807 1846 25
1807 1790 16
1807 1790 4
1807 1790 2
1807 1790 32
1807 1866 5
1807 1866 5
1807 1866 39
1807 1866 14
1807 1829 12
1807 1829 29
1807 1829 44
1807 1829 35
1807 1847 45
1807 1847 50
1807 1847 12
1807 1847 3
1807 1789 6
1807 1789 45
1807 1789 0
1807 1789 50
1807 1828 30
1807 1828 30
1807 1828 26
1807 1828 17
1807 1869 13
1807 1869 36
1807 1869 28
1807 1869 46
1807 1838 60
1807 1838 36
1807 1838 7
1807 1838 55
1807 1839 53
1807 1839 49
1807 1839 37
1807 1839 37
1807 1819 49
1807 1819 57
1807 1819 27
1807 1819 20
1807 1827 33
1807 1827 13
1807 1827 10
1807 1827 34
1807 1868 31
1807 1868 32
1807 1868 1
1807 1868 32
1807 1870 20
1807 1870 19
1807 1870 29
1807 1870 11
1807 1836 5
1807 1836 48
1807 1836 2
1807 1836 7
1807 1841 27
1807 1841 2
1807 1841 2
1807 1841 2
1807 1820 22
1807 1820 21
1807 1820 44
1807 1820 44
1807 1824 11
1807 1824 41
1807 1824 32
1807 1824 1
1807 1890 21
1807 1890 6
1807 1890 34
1807 1890 14
1807 1875 57
1807 1875 23
1807 1875 24
1807 1875 38
1807 1837 42
1807 1837 19
1807 1837 28
1807 1837 60
1807 1848 49
1807 1848 19
1807 1848 42
1807 1848 17
1807 1853 31
1807 1853 59
1807 1853 43
1807 1853 44
1861 1831 22
1861 1831 3
1861 1831 8
1861 1831 47
1861 1830 37
1861 1830 24
1861 1830 42
1861 1830 45
1861 1833 8
1861 1833 0
1861 1833 2
1861 1833 24
1861 1834 5
1861 1834 49
1861 1834 22
1861 1834 24
1861 1821 13
1861 1821 21
1861 1821 35
1861 1821 17
1861 1832 58
1861 1832 45
1861 1832 55
1861 1832 54
1861 1835 47
1861 1835 6
1861 1835 29
1861 1835 9
1861 1788 11
1861 1788 53
1861 1788 27
1861 1788 37
1861 1822 23
1861 1822 26
1861 1822 11
1861 1822 14
1861 1846 57
1861 1846 22
1861 1846 3
1861 1846 21
1861 1790 40
1861 1790 17
1861 1790 50
1861 1790 11
1861 1866 3
1861 1866 50
1861 1866 30
1861 1866 51
1861 1829 9
1861 1829 10
1861 1829 33
1861 1829 33
1861 1847 53
1861 1847 42
1861 1847 12
1861 1847 39
1861 1789 29
1861 1789 8
1861 1789 12
1861 1789 55
1861 1828 54
1861 1828 2
1861 1828 42
1861 1828 34
1861 1869 8
1861 1869 36
1861 1869 11
1861 1869 20
1861 1838 43
1861 1838 37
1861 1838 20
1861 1838 10
1861 1839 34
1861 1839 47
1861 1839 60
1861 1839 42
1861 1819 25
1861 1819 5
1861 1819 49
1861 1819 40
1861 1827 14
1861 1827 8
1861 1827 22
1861 1827 28
1861 1868 20
1861 1868 60
1861 1868 17
1861 1868 5
1861 1870 34
1861 1870 58
1861 1870 31
1861 1870 55
1861 1836 26
1861 1836 22
1861 1836 0
1861 1836 18
1861 1841 34
1861 1841 55
1861 1841 23
1861 1841 34
1861 1820 15
1861 1820 51
1861 1820 28
1861 1820 31
1861 1824 39
1861 1824 33
1861 1824 42
1861 1824 41
1861 1890 30
1861 1890 59
1861 1890 58
1861 1890 35
1861 1875 30
1861 1875 42
1861 1875 15
1861 1875 59
1861 1837 18
1861 1837 43
1861 1837 13
1861 1837 25
1861 1848 55
1861 1848 13
1861 1848 37
1861 1848 20
1861 1853 21
1861 1853 53
1861 1853 57
1861 1853 36
1863 1831 48
1863 1831 22
1863 1831 52
1863 1831 41
1863 1830 28
1863 1830 11
1863 1830 57
1863 1830 44
1863 1833 60
1863 1833 23
1863 1833 52
1863 1833 23
1863 1834 25
1863 1834 11
1863 1834 1
1863 1834 22
1863 1821 57
1863 1821 19
1863 1821 48
1863 1821 11
1863 1832 48
1863 1832 40
1863 1832 0
1863 1832 45
1863 1835 50
1863 1835 17
1863 1835 58
1863 1835 17
1863 1788 31
1863 1788 16
1863 1788 16
1863 1788 24
1863 1822 8
1863 1822 8
1863 1822 8
1863 1822 8
1863 1846 50
1863 1846 51
1863 1846 11
1863 1846 14
1863 1790 53
1863 1790 7
1863 1790 38
1863 1790 21
1863 1866 13
1863 1866 0
1863 1866 49
1863 1866 45
1863 1829 29
1863 1829 57
1863 1829 24
1863 1829 2
1863 1847 22
1863 1847 7
1863 1847 10
1863 1847 1
1863 1789 10
1863 1789 43
1863 1789 45
1863 1789 58
1863 1828 14
1863 1828 60
1863 1828 58
1863 1828 11
1863 1869 20
1863 1869 38
1863 1869 5
1863 1869 45
1863 1838 32
1863 1838 37
1863 1838 50
1863 1838 41
1863 1839 28
1863 1839 51
1863 1839 1
1863 1839 37
1863 1819 14
1863 1819 60
1863 1819 37
1863 1819 34
1863 1827 57
1863 1827 56
1863 1827 54
1863 1827 17
1863 1868 51
1863 1868 19
1863 1868 5
1863 1868 52
1863 1870 35
1863 1870 11
1863 1870 41
1863 1870 36
1863 1836 17
1863 1836 6
1863 1836 34
1863 1836 1
1863 1841 14
1863 1841 59
1863 1841 44
1863 1841 41
1863 1820 46
1863 1820 29
1863 1820 8
1863 1820 49
1863 1824 47
1863 1824 25
1863 1824 44
1863 1824 49
1863 1890 55
1863 1890 7
1863 1890 34
1863 1890 60
1863 1875 39
1863 1875 41
1863 1875 48
1863 1875 26
1863 1837 48
1863 1837 47
1863 1837 37
1863 1837 55
1863 1848 45
1863 1848 14
1863 1848 23
1863 1848 26
1863 1853 9
1863 1853 42
1863 1853 38
1863 1853 1
1791 1831 50
1791 1831 18
1791 1831 54
1791 1831 52
1791 1830 39
1791 1830 60
1791 1830 30
1791 1830 27
1791 1833 19
1791 1833 53
1791 1833 5
1791 1833 7
1791 1834 30
1791 1834 14
1791 1834 19
1791 1834 35
1791 1821 33
1791 1821 14
1791 1821 6
1791 1821 12
1791 1832 45
1791 1832 6
1791 1832 27
1791 1832 54
1791 1835 0
1791 1835 35
1791 1835 13
1791 1835 43
1791 1788 54
1791 1788 12
1791 1788 23
1791 1788 9
1791 1822 38
1791 1822 21
1791 1822 5
1791 1822 1
1791 1846 0
1791 1846 45
1791 1846 33
1791 1846 3
1791 1790 12
1791 1790 8
1791 1790 40
1791 1790 41
1791 1866 45
1791 1866 45
1791 1866 13
1791 1866 38
1791 1829 34
1791 1829 10
1791 1829 10
1791 1829 38
1791 1847 49
1791 1847 28
1791 1847 41
1791 1847 52
1791 1789 31
1791 1789 58
1791 1789 8
1791 1789 58
1791 1828 18
1791 1828 15
1791 1828 50
1791 1828 45
1791 1869 51
1791 1869 21
1791 1869 9
1791 1869 3
1791 1838 26
1791 1838 48
1791 1838 20
1791 1838 52
1791 1839 15
1791 1839 20
1791 1839 23
1791 1839 51
1791 1819 13
1791 1819 7
1791 1819 3
1791 1819 18
1791 1827 34
1791 1827 53
1791 1827 8
1791 1827 36
1791 1868 5
1791 1868 9
1791 1868 39
1791 1868 60
1791 1870 49
1791 1870 5
1791 1870 39
1791 1870 6
1791 1836 11
1791 1836 47
1791 1836 38
1791 1836 31
1791 1841 14
1791 1841 25
1791 1841 14
1791 1841 3
1791 1820 30
1791 1820 40
1791 1820 38
1791 1820 9
1791 1824 28
1791 1824 36
1791 1824 55
1791 1824 24
1791 1890 14
1791 1890 32
1791 1890 7
1791 1890 9
1791 1875 20
1791 1875 33
1791 1875 44
1791 1875 19
1791 1837 44
1791 1837 13
1791 1837 9
1791 1837 39
1791 1848 2
1791 1848 15
1791 1848 11
1791 1848 58
1791 1853 35
1791 1853 13
1791 1853 13
1791 1853 34
1794 1831 35
1794 1831 26
1794 1831 26
1794 1831 18
1794 1830 59
1794 1830 5
1794 1830 9
1794 1830 4
1794 1833 53
1794 1833 54
1794 1833 32
1794 1833 35
1794 1834 9
1794 1834 31
1794 1834 6
1794 1834 18
1794 1821 52
1794 1821 35
1794 1821 50
1794 1821 24
1794 1832 55
1794 1832 60
1794 1832 2
1794 1832 24
1794 1835 48
1794 1835 14
1794 1835 58
1794 1835 27
1794 1788 52
1794 1788 7
1794 1788 42
1794 1788 38
1794 1822 47
1794 1822 41
1794 1822 2
1794 1822 12
1794 1846 40
1794 1846 26
1794 1846 4
1794 1846 26
1794 1790 3
1794 1790 9
1794 1790 13
1794 1790 1
1794 1866 47
1794 1866 34
1794 1866 21
1794 1866 18
1794 1829 42
1794 1829 10
1794 1829 21
1794 1829 16
1794 1847 9
1794 1847 53
1794 1847 58
1794 1847 14
1794 1789 50
1794 1789 12
1794 1789 47
1794 1789 58
1794 1828 5
1794 1828 6
1794 1828 6
1794 1828 6
1794 1869 57
1794 1869 42
1794 1869 16
1794 1869 26
1794 1838 54
1794 1838 51
1794 1838 41
1794 1838 0
1794 1839 24
1794 1839 33
1794 1839 14
1794 1839 6
1794 1819 43
1794 1819 7
1794 1819 21
1794 1819 55
1794 1827 59
1794 1827 23
1794 1827 2
1794 1827 5
1794 1868 29
1794 1868 9
1794 1868 39
1794 1868 18
1794 1870 51
1794 1870 58
1794 1870 15
1794 1870 29
1794 1836 16
1794 1836 43
1794 1836 38
1794 1836 19
1794 1841 42
1794 1841 28
1794 1841 60
1794 1841 14
1794 1820 29
1794 1820 59
1794 1820 42
1794 1820 57
1794 1824 0
1794 1824 41
1794 1824 39
1794 1824 32
1794 1890 32
1794 1890 50
1794 1890 55
1794 1890 28
1794 1875 46
1794 1875 26
1794 1875 49
1794 1875 37
1794 1837 23
1794 1837 4
1794 1837 46
1794 1837 14
1794 1848 8
1794 1848 13
1794 1848 37
1794 1848 13
1794 1853 33
1794 1853 38
1794 1853 11
1794 1853 12
1806 1831 18
1806 1831 56
1806 1831 47
1806 1831 36
1806 1830 14
1806 1830 54
1806 1830 11
1806 1830 47
1806 1833 22
1806 1833 50
1806 1833 21
1806 1833 35
1806 1834 10
1806 1834 52
1806 1834 13
1806 1834 47
1806 1821 50
1806 1821 39
1806 1821 20
1806 1821 51
1806 1832 44
1806 1832 55
1806 1832 11
1806 1832 33
1806 1835 51
1806 1835 30
1806 1835 9
1806 1835 39
1806 1788 34
1806 1788 44
1806 1788 27
1806 1788 38
1806 1822 51
1806 1822 25
1806 1822 7
1806 1822 40
1806 1846 52
1806 1846 26
1806 1846 16
1806 1846 47
1806 1790 1
1806 1790 18
1806 1790 38
1806 1790 44
1806 1866 5
1806 1866 25
1806 1866 45
1806 1866 60
1806 1829 8
1806 1829 4
1806 1829 56
1806 1829 44
1806 1847 37
1806 1847 28
1806 1847 37
1806 1847 48
1806 1789 20
1806 1789 23
1806 1789 40
1806 1789 29
1806 1828 32
1806 1828 36
1806 1828 57
1806 1828 0
1806 1869 2
1806 1869 3
1806 1869 53
1806 1869 5
1806 1838 6
1806 1838 57
1806 1838 56
1806 1838 44
1806 1839 3
1806 1839 5
1806 1839 35
1806 1839 25
1806 1819 50
1806 1819 2
1806 1819 48
1806 1819 27
1806 1827 14
1806 1827 44
1806 1827 25
1806 1827 1
1806 1868 0
1806 1868 8
1806 1868 5
1806 1868 2
1806 1870 10
1806 1870 14
1806 1870 40
1806 1870 44
1806 1836 25
1806 1836 38
1806 1836 41
1806 1836 29
1806 1841 3
1806 1841 3
1806 1841 32
1806 1841 48
1806 1820 38
1806 1820 60
1806 1820 32
1806 1820 43
1806 1824 16
1806 1824 50
1806 1824 36
1806 1824 3
1806 1890 43
1806 1890 16
1806 1890 45
1806 1890 21
1806 1875 21
1806 1875 50
1806 1875 24
1806 1875 0
1806 1837 1
1806 1837 48
1806 1837 38
1806 1837 17
1806 1848 3
1806 1848 52
1806 1848 0
1806 1848 46
1806 1853 8
1806 1853 26
1806 1853 36
1806 1853 5
1802 1831 56
1802 1831 3
1802 1831 51
1802 1831 42
1802 1830 48
1802 1830 14
1802 1830 2
1802 1830 36
1802 1833 49
1802 1833 50
1802 1833 21
1802 1833 37
1802 1834 28
1802 1834 25
1802 1834 55
1802 1834 8
1802 1821 23
1802 1821 24
1802 1821 9
1802 1821 25
1802 1832 52
1802 1832 50
1802 1832 4
1802 1832 13
1802 1835 51
1802 1835 5
1802 1835 59
1802 1835 53
1802 1788 36
1802 1788 7
1802 1788 23
1802 1788 10
1802 1822 9
1802 1822 31
1802 1822 52
1802 1822 22
1802 1846 43
1802 1846 34
1802 1846 50
1802 1846 32
1802 1790 2
1802 1790 30
1802 1790 29
1802 1790 59
1802 1866 39
1802 1866 35
1802 1866 10
1802 1866 26
1802 1829 1
1802 1829 38
1802 1829 56
1802 1829 32
1802 1847 35
1802 1847 19
1802 1847 23
1802 1847 46
1802 1789 10
1802 1789 33
1802 1789 34
1802 1789 46
1802 1828 59
1802 1828 26
1802 1828 56
1802 1828 44
1802 1869 2
1802 1869 24
1802 1869 60
1802 1869 46
1802 1838 7
1802 1838 15
1802 1838 43
1802 1838 14
1802 1839 48
1802 1839 55
1802 1839 32
1802 1839 29
1802 1819 36
1802 1819 52
1802 1819 50
1802 1819 35
1802 1827 36
1802 1827 29
1802 1827 23
1802 1827 23
1802 1868 19
1802 1868 52
1802 1868 27
1802 1868 52
1802 1870 55
1802 1870 41
1802 1870 39
1802 1870 58
1802 1836 31
1802 1836 36
1802 1836 27
1802 1836 7
1802 1841 49
1802 1841 7
1802 1841 49
1802 1841 40
1802 1820 34
1802 1820 36
1802 1820 23
1802 1820 22
1802 1824 51
1802 1824 13
1802 1824 20
1802 1824 56
1802 1890 49
1802 1890 54
1802 1890 35
1802 1890 16
1802 1875 4
1802 1875 41
1802 1875 43
1802 1875 40
1802 1837 0
1802 1837 43
1802 1837 28
1802 1837 9
1802 1848 3
1802 1848 48
1802 1848 30
1802 1848 19
1802 1853 48
1802 1853 8
1802 1853 12
1802 1853 34
1805 1831 0
1805 1831 52
1805 1831 53
1805 1831 25
1805 1830 3
1805 1830 46
1805 1830 21
1805 1830 14
1805 1833 40
1805 1833 9
1805 1833 52
1805 1833 18
1805 1834 21
1805 1834 16
1805 1834 30
1805 1834 22
1805 1821 41
1805 1821 48
1805 1821 12
1805 1821 49
1805 1832 38
1805 1832 36
1805 1832 14
1805 1832 27
1805 1835 10
1805 1835 12
1805 1835 27
1805 1835 59
1805 1788 60
1805 1788 22
1805 1788 18
1805 1788 40
1805 1822 52
1805 1822 55
1805 1822 44
1805 1822 54
1805 1846 29
1805 1846 35
1805 1846 45
1805 1846 55
1805 1790 18
1805 1790 32
1805 1790 24
1805 1790 43
1805 1866 19
1805 1866 25
1805 1866 27
1805 1866 3
1805 1829 19
1805 1829 57
1805 1829 50
1805 1829 53
1805 1847 19
1805 1847 54
1805 1847 55
1805 1847 15
1805 1789 30
1805 1789 27
1805 1789 0
1805 1789 25
1805 1828 9
1805 1828 19
1805 1828 44
1805 1828 51
1805 1869 29
1805 1869 25
1805 1869 58
1805 1869 33
1805 1838 8
1805 1838 42
1805 1838 31
1805 1838 14
1805 1839 0
1805 1839 22
1805 1839 27
1805 1839 22
1805 1819 25
1805 1819 48
1805 1819 33
1805 1819 2
1805 1827 2
1805 1827 46
1805 1827 58
1805 1827 26
1805 1868 39
1805 1868 26
1805 1868 19
1805 1868 49
1805 1870 47
1805 1870 34
1805 1870 34
1805 1870 59
1805 1836 51
1805 1836 58
1805 1836 4
1805 1836 18
1805 1841 29
1805 1841 20
1805 1841 43
1805 1841 57
1805 1820 37
1805 1820 51
1805 1820 11
1805 1820 24
1805 1824 57
1805 1824 51
1805 1824 5
1805 1824 23
1805 1890 39
1805 1890 24
1805 1890 41
1805 1890 0
1805 1875 13
1805 1875 57
1805 1875 46
1805 1875 11
1805 1837 35
1805 1837 5
1805 1837 30
1805 1837 6
1805 1848 16
1805 1848 49
1805 1848 59
1805 1848 44
1805 1853 20
1805 1853 54
1805 1853 33
1805 1853 33
1820 1831 7
1820 1831 57
1820 1831 10
1820 1831 3
1820 1830 18
1820 1830 16
1820 1830 1
1820 1830 17
1820 1833 43
1820 1833 58
1820 1833 18
1820 1833 19
1820 1834 29
1820 1834 14
1820 1834 18
1820 1834 25
1820 1821 23
1820 1821 5
1820 1821 44
1820 1821 7
1820 1832 41
1820 1832 31
1820 1832 18
1820 1832 0
1820 1835 40
1820 1835 52
1820 1835 20
1820 1835 52
1820 1788 32
1820 1788 41
1820 1788 40
1820 1788 57
1820 1822 38
1820 1822 9
1820 1822 23
1820 1822 36
1820 1846 3
1820 1846 4
1820 1846 3
1820 1846 31
1820 1790 25
1820 1790 31
1820 1790 11
1820 1790 8
1820 1866 52
1820 1866 32
1820 1866 40
1820 1866 29
1820 1829 30
1820 1829 4
1820 1829 50
1820 1829 60
1820 1847 20
1820 1847 11
1820 1847 58
1820 1847 0
1820 1789 26
1820 1789 22
1820 1789 49
1820 1789 48
1820 1828 33
1820 1828 14
1820 1828 21
1820 1828 17
1820 1869 24
1820 1869 25
1820 1869 11
1820 1869 4
1820 1838 42
1820 1838 56
1820 1838 14
1820 1838 27
1820 1839 23
1820 1839 60
1820 1839 51
1820 1839 54
1820 1819 28
1820 1819 27
1820 1819 26
1820 1819 44
1820 1827 5
1820 1827 13
1820 1827 17
1820 1827 44
1820 1868 0
1820 1868 39
1820 1868 11
1820 1868 29
1820 1870 9
1820 1870 58
1820 1870 27
1820 1870 46
1820 1836 34
1820 1836 32
1820 1836 21
1820 1836 7
1820 1841 13
1820 1841 3
1820 1841 31
1820 1841 60
1820 1820 39
1820 1820 10
1820 1820 43
1820 1820 17
1820 1824 50
1820 1824 60
1820 1824 48
1820 1824 56
1820 1890 52
1820 1890 17
1820 1890 0
1820 1890 37
1820 1875 4
1820 1875 38
1820 1875 12
1820 1875 8
1820 1837 55
1820 1837 32
1820 1837 12
1820 1837 20
1820 1848 56
1820 1848 38
1820 1848 36
1820 1848 32
1820 1853 5
1820 1853 51
1820 1853 56
1820 1853 34
1824 1831 40
1824 1831 35
1824 1831 47
1824 1831 30
1824 1830 2
1824 1830 55
1824 1830 14
1824 1830 38
1824 1833 30
1824 1833 27
1824 1833 57
1824 1833 47
1824 1834 24
1824 1834 33
1824 1834 13
1824 1834 43
1824 1821 27
1824 1821 19
1824 1821 21
1824 1821 53
1824 1832 35
1824 1832 58
1824 1832 12
1824 1832 21
1824 1835 0
1824 1835 55
1824 1835 31
1824 1835 18
1824 1788 49
1824 1788 31
1824 1788 29
1824 1788 44
1824 1822 58
1824 1822 60
1824 1822 9
1824 1822 0
1824 1846 58
1824 1846 6
1824 1846 17
1824 1846 51
1824 1790 1
1824 1790 42
1824 1790 12
1824 1790 2
1824 1866 52
1824 1866 15
1824 1866 45
1824 1866 26
1824 1829 59
1824 1829 13
1824 1829 0
1824 1829 17
1824 1847 50
1824 1847 60
1824 1847 42
1824 1847 28
1824 1789 14
1824 1789 47
1824 1789 14
1824 1789 1
1824 1828 18
1824 1828 24
1824 1828 13
1824 1828 24
1824 1869 41
1824 1869 35
1824 1869 1
1824 1869 1
1824 1838 42
1824 1838 23
1824 1838 10
1824 1838 31
1824 1839 52
1824 1839 2
1824 1839 59
1824 1839 34
1824 1819 29
1824 1819 1
1824 1819 40
1824 1819 59
1824 1827 10
1824 1827 27
1824 1827 5
1824 1827 17
1824 1868 34
1824 1868 54
1824 1868 44
1824 1868 7
1824 1870 19
1824 1870 18
1824 1870 40
1824 1870 12
1824 1836 9
1824 1836 60
1824 1836 49
1824 1836 11
1824 1841 8
1824 1841 20
1824 1841 0
1824 1841 34
1824 1820 10
1824 1820 11
1824 1820 2
1824 1820 50
1824 1824 17
1824 1824 30
1824 1824 53
1824 1824 45
1824 1890 3
1824 1890 24
1824 1890 8
1824 1890 27
1824 1875 52
1824 1875 54
1824 1875 3
1824 1875 3
1824 1837 21
1824 1837 43
1824 1837 39
1824 1837 19
1824 1848 42
1824 1848 33
1824 1848 40
1824 1848 0
1824 1853 28
1824 1853 18
1824 1853 17
1824 1853 15
1808 1831 50
1808 1831 36
1808 1831 31
1808 1831 14
1808 1830 16
1808 1830 29
1808 1830 51
1808 1830 28
1808 1833 58
1808 1833 32
1808 1833 26
1808 1833 42
1808 1834 25
1808 1834 23
1808 1834 29
1808 1834 19
1808 1821 38
1808 1821 45
1808 1821 35
1808 1821 19
1808 1832 43
1808 1832 53
1808 1832 47
1808 1832 53
1808 1835 26
1808 1835 15
1808 1835 17
1808 1835 27
1808 1788 19
1808 1788 20
1808 1788 16
1808 1788 51
1808 1822 18
1808 1822 23
1808 1822 9
1808 1822 20
1808 1846 14
1808 1846 11
1808 1846 15
1808 1846 28
1808 1790 33
1808 1790 20
1808 1790 18
1808 1790 27
1808 1866 18
1808 1866 19
1808 1866 58
1808 1866 41
1808 1829 60
1808 1829 16
1808 1829 8
1808 1829 34
1808 1847 46
1808 1847 18
1808 1847 15
1808 1847 2
1808 1789 16
1808 1789 32
1808 1789 12
1808 1789 7
1808 1828 43
1808 1828 1
1808 1828 46
1808 1828 54
1808 1869 38
1808 1869 59
1808 1869 58
1808 1869 21
1808 1838 46
1808 1838 29
1808 1838 19
1808 1838 24
1808 1839 0
1808 1839 10
1808 1839 57
1808 1839 26
1808 1819 24
1808 1819 21
1808 1819 30
1808 1819 15
1808 1827 14
1808 1827 17
1808 1827 41
1808 1827 46
1808 1868 16
1808 1868 45
1808 1868 41
1808 1868 28
1808 1870 29
1808 1870 9
1808 1870 14
1808 1870 49
1808 1836 38
1808 1836 57
1808 1836 42
1808 1836 34
1808 1841 23
1808 1841 31
1808 1841 48
1808 1841 30
1808 1820 38
1808 1820 45
1808 1820 43
1808 1820 16
1808 1824 21
1808 1824 3
1808 1824 32
1808 1824 8
1808 1890 16
1808 1890 6
1808 1890 30
1808 1890 47
1808 1875 39
1808 1875 17
1808 1875 0
1808 1875 25
1808 1837 13
1808 1837 48
1808 1837 46
1808 1837 59
1808 1848 14
1808 1848 13
1808 1848 31
1808 1848 3
1808 1853 9
1808 1853 5
1808 1853 37
1808 1853 14
1810 1831 18
1810 1831 5
1810 1831 38
1810 1831 54
1810 1830 4
1810 1830 13
1810 1830 53
1810 1830 39
1810 1833 50
1810 1833 6
1810 1833 29
1810 1833 42
1810 1834 42
1810 1834 58
1810 1834 5
1810 1834 38
1810 1821 58
1810 1821 27
1810 1821 20
1810 1821 57
1810 1832 10
1810 1832 45
1810 1832 4
1810 1832 47
1810 1835 48
1810 1835 23
1810 1835 29
1810 1835 42
1810 1788 41
1810 1788 6
1810 1788 11
1810 1788 19
1810 1822 2
1810 1822 37
1810 1822 52
1810 1822 51
1810 1846 27
1810 1846 31
1810 1846 29
1810 1846 56
1810 1790 18
1810 1790 52
1810 1790 49
1810 1790 6
1810 1866 58
1810 1866 17
1810 1866 25
1810 1866 12
1810 1829 49
1810 1829 49
1810 1829 18
1810 1829 8
1810 1847 4
1810 1847 50
1810 1847 46
1810 1847 47
1810 1789 10
1810 1789 57
1810 1789 22
1810 1789 46
1810 1828 45
1810 1828 17
1810 1828 30
1810 1828 26
1810 1869 5
1810 1869 48
1810 1869 27
1810 1869 33
1810 1838 35
1810 1838 35
1810 1838 9
1810 1838 21
1810 1839 34
1810 1839 30
1810 1839 1
1810 1839 44
1810 1819 16
1810 1819 19
1810 1819 24
1810 1819 34
1810 1827 32
1810 1827 13
1810 1827 30
1810 1827 3
1810 1868 6
1810 1868 33
1810 1868 33
1810 1868 38
1810 1870 23
1810 1870 3
1810 1870 15
1810 1870 38
1810 1836 35
1810 1836 44
1810 1836 57
1810 1836 34
1810 1841 44
1810 1841 2
1810 1841 57
1810 1841 0
1810 1820 13
1810 1820 22
1810 1820 21
1810 1820 11
1810 1824 38
1810 1824 31
1810 1824 37
1810 1824 6
1810 1890 16
1810 1890 57
1810 1890 31
1810 1890 50
1810 1875 43
1810 1875 15
1810 1875 43
1810 1875 42
1810 1837 17
1810 1837 41
1810 1837 60
1810 1837 28
1810 1848 29
1810 1848 44
1810 1848 57
1810 1848 2
1810 1853 5
1810 1853 59
1810 1853 6
1810 1853 27
1864 1831 13
1864 1831 51
1864 1831 24
1864 1831 50
1864 1830 39
1864 1830 59
1864 1830 14
1864 1830 27
1864 1833 2
1864 1833 35
1864 1833 6
1864 1833 16
1864 1834 42
1864 1834 25
1864 1834 7
1864 1834 38
1864 1821 54
1864 1821 45
1864 1821 59
1864 1821 48
1864 1832 21
1864 1832 50
1864 1832 32
1864 1832 43
1864 1835 10
1864 1835 29
1864 1835 17
1864 1835 1
1864 1788 26
1864 1788 0
1864 1788 43
1864 1788 22
1864 1822 3
1864 1822 53
1864 1822 43
1864 1822 9
1864 1846 27
1864 1846 54
1864 1846 45
1864 1846 11
1864 1790 5
1864 1790 44
1864 1790 53
1864 1790 9
1864 1866 22
1864 1866 50
1864 1866 34
1864 1866 18
1864 1829 60
1864 1829 22
1864 1829 53
1864 1829 10
1864 1847 27
1864 1847 11
1864 1847 53
1864 1847 51
1864 1789 4
1864 1789 3
1864 1789 21
1864 1789 40
1864 1828 11
1864 1828 56
1864 1828 4
1864 1828 37
1864 1869 17
1864 1869 0
1864 1869 53
1864 1869 59
1864 1838 49
1864 1838 41
1864 1838 41
1864 1838 60
1864 1839 50
1864 1839 38
1864 1839 25
1864 1839 33
1864 1819 47
1864 1819 1
1864 1819 8
1864 1819 41
1864 1827 13
1864 1827 12
1864 1827 26
1864 1827 51
1864 1868 4
1864 1868 12
1864 1868 28
1864 1868 41
1864 1870 19
1864 1870 37
1864 1870 32
1864 1870 47
1864 1836 3
1864 1836 13
1864 1836 40
1864 1836 33
1864 1841 21
1864 1841 49
1864 1841 59
1864 1841 47
1864 1820 22
1864 1820 31
1864 1820 34
1864 1820 26
1864 1824 20
1864 1824 21
1864 1824 58
1864 1824 22
1864 1890 54
1864 1890 60
1864 1890 30
1864 1890 31
1864 1875 9
1864 1875 6
1864 1875 10
1864 1875 59
1864 1837 37
1864 1837 43
1864 1837 8
1864 1837 17
1864 1848 0
1864 1848 58
1864 1848 47
1864 1848 9
1864 1853 6
1864 1853 37
1864 1853 48
1864 1853 34
