7434 7556 37
7434 7556 50
7434 7556 26
7434 7556 11
7434 7554 54
7434 7554 31
7434 7554 38
7434 7554 37
7434 7549 21
7434 7549 5
7434 7549 17
7434 7549 28
7434 7560 25
7434 7560 49
7434 7560 38
7434 7560 12
7434 7552 37
7434 7552 48
7434 7552 17
7434 7552 26
7434 7555 45
7434 7555 9
7434 7555 23
7434 7555 10
7434 7547 48
7434 7547 51
7434 7547 28
7434 7547 54
7434 7548 2
7434 7548 31
7434 7548 0
7434 7548 49
7434 9169 16
7434 9169 16
7434 9169 28
7434 9169 55
7434 6656 60
7434 6656 19
7434 6656 2
7434 6656 28
7434 9168 20
7434 9168 55
7434 9168 41
7434 9168 42
7434 7553 34
7434 7553 58
7434 7553 13
7434 7553 27
7434 7557 13
7434 7557 5
7434 7557 30
7434 7557 41
7434 7568 47
7434 7568 38
7434 7568 19
7434 7568 32
7434 6655 2
7434 6655 16
7434 6655 54
7434 6655 46
7434 7546 4
7434 7546 35
7434 7546 43
7434 7546 12
7434 7559 12
7434 7559 3
7434 7559 32
7434 7559 35
7434 7551 14
7434 7551 4
7434 7551 51
7434 7551 8
7434 9170 8
7434 9170 56
7434 9170 10
7434 9170 56
7434 6652 30
7434 6652 55
7434 6652 28
7434 6652 14
7434 9167 2
7434 9167 37
7434 9167 52
7434 9167 50
7434 7561 44
7434 7561 1
7434 7561 13
7434 7561 20
7434 7573 17
7434 7573 57
7434 7573 32
7434 7573 58
7434 7558 42
7434 7558 27
7434 7558 0
7434 7558 3
7434 7567 58
7434 7567 16
7434 7567 37
7434 7567 17
7434 7575 53
7434 7575 1
7434 7575 5
7434 7575 0
7434 6651 52
7434 6651 50
7434 6651 60
7434 6651 2
7434 7550 46
7434 7550 56
7434 7550 3
7434 7550 32
7434 7562 31
7434 7562 19
7434 7562 1
7434 7562 26
7434 7397 41
7434 7397 28
7434 7397 4
7434 7397 1
7434 9171 54
7434 9171 49
7434 9171 41
7434 9171 51
7434 6647 44
7434 6647 16
7434 6647 8
7434 6647 8
7412 7556 35
7412 7556 17
7412 7556 55
7412 7556 22
7412 7554 40
7412 7554 16
7412 7554 38
7412 7554 42
7412 7549 59
7412 7549 58
7412 7549 36
7412 7549 23
7412 7560 18
7412 7560 56
7412 7560 2
7412 7560 45
7412 7552 2
7412 7552 44
7412 7552 23
7412 7552 16
7412 7555 48
7412 7555 40
7412 7555 56
7412 7555 48
7412 7547 16
7412 7547 38
7412 7547 18
7412 7547 9
7412 7548 49
7412 7548 15
7412 7548 46
7412 7548 26
7412 9169 16
7412 9169 50
7412 9169 28
7412 9169 26
7412 6656 36
7412 6656 34
7412 6656 21
7412 6656 59
7412 9168 3
7412 9168 56
7412 9168 21
7412 9168 31
7412 7553 21
7412 7553 3
7412 7553 32
7412 7553 46
7412 7557 1
7412 7557 20
7412 7557 8
7412 7557 38
7412 7568 25
7412 7568 2
7412 7568 37
7412 7568 54
7412 6655 51
7412 6655 32
7412 6655 47
7412 6655 37
7412 7546 8
7412 7546 39
7412 7546 44
7412 7546 31
7412 7559 28
7412 7559 28
7412 7559 14
7412 7559 16
7412 7551 37
7412 7551 7
7412 7551 24
7412 7551 34
7412 9170 8
7412 9170 60
7412 9170 8
7412 9170 42
7412 6652 45
7412 6652 0
7412 6652 18
7412 6652 15
7412 9167 21
7412 9167 27
7412 9167 23
7412 9167 57
7412 7561 48
7412 7561 24
7412 7561 24
7412 7561 11
7412 7573 3
7412 7573 14
7412 7573 24
7412 7573 44
7412 7558 57
7412 7558 60
7412 7558 45
7412 7558 28
7412 7567 1
7412 7567 17
7412 7567 0
7412 7567 57
7412 7575 0
7412 7575 9
7412 7575 39
7412 7575 58
7412 6651 40
7412 6651 58
7412 6651 55
7412 6651 55
7412 7550 50
7412 7550 41
7412 7550 8
7412 7550 25
7412 7562 11
7412 7562 15
7412 7562 21
7412 7562 28
7412 7397 23
7412 7397 52
7412 7397 58
7412 7397 9
7412 9171 14
7412 9171 58
7412 9171 27
7412 9171 60
7412 6647 2
7412 6647 17
7412 6647 47
7412 6647 24
7431 7556 39
7431 7556 59
7431 7556 39
7431 7556 35
7431 7554 15
7431 7554 58
7431 7554 16
7431 7554 23
7431 7549 35
7431 7549 34
7431 7549 3
7431 7549 40
7431 7560 3
7431 7560 26
7431 7560 30
7431 7560 31
7431 7552 40
7431 7552 16
7431 7552 4
7431 7552 26
7431 7555 56
7431 7555 30
7431 7555 34
7431 7555 32
7431 7547 40
7431 7547 47
7431 7547 1
7431 7547 27
7431 7548 39
7431 7548 50
7431 7548 29
7431 7548 33
7431 9169 50
7431 9169 60
7431 9169 12
7431 9169 24
7431 6656 40
7431 6656 20
7431 6656 5
7431 6656 48
7431 9168 49
7431 9168 60
7431 9168 43
7431 9168 17
7431 7553 9
7431 7553 5
7431 7553 13
7431 7553 39
7431 7557 21
7431 7557 56
7431 7557 4
7431 7557 49
7431 7568 3
7431 7568 18
7431 7568 29
7431 7568 58
7431 6655 37
7431 6655 54
7431 6655 60
7431 6655 34
7431 7546 7
7431 7546 48
7431 7546 14
7431 7546 26
7431 7559 0
7431 7559 17
7431 7559 2
7431 7559 28
7431 7551 57
7431 7551 41
7431 7551 48
7431 7551 39
7431 9170 30
7431 9170 60
7431 9170 37
7431 9170 7
7431 6652 55
7431 6652 1
7431 6652 11
7431 6652 51
7431 9167 44
7431 9167 13
7431 9167 27
7431 9167 4
7431 7561 26
7431 7561 9
7431 7561 49
7431 7561 44
7431 7573 3
7431 7573 53
7431 7573 24
7431 7573 22
7431 7558 30
7431 7558 45
7431 7558 18
7431 7558 17
7431 7567 40
7431 7567 2
7431 7567 34
7431 7567 54
7431 7575 14
7431 7575 57
7431 7575 47
7431 7575 20
7431 6651 18
7431 6651 33
7431 6651 40
7431 6651 11
7431 7550 57
7431 7550 19
7431 7550 28
7431 7550 35
7431 7562 51
7431 7562 23
7431 7562 2
7431 7562 40
7431 7397 28
7431 7397 31
7431 7397 2
7431 7397 21
7431 9171 49
7431 9171 21
7431 9171 50
7431 9171 43
7431 6647 7
7431 6647 22
7431 6647 19
7431 6647 48
7435 7556 56
7435 7556 3
7435 7556 20
7435 7556 15
7435 7554 56
7435 7554 50
7435 7554 55
7435 7554 9
7435 7549 45
7435 7549 37
7435 7549 26
7435 7549 33
7435 7560 42
7435 7560 0
7435 7560 8
7435 7560 59
7435 7552 41
7435 7552 2
7435 7552 22
7435 7552 60
7435 7555 21
7435 7555 5
7435 7555 47
7435 7555 47
7435 7547 38
7435 7547 41
7435 7547 47
7435 7547 12
7435 7548 4
7435 7548 32
7435 7548 21
7435 7548 24
7435 9169 14
7435 9169 45
7435 9169 50
7435 9169 0
7435 6656 21
7435 6656 22
7435 6656 11
7435 6656 25
7435 9168 28
7435 9168 32
7435 9168 17
7435 9168 17
7435 7553 13
7435 7553 22
7435 7553 45
7435 7553 33
7435 7557 4
7435 7557 7
7435 7557 51
7435 7557 58
7435 7568 17
7435 7568 10
7435 7568 57
7435 7568 23
7435 6655 36
7435 6655 35
7435 6655 33
7435 6655 38
7435 7546 17
7435 7546 24
7435 7546 41
7435 7546 3
7435 7559 32
7435 7559 26
7435 7559 11
7435 7559 44
7435 7551 55
7435 7551 53
7435 7551 46
7435 7551 35
7435 9170 42
7435 9170 51
7435 9170 25
7435 9170 28
7435 6652 49
7435 6652 28
7435 6652 27
7435 6652 10
7435 9167 55
7435 9167 26
7435 9167 3
7435 9167 33
7435 7561 60
7435 7561 14
7435 7561 25
7435 7561 39
7435 7573 7
7435 7573 35
7435 7573 36
7435 7573 57
7435 7558 53
7435 7558 12
7435 7558 41
7435 7558 23
7435 7567 53
7435 7567 28
7435 7567 48
7435 7567 57
7435 7575 21
7435 7575 9
7435 7575 23
7435 7575 50
7435 6651 15
7435 6651 36
7435 6651 18
7435 6651 7
7435 7550 36
7435 7550 57
7435 7550 54
7435 7550 7
7435 7562 28
7435 7562 33
7435 7562 10
7435 7562 0
7435 7397 51
7435 7397 50
7435 7397 7
7435 7397 3
7435 9171 56
7435 9171 20
7435 9171 9
7435 9171 23
7435 6647 3
7435 6647 16
7435 6647 37
7435 6647 34
7436 7556 32
7436 7556 53
7436 7556 22
7436 7556 35
7436 7554 52
7436 7554 39
7436 7554 19
7436 7554 11
7436 7549 4
7436 7549 52
7436 7549 27
7436 7549 39
7436 7560 43
7436 7560 22
7436 7560 16
7436 7560 32
7436 7552 46
7436 7552 3
7436 7552 47
7436 7552 37
7436 7555 51
7436 7555 20
7436 7555 25
7436 7555 2
7436 7547 43
7436 7547 28
7436 7547 26
7436 7547 3
7436 7548 22
7436 7548 29
7436 7548 51
7436 7548 25
7436 9169 27
7436 9169 41
7436 9169 10
7436 9169 40
7436 6656 20
7436 6656 47
7436 6656 25
7436 6656 26
7436 9168 9
7436 9168 30
7436 9168 40
7436 9168 37
7436 7553 42
7436 7553 53
7436 7553 15
7436 7553 2
7436 7557 51
7436 7557 23
7436 7557 45
7436 7557 7
7436 7568 20
7436 7568 34
7436 7568 27
7436 7568 28
7436 6655 27
7436 6655 39
7436 6655 1
7436 6655 32
7436 7546 13
7436 7546 13
7436 7546 17
7436 7546 2
7436 7559 7
7436 7559 18
7436 7559 19
7436 7559 42
7436 7551 9
7436 7551 22
7436 7551 39
7436 7551 49
7436 9170 22
7436 9170 39
7436 9170 30
7436 9170 57
7436 6652 54
7436 6652 51
7436 6652 37
7436 6652 60
7436 9167 49
7436 9167 27
7436 9167 34
7436 9167 33
7436 7561 19
7436 7561 27
7436 7561 28
7436 7561 13
7436 7573 18
7436 7573 25
7436 7573 49
7436 7573 29
7436 7558 15
7436 7558 37
7436 7558 33
7436 7558 9
7436 7567 28
7436 7567 40
7436 7567 51
7436 7567 22
7436 7575 48
7436 7575 60
7436 7575 11
7436 7575 29
7436 6651 48
7436 6651 59
7436 6651 30
7436 6651 8
7436 7550 28
7436 7550 57
7436 7550 33
7436 7550 25
7436 7562 27
7436 7562 18
7436 7562 22
7436 7562 1
7436 7397 36
7436 7397 15
7436 7397 59
7436 7397 56
7436 9171 35
7436 9171 8
7436 9171 56
7436 9171 24
7436 6647 23
7436 6647 56
7436 6647 54
7436 6647 3
7410 7556 47
7410 7556 2
7410 7556 51
7410 7556 57
7410 7554 10
7410 7554 37
7410 7554 44
7410 7554 26
7410 7549 54
7410 7549 36
7410 7549 53
7410 7549 27
7410 7560 15
7410 7560 20
7410 7560 19
7410 7560 50
7410 7552 55
7410 7552 43
7410 7552 25
7410 7552 29
7410 7555 4
7410 7555 23
7410 7555 10
7410 7555 55
7410 7547 21
7410 7547 52
7410 7547 25
7410 7547 9
7410 7548 38
7410 7548 47
7410 7548 45
7410 7548 28
7410 9169 41
7410 9169 8
7410 9169 13
7410 9169 55
7410 6656 40
7410 6656 32
7410 6656 22
7410 6656 59
7410 9168 2
7410 9168 17
7410 9168 44
7410 9168 5
7410 7553 21
7410 7553 31
7410 7553 2
7410 7553 33
7410 7557 32
7410 7557 45
7410 7557 35
7410 7557 21
7410 7568 15
7410 7568 6
7410 7568 13
7410 7568 8
7410 6655 50
7410 6655 23
7410 6655 46
7410 6655 23
7410 7546 23
7410 7546 43
7410 7546 35
7410 7546 51
7410 7559 37
7410 7559 60
7410 7559 25
7410 7559 53
7410 7551 53
7410 7551 45
7410 7551 24
7410 7551 43
7410 9170 30
7410 9170 41
7410 9170 26
7410 9170 45
7410 6652 50
7410 6652 10
7410 6652 6
7410 6652 13
7410 9167 21
7410 9167 11
7410 9167 0
7410 9167 23
7410 7561 25
7410 7561 40
7410 7561 7
7410 7561 21
7410 7573 42
7410 7573 41
7410 7573 37
7410 7573 24
7410 7558 47
7410 7558 43
7410 7558 2
7410 7558 29
7410 7567 31
7410 7567 20
7410 7567 10
7410 7567 48
7410 7575 19
7410 7575 29
7410 7575 38
7410 7575 59
7410 6651 2
7410 6651 28
7410 6651 33
7410 6651 4
7410 7550 8
7410 7550 18
7410 7550 57
7410 7550 33
7410 7562 34
7410 7562 19
7410 7562 60
7410 7562 15
7410 7397 47
7410 7397 28
7410 7397 26
7410 7397 58
7410 9171 5
7410 9171 14
7410 9171 37
7410 9171 2
7410 6647 38
7410 6647 54
7410 6647 14
7410 6647 6
7403 7556 21
7403 7556 43
7403 7556 35
7403 7556 53
7403 7554 52
7403 7554 7
7403 7554 56
7403 7554 54
7403 7549 9
7403 7549 9
7403 7549 37
7403 7549 16
7403 7560 20
7403 7560 14
7403 7560 38
7403 7560 18
7403 7552 27
7403 7552 50
7403 7552 56
7403 7552 18
7403 7555 6
7403 7555 34
7403 7555 45
7403 7555 56
7403 7547 10
7403 7547 26
7403 7547 13
7403 7547 34
7403 7548 25
7403 7548 4
7403 7548 32
7403 7548 48
7403 9169 7
7403 9169 57
7403 9169 7
7403 9169 30
7403 6656 21
7403 6656 18
7403 6656 53
7403 6656 3
7403 9168 8
7403 9168 47
7403 9168 16
7403 9168 43
7403 7553 34
7403 7553 48
7403 7553 2
7403 7553 31
7403 7557 47
7403 7557 12
7403 7557 53
7403 7557 51
7403 7568 0
7403 7568 34
7403 7568 14
7403 7568 58
7403 6655 57
7403 6655 13
7403 6655 53
7403 6655 22
7403 7546 11
7403 7546 18
7403 7546 47
7403 7546 3
7403 7559 44
7403 7559 27
7403 7559 28
7403 7559 43
7403 7551 17
7403 7551 11
7403 7551 28
7403 7551 12
7403 9170 13
7403 9170 7
7403 9170 56
7403 9170 9
7403 6652 19
7403 6652 18
7403 6652 0
7403 6652 38
7403 9167 11
7403 9167 42
7403 9167 8
7403 9167 2
7403 7561 21
7403 7561 36
7403 7561 32
7403 7561 20
7403 7573 13
7403 7573 57
7403 7573 22
7403 7573 27
7403 7558 24
7403 7558 14
7403 7558 6
7403 7558 48
7403 7567 15
7403 7567 50
7403 7567 45
7403 7567 51
7403 7575 25
7403 7575 39
7403 7575 50
7403 7575 19
7403 6651 18
7403 6651 29
7403 6651 21
7403 6651 10
7403 7550 54
7403 7550 14
7403 7550 47
7403 7550 54
7403 7562 43
7403 7562 32
7403 7562 21
7403 7562 42
7403 7397 33
7403 7397 49
7403 7397 25
7403 7397 34
7403 9171 38
7403 9171 33
7403 9171 16
7403 9171 41
7403 6647 10
7403 6647 24
7403 6647 55
7403 6647 3
7401 7556 55
7401 7556 10
7401 7556 56
7401 7556 4
7401 7554 27
7401 7554 50
7401 7554 49
7401 7554 30
7401 7549 18
7401 7549 50
7401 7549 36
7401 7549 32
7401 7560 2
7401 7560 34
7401 7560 50
7401 7560 16
7401 7552 4
7401 7552 22
7401 7552 45
7401 7552 1
7401 7555 43
7401 7555 59
7401 7555 7
7401 7555 1
7401 7547 15
7401 7547 10
7401 7547 39
7401 7547 50
7401 7548 15
7401 7548 21
7401 7548 51
7401 7548 12
7401 9169 36
7401 9169 8
7401 9169 18
7401 9169 18
7401 6656 2
7401 6656 23
7401 6656 25
7401 6656 4
7401 9168 54
7401 9168 33
7401 9168 1
7401 9168 10
7401 7553 48
7401 7553 10
7401 7553 60
7401 7553 39
7401 7557 28
7401 7557 59
7401 7557 46
7401 7557 11
7401 7568 2
7401 7568 14
7401 7568 12
7401 7568 2
7401 6655 10
7401 6655 16
7401 6655 13
7401 6655 30
7401 7546 49
7401 7546 19
7401 7546 27
7401 7546 25
7401 7559 55
7401 7559 10
7401 7559 10
7401 7559 5
7401 7551 11
7401 7551 40
7401 7551 29
7401 7551 17
7401 9170 11
7401 9170 40
7401 9170 31
7401 9170 43
7401 6652 7
7401 6652 42
7401 6652 18
7401 6652 11
7401 9167 31
7401 9167 28
7401 9167 44
7401 9167 3
7401 7561 27
7401 7561 37
7401 7561 48
7401 7561 12
7401 7573 42
7401 7573 39
7401 7573 30
7401 7573 25
7401 7558 25
7401 7558 53
7401 7558 40
7401 7558 14
7401 7567 8
7401 7567 36
7401 7567 3
7401 7567 32
7401 7575 32
7401 7575 28
7401 7575 59
7401 7575 16
7401 6651 31
7401 6651 34
7401 6651 16
7401 6651 6
7401 7550 17
7401 7550 6
7401 7550 6
7401 7550 18
7401 7562 36
7401 7562 58
7401 7562 58
7401 7562 44
7401 7397 57
7401 7397 6
7401 7397 42
7401 7397 1
7401 9171 9
7401 9171 25
7401 9171 55
7401 9171 33
7401 6647 42
7401 6647 44
7401 6647 12
7401 6647 29
7430 7556 50
7430 7556 43
7430 7556 28
7430 7556 5
7430 7554 16
7430 7554 43
7430 7554 13
7430 7554 3
7430 7549 49
7430 7549 32
7430 7549 21
7430 7549 23
7430 7560 19
7430 7560 59
7430 7560 25
7430 7560 32
7430 7552 6
7430 7552 50
7430 7552 37
7430 7552 56
7430 7555 44
7430 7555 44
7430 7555 55
7430 7555 19
7430 7547 0
7430 7547 2
7430 7547 30
7430 7547 42
7430 7548 12
7430 7548 17
7430 7548 51
7430 7548 31
7430 9169 15
7430 9169 52
7430 9169 35
7430 9169 43
7430 6656 24
7430 6656 6
7430 6656 47
7430 6656 40
7430 9168 22
7430 9168 28
7430 9168 44
7430 9168 17
7430 7553 59
7430 7553 7
7430 7553 54
7430 7553 38
7430 7557 50
7430 7557 35
7430 7557 25
7430 7557 35
7430 7568 14
7430 7568 12
7430 7568 45
7430 7568 7
7430 6655 59
7430 6655 30
7430 6655 49
7430 6655 60
7430 7546 42
7430 7546 45
7430 7546 1
7430 7546 7
7430 7559 13
7430 7559 47
7430 7559 40
7430 7559 33
7430 7551 28
7430 7551 10
7430 7551 3
7430 7551 53
7430 9170 42
7430 9170 2
7430 9170 43
7430 9170 50
7430 6652 45
7430 6652 23
7430 6652 5
7430 6652 0
7430 9167 53
7430 9167 21
7430 9167 25
7430 9167 11
7430 7561 8
7430 7561 29
7430 7561 55
7430 7561 11
7430 7573 58
7430 7573 3
7430 7573 20
7430 7573 30
7430 7558 17
7430 7558 47
7430 7558 29
7430 7558 38
7430 7567 38
7430 7567 47
7430 7567 53
7430 7567 26
7430 7575 21
7430 7575 59
7430 7575 7
7430 7575 8
7430 6651 44
7430 6651 21
7430 6651 31
7430 6651 42
7430 7550 2
7430 7550 20
7430 7550 5
7430 7550 33
7430 7562 3
7430 7562 47
7430 7562 11
7430 7562 42
7430 7397 54
7430 7397 17
7430 7397 15
7430 7397 23
7430 9171 44
7430 9171 9
7430 9171 11
7430 9171 54
7430 6647 26
7430 6647 39
7430 6647 24
7430 6647 44
7433 7556 51
7433 7556 52
7433 7556 5
7433 7556 30
7433 7554 16
7433 7554 16
7433 7554 9
7433 7554 24
7433 7549 44
7433 7549 57
7433 7549 33
7433 7549 6
7433 7560 20
7433 7560 2
7433 7560 35
7433 7560 14
7433 7552 55
7433 7552 28
7433 7552 22
7433 7552 17
7433 7555 24
7433 7555 45
7433 7555 18
7433 7555 59
7433 7547 10
7433 7547 30
7433 7547 26
7433 7547 40
7433 7548 28
7433 7548 14
7433 7548 39
7433 7548 26
7433 9169 11
7433 9169 52
7433 9169 59
7433 9169 29
7433 6656 32
7433 6656 59
7433 6656 31
7433 6656 39
7433 9168 31
7433 9168 37
7433 9168 58
7433 9168 3
7433 7553 12
7433 7553 52
7433 7553 23
7433 7553 27
7433 7557 16
7433 7557 0
7433 7557 2
7433 7557 17
7433 7568 22
7433 7568 1
7433 7568 18
7433 7568 6
7433 6655 42
7433 6655 11
7433 6655 31
7433 6655 12
7433 7546 13
7433 7546 35
7433 7546 58
7433 7546 56
7433 7559 4
7433 7559 20
7433 7559 40
7433 7559 24
7433 7551 51
7433 7551 53
7433 7551 23
7433 7551 3
7433 9170 56
7433 9170 36
7433 9170 0
7433 9170 10
7433 6652 6
7433 6652 38
7433 6652 8
7433 6652 58
7433 9167 2
7433 9167 54
7433 9167 33
7433 9167 2
7433 7561 43
7433 7561 41
7433 7561 43
7433 7561 57
7433 7573 21
7433 7573 5
7433 7573 11
7433 7573 5
7433 7558 28
7433 7558 16
7433 7558 30
7433 7558 17
7433 7567 5
7433 7567 10
7433 7567 1
7433 7567 32
7433 7575 44
7433 7575 41
7433 7575 46
7433 7575 21
7433 6651 50
7433 6651 42
7433 6651 1
7433 6651 0
7433 7550 23
7433 7550 41
7433 7550 22
7433 7550 26
7433 7562 29
7433 7562 52
7433 7562 12
7433 7562 39
7433 7397 5
7433 7397 50
7433 7397 60
7433 7397 7
7433 9171 12
7433 9171 27
7433 9171 5
7433 9171 19
7433 6647 11
7433 6647 52
7433 6647 11
7433 6647 43
7429 7556 59
7429 7556 15
7429 7556 22
7429 7556 23
7429 7554 54
7429 7554 26
7429 7554 43
7429 7554 48
7429 7549 4
7429 7549 18
7429 7549 27
7429 7549 8
7429 7560 42
7429 7560 18
7429 7560 53
7429 7560 40
7429 7552 26
7429 7552 26
7429 7552 48
7429 7552 34
7429 7555 31
7429 7555 3
7429 7555 36
7429 7555 51
7429 7547 16
7429 7547 30
7429 7547 56
7429 7547 1
7429 7548 12
7429 7548 52
7429 7548 4
7429 7548 8
7429 9169 25
7429 9169 28
7429 9169 44
7429 9169 48
7429 6656 8
7429 6656 25
7429 6656 0
7429 6656 54
7429 9168 38
7429 9168 29
7429 9168 35
7429 9168 28
7429 7553 54
7429 7553 35
7429 7553 32
7429 7553 46
7429 7557 34
7429 7557 25
7429 7557 9
7429 7557 29
7429 7568 37
7429 7568 32
7429 7568 22
7429 7568 57
7429 6655 32
7429 6655 52
7429 6655 1
7429 6655 47
7429 7546 42
7429 7546 36
7429 7546 33
7429 7546 1
7429 7559 12
7429 7559 28
7429 7559 9
7429 7559 11
7429 7551 46
7429 7551 38
7429 7551 18
7429 7551 23
7429 9170 52
7429 9170 12
7429 9170 31
7429 9170 54
7429 6652 9
7429 6652 23
7429 6652 57
7429 6652 50
7429 9167 13
7429 9167 6
7429 9167 36
7429 9167 60
7429 7561 32
7429 7561 51
7429 7561 10
7429 7561 30
7429 7573 37
7429 7573 38
7429 7573 40
7429 7573 36
7429 7558 10
7429 7558 48
7429 7558 55
7429 7558 14
7429 7567 38
7429 7567 24
7429 7567 39
7429 7567 12
7429 7575 57
7429 7575 49
7429 7575 46
7429 7575 57
7429 6651 45
7429 6651 55
7429 6651 26
7429 6651 53
7429 7550 40
7429 7550 24
7429 7550 37
7429 7550 12
7429 7562 1
7429 7562 34
7429 7562 34
7429 7562 35
7429 7397 49
7429 7397 14
7429 7397 25
7429 7397 1
7429 9171 26
7429 9171 28
7429 9171 25
7429 9171 33
7429 6647 36
7429 6647 49
7429 6647 34
7429 6647 48
7437 7556 18
7437 7556 47
7437 7556 31
7437 7556 18
7437 7554 8
7437 7554 14
7437 7554 12
7437 7554 11
7437 7549 56
7437 7549 3
7437 7549 28
7437 7549 26
7437 7560 39
7437 7560 50
7437 7560 24
7437 7560 32
7437 7552 32
7437 7552 23
7437 7552 56
7437 7552 37
7437 7555 17
7437 7555 31
7437 7555 46
7437 7555 32
7437 7547 29
7437 7547 8
7437 7547 17
7437 7547 60
7437 7548 8
7437 7548 24
7437 7548 19
7437 7548 16
7437 9169 14
7437 9169 56
7437 9169 42
7437 9169 24
7437 6656 40
7437 6656 15
7437 6656 40
7437 6656 31
7437 9168 60
7437 9168 41
7437 9168 40
7437 9168 49
7437 7553 42
7437 7553 1
7437 7553 43
7437 7553 6
7437 7557 43
7437 7557 42
7437 7557 0
7437 7557 32
7437 7568 35
7437 7568 11
7437 7568 1
7437 7568 19
7437 6655 40
7437 6655 49
7437 6655 18
7437 6655 11
7437 7546 20
7437 7546 24
7437 7546 3
7437 7546 40
7437 7559 16
7437 7559 1
7437 7559 36
7437 7559 23
7437 7551 14
7437 7551 51
7437 7551 13
7437 7551 33
7437 9170 48
7437 9170 13
7437 9170 40
7437 9170 58
7437 6652 7
7437 6652 32
7437 6652 59
7437 6652 42
7437 9167 5
7437 9167 34
7437 9167 54
7437 9167 29
7437 7561 48
7437 7561 43
7437 7561 16
7437 7561 19
7437 7573 10
7437 7573 45
7437 7573 15
7437 7573 51
7437 7558 14
7437 7558 25
7437 7558 47
7437 7558 25
7437 7567 41
7437 7567 35
7437 7567 36
7437 7567 2
7437 7575 35
7437 7575 54
7437 7575 14
7437 7575 1
7437 6651 9
7437 6651 32
7437 6651 7
7437 6651 25
7437 7550 19
7437 7550 25
7437 7550 58
7437 7550 15
7437 7562 56
7437 7562 12
7437 7562 42
7437 7562 49
7437 7397 5
7437 7397 50
7437 7397 41
7437 7397 11
7437 9171 57
7437 9171 48
7437 9171 32
7437 9171 50
7437 6647 33
7437 6647 3
7437 6647 26
7437 6647 3
7444 7556 50
7444 7556 20
7444 7556 57
7444 7556 2
7444 7554 48
7444 7554 25
7444 7554 42
7444 7554 26
7444 7549 22
7444 7549 30
7444 7549 17
7444 7549 7
7444 7560 33
7444 7560 18
7444 7560 4
7444 7560 40
7444 7552 29
7444 7552 43
7444 7552 6
7444 7552 4
7444 7555 33
7444 7555 11
7444 7555 28
7444 7555 37
7444 7547 53
7444 7547 57
7444 7547 47
7444 7547 50
7444 7548 23
7444 7548 3
7444 7548 1
7444 7548 13
7444 9169 52
7444 9169 11
7444 9169 27
7444 9169 8
7444 6656 49
7444 6656 20
7444 6656 8
7444 6656 6
7444 9168 43
7444 9168 42
7444 9168 2
7444 9168 43
7444 7553 47
7444 7553 17
7444 7553 32
7444 7553 12
7444 7557 45
7444 7557 15
7444 7557 43
7444 7557 0
7444 7568 38
7444 7568 5
7444 7568 6
7444 7568 40
7444 6655 8
7444 6655 43
7444 6655 30
7444 6655 22
7444 7546 48
7444 7546 43
7444 7546 30
7444 7546 11
7444 7559 2
7444 7559 50
7444 7559 58
7444 7559 42
7444 7551 9
7444 7551 34
7444 7551 6
7444 7551 37
7444 9170 32
7444 9170 7
7444 9170 7
7444 9170 16
7444 6652 9
7444 6652 10
7444 6652 18
7444 6652 10
7444 9167 49
7444 9167 45
7444 9167 58
7444 9167 57
7444 7561 18
7444 7561 55
7444 7561 9
7444 7561 59
7444 7573 46
7444 7573 19
7444 7573 3
7444 7573 5
7444 7558 47
7444 7558 39
7444 7558 10
7444 7558 55
7444 7567 29
7444 7567 40
7444 7567 11
7444 7567 11
7444 7575 51
7444 7575 20
7444 7575 12
7444 7575 27
7444 6651 1
7444 6651 47
7444 6651 40
7444 6651 23
7444 7550 18
7444 7550 11
7444 7550 18
7444 7550 20
7444 7562 4
7444 7562 47
7444 7562 51
7444 7562 25
7444 7397 30
7444 7397 56
7444 7397 43
7444 7397 13
7444 9171 57
7444 9171 53
7444 9171 14
7444 9171 35
7444 6647 11
7444 6647 11
7444 6647 15
7444 6647 22
7411 7556 20
7411 7556 2
7411 7556 13
7411 7556 10
7411 7554 8
7411 7554 41
7411 7554 55
7411 7554 31
7411 7549 22
7411 7549 42
7411 7549 20
7411 7549 6
7411 7560 17
7411 7560 20
7411 7560 28
7411 7560 59
7411 7552 25
7411 7552 2
7411 7552 33
7411 7552 48
7411 7555 28
7411 7555 54
7411 7555 26
7411 7555 1
7411 7547 41
7411 7547 23
7411 7547 34
7411 7547 2
7411 7548 26
7411 7548 13
7411 7548 49
7411 7548 20
7411 9169 49
7411 9169 20
7411 9169 8
7411 9169 20
7411 6656 46
7411 6656 50
7411 6656 54
7411 6656 19
7411 9168 1
7411 9168 37
7411 9168 21
7411 9168 0
7411 7553 6
7411 7553 39
7411 7553 19
7411 7553 9
7411 7557 36
7411 7557 13
7411 7557 49
7411 7557 13
7411 7568 54
7411 7568 10
7411 7568 20
7411 7568 55
7411 6655 2
7411 6655 33
7411 6655 43
7411 6655 54
7411 7546 40
7411 7546 55
7411 7546 6
7411 7546 34
7411 7559 48
7411 7559 57
7411 7559 13
7411 7559 47
7411 7551 8
7411 7551 32
7411 7551 18
7411 7551 40
7411 9170 0
7411 9170 25
7411 9170 19
7411 9170 26
7411 6652 0
7411 6652 2
7411 6652 6
7411 6652 35
7411 9167 37
7411 9167 18
7411 9167 12
7411 9167 20
7411 7561 41
7411 7561 60
7411 7561 32
7411 7561 1
7411 7573 46
7411 7573 36
7411 7573 52
7411 7573 58
7411 7558 34
7411 7558 12
7411 7558 53
7411 7558 17
7411 7567 49
7411 7567 10
7411 7567 58
7411 7567 49
7411 7575 0
7411 7575 42
7411 7575 41
7411 7575 45
7411 6651 2
7411 6651 41
7411 6651 49
7411 6651 60
7411 7550 29
7411 7550 23
7411 7550 24
7411 7550 12
7411 7562 38
7411 7562 56
7411 7562 43
7411 7562 10
7411 7397 18
7411 7397 14
7411 7397 4
7411 7397 58
7411 9171 53
7411 9171 1
7411 9171 3
7411 9171 24
7411 6647 24
7411 6647 46
7411 6647 42
7411 6647 27
7400 7556 46
7400 7556 52
7400 7556 40
7400 7556 29
7400 7554 29
7400 7554 16
7400 7554 56
7400 7554 21
7400 7549 18
7400 7549 33
7400 7549 10
7400 7549 25
7400 7560 26
7400 7560 48
7400 7560 20
7400 7560 48
7400 7552 21
7400 7552 50
7400 7552 31
7400 7552 35
7400 7555 24
7400 7555 4
7400 7555 36
7400 7555 58
7400 7547 29
7400 7547 54
7400 7547 7
7400 7547 32
7400 7548 0
7400 7548 28
7400 7548 14
7400 7548 1
7400 9169 37
7400 9169 35
7400 9169 36
7400 9169 8
7400 6656 54
7400 6656 17
7400 6656 0
7400 6656 52
7400 9168 35
7400 9168 48
7400 9168 51
7400 9168 57
7400 7553 51
7400 7553 4
7400 7553 29
7400 7553 9
7400 7557 32
7400 7557 44
7400 7557 16
7400 7557 60
7400 7568 6
7400 7568 46
7400 7568 56
7400 7568 16
7400 6655 26
7400 6655 53
7400 6655 46
7400 6655 49
7400 7546 16
7400 7546 55
7400 7546 37
7400 7546 38
7400 7559 57
7400 7559 35
7400 7559 40
7400 7559 15
7400 7551 12
7400 7551 56
7400 7551 14
7400 7551 59
7400 9170 23
7400 9170 43
7400 9170 51
7400 9170 44
7400 6652 21
7400 6652 26
7400 6652 36
7400 6652 59
7400 9167 42
7400 9167 1
7400 9167 35
7400 9167 32
7400 7561 23
7400 7561 0
7400 7561 3
7400 7561 37
7400 7573 54
7400 7573 40
7400 7573 52
7400 7573 37
7400 7558 58
7400 7558 18
7400 7558 11
7400 7558 24
7400 7567 16
7400 7567 28
7400 7567 29
7400 7567 15
7400 7575 54
7400 7575 38
7400 7575 12
7400 7575 59
7400 6651 1
7400 6651 37
7400 6651 41
7400 6651 42
7400 7550 12
7400 7550 4
7400 7550 55
7400 7550 28
7400 7562 22
7400 7562 19
7400 7562 32
7400 7562 40
7400 7397 57
7400 7397 20
7400 7397 18
7400 7397 39
7400 9171 12
7400 9171 46
7400 9171 3
7400 9171 33
7400 6647 43
7400 6647 38
7400 6647 11
7400 6647 6
7390 7556 7
7390 7556 1
7390 7556 32
7390 7556 51
7390 7554 36
7390 7554 21
7390 7554 53
7390 7554 0
7390 7549 13
7390 7549 49
7390 7549 32
7390 7549 7
7390 7560 24
7390 7560 40
7390 7560 44
7390 7560 13
7390 7552 35
7390 7552 0
7390 7552 55
7390 7552 3
7390 7555 33
7390 7555 41
7390 7555 32
7390 7555 1
7390 7547 16
7390 7547 21
7390 7547 53
7390 7547 58
7390 7548 49
7390 7548 54
7390 7548 36
7390 7548 20
7390 9169 48
7390 9169 5
7390 9169 10
7390 9169 19
7390 6656 53
7390 6656 28
7390 6656 11
7390 6656 50
7390 9168 14
7390 9168 2
7390 9168 34
7390 9168 35
7390 7553 32
7390 7553 46
7390 7553 17
7390 7553 1
7390 7557 44
7390 7557 40
7390 7557 45
7390 7557 35
7390 7568 28
7390 7568 38
7390 7568 47
7390 7568 48
7390 6655 12
7390 6655 20
7390 6655 16
7390 6655 49
7390 7546 39
7390 7546 37
7390 7546 60
7390 7546 25
7390 7559 46
7390 7559 37
7390 7559 19
7390 7559 21
7390 7551 53
7390 7551 39
7390 7551 33
7390 7551 34
7390 9170 48
7390 9170 11
7390 9170 7
7390 9170 52
7390 6652 48
7390 6652 17
7390 6652 44
7390 6652 5
7390 9167 35
7390 9167 43
7390 9167 37
7390 9167 30
7390 7561 22
7390 7561 26
7390 7561 20
7390 7561 30
7390 7573 43
7390 7573 17
7390 7573 11
7390 7573 36
7390 7558 58
7390 7558 15
7390 7558 21
7390 7558 57
7390 7567 6
7390 7567 21
7390 7567 6
7390 7567 55
7390 7575 2
7390 7575 55
7390 7575 51
7390 7575 22
7390 6651 48
7390 6651 39
7390 6651 15
7390 6651 11
7390 7550 33
7390 7550 20
7390 7550 28
7390 7550 47
7390 7562 41
7390 7562 35
7390 7562 40
7390 7562 53
7390 7397 8
7390 7397 24
7390 7397 21
7390 7397 47
7390 9171 35
7390 9171 8
7390 9171 26
7390 9171 53
7390 6647 52
7390 6647 48
7390 6647 15
7390 6647 20
7402 7556 42
7402 7556 39
7402 7556 18
7402 7556 46
7402 7554 21
7402 7554 33
7402 7554 25
7402 7554 25
7402 7549 38
7402 7549 33
7402 7549 12
7402 7549 3
7402 7560 34
7402 7560 24
7402 7560 3
7402 7560 42
7402 7552 8
7402 7552 34
7402 7552 56
7402 7552 42
7402 7555 22
7402 7555 27
7402 7555 37
7402 7555 0
7402 7547 46
7402 7547 54
7402 7547 4
7402 7547 28
7402 7548 32
7402 7548 8
7402 7548 24
7402 7548 59
7402 9169 40
7402 9169 11
7402 9169 53
7402 9169 46
7402 6656 55
7402 6656 36
7402 6656 11
7402 6656 51
7402 9168 22
7402 9168 12
7402 9168 0
7402 9168 42
7402 7553 22
7402 7553 56
7402 7553 41
7402 7553 40
7402 7557 19
7402 7557 38
7402 7557 57
7402 7557 9
7402 7568 20
7402 7568 39
7402 7568 30
7402 7568 24
7402 6655 46
7402 6655 20
7402 6655 27
7402 6655 20
7402 7546 9
7402 7546 48
7402 7546 26
7402 7546 1
7402 7559 41
7402 7559 31
7402 7559 34
7402 7559 30
7402 7551 55
7402 7551 6
7402 7551 59
7402 7551 19
7402 9170 28
7402 9170 54
7402 9170 26
7402 9170 4
7402 6652 23
7402 6652 51
7402 6652 57
7402 6652 16
7402 9167 51
7402 9167 39
7402 9167 19
7402 9167 54
7402 7561 38
7402 7561 37
7402 7561 42
7402 7561 19
7402 7573 0
7402 7573 34
7402 7573 60
7402 7573 48
7402 7558 3
7402 7558 13
7402 7558 59
7402 7558 4
7402 7567 1
7402 7567 14
7402 7567 34
7402 7567 10
7402 7575 38
7402 7575 51
7402 7575 41
7402 7575 56
7402 6651 52
7402 6651 5
7402 6651 28
7402 6651 0
7402 7550 11
7402 7550 41
7402 7550 52
7402 7550 56
7402 7562 3
7402 7562 10
7402 7562 31
7402 7562 45
7402 7397 55
7402 7397 34
7402 7397 56
7402 7397 21
7402 9171 31
7402 9171 41
7402 9171 18
7402 9171 31
7402 6647 2
7402 6647 55
7402 6647 21
7402 6647 11
7432 7556 33
7432 7556 57
7432 7556 6
7432 7556 24
7432 7554 20
7432 7554 5
7432 7554 41
7432 7554 8
7432 7549 57
7432 7549 17
7432 7549 2
7432 7549 5
7432 7560 47
7432 7560 44
7432 7560 22
7432 7560 24
7432 7552 3
7432 7552 24
7432 7552 13
7432 7552 13
7432 7555 2
7432 7555 57
7432 7555 25
7432 7555 40
7432 7547 45
7432 7547 0
7432 7547 47
7432 7547 29
7432 7548 17
7432 7548 36
7432 7548 42
7432 7548 56
7432 9169 34
7432 9169 31
7432 9169 30
7432 9169 7
7432 6656 23
7432 6656 58
7432 6656 44
7432 6656 37
7432 9168 18
7432 9168 21
7432 9168 51
7432 9168 3
7432 7553 51
7432 7553 14
7432 7553 37
7432 7553 14
7432 7557 9
7432 7557 12
7432 7557 5
7432 7557 27
7432 7568 39
7432 7568 27
7432 7568 45
7432 7568 14
7432 6655 27
7432 6655 13
7432 6655 30
7432 6655 34
7432 7546 22
7432 7546 35
7432 7546 40
7432 7546 42
7432 7559 52
7432 7559 28
7432 7559 6
7432 7559 52
7432 7551 49
7432 7551 26
7432 7551 37
7432 7551 30
7432 9170 28
7432 9170 29
7432 9170 59
7432 9170 4
7432 6652 18
7432 6652 45
7432 6652 15
7432 6652 0
7432 9167 5
7432 9167 44
7432 9167 16
7432 9167 60
7432 7561 48
7432 7561 52
7432 7561 22
7432 7561 11
7432 7573 5
7432 7573 46
7432 7573 0
7432 7573 0
7432 7558 50
7432 7558 8
7432 7558 15
7432 7558 45
7432 7567 59
7432 7567 33
7432 7567 57
7432 7567 4
7432 7575 52
7432 7575 54
7432 7575 54
7432 7575 16
7432 6651 30
7432 6651 43
7432 6651 60
7432 6651 17
7432 7550 54
7432 7550 28
7432 7550 60
7432 7550 59
7432 7562 57
7432 7562 16
7432 7562 54
7432 7562 5
7432 7397 16
7432 7397 10
7432 7397 49
7432 7397 4
7432 9171 57
7432 9171 23
7432 9171 44
7432 9171 22
7432 6647 29
7432 6647 52
7432 6647 56
7432 6647 31
7427 7556 28
7427 7556 21
7427 7556 26
7427 7556 9
7427 7554 28
7427 7554 8
7427 7554 3
7427 7554 29
7427 7549 11
7427 7549 39
7427 7549 54
7427 7549 2
7427 7560 23
7427 7560 30
7427 7560 52
7427 7560 39
7427 7552 46
7427 7552 45
7427 7552 11
7427 7552 58
7427 7555 14
7427 7555 16
7427 7555 15
7427 7555 10
7427 7547 16
7427 7547 7
7427 7547 32
7427 7547 3
7427 7548 18
7427 7548 43
7427 7548 59
7427 7548 13
7427 9169 18
7427 9169 17
7427 9169 10
7427 9169 8
7427 6656 4
7427 6656 22
7427 6656 58
7427 6656 31
7427 9168 5
7427 9168 46
7427 9168 28
7427 9168 25
7427 7553 10
7427 7553 14
7427 7553 36
7427 7553 57
7427 7557 58
7427 7557 5
7427 7557 43
7427 7557 8
7427 7568 36
7427 7568 41
7427 7568 12
7427 7568 41
7427 6655 3
7427 6655 12
7427 6655 48
7427 6655 58
7427 7546 36
7427 7546 52
7427 7546 42
7427 7546 60
7427 7559 32
7427 7559 50
7427 7559 24
7427 7559 9
7427 7551 55
7427 7551 46
7427 7551 0
7427 7551 44
7427 9170 19
7427 9170 22
7427 9170 24
7427 9170 19
7427 6652 34
7427 6652 55
7427 6652 24
7427 6652 47
7427 9167 38
7427 9167 50
7427 9167 55
7427 9167 52
7427 7561 3
7427 7561 16
7427 7561 22
7427 7561 50
7427 7573 14
7427 7573 50
7427 7573 31
7427 7573 37
7427 7558 6
7427 7558 6
7427 7558 9
7427 7558 39
7427 7567 2
7427 7567 32
7427 7567 60
7427 7567 7
7427 7575 16
7427 7575 4
7427 7575 37
7427 7575 25
7427 6651 32
7427 6651 59
7427 6651 7
7427 6651 7
7427 7550 54
7427 7550 5
7427 7550 7
7427 7550 7
7427 7562 42
7427 7562 32
7427 7562 48
7427 7562 60
7427 7397 45
7427 7397 19
7427 7397 30
7427 7397 24
7427 9171 24
7427 9171 24
7427 9171 53
7427 9171 8
7427 6647 11
7427 6647 28
7427 6647 12
7427 6647 56
7426 7556 1
7426 7556 8
7426 7556 20
7426 7556 3
7426 7554 22
7426 7554 20
7426 7554 42
7426 7554 45
7426 7549 55
7426 7549 44
7426 7549 9
7426 7549 34
7426 7560 29
7426 7560 8
7426 7560 35
7426 7560 60
7426 7552 22
7426 7552 32
7426 7552 31
7426 7552 35
7426 7555 33
7426 7555 26
7426 7555 20
7426 7555 27
7426 7547 48
7426 7547 46
7426 7547 32
7426 7547 2
7426 7548 51
7426 7548 51
7426 7548 34
7426 7548 1
7426 9169 22
7426 9169 6
7426 9169 27
7426 9169 7
7426 6656 11
7426 6656 29
7426 6656 58
7426 6656 52
7426 9168 50
7426 9168 23
7426 9168 42
7426 9168 10
7426 7553 59
7426 7553 46
7426 7553 54
7426 7553 34
7426 7557 20
7426 7557 38
7426 7557 42
7426 7557 1
7426 7568 22
7426 7568 24
7426 7568 23
7426 7568 6
7426 6655 50
7426 6655 60
7426 6655 60
7426 6655 46
7426 7546 58
7426 7546 16
7426 7546 49
7426 7546 31
7426 7559 36
7426 7559 3
7426 7559 40
7426 7559 20
7426 7551 52
7426 7551 22
7426 7551 52
7426 7551 42
7426 9170 2
7426 9170 49
7426 9170 48
7426 9170 14
7426 6652 60
7426 6652 22
7426 6652 58
7426 6652 52
7426 9167 7
7426 9167 43
7426 9167 53
7426 9167 3
7426 7561 13
7426 7561 0
7426 7561 27
7426 7561 56
7426 7573 14
7426 7573 16
7426 7573 29
7426 7573 40
7426 7558 31
7426 7558 24
7426 7558 46
7426 7558 53
7426 7567 11
7426 7567 43
7426 7567 21
7426 7567 4
7426 7575 9
7426 7575 58
7426 7575 14
7426 7575 43
7426 6651 3
7426 6651 11
7426 6651 18
7426 6651 47
7426 7550 56
7426 7550 29
7426 7550 51
7426 7550 33
7426 7562 29
7426 7562 18
7426 7562 39
7426 7562 58
7426 7397 13
7426 7397 3
7426 7397 51
7426 7397 59
7426 9171 39
7426 9171 57
7426 9171 50
7426 9171 10
7426 6647 59
7426 6647 25
7426 6647 32
7426 6647 51
7438 7556 49
7438 7556 15
7438 7556 46
7438 7556 33
7438 7554 32
7438 7554 46
7438 7554 22
7438 7554 7
7438 7549 14
7438 7549 54
7438 7549 11
7438 7549 39
7438 7560 22
7438 7560 5
7438 7560 7
7438 7560 37
7438 7552 49
7438 7552 53
7438 7552 30
7438 7552 59
7438 7555 16
7438 7555 24
7438 7555 48
7438 7555 9
7438 7547 32
7438 7547 60
7438 7547 13
7438 7547 6
7438 7548 5
7438 7548 8
7438 7548 45
7438 7548 52
7438 9169 25
7438 9169 24
7438 9169 58
7438 9169 0
7438 6656 0
7438 6656 18
7438 6656 50
7438 6656 3
7438 9168 27
7438 9168 4
7438 9168 2
7438 9168 13
7438 7553 48
7438 7553 18
7438 7553 58
7438 7553 49
7438 7557 2
7438 7557 8
7438 7557 52
7438 7557 0
7438 7568 54
7438 7568 59
7438 7568 47
7438 7568 22
7438 6655 21
7438 6655 10
7438 6655 33
7438 6655 57
7438 7546 49
7438 7546 59
7438 7546 16
7438 7546 53
7438 7559 48
7438 7559 1
7438 7559 4
7438 7559 28
7438 7551 58
7438 7551 43
7438 7551 16
7438 7551 38
7438 9170 45
7438 9170 36
7438 9170 29
7438 9170 27
7438 6652 29
7438 6652 57
7438 6652 27
7438 6652 6
7438 9167 2
7438 9167 57
7438 9167 27
7438 9167 45
7438 7561 25
7438 7561 38
7438 7561 48
7438 7561 52
7438 7573 0
7438 7573 58
7438 7573 27
7438 7573 31
7438 7558 0
7438 7558 0
7438 7558 2
7438 7558 42
7438 7567 43
7438 7567 18
7438 7567 30
7438 7567 49
7438 7575 58
7438 7575 39
7438 7575 32
7438 7575 3
7438 6651 21
7438 6651 10
7438 6651 31
7438 6651 2
7438 7550 57
7438 7550 47
7438 7550 49
7438 7550 45
7438 7562 6
7438 7562 33
7438 7562 60
7438 7562 31
7438 7397 5
7438 7397 31
7438 7397 55
7438 7397 41
7438 9171 20
7438 9171 17
7438 9171 39
7438 9171 30
7438 6647 41
7438 6647 32
7438 6647 17
7438 6647 24
7443 7556 43
7443 7556 10
7443 7556 57
7443 7556 58
7443 7554 38
7443 7554 26
7443 7554 49
7443 7554 58
7443 7549 44
7443 7549 22
7443 7549 29
7443 7549 13
7443 7560 36
7443 7560 29
7443 7560 16
7443 7560 34
7443 7552 57
7443 7552 37
7443 7552 54
7443 7552 10
7443 7555 8
7443 7555 28
7443 7555 14
7443 7555 43
7443 7547 6
7443 7547 5
7443 7547 31
7443 7547 3
7443 7548 34
7443 7548 43
7443 7548 2
7443 7548 58
7443 9169 52
7443 9169 30
7443 9169 13
7443 9169 17
7443 6656 22
7443 6656 30
7443 6656 47
7443 6656 14
7443 9168 26
7443 9168 17
7443 9168 21
7443 9168 31
7443 7553 14
7443 7553 24
7443 7553 29
7443 7553 8
7443 7557 16
7443 7557 44
7443 7557 59
7443 7557 37
7443 7568 18
7443 7568 2
7443 7568 60
7443 7568 10
7443 6655 55
7443 6655 17
7443 6655 60
7443 6655 0
7443 7546 16
7443 7546 33
7443 7546 13
7443 7546 10
7443 7559 14
7443 7559 35
7443 7559 50
7443 7559 57
7443 7551 41
7443 7551 39
7443 7551 3
7443 7551 7
7443 9170 42
7443 9170 15
7443 9170 39
7443 9170 3
7443 6652 15
7443 6652 51
7443 6652 44
7443 6652 39
7443 9167 26
7443 9167 1
7443 9167 0
7443 9167 4
7443 7561 23
7443 7561 3
7443 7561 55
7443 7561 35
7443 7573 48
7443 7573 33
7443 7573 15
7443 7573 3
7443 7558 16
7443 7558 4
7443 7558 2
7443 7558 19
7443 7567 34
7443 7567 58
7443 7567 41
7443 7567 33
7443 7575 56
7443 7575 1
7443 7575 32
7443 7575 18
7443 6651 35
7443 6651 10
7443 6651 30
7443 6651 45
7443 7550 49
7443 7550 58
7443 7550 31
7443 7550 6
7443 7562 56
7443 7562 8
7443 7562 17
7443 7562 36
7443 7397 44
7443 7397 56
7443 7397 56
7443 7397 36
7443 9171 1
7443 9171 20
7443 9171 35
7443 9171 8
7443 6647 10
7443 6647 46
7443 6647 6
7443 6647 50
7572 7556 15
7572 7556 10
7572 7556 52
7572 7556 12
7572 7554 41
7572 7554 25
7572 7554 37
7572 7554 55
7572 7549 48
7572 7549 46
7572 7549 3
7572 7549 47
7572 7560 17
7572 7560 52
7572 7560 45
7572 7560 19
7572 7552 5
7572 7552 22
7572 7552 55
7572 7552 56
7572 7555 40
7572 7555 49
7572 7555 17
7572 7555 17
7572 7547 17
7572 7547 28
7572 7547 49
7572 7547 21
7572 7548 45
7572 7548 7
7572 7548 3
7572 7548 6
7572 9169 49
7572 9169 58
7572 9169 8
7572 9169 31
7572 6656 56
7572 6656 6
7572 6656 57
7572 6656 7
7572 9168 11
7572 9168 17
7572 9168 32
7572 9168 23
7572 7553 30
7572 7553 20
7572 7553 4
7572 7553 44
7572 7557 55
7572 7557 52
7572 7557 13
7572 7557 52
7572 7568 54
7572 7568 30
7572 7568 52
7572 7568 41
7572 6655 13
7572 6655 20
7572 6655 0
7572 6655 15
7572 7546 51
7572 7546 19
7572 7546 4
7572 7546 5
7572 7559 4
7572 7559 17
7572 7559 1
7572 7559 13
7572 7551 16
7572 7551 25
7572 7551 1
7572 7551 60
7572 9170 21
7572 9170 22
7572 9170 27
7572 9170 59
7572 6652 60
7572 6652 24
7572 6652 41
7572 6652 7
7572 9167 18
7572 9167 36
7572 9167 29
7572 9167 44
7572 7561 23
7572 7561 37
7572 7561 3
7572 7561 51
7572 7573 48
7572 7573 25
7572 7573 53
7572 7573 33
7572 7558 19
7572 7558 23
7572 7558 0
7572 7558 39
7572 7567 35
7572 7567 47
7572 7567 1
7572 7567 6
7572 7575 8
7572 7575 3
7572 7575 44
7572 7575 19
7572 6651 35
7572 6651 53
7572 6651 40
7572 6651 37
7572 7550 3
7572 7550 56
7572 7550 51
7572 7550 50
7572 7562 56
7572 7562 46
7572 7562 21
7572 7562 19
7572 7397 22
7572 7397 17
7572 7397 14
7572 7397 19
7572 9171 38
7572 9171 58
7572 9171 47
7572 9171 32
7572 6647 10
7572 6647 21
7572 6647 5
7572 6647 55
7587 7556 2
7587 7556 48
7587 7556 53
7587 7556 39
7587 7554 43
7587 7554 15
7587 7554 15
7587 7554 56
7587 7549 25
7587 7549 38
7587 7549 18
7587 7549 16
7587 7560 20
7587 7560 20
7587 7560 53
7587 7560 56
7587 7552 7
7587 7552 7
7587 7552 11
7587 7552 43
7587 7555 56
7587 7555 23
7587 7555 42
7587 7555 6
7587 7547 37
7587 7547 29
7587 7547 34
7587 7547 59
7587 7548 23
7587 7548 45
7587 7548 13
7587 7548 5
7587 9169 19
7587 9169 9
7587 9169 5
7587 9169 35
7587 6656 24
7587 6656 4
7587 6656 6
7587 6656 58
7587 9168 50
7587 9168 34
7587 9168 58
7587 9168 38
7587 7553 23
7587 7553 13
7587 7553 33
7587 7553 34
7587 7557 45
7587 7557 21
7587 7557 11
7587 7557 39
7587 7568 22
7587 7568 59
7587 7568 41
7587 7568 46
7587 6655 19
7587 6655 19
7587 6655 54
7587 6655 2
7587 7546 33
7587 7546 38
7587 7546 37
7587 7546 42
7587 7559 18
7587 7559 8
7587 7559 48
7587 7559 31
7587 7551 58
7587 7551 32
7587 7551 21
7587 7551 33
7587 9170 26
7587 9170 40
7587 9170 40
7587 9170 19
7587 6652 25
7587 6652 9
7587 6652 3
7587 6652 50
7587 9167 2
7587 9167 31
7587 9167 52
7587 9167 39
7587 7561 22
7587 7561 59
7587 7561 20
7587 7561 41
7587 7573 15
7587 7573 28
7587 7573 22
7587 7573 18
7587 7558 4
7587 7558 59
7587 7558 51
7587 7558 11
7587 7567 11
7587 7567 29
7587 7567 36
7587 7567 0
7587 7575 23
7587 7575 19
7587 7575 42
7587 7575 44
7587 6651 33
7587 6651 51
7587 6651 33
7587 6651 20
7587 7550 11
7587 7550 11
7587 7550 2
7587 7550 60
7587 7562 59
7587 7562 20
7587 7562 57
7587 7562 47
7587 7397 17
7587 7397 9
7587 7397 37
7587 7397 59
7587 9171 59
7587 9171 8
7587 9171 23
7587 9171 14
7587 6647 51
7587 6647 16
7587 6647 55
7587 6647 10
7566 7556 22
7566 7556 28
7566 7556 0
7566 7556 60
7566 7554 12
7566 7554 54
7566 7554 24
7566 7554 35
7566 7549 27
7566 7549 16
7566 7549 34
7566 7549 47
7566 7560 13
7566 7560 2
7566 7560 49
7566 7560 37
7566 7552 29
7566 7552 56
7566 7552 27
7566 7552 12
7566 7555 18
7566 7555 2
7566 7555 6
7566 7555 29
7566 7547 38
7566 7547 58
7566 7547 25
7566 7547 59
7566 7548 10
7566 7548 45
7566 7548 34
7566 7548 55
7566 9169 10
7566 9169 5
7566 9169 41
7566 9169 15
7566 6656 0
7566 6656 21
7566 6656 11
7566 6656 39
7566 9168 34
7566 9168 54
7566 9168 32
7566 9168 47
7566 7553 46
7566 7553 57
7566 7553 36
7566 7553 42
7566 7557 54
7566 7557 3
7566 7557 37
7566 7557 11
7566 7568 50
7566 7568 25
7566 7568 34
7566 7568 6
7566 6655 45
7566 6655 42
7566 6655 27
7566 6655 44
7566 7546 48
7566 7546 15
7566 7546 30
7566 7546 18
7566 7559 54
7566 7559 1
7566 7559 2
7566 7559 52
7566 7551 38
7566 7551 54
7566 7551 17
7566 7551 40
7566 9170 9
7566 9170 48
7566 9170 3
7566 9170 50
7566 6652 29
7566 6652 35
7566 6652 20
7566 6652 25
7566 9167 60
7566 9167 57
7566 9167 11
7566 9167 23
7566 7561 5
7566 7561 49
7566 7561 11
7566 7561 14
7566 7573 21
7566 7573 46
7566 7573 14
7566 7573 15
7566 7558 5
7566 7558 49
7566 7558 18
7566 7558 30
7566 7567 22
7566 7567 5
7566 7567 49
7566 7567 19
7566 7575 40
7566 7575 45
7566 7575 47
7566 7575 33
7566 6651 55
7566 6651 8
7566 6651 9
7566 6651 29
7566 7550 3
7566 7550 56
7566 7550 15
7566 7550 55
7566 7562 56
7566 7562 11
7566 7562 9
7566 7562 33
7566 7397 59
7566 7397 16
7566 7397 32
7566 7397 26
7566 9171 22
7566 9171 55
7566 9171 36
7566 9171 31
7566 6647 13
7566 6647 11
7566 6647 39
7566 6647 34
7580 7556 59
7580 7556 21
7580 7556 9
7580 7556 44
7580 7554 42
7580 7554 39
7580 7554 58
7580 7554 33
7580 7549 45
7580 7549 53
7580 7549 14
7580 7549 30
7580 7560 49
7580 7560 47
7580 7560 45
7580 7560 1
7580 7552 12
7580 7552 43
7580 7552 1
7580 7552 10
7580 7555 8
7580 7555 24
7580 7555 41
7580 7555 37
7580 7547 20
7580 7547 23
7580 7547 17
7580 7547 20
7580 7548 6
7580 7548 3
7580 7548 6
7580 7548 44
7580 9169 44
7580 9169 33
7580 9169 59
7580 9169 57
7580 6656 43
7580 6656 30
7580 6656 34
7580 6656 44
7580 9168 53
7580 9168 55
7580 9168 12
7580 9168 53
7580 7553 46
7580 7553 17
7580 7553 43
7580 7553 54
7580 7557 33
7580 7557 3
7580 7557 33
7580 7557 40
7580 7568 6
7580 7568 16
7580 7568 24
7580 7568 5
7580 6655 15
7580 6655 32
7580 6655 42
7580 6655 11
7580 7546 11
7580 7546 5
7580 7546 5
7580 7546 35
7580 7559 50
7580 7559 54
7580 7559 26
7580 7559 8
7580 7551 13
7580 7551 17
7580 7551 21
7580 7551 18
7580 9170 24
7580 9170 42
7580 9170 17
7580 9170 57
7580 6652 5
7580 6652 1
7580 6652 22
7580 6652 32
7580 9167 8
7580 9167 44
7580 9167 45
7580 9167 11
7580 7561 19
7580 7561 1
7580 7561 2
7580 7561 11
7580 7573 1
7580 7573 15
7580 7573 51
7580 7573 50
7580 7558 54
7580 7558 16
7580 7558 36
7580 7558 2
7580 7567 3
7580 7567 60
7580 7567 24
7580 7567 55
7580 7575 42
7580 7575 12
7580 7575 30
7580 7575 28
7580 6651 4
7580 6651 53
7580 6651 32
7580 6651 37
7580 7550 42
7580 7550 49
7580 7550 25
7580 7550 6
7580 7562 49
7580 7562 6
7580 7562 29
7580 7562 50
7580 7397 26
7580 7397 32
7580 7397 25
7580 7397 44
7580 9171 0
7580 9171 10
7580 9171 20
7580 9171 14
7580 6647 3
7580 6647 31
7580 6647 17
7580 6647 17
7398 7556 0
7398 7556 59
7398 7556 21
7398 7556 57
7398 7554 16
7398 7554 5
7398 7554 52
7398 7554 58
7398 7549 4
7398 7549 20
7398 7549 10
7398 7549 57
7398 7560 30
7398 7560 23
7398 7560 11
7398 7560 51
7398 7552 45
7398 7552 47
7398 7552 4
7398 7552 6
7398 7555 29
7398 7555 30
7398 7555 22
7398 7555 49
7398 7547 33
7398 7547 7
7398 7547 26
7398 7547 30
7398 7548 50
7398 7548 6
7398 7548 22
7398 7548 51
7398 9169 15
7398 9169 21
7398 9169 27
7398 9169 30
7398 6656 24
7398 6656 26
7398 6656 56
7398 6656 34
7398 9168 33
7398 9168 20
7398 9168 4
7398 9168 30
7398 7553 53
7398 7553 56
7398 7553 46
7398 7553 13
7398 7557 4
7398 7557 31
7398 7557 28
7398 7557 56
7398 7568 20
7398 7568 35
7398 7568 9
7398 7568 13
7398 6655 15
7398 6655 26
7398 6655 29
7398 6655 34
7398 7546 35
7398 7546 47
7398 7546 38
7398 7546 0
7398 7559 34
7398 7559 34
7398 7559 40
7398 7559 34
7398 7551 40
7398 7551 26
7398 7551 60
7398 7551 9
7398 9170 53
7398 9170 57
7398 9170 23
7398 9170 4
7398 6652 40
7398 6652 34
7398 6652 42
7398 6652 41
7398 9167 48
7398 9167 24
7398 9167 4
7398 9167 46
7398 7561 17
7398 7561 25
7398 7561 51
7398 7561 52
7398 7573 24
7398 7573 11
7398 7573 12
7398 7573 22
7398 7558 44
7398 7558 22
7398 7558 31
7398 7558 4
7398 7567 49
7398 7567 38
7398 7567 47
7398 7567 43
7398 7575 7
7398 7575 30
7398 7575 6
7398 7575 24
7398 6651 60
7398 6651 4
7398 6651 0
7398 6651 3
7398 7550 16
7398 7550 21
7398 7550 42
7398 7550 11
7398 7562 32
7398 7562 6
7398 7562 32
7398 7562 55
7398 7397 31
7398 7397 4
7398 7397 58
7398 7397 42
7398 9171 43
7398 9171 48
7398 9171 53
7398 9171 19
7398 6647 35
7398 6647 52
7398 6647 57
7398 6647 55
6313 7556 19
6313 7556 4
6313 7556 48
6313 7556 15
6313 7554 57
6313 7554 31
6313 7554 40
6313 7554 9
6313 7549 5
6313 7549 23
6313 7549 54
6313 7549 45
6313 7560 56
6313 7560 2
6313 7560 60
6313 7560 56
6313 7552 49
6313 7552 14
6313 7552 27
6313 7552 31
6313 7555 48
6313 7555 1
6313 7555 27
6313 7555 18
6313 7547 20
6313 7547 10
6313 7547 12
6313 7547 44
6313 7548 38
6313 7548 51
6313 7548 1
6313 7548 33
6313 9169 6
6313 9169 10
6313 9169 31
6313 9169 32
6313 6656 46
6313 6656 21
6313 6656 45
6313 6656 13
6313 9168 53
6313 9168 42
6313 9168 35
6313 9168 31
6313 7553 58
6313 7553 41
6313 7553 56
6313 7553 15
6313 7557 15
6313 7557 59
6313 7557 37
6313 7557 24
6313 7568 48
6313 7568 20
6313 7568 34
6313 7568 52
6313 6655 36
6313 6655 1
6313 6655 52
6313 6655 3
6313 7546 41
6313 7546 47
6313 7546 45
6313 7546 32
6313 7559 6
6313 7559 28
6313 7559 22
6313 7559 16
6313 7551 28
6313 7551 3
6313 7551 16
6313 7551 5
6313 9170 59
6313 9170 58
6313 9170 27
6313 9170 45
6313 6652 34
6313 6652 46
6313 6652 55
6313 6652 23
6313 9167 13
6313 9167 29
6313 9167 51
6313 9167 46
6313 7561 7
6313 7561 57
6313 7561 41
6313 7561 50
6313 7573 60
6313 7573 54
6313 7573 9
6313 7573 45
6313 7558 10
6313 7558 3
6313 7558 25
6313 7558 52
6313 7567 20
6313 7567 41
6313 7567 12
6313 7567 9
6313 7575 45
6313 7575 32
6313 7575 2
6313 7575 49
6313 6651 59
6313 6651 22
6313 6651 19
6313 6651 18
6313 7550 21
6313 7550 24
6313 7550 28
6313 7550 20
6313 7562 46
6313 7562 21
6313 7562 45
6313 7562 34
6313 7397 12
6313 7397 43
6313 7397 33
6313 7397 31
6313 9171 44
6313 9171 18
6313 9171 50
6313 9171 3
6313 6647 37
6313 6647 21
6313 6647 59
6313 6647 33
7391 7556 37
7391 7556 14
7391 7556 4
7391 7556 21
7391 7554 39
7391 7554 40
7391 7554 4
7391 7554 32
7391 7549 30
7391 7549 36
7391 7549 26
7391 7549 44
7391 7560 6
7391 7560 7
7391 7560 33
7391 7560 38
7391 7552 53
7391 7552 49
7391 7552 21
7391 7552 39
7391 7555 42
7391 7555 15
7391 7555 44
7391 7555 26
7391 7547 4
7391 7547 49
7391 7547 19
7391 7547 32
7391 7548 11
7391 7548 26
7391 7548 13
7391 7548 4
7391 9169 26
7391 9169 48
7391 9169 22
7391 9169 25
7391 6656 53
7391 6656 8
7391 6656 26
7391 6656 12
7391 9168 53
7391 9168 26
7391 9168 46
7391 9168 33
7391 7553 39
7391 7553 43
7391 7553 52
7391 7553 23
7391 7557 33
7391 7557 52
7391 7557 8
7391 7557 8
7391 7568 21
7391 7568 9
7391 7568 34
7391 7568 48
7391 6655 57
7391 6655 40
7391 6655 54
7391 6655 32
7391 7546 14
7391 7546 29
7391 7546 30
7391 7546 47
7391 7559 60
7391 7559 59
7391 7559 45
7391 7559 3
7391 7551 26
7391 7551 49
7391 7551 30
7391 7551 41
7391 9170 3
7391 9170 50
7391 9170 5
7391 9170 59
7391 6652 38
7391 6652 18
7391 6652 14
7391 6652 35
7391 9167 40
7391 9167 10
7391 9167 58
7391 9167 31
7391 7561 43
7391 7561 3
7391 7561 25
7391 7561 22
7391 7573 27
7391 7573 55
7391 7573 20
7391 7573 19
7391 7558 37
7391 7558 47
7391 7558 9
7391 7558 23
7391 7567 16
7391 7567 51
7391 7567 12
7391 7567 46
7391 7575 9
7391 7575 55
7391 7575 22
7391 7575 48
7391 6651 32
7391 6651 14
7391 6651 28
7391 6651 56
7391 7550 55
7391 7550 50
7391 7550 30
7391 7550 2
7391 7562 48
7391 7562 28
7391 7562 45
7391 7562 42
7391 7397 5
7391 7397 39
7391 7397 12
7391 7397 9
7391 9171 56
7391 9171 35
7391 9171 25
7391 9171 14
7391 6647 4
7391 6647 3
7391 6647 11
7391 6647 54
7428 7556 41
7428 7556 46
7428 7556 24
7428 7556 41
7428 7554 40
7428 7554 2
7428 7554 29
7428 7554 8
7428 7549 5
7428 7549 22
7428 7549 42
7428 7549 3
7428 7560 35
7428 7560 13
7428 7560 28
7428 7560 49
7428 7552 54
7428 7552 13
7428 7552 54
7428 7552 47
7428 7555 56
7428 7555 57
7428 7555 47
7428 7555 15
7428 7547 34
7428 7547 23
7428 7547 2
7428 7547 33
7428 7548 45
7428 7548 9
7428 7548 44
7428 7548 41
7428 9169 9
7428 9169 11
7428 9169 5
7428 9169 2
7428 6656 60
7428 6656 53
7428 6656 49
7428 6656 3
7428 9168 46
7428 9168 23
7428 9168 23
7428 9168 4
7428 7553 20
7428 7553 15
7428 7553 3
7428 7553 42
7428 7557 36
7428 7557 43
7428 7557 4
7428 7557 42
7428 7568 57
7428 7568 22
7428 7568 1
7428 7568 48
7428 6655 42
7428 6655 60
7428 6655 18
7428 6655 27
7428 7546 10
7428 7546 23
7428 7546 37
7428 7546 3
7428 7559 20
7428 7559 39
7428 7559 42
7428 7559 0
7428 7551 12
7428 7551 34
7428 7551 50
7428 7551 34
7428 9170 60
7428 9170 29
7428 9170 59
7428 9170 43
7428 6652 36
7428 6652 10
7428 6652 4
7428 6652 45
7428 9167 30
7428 9167 56
7428 9167 26
7428 9167 53
7428 7561 47
7428 7561 27
7428 7561 13
7428 7561 19
7428 7573 45
7428 7573 44
7428 7573 4
7428 7573 53
7428 7558 60
7428 7558 18
7428 7558 4
7428 7558 41
7428 7567 7
7428 7567 7
7428 7567 25
7428 7567 35
7428 7575 36
7428 7575 5
7428 7575 57
7428 7575 52
7428 6651 42
7428 6651 16
7428 6651 48
7428 6651 36
7428 7550 6
7428 7550 51
7428 7550 56
7428 7550 40
7428 7562 14
7428 7562 51
7428 7562 39
7428 7562 30
7428 7397 55
7428 7397 25
7428 7397 26
7428 7397 27
7428 9171 11
7428 9171 48
7428 9171 47
7428 9171 53
7428 6647 13
7428 6647 25
7428 6647 33
7428 6647 56
7424 7556 51
7424 7556 32
7424 7556 28
7424 7556 39
7424 7554 3
7424 7554 43
7424 7554 9
7424 7554 13
7424 7549 16
7424 7549 15
7424 7549 12
7424 7549 55
7424 7560 25
7424 7560 20
7424 7560 22
7424 7560 15
7424 7552 33
7424 7552 38
7424 7552 32
7424 7552 59
7424 7555 6
7424 7555 51
7424 7555 53
7424 7555 4
7424 7547 50
7424 7547 48
7424 7547 18
7424 7547 13
7424 7548 16
7424 7548 20
7424 7548 43
7424 7548 26
7424 9169 25
7424 9169 20
7424 9169 33
7424 9169 3
7424 6656 25
7424 6656 43
7424 6656 35
7424 6656 4
7424 9168 50
7424 9168 54
7424 9168 36
7424 9168 58
7424 7553 20
7424 7553 51
7424 7553 2
7424 7553 37
7424 7557 39
7424 7557 8
7424 7557 17
7424 7557 4
7424 7568 59
7424 7568 50
7424 7568 11
7424 7568 33
7424 6655 37
7424 6655 6
7424 6655 21
7424 6655 11
7424 7546 46
7424 7546 43
7424 7546 10
7424 7546 59
7424 7559 15
7424 7559 32
7424 7559 15
7424 7559 19
7424 7551 41
7424 7551 11
7424 7551 22
7424 7551 26
7424 9170 8
7424 9170 51
7424 9170 15
7424 9170 47
7424 6652 31
7424 6652 38
7424 6652 36
7424 6652 26
7424 9167 14
7424 9167 45
7424 9167 57
7424 9167 48
7424 7561 28
7424 7561 50
7424 7561 60
7424 7561 26
7424 7573 3
7424 7573 40
7424 7573 55
7424 7573 41
7424 7558 26
7424 7558 40
7424 7558 23
7424 7558 11
7424 7567 33
7424 7567 11
7424 7567 19
7424 7567 8
7424 7575 12
7424 7575 39
7424 7575 53
7424 7575 59
7424 6651 10
7424 6651 35
7424 6651 34
7424 6651 35
7424 7550 52
7424 7550 58
7424 7550 34
7424 7550 22
7424 7562 48
7424 7562 10
7424 7562 10
7424 7562 37
7424 7397 44
7424 7397 53
7424 7397 36
7424 7397 52
7424 9171 27
7424 9171 45
7424 9171 20
7424 9171 30
7424 6647 58
7424 6647 55
7424 6647 14
7424 6647 19
7416 7556 37
7416 7556 36
7416 7556 56
7416 7556 46
7416 7554 2
7416 7554 17
7416 7554 17
7416 7554 55
7416 7549 7
7416 7549 20
7416 7549 46
7416 7549 31
7416 7560 18
7416 7560 40
7416 7560 32
7416 7560 23
7416 7552 13
7416 7552 59
7416 7552 1
7416 7552 53
7416 7555 38
7416 7555 53
7416 7555 11
7416 7555 47
7416 7547 14
7416 7547 33
7416 7547 1
7416 7547 39
7416 7548 5
7416 7548 36
7416 7548 57
7416 7548 41
7416 9169 34
7416 9169 50
7416 9169 48
7416 9169 19
7416 6656 41
7416 6656 7
7416 6656 34
7416 6656 12
7416 9168 26
7416 9168 25
7416 9168 43
7416 9168 29
7416 7553 2
7416 7553 27
7416 7553 57
7416 7553 56
7416 7557 49
7416 7557 5
7416 7557 10
7416 7557 35
7416 7568 50
7416 7568 43
7416 7568 20
7416 7568 46
7416 6655 16
7416 6655 33
7416 6655 18
7416 6655 56
7416 7546 13
7416 7546 60
7416 7546 6
7416 7546 42
7416 7559 18
7416 7559 27
7416 7559 6
7416 7559 34
7416 7551 45
7416 7551 50
7416 7551 23
7416 7551 52
7416 9170 25
7416 9170 7
7416 9170 25
7416 9170 59
7416 6652 15
7416 6652 55
7416 6652 57
7416 6652 42
7416 9167 29
7416 9167 46
7416 9167 17
7416 9167 21
7416 7561 16
7416 7561 47
7416 7561 11
7416 7561 15
7416 7573 35
7416 7573 46
7416 7573 43
7416 7573 35
7416 7558 47
7416 7558 43
7416 7558 51
7416 7558 53
7416 7567 17
7416 7567 30
7416 7567 26
7416 7567 8
7416 7575 1
7416 7575 53
7416 7575 41
7416 7575 37
7416 6651 16
7416 6651 17
7416 6651 47
7416 6651 17
7416 7550 12
7416 7550 57
7416 7550 13
7416 7550 42
7416 7562 3
7416 7562 57
7416 7562 56
7416 7562 37
7416 7397 13
7416 7397 6
7416 7397 22
7416 7397 25
7416 9171 46
7416 9171 40
7416 9171 52
7416 9171 42
7416 6647 55
7416 6647 60
7416 6647 16
7416 6647 0
