2655 2586 35
2655 2585 30
2655 2582 1
2655 2589 20
2655 2584 41
2655 2587 9
2655 2581 33
2655 2588 37
2655 2590 34
2655 2591 43
2655 2580 48
2655 2577 37
2655 2532 10
2655 2530 45
2655 2543 58
2655 2593 17
2655 2594 30
2655 2601 24
2655 2605 28
2655 2535 60
2655 2583 13
2655 2578 50
2655 2600 41
2655 2528 28
2655 2518 33
2655 2529 49
2655 2540 17
2655 2592 15
2655 2544 5
2655 2599 6
2655 2603 25
2655 2606 14
2654 2586 13
2654 2585 35
2654 2582 40
2654 2589 25
2654 2584 50
2654 2587 49
2654 2581 11
2654 2588 28
2654 2590 44
2654 2591 46
2654 2580 22
2654 2577 29
2654 2532 52
2654 2530 60
2654 2543 24
2654 2593 26
2654 2594 12
2654 2601 16
2654 2605 13
2654 2535 10
2654 2583 0
2654 2578 29
2654 2600 15
2654 2528 59
2654 2518 51
2654 2529 3
2654 2540 8
2654 2592 27
2654 2544 31
2654 2599 17
2654 2603 24
2654 2606 60
2648 2586 42
2648 2585 26
2648 2582 29
2648 2589 54
2648 2584 19
2648 2587 6
2648 2581 39
2648 2588 45
2648 2590 41
2648 2591 6
2648 2580 48
2648 2577 22
2648 2532 53
2648 2530 3
2648 2543 3
2648 2593 23
2648 2594 11
2648 2601 17
2648 2605 53
2648 2535 25
2648 2583 21
2648 2578 11
2648 2600 25
2648 2528 36
2648 2518 6
2648 2529 38
2648 2540 24
2648 2592 51
2648 2544 41
2648 2599 26
2648 2603 54
2648 2606 43
2656 2586 52
2656 2585 52
2656 2582 41
2656 2589 49
2656 2584 31
2656 2587 45
2656 2581 2
2656 2588 19
2656 2590 37
2656 2591 23
2656 2580 34
2656 2577 14
2656 2532 13
2656 2530 1
2656 2543 59
2656 2593 42
2656 2594 42
2656 2601 45
2656 2605 10
2656 2535 39
2656 2583 30
2656 2578 18
2656 2600 21
2656 2528 49
2656 2518 25
2656 2529 43
2656 2540 52
2656 2592 31
2656 2544 5
2656 2599 37
2656 2603 7
2656 2606 49
2902 2586 31
2902 2585 5
2902 2582 15
2902 2589 2
2902 2584 59
2902 2587 10
2902 2581 40
2902 2588 59
2902 2590 16
2902 2591 0
2902 2580 34
2902 2577 18
2902 2532 21
2902 2530 49
2902 2543 8
2902 2593 26
2902 2594 30
2902 2601 9
2902 2605 28
2902 2535 29
2902 2583 40
2902 2578 45
2902 2600 56
2902 2528 58
2902 2518 16
2902 2529 23
2902 2540 26
2902 2592 2
2902 2544 55
2902 2599 5
2902 2603 45
2902 2606 56
2616 2586 10
2616 2585 22
2616 2582 11
2616 2589 13
2616 2584 26
2616 2587 15
2616 2581 40
2616 2588 10
2616 2590 27
2616 2591 47
2616 2580 60
2616 2577 43
2616 2532 26
2616 2530 37
2616 2543 50
2616 2593 56
2616 2594 26
2616 2601 26
2616 2605 0
2616 2535 24
2616 2583 38
2616 2578 1
2616 2600 14
2616 2528 18
2616 2518 60
2616 2529 2
2616 2540 43
2616 2592 48
2616 2544 47
2616 2599 21
2616 2603 32
2616 2606 18
2617 2586 16
2617 2585 24
2617 2582 40
2617 2589 30
2617 2584 39
2617 2587 25
2617 2581 24
2617 2588 23
2617 2590 24
2617 2591 53
2617 2580 26
2617 2577 43
2617 2532 1
2617 2530 37
2617 2543 51
2617 2593 49
2617 2594 22
2617 2601 48
2617 2605 57
2617 2535 60
2617 2583 10
2617 2578 58
2617 2600 41
2617 2528 7
2617 2518 43
2617 2529 49
2617 2540 29
2617 2592 2
2617 2544 8
2617 2599 16
2617 2603 36
2617 2606 53
2626 2586 14
2626 2585 9
2626 2582 26
2626 2589 50
2626 2584 6
2626 2587 14
2626 2581 18
2626 2588 5
2626 2590 6
2626 2591 56
2626 2580 52
2626 2577 18
2626 2532 37
2626 2530 31
2626 2543 29
2626 2593 46
2626 2594 25
2626 2601 38
2626 2605 16
2626 2535 40
2626 2583 36
2626 2578 4
2626 2600 25
2626 2528 6
2626 2518 37
2626 2529 23
2626 2540 23
2626 2592 21
2626 2544 6
2626 2599 55
2626 2603 35
2626 2606 38
2657 2586 17
2657 2585 21
2657 2582 32
2657 2589 24
2657 2584 50
2657 2587 6
2657 2581 29
2657 2588 54
2657 2590 8
2657 2591 13
2657 2580 60
2657 2577 58
2657 2532 60
2657 2530 22
2657 2543 50
2657 2593 9
2657 2594 58
2657 2601 40
2657 2605 54
2657 2535 37
2657 2583 20
2657 2578 7
2657 2600 57
2657 2528 6
2657 2518 26
2657 2529 12
2657 2540 57
2657 2592 53
2657 2544 36
2657 2599 59
2657 2603 56
2657 2606 48
2660 2586 18
2660 2585 51
2660 2582 13
2660 2589 34
2660 2584 43
2660 2587 1
2660 2581 24
2660 2588 30
2660 2590 22
2660 2591 41
2660 2580 32
2660 2577 3
2660 2532 15
2660 2530 44
2660 2543 36
2660 2593 15
2660 2594 34
2660 2601 21
2660 2605 3
2660 2535 7
2660 2583 43
2660 2578 15
2660 2600 9
2660 2528 10
2660 2518 11
2660 2529 0
2660 2540 35
2660 2592 2
2660 2544 50
2660 2599 51
2660 2603 7
2660 2606 22
2908 2586 52
2908 2585 48
2908 2582 9
2908 2589 42
2908 2584 55
2908 2587 38
2908 2581 6
2908 2588 28
2908 2590 52
2908 2591 50
2908 2580 58
2908 2577 56
2908 2532 8
2908 2530 38
2908 2543 43
2908 2593 10
2908 2594 48
2908 2601 50
2908 2605 23
2908 2535 19
2908 2583 1
2908 2578 20
2908 2600 21
2908 2528 24
2908 2518 21
2908 2529 2
2908 2540 60
2908 2592 18
2908 2544 10
2908 2599 25
2908 2603 15
2908 2606 15
2903 2586 53
2903 2585 24
2903 2582 45
2903 2589 35
2903 2584 7
2903 2587 52
2903 2581 23
2903 2588 31
2903 2590 19
2903 2591 5
2903 2580 50
2903 2577 44
2903 2532 50
2903 2530 56
2903 2543 2
2903 2593 50
2903 2594 17
2903 2601 58
2903 2605 16
2903 2535 18
2903 2583 11
2903 2578 49
2903 2600 12
2903 2528 5
2903 2518 10
2903 2529 48
2903 2540 46
2903 2592 18
2903 2544 44
2903 2599 9
2903 2603 41
2903 2606 16
2904 2586 34
2904 2585 40
2904 2582 2
2904 2589 4
2904 2584 10
2904 2587 34
2904 2581 14
2904 2588 17
2904 2590 48
2904 2591 32
2904 2580 50
2904 2577 53
2904 2532 35
2904 2530 28
2904 2543 15
2904 2593 18
2904 2594 41
2904 2601 37
2904 2605 11
2904 2535 9
2904 2583 7
2904 2578 54
2904 2600 58
2904 2528 13
2904 2518 46
2904 2529 48
2904 2540 24
2904 2592 29
2904 2544 18
2904 2599 25
2904 2603 39
2904 2606 60
2613 2586 36
2613 2585 44
2613 2582 19
2613 2589 20
2613 2584 9
2613 2587 43
2613 2581 12
2613 2588 10
2613 2590 18
2613 2591 44
2613 2580 42
2613 2577 1
2613 2532 37
2613 2530 48
2613 2543 51
2613 2593 48
2613 2594 24
2613 2601 33
2613 2605 27
2613 2535 36
2613 2583 18
2613 2578 44
2613 2600 38
2613 2528 2
2613 2518 59
2613 2529 14
2613 2540 57
2613 2592 28
2613 2544 1
2613 2599 42
2613 2603 56
2613 2606 57
2615 2586 16
2615 2585 51
2615 2582 55
2615 2589 56
2615 2584 44
2615 2587 24
2615 2581 38
2615 2588 26
2615 2590 2
2615 2591 21
2615 2580 6
2615 2577 42
2615 2532 2
2615 2530 13
2615 2543 55
2615 2593 6
2615 2594 37
2615 2601 8
2615 2605 45
2615 2535 33
2615 2583 55
2615 2578 43
2615 2600 4
2615 2528 36
2615 2518 26
2615 2529 5
2615 2540 14
2615 2592 22
2615 2544 26
2615 2599 54
2615 2603 3
2615 2606 9
2886 2586 15
2886 2585 30
2886 2582 13
2886 2589 17
2886 2584 49
2886 2587 45
2886 2581 2
2886 2588 41
2886 2590 46
2886 2591 48
2886 2580 24
2886 2577 32
2886 2532 57
2886 2530 38
2886 2543 60
2886 2593 40
2886 2594 43
2886 2601 55
2886 2605 7
2886 2535 24
2886 2583 19
2886 2578 14
2886 2600 56
2886 2528 54
2886 2518 52
2886 2529 16
2886 2540 6
2886 2592 38
2886 2544 45
2886 2599 30
2886 2603 17
2886 2606 30
2887 2586 3
2887 2585 34
2887 2582 55
2887 2589 37
2887 2584 2
2887 2587 29
2887 2581 32
2887 2588 20
2887 2590 23
2887 2591 23
2887 2580 11
2887 2577 54
2887 2532 39
2887 2530 45
2887 2543 25
2887 2593 53
2887 2594 14
2887 2601 1
2887 2605 54
2887 2535 38
2887 2583 48
2887 2578 20
2887 2600 42
2887 2528 35
2887 2518 23
2887 2529 30
2887 2540 11
2887 2592 22
2887 2544 7
2887 2599 9
2887 2603 14
2887 2606 34
2623 2586 6
2623 2585 16
2623 2582 53
2623 2589 50
2623 2584 11
2623 2587 19
2623 2581 60
2623 2588 48
2623 2590 0
2623 2591 53
2623 2580 21
2623 2577 20
2623 2532 57
2623 2530 58
2623 2543 29
2623 2593 11
2623 2594 40
2623 2601 3
2623 2605 37
2623 2535 24
2623 2583 39
2623 2578 47
2623 2600 59
2623 2528 17
2623 2518 48
2623 2529 46
2623 2540 49
2623 2592 7
2623 2544 45
2623 2599 41
2623 2603 12
2623 2606 50
2628 2586 46
2628 2585 27
2628 2582 39
2628 2589 24
2628 2584 49
2628 2587 48
2628 2581 48
2628 2588 36
2628 2590 50
2628 2591 8
2628 2580 56
2628 2577 26
2628 2532 19
2628 2530 38
2628 2543 55
2628 2593 32
2628 2594 32
2628 2601 27
2628 2605 26
2628 2535 14
2628 2583 59
2628 2578 17
2628 2600 8
2628 2528 48
2628 2518 2
2628 2529 58
2628 2540 32
2628 2592 30
2628 2544 47
2628 2599 17
2628 2603 16
2628 2606 28
2652 2586 12
2652 2585 38
2652 2582 36
2652 2589 19
2652 2584 32
2652 2587 25
2652 2581 51
2652 2588 53
2652 2590 8
2652 2591 33
2652 2580 35
2652 2577 11
2652 2532 28
2652 2530 60
2652 2543 47
2652 2593 3
2652 2594 22
2652 2601 22
2652 2605 12
2652 2535 13
2652 2583 15
2652 2578 11
2652 2600 30
2652 2528 40
2652 2518 17
2652 2529 29
2652 2540 24
2652 2592 46
2652 2544 2
2652 2599 27
2652 2603 8
2652 2606 49
2658 2586 51
2658 2585 7
2658 2582 0
2658 2589 26
2658 2584 14
2658 2587 29
2658 2581 26
2658 2588 27
2658 2590 27
2658 2591 6
2658 2580 49
2658 2577 60
2658 2532 15
2658 2530 15
2658 2543 60
2658 2593 40
2658 2594 57
2658 2601 23
2658 2605 15
2658 2535 18
2658 2583 50
2658 2578 20
2658 2600 36
2658 2528 1
2658 2518 5
2658 2529 53
2658 2540 32
2658 2592 41
2658 2544 10
2658 2599 60
2658 2603 32
2658 2606 28
2659 2586 27
2659 2585 14
2659 2582 31
2659 2589 29
2659 2584 47
2659 2587 48
2659 2581 50
2659 2588 24
2659 2590 43
2659 2591 54
2659 2580 11
2659 2577 0
2659 2532 39
2659 2530 29
2659 2543 44
2659 2593 10
2659 2594 8
2659 2601 38
2659 2605 27
2659 2535 38
2659 2583 30
2659 2578 1
2659 2600 34
2659 2528 18
2659 2518 54
2659 2529 58
2659 2540 1
2659 2592 30
2659 2544 29
2659 2599 12
2659 2603 29
2659 2606 18
2906 2586 41
2906 2585 5
2906 2582 17
2906 2589 26
2906 2584 27
2906 2587 39
2906 2581 55
2906 2588 36
2906 2590 43
2906 2591 9
2906 2580 54
2906 2577 33
2906 2532 54
2906 2530 36
2906 2543 4
2906 2593 18
2906 2594 12
2906 2601 26
2906 2605 25
2906 2535 55
2906 2583 34
2906 2578 30
2906 2600 2
2906 2528 29
2906 2518 39
2906 2529 13
2906 2540 53
2906 2592 48
2906 2544 53
2906 2599 53
2906 2603 27
2906 2606 32
2909 2586 43
2909 2585 47
2909 2582 42
2909 2589 19
2909 2584 10
2909 2587 56
2909 2581 56
2909 2588 38
2909 2590 28
2909 2591 52
2909 2580 45
2909 2577 31
2909 2532 25
2909 2530 53
2909 2543 7
2909 2593 15
2909 2594 5
2909 2601 37
2909 2605 22
2909 2535 51
2909 2583 57
2909 2578 33
2909 2600 58
2909 2528 57
2909 2518 44
2909 2529 59
2909 2540 42
2909 2592 2
2909 2544 18
2909 2599 47
2909 2603 49
2909 2606 53
2927 2586 3
2927 2585 27
2927 2582 54
2927 2589 11
2927 2584 37
2927 2587 18
2927 2581 45
2927 2588 40
2927 2590 7
2927 2591 7
2927 2580 29
2927 2577 15
2927 2532 50
2927 2530 7
2927 2543 25
2927 2593 46
2927 2594 14
2927 2601 21
2927 2605 33
2927 2535 4
2927 2583 57
2927 2578 21
2927 2600 57
2927 2528 22
2927 2518 13
2927 2529 37
2927 2540 49
2927 2592 40
2927 2544 23
2927 2599 5
2927 2603 29
2927 2606 7
2905 2586 33
2905 2585 41
2905 2582 43
2905 2589 37
2905 2584 58
2905 2587 50
2905 2581 35
2905 2588 18
2905 2590 42
2905 2591 43
2905 2580 20
2905 2577 17
2905 2532 39
2905 2530 40
2905 2543 23
2905 2593 55
2905 2594 2
2905 2601 1
2905 2605 54
2905 2535 52
2905 2583 2
2905 2578 60
2905 2600 6
2905 2528 36
2905 2518 1
2905 2529 6
2905 2540 18
2905 2592 27
2905 2544 8
2905 2599 24
2905 2603 50
2905 2606 22
2614 2586 13
2614 2585 36
2614 2582 40
2614 2589 53
2614 2584 54
2614 2587 13
2614 2581 44
2614 2588 35
2614 2590 9
2614 2591 50
2614 2580 14
2614 2577 14
2614 2532 31
2614 2530 27
2614 2543 29
2614 2593 13
2614 2594 24
2614 2601 54
2614 2605 5
2614 2535 19
2614 2583 30
2614 2578 16
2614 2600 23
2614 2528 38
2614 2518 33
2614 2529 52
2614 2540 23
2614 2592 0
2614 2544 25
2614 2599 59
2614 2603 26
2614 2606 7
2608 2586 55
2608 2585 41
2608 2582 38
2608 2589 52
2608 2584 60
2608 2587 45
2608 2581 57
2608 2588 9
2608 2590 35
2608 2591 22
2608 2580 15
2608 2577 58
2608 2532 44
2608 2530 1
2608 2543 49
2608 2593 12
2608 2594 16
2608 2601 52
2608 2605 48
2608 2535 44
2608 2583 29
2608 2578 56
2608 2600 47
2608 2528 55
2608 2518 24
2608 2529 45
2608 2540 38
2608 2592 43
2608 2544 37
2608 2599 6
2608 2603 8
2608 2606 41
2597 2586 44
2597 2585 29
2597 2582 30
2597 2589 33
2597 2584 50
2597 2587 43
2597 2581 37
2597 2588 6
2597 2590 9
2597 2591 40
2597 2580 42
2597 2577 60
2597 2532 48
2597 2530 9
2597 2543 7
2597 2593 53
2597 2594 57
2597 2601 18
2597 2605 46
2597 2535 41
2597 2583 6
2597 2578 8
2597 2600 2
2597 2528 32
2597 2518 32
2597 2529 10
2597 2540 47
2597 2592 49
2597 2544 14
2597 2599 42
2597 2603 14
2597 2606 18
2888 2586 34
2888 2585 41
2888 2582 54
2888 2589 25
2888 2584 18
2888 2587 55
2888 2581 34
2888 2588 33
2888 2590 32
2888 2591 18
2888 2580 37
2888 2577 3
2888 2532 31
2888 2530 7
2888 2543 23
2888 2593 41
2888 2594 27
2888 2601 55
2888 2605 4
2888 2535 18
2888 2583 53
2888 2578 11
2888 2600 14
2888 2528 28
2888 2518 37
2888 2529 45
2888 2540 38
2888 2592 28
2888 2544 59
2888 2599 1
2888 2603 56
2888 2606 12
2595 2586 50
2595 2585 49
2595 2582 36
2595 2589 26
2595 2584 60
2595 2587 31
2595 2581 45
2595 2588 2
2595 2590 20
2595 2591 14
2595 2580 17
2595 2577 22
2595 2532 50
2595 2530 18
2595 2543 43
2595 2593 19
2595 2594 28
2595 2601 34
2595 2605 59
2595 2535 12
2595 2583 51
2595 2578 25
2595 2600 0
2595 2528 37
2595 2518 22
2595 2529 27
2595 2540 46
2595 2592 44
2595 2544 56
2595 2599 59
2595 2603 0
2595 2606 22
2625 2586 21
2625 2585 59
2625 2582 4
2625 2589 38
2625 2584 20
2625 2587 14
2625 2581 59
2625 2588 27
2625 2590 58
2625 2591 44
2625 2580 50
2625 2577 5
2625 2532 51
2625 2530 37
2625 2543 48
2625 2593 46
2625 2594 51
2625 2601 21
2625 2605 5
2625 2535 36
2625 2583 45
2625 2578 16
2625 2600 5
2625 2528 38
2625 2518 28
2625 2529 36
2625 2540 3
2625 2592 53
2625 2544 7
2625 2599 12
2625 2603 57
2625 2606 60
