10338 10245 43
10338 10244 23
10338 10247 7
10338 10248 10
10338 10232 20
10338 10246 59
10338 10249 6
10338 10250 7
10338 10256 37
10338 10230 36
10338 10235 29
10338 11314 51
10338 10239 30
10338 10251 32
10338 10252 34
10338 10253 43
10338 10184 49
10338 10229 42
10338 10231 9
10338 10238 20
10338 11312 53
10338 10292 51
10338 10240 44
10338 10254 44
10338 10255 50
10338 10257 8
10338 10315 20
10338 10183 2
10338 10187 55
10338 10227 39
10338 10228 7
10338 10234 21
10337 10245 37
10337 10244 0
10337 10247 4
10337 10248 45
10337 10232 22
10337 10246 0
10337 10249 50
10337 10250 9
10337 10256 33
10337 10230 30
10337 10235 36
10337 11314 39
10337 10239 47
10337 10251 11
10337 10252 4
10337 10253 52
10337 10184 38
10337 10229 10
10337 10231 12
10337 10238 33
10337 11312 52
10337 10292 57
10337 10240 35
10337 10254 5
10337 10255 49
10337 10257 47
10337 10315 17
10337 10183 60
10337 10187 44
10337 10227 14
10337 10228 19
10337 10234 55
10413 10245 30
10413 10244 40
10413 10247 43
10413 10248 16
10413 10232 40
10413 10246 60
10413 10249 2
10413 10250 14
10413 10256 57
10413 10230 27
10413 10235 20
10413 11314 27
10413 10239 56
10413 10251 29
10413 10252 1
10413 10253 44
10413 10184 11
10413 10229 4
10413 10231 7
10413 10238 50
10413 11312 51
10413 10292 49
10413 10240 23
10413 10254 51
10413 10255 55
10413 10257 39
10413 10315 39
10413 10183 15
10413 10187 29
10413 10227 9
10413 10228 57
10413 10234 37
10342 10245 0
10342 10244 42
10342 10247 10
10342 10248 19
10342 10232 50
10342 10246 40
10342 10249 19
10342 10250 50
10342 10256 56
10342 10230 49
10342 10235 10
10342 11314 39
10342 10239 18
10342 10251 19
10342 10252 60
10342 10253 58
10342 10184 5
10342 10229 9
10342 10231 9
10342 10238 4
10342 11312 6
10342 10292 4
10342 10240 45
10342 10254 42
10342 10255 47
10342 10257 5
10342 10315 35
10342 10183 31
10342 10187 21
10342 10227 8
10342 10228 40
10342 10234 42
10454 10245 35
10454 10244 54
10454 10247 10
10454 10248 45
10454 10232 5
10454 10246 56
10454 10249 20
10454 10250 42
10454 10256 29
10454 10230 33
10454 10235 18
10454 11314 23
10454 10239 55
10454 10251 48
10454 10252 17
10454 10253 25
10454 10184 58
10454 10229 39
10454 10231 1
10454 10238 39
10454 11312 9
10454 10292 6
10454 10240 8
10454 10254 56
10454 10255 33
10454 10257 35
10454 10315 19
10454 10183 36
10454 10187 0
10454 10227 52
10454 10228 37
10454 10234 40
10269 10245 24
10269 10244 1
10269 10247 59
10269 10248 37
10269 10232 29
10269 10246 11
10269 10249 51
10269 10250 15
10269 10256 35
10269 10230 44
10269 10235 44
10269 11314 34
10269 10239 27
10269 10251 2
10269 10252 29
10269 10253 5
10269 10184 19
10269 10229 4
10269 10231 38
10269 10238 14
10269 11312 26
10269 10292 43
10269 10240 53
10269 10254 20
10269 10255 12
10269 10257 1
10269 10315 32
10269 10183 58
10269 10187 7
10269 10227 7
10269 10228 23
10269 10234 26
10271 10245 15
10271 10244 5
10271 10247 27
10271 10248 37
10271 10232 23
10271 10246 36
10271 10249 30
10271 10250 47
10271 10256 56
10271 10230 48
10271 10235 4
10271 11314 46
10271 10239 17
10271 10251 1
10271 10252 59
10271 10253 1
10271 10184 2
10271 10229 52
10271 10231 53
10271 10238 32
10271 11312 3
10271 10292 17
10271 10240 28
10271 10254 37
10271 10255 1
10271 10257 15
10271 10315 46
10271 10183 47
10271 10187 57
10271 10227 7
10271 10228 12
10271 10234 27
10336 10245 9
10336 10244 41
10336 10247 25
10336 10248 11
10336 10232 34
10336 10246 42
10336 10249 13
10336 10250 9
10336 10256 8
10336 10230 36
10336 10235 60
10336 11314 60
10336 10239 56
10336 10251 60
10336 10252 21
10336 10253 43
10336 10184 57
10336 10229 0
10336 10231 58
10336 10238 26
10336 11312 34
10336 10292 2
10336 10240 33
10336 10254 7
10336 10255 30
10336 10257 30
10336 10315 19
10336 10183 39
10336 10187 18
10336 10227 52
10336 10228 25
10336 10234 59
10411 10245 10
10411 10244 50
10411 10247 23
10411 10248 20
10411 10232 25
10411 10246 14
10411 10249 15
10411 10250 54
10411 10256 11
10411 10230 25
10411 10235 23
10411 11314 3
10411 10239 30
10411 10251 46
10411 10252 43
10411 10253 12
10411 10184 6
10411 10229 44
10411 10231 55
10411 10238 28
10411 11312 28
10411 10292 28
10411 10240 8
10411 10254 15
10411 10255 53
10411 10257 37
10411 10315 60
10411 10183 58
10411 10187 48
10411 10227 7
10411 10228 8
10411 10234 13
10418 10245 10
10418 10244 37
10418 10247 29
10418 10248 27
10418 10232 41
10418 10246 14
10418 10249 42
10418 10250 24
10418 10256 28
10418 10230 5
10418 10235 60
10418 11314 48
10418 10239 27
10418 10251 45
10418 10252 37
10418 10253 22
10418 10184 47
10418 10229 37
10418 10231 24
10418 10238 2
10418 11312 9
10418 10292 50
10418 10240 1
10418 10254 16
10418 10255 42
10418 10257 34
10418 10315 56
10418 10183 60
10418 10187 11
10418 10227 40
10418 10228 60
10418 10234 20
10344 10245 41
10344 10244 50
10344 10247 48
10344 10248 48
10344 10232 52
10344 10246 16
10344 10249 51
10344 10250 56
10344 10256 20
10344 10230 18
10344 10235 0
10344 11314 12
10344 10239 2
10344 10251 7
10344 10252 6
10344 10253 28
10344 10184 54
10344 10229 9
10344 10231 15
10344 10238 35
10344 11312 22
10344 10292 43
10344 10240 51
10344 10254 26
10344 10255 18
10344 10257 34
10344 10315 20
10344 10183 55
10344 10187 6
10344 10227 1
10344 10228 30
10344 10234 4
10455 10245 22
10455 10244 8
10455 10247 8
10455 10248 33
10455 10232 41
10455 10246 0
10455 10249 18
10455 10250 36
10455 10256 25
10455 10230 41
10455 10235 29
10455 11314 59
10455 10239 21
10455 10251 40
10455 10252 20
10455 10253 28
10455 10184 4
10455 10229 60
10455 10231 20
10455 10238 54
10455 11312 3
10455 10292 32
10455 10240 29
10455 10254 2
10455 10255 44
10455 10257 18
10455 10315 5
10455 10183 29
10455 10187 22
10455 10227 50
10455 10228 47
10455 10234 24
10419 10245 2
10419 10244 32
10419 10247 26
10419 10248 49
10419 10232 43
10419 10246 29
10419 10249 52
10419 10250 10
10419 10256 3
10419 10230 48
10419 10235 47
10419 11314 26
10419 10239 19
10419 10251 18
10419 10252 21
10419 10253 1
10419 10184 10
10419 10229 60
10419 10231 11
10419 10238 2
10419 11312 6
10419 10292 15
10419 10240 29
10419 10254 47
10419 10255 55
10419 10257 45
10419 10315 23
10419 10183 33
10419 10187 7
10419 10227 12
10419 10228 49
10419 10234 39
10263 10245 59
10263 10244 50
10263 10247 16
10263 10248 45
10263 10232 45
10263 10246 17
10263 10249 36
10263 10250 19
10263 10256 9
10263 10230 39
10263 10235 5
10263 11314 55
10263 10239 23
10263 10251 25
10263 10252 52
10263 10253 12
10263 10184 41
10263 10229 50
10263 10231 50
10263 10238 11
10263 11312 42
10263 10292 29
10263 10240 52
10263 10254 4
10263 10255 5
10263 10257 52
10263 10315 34
10263 10183 26
10263 10187 44
10263 10227 6
10263 10228 34
10263 10234 17
10264 10245 10
10264 10244 21
10264 10247 35
10264 10248 35
10264 10232 21
10264 10246 21
10264 10249 57
10264 10250 22
10264 10256 24
10264 10230 24
10264 10235 33
10264 11314 0
10264 10239 26
10264 10251 53
10264 10252 9
10264 10253 49
10264 10184 35
10264 10229 52
10264 10231 26
10264 10238 55
10264 11312 41
10264 10292 25
10264 10240 36
10264 10254 50
10264 10255 6
10264 10257 28
10264 10315 46
10264 10183 15
10264 10187 23
10264 10227 1
10264 10228 26
10264 10234 15
10333 10245 20
10333 10244 13
10333 10247 57
10333 10248 39
10333 10232 4
10333 10246 56
10333 10249 25
10333 10250 51
10333 10256 34
10333 10230 8
10333 10235 20
10333 11314 16
10333 10239 59
10333 10251 59
10333 10252 57
10333 10253 3
10333 10184 58
10333 10229 52
10333 10231 28
10333 10238 41
10333 11312 11
10333 10292 23
10333 10240 30
10333 10254 3
10333 10255 45
10333 10257 1
10333 10315 52
10333 10183 32
10333 10187 22
10333 10227 17
10333 10228 26
10333 10234 39
10334 10245 58
10334 10244 19
10334 10247 46
10334 10248 22
10334 10232 16
10334 10246 17
10334 10249 40
10334 10250 29
10334 10256 41
10334 10230 51
10334 10235 32
10334 11314 40
10334 10239 52
10334 10251 34
10334 10252 22
10334 10253 54
10334 10184 17
10334 10229 31
10334 10231 34
10334 10238 48
10334 11312 10
10334 10292 60
10334 10240 20
10334 10254 57
10334 10255 9
10334 10257 9
10334 10315 52
10334 10183 25
10334 10187 45
10334 10227 44
10334 10228 33
10334 10234 48
10268 10245 15
10268 10244 8
10268 10247 12
10268 10248 35
10268 10232 21
10268 10246 25
10268 10249 2
10268 10250 32
10268 10256 9
10268 10230 47
10268 10235 29
10268 11314 2
10268 10239 53
10268 10251 53
10268 10252 56
10268 10253 57
10268 10184 50
10268 10229 13
10268 10231 31
10268 10238 2
10268 11312 21
10268 10292 16
10268 10240 57
10268 10254 13
10268 10255 39
10268 10257 45
10268 10315 55
10268 10183 20
10268 10187 43
10268 10227 58
10268 10228 10
10268 10234 20
10340 10245 26
10340 10244 19
10340 10247 48
10340 10248 0
10340 10232 54
10340 10246 52
10340 10249 13
10340 10250 41
10340 10256 15
10340 10230 27
10340 10235 30
10340 11314 39
10340 10239 16
10340 10251 16
10340 10252 39
10340 10253 28
10340 10184 55
10340 10229 30
10340 10231 39
10340 10238 51
10340 11312 18
10340 10292 37
10340 10240 51
10340 10254 15
10340 10255 29
10340 10257 44
10340 10315 23
10340 10183 57
10340 10187 51
10340 10227 22
10340 10228 54
10340 10234 11
10412 10245 54
10412 10244 36
10412 10247 36
10412 10248 35
10412 10232 40
10412 10246 2
10412 10249 30
10412 10250 7
10412 10256 57
10412 10230 0
10412 10235 38
10412 11314 2
10412 10239 30
10412 10251 14
10412 10252 59
10412 10253 41
10412 10184 49
10412 10229 58
10412 10231 23
10412 10238 2
10412 11312 47
10412 10292 57
10412 10240 20
10412 10254 48
10412 10255 7
10412 10257 60
10412 10315 46
10412 10183 40
10412 10187 55
10412 10227 25
10412 10228 7
10412 10234 21
10270 10245 45
10270 10244 7
10270 10247 49
10270 10248 58
10270 10232 28
10270 10246 5
10270 10249 38
10270 10250 55
10270 10256 59
10270 10230 45
10270 10235 1
10270 11314 48
10270 10239 17
10270 10251 13
10270 10252 8
10270 10253 32
10270 10184 14
10270 10229 37
10270 10231 24
10270 10238 38
10270 11312 3
10270 10292 52
10270 10240 45
10270 10254 45
10270 10255 46
10270 10257 7
10270 10315 32
10270 10183 18
10270 10187 60
10270 10227 2
10270 10228 15
10270 10234 18
10353 10245 4
10353 10244 13
10353 10247 39
10353 10248 36
10353 10232 22
10353 10246 13
10353 10249 59
10353 10250 57
10353 10256 51
10353 10230 20
10353 10235 28
10353 11314 15
10353 10239 36
10353 10251 59
10353 10252 16
10353 10253 37
10353 10184 39
10353 10229 59
10353 10231 32
10353 10238 30
10353 11312 60
10353 10292 21
10353 10240 11
10353 10254 43
10353 10255 53
10353 10257 20
10353 10315 52
10353 10183 31
10353 10187 33
10353 10227 50
10353 10228 36
10353 10234 11
10345 10245 39
10345 10244 24
10345 10247 39
10345 10248 30
10345 10232 9
10345 10246 45
10345 10249 10
10345 10250 25
10345 10256 23
10345 10230 30
10345 10235 60
10345 11314 37
10345 10239 33
10345 10251 17
10345 10252 5
10345 10253 31
10345 10184 44
10345 10229 41
10345 10231 0
10345 10238 34
10345 11312 3
10345 10292 15
10345 10240 31
10345 10254 45
10345 10255 41
10345 10257 0
10345 10315 7
10345 10183 5
10345 10187 34
10345 10227 9
10345 10228 14
10345 10234 42
10346 10245 36
10346 10244 50
10346 10247 42
10346 10248 21
10346 10232 22
10346 10246 51
10346 10249 23
10346 10250 2
10346 10256 21
10346 10230 52
10346 10235 0
10346 11314 26
10346 10239 14
10346 10251 35
10346 10252 57
10346 10253 43
10346 10184 0
10346 10229 11
10346 10231 11
10346 10238 38
10346 11312 1
10346 10292 10
10346 10240 2
10346 10254 39
10346 10255 41
10346 10257 32
10346 10315 7
10346 10183 18
10346 10187 4
10346 10227 14
10346 10228 34
10346 10234 31
10457 10245 9
10457 10244 34
10457 10247 58
10457 10248 59
10457 10232 13
10457 10246 10
10457 10249 52
10457 10250 3
10457 10256 14
10457 10230 16
10457 10235 49
10457 11314 3
10457 10239 31
10457 10251 5
10457 10252 55
10457 10253 34
10457 10184 15
10457 10229 46
10457 10231 47
10457 10238 9
10457 11312 28
10457 10292 28
10457 10240 36
10457 10254 60
10457 10255 57
10457 10257 53
10457 10315 7
10457 10183 0
10457 10187 44
10457 10227 1
10457 10228 52
10457 10234 22
10456 10245 49
10456 10244 5
10456 10247 1
10456 10248 59
10456 10232 58
10456 10246 54
10456 10249 23
10456 10250 58
10456 10256 21
10456 10230 21
10456 10235 8
10456 11314 52
10456 10239 31
10456 10251 43
10456 10252 10
10456 10253 35
10456 10184 5
10456 10229 52
10456 10231 32
10456 10238 40
10456 11312 26
10456 10292 27
10456 10240 45
10456 10254 20
10456 10255 27
10456 10257 2
10456 10315 33
10456 10183 10
10456 10187 4
10456 10227 18
10456 10228 55
10456 10234 22
10262 10245 44
10262 10244 10
10262 10247 51
10262 10248 10
10262 10232 30
10262 10246 1
10262 10249 20
10262 10250 52
10262 10256 5
10262 10230 34
10262 10235 50
10262 11314 48
10262 10239 49
10262 10251 41
10262 10252 10
10262 10253 41
10262 10184 4
10262 10229 37
10262 10231 22
10262 10238 1
10262 11312 27
10262 10292 33
10262 10240 50
10262 10254 55
10262 10255 35
10262 10257 25
10262 10315 59
10262 10183 29
10262 10187 16
10262 10227 46
10262 10228 46
10262 10234 2
10265 10245 40
10265 10244 12
10265 10247 24
10265 10248 49
10265 10232 59
10265 10246 35
10265 10249 8
10265 10250 56
10265 10256 47
10265 10230 44
10265 10235 32
10265 11314 26
10265 10239 45
10265 10251 60
10265 10252 36
10265 10253 48
10265 10184 22
10265 10229 33
10265 10231 38
10265 10238 4
10265 11312 37
10265 10292 6
10265 10240 45
10265 10254 48
10265 10255 35
10265 10257 26
10265 10315 24
10265 10183 11
10265 10187 22
10265 10227 55
10265 10228 38
10265 10234 52
10332 10245 27
10332 10244 46
10332 10247 23
10332 10248 22
10332 10232 42
10332 10246 56
10332 10249 39
10332 10250 44
10332 10256 58
10332 10230 38
10332 10235 58
10332 11314 25
10332 10239 28
10332 10251 48
10332 10252 57
10332 10253 50
10332 10184 10
10332 10229 4
10332 10231 22
10332 10238 37
10332 11312 56
10332 10292 11
10332 10240 5
10332 10254 6
10332 10255 3
10332 10257 1
10332 10315 3
10332 10183 52
10332 10187 39
10332 10227 41
10332 10228 52
10332 10234 3
10323 10245 42
10323 10244 55
10323 10247 52
10323 10248 31
10323 10232 38
10323 10246 39
10323 10249 60
10323 10250 11
10323 10256 33
10323 10230 20
10323 10235 57
10323 11314 49
10323 10239 42
10323 10251 55
10323 10252 45
10323 10253 4
10323 10184 39
10323 10229 34
10323 10231 21
10323 10238 35
10323 11312 3
10323 10292 11
10323 10240 17
10323 10254 11
10323 10255 17
10323 10257 55
10323 10315 35
10323 10183 19
10323 10187 8
10323 10227 45
10323 10228 60
10323 10234 38
10326 10245 13
10326 10244 14
10326 10247 9
10326 10248 60
10326 10232 48
10326 10246 20
10326 10249 39
10326 10250 47
10326 10256 16
10326 10230 32
10326 10235 0
10326 11314 40
10326 10239 17
10326 10251 32
10326 10252 4
10326 10253 25
10326 10184 56
10326 10229 5
10326 10231 4
10326 10238 5
10326 11312 23
10326 10292 9
10326 10240 33
10326 10254 34
10326 10255 3
10326 10257 8
10326 10315 26
10326 10183 45
10326 10187 16
10326 10227 59
10326 10228 36
10326 10234 11
10335 10245 2
10335 10244 48
10335 10247 37
10335 10248 32
10335 10232 43
10335 10246 45
10335 10249 48
10335 10250 42
10335 10256 48
10335 10230 38
10335 10235 51
10335 11314 41
10335 10239 42
10335 10251 16
10335 10252 8
10335 10253 5
10335 10184 38
10335 10229 14
10335 10231 26
10335 10238 23
10335 11312 10
10335 10292 43
10335 10240 12
10335 10254 14
10335 10255 27
10335 10257 11
10335 10315 30
10335 10183 3
10335 10187 7
10335 10227 40
10335 10228 16
10335 10234 54
