11114 10896 50
11114 10896 43
11114 10894 24
11114 10894 5
11114 10895 9
11114 10895 59
11114 10937 19
11114 10937 30
11114 10898 25
11114 10898 2
11114 10939 19
11114 10939 12
11114 10940 47
11114 10940 1
11114 10888 45
11114 10888 44
11114 10887 24
11114 10887 21
11114 10892 22
11114 10892 6
11114 10893 38
11114 10893 6
11114 10897 13
11114 10897 43
11114 10899 9
11114 10899 60
11114 10941 44
11114 10941 7
11114 10938 58
11114 10938 2
11114 10947 45
11114 10947 56
11114 10886 26
11114 10886 57
11114 10865 5
11114 10865 57
11114 10878 41
11114 10878 17
11114 10889 0
11114 10889 36
11114 10891 56
11114 10891 45
11114 10872 28
11114 10872 28
11114 10881 48
11114 10881 3
11114 10902 12
11114 10902 44
11114 10943 33
11114 10943 38
11114 10944 36
11114 10944 35
11114 10946 46
11114 10946 13
11114 10950 28
11114 10950 40
11114 10866 24
11114 10866 28
11114 10784 24
11114 10784 17
11114 10876 11
11114 10876 57
11114 10879 3
11114 10879 37
11112 10896 50
11112 10896 57
11112 10894 30
11112 10894 15
11112 10895 34
11112 10895 26
11112 10937 36
11112 10937 13
11112 10898 39
11112 10898 35
11112 10939 32
11112 10939 21
11112 10940 20
11112 10940 59
11112 10888 57
11112 10888 40
11112 10887 59
11112 10887 17
11112 10892 15
11112 10892 16
11112 10893 34
11112 10893 42
11112 10897 52
11112 10897 46
11112 10899 30
11112 10899 25
11112 10941 19
11112 10941 15
11112 10938 5
11112 10938 12
11112 10947 59
11112 10947 32
11112 10886 51
11112 10886 7
11112 10865 41
11112 10865 42
11112 10878 0
11112 10878 28
11112 10889 2
11112 10889 16
11112 10891 55
11112 10891 39
11112 10872 22
11112 10872 23
11112 10881 13
11112 10881 18
11112 10902 27
11112 10902 45
11112 10943 1
11112 10943 21
11112 10944 60
11112 10944 44
11112 10946 60
11112 10946 4
11112 10950 16
11112 10950 9
11112 10866 0
11112 10866 18
11112 10784 29
11112 10784 27
11112 10876 29
11112 10876 52
11112 10879 49
11112 10879 6
11115 10896 17
11115 10896 49
11115 10894 28
11115 10894 42
11115 10895 59
11115 10895 17
11115 10937 7
11115 10937 27
11115 10898 25
11115 10898 44
11115 10939 17
11115 10939 49
11115 10940 41
11115 10940 22
11115 10888 46
11115 10888 19
11115 10887 40
11115 10887 16
11115 10892 55
11115 10892 58
11115 10893 9
11115 10893 33
11115 10897 45
11115 10897 33
11115 10899 6
11115 10899 10
11115 10941 48
11115 10941 14
11115 10938 12
11115 10938 31
11115 10947 7
11115 10947 51
11115 10886 45
11115 10886 42
11115 10865 6
11115 10865 38
11115 10878 18
11115 10878 13
11115 10889 6
11115 10889 2
11115 10891 55
11115 10891 19
11115 10872 4
11115 10872 53
11115 10881 58
11115 10881 2
11115 10902 53
11115 10902 33
11115 10943 59
11115 10943 11
11115 10944 6
11115 10944 10
11115 10946 44
11115 10946 49
11115 10950 57
11115 10950 9
11115 10866 26
11115 10866 48
11115 10784 15
11115 10784 42
11115 10876 17
11115 10876 49
11115 10879 42
11115 10879 50
11121 10896 21
11121 10896 20
11121 10894 16
11121 10894 41
11121 10895 33
11121 10895 54
11121 10937 51
11121 10937 50
11121 10898 60
11121 10898 49
11121 10939 5
11121 10939 9
11121 10940 14
11121 10940 52
11121 10888 32
11121 10888 41
11121 10887 52
11121 10887 17
11121 10892 15
11121 10892 44
11121 10893 41
11121 10893 24
11121 10897 39
11121 10897 44
11121 10899 44
11121 10899 47
11121 10941 17
11121 10941 9
11121 10938 28
11121 10938 31
11121 10947 6
11121 10947 57
11121 10886 25
11121 10886 29
11121 10865 6
11121 10865 29
11121 10878 38
11121 10878 50
11121 10889 51
11121 10889 21
11121 10891 2
11121 10891 34
11121 10872 57
11121 10872 32
11121 10881 17
11121 10881 22
11121 10902 46
11121 10902 29
11121 10943 27
11121 10943 44
11121 10944 40
11121 10944 31
11121 10946 41
11121 10946 43
11121 10950 57
11121 10950 1
11121 10866 32
11121 10866 60
11121 10784 17
11121 10784 56
11121 10876 42
11121 10876 14
11121 10879 17
11121 10879 28
11122 10896 33
11122 10896 46
11122 10894 10
11122 10894 60
11122 10895 8
11122 10895 4
11122 10937 15
11122 10937 55
11122 10898 55
11122 10898 5
11122 10939 38
11122 10939 14
11122 10940 59
11122 10940 0
11122 10888 46
11122 10888 10
11122 10887 38
11122 10887 3
11122 10892 1
11122 10892 16
11122 10893 48
11122 10893 49
11122 10897 48
11122 10897 47
11122 10899 46
11122 10899 54
11122 10941 26
11122 10941 39
11122 10938 2
11122 10938 16
11122 10947 23
11122 10947 55
11122 10886 0
11122 10886 37
11122 10865 52
11122 10865 8
11122 10878 14
11122 10878 48
11122 10889 26
11122 10889 17
11122 10891 30
11122 10891 42
11122 10872 27
11122 10872 50
11122 10881 11
11122 10881 43
11122 10902 38
11122 10902 46
11122 10943 29
11122 10943 46
11122 10944 22
11122 10944 22
11122 10946 16
11122 10946 5
11122 10950 25
11122 10950 9
11122 10866 44
11122 10866 54
11122 10784 45
11122 10784 50
11122 10876 0
11122 10876 20
11122 10879 46
11122 10879 48
11111 10896 29
11111 10896 53
11111 10894 35
11111 10894 0
11111 10895 7
11111 10895 58
11111 10937 10
11111 10937 8
11111 10898 3
11111 10898 41
11111 10939 26
11111 10939 42
11111 10940 44
11111 10940 55
11111 10888 11
11111 10888 49
11111 10887 44
11111 10887 1
11111 10892 25
11111 10892 5
11111 10893 60
11111 10893 53
11111 10897 34
11111 10897 36
11111 10899 60
11111 10899 46
11111 10941 42
11111 10941 22
11111 10938 54
11111 10938 9
11111 10947 43
11111 10947 53
11111 10886 48
11111 10886 35
11111 10865 60
11111 10865 33
11111 10878 5
11111 10878 25
11111 10889 13
11111 10889 57
11111 10891 5
11111 10891 15
11111 10872 17
11111 10872 14
11111 10881 29
11111 10881 1
11111 10902 37
11111 10902 14
11111 10943 13
11111 10943 39
11111 10944 29
11111 10944 17
11111 10946 18
11111 10946 35
11111 10950 45
11111 10950 39
11111 10866 40
11111 10866 48
11111 10784 28
11111 10784 52
11111 10876 21
11111 10876 9
11111 10879 59
11111 10879 27
11110 10896 5
11110 10896 42
11110 10894 5
11110 10894 8
11110 10895 56
11110 10895 21
11110 10937 43
11110 10937 60
11110 10898 11
11110 10898 57
11110 10939 12
11110 10939 17
11110 10940 27
11110 10940 1
11110 10888 12
11110 10888 18
11110 10887 30
11110 10887 33
11110 10892 45
11110 10892 31
11110 10893 52
11110 10893 18
11110 10897 26
11110 10897 42
11110 10899 19
11110 10899 3
11110 10941 41
11110 10941 22
11110 10938 52
11110 10938 23
11110 10947 23
11110 10947 8
11110 10886 54
11110 10886 8
11110 10865 0
11110 10865 12
11110 10878 19
11110 10878 54
11110 10889 21
11110 10889 38
11110 10891 57
11110 10891 45
11110 10872 12
11110 10872 6
11110 10881 39
11110 10881 27
11110 10902 24
11110 10902 56
11110 10943 58
11110 10943 50
11110 10944 18
11110 10944 49
11110 10946 59
11110 10946 15
11110 10950 20
11110 10950 13
11110 10866 52
11110 10866 13
11110 10784 47
11110 10784 10
11110 10876 37
11110 10876 50
11110 10879 57
11110 10879 0
11116 10896 48
11116 10896 15
11116 10894 16
11116 10894 28
11116 10895 48
11116 10895 3
11116 10937 29
11116 10937 58
11116 10898 2
11116 10898 1
11116 10939 59
11116 10939 22
11116 10940 31
11116 10940 39
11116 10888 16
11116 10888 10
11116 10887 49
11116 10887 20
11116 10892 55
11116 10892 31
11116 10893 40
11116 10893 11
11116 10897 15
11116 10897 20
11116 10899 7
11116 10899 50
11116 10941 57
11116 10941 46
11116 10938 9
11116 10938 56
11116 10947 23
11116 10947 14
11116 10886 48
11116 10886 47
11116 10865 7
11116 10865 46
11116 10878 32
11116 10878 7
11116 10889 4
11116 10889 24
11116 10891 59
11116 10891 10
11116 10872 36
11116 10872 25
11116 10881 19
11116 10881 21
11116 10902 42
11116 10902 8
11116 10943 31
11116 10943 14
11116 10944 16
11116 10944 42
11116 10946 18
11116 10946 49
11116 10950 9
11116 10950 22
11116 10866 20
11116 10866 50
11116 10784 26
11116 10784 20
11116 10876 30
11116 10876 30
11116 10879 55
11116 10879 8
10977 10896 49
10977 10896 53
10977 10894 33
10977 10894 26
10977 10895 29
10977 10895 58
10977 10937 47
10977 10937 19
10977 10898 14
10977 10898 60
10977 10939 28
10977 10939 10
10977 10940 31
10977 10940 43
10977 10888 56
10977 10888 32
10977 10887 29
10977 10887 10
10977 10892 6
10977 10892 19
10977 10893 50
10977 10893 44
10977 10897 27
10977 10897 5
10977 10899 3
10977 10899 11
10977 10941 35
10977 10941 33
10977 10938 17
10977 10938 32
10977 10947 18
10977 10947 39
10977 10886 54
10977 10886 21
10977 10865 0
10977 10865 57
10977 10878 54
10977 10878 16
10977 10889 26
10977 10889 18
10977 10891 56
10977 10891 30
10977 10872 6
10977 10872 36
10977 10881 54
10977 10881 50
10977 10902 31
10977 10902 37
10977 10943 9
10977 10943 8
10977 10944 5
10977 10944 6
10977 10946 41
10977 10946 49
10977 10950 19
10977 10950 47
10977 10866 5
10977 10866 32
10977 10784 2
10977 10784 0
10977 10876 35
10977 10876 24
10977 10879 54
10977 10879 18
11133 10896 53
11133 10896 9
11133 10894 39
11133 10894 49
11133 10895 39
11133 10895 26
11133 10937 13
11133 10937 53
11133 10898 33
11133 10898 41
11133 10939 33
11133 10939 39
11133 10940 32
11133 10940 58
11133 10888 52
11133 10888 37
11133 10887 12
11133 10887 10
11133 10892 44
11133 10892 58
11133 10893 43
11133 10893 24
11133 10897 37
11133 10897 35
11133 10899 39
11133 10899 20
11133 10941 14
11133 10941 12
11133 10938 26
11133 10938 49
11133 10947 42
11133 10947 38
11133 10886 0
11133 10886 34
11133 10865 46
11133 10865 19
11133 10878 16
11133 10878 15
11133 10889 22
11133 10889 41
11133 10891 3
11133 10891 23
11133 10872 58
11133 10872 54
11133 10881 59
11133 10881 14
11133 10902 9
11133 10902 56
11133 10943 15
11133 10943 35
11133 10944 37
11133 10944 44
11133 10946 14
11133 10946 43
11133 10950 37
11133 10950 60
11133 10866 58
11133 10866 45
11133 10784 50
11133 10784 28
11133 10876 5
11133 10876 38
11133 10879 16
11133 10879 35
11134 10896 27
11134 10896 11
11134 10894 53
11134 10894 37
11134 10895 32
11134 10895 35
11134 10937 15
11134 10937 9
11134 10898 23
11134 10898 56
11134 10939 24
11134 10939 50
11134 10940 16
11134 10940 11
11134 10888 38
11134 10888 23
11134 10887 30
11134 10887 0
11134 10892 18
11134 10892 24
11134 10893 47
11134 10893 12
11134 10897 8
11134 10897 49
11134 10899 38
11134 10899 36
11134 10941 29
11134 10941 34
11134 10938 26
11134 10938 12
11134 10947 52
11134 10947 0
11134 10886 27
11134 10886 13
11134 10865 12
11134 10865 7
11134 10878 10
11134 10878 21
11134 10889 1
11134 10889 48
11134 10891 30
11134 10891 2
11134 10872 13
11134 10872 38
11134 10881 30
11134 10881 17
11134 10902 9
11134 10902 31
11134 10943 37
11134 10943 42
11134 10944 25
11134 10944 38
11134 10946 33
11134 10946 11
11134 10950 7
11134 10950 56
11134 10866 43
11134 10866 9
11134 10784 4
11134 10784 2
11134 10876 10
11134 10876 48
11134 10879 15
11134 10879 52
11156 10896 23
11156 10896 49
11156 10894 36
11156 10894 13
11156 10895 41
11156 10895 23
11156 10937 59
11156 10937 15
11156 10898 55
11156 10898 55
11156 10939 8
11156 10939 14
11156 10940 23
11156 10940 12
11156 10888 31
11156 10888 30
11156 10887 23
11156 10887 44
11156 10892 50
11156 10892 11
11156 10893 31
11156 10893 38
11156 10897 13
11156 10897 27
11156 10899 20
11156 10899 34
11156 10941 13
11156 10941 5
11156 10938 53
11156 10938 15
11156 10947 17
11156 10947 50
11156 10886 47
11156 10886 18
11156 10865 31
11156 10865 12
11156 10878 35
11156 10878 6
11156 10889 7
11156 10889 42
11156 10891 22
11156 10891 25
11156 10872 41
11156 10872 34
11156 10881 35
11156 10881 26
11156 10902 30
11156 10902 40
11156 10943 38
11156 10943 43
11156 10944 13
11156 10944 43
11156 10946 17
11156 10946 24
11156 10950 11
11156 10950 28
11156 10866 19
11156 10866 32
11156 10784 56
11156 10784 49
11156 10876 42
11156 10876 22
11156 10879 48
11156 10879 26
10972 10896 48
10972 10896 35
10972 10894 11
10972 10894 8
10972 10895 60
10972 10895 33
10972 10937 53
10972 10937 34
10972 10898 26
10972 10898 43
10972 10939 19
10972 10939 21
10972 10940 37
10972 10940 45
10972 10888 40
10972 10888 18
10972 10887 35
10972 10887 46
10972 10892 22
10972 10892 9
10972 10893 10
10972 10893 2
10972 10897 42
10972 10897 52
10972 10899 15
10972 10899 8
10972 10941 3
10972 10941 26
10972 10938 38
10972 10938 51
10972 10947 6
10972 10947 43
10972 10886 30
10972 10886 9
10972 10865 24
10972 10865 11
10972 10878 16
10972 10878 43
10972 10889 34
10972 10889 22
10972 10891 17
10972 10891 32
10972 10872 11
10972 10872 38
10972 10881 13
10972 10881 41
10972 10902 51
10972 10902 58
10972 10943 34
10972 10943 51
10972 10944 13
10972 10944 36
10972 10946 57
10972 10946 47
10972 10950 1
10972 10950 44
10972 10866 34
10972 10866 39
10972 10784 0
10972 10784 55
10972 10876 16
10972 10876 0
10972 10879 39
10972 10879 33
11101 10896 34
11101 10896 24
11101 10894 10
11101 10894 55
11101 10895 49
11101 10895 41
11101 10937 32
11101 10937 21
11101 10898 58
11101 10898 17
11101 10939 43
11101 10939 0
11101 10940 33
11101 10940 46
11101 10888 25
11101 10888 48
11101 10887 28
11101 10887 45
11101 10892 58
11101 10892 44
11101 10893 25
11101 10893 57
11101 10897 0
11101 10897 53
11101 10899 44
11101 10899 1
11101 10941 57
11101 10941 11
11101 10938 13
11101 10938 14
11101 10947 31
11101 10947 32
11101 10886 27
11101 10886 23
11101 10865 18
11101 10865 15
11101 10878 58
11101 10878 5
11101 10889 50
11101 10889 30
11101 10891 20
11101 10891 21
11101 10872 35
11101 10872 15
11101 10881 29
11101 10881 26
11101 10902 50
11101 10902 57
11101 10943 58
11101 10943 21
11101 10944 25
11101 10944 39
11101 10946 9
11101 10946 41
11101 10950 13
11101 10950 52
11101 10866 35
11101 10866 21
11101 10784 41
11101 10784 20
11101 10876 13
11101 10876 37
11101 10879 50
11101 10879 21
11109 10896 51
11109 10896 3
11109 10894 19
11109 10894 9
11109 10895 36
11109 10895 37
11109 10937 52
11109 10937 25
11109 10898 4
11109 10898 13
11109 10939 22
11109 10939 5
11109 10940 49
11109 10940 0
11109 10888 32
11109 10888 52
11109 10887 3
11109 10887 0
11109 10892 8
11109 10892 52
11109 10893 56
11109 10893 15
11109 10897 44
11109 10897 21
11109 10899 23
11109 10899 56
11109 10941 52
11109 10941 51
11109 10938 56
11109 10938 56
11109 10947 25
11109 10947 44
11109 10886 13
11109 10886 20
11109 10865 45
11109 10865 20
11109 10878 39
11109 10878 9
11109 10889 31
11109 10889 31
11109 10891 51
11109 10891 27
11109 10872 26
11109 10872 34
11109 10881 1
11109 10881 21
11109 10902 21
11109 10902 30
11109 10943 26
11109 10943 60
11109 10944 55
11109 10944 53
11109 10946 0
11109 10946 23
11109 10950 56
11109 10950 11
11109 10866 11
11109 10866 35
11109 10784 6
11109 10784 26
11109 10876 50
11109 10876 53
11109 10879 35
11109 10879 20
10975 10896 5
10975 10896 31
10975 10894 51
10975 10894 21
10975 10895 55
10975 10895 44
10975 10937 25
10975 10937 51
10975 10898 55
10975 10898 11
10975 10939 42
10975 10939 56
10975 10940 5
10975 10940 20
10975 10888 30
10975 10888 2
10975 10887 10
10975 10887 47
10975 10892 50
10975 10892 14
10975 10893 13
10975 10893 13
10975 10897 24
10975 10897 23
10975 10899 6
10975 10899 51
10975 10941 48
10975 10941 46
10975 10938 2
10975 10938 16
10975 10947 35
10975 10947 26
10975 10886 17
10975 10886 41
10975 10865 17
10975 10865 7
10975 10878 38
10975 10878 8
10975 10889 31
10975 10889 41
10975 10891 47
10975 10891 50
10975 10872 34
10975 10872 10
10975 10881 28
10975 10881 22
10975 10902 25
10975 10902 6
10975 10943 13
10975 10943 59
10975 10944 36
10975 10944 27
10975 10946 48
10975 10946 40
10975 10950 55
10975 10950 21
10975 10866 53
10975 10866 21
10975 10784 52
10975 10784 35
10975 10876 20
10975 10876 47
10975 10879 2
10975 10879 16
11117 10896 44
11117 10896 40
11117 10894 50
11117 10894 6
11117 10895 59
11117 10895 25
11117 10937 38
11117 10937 52
11117 10898 45
11117 10898 39
11117 10939 54
11117 10939 18
11117 10940 20
11117 10940 5
11117 10888 10
11117 10888 40
11117 10887 1
11117 10887 47
11117 10892 24
11117 10892 25
11117 10893 58
11117 10893 42
11117 10897 44
11117 10897 46
11117 10899 25
11117 10899 9
11117 10941 25
11117 10941 46
11117 10938 28
11117 10938 45
11117 10947 34
11117 10947 3
11117 10886 47
11117 10886 7
11117 10865 8
11117 10865 8
11117 10878 49
11117 10878 8
11117 10889 41
11117 10889 35
11117 10891 20
11117 10891 1
11117 10872 13
11117 10872 39
11117 10881 51
11117 10881 1
11117 10902 12
11117 10902 20
11117 10943 37
11117 10943 52
11117 10944 53
11117 10944 49
11117 10946 20
11117 10946 53
11117 10950 12
11117 10950 8
11117 10866 35
11117 10866 60
11117 10784 1
11117 10784 25
11117 10876 1
11117 10876 45
11117 10879 59
11117 10879 29
11113 10896 31
11113 10896 39
11113 10894 7
11113 10894 12
11113 10895 19
11113 10895 16
11113 10937 2
11113 10937 26
11113 10898 14
11113 10898 60
11113 10939 35
11113 10939 10
11113 10940 8
11113 10940 36
11113 10888 49
11113 10888 20
11113 10887 60
11113 10887 32
11113 10892 57
11113 10892 58
11113 10893 15
11113 10893 10
11113 10897 18
11113 10897 60
11113 10899 11
11113 10899 48
11113 10941 43
11113 10941 20
11113 10938 35
11113 10938 37
11113 10947 57
11113 10947 24
11113 10886 4
11113 10886 1
11113 10865 23
11113 10865 22
11113 10878 12
11113 10878 27
11113 10889 24
11113 10889 17
11113 10891 46
11113 10891 2
11113 10872 11
11113 10872 34
11113 10881 18
11113 10881 31
11113 10902 53
11113 10902 40
11113 10943 14
11113 10943 1
11113 10944 4
11113 10944 27
11113 10946 29
11113 10946 1
11113 10950 0
11113 10950 21
11113 10866 59
11113 10866 55
11113 10784 56
11113 10784 5
11113 10876 54
11113 10876 24
11113 10879 56
11113 10879 40
11103 10896 42
11103 10896 42
11103 10894 60
11103 10894 23
11103 10895 29
11103 10895 24
11103 10937 57
11103 10937 41
11103 10898 48
11103 10898 2
11103 10939 40
11103 10939 42
11103 10940 13
11103 10940 24
11103 10888 39
11103 10888 11
11103 10887 19
11103 10887 25
11103 10892 21
11103 10892 30
11103 10893 1
11103 10893 43
11103 10897 35
11103 10897 28
11103 10899 30
11103 10899 52
11103 10941 49
11103 10941 29
11103 10938 40
11103 10938 38
11103 10947 24
11103 10947 51
11103 10886 39
11103 10886 40
11103 10865 58
11103 10865 54
11103 10878 39
11103 10878 41
11103 10889 14
11103 10889 31
11103 10891 5
11103 10891 1
11103 10872 38
11103 10872 32
11103 10881 10
11103 10881 1
11103 10902 34
11103 10902 53
11103 10943 25
11103 10943 37
11103 10944 12
11103 10944 46
11103 10946 15
11103 10946 11
11103 10950 28
11103 10950 46
11103 10866 49
11103 10866 38
11103 10784 35
11103 10784 9
11103 10876 23
11103 10876 42
11103 10879 21
11103 10879 57
11141 10896 39
11141 10896 52
11141 10894 3
11141 10894 21
11141 10895 58
11141 10895 6
11141 10937 20
11141 10937 9
11141 10898 23
11141 10898 4
11141 10939 56
11141 10939 24
11141 10940 53
11141 10940 44
11141 10888 40
11141 10888 39
11141 10887 58
11141 10887 52
11141 10892 3
11141 10892 50
11141 10893 54
11141 10893 12
11141 10897 29
11141 10897 18
11141 10899 41
11141 10899 38
11141 10941 54
11141 10941 37
11141 10938 10
11141 10938 54
11141 10947 56
11141 10947 0
11141 10886 9
11141 10886 36
11141 10865 39
11141 10865 11
11141 10878 14
11141 10878 2
11141 10889 24
11141 10889 37
11141 10891 44
11141 10891 13
11141 10872 2
11141 10872 19
11141 10881 40
11141 10881 53
11141 10902 5
11141 10902 52
11141 10943 48
11141 10943 48
11141 10944 49
11141 10944 24
11141 10946 17
11141 10946 2
11141 10950 12
11141 10950 16
11141 10866 37
11141 10866 33
11141 10784 3
11141 10784 31
11141 10876 54
11141 10876 47
11141 10879 24
11141 10879 2
11142 10896 44
11142 10896 22
11142 10894 32
11142 10894 3
11142 10895 13
11142 10895 27
11142 10937 56
11142 10937 54
11142 10898 8
11142 10898 5
11142 10939 16
11142 10939 47
11142 10940 43
11142 10940 50
11142 10888 47
11142 10888 6
11142 10887 31
11142 10887 13
11142 10892 48
11142 10892 24
11142 10893 0
11142 10893 18
11142 10897 50
11142 10897 52
11142 10899 45
11142 10899 40
11142 10941 12
11142 10941 11
11142 10938 1
11142 10938 37
11142 10947 2
11142 10947 10
11142 10886 54
11142 10886 14
11142 10865 10
11142 10865 27
11142 10878 13
11142 10878 29
11142 10889 8
11142 10889 48
11142 10891 51
11142 10891 40
11142 10872 44
11142 10872 9
11142 10881 8
11142 10881 21
11142 10902 5
11142 10902 7
11142 10943 5
11142 10943 45
11142 10944 25
11142 10944 56
11142 10946 23
11142 10946 14
11142 10950 36
11142 10950 46
11142 10866 40
11142 10866 13
11142 10784 35
11142 10784 5
11142 10876 27
11142 10876 35
11142 10879 11
11142 10879 14
11139 10896 5
11139 10896 21
11139 10894 25
11139 10894 19
11139 10895 26
11139 10895 1
11139 10937 49
11139 10937 54
11139 10898 17
11139 10898 18
11139 10939 59
11139 10939 17
11139 10940 48
11139 10940 20
11139 10888 30
11139 10888 14
11139 10887 22
11139 10887 0
11139 10892 38
11139 10892 7
11139 10893 11
11139 10893 19
11139 10897 8
11139 10897 47
11139 10899 27
11139 10899 39
11139 10941 56
11139 10941 12
11139 10938 53
11139 10938 1
11139 10947 56
11139 10947 6
11139 10886 10
11139 10886 21
11139 10865 35
11139 10865 17
11139 10878 59
11139 10878 46
11139 10889 31
11139 10889 3
11139 10891 2
11139 10891 19
11139 10872 34
11139 10872 50
11139 10881 49
11139 10881 32
11139 10902 31
11139 10902 9
11139 10943 53
11139 10943 59
11139 10944 14
11139 10944 47
11139 10946 29
11139 10946 39
11139 10950 53
11139 10950 25
11139 10866 28
11139 10866 3
11139 10784 27
11139 10784 9
11139 10876 5
11139 10876 36
11139 10879 42
11139 10879 11
11043 10896 41
11043 10896 15
11043 10894 10
11043 10894 3
11043 10895 13
11043 10895 45
11043 10937 14
11043 10937 59
11043 10898 29
11043 10898 23
11043 10939 47
11043 10939 54
11043 10940 15
11043 10940 27
11043 10888 59
11043 10888 34
11043 10887 17
11043 10887 18
11043 10892 34
11043 10892 20
11043 10893 48
11043 10893 1
11043 10897 51
11043 10897 51
11043 10899 59
11043 10899 23
11043 10941 8
11043 10941 29
11043 10938 20
11043 10938 24
11043 10947 15
11043 10947 53
11043 10886 40
11043 10886 5
11043 10865 36
11043 10865 57
11043 10878 20
11043 10878 51
11043 10889 13
11043 10889 7
11043 10891 16
11043 10891 46
11043 10872 44
11043 10872 26
11043 10881 41
11043 10881 32
11043 10902 29
11043 10902 32
11043 10943 51
11043 10943 1
11043 10944 46
11043 10944 27
11043 10946 53
11043 10946 56
11043 10950 55
11043 10950 60
11043 10866 49
11043 10866 39
11043 10784 18
11043 10784 5
11043 10876 32
11043 10876 55
11043 10879 26
11043 10879 57
11040 10896 23
11040 10896 35
11040 10894 48
11040 10894 22
11040 10895 14
11040 10895 60
11040 10937 60
11040 10937 56
11040 10898 2
11040 10898 48
11040 10939 55
11040 10939 28
11040 10940 51
11040 10940 17
11040 10888 28
11040 10888 58
11040 10887 26
11040 10887 1
11040 10892 45
11040 10892 53
11040 10893 30
11040 10893 1
11040 10897 50
11040 10897 18
11040 10899 60
11040 10899 19
11040 10941 52
11040 10941 60
11040 10938 29
11040 10938 3
11040 10947 17
11040 10947 11
11040 10886 49
11040 10886 25
11040 10865 20
11040 10865 18
11040 10878 54
11040 10878 18
11040 10889 57
11040 10889 27
11040 10891 59
11040 10891 20
11040 10872 55
11040 10872 46
11040 10881 58
11040 10881 34
11040 10902 46
11040 10902 9
11040 10943 49
11040 10943 28
11040 10944 21
11040 10944 50
11040 10946 25
11040 10946 59
11040 10950 50
11040 10950 46
11040 10866 20
11040 10866 33
11040 10784 25
11040 10784 4
11040 10876 44
11040 10876 30
11040 10879 28
11040 10879 2
11041 10896 58
11041 10896 28
11041 10894 38
11041 10894 33
11041 10895 13
11041 10895 46
11041 10937 47
11041 10937 12
11041 10898 29
11041 10898 40
11041 10939 6
11041 10939 14
11041 10940 7
11041 10940 9
11041 10888 53
11041 10888 13
11041 10887 40
11041 10887 19
11041 10892 8
11041 10892 44
11041 10893 56
11041 10893 2
11041 10897 52
11041 10897 9
11041 10899 51
11041 10899 5
11041 10941 55
11041 10941 48
11041 10938 9
11041 10938 23
11041 10947 7
11041 10947 27
11041 10886 18
11041 10886 56
11041 10865 54
11041 10865 44
11041 10878 27
11041 10878 43
11041 10889 52
11041 10889 1
11041 10891 12
11041 10891 1
11041 10872 21
11041 10872 19
11041 10881 34
11041 10881 8
11041 10902 51
11041 10902 36
11041 10943 51
11041 10943 36
11041 10944 4
11041 10944 57
11041 10946 15
11041 10946 30
11041 10950 44
11041 10950 21
11041 10866 22
11041 10866 12
11041 10784 22
11041 10784 48
11041 10876 5
11041 10876 37
11041 10879 23
11041 10879 18
10970 10896 49
10970 10896 41
10970 10894 21
10970 10894 7
10970 10895 6
10970 10895 56
10970 10937 56
10970 10937 43
10970 10898 4
10970 10898 53
10970 10939 52
10970 10939 21
10970 10940 3
10970 10940 34
10970 10888 52
10970 10888 49
10970 10887 52
10970 10887 48
10970 10892 8
10970 10892 17
10970 10893 36
10970 10893 19
10970 10897 52
10970 10897 23
10970 10899 39
10970 10899 13
10970 10941 17
10970 10941 7
10970 10938 18
10970 10938 26
10970 10947 58
10970 10947 53
10970 10886 44
10970 10886 17
10970 10865 26
10970 10865 32
10970 10878 28
10970 10878 16
10970 10889 44
10970 10889 53
10970 10891 48
10970 10891 23
10970 10872 50
10970 10872 10
10970 10881 38
10970 10881 28
10970 10902 52
10970 10902 6
10970 10943 20
10970 10943 27
10970 10944 14
10970 10944 44
10970 10946 9
10970 10946 26
10970 10950 42
10970 10950 18
10970 10866 16
10970 10866 10
10970 10784 23
10970 10784 13
10970 10876 42
10970 10876 33
10970 10879 4
10970 10879 49
10962 10896 59
10962 10896 38
10962 10894 44
10962 10894 28
10962 10895 7
10962 10895 34
10962 10937 54
10962 10937 34
10962 10898 37
10962 10898 48
10962 10939 30
10962 10939 45
10962 10940 46
10962 10940 23
10962 10888 22
10962 10888 25
10962 10887 32
10962 10887 21
10962 10892 42
10962 10892 39
10962 10893 54
10962 10893 38
10962 10897 59
10962 10897 58
10962 10899 12
10962 10899 56
10962 10941 39
10962 10941 5
10962 10938 10
10962 10938 35
10962 10947 36
10962 10947 25
10962 10886 37
10962 10886 0
10962 10865 6
10962 10865 43
10962 10878 36
10962 10878 59
10962 10889 38
10962 10889 39
10962 10891 39
10962 10891 27
10962 10872 39
10962 10872 19
10962 10881 9
10962 10881 18
10962 10902 31
10962 10902 23
10962 10943 59
10962 10943 41
10962 10944 25
10962 10944 1
10962 10946 3
10962 10946 15
10962 10950 53
10962 10950 48
10962 10866 58
10962 10866 12
10962 10784 49
10962 10784 53
10962 10876 0
10962 10876 41
10962 10879 39
10962 10879 15
10969 10896 55
10969 10896 48
10969 10894 57
10969 10894 49
10969 10895 10
10969 10895 0
10969 10937 7
10969 10937 17
10969 10898 43
10969 10898 20
10969 10939 11
10969 10939 39
10969 10940 4
10969 10940 52
10969 10888 5
10969 10888 45
10969 10887 32
10969 10887 19
10969 10892 50
10969 10892 14
10969 10893 11
10969 10893 47
10969 10897 0
10969 10897 21
10969 10899 30
10969 10899 9
10969 10941 55
10969 10941 13
10969 10938 17
10969 10938 38
10969 10947 39
10969 10947 11
10969 10886 55
10969 10886 40
10969 10865 54
10969 10865 21
10969 10878 13
10969 10878 21
10969 10889 23
10969 10889 42
10969 10891 1
10969 10891 22
10969 10872 13
10969 10872 46
10969 10881 4
10969 10881 13
10969 10902 49
10969 10902 6
10969 10943 24
10969 10943 57
10969 10944 49
10969 10944 15
10969 10946 57
10969 10946 37
10969 10950 26
10969 10950 28
10969 10866 7
10969 10866 40
10969 10784 24
10969 10784 16
10969 10876 48
10969 10876 1
10969 10879 19
10969 10879 6
10976 10896 55
10976 10896 45
10976 10894 16
10976 10894 60
10976 10895 49
10976 10895 49
10976 10937 47
10976 10937 0
10976 10898 26
10976 10898 51
10976 10939 42
10976 10939 50
10976 10940 7
10976 10940 23
10976 10888 21
10976 10888 16
10976 10887 25
10976 10887 41
10976 10892 60
10976 10892 45
10976 10893 31
10976 10893 15
10976 10897 19
10976 10897 14
10976 10899 37
10976 10899 60
10976 10941 55
10976 10941 0
10976 10938 6
10976 10938 22
10976 10947 48
10976 10947 26
10976 10886 18
10976 10886 54
10976 10865 42
10976 10865 40
10976 10878 42
10976 10878 25
10976 10889 12
10976 10889 18
10976 10891 32
10976 10891 23
10976 10872 44
10976 10872 2
10976 10881 39
10976 10881 51
10976 10902 10
10976 10902 47
10976 10943 8
10976 10943 30
10976 10944 29
10976 10944 59
10976 10946 13
10976 10946 12
10976 10950 33
10976 10950 8
10976 10866 60
10976 10866 39
10976 10784 8
10976 10784 4
10976 10876 57
10976 10876 32
10976 10879 42
10976 10879 13
11140 10896 37
11140 10896 12
11140 10894 4
11140 10894 43
11140 10895 44
11140 10895 55
11140 10937 26
11140 10937 40
11140 10898 38
11140 10898 1
11140 10939 39
11140 10939 36
11140 10940 20
11140 10940 55
11140 10888 10
11140 10888 16
11140 10887 31
11140 10887 52
11140 10892 40
11140 10892 33
11140 10893 0
11140 10893 11
11140 10897 51
11140 10897 28
11140 10899 16
11140 10899 50
11140 10941 48
11140 10941 22
11140 10938 23
11140 10938 46
11140 10947 48
11140 10947 37
11140 10886 24
11140 10886 48
11140 10865 26
11140 10865 48
11140 10878 59
11140 10878 58
11140 10889 17
11140 10889 37
11140 10891 54
11140 10891 45
11140 10872 26
11140 10872 0
11140 10881 26
11140 10881 19
11140 10902 58
11140 10902 22
11140 10943 31
11140 10943 43
11140 10944 35
11140 10944 53
11140 10946 5
11140 10946 11
11140 10950 37
11140 10950 7
11140 10866 27
11140 10866 48
11140 10784 2
11140 10784 27
11140 10876 40
11140 10876 16
11140 10879 36
11140 10879 5
11136 10896 45
11136 10896 53
11136 10894 10
11136 10894 18
11136 10895 48
11136 10895 26
11136 10937 59
11136 10937 29
11136 10898 26
11136 10898 56
11136 10939 10
11136 10939 7
11136 10940 30
11136 10940 35
11136 10888 20
11136 10888 30
11136 10887 2
11136 10887 18
11136 10892 56
11136 10892 51
11136 10893 31
11136 10893 57
11136 10897 3
11136 10897 6
11136 10899 35
11136 10899 12
11136 10941 57
11136 10941 2
11136 10938 58
11136 10938 56
11136 10947 0
11136 10947 36
11136 10886 43
11136 10886 15
11136 10865 25
11136 10865 30
11136 10878 53
11136 10878 9
11136 10889 6
11136 10889 49
11136 10891 53
11136 10891 48
11136 10872 25
11136 10872 48
11136 10881 52
11136 10881 60
11136 10902 13
11136 10902 8
11136 10943 12
11136 10943 3
11136 10944 53
11136 10944 46
11136 10946 18
11136 10946 18
11136 10950 37
11136 10950 30
11136 10866 4
11136 10866 55
11136 10784 54
11136 10784 28
11136 10876 12
11136 10876 2
11136 10879 54
11136 10879 49
11108 10896 20
11108 10896 45
11108 10894 12
11108 10894 4
11108 10895 43
11108 10895 44
11108 10937 48
11108 10937 39
11108 10898 21
11108 10898 19
11108 10939 1
11108 10939 41
11108 10940 5
11108 10940 46
11108 10888 22
11108 10888 60
11108 10887 36
11108 10887 49
11108 10892 56
11108 10892 30
11108 10893 2
11108 10893 49
11108 10897 4
11108 10897 23
11108 10899 45
11108 10899 4
11108 10941 42
11108 10941 52
11108 10938 41
11108 10938 50
11108 10947 55
11108 10947 43
11108 10886 21
11108 10886 56
11108 10865 17
11108 10865 13
11108 10878 12
11108 10878 49
11108 10889 36
11108 10889 23
11108 10891 56
11108 10891 13
11108 10872 24
11108 10872 17
11108 10881 36
11108 10881 14
11108 10902 12
11108 10902 0
11108 10943 0
11108 10943 50
11108 10944 58
11108 10944 11
11108 10946 34
11108 10946 28
11108 10950 17
11108 10950 36
11108 10866 47
11108 10866 4
11108 10784 12
11108 10784 39
11108 10876 24
11108 10876 55
11108 10879 22
11108 10879 1
