7684 6475 32
7684 6475 50
7684 6475 3
7684 6475 34
7684 6474 31
7684 6474 23
7684 6474 21
7684 6474 45
7684 6473 32
7684 6473 41
7684 6473 28
7684 6473 24
7684 6483 35
7684 6483 41
7684 6483 41
7684 6483 34
7684 6472 28
7684 6472 54
7684 6472 21
7684 6472 26
7684 6476 14
7684 6476 44
7684 6476 9
7684 6476 51
7684 6463 37
7684 6463 2
7684 6463 2
7684 6463 37
7684 6481 53
7684 6481 7
7684 6481 30
7684 6481 17
7684 6484 41
7684 6484 33
7684 6484 56
7684 6484 38
7684 6471 15
7684 6471 51
7684 6471 26
7684 6471 25
7684 6485 40
7684 6485 11
7684 6485 35
7684 6485 30
7684 6477 59
7684 6477 19
7684 6477 17
7684 6477 16
7684 6490 50
7684 6490 58
7684 6490 2
7684 6490 8
7684 6461 34
7684 6461 50
7684 6461 17
7684 6461 56
7684 6464 33
7684 6464 23
7684 6464 7
7684 6464 11
7684 6479 31
7684 6479 5
7684 6479 6
7684 6479 6
7684 6482 56
7684 6482 13
7684 6482 51
7684 6482 5
7684 6470 45
7684 6470 12
7684 6470 58
7684 6470 21
7684 6486 0
7684 6486 18
7684 6486 15
7684 6486 22
7684 6488 48
7684 6488 42
7684 6488 25
7684 6488 58
7684 6498 33
7684 6498 25
7684 6498 47
7684 6498 27
7684 6478 42
7684 6478 2
7684 6478 29
7684 6478 40
7684 6426 22
7684 6426 15
7684 6426 45
7684 6426 6
7684 6504 1
7684 6504 18
7684 6504 28
7684 6504 25
7684 6489 37
7684 6489 4
7684 6489 36
7684 6489 42
7684 6503 21
7684 6503 39
7684 6503 14
7684 6503 30
7684 6505 3
7684 6505 42
7684 6505 56
7684 6505 2
7684 6309 18
7684 6309 48
7684 6309 2
7684 6309 55
7684 6462 1
7684 6462 56
7684 6462 5
7684 6462 31
7684 6467 42
7684 6467 21
7684 6467 16
7684 6467 56
7684 6480 23
7684 6480 30
7684 6480 6
7684 6480 34
7684 6469 48
7684 6469 34
7684 6469 16
7684 6469 50
7683 6475 10
7683 6475 26
7683 6475 51
7683 6475 11
7683 6474 8
7683 6474 23
7683 6474 54
7683 6474 41
7683 6473 32
7683 6473 26
7683 6473 38
7683 6473 41
7683 6483 48
7683 6483 22
7683 6483 48
7683 6483 47
7683 6472 15
7683 6472 1
7683 6472 15
7683 6472 53
7683 6476 22
7683 6476 49
7683 6476 44
7683 6476 54
7683 6463 3
7683 6463 22
7683 6463 3
7683 6463 9
7683 6481 18
7683 6481 42
7683 6481 34
7683 6481 60
7683 6484 42
7683 6484 38
7683 6484 42
7683 6484 10
7683 6471 48
7683 6471 19
7683 6471 39
7683 6471 52
7683 6485 32
7683 6485 29
7683 6485 47
7683 6485 26
7683 6477 22
7683 6477 0
7683 6477 10
7683 6477 31
7683 6490 4
7683 6490 58
7683 6490 40
7683 6490 11
7683 6461 55
7683 6461 4
7683 6461 36
7683 6461 46
7683 6464 47
7683 6464 20
7683 6464 42
7683 6464 1
7683 6479 36
7683 6479 25
7683 6479 40
7683 6479 60
7683 6482 38
7683 6482 28
7683 6482 34
7683 6482 44
7683 6470 42
7683 6470 4
7683 6470 28
7683 6470 51
7683 6486 5
7683 6486 53
7683 6486 17
7683 6486 33
7683 6488 42
7683 6488 43
7683 6488 19
7683 6488 23
7683 6498 57
7683 6498 2
7683 6498 19
7683 6498 21
7683 6478 15
7683 6478 56
7683 6478 55
7683 6478 33
7683 6426 5
7683 6426 10
7683 6426 35
7683 6426 32
7683 6504 4
7683 6504 42
7683 6504 48
7683 6504 0
7683 6489 11
7683 6489 19
7683 6489 57
7683 6489 2
7683 6503 54
7683 6503 31
7683 6503 54
7683 6503 59
7683 6505 5
7683 6505 2
7683 6505 23
7683 6505 5
7683 6309 26
7683 6309 30
7683 6309 15
7683 6309 60
7683 6462 6
7683 6462 48
7683 6462 16
7683 6462 3
7683 6467 27
7683 6467 60
7683 6467 0
7683 6467 30
7683 6480 58
7683 6480 30
7683 6480 60
7683 6480 23
7683 6469 31
7683 6469 34
7683 6469 50
7683 6469 38
7677 6475 2
7677 6475 43
7677 6475 18
7677 6475 50
7677 6474 1
7677 6474 57
7677 6474 56
7677 6474 11
7677 6473 3
7677 6473 55
7677 6473 18
7677 6473 13
7677 6483 21
7677 6483 51
7677 6483 34
7677 6483 60
7677 6472 42
7677 6472 19
7677 6472 28
7677 6472 15
7677 6476 59
7677 6476 48
7677 6476 10
7677 6476 47
7677 6463 9
7677 6463 3
7677 6463 53
7677 6463 36
7677 6481 1
7677 6481 36
7677 6481 37
7677 6481 41
7677 6484 10
7677 6484 48
7677 6484 39
7677 6484 59
7677 6471 7
7677 6471 25
7677 6471 31
7677 6471 60
7677 6485 34
7677 6485 49
7677 6485 40
7677 6485 50
7677 6477 2
7677 6477 32
7677 6477 9
7677 6477 47
7677 6490 2
7677 6490 49
7677 6490 24
7677 6490 35
7677 6461 45
7677 6461 53
7677 6461 46
7677 6461 29
7677 6464 47
7677 6464 2
7677 6464 3
7677 6464 31
7677 6479 31
7677 6479 60
7677 6479 49
7677 6479 52
7677 6482 14
7677 6482 23
7677 6482 14
7677 6482 3
7677 6470 6
7677 6470 15
7677 6470 3
7677 6470 31
7677 6486 17
7677 6486 52
7677 6486 37
7677 6486 20
7677 6488 11
7677 6488 60
7677 6488 19
7677 6488 15
7677 6498 29
7677 6498 53
7677 6498 47
7677 6498 44
7677 6478 53
7677 6478 55
7677 6478 41
7677 6478 34
7677 6426 34
7677 6426 35
7677 6426 25
7677 6426 50
7677 6504 23
7677 6504 51
7677 6504 33
7677 6504 3
7677 6489 4
7677 6489 4
7677 6489 39
7677 6489 10
7677 6503 28
7677 6503 39
7677 6503 50
7677 6503 19
7677 6505 40
7677 6505 56
7677 6505 13
7677 6505 44
7677 6309 48
7677 6309 38
7677 6309 15
7677 6309 12
7677 6462 27
7677 6462 40
7677 6462 46
7677 6462 27
7677 6467 58
7677 6467 30
7677 6467 5
7677 6467 29
7677 6480 57
7677 6480 25
7677 6480 1
7677 6480 35
7677 6469 38
7677 6469 19
7677 6469 24
7677 6469 40
7686 6475 40
7686 6475 4
7686 6475 17
7686 6475 5
7686 6474 23
7686 6474 19
7686 6474 3
7686 6474 51
7686 6473 51
7686 6473 14
7686 6473 51
7686 6473 24
7686 6483 4
7686 6483 34
7686 6483 31
7686 6483 58
7686 6472 48
7686 6472 19
7686 6472 55
7686 6472 57
7686 6476 58
7686 6476 25
7686 6476 22
7686 6476 42
7686 6463 54
7686 6463 33
7686 6463 50
7686 6463 3
7686 6481 36
7686 6481 21
7686 6481 39
7686 6481 33
7686 6484 32
7686 6484 13
7686 6484 17
7686 6484 29
7686 6471 8
7686 6471 10
7686 6471 16
7686 6471 52
7686 6485 38
7686 6485 58
7686 6485 53
7686 6485 37
7686 6477 51
7686 6477 3
7686 6477 8
7686 6477 55
7686 6490 24
7686 6490 54
7686 6490 33
7686 6490 54
7686 6461 35
7686 6461 29
7686 6461 56
7686 6461 20
7686 6464 41
7686 6464 36
7686 6464 18
7686 6464 0
7686 6479 14
7686 6479 50
7686 6479 0
7686 6479 52
7686 6482 57
7686 6482 38
7686 6482 28
7686 6482 57
7686 6470 52
7686 6470 2
7686 6470 19
7686 6470 14
7686 6486 50
7686 6486 49
7686 6486 12
7686 6486 25
7686 6488 52
7686 6488 23
7686 6488 53
7686 6488 30
7686 6498 50
7686 6498 0
7686 6498 42
7686 6498 6
7686 6478 42
7686 6478 1
7686 6478 44
7686 6478 17
7686 6426 40
7686 6426 55
7686 6426 53
7686 6426 45
7686 6504 22
7686 6504 49
7686 6504 13
7686 6504 24
7686 6489 45
7686 6489 10
7686 6489 28
7686 6489 55
7686 6503 22
7686 6503 10
7686 6503 11
7686 6503 0
7686 6505 13
7686 6505 60
7686 6505 47
7686 6505 24
7686 6309 32
7686 6309 42
7686 6309 11
7686 6309 20
7686 6462 41
7686 6462 4
7686 6462 58
7686 6462 35
7686 6467 38
7686 6467 56
7686 6467 7
7686 6467 45
7686 6480 46
7686 6480 32
7686 6480 29
7686 6480 32
7686 6469 29
7686 6469 42
7686 6469 30
7686 6469 40
9673 6475 43
9673 6475 53
9673 6475 60
9673 6475 48
9673 6474 56
9673 6474 37
9673 6474 26
9673 6474 9
9673 6473 8
9673 6473 46
9673 6473 54
9673 6473 47
9673 6483 9
9673 6483 40
9673 6483 21
9673 6483 16
9673 6472 28
9673 6472 22
9673 6472 19
9673 6472 53
9673 6476 60
9673 6476 10
9673 6476 60
9673 6476 33
9673 6463 37
9673 6463 35
9673 6463 49
9673 6463 34
9673 6481 12
9673 6481 29
9673 6481 43
9673 6481 41
9673 6484 15
9673 6484 37
9673 6484 1
9673 6484 38
9673 6471 10
9673 6471 60
9673 6471 19
9673 6471 48
9673 6485 57
9673 6485 51
9673 6485 31
9673 6485 32
9673 6477 60
9673 6477 29
9673 6477 9
9673 6477 32
9673 6490 2
9673 6490 50
9673 6490 37
9673 6490 40
9673 6461 25
9673 6461 33
9673 6461 51
9673 6461 52
9673 6464 8
9673 6464 40
9673 6464 4
9673 6464 40
9673 6479 47
9673 6479 29
9673 6479 38
9673 6479 59
9673 6482 26
9673 6482 28
9673 6482 53
9673 6482 53
9673 6470 5
9673 6470 27
9673 6470 32
9673 6470 39
9673 6486 44
9673 6486 48
9673 6486 58
9673 6486 12
9673 6488 48
9673 6488 32
9673 6488 36
9673 6488 39
9673 6498 58
9673 6498 23
9673 6498 15
9673 6498 13
9673 6478 8
9673 6478 38
9673 6478 7
9673 6478 6
9673 6426 48
9673 6426 49
9673 6426 14
9673 6426 59
9673 6504 45
9673 6504 36
9673 6504 57
9673 6504 60
9673 6489 56
9673 6489 18
9673 6489 27
9673 6489 31
9673 6503 1
9673 6503 7
9673 6503 15
9673 6503 27
9673 6505 37
9673 6505 23
9673 6505 0
9673 6505 42
9673 6309 9
9673 6309 60
9673 6309 29
9673 6309 44
9673 6462 39
9673 6462 12
9673 6462 58
9673 6462 50
9673 6467 0
9673 6467 14
9673 6467 8
9673 6467 34
9673 6480 1
9673 6480 20
9673 6480 36
9673 6480 14
9673 6469 0
9673 6469 38
9673 6469 34
9673 6469 52
7682 6475 58
7682 6475 4
7682 6475 29
7682 6475 60
7682 6474 59
7682 6474 55
7682 6474 9
7682 6474 0
7682 6473 57
7682 6473 60
7682 6473 16
7682 6473 4
7682 6483 46
7682 6483 50
7682 6483 10
7682 6483 24
7682 6472 29
7682 6472 16
7682 6472 15
7682 6472 40
7682 6476 59
7682 6476 4
7682 6476 42
7682 6476 33
7682 6463 59
7682 6463 4
7682 6463 42
7682 6463 4
7682 6481 39
7682 6481 57
7682 6481 51
7682 6481 22
7682 6484 38
7682 6484 47
7682 6484 35
7682 6484 21
7682 6471 11
7682 6471 39
7682 6471 6
7682 6471 7
7682 6485 30
7682 6485 26
7682 6485 40
7682 6485 20
7682 6477 55
7682 6477 10
7682 6477 60
7682 6477 25
7682 6490 49
7682 6490 44
7682 6490 32
7682 6490 46
7682 6461 37
7682 6461 17
7682 6461 15
7682 6461 44
7682 6464 18
7682 6464 45
7682 6464 13
7682 6464 36
7682 6479 38
7682 6479 37
7682 6479 53
7682 6479 33
7682 6482 17
7682 6482 42
7682 6482 26
7682 6482 53
7682 6470 21
7682 6470 55
7682 6470 54
7682 6470 19
7682 6486 22
7682 6486 21
7682 6486 59
7682 6486 55
7682 6488 52
7682 6488 28
7682 6488 19
7682 6488 24
7682 6498 5
7682 6498 50
7682 6498 21
7682 6498 41
7682 6478 10
7682 6478 52
7682 6478 52
7682 6478 25
7682 6426 34
7682 6426 49
7682 6426 16
7682 6426 18
7682 6504 14
7682 6504 25
7682 6504 4
7682 6504 26
7682 6489 42
7682 6489 56
7682 6489 0
7682 6489 58
7682 6503 47
7682 6503 55
7682 6503 6
7682 6503 11
7682 6505 43
7682 6505 5
7682 6505 30
7682 6505 43
7682 6309 36
7682 6309 58
7682 6309 47
7682 6309 8
7682 6462 26
7682 6462 15
7682 6462 32
7682 6462 16
7682 6467 55
7682 6467 33
7682 6467 26
7682 6467 18
7682 6480 53
7682 6480 40
7682 6480 25
7682 6480 41
7682 6469 58
7682 6469 55
7682 6469 32
7682 6469 28
6518 6475 28
6518 6475 13
6518 6475 5
6518 6475 37
6518 6474 17
6518 6474 17
6518 6474 17
6518 6474 36
6518 6473 0
6518 6473 14
6518 6473 58
6518 6473 34
6518 6483 25
6518 6483 48
6518 6483 51
6518 6483 0
6518 6472 43
6518 6472 29
6518 6472 9
6518 6472 13
6518 6476 11
6518 6476 10
6518 6476 53
6518 6476 21
6518 6463 8
6518 6463 39
6518 6463 52
6518 6463 58
6518 6481 52
6518 6481 59
6518 6481 3
6518 6481 53
6518 6484 29
6518 6484 44
6518 6484 56
6518 6484 3
6518 6471 21
6518 6471 59
6518 6471 25
6518 6471 43
6518 6485 12
6518 6485 3
6518 6485 27
6518 6485 43
6518 6477 22
6518 6477 19
6518 6477 12
6518 6477 45
6518 6490 3
6518 6490 2
6518 6490 53
6518 6490 49
6518 6461 42
6518 6461 15
6518 6461 51
6518 6461 31
6518 6464 31
6518 6464 30
6518 6464 33
6518 6464 30
6518 6479 40
6518 6479 29
6518 6479 0
6518 6479 47
6518 6482 29
6518 6482 5
6518 6482 52
6518 6482 33
6518 6470 30
6518 6470 51
6518 6470 55
6518 6470 12
6518 6486 45
6518 6486 36
6518 6486 30
6518 6486 43
6518 6488 7
6518 6488 40
6518 6488 51
6518 6488 47
6518 6498 46
6518 6498 28
6518 6498 14
6518 6498 42
6518 6478 42
6518 6478 58
6518 6478 47
6518 6478 10
6518 6426 4
6518 6426 34
6518 6426 43
6518 6426 60
6518 6504 17
6518 6504 60
6518 6504 20
6518 6504 26
6518 6489 43
6518 6489 56
6518 6489 35
6518 6489 20
6518 6503 36
6518 6503 22
6518 6503 40
6518 6503 10
6518 6505 15
6518 6505 10
6518 6505 35
6518 6505 14
6518 6309 45
6518 6309 30
6518 6309 46
6518 6309 15
6518 6462 7
6518 6462 55
6518 6462 2
6518 6462 10
6518 6467 48
6518 6467 41
6518 6467 17
6518 6467 51
6518 6480 25
6518 6480 14
6518 6480 22
6518 6480 0
6518 6469 23
6518 6469 54
6518 6469 33
6518 6469 59
7676 6475 7
7676 6475 25
7676 6475 41
7676 6475 6
7676 6474 22
7676 6474 31
7676 6474 56
7676 6474 40
7676 6473 53
7676 6473 19
7676 6473 43
7676 6473 46
7676 6483 9
7676 6483 45
7676 6483 53
7676 6483 18
7676 6472 37
7676 6472 37
7676 6472 50
7676 6472 49
7676 6476 8
7676 6476 18
7676 6476 3
7676 6476 36
7676 6463 27
7676 6463 37
7676 6463 44
7676 6463 31
7676 6481 53
7676 6481 20
7676 6481 36
7676 6481 24
7676 6484 34
7676 6484 52
7676 6484 9
7676 6484 25
7676 6471 41
7676 6471 10
7676 6471 17
7676 6471 34
7676 6485 21
7676 6485 20
7676 6485 37
7676 6485 55
7676 6477 0
7676 6477 45
7676 6477 48
7676 6477 47
7676 6490 59
7676 6490 57
7676 6490 40
7676 6490 30
7676 6461 1
7676 6461 2
7676 6461 32
7676 6461 47
7676 6464 26
7676 6464 36
7676 6464 17
7676 6464 49
7676 6479 7
7676 6479 39
7676 6479 22
7676 6479 33
7676 6482 31
7676 6482 39
7676 6482 11
7676 6482 55
7676 6470 6
7676 6470 57
7676 6470 27
7676 6470 57
7676 6486 50
7676 6486 42
7676 6486 39
7676 6486 26
7676 6488 20
7676 6488 28
7676 6488 4
7676 6488 17
7676 6498 27
7676 6498 25
7676 6498 28
7676 6498 54
7676 6478 20
7676 6478 51
7676 6478 45
7676 6478 3
7676 6426 18
7676 6426 57
7676 6426 27
7676 6426 28
7676 6504 45
7676 6504 4
7676 6504 28
7676 6504 48
7676 6489 23
7676 6489 53
7676 6489 16
7676 6489 16
7676 6503 31
7676 6503 9
7676 6503 38
7676 6503 28
7676 6505 39
7676 6505 25
7676 6505 3
7676 6505 50
7676 6309 37
7676 6309 25
7676 6309 49
7676 6309 12
7676 6462 0
7676 6462 24
7676 6462 41
7676 6462 58
7676 6467 41
7676 6467 7
7676 6467 48
7676 6467 22
7676 6480 32
7676 6480 50
7676 6480 52
7676 6480 3
7676 6469 35
7676 6469 1
7676 6469 13
7676 6469 31
6520 6475 24
6520 6475 30
6520 6475 0
6520 6475 35
6520 6474 0
6520 6474 57
6520 6474 45
6520 6474 5
6520 6473 45
6520 6473 20
6520 6473 15
6520 6473 41
6520 6483 50
6520 6483 38
6520 6483 26
6520 6483 4
6520 6472 19
6520 6472 57
6520 6472 39
6520 6472 18
6520 6476 60
6520 6476 54
6520 6476 24
6520 6476 14
6520 6463 21
6520 6463 20
6520 6463 23
6520 6463 55
6520 6481 48
6520 6481 57
6520 6481 59
6520 6481 51
6520 6484 20
6520 6484 4
6520 6484 59
6520 6484 31
6520 6471 21
6520 6471 54
6520 6471 0
6520 6471 22
6520 6485 22
6520 6485 2
6520 6485 25
6520 6485 48
6520 6477 43
6520 6477 25
6520 6477 49
6520 6477 51
6520 6490 51
6520 6490 3
6520 6490 37
6520 6490 2
6520 6461 50
6520 6461 55
6520 6461 31
6520 6461 7
6520 6464 12
6520 6464 34
6520 6464 25
6520 6464 56
6520 6479 7
6520 6479 37
6520 6479 39
6520 6479 46
6520 6482 52
6520 6482 18
6520 6482 12
6520 6482 56
6520 6470 56
6520 6470 4
6520 6470 43
6520 6470 2
6520 6486 40
6520 6486 18
6520 6486 32
6520 6486 58
6520 6488 4
6520 6488 0
6520 6488 39
6520 6488 21
6520 6498 60
6520 6498 4
6520 6498 18
6520 6498 33
6520 6478 56
6520 6478 20
6520 6478 18
6520 6478 39
6520 6426 32
6520 6426 26
6520 6426 9
6520 6426 50
6520 6504 2
6520 6504 22
6520 6504 54
6520 6504 53
6520 6489 14
6520 6489 58
6520 6489 44
6520 6489 44
6520 6503 38
6520 6503 22
6520 6503 51
6520 6503 7
6520 6505 33
6520 6505 29
6520 6505 7
6520 6505 31
6520 6309 32
6520 6309 56
6520 6309 1
6520 6309 6
6520 6462 21
6520 6462 4
6520 6462 29
6520 6462 35
6520 6467 48
6520 6467 33
6520 6467 1
6520 6467 33
6520 6480 19
6520 6480 18
6520 6480 57
6520 6480 8
6520 6469 18
6520 6469 47
6520 6469 40
6520 6469 31
7685 6475 5
7685 6475 42
7685 6475 40
7685 6475 13
7685 6474 39
7685 6474 30
7685 6474 18
7685 6474 27
7685 6473 56
7685 6473 37
7685 6473 57
7685 6473 14
7685 6483 14
7685 6483 27
7685 6483 26
7685 6483 55
7685 6472 4
7685 6472 26
7685 6472 40
7685 6472 13
7685 6476 7
7685 6476 48
7685 6476 0
7685 6476 4
7685 6463 22
7685 6463 17
7685 6463 12
7685 6463 8
7685 6481 12
7685 6481 22
7685 6481 50
7685 6481 22
7685 6484 33
7685 6484 26
7685 6484 25
7685 6484 35
7685 6471 29
7685 6471 38
7685 6471 29
7685 6471 19
7685 6485 17
7685 6485 57
7685 6485 52
7685 6485 8
7685 6477 8
7685 6477 39
7685 6477 29
7685 6477 14
7685 6490 52
7685 6490 40
7685 6490 55
7685 6490 36
7685 6461 34
7685 6461 35
7685 6461 15
7685 6461 47
7685 6464 25
7685 6464 30
7685 6464 14
7685 6464 29
7685 6479 34
7685 6479 49
7685 6479 33
7685 6479 54
7685 6482 47
7685 6482 45
7685 6482 10
7685 6482 20
7685 6470 20
7685 6470 46
7685 6470 52
7685 6470 1
7685 6486 12
7685 6486 58
7685 6486 15
7685 6486 47
7685 6488 19
7685 6488 19
7685 6488 33
7685 6488 2
7685 6498 51
7685 6498 32
7685 6498 7
7685 6498 2
7685 6478 48
7685 6478 13
7685 6478 35
7685 6478 1
7685 6426 22
7685 6426 25
7685 6426 35
7685 6426 33
7685 6504 28
7685 6504 24
7685 6504 60
7685 6504 36
7685 6489 49
7685 6489 60
7685 6489 38
7685 6489 31
7685 6503 31
7685 6503 20
7685 6503 56
7685 6503 13
7685 6505 22
7685 6505 11
7685 6505 9
7685 6505 40
7685 6309 40
7685 6309 31
7685 6309 23
7685 6309 42
7685 6462 34
7685 6462 54
7685 6462 6
7685 6462 34
7685 6467 50
7685 6467 13
7685 6467 27
7685 6467 47
7685 6480 60
7685 6480 2
7685 6480 29
7685 6480 18
7685 6469 9
7685 6469 1
7685 6469 3
7685 6469 24
5925 6475 44
5925 6475 19
5925 6475 35
5925 6475 32
5925 6474 23
5925 6474 44
5925 6474 14
5925 6474 20
5925 6473 40
5925 6473 45
5925 6473 28
5925 6473 58
5925 6483 12
5925 6483 49
5925 6483 48
5925 6483 0
5925 6472 5
5925 6472 41
5925 6472 24
5925 6472 49
5925 6476 20
5925 6476 19
5925 6476 36
5925 6476 14
5925 6463 59
5925 6463 51
5925 6463 21
5925 6463 25
5925 6481 55
5925 6481 60
5925 6481 7
5925 6481 27
5925 6484 46
5925 6484 55
5925 6484 14
5925 6484 17
5925 6471 36
5925 6471 41
5925 6471 51
5925 6471 30
5925 6485 33
5925 6485 17
5925 6485 54
5925 6485 4
5925 6477 31
5925 6477 36
5925 6477 3
5925 6477 22
5925 6490 10
5925 6490 54
5925 6490 46
5925 6490 36
5925 6461 32
5925 6461 32
5925 6461 20
5925 6461 55
5925 6464 22
5925 6464 39
5925 6464 18
5925 6464 41
5925 6479 46
5925 6479 47
5925 6479 14
5925 6479 55
5925 6482 41
5925 6482 22
5925 6482 22
5925 6482 20
5925 6470 26
5925 6470 43
5925 6470 58
5925 6470 30
5925 6486 31
5925 6486 11
5925 6486 19
5925 6486 52
5925 6488 53
5925 6488 10
5925 6488 54
5925 6488 34
5925 6498 6
5925 6498 33
5925 6498 11
5925 6498 9
5925 6478 24
5925 6478 43
5925 6478 34
5925 6478 59
5925 6426 5
5925 6426 51
5925 6426 10
5925 6426 45
5925 6504 35
5925 6504 34
5925 6504 58
5925 6504 52
5925 6489 29
5925 6489 50
5925 6489 25
5925 6489 37
5925 6503 45
5925 6503 4
5925 6503 5
5925 6503 4
5925 6505 39
5925 6505 25
5925 6505 45
5925 6505 0
5925 6309 47
5925 6309 58
5925 6309 38
5925 6309 42
5925 6462 46
5925 6462 49
5925 6462 47
5925 6462 38
5925 6467 28
5925 6467 0
5925 6467 28
5925 6467 22
5925 6480 29
5925 6480 22
5925 6480 4
5925 6480 55
5925 6469 59
5925 6469 40
5925 6469 50
5925 6469 26
9671 6475 41
9671 6475 55
9671 6475 52
9671 6475 50
9671 6474 26
9671 6474 18
9671 6474 3
9671 6474 26
9671 6473 15
9671 6473 26
9671 6473 17
9671 6473 59
9671 6483 15
9671 6483 30
9671 6483 40
9671 6483 19
9671 6472 15
9671 6472 56
9671 6472 7
9671 6472 4
9671 6476 7
9671 6476 38
9671 6476 2
9671 6476 35
9671 6463 5
9671 6463 60
9671 6463 9
9671 6463 12
9671 6481 47
9671 6481 22
9671 6481 52
9671 6481 36
9671 6484 49
9671 6484 29
9671 6484 51
9671 6484 53
9671 6471 14
9671 6471 49
9671 6471 32
9671 6471 7
9671 6485 54
9671 6485 16
9671 6485 46
9671 6485 43
9671 6477 36
9671 6477 3
9671 6477 49
9671 6477 52
9671 6490 60
9671 6490 25
9671 6490 56
9671 6490 18
9671 6461 16
9671 6461 47
9671 6461 26
9671 6461 6
9671 6464 16
9671 6464 39
9671 6464 57
9671 6464 27
9671 6479 39
9671 6479 44
9671 6479 24
9671 6479 10
9671 6482 37
9671 6482 60
9671 6482 53
9671 6482 24
9671 6470 8
9671 6470 55
9671 6470 43
9671 6470 0
9671 6486 3
9671 6486 23
9671 6486 17
9671 6486 20
9671 6488 2
9671 6488 32
9671 6488 12
9671 6488 48
9671 6498 51
9671 6498 7
9671 6498 47
9671 6498 58
9671 6478 55
9671 6478 19
9671 6478 5
9671 6478 47
9671 6426 1
9671 6426 6
9671 6426 36
9671 6426 30
9671 6504 55
9671 6504 11
9671 6504 11
9671 6504 3
9671 6489 42
9671 6489 54
9671 6489 35
9671 6489 36
9671 6503 15
9671 6503 10
9671 6503 28
9671 6503 49
9671 6505 27
9671 6505 53
9671 6505 36
9671 6505 5
9671 6309 1
9671 6309 30
9671 6309 0
9671 6309 13
9671 6462 0
9671 6462 3
9671 6462 14
9671 6462 38
9671 6467 10
9671 6467 8
9671 6467 3
9671 6467 57
9671 6480 17
9671 6480 6
9671 6480 29
9671 6480 40
9671 6469 8
9671 6469 24
9671 6469 1
9671 6469 52
9672 6475 36
9672 6475 53
9672 6475 37
9672 6475 55
9672 6474 41
9672 6474 51
9672 6474 33
9672 6474 55
9672 6473 58
9672 6473 60
9672 6473 19
9672 6473 4
9672 6483 10
9672 6483 52
9672 6483 39
9672 6483 14
9672 6472 53
9672 6472 33
9672 6472 20
9672 6472 20
9672 6476 49
9672 6476 18
9672 6476 38
9672 6476 55
9672 6463 14
9672 6463 34
9672 6463 18
9672 6463 47
9672 6481 22
9672 6481 47
9672 6481 46
9672 6481 48
9672 6484 26
9672 6484 36
9672 6484 30
9672 6484 41
9672 6471 1
9672 6471 58
9672 6471 43
9672 6471 38
9672 6485 35
9672 6485 56
9672 6485 34
9672 6485 54
9672 6477 47
9672 6477 25
9672 6477 58
9672 6477 3
9672 6490 52
9672 6490 42
9672 6490 31
9672 6490 52
9672 6461 29
9672 6461 41
9672 6461 31
9672 6461 55
9672 6464 32
9672 6464 27
9672 6464 9
9672 6464 58
9672 6479 39
9672 6479 57
9672 6479 45
9672 6479 10
9672 6482 50
9672 6482 60
9672 6482 30
9672 6482 43
9672 6470 22
9672 6470 3
9672 6470 36
9672 6470 37
9672 6486 15
9672 6486 23
9672 6486 7
9672 6486 14
9672 6488 5
9672 6488 1
9672 6488 29
9672 6488 12
9672 6498 15
9672 6498 20
9672 6498 43
9672 6498 54
9672 6478 22
9672 6478 38
9672 6478 23
9672 6478 40
9672 6426 13
9672 6426 17
9672 6426 38
9672 6426 24
9672 6504 18
9672 6504 46
9672 6504 24
9672 6504 52
9672 6489 53
9672 6489 57
9672 6489 31
9672 6489 58
9672 6503 31
9672 6503 44
9672 6503 29
9672 6503 19
9672 6505 36
9672 6505 21
9672 6505 33
9672 6505 4
9672 6309 53
9672 6309 7
9672 6309 45
9672 6309 13
9672 6462 58
9672 6462 17
9672 6462 45
9672 6462 35
9672 6467 14
9672 6467 42
9672 6467 37
9672 6467 42
9672 6480 1
9672 6480 38
9672 6480 12
9672 6480 45
9672 6469 39
9672 6469 16
9672 6469 21
9672 6469 39
9674 6475 41
9674 6475 39
9674 6475 21
9674 6475 38
9674 6474 48
9674 6474 23
9674 6474 57
9674 6474 2
9674 6473 28
9674 6473 8
9674 6473 52
9674 6473 43
9674 6483 23
9674 6483 15
9674 6483 1
9674 6483 60
9674 6472 46
9674 6472 57
9674 6472 44
9674 6472 37
9674 6476 46
9674 6476 19
9674 6476 23
9674 6476 17
9674 6463 26
9674 6463 51
9674 6463 10
9674 6463 17
9674 6481 9
9674 6481 59
9674 6481 4
9674 6481 50
9674 6484 20
9674 6484 17
9674 6484 52
9674 6484 58
9674 6471 6
9674 6471 21
9674 6471 24
9674 6471 41
9674 6485 24
9674 6485 1
9674 6485 4
9674 6485 33
9674 6477 50
9674 6477 54
9674 6477 57
9674 6477 57
9674 6490 38
9674 6490 6
9674 6490 29
9674 6490 18
9674 6461 6
9674 6461 9
9674 6461 11
9674 6461 28
9674 6464 5
9674 6464 46
9674 6464 54
9674 6464 43
9674 6479 19
9674 6479 25
9674 6479 59
9674 6479 59
9674 6482 6
9674 6482 4
9674 6482 34
9674 6482 50
9674 6470 43
9674 6470 43
9674 6470 50
9674 6470 14
9674 6486 22
9674 6486 4
9674 6486 17
9674 6486 46
9674 6488 41
9674 6488 45
9674 6488 38
9674 6488 8
9674 6498 3
9674 6498 12
9674 6498 44
9674 6498 7
9674 6478 51
9674 6478 12
9674 6478 59
9674 6478 22
9674 6426 4
9674 6426 15
9674 6426 40
9674 6426 5
9674 6504 60
9674 6504 3
9674 6504 21
9674 6504 37
9674 6489 53
9674 6489 28
9674 6489 40
9674 6489 21
9674 6503 7
9674 6503 58
9674 6503 55
9674 6503 24
9674 6505 12
9674 6505 5
9674 6505 25
9674 6505 4
9674 6309 4
9674 6309 17
9674 6309 20
9674 6309 57
9674 6462 48
9674 6462 34
9674 6462 24
9674 6462 46
9674 6467 13
9674 6467 1
9674 6467 36
9674 6467 59
9674 6480 46
9674 6480 28
9674 6480 38
9674 6480 29
9674 6469 8
9674 6469 26
9674 6469 15
9674 6469 26
6517 6475 41
6517 6475 35
6517 6475 17
6517 6475 59
6517 6474 5
6517 6474 14
6517 6474 48
6517 6474 28
6517 6473 54
6517 6473 44
6517 6473 48
6517 6473 2
6517 6483 29
6517 6483 54
6517 6483 45
6517 6483 52
6517 6472 31
6517 6472 55
6517 6472 40
6517 6472 21
6517 6476 35
6517 6476 21
6517 6476 59
6517 6476 45
6517 6463 31
6517 6463 22
6517 6463 11
6517 6463 49
6517 6481 32
6517 6481 8
6517 6481 24
6517 6481 8
6517 6484 59
6517 6484 43
6517 6484 30
6517 6484 24
6517 6471 35
6517 6471 28
6517 6471 19
6517 6471 43
6517 6485 20
6517 6485 30
6517 6485 4
6517 6485 17
6517 6477 15
6517 6477 1
6517 6477 23
6517 6477 14
6517 6490 43
6517 6490 44
6517 6490 40
6517 6490 26
6517 6461 20
6517 6461 49
6517 6461 1
6517 6461 31
6517 6464 58
6517 6464 39
6517 6464 21
6517 6464 24
6517 6479 52
6517 6479 17
6517 6479 6
6517 6479 48
6517 6482 24
6517 6482 12
6517 6482 3
6517 6482 32
6517 6470 56
6517 6470 13
6517 6470 16
6517 6470 59
6517 6486 27
6517 6486 45
6517 6486 16
6517 6486 32
6517 6488 4
6517 6488 43
6517 6488 37
6517 6488 32
6517 6498 13
6517 6498 12
6517 6498 56
6517 6498 49
6517 6478 25
6517 6478 50
6517 6478 35
6517 6478 7
6517 6426 55
6517 6426 56
6517 6426 12
6517 6426 56
6517 6504 55
6517 6504 29
6517 6504 7
6517 6504 24
6517 6489 11
6517 6489 13
6517 6489 0
6517 6489 2
6517 6503 60
6517 6503 22
6517 6503 20
6517 6503 28
6517 6505 23
6517 6505 32
6517 6505 29
6517 6505 34
6517 6309 22
6517 6309 8
6517 6309 51
6517 6309 40
6517 6462 26
6517 6462 3
6517 6462 8
6517 6462 4
6517 6467 44
6517 6467 13
6517 6467 12
6517 6467 39
6517 6480 17
6517 6480 55
6517 6480 1
6517 6480 21
6517 6469 43
6517 6469 1
6517 6469 46
6517 6469 56
9675 6475 49
9675 6475 24
9675 6475 50
9675 6475 46
9675 6474 17
9675 6474 40
9675 6474 3
9675 6474 22
9675 6473 16
9675 6473 38
9675 6473 20
9675 6473 1
9675 6483 26
9675 6483 59
9675 6483 9
9675 6483 57
9675 6472 12
9675 6472 33
9675 6472 60
9675 6472 21
9675 6476 57
9675 6476 17
9675 6476 43
9675 6476 9
9675 6463 22
9675 6463 50
9675 6463 39
9675 6463 7
9675 6481 11
9675 6481 42
9675 6481 47
9675 6481 8
9675 6484 54
9675 6484 18
9675 6484 46
9675 6484 39
9675 6471 49
9675 6471 29
9675 6471 46
9675 6471 26
9675 6485 19
9675 6485 58
9675 6485 18
9675 6485 13
9675 6477 57
9675 6477 59
9675 6477 36
9675 6477 52
9675 6490 1
9675 6490 52
9675 6490 5
9675 6490 23
9675 6461 3
9675 6461 33
9675 6461 12
9675 6461 47
9675 6464 16
9675 6464 60
9675 6464 17
9675 6464 31
9675 6479 60
9675 6479 17
9675 6479 21
9675 6479 7
9675 6482 38
9675 6482 23
9675 6482 47
9675 6482 52
9675 6470 3
9675 6470 51
9675 6470 8
9675 6470 60
9675 6486 30
9675 6486 24
9675 6486 14
9675 6486 42
9675 6488 9
9675 6488 45
9675 6488 12
9675 6488 32
9675 6498 44
9675 6498 31
9675 6498 54
9675 6498 6
9675 6478 58
9675 6478 16
9675 6478 30
9675 6478 19
9675 6426 42
9675 6426 27
9675 6426 46
9675 6426 39
9675 6504 20
9675 6504 17
9675 6504 7
9675 6504 36
9675 6489 46
9675 6489 41
9675 6489 57
9675 6489 21
9675 6503 31
9675 6503 1
9675 6503 30
9675 6503 3
9675 6505 42
9675 6505 13
9675 6505 34
9675 6505 51
9675 6309 19
9675 6309 25
9675 6309 58
9675 6309 33
9675 6462 39
9675 6462 29
9675 6462 6
9675 6462 47
9675 6467 17
9675 6467 24
9675 6467 30
9675 6467 26
9675 6480 30
9675 6480 22
9675 6480 41
9675 6480 30
9675 6469 55
9675 6469 20
9675 6469 3
9675 6469 0
6519 6475 23
6519 6475 38
6519 6475 47
6519 6475 3
6519 6474 52
6519 6474 55
6519 6474 7
6519 6474 22
6519 6473 51
6519 6473 32
6519 6473 7
6519 6473 12
6519 6483 43
6519 6483 16
6519 6483 8
6519 6483 40
6519 6472 18
6519 6472 60
6519 6472 52
6519 6472 60
6519 6476 21
6519 6476 19
6519 6476 37
6519 6476 26
6519 6463 3
6519 6463 32
6519 6463 24
6519 6463 28
6519 6481 58
6519 6481 47
6519 6481 16
6519 6481 1
6519 6484 48
6519 6484 46
6519 6484 20
6519 6484 35
6519 6471 39
6519 6471 20
6519 6471 36
6519 6471 9
6519 6485 14
6519 6485 21
6519 6485 20
6519 6485 53
6519 6477 14
6519 6477 0
6519 6477 45
6519 6477 34
6519 6490 31
6519 6490 24
6519 6490 12
6519 6490 1
6519 6461 35
6519 6461 30
6519 6461 49
6519 6461 38
6519 6464 8
6519 6464 23
6519 6464 24
6519 6464 4
6519 6479 46
6519 6479 32
6519 6479 26
6519 6479 39
6519 6482 39
6519 6482 18
6519 6482 30
6519 6482 58
6519 6470 13
6519 6470 59
6519 6470 34
6519 6470 26
6519 6486 40
6519 6486 0
6519 6486 41
6519 6486 34
6519 6488 36
6519 6488 56
6519 6488 5
6519 6488 12
6519 6498 54
6519 6498 57
6519 6498 60
6519 6498 41
6519 6478 8
6519 6478 26
6519 6478 34
6519 6478 33
6519 6426 42
6519 6426 47
6519 6426 26
6519 6426 10
6519 6504 11
6519 6504 5
6519 6504 2
6519 6504 13
6519 6489 0
6519 6489 7
6519 6489 60
6519 6489 27
6519 6503 55
6519 6503 4
6519 6503 25
6519 6503 42
6519 6505 12
6519 6505 16
6519 6505 4
6519 6505 46
6519 6309 2
6519 6309 27
6519 6309 21
6519 6309 50
6519 6462 48
6519 6462 59
6519 6462 27
6519 6462 21
6519 6467 39
6519 6467 33
6519 6467 16
6519 6467 30
6519 6480 41
6519 6480 28
6519 6480 12
6519 6480 12
6519 6469 47
6519 6469 7
6519 6469 29
6519 6469 22
6521 6475 54
6521 6475 17
6521 6475 19
6521 6475 23
6521 6474 24
6521 6474 25
6521 6474 41
6521 6474 18
6521 6473 25
6521 6473 7
6521 6473 55
6521 6473 41
6521 6483 33
6521 6483 45
6521 6483 39
6521 6483 59
6521 6472 11
6521 6472 6
6521 6472 19
6521 6472 9
6521 6476 23
6521 6476 29
6521 6476 13
6521 6476 8
6521 6463 32
6521 6463 25
6521 6463 9
6521 6463 29
6521 6481 27
6521 6481 40
6521 6481 44
6521 6481 53
6521 6484 41
6521 6484 14
6521 6484 47
6521 6484 23
6521 6471 54
6521 6471 18
6521 6471 29
6521 6471 8
6521 6485 48
6521 6485 24
6521 6485 25
6521 6485 12
6521 6477 29
6521 6477 33
6521 6477 54
6521 6477 31
6521 6490 38
6521 6490 35
6521 6490 4
6521 6490 34
6521 6461 57
6521 6461 42
6521 6461 10
6521 6461 36
6521 6464 35
6521 6464 50
6521 6464 56
6521 6464 38
6521 6479 31
6521 6479 20
6521 6479 15
6521 6479 2
6521 6482 20
6521 6482 41
6521 6482 34
6521 6482 32
6521 6470 43
6521 6470 44
6521 6470 11
6521 6470 53
6521 6486 25
6521 6486 51
6521 6486 28
6521 6486 47
6521 6488 58
6521 6488 58
6521 6488 15
6521 6488 56
6521 6498 44
6521 6498 33
6521 6498 10
6521 6498 4
6521 6478 34
6521 6478 8
6521 6478 21
6521 6478 15
6521 6426 52
6521 6426 46
6521 6426 14
6521 6426 4
6521 6504 49
6521 6504 14
6521 6504 51
6521 6504 45
6521 6489 37
6521 6489 33
6521 6489 43
6521 6489 13
6521 6503 25
6521 6503 22
6521 6503 0
6521 6503 16
6521 6505 34
6521 6505 59
6521 6505 14
6521 6505 33
6521 6309 13
6521 6309 40
6521 6309 33
6521 6309 38
6521 6462 60
6521 6462 58
6521 6462 27
6521 6462 59
6521 6467 53
6521 6467 17
6521 6467 38
6521 6467 32
6521 6480 10
6521 6480 22
6521 6480 43
6521 6480 32
6521 6469 36
6521 6469 1
6521 6469 54
6521 6469 26
6578 6475 7
6578 6475 32
6578 6475 22
6578 6475 13
6578 6474 47
6578 6474 41
6578 6474 44
6578 6474 20
6578 6473 30
6578 6473 31
6578 6473 17
6578 6473 15
6578 6483 60
6578 6483 51
6578 6483 50
6578 6483 4
6578 6472 57
6578 6472 6
6578 6472 4
6578 6472 37
6578 6476 12
6578 6476 43
6578 6476 55
6578 6476 6
6578 6463 18
6578 6463 54
6578 6463 40
6578 6463 17
6578 6481 6
6578 6481 15
6578 6481 37
6578 6481 24
6578 6484 15
6578 6484 41
6578 6484 23
6578 6484 37
6578 6471 30
6578 6471 30
6578 6471 2
6578 6471 2
6578 6485 45
6578 6485 33
6578 6485 6
6578 6485 14
6578 6477 19
6578 6477 23
6578 6477 32
6578 6477 60
6578 6490 27
6578 6490 35
6578 6490 55
6578 6490 49
6578 6461 2
6578 6461 34
6578 6461 28
6578 6461 12
6578 6464 9
6578 6464 23
6578 6464 10
6578 6464 36
6578 6479 29
6578 6479 45
6578 6479 60
6578 6479 49
6578 6482 5
6578 6482 14
6578 6482 31
6578 6482 10
6578 6470 55
6578 6470 34
6578 6470 58
6578 6470 6
6578 6486 15
6578 6486 33
6578 6486 3
6578 6486 12
6578 6488 37
6578 6488 43
6578 6488 46
6578 6488 4
6578 6498 21
6578 6498 31
6578 6498 14
6578 6498 21
6578 6478 18
6578 6478 43
6578 6478 53
6578 6478 19
6578 6426 44
6578 6426 14
6578 6426 1
6578 6426 7
6578 6504 27
6578 6504 56
6578 6504 47
6578 6504 27
6578 6489 9
6578 6489 59
6578 6489 5
6578 6489 50
6578 6503 13
6578 6503 6
6578 6503 51
6578 6503 56
6578 6505 27
6578 6505 11
6578 6505 33
6578 6505 48
6578 6309 47
6578 6309 7
6578 6309 2
6578 6309 27
6578 6462 24
6578 6462 54
6578 6462 39
6578 6462 25
6578 6467 48
6578 6467 26
6578 6467 24
6578 6467 54
6578 6480 39
6578 6480 53
6578 6480 22
6578 6480 0
6578 6469 57
6578 6469 57
6578 6469 36
6578 6469 45
7687 6475 2
7687 6475 44
7687 6475 25
7687 6475 10
7687 6474 12
7687 6474 13
7687 6474 32
7687 6474 36
7687 6473 40
7687 6473 25
7687 6473 15
7687 6473 26
7687 6483 55
7687 6483 9
7687 6483 36
7687 6483 10
7687 6472 7
7687 6472 48
7687 6472 30
7687 6472 43
7687 6476 5
7687 6476 60
7687 6476 42
7687 6476 47
7687 6463 50
7687 6463 2
7687 6463 43
7687 6463 40
7687 6481 48
7687 6481 5
7687 6481 40
7687 6481 41
7687 6484 52
7687 6484 14
7687 6484 54
7687 6484 52
7687 6471 3
7687 6471 8
7687 6471 19
7687 6471 45
7687 6485 2
7687 6485 6
7687 6485 18
7687 6485 41
7687 6477 7
7687 6477 47
7687 6477 50
7687 6477 6
7687 6490 40
7687 6490 8
7687 6490 23
7687 6490 45
7687 6461 30
7687 6461 12
7687 6461 40
7687 6461 15
7687 6464 50
7687 6464 31
7687 6464 23
7687 6464 24
7687 6479 59
7687 6479 4
7687 6479 45
7687 6479 18
7687 6482 21
7687 6482 5
7687 6482 43
7687 6482 13
7687 6470 15
7687 6470 50
7687 6470 50
7687 6470 43
7687 6486 56
7687 6486 44
7687 6486 52
7687 6486 28
7687 6488 55
7687 6488 15
7687 6488 4
7687 6488 27
7687 6498 24
7687 6498 57
7687 6498 13
7687 6498 9
7687 6478 35
7687 6478 47
7687 6478 38
7687 6478 45
7687 6426 3
7687 6426 54
7687 6426 33
7687 6426 0
7687 6504 55
7687 6504 5
7687 6504 8
7687 6504 50
7687 6489 3
7687 6489 43
7687 6489 23
7687 6489 0
7687 6503 7
7687 6503 41
7687 6503 47
7687 6503 56
7687 6505 16
7687 6505 49
7687 6505 14
7687 6505 12
7687 6309 40
7687 6309 57
7687 6309 45
7687 6309 0
7687 6462 5
7687 6462 34
7687 6462 51
7687 6462 8
7687 6467 20
7687 6467 44
7687 6467 45
7687 6467 35
7687 6480 60
7687 6480 55
7687 6480 55
7687 6480 12
7687 6469 34
7687 6469 23
7687 6469 50
7687 6469 57
6510 6475 13
6510 6475 49
6510 6475 30
6510 6475 20
6510 6474 29
6510 6474 30
6510 6474 44
6510 6474 34
6510 6473 51
6510 6473 29
6510 6473 4
6510 6473 2
6510 6483 26
6510 6483 8
6510 6483 49
6510 6483 2
6510 6472 28
6510 6472 22
6510 6472 12
6510 6472 0
6510 6476 31
6510 6476 44
6510 6476 40
6510 6476 37
6510 6463 41
6510 6463 33
6510 6463 59
6510 6463 16
6510 6481 59
6510 6481 19
6510 6481 47
6510 6481 23
6510 6484 42
6510 6484 16
6510 6484 14
6510 6484 36
6510 6471 6
6510 6471 32
6510 6471 29
6510 6471 24
6510 6485 48
6510 6485 25
6510 6485 27
6510 6485 30
6510 6477 1
6510 6477 44
6510 6477 55
6510 6477 55
6510 6490 44
6510 6490 11
6510 6490 2
6510 6490 9
6510 6461 28
6510 6461 11
6510 6461 44
6510 6461 17
6510 6464 45
6510 6464 58
6510 6464 54
6510 6464 49
6510 6479 43
6510 6479 2
6510 6479 2
6510 6479 34
6510 6482 55
6510 6482 59
6510 6482 14
6510 6482 34
6510 6470 47
6510 6470 51
6510 6470 60
6510 6470 40
6510 6486 50
6510 6486 21
6510 6486 7
6510 6486 13
6510 6488 4
6510 6488 39
6510 6488 4
6510 6488 37
6510 6498 44
6510 6498 26
6510 6498 11
6510 6498 8
6510 6478 38
6510 6478 26
6510 6478 8
6510 6478 42
6510 6426 16
6510 6426 4
6510 6426 22
6510 6426 12
6510 6504 32
6510 6504 21
6510 6504 11
6510 6504 16
6510 6489 24
6510 6489 43
6510 6489 44
6510 6489 59
6510 6503 12
6510 6503 25
6510 6503 56
6510 6503 50
6510 6505 12
6510 6505 37
6510 6505 19
6510 6505 14
6510 6309 53
6510 6309 56
6510 6309 42
6510 6309 6
6510 6462 50
6510 6462 17
6510 6462 46
6510 6462 32
6510 6467 48
6510 6467 22
6510 6467 13
6510 6467 40
6510 6480 14
6510 6480 21
6510 6480 24
6510 6480 45
6510 6469 13
6510 6469 15
6510 6469 43
6510 6469 25
7701 6475 45
7701 6475 32
7701 6475 3
7701 6475 56
7701 6474 19
7701 6474 22
7701 6474 23
7701 6474 49
7701 6473 4
7701 6473 45
7701 6473 19
7701 6473 30
7701 6483 16
7701 6483 59
7701 6483 57
7701 6483 56
7701 6472 2
7701 6472 4
7701 6472 57
7701 6472 50
7701 6476 27
7701 6476 4
7701 6476 2
7701 6476 12
7701 6463 35
7701 6463 29
7701 6463 51
7701 6463 57
7701 6481 52
7701 6481 17
7701 6481 33
7701 6481 23
7701 6484 16
7701 6484 10
7701 6484 37
7701 6484 30
7701 6471 39
7701 6471 34
7701 6471 9
7701 6471 18
7701 6485 42
7701 6485 10
7701 6485 50
7701 6485 47
7701 6477 35
7701 6477 5
7701 6477 46
7701 6477 50
7701 6490 48
7701 6490 21
7701 6490 57
7701 6490 18
7701 6461 3
7701 6461 16
7701 6461 22
7701 6461 17
7701 6464 44
7701 6464 58
7701 6464 60
7701 6464 54
7701 6479 15
7701 6479 25
7701 6479 50
7701 6479 52
7701 6482 16
7701 6482 55
7701 6482 12
7701 6482 45
7701 6470 55
7701 6470 17
7701 6470 2
7701 6470 13
7701 6486 36
7701 6486 8
7701 6486 18
7701 6486 38
7701 6488 42
7701 6488 6
7701 6488 37
7701 6488 27
7701 6498 47
7701 6498 25
7701 6498 27
7701 6498 25
7701 6478 60
7701 6478 58
7701 6478 10
7701 6478 10
7701 6426 45
7701 6426 5
7701 6426 28
7701 6426 32
7701 6504 59
7701 6504 45
7701 6504 19
7701 6504 17
7701 6489 14
7701 6489 46
7701 6489 55
7701 6489 46
7701 6503 12
7701 6503 6
7701 6503 44
7701 6503 0
7701 6505 2
7701 6505 34
7701 6505 16
7701 6505 23
7701 6309 9
7701 6309 55
7701 6309 44
7701 6309 35
7701 6462 30
7701 6462 25
7701 6462 55
7701 6462 13
7701 6467 40
7701 6467 8
7701 6467 27
7701 6467 45
7701 6480 2
7701 6480 52
7701 6480 16
7701 6480 38
7701 6469 20
7701 6469 8
7701 6469 30
7701 6469 0
5924 6475 54
5924 6475 16
5924 6475 41
5924 6475 27
5924 6474 5
5924 6474 7
5924 6474 39
5924 6474 46
5924 6473 30
5924 6473 6
5924 6473 48
5924 6473 60
5924 6483 3
5924 6483 54
5924 6483 20
5924 6483 59
5924 6472 25
5924 6472 1
5924 6472 40
5924 6472 27
5924 6476 20
5924 6476 2
5924 6476 55
5924 6476 29
5924 6463 47
5924 6463 26
5924 6463 30
5924 6463 15
5924 6481 30
5924 6481 35
5924 6481 22
5924 6481 49
5924 6484 31
5924 6484 47
5924 6484 5
5924 6484 25
5924 6471 27
5924 6471 34
5924 6471 1
5924 6471 3
5924 6485 44
5924 6485 0
5924 6485 42
5924 6485 45
5924 6477 32
5924 6477 36
5924 6477 12
5924 6477 5
5924 6490 23
5924 6490 13
5924 6490 6
5924 6490 16
5924 6461 49
5924 6461 27
5924 6461 0
5924 6461 17
5924 6464 53
5924 6464 11
5924 6464 36
5924 6464 10
5924 6479 31
5924 6479 1
5924 6479 59
5924 6479 26
5924 6482 31
5924 6482 22
5924 6482 4
5924 6482 10
5924 6470 34
5924 6470 40
5924 6470 48
5924 6470 9
5924 6486 32
5924 6486 50
5924 6486 15
5924 6486 18
5924 6488 28
5924 6488 27
5924 6488 22
5924 6488 58
5924 6498 34
5924 6498 24
5924 6498 44
5924 6498 31
5924 6478 29
5924 6478 43
5924 6478 29
5924 6478 41
5924 6426 46
5924 6426 43
5924 6426 26
5924 6426 19
5924 6504 43
5924 6504 10
5924 6504 34
5924 6504 4
5924 6489 40
5924 6489 19
5924 6489 32
5924 6489 13
5924 6503 35
5924 6503 55
5924 6503 8
5924 6503 25
5924 6505 33
5924 6505 43
5924 6505 13
5924 6505 5
5924 6309 19
5924 6309 47
5924 6309 4
5924 6309 19
5924 6462 37
5924 6462 16
5924 6462 4
5924 6462 18
5924 6467 23
5924 6467 49
5924 6467 38
5924 6467 32
5924 6480 14
5924 6480 56
5924 6480 44
5924 6480 43
5924 6469 24
5924 6469 30
5924 6469 19
5924 6469 35
5923 6475 38
5923 6475 17
5923 6475 30
5923 6475 35
5923 6474 2
5923 6474 40
5923 6474 51
5923 6474 28
5923 6473 53
5923 6473 35
5923 6473 38
5923 6473 8
5923 6483 55
5923 6483 7
5923 6483 60
5923 6483 43
5923 6472 10
5923 6472 4
5923 6472 13
5923 6472 49
5923 6476 50
5923 6476 58
5923 6476 1
5923 6476 54
5923 6463 58
5923 6463 38
5923 6463 23
5923 6463 28
5923 6481 42
5923 6481 1
5923 6481 25
5923 6481 0
5923 6484 9
5923 6484 54
5923 6484 60
5923 6484 11
5923 6471 0
5923 6471 21
5923 6471 26
5923 6471 17
5923 6485 27
5923 6485 43
5923 6485 0
5923 6485 45
5923 6477 27
5923 6477 47
5923 6477 44
5923 6477 14
5923 6490 45
5923 6490 43
5923 6490 50
5923 6490 4
5923 6461 43
5923 6461 4
5923 6461 14
5923 6461 50
5923 6464 3
5923 6464 46
5923 6464 59
5923 6464 35
5923 6479 41
5923 6479 11
5923 6479 19
5923 6479 24
5923 6482 32
5923 6482 9
5923 6482 25
5923 6482 13
5923 6470 17
5923 6470 36
5923 6470 59
5923 6470 25
5923 6486 6
5923 6486 52
5923 6486 15
5923 6486 22
5923 6488 21
5923 6488 50
5923 6488 8
5923 6488 37
5923 6498 51
5923 6498 44
5923 6498 51
5923 6498 50
5923 6478 39
5923 6478 48
5923 6478 30
5923 6478 55
5923 6426 58
5923 6426 28
5923 6426 55
5923 6426 50
5923 6504 28
5923 6504 50
5923 6504 58
5923 6504 45
5923 6489 3
5923 6489 36
5923 6489 2
5923 6489 29
5923 6503 33
5923 6503 11
5923 6503 5
5923 6503 1
5923 6505 35
5923 6505 18
5923 6505 37
5923 6505 25
5923 6309 22
5923 6309 46
5923 6309 33
5923 6309 27
5923 6462 55
5923 6462 1
5923 6462 38
5923 6462 8
5923 6467 24
5923 6467 22
5923 6467 28
5923 6467 60
5923 6480 12
5923 6480 8
5923 6480 13
5923 6480 50
5923 6469 50
5923 6469 35
5923 6469 48
5923 6469 13
9669 6475 58
9669 6475 53
9669 6475 23
9669 6475 39
9669 6474 26
9669 6474 16
9669 6474 47
9669 6474 21
9669 6473 4
9669 6473 21
9669 6473 46
9669 6473 20
9669 6483 58
9669 6483 43
9669 6483 31
9669 6483 32
9669 6472 20
9669 6472 48
9669 6472 55
9669 6472 51
9669 6476 48
9669 6476 27
9669 6476 1
9669 6476 42
9669 6463 44
9669 6463 35
9669 6463 16
9669 6463 45
9669 6481 15
9669 6481 30
9669 6481 33
9669 6481 34
9669 6484 55
9669 6484 1
9669 6484 51
9669 6484 32
9669 6471 52
9669 6471 29
9669 6471 41
9669 6471 23
9669 6485 19
9669 6485 8
9669 6485 38
9669 6485 11
9669 6477 41
9669 6477 21
9669 6477 13
9669 6477 54
9669 6490 38
9669 6490 19
9669 6490 22
9669 6490 33
9669 6461 43
9669 6461 30
9669 6461 8
9669 6461 17
9669 6464 0
9669 6464 38
9669 6464 58
9669 6464 33
9669 6479 49
9669 6479 46
9669 6479 6
9669 6479 58
9669 6482 52
9669 6482 25
9669 6482 4
9669 6482 6
9669 6470 49
9669 6470 54
9669 6470 53
9669 6470 29
9669 6486 44
9669 6486 14
9669 6486 34
9669 6486 31
9669 6488 45
9669 6488 50
9669 6488 12
9669 6488 26
9669 6498 8
9669 6498 44
9669 6498 29
9669 6498 6
9669 6478 38
9669 6478 37
9669 6478 46
9669 6478 10
9669 6426 34
9669 6426 33
9669 6426 54
9669 6426 37
9669 6504 27
9669 6504 9
9669 6504 15
9669 6504 19
9669 6489 35
9669 6489 42
9669 6489 20
9669 6489 49
9669 6503 26
9669 6503 11
9669 6503 52
9669 6503 57
9669 6505 32
9669 6505 45
9669 6505 22
9669 6505 12
9669 6309 29
9669 6309 41
9669 6309 54
9669 6309 43
9669 6462 57
9669 6462 1
9669 6462 26
9669 6462 9
9669 6467 59
9669 6467 54
9669 6467 59
9669 6467 32
9669 6480 56
9669 6480 42
9669 6480 51
9669 6480 39
9669 6469 43
9669 6469 19
9669 6469 19
9669 6469 27
6515 6475 6
6515 6475 47
6515 6475 60
6515 6475 43
6515 6474 53
6515 6474 38
6515 6474 25
6515 6474 10
6515 6473 13
6515 6473 52
6515 6473 32
6515 6473 43
6515 6483 15
6515 6483 8
6515 6483 35
6515 6483 12
6515 6472 44
6515 6472 58
6515 6472 28
6515 6472 3
6515 6476 20
6515 6476 57
6515 6476 8
6515 6476 29
6515 6463 22
6515 6463 22
6515 6463 9
6515 6463 53
6515 6481 9
6515 6481 58
6515 6481 0
6515 6481 54
6515 6484 12
6515 6484 40
6515 6484 60
6515 6484 49
6515 6471 47
6515 6471 41
6515 6471 10
6515 6471 25
6515 6485 33
6515 6485 60
6515 6485 53
6515 6485 13
6515 6477 35
6515 6477 48
6515 6477 48
6515 6477 10
6515 6490 55
6515 6490 31
6515 6490 52
6515 6490 46
6515 6461 36
6515 6461 26
6515 6461 50
6515 6461 50
6515 6464 56
6515 6464 47
6515 6464 38
6515 6464 46
6515 6479 39
6515 6479 57
6515 6479 5
6515 6479 6
6515 6482 47
6515 6482 3
6515 6482 49
6515 6482 52
6515 6470 49
6515 6470 51
6515 6470 15
6515 6470 8
6515 6486 58
6515 6486 44
6515 6486 59
6515 6486 52
6515 6488 25
6515 6488 50
6515 6488 37
6515 6488 37
6515 6498 44
6515 6498 45
6515 6498 39
6515 6498 42
6515 6478 2
6515 6478 32
6515 6478 19
6515 6478 26
6515 6426 35
6515 6426 30
6515 6426 56
6515 6426 7
6515 6504 43
6515 6504 1
6515 6504 40
6515 6504 60
6515 6489 60
6515 6489 15
6515 6489 13
6515 6489 43
6515 6503 42
6515 6503 10
6515 6503 48
6515 6503 21
6515 6505 46
6515 6505 1
6515 6505 56
6515 6505 2
6515 6309 28
6515 6309 19
6515 6309 2
6515 6309 54
6515 6462 16
6515 6462 8
6515 6462 28
6515 6462 44
6515 6467 14
6515 6467 52
6515 6467 13
6515 6467 35
6515 6480 8
6515 6480 11
6515 6480 42
6515 6480 31
6515 6469 1
6515 6469 51
6515 6469 30
6515 6469 41
6514 6475 56
6514 6475 13
6514 6475 19
6514 6475 39
6514 6474 2
6514 6474 10
6514 6474 45
6514 6474 24
6514 6473 44
6514 6473 49
6514 6473 7
6514 6473 35
6514 6483 16
6514 6483 21
6514 6483 1
6514 6483 53
6514 6472 41
6514 6472 1
6514 6472 50
6514 6472 49
6514 6476 6
6514 6476 32
6514 6476 28
6514 6476 49
6514 6463 5
6514 6463 43
6514 6463 24
6514 6463 40
6514 6481 7
6514 6481 46
6514 6481 37
6514 6481 39
6514 6484 24
6514 6484 3
6514 6484 1
6514 6484 21
6514 6471 15
6514 6471 20
6514 6471 52
6514 6471 60
6514 6485 38
6514 6485 35
6514 6485 49
6514 6485 33
6514 6477 44
6514 6477 53
6514 6477 12
6514 6477 47
6514 6490 36
6514 6490 17
6514 6490 28
6514 6490 7
6514 6461 22
6514 6461 12
6514 6461 2
6514 6461 8
6514 6464 8
6514 6464 0
6514 6464 37
6514 6464 8
6514 6479 55
6514 6479 58
6514 6479 49
6514 6479 15
6514 6482 6
6514 6482 27
6514 6482 56
6514 6482 15
6514 6470 38
6514 6470 52
6514 6470 38
6514 6470 1
6514 6486 13
6514 6486 22
6514 6486 54
6514 6486 37
6514 6488 15
6514 6488 4
6514 6488 53
6514 6488 26
6514 6498 26
6514 6498 54
6514 6498 20
6514 6498 9
6514 6478 50
6514 6478 31
6514 6478 1
6514 6478 50
6514 6426 3
6514 6426 51
6514 6426 27
6514 6426 13
6514 6504 22
6514 6504 33
6514 6504 56
6514 6504 35
6514 6489 25
6514 6489 25
6514 6489 11
6514 6489 16
6514 6503 27
6514 6503 16
6514 6503 22
6514 6503 14
6514 6505 2
6514 6505 41
6514 6505 17
6514 6505 3
6514 6309 20
6514 6309 49
6514 6309 55
6514 6309 49
6514 6462 17
6514 6462 51
6514 6462 17
6514 6462 3
6514 6467 11
6514 6467 48
6514 6467 2
6514 6467 0
6514 6480 36
6514 6480 19
6514 6480 18
6514 6480 15
6514 6469 17
6514 6469 6
6514 6469 24
6514 6469 49
9670 6475 55
9670 6475 4
9670 6475 16
9670 6475 13
9670 6474 6
9670 6474 39
9670 6474 21
9670 6474 29
9670 6473 27
9670 6473 6
9670 6473 47
9670 6473 26
9670 6483 44
9670 6483 43
9670 6483 34
9670 6483 30
9670 6472 12
9670 6472 51
9670 6472 48
9670 6472 41
9670 6476 45
9670 6476 17
9670 6476 12
9670 6476 18
9670 6463 43
9670 6463 0
9670 6463 18
9670 6463 5
9670 6481 51
9670 6481 33
9670 6481 42
9670 6481 59
9670 6484 36
9670 6484 42
9670 6484 24
9670 6484 11
9670 6471 13
9670 6471 47
9670 6471 17
9670 6471 40
9670 6485 54
9670 6485 60
9670 6485 60
9670 6485 10
9670 6477 29
9670 6477 28
9670 6477 12
9670 6477 34
9670 6490 46
9670 6490 16
9670 6490 31
9670 6490 56
9670 6461 27
9670 6461 21
9670 6461 29
9670 6461 49
9670 6464 40
9670 6464 48
9670 6464 17
9670 6464 25
9670 6479 36
9670 6479 16
9670 6479 27
9670 6479 27
9670 6482 28
9670 6482 20
9670 6482 19
9670 6482 48
9670 6470 20
9670 6470 23
9670 6470 54
9670 6470 34
9670 6486 28
9670 6486 3
9670 6486 28
9670 6486 43
9670 6488 43
9670 6488 2
9670 6488 9
9670 6488 0
9670 6498 49
9670 6498 37
9670 6498 49
9670 6498 36
9670 6478 19
9670 6478 59
9670 6478 8
9670 6478 44
9670 6426 28
9670 6426 16
9670 6426 19
9670 6426 25
9670 6504 31
9670 6504 17
9670 6504 10
9670 6504 14
9670 6489 6
9670 6489 22
9670 6489 15
9670 6489 47
9670 6503 31
9670 6503 29
9670 6503 36
9670 6503 28
9670 6505 52
9670 6505 46
9670 6505 35
9670 6505 56
9670 6309 27
9670 6309 42
9670 6309 37
9670 6309 59
9670 6462 12
9670 6462 47
9670 6462 6
9670 6462 49
9670 6467 26
9670 6467 38
9670 6467 27
9670 6467 29
9670 6480 27
9670 6480 10
9670 6480 55
9670 6480 53
9670 6469 18
9670 6469 41
9670 6469 6
9670 6469 44
6513 6475 23
6513 6475 41
6513 6475 56
6513 6475 53
6513 6474 1
6513 6474 50
6513 6474 49
6513 6474 5
6513 6473 26
6513 6473 24
6513 6473 36
6513 6473 50
6513 6483 12
6513 6483 49
6513 6483 1
6513 6483 14
6513 6472 57
6513 6472 51
6513 6472 29
6513 6472 57
6513 6476 46
6513 6476 43
6513 6476 6
6513 6476 10
6513 6463 13
6513 6463 20
6513 6463 56
6513 6463 8
6513 6481 55
6513 6481 4
6513 6481 0
6513 6481 10
6513 6484 9
6513 6484 60
6513 6484 45
6513 6484 48
6513 6471 26
6513 6471 36
6513 6471 13
6513 6471 47
6513 6485 1
6513 6485 41
6513 6485 30
6513 6485 14
6513 6477 5
6513 6477 7
6513 6477 18
6513 6477 50
6513 6490 38
6513 6490 14
6513 6490 59
6513 6490 47
6513 6461 36
6513 6461 44
6513 6461 51
6513 6461 40
6513 6464 54
6513 6464 30
6513 6464 38
6513 6464 19
6513 6479 45
6513 6479 20
6513 6479 33
6513 6479 19
6513 6482 12
6513 6482 2
6513 6482 56
6513 6482 0
6513 6470 39
6513 6470 53
6513 6470 46
6513 6470 31
6513 6486 58
6513 6486 32
6513 6486 10
6513 6486 51
6513 6488 17
6513 6488 58
6513 6488 30
6513 6488 5
6513 6498 60
6513 6498 15
6513 6498 26
6513 6498 26
6513 6478 57
6513 6478 58
6513 6478 51
6513 6478 24
6513 6426 0
6513 6426 2
6513 6426 42
6513 6426 4
6513 6504 4
6513 6504 41
6513 6504 36
6513 6504 7
6513 6489 24
6513 6489 37
6513 6489 49
6513 6489 30
6513 6503 7
6513 6503 13
6513 6503 34
6513 6503 50
6513 6505 17
6513 6505 28
6513 6505 57
6513 6505 58
6513 6309 23
6513 6309 46
6513 6309 33
6513 6309 7
6513 6462 0
6513 6462 17
6513 6462 18
6513 6462 34
6513 6467 55
6513 6467 14
6513 6467 19
6513 6467 36
6513 6480 23
6513 6480 59
6513 6480 15
6513 6480 9
6513 6469 52
6513 6469 25
6513 6469 57
6513 6469 6
6508 6475 46
6508 6475 15
6508 6475 50
6508 6475 15
6508 6474 6
6508 6474 44
6508 6474 13
6508 6474 47
6508 6473 6
6508 6473 36
6508 6473 38
6508 6473 53
6508 6483 30
6508 6483 39
6508 6483 5
6508 6483 4
6508 6472 32
6508 6472 53
6508 6472 55
6508 6472 15
6508 6476 25
6508 6476 1
6508 6476 13
6508 6476 53
6508 6463 18
6508 6463 12
6508 6463 13
6508 6463 45
6508 6481 44
6508 6481 0
6508 6481 26
6508 6481 28
6508 6484 39
6508 6484 31
6508 6484 17
6508 6484 21
6508 6471 18
6508 6471 31
6508 6471 60
6508 6471 49
6508 6485 48
6508 6485 37
6508 6485 37
6508 6485 30
6508 6477 7
6508 6477 31
6508 6477 46
6508 6477 20
6508 6490 49
6508 6490 33
6508 6490 54
6508 6490 8
6508 6461 57
6508 6461 14
6508 6461 7
6508 6461 38
6508 6464 14
6508 6464 39
6508 6464 7
6508 6464 26
6508 6479 31
6508 6479 38
6508 6479 36
6508 6479 49
6508 6482 50
6508 6482 16
6508 6482 56
6508 6482 49
6508 6470 21
6508 6470 56
6508 6470 59
6508 6470 59
6508 6486 25
6508 6486 14
6508 6486 13
6508 6486 13
6508 6488 27
6508 6488 42
6508 6488 52
6508 6488 46
6508 6498 42
6508 6498 49
6508 6498 17
6508 6498 0
6508 6478 19
6508 6478 37
6508 6478 41
6508 6478 26
6508 6426 11
6508 6426 43
6508 6426 21
6508 6426 10
6508 6504 37
6508 6504 31
6508 6504 5
6508 6504 16
6508 6489 24
6508 6489 50
6508 6489 22
6508 6489 35
6508 6503 16
6508 6503 47
6508 6503 50
6508 6503 34
6508 6505 1
6508 6505 58
6508 6505 38
6508 6505 30
6508 6309 39
6508 6309 57
6508 6309 58
6508 6309 8
6508 6462 51
6508 6462 34
6508 6462 18
6508 6462 2
6508 6467 9
6508 6467 45
6508 6467 11
6508 6467 3
6508 6480 52
6508 6480 27
6508 6480 37
6508 6480 58
6508 6469 22
6508 6469 50
6508 6469 34
6508 6469 5
6576 6475 30
6576 6475 10
6576 6475 6
6576 6475 1
6576 6474 37
6576 6474 8
6576 6474 51
6576 6474 38
6576 6473 26
6576 6473 16
6576 6473 31
6576 6473 9
6576 6483 42
6576 6483 24
6576 6483 50
6576 6483 25
6576 6472 55
6576 6472 35
6576 6472 1
6576 6472 44
6576 6476 54
6576 6476 39
6576 6476 35
6576 6476 49
6576 6463 25
6576 6463 23
6576 6463 17
6576 6463 5
6576 6481 11
6576 6481 32
6576 6481 38
6576 6481 13
6576 6484 46
6576 6484 54
6576 6484 41
6576 6484 13
6576 6471 25
6576 6471 22
6576 6471 40
6576 6471 47
6576 6485 59
6576 6485 14
6576 6485 34
6576 6485 23
6576 6477 53
6576 6477 10
6576 6477 11
6576 6477 58
6576 6490 29
6576 6490 55
6576 6490 54
6576 6490 13
6576 6461 26
6576 6461 32
6576 6461 39
6576 6461 44
6576 6464 15
6576 6464 60
6576 6464 44
6576 6464 33
6576 6479 40
6576 6479 29
6576 6479 56
6576 6479 26
6576 6482 9
6576 6482 29
6576 6482 38
6576 6482 12
6576 6470 42
6576 6470 32
6576 6470 26
6576 6470 47
6576 6486 30
6576 6486 39
6576 6486 13
6576 6486 2
6576 6488 58
6576 6488 41
6576 6488 38
6576 6488 32
6576 6498 52
6576 6498 5
6576 6498 19
6576 6498 45
6576 6478 45
6576 6478 39
6576 6478 49
6576 6478 60
6576 6426 10
6576 6426 2
6576 6426 24
6576 6426 7
6576 6504 49
6576 6504 42
6576 6504 22
6576 6504 24
6576 6489 54
6576 6489 39
6576 6489 34
6576 6489 56
6576 6503 49
6576 6503 28
6576 6503 43
6576 6503 56
6576 6505 3
6576 6505 11
6576 6505 59
6576 6505 17
6576 6309 10
6576 6309 32
6576 6309 54
6576 6309 13
6576 6462 3
6576 6462 1
6576 6462 50
6576 6462 33
6576 6467 47
6576 6467 7
6576 6467 39
6576 6467 28
6576 6480 41
6576 6480 47
6576 6480 46
6576 6480 28
6576 6469 3
6576 6469 50
6576 6469 13
6576 6469 11
6577 6475 16
6577 6475 21
6577 6475 45
6577 6475 51
6577 6474 31
6577 6474 21
6577 6474 5
6577 6474 22
6577 6473 58
6577 6473 2
6577 6473 1
6577 6473 37
6577 6483 58
6577 6483 35
6577 6483 19
6577 6483 49
6577 6472 30
6577 6472 8
6577 6472 40
6577 6472 40
6577 6476 60
6577 6476 44
6577 6476 13
6577 6476 48
6577 6463 20
6577 6463 48
6577 6463 15
6577 6463 10
6577 6481 6
6577 6481 7
6577 6481 58
6577 6481 45
6577 6484 52
6577 6484 38
6577 6484 37
6577 6484 42
6577 6471 24
6577 6471 20
6577 6471 25
6577 6471 57
6577 6485 3
6577 6485 8
6577 6485 46
6577 6485 22
6577 6477 7
6577 6477 60
6577 6477 59
6577 6477 27
6577 6490 38
6577 6490 22
6577 6490 9
6577 6490 48
6577 6461 5
6577 6461 43
6577 6461 9
6577 6461 27
6577 6464 57
6577 6464 32
6577 6464 46
6577 6464 7
6577 6479 7
6577 6479 47
6577 6479 25
6577 6479 35
6577 6482 52
6577 6482 7
6577 6482 38
6577 6482 5
6577 6470 9
6577 6470 18
6577 6470 60
6577 6470 57
6577 6486 2
6577 6486 44
6577 6486 20
6577 6486 20
6577 6488 38
6577 6488 15
6577 6488 19
6577 6488 38
6577 6498 33
6577 6498 45
6577 6498 9
6577 6498 8
6577 6478 50
6577 6478 26
6577 6478 33
6577 6478 23
6577 6426 21
6577 6426 58
6577 6426 60
6577 6426 33
6577 6504 27
6577 6504 26
6577 6504 42
6577 6504 60
6577 6489 54
6577 6489 26
6577 6489 48
6577 6489 40
6577 6503 5
6577 6503 57
6577 6503 12
6577 6503 38
6577 6505 52
6577 6505 16
6577 6505 47
6577 6505 47
6577 6309 55
6577 6309 0
6577 6309 7
6577 6309 10
6577 6462 0
6577 6462 15
6577 6462 1
6577 6462 47
6577 6467 35
6577 6467 53
6577 6467 56
6577 6467 9
6577 6480 7
6577 6480 36
6577 6480 0
6577 6480 9
6577 6469 37
6577 6469 44
6577 6469 18
6577 6469 53
