7434 7556 28
7434 7554 14
7434 7549 0
7434 7560 22
7434 7552 42
7434 7555 22
7434 7547 40
7434 7548 52
7434 9169 58
7434 6656 56
7434 9168 40
7434 7553 37
7434 7557 33
7434 7568 47
7434 6655 27
7434 7546 36
7434 7559 1
7434 7551 40
7434 9170 17
7434 6652 35
7434 9167 46
7434 7561 17
7434 7573 34
7434 7558 17
7434 7567 1
7434 7575 50
7434 6651 40
7434 7550 20
7434 7562 54
7434 7397 41
7434 9171 29
7434 6647 53
7412 7556 21
7412 7554 7
7412 7549 16
7412 7560 57
7412 7552 8
7412 7555 25
7412 7547 11
7412 7548 4
7412 9169 47
7412 6656 16
7412 9168 54
7412 7553 24
7412 7557 33
7412 7568 12
7412 6655 50
7412 7546 13
7412 7559 42
7412 7551 24
7412 9170 12
7412 6652 2
7412 9167 53
7412 7561 38
7412 7573 45
7412 7558 0
7412 7567 51
7412 7575 41
7412 6651 4
7412 7550 49
7412 7562 56
7412 7397 26
7412 9171 56
7412 6647 33
7431 7556 40
7431 7554 15
7431 7549 18
7431 7560 49
7431 7552 52
7431 7555 57
7431 7547 40
7431 7548 42
7431 9169 14
7431 6656 35
7431 9168 21
7431 7553 36
7431 7557 52
7431 7568 51
7431 6655 15
7431 7546 28
7431 7559 59
7431 7551 38
7431 9170 17
7431 6652 37
7431 9167 19
7431 7561 38
7431 7573 26
7431 7558 5
7431 7567 32
7431 7575 21
7431 6651 19
7431 7550 10
7431 7562 15
7431 7397 49
7431 9171 29
7431 6647 40
7435 7556 4
7435 7554 49
7435 7549 31
7435 7560 42
7435 7552 3
7435 7555 0
7435 7547 5
7435 7548 38
7435 9169 35
7435 6656 5
7435 9168 44
7435 7553 2
7435 7557 46
7435 7568 36
7435 6655 46
7435 7546 34
7435 7559 23
7435 7551 37
7435 9170 39
7435 6652 22
7435 9167 17
7435 7561 17
7435 7573 24
7435 7558 57
7435 7567 44
7435 7575 22
7435 6651 12
7435 7550 55
7435 7562 53
7435 7397 13
7435 9171 8
7435 6647 49
7436 7556 15
7436 7554 27
7436 7549 12
7436 7560 21
7436 7552 14
7436 7555 34
7436 7547 31
7436 7548 34
7436 9169 22
7436 6656 48
7436 9168 47
7436 7553 15
7436 7557 17
7436 7568 30
7436 6655 60
7436 7546 8
7436 7559 25
7436 7551 24
7436 9170 8
7436 6652 58
7436 9167 38
7436 7561 59
7436 7573 0
7436 7558 30
7436 7567 23
7436 7575 8
7436 6651 43
7436 7550 2
7436 7562 31
7436 7397 27
7436 9171 44
7436 6647 15
7410 7556 33
7410 7554 49
7410 7549 47
7410 7560 43
7410 7552 58
7410 7555 23
7410 7547 21
7410 7548 38
7410 9169 42
7410 6656 36
7410 9168 39
7410 7553 22
7410 7557 32
7410 7568 29
7410 6655 53
7410 7546 19
7410 7559 20
7410 7551 19
7410 9170 35
7410 6652 54
7410 9167 24
7410 7561 51
7410 7573 12
7410 7558 58
7410 7567 11
7410 7575 41
7410 6651 8
7410 7550 57
7410 7562 43
7410 7397 58
7410 9171 14
7410 6647 4
7403 7556 23
7403 7554 56
7403 7549 18
7403 7560 8
7403 7552 54
7403 7555 35
7403 7547 45
7403 7548 39
7403 9169 43
7403 6656 38
7403 9168 12
7403 7553 3
7403 7557 39
7403 7568 54
7403 6655 51
7403 7546 9
7403 7559 16
7403 7551 18
7403 9170 44
7403 6652 1
7403 9167 13
7403 7561 21
7403 7573 6
7403 7558 10
7403 7567 59
7403 7575 60
7403 6651 40
7403 7550 34
7403 7562 7
7403 7397 7
7403 9171 11
7403 6647 50
7401 7556 14
7401 7554 25
7401 7549 49
7401 7560 26
7401 7552 13
7401 7555 50
7401 7547 22
7401 7548 3
7401 9169 14
7401 6656 40
7401 9168 56
7401 7553 26
7401 7557 58
7401 7568 51
7401 6655 19
7401 7546 21
7401 7559 16
7401 7551 50
7401 9170 28
7401 6652 13
7401 9167 23
7401 7561 44
7401 7573 4
7401 7558 37
7401 7567 10
7401 7575 40
7401 6651 19
7401 7550 59
7401 7562 57
7401 7397 49
7401 9171 16
7401 6647 30
7430 7556 54
7430 7554 31
7430 7549 46
7430 7560 18
7430 7552 34
7430 7555 40
7430 7547 36
7430 7548 54
7430 9169 50
7430 6656 42
7430 9168 4
7430 7553 57
7430 7557 9
7430 7568 34
7430 6655 55
7430 7546 60
7430 7559 59
7430 7551 49
7430 9170 13
7430 6652 8
7430 9167 20
7430 7561 17
7430 7573 4
7430 7558 50
7430 7567 6
7430 7575 7
7430 6651 14
7430 7550 38
7430 7562 5
7430 7397 14
7430 9171 58
7430 6647 45
7433 7556 56
7433 7554 11
7433 7549 2
7433 7560 12
7433 7552 58
7433 7555 33
7433 7547 43
7433 7548 5
7433 9169 8
7433 6656 13
7433 9168 40
7433 7553 32
7433 7557 5
7433 7568 45
7433 6655 9
7433 7546 50
7433 7559 11
7433 7551 28
7433 9170 5
7433 6652 55
7433 9167 6
7433 7561 59
7433 7573 3
7433 7558 33
7433 7567 46
7433 7575 27
7433 6651 12
7433 7550 7
7433 7562 10
7433 7397 21
7433 9171 30
7433 6647 18
7429 7556 45
7429 7554 33
7429 7549 18
7429 7560 16
7429 7552 22
7429 7555 48
7429 7547 18
7429 7548 30
7429 9169 8
7429 6656 35
7429 9168 54
7429 7553 3
7429 7557 39
7429 7568 40
7429 6655 51
7429 7546 56
7429 7559 48
7429 7551 27
7429 9170 44
7429 6652 58
7429 9167 38
7429 7561 25
7429 7573 59
7429 7558 46
7429 7567 37
7429 7575 14
7429 6651 23
7429 7550 34
7429 7562 8
7429 7397 5
7429 9171 2
7429 6647 57
7437 7556 15
7437 7554 6
7437 7549 35
7437 7560 5
7437 7552 20
7437 7555 32
7437 7547 4
7437 7548 41
7437 9169 1
7437 6656 34
7437 9168 59
7437 7553 49
7437 7557 54
7437 7568 22
7437 6655 28
7437 7546 7
7437 7559 40
7437 7551 19
7437 9170 3
7437 6652 43
7437 9167 16
7437 7561 6
7437 7573 24
7437 7558 10
7437 7567 4
7437 7575 13
7437 6651 53
7437 7550 20
7437 7562 21
7437 7397 40
7437 9171 19
7437 6647 12
7444 7556 59
7444 7554 29
7444 7549 27
7444 7560 23
7444 7552 1
7444 7555 35
7444 7547 33
7444 7548 57
7444 9169 33
7444 6656 23
7444 9168 3
7444 7553 55
7444 7557 43
7444 7568 27
7444 6655 25
7444 7546 30
7444 7559 40
7444 7551 45
7444 9170 12
7444 6652 46
7444 9167 35
7444 7561 24
7444 7573 23
7444 7558 57
7444 7567 48
7444 7575 54
7444 6651 54
7444 7550 54
7444 7562 40
7444 7397 38
7444 9171 37
7444 6647 0
7411 7556 7
7411 7554 19
7411 7549 6
7411 7560 2
7411 7552 24
7411 7555 22
7411 7547 7
7411 7548 21
7411 9169 10
7411 6656 31
7411 9168 3
7411 7553 15
7411 7557 20
7411 7568 3
7411 6655 30
7411 7546 33
7411 7559 56
7411 7551 41
7411 9170 34
7411 6652 12
7411 9167 7
7411 7561 52
7411 7573 24
7411 7558 31
7411 7567 33
7411 7575 28
7411 6651 51
7411 7550 22
7411 7562 30
7411 7397 49
7411 9171 26
7411 6647 55
7400 7556 28
7400 7554 55
7400 7549 40
7400 7560 24
7400 7552 35
7400 7555 21
7400 7547 0
7400 7548 4
7400 9169 55
7400 6656 17
7400 9168 26
7400 7553 28
7400 7557 28
7400 7568 34
7400 6655 24
7400 7546 32
7400 7559 53
7400 7551 19
7400 9170 56
7400 6652 33
7400 9167 59
7400 7561 33
7400 7573 52
7400 7558 0
7400 7567 17
7400 7575 10
7400 6651 55
7400 7550 40
7400 7562 30
7400 7397 0
7400 9171 42
7400 6647 14
7390 7556 53
7390 7554 60
7390 7549 47
7390 7560 43
7390 7552 10
7390 7555 47
7390 7547 33
7390 7548 49
7390 9169 19
7390 6656 20
7390 9168 34
7390 7553 10
7390 7557 5
7390 7568 41
7390 6655 3
7390 7546 13
7390 7559 34
7390 7551 46
7390 9170 22
7390 6652 46
7390 9167 4
7390 7561 7
7390 7573 43
7390 7558 25
7390 7567 18
7390 7575 58
7390 6651 36
7390 7550 38
7390 7562 10
7390 7397 32
7390 9171 46
7390 6647 13
7402 7556 26
7402 7554 0
7402 7549 12
7402 7560 51
7402 7552 22
7402 7555 40
7402 7547 40
7402 7548 50
7402 9169 13
7402 6656 5
7402 9168 11
7402 7553 16
7402 7557 50
7402 7568 14
7402 6655 12
7402 7546 57
7402 7559 54
7402 7551 2
7402 9170 52
7402 6652 44
7402 9167 10
7402 7561 57
7402 7573 37
7402 7558 51
7402 7567 51
7402 7575 16
7402 6651 34
7402 7550 4
7402 7562 59
7402 7397 53
7402 9171 6
7402 6647 29
7432 7556 51
7432 7554 36
7432 7549 38
7432 7560 8
7432 7552 46
7432 7555 46
7432 7547 0
7432 7548 60
7432 9169 10
7432 6656 9
7432 9168 14
7432 7553 50
7432 7557 31
7432 7568 25
7432 6655 43
7432 7546 18
7432 7559 54
7432 7551 42
7432 9170 11
7432 6652 47
7432 9167 59
7432 7561 8
7432 7573 56
7432 7558 34
7432 7567 55
7432 7575 21
7432 6651 50
7432 7550 16
7432 7562 14
7432 7397 6
7432 9171 20
7432 6647 44
7427 7556 14
7427 7554 20
7427 7549 52
7427 7560 43
7427 7552 38
7427 7555 25
7427 7547 6
7427 7548 37
7427 9169 57
7427 6656 23
7427 9168 35
7427 7553 59
7427 7557 11
7427 7568 52
7427 6655 43
7427 7546 40
7427 7559 31
7427 7551 50
7427 9170 22
7427 6652 58
7427 9167 35
7427 7561 42
7427 7573 28
7427 7558 1
7427 7567 2
7427 7575 35
7427 6651 20
7427 7550 54
7427 7562 51
7427 7397 56
7427 9171 34
7427 6647 0
7426 7556 32
7426 7554 8
7426 7549 41
7426 7560 46
7426 7552 14
7426 7555 60
7426 7547 25
7426 7548 45
7426 9169 14
7426 6656 39
7426 9168 21
7426 7553 0
7426 7557 29
7426 7568 3
7426 6655 23
7426 7546 52
7426 7559 17
7426 7551 5
7426 9170 19
7426 6652 42
7426 9167 40
7426 7561 57
7426 7573 27
7426 7558 10
7426 7567 43
7426 7575 1
7426 6651 46
7426 7550 49
7426 7562 13
7426 7397 49
7426 9171 19
7426 6647 26
7438 7556 42
7438 7554 38
7438 7549 55
7438 7560 43
7438 7552 10
7438 7555 4
7438 7547 48
7438 7548 45
7438 9169 30
7438 6656 33
7438 9168 35
7438 7553 7
7438 7557 60
7438 7568 6
7438 6655 55
7438 7546 24
7438 7559 48
7438 7551 2
7438 9170 19
7438 6652 14
7438 9167 32
7438 7561 50
7438 7573 6
7438 7558 35
7438 7567 30
7438 7575 55
7438 6651 0
7438 7550 17
7438 7562 23
7438 7397 51
7438 9171 10
7438 6647 33
7443 7556 57
7443 7554 0
7443 7549 38
7443 7560 23
7443 7552 7
7443 7555 29
7443 7547 8
7443 7548 28
7443 9169 29
7443 6656 22
7443 9168 44
7443 7553 30
7443 7557 46
7443 7568 38
7443 6655 1
7443 7546 52
7443 7559 45
7443 7551 10
7443 9170 33
7443 6652 43
7443 9167 20
7443 7561 28
7443 7573 1
7443 7558 38
7443 7567 11
7443 7575 35
7443 6651 54
7443 7550 53
7443 7562 6
7443 7397 26
7443 9171 29
7443 6647 6
7572 7556 60
7572 7554 42
7572 7549 45
7572 7560 24
7572 7552 8
7572 7555 51
7572 7547 22
7572 7548 18
7572 9169 1
7572 6656 12
7572 9168 32
7572 7553 23
7572 7557 57
7572 7568 46
7572 6655 47
7572 7546 56
7572 7559 19
7572 7551 17
7572 9170 40
7572 6652 33
7572 9167 21
7572 7561 35
7572 7573 38
7572 7558 45
7572 7567 43
7572 7575 23
7572 6651 41
7572 7550 26
7572 7562 9
7572 7397 42
7572 9171 30
7572 6647 21
7587 7556 31
7587 7554 57
7587 7549 0
7587 7560 39
7587 7552 9
7587 7555 20
7587 7547 30
7587 7548 20
7587 9169 29
7587 6656 19
7587 9168 54
7587 7553 55
7587 7557 8
7587 7568 40
7587 6655 23
7587 7546 45
7587 7559 48
7587 7551 10
7587 9170 16
7587 6652 14
7587 9167 23
7587 7561 43
7587 7573 1
7587 7558 48
7587 7567 25
7587 7575 24
7587 6651 27
7587 7550 59
7587 7562 36
7587 7397 4
7587 9171 20
7587 6647 41
7566 7556 10
7566 7554 26
7566 7549 23
7566 7560 51
7566 7552 31
7566 7555 28
7566 7547 39
7566 7548 57
7566 9169 20
7566 6656 44
7566 9168 25
7566 7553 55
7566 7557 17
7566 7568 2
7566 6655 26
7566 7546 12
7566 7559 7
7566 7551 59
7566 9170 34
7566 6652 22
7566 9167 0
7566 7561 5
7566 7573 51
7566 7558 34
7566 7567 44
7566 7575 57
7566 6651 31
7566 7550 3
7566 7562 26
7566 7397 30
7566 9171 34
7566 6647 11
7580 7556 6
7580 7554 53
7580 7549 1
7580 7560 53
7580 7552 17
7580 7555 12
7580 7547 29
7580 7548 14
7580 9169 56
7580 6656 44
7580 9168 9
7580 7553 5
7580 7557 44
7580 7568 16
7580 6655 12
7580 7546 26
7580 7559 1
7580 7551 49
7580 9170 58
7580 6652 5
7580 9167 27
7580 7561 12
7580 7573 60
7580 7558 41
7580 7567 36
7580 7575 11
7580 6651 11
7580 7550 32
7580 7562 9
7580 7397 15
7580 9171 31
7580 6647 37
7398 7556 25
7398 7554 1
7398 7549 58
7398 7560 31
7398 7552 31
7398 7555 13
7398 7547 38
7398 7548 18
7398 9169 8
7398 6656 1
7398 9168 11
7398 7553 24
7398 7557 46
7398 7568 36
7398 6655 27
7398 7546 0
7398 7559 58
7398 7551 24
7398 9170 5
7398 6652 41
7398 9167 29
7398 7561 6
7398 7573 37
7398 7558 14
7398 7567 50
7398 7575 34
7398 6651 42
7398 7550 37
7398 7562 5
7398 7397 3
7398 9171 28
7398 6647 3
6313 7556 38
6313 7554 6
6313 7549 2
6313 7560 5
6313 7552 32
6313 7555 7
6313 7547 30
6313 7548 57
6313 9169 46
6313 6656 49
6313 9168 48
6313 7553 39
6313 7557 4
6313 7568 44
6313 6655 40
6313 7546 56
6313 7559 34
6313 7551 26
6313 9170 16
6313 6652 34
6313 9167 0
6313 7561 2
6313 7573 36
6313 7558 16
6313 7567 36
6313 7575 41
6313 6651 59
6313 7550 52
6313 7562 33
6313 7397 5
6313 9171 14
6313 6647 2
7391 7556 0
7391 7554 25
7391 7549 1
7391 7560 18
7391 7552 22
7391 7555 40
7391 7547 2
7391 7548 49
7391 9169 40
7391 6656 13
7391 9168 25
7391 7553 38
7391 7557 13
7391 7568 59
7391 6655 46
7391 7546 60
7391 7559 12
7391 7551 23
7391 9170 59
7391 6652 55
7391 9167 45
7391 7561 34
7391 7573 34
7391 7558 1
7391 7567 45
7391 7575 46
7391 6651 28
7391 7550 52
7391 7562 46
7391 7397 56
7391 9171 0
7391 6647 13
7428 7556 15
7428 7554 13
7428 7549 31
7428 7560 14
7428 7552 31
7428 7555 54
7428 7547 54
7428 7548 50
7428 9169 22
7428 6656 57
7428 9168 12
7428 7553 53
7428 7557 45
7428 7568 38
7428 6655 43
7428 7546 20
7428 7559 33
7428 7551 20
7428 9170 38
7428 6652 55
7428 9167 38
7428 7561 31
7428 7573 37
7428 7558 56
7428 7567 53
7428 7575 54
7428 6651 12
7428 7550 1
7428 7562 2
7428 7397 6
7428 9171 26
7428 6647 16
7424 7556 60
7424 7554 39
7424 7549 40
7424 7560 28
7424 7552 57
7424 7555 26
7424 7547 24
7424 7548 20
7424 9169 53
7424 6656 52
7424 9168 9
7424 7553 23
7424 7557 22
7424 7568 27
7424 6655 57
7424 7546 24
7424 7559 34
7424 7551 15
7424 9170 25
7424 6652 5
7424 9167 50
7424 7561 0
7424 7573 51
7424 7558 5
7424 7567 42
7424 7575 18
7424 6651 0
7424 7550 7
7424 7562 26
7424 7397 50
7424 9171 1
7424 6647 13
7416 7556 2
7416 7554 23
7416 7549 54
7416 7560 25
7416 7552 38
7416 7555 27
7416 7547 49
7416 7548 57
7416 9169 1
7416 6656 10
7416 9168 41
7416 7553 31
7416 7557 39
7416 7568 24
7416 6655 51
7416 7546 1
7416 7559 29
7416 7551 18
7416 9170 35
7416 6652 16
7416 9167 14
7416 7561 26
7416 7573 8
7416 7558 6
7416 7567 28
7416 7575 24
7416 6651 22
7416 7550 17
7416 7562 35
7416 7397 25
7416 9171 6
7416 6647 47
