4189 4129 12
4189 4129 27
4189 4130 22
4189 4130 16
4189 4128 60
4189 4128 10
4189 4131 17
4189 4131 27
4189 4148 1
4189 4148 38
4189 4127 0
4189 4127 22
4189 4135 55
4189 4135 18
4189 4151 60
4189 4151 21
4189 4152 55
4189 4152 7
4189 4149 37
4189 4149 29
4189 4126 21
4189 4126 33
4189 6131 30
4189 6131 12
4189 4133 38
4189 4133 10
4189 4136 47
4189 4136 47
4189 5236 49
4189 5236 44
4189 4150 56
4189 4150 51
4189 4159 34
4189 4159 53
4189 4160 37
4189 4160 55
4189 4156 42
4189 4156 28
4189 4146 22
4189 4146 18
4189 4125 36
4189 4125 45
4189 4124 22
4189 4124 3
4189 6130 30
4189 6130 40
4189 4132 1
4189 4132 23
4189 4134 21
4189 4134 44
4189 4153 27
4189 4153 32
4189 4154 10
4189 4154 8
4189 4198 40
4189 4198 56
4189 4201 34
4189 4201 53
4189 4202 58
4189 4202 30
4189 4155 22
4189 4155 0
4189 4143 34
4189 4143 42
4080 4129 24
4080 4129 56
4080 4130 47
4080 4130 44
4080 4128 33
4080 4128 22
4080 4131 51
4080 4131 57
4080 4148 13
4080 4148 45
4080 4127 9
4080 4127 57
4080 4135 19
4080 4135 33
4080 4151 11
4080 4151 7
4080 4152 1
4080 4152 31
4080 4149 7
4080 4149 53
4080 4126 41
4080 4126 55
4080 6131 12
4080 6131 0
4080 4133 0
4080 4133 39
4080 4136 47
4080 4136 0
4080 5236 47
4080 5236 55
4080 4150 56
4080 4150 29
4080 4159 53
4080 4159 15
4080 4160 56
4080 4160 28
4080 4156 47
4080 4156 19
4080 4146 49
4080 4146 10
4080 4125 23
4080 4125 58
4080 4124 27
4080 4124 0
4080 6130 41
4080 6130 3
4080 4132 8
4080 4132 39
4080 4134 33
4080 4134 1
4080 4153 18
4080 4153 22
4080 4154 60
4080 4154 21
4080 4198 18
4080 4198 39
4080 4201 22
4080 4201 49
4080 4202 58
4080 4202 22
4080 4155 11
4080 4155 39
4080 4143 55
4080 4143 54
4191 4129 57
4191 4129 18
4191 4130 1
4191 4130 16
4191 4128 29
4191 4128 54
4191 4131 22
4191 4131 16
4191 4148 50
4191 4148 2
4191 4127 54
4191 4127 3
4191 4135 40
4191 4135 55
4191 4151 20
4191 4151 11
4191 4152 31
4191 4152 50
4191 4149 24
4191 4149 21
4191 4126 43
4191 4126 0
4191 6131 45
4191 6131 54
4191 4133 46
4191 4133 54
4191 4136 53
4191 4136 12
4191 5236 56
4191 5236 46
4191 4150 60
4191 4150 8
4191 4159 31
4191 4159 4
4191 4160 40
4191 4160 58
4191 4156 8
4191 4156 57
4191 4146 21
4191 4146 3
4191 4125 53
4191 4125 30
4191 4124 4
4191 4124 15
4191 6130 48
4191 6130 15
4191 4132 25
4191 4132 26
4191 4134 34
4191 4134 57
4191 4153 26
4191 4153 34
4191 4154 53
4191 4154 18
4191 4198 45
4191 4198 21
4191 4201 41
4191 4201 33
4191 4202 53
4191 4202 9
4191 4155 32
4191 4155 60
4191 4143 5
4191 4143 44
4188 4129 59
4188 4129 50
4188 4130 12
4188 4130 1
4188 4128 37
4188 4128 17
4188 4131 22
4188 4131 49
4188 4148 28
4188 4148 53
4188 4127 56
4188 4127 7
4188 4135 9
4188 4135 60
4188 4151 8
4188 4151 28
4188 4152 26
4188 4152 24
4188 4149 11
4188 4149 46
4188 4126 25
4188 4126 41
4188 6131 19
4188 6131 46
4188 4133 24
4188 4133 3
4188 4136 34
4188 4136 60
4188 5236 17
4188 5236 42
4188 4150 34
4188 4150 41
4188 4159 17
4188 4159 24
4188 4160 49
4188 4160 1
4188 4156 7
4188 4156 10
4188 4146 41
4188 4146 21
4188 4125 0
4188 4125 56
4188 4124 60
4188 4124 15
4188 6130 42
4188 6130 21
4188 4132 59
4188 4132 29
4188 4134 9
4188 4134 24
4188 4153 59
4188 4153 26
4188 4154 47
4188 4154 9
4188 4198 35
4188 4198 54
4188 4201 19
4188 4201 17
4188 4202 59
4188 4202 10
4188 4155 57
4188 4155 50
4188 4143 56
4188 4143 50
4193 4129 25
4193 4129 33
4193 4130 52
4193 4130 33
4193 4128 47
4193 4128 14
4193 4131 20
4193 4131 41
4193 4148 1
4193 4148 26
4193 4127 38
4193 4127 29
4193 4135 49
4193 4135 17
4193 4151 57
4193 4151 14
4193 4152 7
4193 4152 41
4193 4149 27
4193 4149 2
4193 4126 40
4193 4126 3
4193 6131 16
4193 6131 45
4193 4133 13
4193 4133 29
4193 4136 38
4193 4136 51
4193 5236 20
4193 5236 59
4193 4150 41
4193 4150 56
4193 4159 43
4193 4159 58
4193 4160 44
4193 4160 50
4193 4156 60
4193 4156 11
4193 4146 17
4193 4146 41
4193 4125 15
4193 4125 23
4193 4124 30
4193 4124 54
4193 6130 10
4193 6130 0
4193 4132 1
4193 4132 28
4193 4134 45
4193 4134 16
4193 4153 17
4193 4153 35
4193 4154 6
4193 4154 53
4193 4198 29
4193 4198 60
4193 4201 59
4193 4201 49
4193 4202 57
4193 4202 53
4193 4155 29
4193 4155 28
4193 4143 55
4193 4143 40
4078 4129 28
4078 4129 53
4078 4130 27
4078 4130 18
4078 4128 56
4078 4128 24
4078 4131 22
4078 4131 11
4078 4148 60
4078 4148 52
4078 4127 49
4078 4127 11
4078 4135 13
4078 4135 13
4078 4151 52
4078 4151 27
4078 4152 10
4078 4152 27
4078 4149 46
4078 4149 18
4078 4126 36
4078 4126 59
4078 6131 39
4078 6131 23
4078 4133 27
4078 4133 31
4078 4136 22
4078 4136 44
4078 5236 40
4078 5236 4
4078 4150 6
4078 4150 38
4078 4159 33
4078 4159 0
4078 4160 3
4078 4160 14
4078 4156 53
4078 4156 60
4078 4146 42
4078 4146 47
4078 4125 42
4078 4125 49
4078 4124 60
4078 4124 5
4078 6130 53
4078 6130 16
4078 4132 17
4078 4132 60
4078 4134 37
4078 4134 46
4078 4153 33
4078 4153 56
4078 4154 23
4078 4154 7
4078 4198 6
4078 4198 35
4078 4201 49
4078 4201 2
4078 4202 38
4078 4202 26
4078 4155 6
4078 4155 31
4078 4143 48
4078 4143 36
4144 4129 59
4144 4129 40
4144 4130 23
4144 4130 45
4144 4128 34
4144 4128 14
4144 4131 50
4144 4131 27
4144 4148 13
4144 4148 42
4144 4127 29
4144 4127 22
4144 4135 19
4144 4135 9
4144 4151 53
4144 4151 42
4144 4152 31
4144 4152 44
4144 4149 38
4144 4149 21
4144 4126 34
4144 4126 54
4144 6131 48
4144 6131 48
4144 4133 31
4144 4133 43
4144 4136 58
4144 4136 11
4144 5236 20
4144 5236 23
4144 4150 54
4144 4150 36
4144 4159 52
4144 4159 36
4144 4160 28
4144 4160 41
4144 4156 44
4144 4156 4
4144 4146 55
4144 4146 40
4144 4125 6
4144 4125 47
4144 4124 12
4144 4124 56
4144 6130 28
4144 6130 56
4144 4132 14
4144 4132 2
4144 4134 0
4144 4134 29
4144 4153 29
4144 4153 47
4144 4154 8
4144 4154 21
4144 4198 43
4144 4198 53
4144 4201 53
4144 4201 31
4144 4202 51
4144 4202 21
4144 4155 36
4144 4155 27
4144 4143 4
4144 4143 59
4096 4129 26
4096 4129 10
4096 4130 52
4096 4130 16
4096 4128 28
4096 4128 31
4096 4131 26
4096 4131 57
4096 4148 6
4096 4148 1
4096 4127 10
4096 4127 40
4096 4135 45
4096 4135 28
4096 4151 13
4096 4151 17
4096 4152 56
4096 4152 20
4096 4149 33
4096 4149 16
4096 4126 35
4096 4126 20
4096 6131 16
4096 6131 26
4096 4133 20
4096 4133 3
4096 4136 46
4096 4136 33
4096 5236 52
4096 5236 25
4096 4150 28
4096 4150 10
4096 4159 45
4096 4159 59
4096 4160 35
4096 4160 39
4096 4156 11
4096 4156 55
4096 4146 23
4096 4146 27
4096 4125 17
4096 4125 21
4096 4124 39
4096 4124 18
4096 6130 49
4096 6130 11
4096 4132 48
4096 4132 45
4096 4134 9
4096 4134 37
4096 4153 36
4096 4153 34
4096 4154 22
4096 4154 16
4096 4198 41
4096 4198 55
4096 4201 31
4096 4201 50
4096 4202 40
4096 4202 3
4096 4155 50
4096 4155 38
4096 4143 12
4096 4143 45
4192 4129 8
4192 4129 53
4192 4130 41
4192 4130 42
4192 4128 38
4192 4128 36
4192 4131 5
4192 4131 22
4192 4148 27
4192 4148 9
4192 4127 13
4192 4127 25
4192 4135 53
4192 4135 43
4192 4151 0
4192 4151 27
4192 4152 36
4192 4152 28
4192 4149 35
4192 4149 45
4192 4126 26
4192 4126 9
4192 6131 51
4192 6131 46
4192 4133 14
4192 4133 36
4192 4136 21
4192 4136 40
4192 5236 2
4192 5236 39
4192 4150 35
4192 4150 17
4192 4159 5
4192 4159 32
4192 4160 58
4192 4160 0
4192 4156 8
4192 4156 59
4192 4146 36
4192 4146 1
4192 4125 53
4192 4125 58
4192 4124 3
4192 4124 56
4192 6130 3
4192 6130 22
4192 4132 18
4192 4132 45
4192 4134 45
4192 4134 22
4192 4153 48
4192 4153 28
4192 4154 1
4192 4154 48
4192 4198 12
4192 4198 8
4192 4201 36
4192 4201 27
4192 4202 11
4192 4202 13
4192 4155 8
4192 4155 32
4192 4143 34
4192 4143 26
4102 4129 46
4102 4129 42
4102 4130 28
4102 4130 55
4102 4128 27
4102 4128 27
4102 4131 60
4102 4131 57
4102 4148 55
4102 4148 59
4102 4127 42
4102 4127 43
4102 4135 24
4102 4135 4
4102 4151 45
4102 4151 7
4102 4152 24
4102 4152 31
4102 4149 57
4102 4149 29
4102 4126 44
4102 4126 12
4102 6131 60
4102 6131 15
4102 4133 47
4102 4133 20
4102 4136 21
4102 4136 27
4102 5236 60
4102 5236 14
4102 4150 25
4102 4150 43
4102 4159 4
4102 4159 23
4102 4160 43
4102 4160 34
4102 4156 47
4102 4156 59
4102 4146 53
4102 4146 4
4102 4125 31
4102 4125 38
4102 4124 32
4102 4124 3
4102 6130 40
4102 6130 37
4102 4132 60
4102 4132 48
4102 4134 3
4102 4134 30
4102 4153 23
4102 4153 9
4102 4154 4
4102 4154 41
4102 4198 13
4102 4198 3
4102 4201 33
4102 4201 18
4102 4202 23
4102 4202 21
4102 4155 38
4102 4155 8
4102 4143 25
4102 4143 46
4187 4129 54
4187 4129 35
4187 4130 45
4187 4130 37
4187 4128 24
4187 4128 11
4187 4131 55
4187 4131 59
4187 4148 31
4187 4148 48
4187 4127 5
4187 4127 29
4187 4135 40
4187 4135 22
4187 4151 8
4187 4151 19
4187 4152 6
4187 4152 32
4187 4149 47
4187 4149 53
4187 4126 15
4187 4126 60
4187 6131 50
4187 6131 25
4187 4133 40
4187 4133 21
4187 4136 46
4187 4136 24
4187 5236 14
4187 5236 38
4187 4150 49
4187 4150 55
4187 4159 16
4187 4159 40
4187 4160 21
4187 4160 60
4187 4156 33
4187 4156 51
4187 4146 58
4187 4146 56
4187 4125 25
4187 4125 43
4187 4124 36
4187 4124 2
4187 6130 31
4187 6130 11
4187 4132 59
4187 4132 51
4187 4134 38
4187 4134 31
4187 4153 40
4187 4153 48
4187 4154 5
4187 4154 18
4187 4198 51
4187 4198 5
4187 4201 53
4187 4201 42
4187 4202 57
4187 4202 4
4187 4155 2
4187 4155 32
4187 4143 17
4187 4143 9
4195 4129 22
4195 4129 37
4195 4130 45
4195 4130 35
4195 4128 53
4195 4128 12
4195 4131 45
4195 4131 6
4195 4148 27
4195 4148 37
4195 4127 42
4195 4127 12
4195 4135 32
4195 4135 49
4195 4151 59
4195 4151 53
4195 4152 35
4195 4152 9
4195 4149 5
4195 4149 6
4195 4126 9
4195 4126 15
4195 6131 33
4195 6131 8
4195 4133 22
4195 4133 44
4195 4136 30
4195 4136 23
4195 5236 32
4195 5236 38
4195 4150 5
4195 4150 8
4195 4159 27
4195 4159 9
4195 4160 17
4195 4160 11
4195 4156 34
4195 4156 39
4195 4146 46
4195 4146 7
4195 4125 38
4195 4125 29
4195 4124 39
4195 4124 12
4195 6130 29
4195 6130 59
4195 4132 29
4195 4132 24
4195 4134 18
4195 4134 14
4195 4153 52
4195 4153 56
4195 4154 26
4195 4154 50
4195 4198 57
4195 4198 48
4195 4201 28
4195 4201 4
4195 4202 29
4195 4202 56
4195 4155 3
4195 4155 17
4195 4143 18
4195 4143 39
4209 4129 47
4209 4129 33
4209 4130 30
4209 4130 20
4209 4128 18
4209 4128 45
4209 4131 26
4209 4131 32
4209 4148 27
4209 4148 21
4209 4127 0
4209 4127 52
4209 4135 19
4209 4135 58
4209 4151 17
4209 4151 43
4209 4152 1
4209 4152 57
4209 4149 36
4209 4149 4
4209 4126 33
4209 4126 34
4209 6131 24
4209 6131 14
4209 4133 8
4209 4133 52
4209 4136 55
4209 4136 28
4209 5236 0
4209 5236 36
4209 4150 32
4209 4150 50
4209 4159 33
4209 4159 53
4209 4160 53
4209 4160 6
4209 4156 47
4209 4156 53
4209 4146 6
4209 4146 39
4209 4125 23
4209 4125 1
4209 4124 50
4209 4124 46
4209 6130 54
4209 6130 36
4209 4132 21
4209 4132 0
4209 4134 4
4209 4134 39
4209 4153 7
4209 4153 19
4209 4154 34
4209 4154 13
4209 4198 24
4209 4198 60
4209 4201 47
4209 4201 9
4209 4202 2
4209 4202 48
4209 4155 44
4209 4155 50
4209 4143 13
4209 4143 38
4072 4129 52
4072 4129 18
4072 4130 21
4072 4130 6
4072 4128 16
4072 4128 31
4072 4131 31
4072 4131 10
4072 4148 2
4072 4148 12
4072 4127 16
4072 4127 31
4072 4135 16
4072 4135 43
4072 4151 51
4072 4151 34
4072 4152 48
4072 4152 35
4072 4149 42
4072 4149 11
4072 4126 49
4072 4126 46
4072 6131 26
4072 6131 7
4072 4133 19
4072 4133 39
4072 4136 42
4072 4136 15
4072 5236 41
4072 5236 41
4072 4150 52
4072 4150 37
4072 4159 20
4072 4159 11
4072 4160 21
4072 4160 12
4072 4156 60
4072 4156 2
4072 4146 31
4072 4146 50
4072 4125 36
4072 4125 4
4072 4124 33
4072 4124 47
4072 6130 11
4072 6130 24
4072 4132 3
4072 4132 48
4072 4134 30
4072 4134 58
4072 4153 8
4072 4153 32
4072 4154 8
4072 4154 50
4072 4198 40
4072 4198 28
4072 4201 25
4072 4201 7
4072 4202 36
4072 4202 5
4072 4155 15
4072 4155 58
4072 4143 53
4072 4143 22
4079 4129 28
4079 4129 46
4079 4130 53
4079 4130 13
4079 4128 10
4079 4128 2
4079 4131 46
4079 4131 30
4079 4148 4
4079 4148 56
4079 4127 44
4079 4127 11
4079 4135 26
4079 4135 48
4079 4151 2
4079 4151 24
4079 4152 9
4079 4152 22
4079 4149 45
4079 4149 38
4079 4126 20
4079 4126 11
4079 6131 3
4079 6131 26
4079 4133 39
4079 4133 5
4079 4136 35
4079 4136 21
4079 5236 60
4079 5236 58
4079 4150 10
4079 4150 0
4079 4159 26
4079 4159 54
4079 4160 16
4079 4160 40
4079 4156 40
4079 4156 17
4079 4146 28
4079 4146 54
4079 4125 44
4079 4125 41
4079 4124 50
4079 4124 31
4079 6130 58
4079 6130 34
4079 4132 46
4079 4132 43
4079 4134 22
4079 4134 2
4079 4153 28
4079 4153 60
4079 4154 27
4079 4154 60
4079 4198 36
4079 4198 45
4079 4201 29
4079 4201 23
4079 4202 54
4079 4202 50
4079 4155 39
4079 4155 30
4079 4143 23
4079 4143 9
4077 4129 35
4077 4129 0
4077 4130 13
4077 4130 12
4077 4128 35
4077 4128 15
4077 4131 22
4077 4131 52
4077 4148 16
4077 4148 3
4077 4127 14
4077 4127 3
4077 4135 15
4077 4135 50
4077 4151 31
4077 4151 18
4077 4152 46
4077 4152 29
4077 4149 51
4077 4149 29
4077 4126 49
4077 4126 42
4077 6131 19
4077 6131 50
4077 4133 37
4077 4133 44
4077 4136 1
4077 4136 21
4077 5236 18
4077 5236 8
4077 4150 57
4077 4150 9
4077 4159 38
4077 4159 27
4077 4160 55
4077 4160 40
4077 4156 18
4077 4156 40
4077 4146 41
4077 4146 15
4077 4125 34
4077 4125 55
4077 4124 35
4077 4124 19
4077 6130 17
4077 6130 47
4077 4132 10
4077 4132 13
4077 4134 24
4077 4134 20
4077 4153 28
4077 4153 19
4077 4154 24
4077 4154 11
4077 4198 42
4077 4198 15
4077 4201 54
4077 4201 30
4077 4202 30
4077 4202 31
4077 4155 4
4077 4155 35
4077 4143 18
4077 4143 1
4141 4129 1
4141 4129 13
4141 4130 44
4141 4130 47
4141 4128 46
4141 4128 52
4141 4131 24
4141 4131 19
4141 4148 55
4141 4148 8
4141 4127 51
4141 4127 5
4141 4135 27
4141 4135 8
4141 4151 54
4141 4151 25
4141 4152 3
4141 4152 4
4141 4149 12
4141 4149 0
4141 4126 57
4141 4126 2
4141 6131 17
4141 6131 28
4141 4133 15
4141 4133 20
4141 4136 22
4141 4136 38
4141 5236 21
4141 5236 53
4141 4150 18
4141 4150 35
4141 4159 52
4141 4159 14
4141 4160 55
4141 4160 44
4141 4156 13
4141 4156 1
4141 4146 17
4141 4146 2
4141 4125 6
4141 4125 51
4141 4124 43
4141 4124 7
4141 6130 6
4141 6130 54
4141 4132 52
4141 4132 30
4141 4134 14
4141 4134 33
4141 4153 5
4141 4153 51
4141 4154 23
4141 4154 22
4141 4198 53
4141 4198 14
4141 4201 3
4141 4201 27
4141 4202 7
4141 4202 33
4141 4155 3
4141 4155 34
4141 4143 33
4141 4143 31
4097 4129 14
4097 4129 26
4097 4130 47
4097 4130 31
4097 4128 15
4097 4128 3
4097 4131 2
4097 4131 54
4097 4148 55
4097 4148 14
4097 4127 34
4097 4127 50
4097 4135 38
4097 4135 19
4097 4151 56
4097 4151 41
4097 4152 47
4097 4152 20
4097 4149 28
4097 4149 11
4097 4126 35
4097 4126 29
4097 6131 6
4097 6131 13
4097 4133 49
4097 4133 25
4097 4136 15
4097 4136 14
4097 5236 32
4097 5236 3
4097 4150 22
4097 4150 12
4097 4159 19
4097 4159 43
4097 4160 28
4097 4160 9
4097 4156 4
4097 4156 19
4097 4146 8
4097 4146 39
4097 4125 27
4097 4125 24
4097 4124 35
4097 4124 18
4097 6130 41
4097 6130 37
4097 4132 52
4097 4132 30
4097 4134 58
4097 4134 28
4097 4153 5
4097 4153 2
4097 4154 58
4097 4154 22
4097 4198 17
4097 4198 1
4097 4201 2
4097 4201 32
4097 4202 48
4097 4202 50
4097 4155 9
4097 4155 17
4097 4143 43
4097 4143 50
4207 4129 36
4207 4129 46
4207 4130 29
4207 4130 26
4207 4128 26
4207 4128 29
4207 4131 6
4207 4131 5
4207 4148 55
4207 4148 32
4207 4127 51
4207 4127 30
4207 4135 3
4207 4135 45
4207 4151 54
4207 4151 45
4207 4152 12
4207 4152 20
4207 4149 16
4207 4149 42
4207 4126 23
4207 4126 23
4207 6131 55
4207 6131 0
4207 4133 10
4207 4133 54
4207 4136 18
4207 4136 45
4207 5236 19
4207 5236 43
4207 4150 18
4207 4150 33
4207 4159 57
4207 4159 53
4207 4160 16
4207 4160 27
4207 4156 3
4207 4156 44
4207 4146 30
4207 4146 32
4207 4125 4
4207 4125 47
4207 4124 17
4207 4124 59
4207 6130 53
4207 6130 56
4207 4132 21
4207 4132 22
4207 4134 57
4207 4134 44
4207 4153 7
4207 4153 10
4207 4154 41
4207 4154 38
4207 4198 27
4207 4198 54
4207 4201 59
4207 4201 33
4207 4202 59
4207 4202 16
4207 4155 50
4207 4155 44
4207 4143 39
4207 4143 23
4103 4129 4
4103 4129 19
4103 4130 32
4103 4130 20
4103 4128 1
4103 4128 49
4103 4131 12
4103 4131 1
4103 4148 45
4103 4148 7
4103 4127 15
4103 4127 42
4103 4135 31
4103 4135 15
4103 4151 7
4103 4151 57
4103 4152 9
4103 4152 41
4103 4149 48
4103 4149 7
4103 4126 56
4103 4126 42
4103 6131 54
4103 6131 51
4103 4133 55
4103 4133 32
4103 4136 44
4103 4136 2
4103 5236 19
4103 5236 1
4103 4150 54
4103 4150 57
4103 4159 53
4103 4159 13
4103 4160 34
4103 4160 49
4103 4156 4
4103 4156 47
4103 4146 8
4103 4146 3
4103 4125 57
4103 4125 24
4103 4124 9
4103 4124 56
4103 6130 15
4103 6130 38
4103 4132 56
4103 4132 20
4103 4134 58
4103 4134 30
4103 4153 24
4103 4153 25
4103 4154 11
4103 4154 2
4103 4198 49
4103 4198 17
4103 4201 19
4103 4201 59
4103 4202 2
4103 4202 45
4103 4155 31
4103 4155 50
4103 4143 41
4103 4143 53
4145 4129 27
4145 4129 14
4145 4130 36
4145 4130 49
4145 4128 29
4145 4128 19
4145 4131 35
4145 4131 35
4145 4148 28
4145 4148 44
4145 4127 22
4145 4127 36
4145 4135 17
4145 4135 38
4145 4151 37
4145 4151 52
4145 4152 34
4145 4152 17
4145 4149 15
4145 4149 49
4145 4126 19
4145 4126 28
4145 6131 15
4145 6131 44
4145 4133 47
4145 4133 52
4145 4136 3
4145 4136 35
4145 5236 8
4145 5236 9
4145 4150 37
4145 4150 6
4145 4159 20
4145 4159 18
4145 4160 31
4145 4160 17
4145 4156 48
4145 4156 19
4145 4146 19
4145 4146 20
4145 4125 10
4145 4125 53
4145 4124 46
4145 4124 5
4145 6130 42
4145 6130 60
4145 4132 31
4145 4132 26
4145 4134 53
4145 4134 59
4145 4153 59
4145 4153 14
4145 4154 10
4145 4154 7
4145 4198 45
4145 4198 43
4145 4201 19
4145 4201 30
4145 4202 30
4145 4202 19
4145 4155 18
4145 4155 44
4145 4143 9
4145 4143 5
4194 4129 39
4194 4129 10
4194 4130 12
4194 4130 36
4194 4128 51
4194 4128 14
4194 4131 44
4194 4131 54
4194 4148 22
4194 4148 17
4194 4127 14
4194 4127 57
4194 4135 33
4194 4135 9
4194 4151 60
4194 4151 20
4194 4152 12
4194 4152 45
4194 4149 29
4194 4149 51
4194 4126 29
4194 4126 38
4194 6131 42
4194 6131 31
4194 4133 1
4194 4133 26
4194 4136 34
4194 4136 46
4194 5236 28
4194 5236 45
4194 4150 27
4194 4150 44
4194 4159 8
4194 4159 30
4194 4160 37
4194 4160 17
4194 4156 31
4194 4156 51
4194 4146 28
4194 4146 8
4194 4125 32
4194 4125 2
4194 4124 8
4194 4124 41
4194 6130 34
4194 6130 33
4194 4132 53
4194 4132 34
4194 4134 19
4194 4134 56
4194 4153 19
4194 4153 23
4194 4154 5
4194 4154 40
4194 4198 24
4194 4198 24
4194 4201 7
4194 4201 1
4194 4202 7
4194 4202 33
4194 4155 44
4194 4155 59
4194 4143 2
4194 4143 4
4208 4129 47
4208 4129 56
4208 4130 7
4208 4130 32
4208 4128 60
4208 4128 23
4208 4131 30
4208 4131 26
4208 4148 19
4208 4148 51
4208 4127 55
4208 4127 40
4208 4135 7
4208 4135 17
4208 4151 11
4208 4151 35
4208 4152 50
4208 4152 26
4208 4149 10
4208 4149 54
4208 4126 50
4208 4126 53
4208 6131 11
4208 6131 60
4208 4133 34
4208 4133 48
4208 4136 1
4208 4136 7
4208 5236 47
4208 5236 8
4208 4150 34
4208 4150 8
4208 4159 30
4208 4159 46
4208 4160 55
4208 4160 33
4208 4156 31
4208 4156 25
4208 4146 17
4208 4146 53
4208 4125 0
4208 4125 56
4208 4124 8
4208 4124 21
4208 6130 15
4208 6130 43
4208 4132 9
4208 4132 50
4208 4134 35
4208 4134 39
4208 4153 60
4208 4153 19
4208 4154 10
4208 4154 37
4208 4198 21
4208 4198 56
4208 4201 3
4208 4201 27
4208 4202 19
4208 4202 6
4208 4155 31
4208 4155 1
4208 4143 12
4208 4143 13
4213 4129 2
4213 4129 48
4213 4130 7
4213 4130 37
4213 4128 22
4213 4128 50
4213 4131 15
4213 4131 47
4213 4148 23
4213 4148 5
4213 4127 10
4213 4127 34
4213 4135 27
4213 4135 53
4213 4151 35
4213 4151 30
4213 4152 16
4213 4152 20
4213 4149 14
4213 4149 57
4213 4126 51
4213 4126 20
4213 6131 13
4213 6131 43
4213 4133 11
4213 4133 33
4213 4136 30
4213 4136 29
4213 5236 19
4213 5236 4
4213 4150 4
4213 4150 56
4213 4159 48
4213 4159 16
4213 4160 59
4213 4160 20
4213 4156 6
4213 4156 21
4213 4146 48
4213 4146 33
4213 4125 15
4213 4125 49
4213 4124 30
4213 4124 24
4213 6130 8
4213 6130 1
4213 4132 50
4213 4132 23
4213 4134 13
4213 4134 48
4213 4153 46
4213 4153 0
4213 4154 28
4213 4154 40
4213 4198 13
4213 4198 44
4213 4201 14
4213 4201 2
4213 4202 22
4213 4202 5
4213 4155 39
4213 4155 21
4213 4143 37
4213 4143 58
4071 4129 18
4071 4129 55
4071 4130 50
4071 4130 36
4071 4128 3
4071 4128 20
4071 4131 24
4071 4131 24
4071 4148 4
4071 4148 33
4071 4127 16
4071 4127 49
4071 4135 18
4071 4135 39
4071 4151 60
4071 4151 0
4071 4152 23
4071 4152 32
4071 4149 19
4071 4149 25
4071 4126 36
4071 4126 21
4071 6131 44
4071 6131 39
4071 4133 15
4071 4133 29
4071 4136 54
4071 4136 59
4071 5236 23
4071 5236 36
4071 4150 35
4071 4150 4
4071 4159 35
4071 4159 56
4071 4160 53
4071 4160 50
4071 4156 47
4071 4156 10
4071 4146 5
4071 4146 12
4071 4125 46
4071 4125 57
4071 4124 14
4071 4124 16
4071 6130 59
4071 6130 1
4071 4132 45
4071 4132 13
4071 4134 53
4071 4134 35
4071 4153 5
4071 4153 56
4071 4154 57
4071 4154 10
4071 4198 0
4071 4198 8
4071 4201 23
4071 4201 50
4071 4202 3
4071 4202 31
4071 4155 33
4071 4155 49
4071 4143 58
4071 4143 54
4076 4129 7
4076 4129 40
4076 4130 60
4076 4130 5
4076 4128 25
4076 4128 20
4076 4131 45
4076 4131 47
4076 4148 32
4076 4148 10
4076 4127 19
4076 4127 20
4076 4135 23
4076 4135 37
4076 4151 12
4076 4151 0
4076 4152 40
4076 4152 1
4076 4149 31
4076 4149 34
4076 4126 58
4076 4126 12
4076 6131 42
4076 6131 31
4076 4133 3
4076 4133 51
4076 4136 21
4076 4136 26
4076 5236 29
4076 5236 19
4076 4150 36
4076 4150 17
4076 4159 49
4076 4159 58
4076 4160 59
4076 4160 26
4076 4156 42
4076 4156 48
4076 4146 49
4076 4146 14
4076 4125 26
4076 4125 31
4076 4124 24
4076 4124 12
4076 6130 36
4076 6130 7
4076 4132 60
4076 4132 22
4076 4134 38
4076 4134 42
4076 4153 36
4076 4153 29
4076 4154 9
4076 4154 5
4076 4198 30
4076 4198 20
4076 4201 36
4076 4201 17
4076 4202 32
4076 4202 15
4076 4155 8
4076 4155 53
4076 4143 1
4076 4143 50
4074 4129 51
4074 4129 29
4074 4130 60
4074 4130 51
4074 4128 35
4074 4128 32
4074 4131 1
4074 4131 46
4074 4148 42
4074 4148 57
4074 4127 42
4074 4127 29
4074 4135 52
4074 4135 49
4074 4151 23
4074 4151 39
4074 4152 56
4074 4152 32
4074 4149 15
4074 4149 31
4074 4126 0
4074 4126 54
4074 6131 3
4074 6131 45
4074 4133 57
4074 4133 10
4074 4136 4
4074 4136 7
4074 5236 55
4074 5236 36
4074 4150 22
4074 4150 27
4074 4159 56
4074 4159 27
4074 4160 5
4074 4160 18
4074 4156 3
4074 4156 47
4074 4146 58
4074 4146 43
4074 4125 57
4074 4125 49
4074 4124 57
4074 4124 56
4074 6130 43
4074 6130 6
4074 4132 13
4074 4132 36
4074 4134 35
4074 4134 4
4074 4153 2
4074 4153 40
4074 4154 47
4074 4154 46
4074 4198 28
4074 4198 42
4074 4201 23
4074 4201 34
4074 4202 30
4074 4202 58
4074 4155 45
4074 4155 21
4074 4143 32
4074 4143 59
4139 4129 46
4139 4129 21
4139 4130 6
4139 4130 12
4139 4128 9
4139 4128 15
4139 4131 28
4139 4131 4
4139 4148 40
4139 4148 33
4139 4127 55
4139 4127 11
4139 4135 27
4139 4135 21
4139 4151 53
4139 4151 31
4139 4152 50
4139 4152 31
4139 4149 47
4139 4149 9
4139 4126 38
4139 4126 38
4139 6131 24
4139 6131 57
4139 4133 8
4139 4133 16
4139 4136 28
4139 4136 20
4139 5236 56
4139 5236 37
4139 4150 31
4139 4150 15
4139 4159 5
4139 4159 26
4139 4160 7
4139 4160 36
4139 4156 22
4139 4156 16
4139 4146 45
4139 4146 58
4139 4125 19
4139 4125 43
4139 4124 2
4139 4124 38
4139 6130 13
4139 6130 33
4139 4132 22
4139 4132 50
4139 4134 53
4139 4134 5
4139 4153 42
4139 4153 25
4139 4154 29
4139 4154 56
4139 4198 30
4139 4198 47
4139 4201 26
4139 4201 24
4139 4202 14
4139 4202 32
4139 4155 37
4139 4155 50
4139 4143 39
4139 4143 33
4094 4129 10
4094 4129 3
4094 4130 19
4094 4130 11
4094 4128 36
4094 4128 52
4094 4131 12
4094 4131 47
4094 4148 44
4094 4148 22
4094 4127 52
4094 4127 19
4094 4135 10
4094 4135 44
4094 4151 26
4094 4151 54
4094 4152 19
4094 4152 60
4094 4149 52
4094 4149 22
4094 4126 14
4094 4126 25
4094 6131 60
4094 6131 50
4094 4133 45
4094 4133 9
4094 4136 28
4094 4136 40
4094 5236 5
4094 5236 8
4094 4150 42
4094 4150 5
4094 4159 27
4094 4159 4
4094 4160 12
4094 4160 51
4094 4156 52
4094 4156 51
4094 4146 6
4094 4146 5
4094 4125 19
4094 4125 56
4094 4124 38
4094 4124 5
4094 6130 4
4094 6130 17
4094 4132 19
4094 4132 14
4094 4134 21
4094 4134 33
4094 4153 1
4094 4153 58
4094 4154 14
4094 4154 54
4094 4198 10
4094 4198 10
4094 4201 37
4094 4201 37
4094 4202 16
4094 4202 19
4094 4155 50
4094 4155 32
4094 4143 9
4094 4143 1
4142 4129 47
4142 4129 34
4142 4130 34
4142 4130 28
4142 4128 21
4142 4128 54
4142 4131 50
4142 4131 13
4142 4148 51
4142 4148 21
4142 4127 43
4142 4127 48
4142 4135 23
4142 4135 50
4142 4151 58
4142 4151 45
4142 4152 15
4142 4152 3
4142 4149 39
4142 4149 30
4142 4126 23
4142 4126 15
4142 6131 2
4142 6131 17
4142 4133 31
4142 4133 0
4142 4136 39
4142 4136 12
4142 5236 12
4142 5236 54
4142 4150 51
4142 4150 39
4142 4159 48
4142 4159 23
4142 4160 14
4142 4160 59
4142 4156 12
4142 4156 30
4142 4146 46
4142 4146 1
4142 4125 18
4142 4125 19
4142 4124 1
4142 4124 34
4142 6130 21
4142 6130 52
4142 4132 42
4142 4132 30
4142 4134 3
4142 4134 15
4142 4153 56
4142 4153 38
4142 4154 33
4142 4154 29
4142 4198 40
4142 4198 17
4142 4201 45
4142 4201 58
4142 4202 6
4142 4202 22
4142 4155 5
4142 4155 26
4142 4143 52
4142 4143 37
4095 4129 44
4095 4129 39
4095 4130 57
4095 4130 12
4095 4128 60
4095 4128 1
4095 4131 5
4095 4131 24
4095 4148 60
4095 4148 50
4095 4127 4
4095 4127 38
4095 4135 46
4095 4135 13
4095 4151 48
4095 4151 10
4095 4152 25
4095 4152 46
4095 4149 10
4095 4149 43
4095 4126 59
4095 4126 29
4095 6131 5
4095 6131 22
4095 4133 2
4095 4133 17
4095 4136 23
4095 4136 20
4095 5236 57
4095 5236 2
4095 4150 10
4095 4150 44
4095 4159 19
4095 4159 32
4095 4160 35
4095 4160 28
4095 4156 22
4095 4156 4
4095 4146 54
4095 4146 41
4095 4125 42
4095 4125 39
4095 4124 15
4095 4124 54
4095 6130 56
4095 6130 55
4095 4132 56
4095 4132 58
4095 4134 1
4095 4134 35
4095 4153 18
4095 4153 38
4095 4154 19
4095 4154 24
4095 4198 10
4095 4198 47
4095 4201 34
4095 4201 41
4095 4202 27
4095 4202 59
4095 4155 11
4095 4155 47
4095 4143 55
4095 4143 43
4119 4129 50
4119 4129 8
4119 4130 7
4119 4130 39
4119 4128 50
4119 4128 13
4119 4131 47
4119 4131 22
4119 4148 34
4119 4148 37
4119 4127 57
4119 4127 57
4119 4135 7
4119 4135 36
4119 4151 26
4119 4151 45
4119 4152 23
4119 4152 8
4119 4149 38
4119 4149 45
4119 4126 17
4119 4126 56
4119 6131 25
4119 6131 32
4119 4133 44
4119 4133 1
4119 4136 41
4119 4136 28
4119 5236 17
4119 5236 42
4119 4150 30
4119 4150 19
4119 4159 17
4119 4159 31
4119 4160 51
4119 4160 22
4119 4156 40
4119 4156 56
4119 4146 24
4119 4146 56
4119 4125 5
4119 4125 5
4119 4124 38
4119 4124 25
4119 6130 3
4119 6130 31
4119 4132 17
4119 4132 17
4119 4134 25
4119 4134 36
4119 4153 44
4119 4153 56
4119 4154 8
4119 4154 4
4119 4198 44
4119 4198 44
4119 4201 25
4119 4201 5
4119 4202 46
4119 4202 45
4119 4155 49
4119 4155 42
4119 4143 4
4119 4143 25
