9978 10014 16
9978 10007 17
9978 10015 28
9978 10013 46
9978 10021 19
9978 10006 43
9978 11358 31
9978 10023 36
9978 10012 55
9978 10008 4
9978 9949 21
9978 10005 28
9978 10009 18
9978 10029 56
9978 10022 60
9978 11298 48
9978 9873 16
9978 10003 30
9978 9998 50
9978 10026 20
9978 10030 10
9978 10033 2
9978 9927 28
9978 9953 5
9978 11361 4
9978 9874 51
9978 9924 7
9978 9948 40
9978 10004 36
9978 9990 58
9978 9999 39
9978 10025 48
9977 10014 39
9977 10007 53
9977 10015 26
9977 10013 58
9977 10021 50
9977 10006 14
9977 11358 15
9977 10023 7
9977 10012 0
9977 10008 30
9977 9949 48
9977 10005 35
9977 10009 58
9977 10029 34
9977 10022 46
9977 11298 6
9977 9873 39
9977 10003 42
9977 9998 5
9977 10026 40
9977 10030 32
9977 10033 25
9977 9927 5
9977 9953 19
9977 11361 31
9977 9874 6
9977 9924 9
9977 9948 30
9977 10004 35
9977 9990 32
9977 9999 38
9977 10025 1
9975 10014 28
9975 10007 52
9975 10015 47
9975 10013 21
9975 10021 50
9975 10006 29
9975 11358 12
9975 10023 53
9975 10012 56
9975 10008 37
9975 9949 52
9975 10005 3
9975 10009 52
9975 10029 48
9975 10022 55
9975 11298 11
9975 9873 2
9975 10003 40
9975 9998 46
9975 10026 47
9975 10030 56
9975 10033 46
9975 9927 8
9975 9953 41
9975 11361 23
9975 9874 45
9975 9924 12
9975 9948 18
9975 10004 5
9975 9990 18
9975 9999 42
9975 10025 17
11295 10014 22
11295 10007 22
11295 10015 48
11295 10013 14
11295 10021 29
11295 10006 37
11295 11358 28
11295 10023 29
11295 10012 28
11295 10008 53
11295 9949 25
11295 10005 26
11295 10009 37
11295 10029 7
11295 10022 38
11295 11298 24
11295 9873 10
11295 10003 27
11295 9998 28
11295 10026 17
11295 10030 41
11295 10033 7
11295 9927 52
11295 9953 55
11295 11361 60
11295 9874 51
11295 9924 1
11295 9948 23
11295 10004 39
11295 9990 24
11295 9999 9
11295 10025 48
9972 10014 4
9972 10007 12
9972 10015 18
9972 10013 8
9972 10021 6
9972 10006 31
9972 11358 54
9972 10023 37
9972 10012 35
9972 10008 25
9972 9949 51
9972 10005 55
9972 10009 21
9972 10029 33
9972 10022 28
9972 11298 28
9972 9873 33
9972 10003 53
9972 9998 6
9972 10026 22
9972 10030 0
9972 10033 43
9972 9927 21
9972 9953 4
9972 11361 57
9972 9874 58
9972 9924 46
9972 9948 57
9972 10004 33
9972 9990 47
9972 9999 12
9972 10025 59
9987 10014 14
9987 10007 56
9987 10015 36
9987 10013 26
9987 10021 44
9987 10006 51
9987 11358 22
9987 10023 29
9987 10012 44
9987 10008 53
9987 9949 17
9987 10005 5
9987 10009 44
9987 10029 53
9987 10022 17
9987 11298 13
9987 9873 2
9987 10003 0
9987 9998 56
9987 10026 6
9987 10030 7
9987 10033 33
9987 9927 39
9987 9953 39
9987 11361 11
9987 9874 1
9987 9924 1
9987 9948 23
9987 10004 40
9987 9990 2
9987 9999 30
9987 10025 51
9971 10014 33
9971 10007 33
9971 10015 24
9971 10013 7
9971 10021 25
9971 10006 21
9971 11358 18
9971 10023 7
9971 10012 15
9971 10008 25
9971 9949 27
9971 10005 32
9971 10009 16
9971 10029 36
9971 10022 10
9971 11298 1
9971 9873 47
9971 10003 24
9971 9998 2
9971 10026 3
9971 10030 22
9971 10033 53
9971 9927 36
9971 9953 16
9971 11361 32
9971 9874 27
9971 9924 15
9971 9948 43
9971 10004 13
9971 9990 53
9971 9999 47
9971 10025 51
9976 10014 57
9976 10007 45
9976 10015 20
9976 10013 45
9976 10021 55
9976 10006 37
9976 11358 60
9976 10023 35
9976 10012 56
9976 10008 18
9976 9949 28
9976 10005 47
9976 10009 3
9976 10029 4
9976 10022 42
9976 11298 46
9976 9873 48
9976 10003 21
9976 9998 26
9976 10026 29
9976 10030 37
9976 10033 11
9976 9927 8
9976 9953 22
9976 11361 51
9976 9874 29
9976 9924 6
9976 9948 60
9976 10004 40
9976 9990 9
9976 9999 5
9976 10025 52
11329 10014 27
11329 10007 40
11329 10015 57
11329 10013 13
11329 10021 15
11329 10006 40
11329 11358 4
11329 10023 58
11329 10012 7
11329 10008 5
11329 9949 60
11329 10005 26
11329 10009 27
11329 10029 5
11329 10022 57
11329 11298 38
11329 9873 27
11329 10003 0
11329 9998 28
11329 10026 13
11329 10030 18
11329 10033 5
11329 9927 34
11329 9953 32
11329 11361 39
11329 9874 40
11329 9924 52
11329 9948 35
11329 10004 29
11329 9990 21
11329 9999 50
11329 10025 18
11356 10014 53
11356 10007 2
11356 10015 9
11356 10013 51
11356 10021 58
11356 10006 42
11356 11358 4
11356 10023 58
11356 10012 47
11356 10008 16
11356 9949 5
11356 10005 35
11356 10009 44
11356 10029 3
11356 10022 20
11356 11298 20
11356 9873 18
11356 10003 20
11356 9998 52
11356 10026 13
11356 10030 22
11356 10033 24
11356 9927 46
11356 9953 36
11356 11361 23
11356 9874 6
11356 9924 9
11356 9948 19
11356 10004 41
11356 9990 55
11356 9999 26
11356 10025 32
9995 10014 35
9995 10007 33
9995 10015 18
9995 10013 4
9995 10021 43
9995 10006 21
9995 11358 54
9995 10023 16
9995 10012 24
9995 10008 21
9995 9949 42
9995 10005 60
9995 10009 3
9995 10029 4
9995 10022 7
9995 11298 26
9995 9873 36
9995 10003 48
9995 9998 45
9995 10026 57
9995 10030 5
9995 10033 35
9995 9927 13
9995 9953 12
9995 11361 22
9995 9874 7
9995 9924 33
9995 9948 33
9995 10004 16
9995 9990 8
9995 9999 47
9995 10025 23
9887 10014 5
9887 10007 46
9887 10015 8
9887 10013 25
9887 10021 14
9887 10006 48
9887 11358 2
9887 10023 11
9887 10012 47
9887 10008 11
9887 9949 33
9887 10005 24
9887 10009 37
9887 10029 2
9887 10022 48
9887 11298 45
9887 9873 16
9887 10003 24
9887 9998 43
9887 10026 41
9887 10030 52
9887 10033 56
9887 9927 54
9887 9953 51
9887 11361 53
9887 9874 13
9887 9924 58
9887 9948 18
9887 10004 25
9887 9990 40
9887 9999 13
9887 10025 18
11293 10014 7
11293 10007 6
11293 10015 36
11293 10013 16
11293 10021 11
11293 10006 0
11293 11358 54
11293 10023 2
11293 10012 36
11293 10008 12
11293 9949 47
11293 10005 28
11293 10009 47
11293 10029 46
11293 10022 0
11293 11298 30
11293 9873 0
11293 10003 45
11293 9998 5
11293 10026 3
11293 10030 30
11293 10033 58
11293 9927 35
11293 9953 55
11293 11361 5
11293 9874 13
11293 9924 44
11293 9948 6
11293 10004 52
11293 9990 56
11293 9999 32
11293 10025 30
9985 10014 47
9985 10007 33
9985 10015 52
9985 10013 35
9985 10021 11
9985 10006 53
9985 11358 28
9985 10023 24
9985 10012 18
9985 10008 50
9985 9949 19
9985 10005 58
9985 10009 39
9985 10029 40
9985 10022 50
9985 11298 24
9985 9873 23
9985 10003 49
9985 9998 38
9985 10026 32
9985 10030 7
9985 10033 37
9985 9927 20
9985 9953 38
9985 11361 34
9985 9874 9
9985 9924 10
9985 9948 38
9985 10004 16
9985 9990 16
9985 9999 49
9985 10025 5
9883 10014 40
9883 10007 23
9883 10015 58
9883 10013 13
9883 10021 41
9883 10006 19
9883 11358 52
9883 10023 42
9883 10012 56
9883 10008 28
9883 9949 52
9883 10005 9
9883 10009 3
9883 10029 16
9883 10022 16
9883 11298 21
9883 9873 4
9883 10003 60
9883 9998 51
9883 10026 26
9883 10030 52
9883 10033 31
9883 9927 50
9883 9953 55
9883 11361 36
9883 9874 8
9883 9924 58
9883 9948 25
9883 10004 56
9883 9990 19
9883 9999 27
9883 10025 22
9911 10014 20
9911 10007 16
9911 10015 42
9911 10013 10
9911 10021 20
9911 10006 50
9911 11358 11
9911 10023 24
9911 10012 57
9911 10008 42
9911 9949 52
9911 10005 34
9911 10009 29
9911 10029 31
9911 10022 35
9911 11298 52
9911 9873 33
9911 10003 52
9911 9998 1
9911 10026 56
9911 10030 48
9911 10033 2
9911 9927 7
9911 9953 32
9911 11361 50
9911 9874 13
9911 9924 9
9911 9948 47
9911 10004 22
9911 9990 20
9911 9999 39
9911 10025 23
11294 10014 10
11294 10007 51
11294 10015 7
11294 10013 16
11294 10021 38
11294 10006 10
11294 11358 34
11294 10023 51
11294 10012 51
11294 10008 8
11294 9949 5
11294 10005 2
11294 10009 15
11294 10029 16
11294 10022 54
11294 11298 24
11294 9873 54
11294 10003 14
11294 9998 41
11294 10026 22
11294 10030 28
11294 10033 6
11294 9927 3
11294 9953 18
11294 11361 48
11294 9874 49
11294 9924 11
11294 9948 40
11294 10004 45
11294 9990 55
11294 9999 23
11294 10025 5
11328 10014 10
11328 10007 24
11328 10015 9
11328 10013 35
11328 10021 11
11328 10006 49
11328 11358 53
11328 10023 17
11328 10012 11
11328 10008 12
11328 9949 8
11328 10005 32
11328 10009 9
11328 10029 34
11328 10022 45
11328 11298 17
11328 9873 20
11328 10003 50
11328 9998 14
11328 10026 21
11328 10030 13
11328 10033 44
11328 9927 16
11328 9953 40
11328 11361 7
11328 9874 14
11328 9924 10
11328 9948 38
11328 10004 28
11328 9990 57
11328 9999 54
11328 10025 53
9988 10014 50
9988 10007 38
9988 10015 26
9988 10013 45
9988 10021 55
9988 10006 45
9988 11358 60
9988 10023 44
9988 10012 19
9988 10008 50
9988 9949 37
9988 10005 19
9988 10009 57
9988 10029 10
9988 10022 3
9988 11298 48
9988 9873 40
9988 10003 28
9988 9998 54
9988 10026 49
9988 10030 9
9988 10033 47
9988 9927 13
9988 9953 13
9988 11361 15
9988 9874 24
9988 9924 41
9988 9948 10
9988 10004 22
9988 9990 45
9988 9999 14
9988 10025 36
9996 10014 34
9996 10007 30
9996 10015 42
9996 10013 24
9996 10021 29
9996 10006 39
9996 11358 9
9996 10023 4
9996 10012 13
9996 10008 3
9996 9949 56
9996 10005 49
9996 10009 20
9996 10029 17
9996 10022 57
9996 11298 16
9996 9873 60
9996 10003 25
9996 9998 3
9996 10026 50
9996 10030 30
9996 10033 12
9996 9927 29
9996 9953 31
9996 11361 41
9996 9874 60
9996 9924 27
9996 9948 21
9996 10004 39
9996 9990 33
9996 9999 19
9996 10025 11
9882 10014 9
9882 10007 47
9882 10015 4
9882 10013 14
9882 10021 49
9882 10006 36
9882 11358 38
9882 10023 9
9882 10012 47
9882 10008 20
9882 9949 17
9882 10005 34
9882 10009 14
9882 10029 39
9882 10022 46
9882 11298 23
9882 9873 5
9882 10003 9
9882 9998 19
9882 10026 13
9882 10030 15
9882 10033 10
9882 9927 39
9882 9953 43
9882 11361 59
9882 9874 52
9882 9924 53
9882 9948 38
9882 10004 55
9882 9990 1
9882 9999 40
9882 10025 34
9970 10014 29
9970 10007 44
9970 10015 27
9970 10013 24
9970 10021 32
9970 10006 14
9970 11358 21
9970 10023 54
9970 10012 19
9970 10008 48
9970 9949 52
9970 10005 36
9970 10009 42
9970 10029 9
9970 10022 45
9970 11298 4
9970 9873 23
9970 10003 42
9970 9998 1
9970 10026 12
9970 10030 57
9970 10033 47
9970 9927 24
9970 9953 55
9970 11361 18
9970 9874 7
9970 9924 11
9970 9948 44
9970 10004 39
9970 9990 34
9970 9999 49
9970 10025 56
9925 10014 39
9925 10007 43
9925 10015 59
9925 10013 42
9925 10021 5
9925 10006 5
9925 11358 56
9925 10023 6
9925 10012 11
9925 10008 15
9925 9949 4
9925 10005 28
9925 10009 58
9925 10029 40
9925 10022 30
9925 11298 36
9925 9873 7
9925 10003 13
9925 9998 27
9925 10026 21
9925 10030 59
9925 10033 40
9925 9927 41
9925 9953 45
9925 11361 39
9925 9874 51
9925 9924 13
9925 9948 23
9925 10004 37
9925 9990 14
9925 9999 14
9925 10025 35
9986 10014 35
9986 10007 1
9986 10015 53
9986 10013 49
9986 10021 47
9986 10006 18
9986 11358 39
9986 10023 8
9986 10012 20
9986 10008 14
9986 9949 0
9986 10005 41
9986 10009 52
9986 10029 34
9986 10022 51
9986 11298 19
9986 9873 8
9986 10003 42
9986 9998 0
9986 10026 5
9986 10030 12
9986 10033 47
9986 9927 18
9986 9953 29
9986 11361 5
9986 9874 20
9986 9924 34
9986 9948 15
9986 10004 40
9986 9990 45
9986 9999 58
9986 10025 20
9929 10014 10
9929 10007 32
9929 10015 57
9929 10013 50
9929 10021 12
9929 10006 45
9929 11358 42
9929 10023 39
9929 10012 52
9929 10008 34
9929 9949 15
9929 10005 60
9929 10009 56
9929 10029 4
9929 10022 45
9929 11298 12
9929 9873 36
9929 10003 54
9929 9998 40
9929 10026 45
9929 10030 31
9929 10033 24
9929 9927 27
9929 9953 11
9929 11361 52
9929 9874 42
9929 9924 41
9929 9948 60
9929 10004 15
9929 9990 55
9929 9999 2
9929 10025 49
9881 10014 24
9881 10007 2
9881 10015 41
9881 10013 24
9881 10021 33
9881 10006 60
9881 11358 43
9881 10023 42
9881 10012 51
9881 10008 48
9881 9949 4
9881 10005 9
9881 10009 33
9881 10029 42
9881 10022 2
9881 11298 8
9881 9873 55
9881 10003 21
9881 9998 59
9881 10026 51
9881 10030 31
9881 10033 4
9881 9927 25
9881 9953 8
9881 11361 29
9881 9874 19
9881 9924 41
9881 9948 18
9881 10004 22
9881 9990 52
9881 9999 3
9881 10025 50
9885 10014 6
9885 10007 22
9885 10015 59
9885 10013 11
9885 10021 59
9885 10006 43
9885 11358 29
9885 10023 24
9885 10012 2
9885 10008 11
9885 9949 3
9885 10005 57
9885 10009 58
9885 10029 50
9885 10022 25
9885 11298 19
9885 9873 33
9885 10003 14
9885 9998 16
9885 10026 13
9885 10030 42
9885 10033 36
9885 9927 2
9885 9953 30
9885 11361 11
9885 9874 50
9885 9924 34
9885 9948 15
9885 10004 7
9885 9990 1
9885 9999 21
9885 10025 12
9910 10014 21
9910 10007 50
9910 10015 30
9910 10013 31
9910 10021 36
9910 10006 11
9910 11358 27
9910 10023 37
9910 10012 18
9910 10008 47
9910 9949 50
9910 10005 23
9910 10009 60
9910 10029 20
9910 10022 50
9910 11298 29
9910 9873 57
9910 10003 50
9910 9998 1
9910 10026 43
9910 10030 16
9910 10033 37
9910 9927 15
9910 9953 42
9910 11361 30
9910 9874 32
9910 9924 10
9910 9948 22
9910 10004 16
9910 9990 29
9910 9999 2
9910 10025 7
10001 10014 23
10001 10007 56
10001 10015 0
10001 10013 8
10001 10021 37
10001 10006 38
10001 11358 16
10001 10023 10
10001 10012 35
10001 10008 1
10001 9949 23
10001 10005 29
10001 10009 34
10001 10029 5
10001 10022 3
10001 11298 16
10001 9873 5
10001 10003 27
10001 9998 59
10001 10026 5
10001 10030 54
10001 10033 53
10001 9927 13
10001 9953 5
10001 11361 19
10001 9874 8
10001 9924 33
10001 9948 12
10001 10004 25
10001 9990 56
10001 9999 33
10001 10025 11
11357 10014 57
11357 10007 5
11357 10015 19
11357 10013 51
11357 10021 29
11357 10006 17
11357 11358 15
11357 10023 37
11357 10012 52
11357 10008 56
11357 9949 10
11357 10005 55
11357 10009 3
11357 10029 58
11357 10022 4
11357 11298 34
11357 9873 45
11357 10003 10
11357 9998 46
11357 10026 21
11357 10030 41
11357 10033 44
11357 9927 12
11357 9953 10
11357 11361 58
11357 9874 8
11357 9924 43
11357 9948 23
11357 10004 41
11357 9990 41
11357 9999 33
11357 10025 29
11292 10014 28
11292 10007 12
11292 10015 6
11292 10013 14
11292 10021 59
11292 10006 6
11292 11358 35
11292 10023 19
11292 10012 48
11292 10008 11
11292 9949 21
11292 10005 37
11292 10009 31
11292 10029 53
11292 10022 1
11292 11298 15
11292 9873 8
11292 10003 12
11292 9998 52
11292 10026 25
11292 10030 39
11292 10033 39
11292 9927 53
11292 9953 54
11292 11361 57
11292 9874 54
11292 9924 2
11292 9948 50
11292 10004 15
11292 9990 2
11292 9999 54
11292 10025 40
9989 10014 11
9989 10007 23
9989 10015 5
9989 10013 34
9989 10021 48
9989 10006 56
9989 11358 52
9989 10023 33
9989 10012 39
9989 10008 25
9989 9949 49
9989 10005 48
9989 10009 37
9989 10029 22
9989 10022 23
9989 11298 55
9989 9873 16
9989 10003 0
9989 9998 45
9989 10026 16
9989 10030 19
9989 10033 41
9989 9927 14
9989 9953 25
9989 11361 49
9989 9874 44
9989 9924 23
9989 9948 17
9989 10004 3
9989 9990 43
9989 9999 39
9989 10025 35
