10800 10681 13
10800 10680 17
10800 10675 22
10800 10682 29
10800 10689 20
10800 10665 7
10800 10679 23
10800 10666 2
10800 10673 24
10800 10676 33
10800 10683 53
10800 10685 9
10800 10690 55
10800 10662 38
10800 10678 45
10800 10623 44
10800 10671 43
10800 10674 52
10800 10672 42
10800 10691 13
10800 10621 51
10800 10684 60
10800 10694 25
10800 10693 45
10800 8427 44
10800 10664 0
10800 10622 44
10800 10670 32
10800 10677 59
10800 10714 37
10800 10705 46
10800 10692 23
10796 10681 31
10796 10680 50
10796 10675 35
10796 10682 2
10796 10689 10
10796 10665 50
10796 10679 31
10796 10666 39
10796 10673 35
10796 10676 29
10796 10683 45
10796 10685 7
10796 10690 21
10796 10662 45
10796 10678 55
10796 10623 26
10796 10671 35
10796 10674 59
10796 10672 10
10796 10691 7
10796 10621 38
10796 10684 41
10796 10694 0
10796 10693 49
10796 8427 28
10796 10664 16
10796 10622 29
10796 10670 45
10796 10677 44
10796 10714 32
10796 10705 52
10796 10692 50
10801 10681 58
10801 10680 18
10801 10675 25
10801 10682 38
10801 10689 6
10801 10665 34
10801 10679 8
10801 10666 15
10801 10673 21
10801 10676 15
10801 10683 36
10801 10685 1
10801 10690 19
10801 10662 28
10801 10678 40
10801 10623 40
10801 10671 0
10801 10674 10
10801 10672 59
10801 10691 18
10801 10621 3
10801 10684 50
10801 10694 23
10801 10693 53
10801 8427 55
10801 10664 31
10801 10622 34
10801 10670 24
10801 10677 35
10801 10714 19
10801 10705 25
10801 10692 31
10802 10681 34
10802 10680 58
10802 10675 36
10802 10682 52
10802 10689 47
10802 10665 53
10802 10679 42
10802 10666 51
10802 10673 46
10802 10676 14
10802 10683 54
10802 10685 14
10802 10690 21
10802 10662 2
10802 10678 4
10802 10623 44
10802 10671 1
10802 10674 24
10802 10672 36
10802 10691 53
10802 10621 59
10802 10684 28
10802 10694 1
10802 10693 48
10802 8427 57
10802 10664 0
10802 10622 57
10802 10670 43
10802 10677 18
10802 10714 7
10802 10705 44
10802 10692 1
10808 10681 10
10808 10680 18
10808 10675 31
10808 10682 28
10808 10689 7
10808 10665 32
10808 10679 4
10808 10666 0
10808 10673 6
10808 10676 55
10808 10683 32
10808 10685 50
10808 10690 10
10808 10662 53
10808 10678 30
10808 10623 13
10808 10671 37
10808 10674 58
10808 10672 3
10808 10691 16
10808 10621 10
10808 10684 13
10808 10694 27
10808 10693 4
10808 8427 60
10808 10664 16
10808 10622 47
10808 10670 23
10808 10677 14
10808 10714 24
10808 10705 23
10808 10692 43
10619 10681 33
10619 10680 3
10619 10675 38
10619 10682 13
10619 10689 35
10619 10665 26
10619 10679 53
10619 10666 37
10619 10673 41
10619 10676 6
10619 10683 47
10619 10685 38
10619 10690 36
10619 10662 22
10619 10678 40
10619 10623 1
10619 10671 59
10619 10674 28
10619 10672 4
10619 10691 54
10619 10621 19
10619 10684 35
10619 10694 46
10619 10693 16
10619 8427 16
10619 10664 36
10619 10622 6
10619 10670 34
10619 10677 56
10619 10714 19
10619 10705 35
10619 10692 41
10797 10681 59
10797 10680 41
10797 10675 54
10797 10682 23
10797 10689 48
10797 10665 7
10797 10679 44
10797 10666 50
10797 10673 31
10797 10676 13
10797 10683 17
10797 10685 24
10797 10690 30
10797 10662 19
10797 10678 35
10797 10623 42
10797 10671 33
10797 10674 44
10797 10672 4
10797 10691 2
10797 10621 60
10797 10684 42
10797 10694 40
10797 10693 17
10797 8427 46
10797 10664 35
10797 10622 20
10797 10670 28
10797 10677 13
10797 10714 43
10797 10705 24
10797 10692 5
10798 10681 4
10798 10680 59
10798 10675 25
10798 10682 16
10798 10689 52
10798 10665 43
10798 10679 14
10798 10666 9
10798 10673 37
10798 10676 40
10798 10683 49
10798 10685 54
10798 10690 39
10798 10662 31
10798 10678 1
10798 10623 42
10798 10671 19
10798 10674 12
10798 10672 36
10798 10691 1
10798 10621 41
10798 10684 52
10798 10694 48
10798 10693 11
10798 8427 42
10798 10664 22
10798 10622 21
10798 10670 2
10798 10677 16
10798 10714 2
10798 10705 38
10798 10692 17
10042 10681 39
10042 10680 36
10042 10675 44
10042 10682 8
10042 10689 21
10042 10665 39
10042 10679 11
10042 10666 47
10042 10673 40
10042 10676 51
10042 10683 57
10042 10685 60
10042 10690 38
10042 10662 2
10042 10678 58
10042 10623 10
10042 10671 40
10042 10674 34
10042 10672 34
10042 10691 8
10042 10621 6
10042 10684 18
10042 10694 20
10042 10693 30
10042 8427 15
10042 10664 17
10042 10622 57
10042 10670 0
10042 10677 47
10042 10714 41
10042 10705 38
10042 10692 8
10037 10681 15
10037 10680 49
10037 10675 32
10037 10682 12
10037 10689 9
10037 10665 22
10037 10679 9
10037 10666 28
10037 10673 48
10037 10676 9
10037 10683 29
10037 10685 45
10037 10690 1
10037 10662 27
10037 10678 19
10037 10623 35
10037 10671 2
10037 10674 18
10037 10672 15
10037 10691 35
10037 10621 14
10037 10684 43
10037 10694 57
10037 10693 6
10037 8427 31
10037 10664 58
10037 10622 51
10037 10670 27
10037 10677 23
10037 10714 42
10037 10705 42
10037 10692 46
10809 10681 22
10809 10680 8
10809 10675 13
10809 10682 43
10809 10689 24
10809 10665 59
10809 10679 57
10809 10666 8
10809 10673 20
10809 10676 41
10809 10683 39
10809 10685 59
10809 10690 12
10809 10662 57
10809 10678 59
10809 10623 21
10809 10671 16
10809 10674 37
10809 10672 46
10809 10691 7
10809 10621 47
10809 10684 43
10809 10694 56
10809 10693 60
10809 8427 49
10809 10664 40
10809 10622 10
10809 10670 56
10809 10677 19
10809 10714 28
10809 10705 3
10809 10692 48
10799 10681 34
10799 10680 11
10799 10675 40
10799 10682 29
10799 10689 42
10799 10665 28
10799 10679 21
10799 10666 1
10799 10673 36
10799 10676 10
10799 10683 43
10799 10685 5
10799 10690 9
10799 10662 54
10799 10678 54
10799 10623 12
10799 10671 54
10799 10674 49
10799 10672 34
10799 10691 24
10799 10621 4
10799 10684 30
10799 10694 4
10799 10693 5
10799 8427 52
10799 10664 13
10799 10622 7
10799 10670 32
10799 10677 21
10799 10714 59
10799 10705 33
10799 10692 1
10051 10681 49
10051 10680 14
10051 10675 8
10051 10682 0
10051 10689 0
10051 10665 42
10051 10679 31
10051 10666 39
10051 10673 21
10051 10676 59
10051 10683 34
10051 10685 46
10051 10690 37
10051 10662 8
10051 10678 20
10051 10623 12
10051 10671 0
10051 10674 57
10051 10672 19
10051 10691 59
10051 10621 52
10051 10684 53
10051 10694 8
10051 10693 43
10051 8427 14
10051 10664 26
10051 10622 2
10051 10670 21
10051 10677 55
10051 10714 24
10051 10705 21
10051 10692 59
10618 10681 11
10618 10680 41
10618 10675 11
10618 10682 39
10618 10689 20
10618 10665 57
10618 10679 31
10618 10666 44
10618 10673 12
10618 10676 6
10618 10683 53
10618 10685 35
10618 10690 40
10618 10662 46
10618 10678 53
10618 10623 38
10618 10671 32
10618 10674 29
10618 10672 42
10618 10691 13
10618 10621 45
10618 10684 37
10618 10694 9
10618 10693 17
10618 8427 60
10618 10664 20
10618 10622 41
10618 10670 49
10618 10677 4
10618 10714 37
10618 10705 18
10618 10692 37
10795 10681 48
10795 10680 45
10795 10675 31
10795 10682 13
10795 10689 58
10795 10665 58
10795 10679 58
10795 10666 7
10795 10673 1
10795 10676 56
10795 10683 33
10795 10685 50
10795 10690 34
10795 10662 36
10795 10678 11
10795 10623 9
10795 10671 1
10795 10674 3
10795 10672 12
10795 10691 12
10795 10621 47
10795 10684 35
10795 10694 25
10795 10693 13
10795 8427 23
10795 10664 54
10795 10622 8
10795 10670 5
10795 10677 7
10795 10714 34
10795 10705 7
10795 10692 41
10789 10681 51
10789 10680 41
10789 10675 22
10789 10682 22
10789 10689 14
10789 10665 49
10789 10679 1
10789 10666 55
10789 10673 13
10789 10676 54
10789 10683 29
10789 10685 7
10789 10690 48
10789 10662 33
10789 10678 17
10789 10623 19
10789 10671 57
10789 10674 40
10789 10672 43
10789 10691 8
10789 10621 29
10789 10684 14
10789 10694 10
10789 10693 45
10789 8427 27
10789 10664 4
10789 10622 49
10789 10670 43
10789 10677 43
10789 10714 32
10789 10705 52
10789 10692 4
10035 10681 8
10035 10680 20
10035 10675 21
10035 10682 4
10035 10689 3
10035 10665 21
10035 10679 32
10035 10666 9
10035 10673 59
10035 10676 24
10035 10683 18
10035 10685 7
10035 10690 47
10035 10662 38
10035 10678 43
10035 10623 55
10035 10671 48
10035 10674 30
10035 10672 33
10035 10691 57
10035 10621 7
10035 10684 34
10035 10694 46
10035 10693 46
10035 8427 12
10035 10664 41
10035 10622 22
10035 10670 3
10035 10677 11
10035 10714 10
10035 10705 19
10035 10692 54
10790 10681 57
10790 10680 54
10790 10675 50
10790 10682 9
10790 10689 53
10790 10665 16
10790 10679 43
10790 10666 4
10790 10673 58
10790 10676 9
10790 10683 40
10790 10685 40
10790 10690 46
10790 10662 21
10790 10678 6
10790 10623 12
10790 10671 60
10790 10674 33
10790 10672 56
10790 10691 27
10790 10621 49
10790 10684 56
10790 10694 16
10790 10693 24
10790 8427 21
10790 10664 9
10790 10622 56
10790 10670 47
10790 10677 12
10790 10714 26
10790 10705 6
10790 10692 36
10041 10681 49
10041 10680 54
10041 10675 60
10041 10682 14
10041 10689 55
10041 10665 42
10041 10679 45
10041 10666 14
10041 10673 52
10041 10676 39
10041 10683 47
10041 10685 3
10041 10690 19
10041 10662 57
10041 10678 49
10041 10623 50
10041 10671 19
10041 10674 15
10041 10672 49
10041 10691 17
10041 10621 50
10041 10684 36
10041 10694 19
10041 10693 0
10041 8427 33
10041 10664 8
10041 10622 23
10041 10670 48
10041 10677 2
10041 10714 23
10041 10705 52
10041 10692 55
10043 10681 18
10043 10680 35
10043 10675 29
10043 10682 28
10043 10689 53
10043 10665 37
10043 10679 54
10043 10666 4
10043 10673 42
10043 10676 51
10043 10683 13
10043 10685 59
10043 10690 23
10043 10662 43
10043 10678 56
10043 10623 2
10043 10671 19
10043 10674 24
10043 10672 37
10043 10691 7
10043 10621 19
10043 10684 14
10043 10694 31
10043 10693 12
10043 8427 23
10043 10664 19
10043 10622 26
10043 10670 59
10043 10677 17
10043 10714 43
10043 10705 18
10043 10692 44
10034 10681 26
10034 10680 13
10034 10675 32
10034 10682 42
10034 10689 44
10034 10665 44
10034 10679 34
10034 10666 8
10034 10673 43
10034 10676 34
10034 10683 54
10034 10685 28
10034 10690 20
10034 10662 23
10034 10678 42
10034 10623 28
10034 10671 54
10034 10674 42
10034 10672 7
10034 10691 17
10034 10621 40
10034 10684 32
10034 10694 24
10034 10693 38
10034 8427 1
10034 10664 39
10034 10622 29
10034 10670 53
10034 10677 13
10034 10714 46
10034 10705 9
10034 10692 13
10038 10681 3
10038 10680 48
10038 10675 47
10038 10682 30
10038 10689 54
10038 10665 24
10038 10679 15
10038 10666 12
10038 10673 31
10038 10676 42
10038 10683 57
10038 10685 14
10038 10690 26
10038 10662 17
10038 10678 17
10038 10623 15
10038 10671 30
10038 10674 24
10038 10672 21
10038 10691 47
10038 10621 27
10038 10684 44
10038 10694 37
10038 10693 21
10038 8427 22
10038 10664 60
10038 10622 25
10038 10670 32
10038 10677 37
10038 10714 25
10038 10705 6
10038 10692 10
9939 10681 13
9939 10680 15
9939 10675 12
9939 10682 1
9939 10689 45
9939 10665 36
9939 10679 1
9939 10666 6
9939 10673 38
9939 10676 20
9939 10683 12
9939 10685 20
9939 10690 24
9939 10662 37
9939 10678 14
9939 10623 46
9939 10671 46
9939 10674 42
9939 10672 58
9939 10691 36
9939 10621 28
9939 10684 31
9939 10694 16
9939 10693 43
9939 8427 19
9939 10664 7
9939 10622 25
9939 10670 35
9939 10677 48
9939 10714 40
9939 10705 53
9939 10692 15
10047 10681 56
10047 10680 35
10047 10675 19
10047 10682 4
10047 10689 3
10047 10665 26
10047 10679 29
10047 10666 9
10047 10673 26
10047 10676 10
10047 10683 27
10047 10685 56
10047 10690 42
10047 10662 24
10047 10678 48
10047 10623 4
10047 10671 37
10047 10674 5
10047 10672 32
10047 10691 5
10047 10621 59
10047 10684 4
10047 10694 21
10047 10693 19
10047 8427 23
10047 10664 35
10047 10622 32
10047 10670 2
10047 10677 10
10047 10714 10
10047 10705 45
10047 10692 0
10803 10681 52
10803 10680 40
10803 10675 57
10803 10682 28
10803 10689 56
10803 10665 32
10803 10679 52
10803 10666 24
10803 10673 3
10803 10676 26
10803 10683 20
10803 10685 19
10803 10690 39
10803 10662 59
10803 10678 37
10803 10623 45
10803 10671 21
10803 10674 36
10803 10672 10
10803 10691 37
10803 10621 11
10803 10684 26
10803 10694 39
10803 10693 29
10803 8427 14
10803 10664 38
10803 10622 23
10803 10670 13
10803 10677 58
10803 10714 57
10803 10705 60
10803 10692 10
10806 10681 22
10806 10680 33
10806 10675 35
10806 10682 4
10806 10689 54
10806 10665 7
10806 10679 32
10806 10666 32
10806 10673 23
10806 10676 4
10806 10683 34
10806 10685 39
10806 10690 35
10806 10662 52
10806 10678 48
10806 10623 31
10806 10671 51
10806 10674 29
10806 10672 43
10806 10691 24
10806 10621 26
10806 10684 49
10806 10694 30
10806 10693 3
10806 8427 4
10806 10664 1
10806 10622 23
10806 10670 26
10806 10677 11
10806 10714 21
10806 10705 55
10806 10692 29
10811 10681 11
10811 10680 22
10811 10675 24
10811 10682 40
10811 10689 30
10811 10665 15
10811 10679 27
10811 10666 38
10811 10673 1
10811 10676 17
10811 10683 8
10811 10685 25
10811 10690 40
10811 10662 41
10811 10678 57
10811 10623 33
10811 10671 36
10811 10674 9
10811 10672 53
10811 10691 39
10811 10621 51
10811 10684 48
10811 10694 45
10811 10693 2
10811 8427 36
10811 10664 6
10811 10622 28
10811 10670 36
10811 10677 31
10811 10714 47
10811 10705 53
10811 10692 46
10688 10681 4
10688 10680 29
10688 10675 5
10688 10682 41
10688 10689 13
10688 10665 24
10688 10679 40
10688 10666 39
10688 10673 2
10688 10676 0
10688 10683 22
10688 10685 12
10688 10690 49
10688 10662 48
10688 10678 21
10688 10623 21
10688 10671 25
10688 10674 11
10688 10672 17
10688 10691 39
10688 10621 56
10688 10684 14
10688 10694 9
10688 10693 57
10688 8427 3
10688 10664 33
10688 10622 0
10688 10670 9
10688 10677 40
10688 10714 46
10688 10705 28
10688 10692 21
10779 10681 58
10779 10680 11
10779 10675 8
10779 10682 60
10779 10689 28
10779 10665 53
10779 10679 34
10779 10666 31
10779 10673 32
10779 10676 36
10779 10683 11
10779 10685 54
10779 10690 13
10779 10662 51
10779 10678 50
10779 10623 30
10779 10671 30
10779 10674 10
10779 10672 10
10779 10691 11
10779 10621 23
10779 10684 49
10779 10694 29
10779 10693 7
10779 8427 42
10779 10664 17
10779 10622 52
10779 10670 43
10779 10677 59
10779 10714 6
10779 10705 1
10779 10692 28
10787 10681 0
10787 10680 12
10787 10675 6
10787 10682 19
10787 10689 5
10787 10665 48
10787 10679 36
10787 10666 44
10787 10673 52
10787 10676 8
10787 10683 35
10787 10685 54
10787 10690 33
10787 10662 57
10787 10678 3
10787 10623 9
10787 10671 43
10787 10674 34
10787 10672 30
10787 10691 19
10787 10621 34
10787 10684 18
10787 10694 7
10787 10693 21
10787 8427 25
10787 10664 39
10787 10622 27
10787 10670 54
10787 10677 51
10787 10714 10
10787 10705 10
10787 10692 9
11326 10681 17
11326 10680 30
11326 10675 37
11326 10682 8
11326 10689 12
11326 10665 59
11326 10679 23
11326 10666 42
11326 10673 17
11326 10676 1
11326 10683 3
11326 10685 14
11326 10690 39
11326 10662 1
11326 10678 32
11326 10623 43
11326 10671 25
11326 10674 4
11326 10672 56
11326 10691 34
11326 10621 57
11326 10684 27
11326 10694 9
11326 10693 30
11326 8427 19
11326 10664 34
11326 10622 58
11326 10670 1
11326 10677 54
11326 10714 26
11326 10705 27
11326 10692 60
10788 10681 16
10788 10680 37
10788 10675 46
10788 10682 36
10788 10689 58
10788 10665 50
10788 10679 58
10788 10666 6
10788 10673 19
10788 10676 44
10788 10683 52
10788 10685 8
10788 10690 43
10788 10662 18
10788 10678 13
10788 10623 57
10788 10671 42
10788 10674 10
10788 10672 25
10788 10691 14
10788 10621 46
10788 10684 41
10788 10694 7
10788 10693 31
10788 8427 20
10788 10664 9
10788 10622 60
10788 10670 36
10788 10677 7
10788 10714 41
10788 10705 2
10788 10692 26
