6297 7408 14
6297 7408 60
6297 7408 53
6297 7408 20
6297 7404 20
6297 7404 6
6297 7404 23
6297 7404 34
6297 7409 8
6297 7409 18
6297 7409 10
6297 7409 18
6297 7395 35
6297 7395 36
6297 7395 5
6297 7395 38
6297 7420 17
6297 7420 57
6297 7420 28
6297 7420 27
6297 7405 16
6297 7405 40
6297 7405 32
6297 7405 25
6297 7406 30
6297 7406 18
6297 7406 8
6297 7406 28
6297 7418 37
6297 7418 48
6297 7418 16
6297 7418 28
6297 7419 6
6297 7419 18
6297 7419 44
6297 7419 53
6297 7394 24
6297 7394 32
6297 7394 55
6297 7394 38
6297 7393 54
6297 7393 20
6297 7393 0
6297 7393 21
6297 7421 32
6297 7421 53
6297 7421 56
6297 7421 58
6297 7447 29
6297 7447 17
6297 7447 12
6297 7447 55
6297 7407 48
6297 7407 8
6297 7407 56
6297 7407 49
6297 7413 19
6297 7413 14
6297 7413 45
6297 7413 33
6297 7417 56
6297 7417 1
6297 7417 57
6297 7417 46
6297 7423 52
6297 7423 21
6297 7423 32
6297 7423 37
6297 7392 11
6297 7392 7
6297 7392 22
6297 7392 48
6297 7422 9
6297 7422 35
6297 7422 4
6297 7422 3
6297 7469 0
6297 7469 40
6297 7469 57
6297 7469 18
6297 7506 22
6297 7506 17
6297 7506 13
6297 7506 32
6297 7415 43
6297 7415 31
6297 7415 12
6297 7415 18
6297 7442 55
6297 7442 3
6297 7442 55
6297 7442 26
6297 7521 8
6297 7521 50
6297 7521 0
6297 7521 2
6297 7414 39
6297 7414 48
6297 7414 54
6297 7414 24
6297 8339 7
6297 8339 48
6297 8339 26
6297 8339 0
6297 7416 33
6297 7416 8
6297 7416 26
6297 7416 53
6297 7424 14
6297 7424 11
6297 7424 29
6297 7424 1
6297 7472 50
6297 7472 6
6297 7472 43
6297 7472 25
6297 7505 28
6297 7505 17
6297 7505 29
6297 7505 0
6297 7470 43
6297 7470 59
6297 7470 49
6297 7470 23
6297 7467 11
6297 7467 12
6297 7467 49
6297 7467 42
6296 7408 37
6296 7408 56
6296 7408 47
6296 7408 13
6296 7404 2
6296 7404 15
6296 7404 54
6296 7404 21
6296 7409 23
6296 7409 32
6296 7409 56
6296 7409 28
6296 7395 25
6296 7395 35
6296 7395 17
6296 7395 21
6296 7420 13
6296 7420 3
6296 7420 48
6296 7420 59
6296 7405 44
6296 7405 12
6296 7405 8
6296 7405 27
6296 7406 14
6296 7406 0
6296 7406 29
6296 7406 2
6296 7418 6
6296 7418 37
6296 7418 57
6296 7418 0
6296 7419 38
6296 7419 10
6296 7419 5
6296 7419 31
6296 7394 3
6296 7394 5
6296 7394 26
6296 7394 35
6296 7393 37
6296 7393 25
6296 7393 12
6296 7393 48
6296 7421 24
6296 7421 10
6296 7421 54
6296 7421 15
6296 7447 40
6296 7447 27
6296 7447 26
6296 7447 8
6296 7407 42
6296 7407 25
6296 7407 42
6296 7407 29
6296 7413 25
6296 7413 39
6296 7413 52
6296 7413 4
6296 7417 36
6296 7417 42
6296 7417 57
6296 7417 12
6296 7423 36
6296 7423 38
6296 7423 45
6296 7423 51
6296 7392 29
6296 7392 7
6296 7392 2
6296 7392 19
6296 7422 39
6296 7422 7
6296 7422 2
6296 7422 17
6296 7469 21
6296 7469 52
6296 7469 23
6296 7469 10
6296 7506 38
6296 7506 13
6296 7506 54
6296 7506 27
6296 7415 4
6296 7415 13
6296 7415 18
6296 7415 7
6296 7442 29
6296 7442 24
6296 7442 58
6296 7442 56
6296 7521 4
6296 7521 34
6296 7521 56
6296 7521 60
6296 7414 56
6296 7414 56
6296 7414 4
6296 7414 35
6296 8339 49
6296 8339 19
6296 8339 41
6296 8339 46
6296 7416 25
6296 7416 41
6296 7416 17
6296 7416 22
6296 7424 31
6296 7424 52
6296 7424 55
6296 7424 42
6296 7472 48
6296 7472 41
6296 7472 22
6296 7472 46
6296 7505 24
6296 7505 10
6296 7505 35
6296 7505 58
6296 7470 11
6296 7470 31
6296 7470 4
6296 7470 26
6296 7467 46
6296 7467 59
6296 7467 40
6296 7467 57
6098 7408 43
6098 7408 16
6098 7408 54
6098 7408 15
6098 7404 5
6098 7404 36
6098 7404 30
6098 7404 23
6098 7409 21
6098 7409 8
6098 7409 14
6098 7409 4
6098 7395 41
6098 7395 6
6098 7395 52
6098 7395 56
6098 7420 44
6098 7420 43
6098 7420 18
6098 7420 11
6098 7405 42
6098 7405 3
6098 7405 42
6098 7405 41
6098 7406 46
6098 7406 1
6098 7406 7
6098 7406 17
6098 7418 60
6098 7418 10
6098 7418 53
6098 7418 39
6098 7419 2
6098 7419 17
6098 7419 59
6098 7419 56
6098 7394 57
6098 7394 58
6098 7394 41
6098 7394 26
6098 7393 37
6098 7393 54
6098 7393 43
6098 7393 17
6098 7421 22
6098 7421 48
6098 7421 36
6098 7421 52
6098 7447 27
6098 7447 13
6098 7447 57
6098 7447 34
6098 7407 31
6098 7407 53
6098 7407 36
6098 7407 56
6098 7413 35
6098 7413 0
6098 7413 14
6098 7413 23
6098 7417 21
6098 7417 36
6098 7417 34
6098 7417 35
6098 7423 7
6098 7423 60
6098 7423 23
6098 7423 57
6098 7392 21
6098 7392 15
6098 7392 14
6098 7392 15
6098 7422 39
6098 7422 20
6098 7422 21
6098 7422 33
6098 7469 2
6098 7469 41
6098 7469 59
6098 7469 49
6098 7506 30
6098 7506 10
6098 7506 37
6098 7506 39
6098 7415 45
6098 7415 34
6098 7415 50
6098 7415 16
6098 7442 57
6098 7442 23
6098 7442 0
6098 7442 60
6098 7521 17
6098 7521 30
6098 7521 9
6098 7521 15
6098 7414 40
6098 7414 5
6098 7414 30
6098 7414 15
6098 8339 55
6098 8339 41
6098 8339 7
6098 8339 11
6098 7416 51
6098 7416 4
6098 7416 0
6098 7416 0
6098 7424 37
6098 7424 54
6098 7424 51
6098 7424 30
6098 7472 38
6098 7472 23
6098 7472 35
6098 7472 19
6098 7505 0
6098 7505 12
6098 7505 33
6098 7505 48
6098 7470 59
6098 7470 24
6098 7470 9
6098 7470 56
6098 7467 0
6098 7467 23
6098 7467 13
6098 7467 2
6373 7408 8
6373 7408 55
6373 7408 5
6373 7408 41
6373 7404 20
6373 7404 58
6373 7404 8
6373 7404 19
6373 7409 51
6373 7409 55
6373 7409 26
6373 7409 46
6373 7395 29
6373 7395 60
6373 7395 45
6373 7395 45
6373 7420 19
6373 7420 59
6373 7420 31
6373 7420 1
6373 7405 11
6373 7405 60
6373 7405 13
6373 7405 18
6373 7406 29
6373 7406 39
6373 7406 56
6373 7406 57
6373 7418 40
6373 7418 56
6373 7418 18
6373 7418 15
6373 7419 54
6373 7419 40
6373 7419 18
6373 7419 55
6373 7394 21
6373 7394 36
6373 7394 12
6373 7394 26
6373 7393 60
6373 7393 49
6373 7393 9
6373 7393 0
6373 7421 28
6373 7421 42
6373 7421 3
6373 7421 3
6373 7447 45
6373 7447 29
6373 7447 17
6373 7447 23
6373 7407 59
6373 7407 2
6373 7407 9
6373 7407 3
6373 7413 6
6373 7413 9
6373 7413 42
6373 7413 20
6373 7417 41
6373 7417 59
6373 7417 50
6373 7417 25
6373 7423 47
6373 7423 14
6373 7423 56
6373 7423 26
6373 7392 11
6373 7392 10
6373 7392 18
6373 7392 5
6373 7422 41
6373 7422 46
6373 7422 24
6373 7422 26
6373 7469 10
6373 7469 46
6373 7469 30
6373 7469 16
6373 7506 38
6373 7506 34
6373 7506 6
6373 7506 2
6373 7415 36
6373 7415 10
6373 7415 34
6373 7415 35
6373 7442 6
6373 7442 1
6373 7442 4
6373 7442 36
6373 7521 27
6373 7521 38
6373 7521 33
6373 7521 24
6373 7414 5
6373 7414 16
6373 7414 7
6373 7414 6
6373 8339 8
6373 8339 45
6373 8339 6
6373 8339 40
6373 7416 39
6373 7416 57
6373 7416 16
6373 7416 1
6373 7424 51
6373 7424 15
6373 7424 40
6373 7424 44
6373 7472 50
6373 7472 3
6373 7472 17
6373 7472 17
6373 7505 44
6373 7505 41
6373 7505 13
6373 7505 15
6373 7470 2
6373 7470 15
6373 7470 13
6373 7470 49
6373 7467 35
6373 7467 54
6373 7467 47
6373 7467 27
6699 7408 4
6699 7408 2
6699 7408 56
6699 7408 32
6699 7404 22
6699 7404 37
6699 7404 34
6699 7404 28
6699 7409 54
6699 7409 56
6699 7409 34
6699 7409 0
6699 7395 43
6699 7395 33
6699 7395 6
6699 7395 38
6699 7420 39
6699 7420 27
6699 7420 48
6699 7420 11
6699 7405 47
6699 7405 2
6699 7405 54
6699 7405 50
6699 7406 52
6699 7406 46
6699 7406 15
6699 7406 46
6699 7418 50
6699 7418 8
6699 7418 45
6699 7418 11
6699 7419 0
6699 7419 58
6699 7419 2
6699 7419 5
6699 7394 44
6699 7394 0
6699 7394 9
6699 7394 19
6699 7393 45
6699 7393 13
6699 7393 13
6699 7393 45
6699 7421 55
6699 7421 30
6699 7421 49
6699 7421 8
6699 7447 60
6699 7447 26
6699 7447 12
6699 7447 33
6699 7407 48
6699 7407 53
6699 7407 31
6699 7407 55
6699 7413 27
6699 7413 9
6699 7413 27
6699 7413 32
6699 7417 25
6699 7417 0
6699 7417 55
6699 7417 31
6699 7423 48
6699 7423 31
6699 7423 15
6699 7423 6
6699 7392 52
6699 7392 17
6699 7392 54
6699 7392 35
6699 7422 28
6699 7422 16
6699 7422 26
6699 7422 44
6699 7469 34
6699 7469 16
6699 7469 26
6699 7469 0
6699 7506 37
6699 7506 57
6699 7506 39
6699 7506 21
6699 7415 39
6699 7415 23
6699 7415 44
6699 7415 54
6699 7442 23
6699 7442 55
6699 7442 28
6699 7442 37
6699 7521 5
6699 7521 21
6699 7521 30
6699 7521 46
6699 7414 55
6699 7414 55
6699 7414 44
6699 7414 46
6699 8339 31
6699 8339 43
6699 8339 25
6699 8339 14
6699 7416 43
6699 7416 22
6699 7416 58
6699 7416 5
6699 7424 34
6699 7424 53
6699 7424 25
6699 7424 13
6699 7472 38
6699 7472 14
6699 7472 56
6699 7472 59
6699 7505 30
6699 7505 52
6699 7505 24
6699 7505 18
6699 7470 12
6699 7470 39
6699 7470 50
6699 7470 2
6699 7467 28
6699 7467 1
6699 7467 52
6699 7467 41
5887 7408 31
5887 7408 52
5887 7408 31
5887 7408 56
5887 7404 56
5887 7404 31
5887 7404 58
5887 7404 1
5887 7409 27
5887 7409 31
5887 7409 18
5887 7409 4
5887 7395 24
5887 7395 32
5887 7395 58
5887 7395 8
5887 7420 19
5887 7420 40
5887 7420 2
5887 7420 13
5887 7405 31
5887 7405 18
5887 7405 29
5887 7405 30
5887 7406 3
5887 7406 43
5887 7406 54
5887 7406 45
5887 7418 46
5887 7418 31
5887 7418 46
5887 7418 1
5887 7419 60
5887 7419 55
5887 7419 28
5887 7419 13
5887 7394 51
5887 7394 51
5887 7394 5
5887 7394 52
5887 7393 16
5887 7393 0
5887 7393 58
5887 7393 48
5887 7421 52
5887 7421 41
5887 7421 49
5887 7421 23
5887 7447 43
5887 7447 54
5887 7447 39
5887 7447 35
5887 7407 33
5887 7407 1
5887 7407 27
5887 7407 26
5887 7413 29
5887 7413 42
5887 7413 34
5887 7413 29
5887 7417 3
5887 7417 20
5887 7417 41
5887 7417 1
5887 7423 45
5887 7423 5
5887 7423 46
5887 7423 44
5887 7392 39
5887 7392 20
5887 7392 5
5887 7392 24
5887 7422 34
5887 7422 28
5887 7422 51
5887 7422 53
5887 7469 17
5887 7469 29
5887 7469 6
5887 7469 7
5887 7506 28
5887 7506 32
5887 7506 8
5887 7506 36
5887 7415 35
5887 7415 4
5887 7415 40
5887 7415 36
5887 7442 34
5887 7442 10
5887 7442 51
5887 7442 42
5887 7521 58
5887 7521 22
5887 7521 1
5887 7521 58
5887 7414 33
5887 7414 11
5887 7414 58
5887 7414 59
5887 8339 18
5887 8339 45
5887 8339 44
5887 8339 56
5887 7416 43
5887 7416 13
5887 7416 53
5887 7416 7
5887 7424 10
5887 7424 30
5887 7424 24
5887 7424 57
5887 7472 45
5887 7472 56
5887 7472 4
5887 7472 1
5887 7505 28
5887 7505 36
5887 7505 42
5887 7505 13
5887 7470 9
5887 7470 0
5887 7470 18
5887 7470 25
5887 7467 38
5887 7467 10
5887 7467 27
5887 7467 41
6097 7408 10
6097 7408 32
6097 7408 23
6097 7408 5
6097 7404 35
6097 7404 21
6097 7404 36
6097 7404 37
6097 7409 10
6097 7409 24
6097 7409 49
6097 7409 40
6097 7395 44
6097 7395 33
6097 7395 0
6097 7395 10
6097 7420 31
6097 7420 33
6097 7420 51
6097 7420 12
6097 7405 20
6097 7405 25
6097 7405 42
6097 7405 42
6097 7406 43
6097 7406 31
6097 7406 13
6097 7406 38
6097 7418 3
6097 7418 17
6097 7418 41
6097 7418 32
6097 7419 55
6097 7419 15
6097 7419 58
6097 7419 24
6097 7394 25
6097 7394 9
6097 7394 21
6097 7394 45
6097 7393 6
6097 7393 57
6097 7393 8
6097 7393 19
6097 7421 42
6097 7421 60
6097 7421 6
6097 7421 58
6097 7447 30
6097 7447 4
6097 7447 40
6097 7447 22
6097 7407 5
6097 7407 57
6097 7407 56
6097 7407 45
6097 7413 58
6097 7413 47
6097 7413 34
6097 7413 16
6097 7417 2
6097 7417 60
6097 7417 34
6097 7417 37
6097 7423 59
6097 7423 2
6097 7423 50
6097 7423 54
6097 7392 13
6097 7392 32
6097 7392 1
6097 7392 38
6097 7422 44
6097 7422 37
6097 7422 22
6097 7422 8
6097 7469 58
6097 7469 60
6097 7469 24
6097 7469 47
6097 7506 19
6097 7506 44
6097 7506 46
6097 7506 41
6097 7415 43
6097 7415 26
6097 7415 31
6097 7415 37
6097 7442 46
6097 7442 12
6097 7442 55
6097 7442 30
6097 7521 51
6097 7521 13
6097 7521 3
6097 7521 45
6097 7414 52
6097 7414 35
6097 7414 31
6097 7414 19
6097 8339 30
6097 8339 21
6097 8339 52
6097 8339 49
6097 7416 20
6097 7416 58
6097 7416 54
6097 7416 55
6097 7424 59
6097 7424 22
6097 7424 51
6097 7424 35
6097 7472 50
6097 7472 36
6097 7472 51
6097 7472 8
6097 7505 2
6097 7505 6
6097 7505 48
6097 7505 32
6097 7470 49
6097 7470 25
6097 7470 5
6097 7470 59
6097 7467 52
6097 7467 39
6097 7467 53
6097 7467 39
6100 7408 25
6100 7408 57
6100 7408 12
6100 7408 43
6100 7404 20
6100 7404 37
6100 7404 56
6100 7404 37
6100 7409 28
6100 7409 20
6100 7409 11
6100 7409 57
6100 7395 53
6100 7395 23
6100 7395 42
6100 7395 46
6100 7420 18
6100 7420 20
6100 7420 16
6100 7420 53
6100 7405 29
6100 7405 2
6100 7405 10
6100 7405 57
6100 7406 54
6100 7406 1
6100 7406 40
6100 7406 21
6100 7418 52
6100 7418 55
6100 7418 55
6100 7418 20
6100 7419 58
6100 7419 58
6100 7419 7
6100 7419 38
6100 7394 10
6100 7394 22
6100 7394 25
6100 7394 43
6100 7393 7
6100 7393 35
6100 7393 2
6100 7393 31
6100 7421 57
6100 7421 13
6100 7421 16
6100 7421 41
6100 7447 34
6100 7447 46
6100 7447 24
6100 7447 4
6100 7407 18
6100 7407 54
6100 7407 40
6100 7407 37
6100 7413 18
6100 7413 47
6100 7413 38
6100 7413 13
6100 7417 32
6100 7417 37
6100 7417 22
6100 7417 46
6100 7423 26
6100 7423 39
6100 7423 10
6100 7423 11
6100 7392 23
6100 7392 34
6100 7392 51
6100 7392 16
6100 7422 5
6100 7422 13
6100 7422 40
6100 7422 13
6100 7469 51
6100 7469 12
6100 7469 15
6100 7469 3
6100 7506 2
6100 7506 14
6100 7506 49
6100 7506 17
6100 7415 55
6100 7415 4
6100 7415 49
6100 7415 53
6100 7442 60
6100 7442 34
6100 7442 9
6100 7442 56
6100 7521 21
6100 7521 9
6100 7521 38
6100 7521 5
6100 7414 7
6100 7414 0
6100 7414 49
6100 7414 57
6100 8339 18
6100 8339 26
6100 8339 46
6100 8339 32
6100 7416 22
6100 7416 0
6100 7416 41
6100 7416 54
6100 7424 52
6100 7424 45
6100 7424 55
6100 7424 1
6100 7472 5
6100 7472 58
6100 7472 32
6100 7472 13
6100 7505 60
6100 7505 60
6100 7505 54
6100 7505 60
6100 7470 49
6100 7470 15
6100 7470 41
6100 7470 57
6100 7467 31
6100 7467 53
6100 7467 38
6100 7467 0
6337 7408 60
6337 7408 1
6337 7408 18
6337 7408 23
6337 7404 26
6337 7404 26
6337 7404 48
6337 7404 60
6337 7409 36
6337 7409 22
6337 7409 46
6337 7409 11
6337 7395 8
6337 7395 27
6337 7395 42
6337 7395 15
6337 7420 57
6337 7420 4
6337 7420 58
6337 7420 28
6337 7405 25
6337 7405 29
6337 7405 50
6337 7405 38
6337 7406 4
6337 7406 28
6337 7406 11
6337 7406 18
6337 7418 28
6337 7418 3
6337 7418 4
6337 7418 49
6337 7419 2
6337 7419 35
6337 7419 4
6337 7419 55
6337 7394 12
6337 7394 8
6337 7394 28
6337 7394 48
6337 7393 38
6337 7393 13
6337 7393 31
6337 7393 1
6337 7421 7
6337 7421 37
6337 7421 47
6337 7421 54
6337 7447 16
6337 7447 49
6337 7447 26
6337 7447 36
6337 7407 50
6337 7407 30
6337 7407 43
6337 7407 22
6337 7413 1
6337 7413 11
6337 7413 21
6337 7413 51
6337 7417 25
6337 7417 0
6337 7417 5
6337 7417 51
6337 7423 17
6337 7423 45
6337 7423 44
6337 7423 41
6337 7392 37
6337 7392 34
6337 7392 18
6337 7392 39
6337 7422 26
6337 7422 21
6337 7422 36
6337 7422 56
6337 7469 18
6337 7469 51
6337 7469 28
6337 7469 5
6337 7506 56
6337 7506 7
6337 7506 32
6337 7506 13
6337 7415 28
6337 7415 37
6337 7415 30
6337 7415 52
6337 7442 51
6337 7442 39
6337 7442 49
6337 7442 35
6337 7521 27
6337 7521 54
6337 7521 28
6337 7521 0
6337 7414 42
6337 7414 21
6337 7414 24
6337 7414 54
6337 8339 59
6337 8339 55
6337 8339 4
6337 8339 55
6337 7416 25
6337 7416 43
6337 7416 60
6337 7416 59
6337 7424 6
6337 7424 31
6337 7424 45
6337 7424 25
6337 7472 50
6337 7472 5
6337 7472 5
6337 7472 58
6337 7505 58
6337 7505 43
6337 7505 40
6337 7505 33
6337 7470 17
6337 7470 14
6337 7470 52
6337 7470 45
6337 7467 21
6337 7467 27
6337 7467 52
6337 7467 39
6339 7408 27
6339 7408 18
6339 7408 7
6339 7408 31
6339 7404 48
6339 7404 50
6339 7404 24
6339 7404 40
6339 7409 42
6339 7409 18
6339 7409 25
6339 7409 18
6339 7395 41
6339 7395 57
6339 7395 3
6339 7395 60
6339 7420 45
6339 7420 45
6339 7420 25
6339 7420 36
6339 7405 37
6339 7405 1
6339 7405 3
6339 7405 17
6339 7406 18
6339 7406 45
6339 7406 42
6339 7406 55
6339 7418 7
6339 7418 32
6339 7418 0
6339 7418 55
6339 7419 1
6339 7419 22
6339 7419 32
6339 7419 15
6339 7394 59
6339 7394 57
6339 7394 42
6339 7394 16
6339 7393 7
6339 7393 0
6339 7393 56
6339 7393 28
6339 7421 57
6339 7421 40
6339 7421 55
6339 7421 6
6339 7447 5
6339 7447 33
6339 7447 54
6339 7447 3
6339 7407 12
6339 7407 23
6339 7407 6
6339 7407 15
6339 7413 16
6339 7413 24
6339 7413 38
6339 7413 41
6339 7417 20
6339 7417 3
6339 7417 46
6339 7417 8
6339 7423 21
6339 7423 11
6339 7423 58
6339 7423 31
6339 7392 2
6339 7392 23
6339 7392 39
6339 7392 2
6339 7422 8
6339 7422 32
6339 7422 48
6339 7422 6
6339 7469 41
6339 7469 1
6339 7469 41
6339 7469 1
6339 7506 3
6339 7506 28
6339 7506 53
6339 7506 37
6339 7415 41
6339 7415 34
6339 7415 57
6339 7415 10
6339 7442 20
6339 7442 20
6339 7442 48
6339 7442 15
6339 7521 59
6339 7521 40
6339 7521 45
6339 7521 46
6339 7414 9
6339 7414 48
6339 7414 55
6339 7414 4
6339 8339 46
6339 8339 33
6339 8339 53
6339 8339 22
6339 7416 36
6339 7416 28
6339 7416 49
6339 7416 0
6339 7424 32
6339 7424 43
6339 7424 59
6339 7424 25
6339 7472 31
6339 7472 6
6339 7472 58
6339 7472 26
6339 7505 18
6339 7505 10
6339 7505 4
6339 7505 33
6339 7470 15
6339 7470 16
6339 7470 45
6339 7470 28
6339 7467 11
6339 7467 3
6339 7467 6
6339 7467 52
5886 7408 40
5886 7408 30
5886 7408 6
5886 7408 20
5886 7404 19
5886 7404 44
5886 7404 60
5886 7404 15
5886 7409 54
5886 7409 15
5886 7409 30
5886 7409 25
5886 7395 52
5886 7395 11
5886 7395 20
5886 7395 60
5886 7420 49
5886 7420 47
5886 7420 0
5886 7420 40
5886 7405 44
5886 7405 5
5886 7405 42
5886 7405 48
5886 7406 0
5886 7406 1
5886 7406 43
5886 7406 30
5886 7418 50
5886 7418 14
5886 7418 16
5886 7418 8
5886 7419 59
5886 7419 11
5886 7419 56
5886 7419 26
5886 7394 45
5886 7394 16
5886 7394 26
5886 7394 37
5886 7393 27
5886 7393 30
5886 7393 11
5886 7393 46
5886 7421 11
5886 7421 0
5886 7421 14
5886 7421 2
5886 7447 11
5886 7447 9
5886 7447 34
5886 7447 37
5886 7407 59
5886 7407 15
5886 7407 39
5886 7407 7
5886 7413 48
5886 7413 37
5886 7413 36
5886 7413 3
5886 7417 59
5886 7417 39
5886 7417 0
5886 7417 42
5886 7423 14
5886 7423 37
5886 7423 12
5886 7423 34
5886 7392 16
5886 7392 48
5886 7392 2
5886 7392 2
5886 7422 58
5886 7422 37
5886 7422 4
5886 7422 3
5886 7469 3
5886 7469 15
5886 7469 32
5886 7469 10
5886 7506 53
5886 7506 7
5886 7506 57
5886 7506 59
5886 7415 50
5886 7415 54
5886 7415 33
5886 7415 49
5886 7442 26
5886 7442 10
5886 7442 13
5886 7442 49
5886 7521 33
5886 7521 49
5886 7521 11
5886 7521 20
5886 7414 4
5886 7414 60
5886 7414 13
5886 7414 30
5886 8339 36
5886 8339 39
5886 8339 13
5886 8339 26
5886 7416 37
5886 7416 3
5886 7416 17
5886 7416 5
5886 7424 53
5886 7424 16
5886 7424 29
5886 7424 15
5886 7472 23
5886 7472 56
5886 7472 12
5886 7472 39
5886 7505 11
5886 7505 40
5886 7505 17
5886 7505 14
5886 7470 56
5886 7470 28
5886 7470 38
5886 7470 0
5886 7467 50
5886 7467 29
5886 7467 59
5886 7467 42
6336 7408 22
6336 7408 23
6336 7408 22
6336 7408 33
6336 7404 16
6336 7404 21
6336 7404 9
6336 7404 47
6336 7409 16
6336 7409 43
6336 7409 59
6336 7409 40
6336 7395 19
6336 7395 7
6336 7395 31
6336 7395 58
6336 7420 49
6336 7420 60
6336 7420 21
6336 7420 14
6336 7405 59
6336 7405 23
6336 7405 8
6336 7405 55
6336 7406 20
6336 7406 59
6336 7406 29
6336 7406 20
6336 7418 0
6336 7418 42
6336 7418 49
6336 7418 15
6336 7419 37
6336 7419 57
6336 7419 39
6336 7419 3
6336 7394 0
6336 7394 5
6336 7394 7
6336 7394 2
6336 7393 16
6336 7393 54
6336 7393 60
6336 7393 50
6336 7421 8
6336 7421 11
6336 7421 4
6336 7421 20
6336 7447 19
6336 7447 10
6336 7447 4
6336 7447 54
6336 7407 40
6336 7407 16
6336 7407 35
6336 7407 15
6336 7413 29
6336 7413 11
6336 7413 36
6336 7413 0
6336 7417 40
6336 7417 14
6336 7417 28
6336 7417 58
6336 7423 51
6336 7423 30
6336 7423 18
6336 7423 6
6336 7392 51
6336 7392 45
6336 7392 47
6336 7392 38
6336 7422 29
6336 7422 12
6336 7422 30
6336 7422 25
6336 7469 43
6336 7469 43
6336 7469 56
6336 7469 34
6336 7506 24
6336 7506 34
6336 7506 38
6336 7506 18
6336 7415 9
6336 7415 36
6336 7415 18
6336 7415 50
6336 7442 14
6336 7442 12
6336 7442 32
6336 7442 7
6336 7521 23
6336 7521 38
6336 7521 3
6336 7521 60
6336 7414 3
6336 7414 29
6336 7414 40
6336 7414 31
6336 8339 25
6336 8339 11
6336 8339 48
6336 8339 29
6336 7416 15
6336 7416 22
6336 7416 52
6336 7416 26
6336 7424 2
6336 7424 1
6336 7424 47
6336 7424 40
6336 7472 9
6336 7472 36
6336 7472 1
6336 7472 57
6336 7505 12
6336 7505 42
6336 7505 3
6336 7505 13
6336 7470 4
6336 7470 24
6336 7470 43
6336 7470 49
6336 7467 15
6336 7467 52
6336 7467 11
6336 7467 42
5888 7408 0
5888 7408 30
5888 7408 37
5888 7408 53
5888 7404 0
5888 7404 34
5888 7404 55
5888 7404 5
5888 7409 1
5888 7409 7
5888 7409 3
5888 7409 1
5888 7395 5
5888 7395 16
5888 7395 30
5888 7395 10
5888 7420 5
5888 7420 6
5888 7420 21
5888 7420 3
5888 7405 54
5888 7405 27
5888 7405 32
5888 7405 2
5888 7406 31
5888 7406 19
5888 7406 46
5888 7406 45
5888 7418 43
5888 7418 6
5888 7418 49
5888 7418 45
5888 7419 35
5888 7419 43
5888 7419 60
5888 7419 40
5888 7394 53
5888 7394 48
5888 7394 25
5888 7394 5
5888 7393 7
5888 7393 47
5888 7393 21
5888 7393 40
5888 7421 50
5888 7421 29
5888 7421 54
5888 7421 44
5888 7447 44
5888 7447 48
5888 7447 10
5888 7447 2
5888 7407 17
5888 7407 6
5888 7407 57
5888 7407 21
5888 7413 20
5888 7413 48
5888 7413 53
5888 7413 29
5888 7417 27
5888 7417 23
5888 7417 23
5888 7417 39
5888 7423 41
5888 7423 19
5888 7423 4
5888 7423 4
5888 7392 53
5888 7392 27
5888 7392 14
5888 7392 51
5888 7422 51
5888 7422 39
5888 7422 51
5888 7422 3
5888 7469 9
5888 7469 56
5888 7469 26
5888 7469 8
5888 7506 55
5888 7506 5
5888 7506 53
5888 7506 24
5888 7415 32
5888 7415 47
5888 7415 55
5888 7415 11
5888 7442 5
5888 7442 52
5888 7442 53
5888 7442 21
5888 7521 58
5888 7521 30
5888 7521 7
5888 7521 28
5888 7414 18
5888 7414 38
5888 7414 55
5888 7414 22
5888 8339 47
5888 8339 24
5888 8339 4
5888 8339 10
5888 7416 0
5888 7416 30
5888 7416 16
5888 7416 34
5888 7424 45
5888 7424 25
5888 7424 1
5888 7424 13
5888 7472 23
5888 7472 6
5888 7472 35
5888 7472 20
5888 7505 33
5888 7505 17
5888 7505 2
5888 7505 18
5888 7470 36
5888 7470 0
5888 7470 37
5888 7470 48
5888 7467 9
5888 7467 18
5888 7467 43
5888 7467 58
6099 7408 18
6099 7408 30
6099 7408 4
6099 7408 14
6099 7404 0
6099 7404 45
6099 7404 8
6099 7404 50
6099 7409 5
6099 7409 18
6099 7409 37
6099 7409 5
6099 7395 39
6099 7395 48
6099 7395 58
6099 7395 3
6099 7420 46
6099 7420 2
6099 7420 15
6099 7420 51
6099 7405 18
6099 7405 14
6099 7405 33
6099 7405 58
6099 7406 2
6099 7406 24
6099 7406 51
6099 7406 18
6099 7418 22
6099 7418 12
6099 7418 46
6099 7418 45
6099 7419 28
6099 7419 34
6099 7419 53
6099 7419 8
6099 7394 47
6099 7394 0
6099 7394 28
6099 7394 12
6099 7393 23
6099 7393 43
6099 7393 32
6099 7393 8
6099 7421 55
6099 7421 12
6099 7421 26
6099 7421 53
6099 7447 27
6099 7447 31
6099 7447 10
6099 7447 34
6099 7407 27
6099 7407 34
6099 7407 29
6099 7407 58
6099 7413 30
6099 7413 8
6099 7413 9
6099 7413 51
6099 7417 20
6099 7417 44
6099 7417 13
6099 7417 55
6099 7423 51
6099 7423 56
6099 7423 41
6099 7423 10
6099 7392 8
6099 7392 27
6099 7392 24
6099 7392 23
6099 7422 32
6099 7422 35
6099 7422 2
6099 7422 14
6099 7469 1
6099 7469 24
6099 7469 56
6099 7469 13
6099 7506 59
6099 7506 59
6099 7506 7
6099 7506 28
6099 7415 38
6099 7415 39
6099 7415 52
6099 7415 39
6099 7442 45
6099 7442 56
6099 7442 28
6099 7442 51
6099 7521 31
6099 7521 51
6099 7521 60
6099 7521 52
6099 7414 30
6099 7414 4
6099 7414 0
6099 7414 23
6099 8339 48
6099 8339 2
6099 8339 2
6099 8339 9
6099 7416 38
6099 7416 32
6099 7416 17
6099 7416 7
6099 7424 19
6099 7424 48
6099 7424 15
6099 7424 0
6099 7472 31
6099 7472 58
6099 7472 57
6099 7472 38
6099 7505 53
6099 7505 25
6099 7505 3
6099 7505 1
6099 7470 21
6099 7470 38
6099 7470 40
6099 7470 30
6099 7467 39
6099 7467 42
6099 7467 36
6099 7467 49
6338 7408 44
6338 7408 49
6338 7408 8
6338 7408 53
6338 7404 38
6338 7404 12
6338 7404 22
6338 7404 24
6338 7409 3
6338 7409 7
6338 7409 55
6338 7409 31
6338 7395 31
6338 7395 0
6338 7395 23
6338 7395 48
6338 7420 30
6338 7420 59
6338 7420 15
6338 7420 52
6338 7405 4
6338 7405 3
6338 7405 38
6338 7405 51
6338 7406 43
6338 7406 23
6338 7406 2
6338 7406 25
6338 7418 50
6338 7418 37
6338 7418 4
6338 7418 5
6338 7419 39
6338 7419 1
6338 7419 27
6338 7419 42
6338 7394 21
6338 7394 42
6338 7394 56
6338 7394 37
6338 7393 3
6338 7393 24
6338 7393 8
6338 7393 14
6338 7421 15
6338 7421 39
6338 7421 58
6338 7421 48
6338 7447 20
6338 7447 47
6338 7447 38
6338 7447 3
6338 7407 44
6338 7407 9
6338 7407 15
6338 7407 36
6338 7413 29
6338 7413 7
6338 7413 60
6338 7413 34
6338 7417 56
6338 7417 25
6338 7417 25
6338 7417 29
6338 7423 24
6338 7423 48
6338 7423 41
6338 7423 6
6338 7392 16
6338 7392 59
6338 7392 13
6338 7392 57
6338 7422 5
6338 7422 18
6338 7422 9
6338 7422 54
6338 7469 9
6338 7469 15
6338 7469 19
6338 7469 18
6338 7506 54
6338 7506 41
6338 7506 59
6338 7506 52
6338 7415 2
6338 7415 51
6338 7415 23
6338 7415 16
6338 7442 33
6338 7442 0
6338 7442 43
6338 7442 48
6338 7521 55
6338 7521 26
6338 7521 11
6338 7521 13
6338 7414 46
6338 7414 14
6338 7414 9
6338 7414 13
6338 8339 39
6338 8339 50
6338 8339 16
6338 8339 39
6338 7416 10
6338 7416 43
6338 7416 33
6338 7416 37
6338 7424 15
6338 7424 26
6338 7424 32
6338 7424 49
6338 7472 13
6338 7472 49
6338 7472 38
6338 7472 56
6338 7505 17
6338 7505 32
6338 7505 31
6338 7505 25
6338 7470 0
6338 7470 40
6338 7470 46
6338 7470 23
6338 7467 47
6338 7467 60
6338 7467 57
6338 7467 14
9820 7408 4
9820 7408 10
9820 7408 39
9820 7408 8
9820 7404 12
9820 7404 1
9820 7404 39
9820 7404 24
9820 7409 54
9820 7409 27
9820 7409 9
9820 7409 42
9820 7395 57
9820 7395 18
9820 7395 54
9820 7395 3
9820 7420 40
9820 7420 19
9820 7420 44
9820 7420 48
9820 7405 45
9820 7405 31
9820 7405 22
9820 7405 60
9820 7406 6
9820 7406 59
9820 7406 6
9820 7406 56
9820 7418 29
9820 7418 12
9820 7418 45
9820 7418 51
9820 7419 1
9820 7419 54
9820 7419 27
9820 7419 36
9820 7394 19
9820 7394 44
9820 7394 14
9820 7394 27
9820 7393 12
9820 7393 16
9820 7393 46
9820 7393 3
9820 7421 28
9820 7421 51
9820 7421 11
9820 7421 34
9820 7447 25
9820 7447 43
9820 7447 39
9820 7447 51
9820 7407 11
9820 7407 33
9820 7407 25
9820 7407 31
9820 7413 59
9820 7413 16
9820 7413 48
9820 7413 5
9820 7417 8
9820 7417 35
9820 7417 23
9820 7417 6
9820 7423 39
9820 7423 4
9820 7423 47
9820 7423 59
9820 7392 28
9820 7392 45
9820 7392 58
9820 7392 12
9820 7422 44
9820 7422 55
9820 7422 15
9820 7422 22
9820 7469 60
9820 7469 43
9820 7469 17
9820 7469 5
9820 7506 54
9820 7506 0
9820 7506 20
9820 7506 8
9820 7415 27
9820 7415 34
9820 7415 2
9820 7415 0
9820 7442 52
9820 7442 22
9820 7442 14
9820 7442 36
9820 7521 24
9820 7521 22
9820 7521 17
9820 7521 38
9820 7414 9
9820 7414 50
9820 7414 31
9820 7414 56
9820 8339 9
9820 8339 38
9820 8339 32
9820 8339 54
9820 7416 23
9820 7416 7
9820 7416 49
9820 7416 6
9820 7424 32
9820 7424 30
9820 7424 30
9820 7424 1
9820 7472 15
9820 7472 14
9820 7472 10
9820 7472 54
9820 7505 57
9820 7505 14
9820 7505 13
9820 7505 30
9820 7470 39
9820 7470 12
9820 7470 46
9820 7470 57
9820 7467 27
9820 7467 54
9820 7467 5
9820 7467 46
5969 7408 28
5969 7408 13
5969 7408 10
5969 7408 44
5969 7404 42
5969 7404 44
5969 7404 31
5969 7404 57
5969 7409 32
5969 7409 5
5969 7409 60
5969 7409 29
5969 7395 20
5969 7395 11
5969 7395 49
5969 7395 5
5969 7420 19
5969 7420 38
5969 7420 57
5969 7420 26
5969 7405 27
5969 7405 19
5969 7405 0
5969 7405 56
5969 7406 7
5969 7406 3
5969 7406 17
5969 7406 22
5969 7418 53
5969 7418 10
5969 7418 17
5969 7418 30
5969 7419 2
5969 7419 6
5969 7419 58
5969 7419 58
5969 7394 28
5969 7394 27
5969 7394 55
5969 7394 32
5969 7393 23
5969 7393 8
5969 7393 47
5969 7393 41
5969 7421 49
5969 7421 2
5969 7421 15
5969 7421 11
5969 7447 38
5969 7447 52
5969 7447 51
5969 7447 9
5969 7407 44
5969 7407 0
5969 7407 0
5969 7407 13
5969 7413 45
5969 7413 5
5969 7413 27
5969 7413 45
5969 7417 35
5969 7417 22
5969 7417 27
5969 7417 31
5969 7423 44
5969 7423 34
5969 7423 37
5969 7423 29
5969 7392 5
5969 7392 34
5969 7392 21
5969 7392 25
5969 7422 26
5969 7422 59
5969 7422 4
5969 7422 52
5969 7469 55
5969 7469 28
5969 7469 59
5969 7469 28
5969 7506 23
5969 7506 33
5969 7506 22
5969 7506 26
5969 7415 34
5969 7415 34
5969 7415 2
5969 7415 25
5969 7442 47
5969 7442 18
5969 7442 7
5969 7442 11
5969 7521 6
5969 7521 59
5969 7521 8
5969 7521 29
5969 7414 10
5969 7414 30
5969 7414 23
5969 7414 59
5969 8339 31
5969 8339 51
5969 8339 48
5969 8339 47
5969 7416 12
5969 7416 45
5969 7416 8
5969 7416 59
5969 7424 57
5969 7424 8
5969 7424 13
5969 7424 18
5969 7472 34
5969 7472 42
5969 7472 13
5969 7472 48
5969 7505 39
5969 7505 37
5969 7505 26
5969 7505 60
5969 7470 22
5969 7470 10
5969 7470 25
5969 7470 36
5969 7467 15
5969 7467 18
5969 7467 14
5969 7467 4
6434 7408 15
6434 7408 18
6434 7408 16
6434 7408 41
6434 7404 33
6434 7404 32
6434 7404 58
6434 7404 57
6434 7409 44
6434 7409 48
6434 7409 14
6434 7409 36
6434 7395 4
6434 7395 15
6434 7395 52
6434 7395 34
6434 7420 54
6434 7420 55
6434 7420 21
6434 7420 27
6434 7405 26
6434 7405 59
6434 7405 27
6434 7405 3
6434 7406 19
6434 7406 20
6434 7406 49
6434 7406 18
6434 7418 19
6434 7418 2
6434 7418 43
6434 7418 54
6434 7419 14
6434 7419 60
6434 7419 42
6434 7419 14
6434 7394 18
6434 7394 37
6434 7394 15
6434 7394 25
6434 7393 33
6434 7393 45
6434 7393 58
6434 7393 28
6434 7421 52
6434 7421 53
6434 7421 35
6434 7421 55
6434 7447 2
6434 7447 22
6434 7447 14
6434 7447 11
6434 7407 16
6434 7407 43
6434 7407 0
6434 7407 46
6434 7413 34
6434 7413 38
6434 7413 7
6434 7413 10
6434 7417 13
6434 7417 38
6434 7417 51
6434 7417 55
6434 7423 21
6434 7423 2
6434 7423 54
6434 7423 25
6434 7392 50
6434 7392 23
6434 7392 49
6434 7392 2
6434 7422 51
6434 7422 25
6434 7422 26
6434 7422 15
6434 7469 37
6434 7469 8
6434 7469 0
6434 7469 57
6434 7506 13
6434 7506 3
6434 7506 58
6434 7506 20
6434 7415 25
6434 7415 35
6434 7415 1
6434 7415 33
6434 7442 42
6434 7442 23
6434 7442 29
6434 7442 25
6434 7521 23
6434 7521 4
6434 7521 58
6434 7521 36
6434 7414 11
6434 7414 1
6434 7414 44
6434 7414 18
6434 8339 53
6434 8339 27
6434 8339 48
6434 8339 51
6434 7416 25
6434 7416 54
6434 7416 39
6434 7416 53
6434 7424 10
6434 7424 44
6434 7424 17
6434 7424 52
6434 7472 49
6434 7472 55
6434 7472 60
6434 7472 30
6434 7505 42
6434 7505 22
6434 7505 14
6434 7505 40
6434 7470 43
6434 7470 42
6434 7470 14
6434 7470 51
6434 7467 24
6434 7467 20
6434 7467 42
6434 7467 4
9810 7408 44
9810 7408 17
9810 7408 0
9810 7408 1
9810 7404 56
9810 7404 27
9810 7404 25
9810 7404 17
9810 7409 26
9810 7409 29
9810 7409 4
9810 7409 9
9810 7395 48
9810 7395 41
9810 7395 24
9810 7395 31
9810 7420 6
9810 7420 2
9810 7420 25
9810 7420 9
9810 7405 4
9810 7405 4
9810 7405 21
9810 7405 24
9810 7406 41
9810 7406 25
9810 7406 20
9810 7406 11
9810 7418 56
9810 7418 1
9810 7418 37
9810 7418 6
9810 7419 19
9810 7419 10
9810 7419 48
9810 7419 19
9810 7394 40
9810 7394 55
9810 7394 18
9810 7394 21
9810 7393 53
9810 7393 56
9810 7393 58
9810 7393 23
9810 7421 25
9810 7421 2
9810 7421 59
9810 7421 12
9810 7447 19
9810 7447 36
9810 7447 56
9810 7447 14
9810 7407 11
9810 7407 52
9810 7407 31
9810 7407 2
9810 7413 48
9810 7413 49
9810 7413 19
9810 7413 4
9810 7417 20
9810 7417 41
9810 7417 5
9810 7417 15
9810 7423 38
9810 7423 40
9810 7423 58
9810 7423 41
9810 7392 5
9810 7392 5
9810 7392 56
9810 7392 11
9810 7422 27
9810 7422 59
9810 7422 44
9810 7422 24
9810 7469 30
9810 7469 15
9810 7469 14
9810 7469 47
9810 7506 39
9810 7506 21
9810 7506 54
9810 7506 49
9810 7415 13
9810 7415 16
9810 7415 32
9810 7415 21
9810 7442 20
9810 7442 20
9810 7442 47
9810 7442 12
9810 7521 36
9810 7521 12
9810 7521 18
9810 7521 25
9810 7414 25
9810 7414 6
9810 7414 29
9810 7414 37
9810 8339 49
9810 8339 23
9810 8339 24
9810 8339 4
9810 7416 42
9810 7416 31
9810 7416 22
9810 7416 56
9810 7424 1
9810 7424 29
9810 7424 7
9810 7424 21
9810 7472 23
9810 7472 16
9810 7472 8
9810 7472 29
9810 7505 46
9810 7505 14
9810 7505 40
9810 7505 58
9810 7470 38
9810 7470 38
9810 7470 51
9810 7470 51
9810 7467 10
9810 7467 0
9810 7467 26
9810 7467 34
8340 7408 60
8340 7408 6
8340 7408 26
8340 7408 56
8340 7404 27
8340 7404 45
8340 7404 1
8340 7404 13
8340 7409 19
8340 7409 4
8340 7409 12
8340 7409 57
8340 7395 13
8340 7395 17
8340 7395 50
8340 7395 12
8340 7420 39
8340 7420 17
8340 7420 29
8340 7420 41
8340 7405 44
8340 7405 22
8340 7405 11
8340 7405 59
8340 7406 42
8340 7406 8
8340 7406 11
8340 7406 55
8340 7418 4
8340 7418 22
8340 7418 37
8340 7418 30
8340 7419 0
8340 7419 35
8340 7419 14
8340 7419 57
8340 7394 11
8340 7394 24
8340 7394 17
8340 7394 34
8340 7393 36
8340 7393 27
8340 7393 58
8340 7393 24
8340 7421 32
8340 7421 26
8340 7421 34
8340 7421 44
8340 7447 0
8340 7447 4
8340 7447 38
8340 7447 41
8340 7407 28
8340 7407 59
8340 7407 0
8340 7407 18
8340 7413 36
8340 7413 44
8340 7413 31
8340 7413 22
8340 7417 58
8340 7417 54
8340 7417 60
8340 7417 29
8340 7423 24
8340 7423 12
8340 7423 37
8340 7423 2
8340 7392 30
8340 7392 14
8340 7392 9
8340 7392 44
8340 7422 4
8340 7422 8
8340 7422 4
8340 7422 31
8340 7469 19
8340 7469 59
8340 7469 44
8340 7469 35
8340 7506 55
8340 7506 14
8340 7506 6
8340 7506 51
8340 7415 48
8340 7415 41
8340 7415 48
8340 7415 21
8340 7442 45
8340 7442 6
8340 7442 17
8340 7442 15
8340 7521 37
8340 7521 13
8340 7521 31
8340 7521 7
8340 7414 59
8340 7414 3
8340 7414 9
8340 7414 45
8340 8339 12
8340 8339 18
8340 8339 0
8340 8339 42
8340 7416 1
8340 7416 31
8340 7416 43
8340 7416 25
8340 7424 48
8340 7424 6
8340 7424 38
8340 7424 49
8340 7472 31
8340 7472 51
8340 7472 30
8340 7472 46
8340 7505 11
8340 7505 2
8340 7505 36
8340 7505 43
8340 7470 44
8340 7470 30
8340 7470 9
8340 7470 4
8340 7467 13
8340 7467 57
8340 7467 5
8340 7467 35
9811 7408 45
9811 7408 57
9811 7408 0
9811 7408 29
9811 7404 0
9811 7404 46
9811 7404 36
9811 7404 22
9811 7409 0
9811 7409 5
9811 7409 60
9811 7409 25
9811 7395 45
9811 7395 40
9811 7395 10
9811 7395 24
9811 7420 19
9811 7420 32
9811 7420 39
9811 7420 1
9811 7405 10
9811 7405 5
9811 7405 29
9811 7405 59
9811 7406 48
9811 7406 17
9811 7406 28
9811 7406 11
9811 7418 5
9811 7418 56
9811 7418 15
9811 7418 31
9811 7419 47
9811 7419 13
9811 7419 16
9811 7419 55
9811 7394 26
9811 7394 50
9811 7394 41
9811 7394 18
9811 7393 47
9811 7393 40
9811 7393 29
9811 7393 7
9811 7421 33
9811 7421 27
9811 7421 13
9811 7421 44
9811 7447 44
9811 7447 10
9811 7447 17
9811 7447 36
9811 7407 46
9811 7407 30
9811 7407 38
9811 7407 55
9811 7413 0
9811 7413 57
9811 7413 41
9811 7413 55
9811 7417 32
9811 7417 31
9811 7417 17
9811 7417 23
9811 7423 0
9811 7423 46
9811 7423 56
9811 7423 31
9811 7392 19
9811 7392 25
9811 7392 54
9811 7392 55
9811 7422 56
9811 7422 24
9811 7422 37
9811 7422 3
9811 7469 12
9811 7469 37
9811 7469 17
9811 7469 51
9811 7506 40
9811 7506 30
9811 7506 6
9811 7506 26
9811 7415 59
9811 7415 14
9811 7415 51
9811 7415 60
9811 7442 42
9811 7442 47
9811 7442 0
9811 7442 50
9811 7521 17
9811 7521 54
9811 7521 2
9811 7521 28
9811 7414 9
9811 7414 15
9811 7414 54
9811 7414 28
9811 8339 48
9811 8339 30
9811 8339 45
9811 8339 59
9811 7416 1
9811 7416 24
9811 7416 55
9811 7416 54
9811 7424 37
9811 7424 22
9811 7424 10
9811 7424 31
9811 7472 52
9811 7472 7
9811 7472 59
9811 7472 26
9811 7505 56
9811 7505 0
9811 7505 49
9811 7505 3
9811 7470 9
9811 7470 34
9811 7470 11
9811 7470 21
9811 7467 9
9811 7467 16
9811 7467 9
9811 7467 37
5970 7408 24
5970 7408 45
5970 7408 25
5970 7408 6
5970 7404 44
5970 7404 15
5970 7404 58
5970 7404 3
5970 7409 57
5970 7409 16
5970 7409 41
5970 7409 8
5970 7395 48
5970 7395 36
5970 7395 29
5970 7395 16
5970 7420 41
5970 7420 28
5970 7420 2
5970 7420 15
5970 7405 15
5970 7405 2
5970 7405 44
5970 7405 48
5970 7406 51
5970 7406 31
5970 7406 12
5970 7406 44
5970 7418 21
5970 7418 45
5970 7418 26
5970 7418 48
5970 7419 0
5970 7419 50
5970 7419 58
5970 7419 0
5970 7394 4
5970 7394 3
5970 7394 4
5970 7394 12
5970 7393 1
5970 7393 44
5970 7393 21
5970 7393 36
5970 7421 2
5970 7421 55
5970 7421 6
5970 7421 44
5970 7447 59
5970 7447 17
5970 7447 27
5970 7447 46
5970 7407 22
5970 7407 28
5970 7407 22
5970 7407 56
5970 7413 8
5970 7413 16
5970 7413 11
5970 7413 60
5970 7417 60
5970 7417 23
5970 7417 16
5970 7417 36
5970 7423 5
5970 7423 54
5970 7423 15
5970 7423 48
5970 7392 43
5970 7392 13
5970 7392 39
5970 7392 52
5970 7422 2
5970 7422 42
5970 7422 41
5970 7422 39
5970 7469 50
5970 7469 52
5970 7469 51
5970 7469 51
5970 7506 50
5970 7506 49
5970 7506 53
5970 7506 49
5970 7415 56
5970 7415 13
5970 7415 53
5970 7415 5
5970 7442 39
5970 7442 58
5970 7442 29
5970 7442 11
5970 7521 43
5970 7521 40
5970 7521 40
5970 7521 7
5970 7414 32
5970 7414 4
5970 7414 46
5970 7414 54
5970 8339 58
5970 8339 55
5970 8339 17
5970 8339 3
5970 7416 33
5970 7416 13
5970 7416 30
5970 7416 53
5970 7424 2
5970 7424 37
5970 7424 27
5970 7424 26
5970 7472 6
5970 7472 11
5970 7472 55
5970 7472 24
5970 7505 34
5970 7505 35
5970 7505 14
5970 7505 1
5970 7470 47
5970 7470 31
5970 7470 35
5970 7470 21
5970 7467 36
5970 7467 3
5970 7467 15
5970 7467 32
9626 7408 26
9626 7408 2
9626 7408 9
9626 7408 43
9626 7404 18
9626 7404 24
9626 7404 16
9626 7404 42
9626 7409 48
9626 7409 56
9626 7409 2
9626 7409 7
9626 7395 43
9626 7395 55
9626 7395 44
9626 7395 7
9626 7420 21
9626 7420 51
9626 7420 4
9626 7420 52
9626 7405 60
9626 7405 26
9626 7405 8
9626 7405 53
9626 7406 14
9626 7406 2
9626 7406 46
9626 7406 60
9626 7418 58
9626 7418 30
9626 7418 2
9626 7418 17
9626 7419 15
9626 7419 25
9626 7419 25
9626 7419 13
9626 7394 41
9626 7394 37
9626 7394 46
9626 7394 29
9626 7393 19
9626 7393 28
9626 7393 9
9626 7393 56
9626 7421 59
9626 7421 19
9626 7421 1
9626 7421 6
9626 7447 56
9626 7447 53
9626 7447 24
9626 7447 43
9626 7407 53
9626 7407 8
9626 7407 35
9626 7407 4
9626 7413 4
9626 7413 28
9626 7413 17
9626 7413 20
9626 7417 42
9626 7417 8
9626 7417 10
9626 7417 13
9626 7423 46
9626 7423 46
9626 7423 15
9626 7423 47
9626 7392 2
9626 7392 52
9626 7392 49
9626 7392 18
9626 7422 0
9626 7422 0
9626 7422 32
9626 7422 11
9626 7469 22
9626 7469 11
9626 7469 17
9626 7469 15
9626 7506 8
9626 7506 8
9626 7506 44
9626 7506 15
9626 7415 38
9626 7415 49
9626 7415 1
9626 7415 55
9626 7442 37
9626 7442 14
9626 7442 51
9626 7442 49
9626 7521 35
9626 7521 51
9626 7521 47
9626 7521 41
9626 7414 14
9626 7414 16
9626 7414 13
9626 7414 12
9626 8339 19
9626 8339 55
9626 8339 51
9626 8339 14
9626 7416 16
9626 7416 52
9626 7416 9
9626 7416 47
9626 7424 27
9626 7424 28
9626 7424 49
9626 7424 57
9626 7472 1
9626 7472 53
9626 7472 33
9626 7472 10
9626 7505 47
9626 7505 25
9626 7505 49
9626 7505 16
9626 7470 37
9626 7470 29
9626 7470 10
9626 7470 23
9626 7467 29
9626 7467 51
9626 7467 48
9626 7467 51
6312 7408 60
6312 7408 14
6312 7408 45
6312 7408 30
6312 7404 21
6312 7404 1
6312 7404 6
6312 7404 49
6312 7409 42
6312 7409 1
6312 7409 47
6312 7409 0
6312 7395 2
6312 7395 35
6312 7395 7
6312 7395 11
6312 7420 48
6312 7420 7
6312 7420 9
6312 7420 38
6312 7405 52
6312 7405 55
6312 7405 10
6312 7405 11
6312 7406 43
6312 7406 17
6312 7406 40
6312 7406 52
6312 7418 5
6312 7418 23
6312 7418 20
6312 7418 23
6312 7419 52
6312 7419 44
6312 7419 13
6312 7419 43
6312 7394 43
6312 7394 13
6312 7394 53
6312 7394 20
6312 7393 50
6312 7393 56
6312 7393 33
6312 7393 5
6312 7421 1
6312 7421 8
6312 7421 30
6312 7421 52
6312 7447 16
6312 7447 58
6312 7447 26
6312 7447 10
6312 7407 26
6312 7407 18
6312 7407 54
6312 7407 40
6312 7413 9
6312 7413 23
6312 7413 39
6312 7413 7
6312 7417 49
6312 7417 29
6312 7417 35
6312 7417 27
6312 7423 55
6312 7423 35
6312 7423 58
6312 7423 12
6312 7392 38
6312 7392 41
6312 7392 5
6312 7392 11
6312 7422 17
6312 7422 26
6312 7422 28
6312 7422 7
6312 7469 18
6312 7469 40
6312 7469 46
6312 7469 7
6312 7506 48
6312 7506 43
6312 7506 55
6312 7506 24
6312 7415 28
6312 7415 43
6312 7415 26
6312 7415 45
6312 7442 56
6312 7442 46
6312 7442 29
6312 7442 7
6312 7521 24
6312 7521 17
6312 7521 22
6312 7521 11
6312 7414 52
6312 7414 2
6312 7414 7
6312 7414 26
6312 8339 43
6312 8339 42
6312 8339 20
6312 8339 52
6312 7416 23
6312 7416 10
6312 7416 25
6312 7416 3
6312 7424 57
6312 7424 0
6312 7424 35
6312 7424 57
6312 7472 27
6312 7472 51
6312 7472 39
6312 7472 23
6312 7505 9
6312 7505 42
6312 7505 44
6312 7505 50
6312 7470 17
6312 7470 46
6312 7470 21
6312 7470 23
6312 7467 48
6312 7467 53
6312 7467 8
6312 7467 35
8339 7408 18
8339 7408 2
8339 7408 57
8339 7408 15
8339 7404 54
8339 7404 25
8339 7404 49
8339 7404 32
8339 7409 34
8339 7409 59
8339 7409 3
8339 7409 18
8339 7395 54
8339 7395 28
8339 7395 37
8339 7395 38
8339 7420 14
8339 7420 8
8339 7420 23
8339 7420 47
8339 7405 32
8339 7405 57
8339 7405 59
8339 7405 2
8339 7406 2
8339 7406 14
8339 7406 14
8339 7406 43
8339 7418 37
8339 7418 30
8339 7418 7
8339 7418 4
8339 7419 0
8339 7419 47
8339 7419 15
8339 7419 26
8339 7394 56
8339 7394 13
8339 7394 42
8339 7394 41
8339 7393 3
8339 7393 42
8339 7393 10
8339 7393 41
8339 7421 16
8339 7421 35
8339 7421 41
8339 7421 51
8339 7447 60
8339 7447 46
8339 7447 38
8339 7447 19
8339 7407 21
8339 7407 22
8339 7407 41
8339 7407 31
8339 7413 50
8339 7413 12
8339 7413 60
8339 7413 28
8339 7417 50
8339 7417 59
8339 7417 8
8339 7417 5
8339 7423 52
8339 7423 42
8339 7423 36
8339 7423 56
8339 7392 16
8339 7392 45
8339 7392 45
8339 7392 2
8339 7422 41
8339 7422 7
8339 7422 12
8339 7422 1
8339 7469 11
8339 7469 51
8339 7469 35
8339 7469 13
8339 7506 59
8339 7506 44
8339 7506 43
8339 7506 21
8339 7415 53
8339 7415 52
8339 7415 53
8339 7415 38
8339 7442 27
8339 7442 19
8339 7442 46
8339 7442 52
8339 7521 13
8339 7521 2
8339 7521 59
8339 7521 25
8339 7414 21
8339 7414 45
8339 7414 6
8339 7414 0
8339 8339 22
8339 8339 31
8339 8339 60
8339 8339 5
8339 7416 28
8339 7416 31
8339 7416 53
8339 7416 34
8339 7424 25
8339 7424 59
8339 7424 5
8339 7424 36
8339 7472 42
8339 7472 42
8339 7472 58
8339 7472 43
8339 7505 22
8339 7505 51
8339 7505 48
8339 7505 36
8339 7470 43
8339 7470 6
8339 7470 29
8339 7470 54
8339 7467 56
8339 7467 0
8339 7467 21
8339 7467 58
8341 7408 32
8341 7408 41
8341 7408 60
8341 7408 24
8341 7404 23
8341 7404 56
8341 7404 13
8341 7404 54
8341 7409 0
8341 7409 8
8341 7409 58
8341 7409 27
8341 7395 38
8341 7395 23
8341 7395 15
8341 7395 33
8341 7420 59
8341 7420 22
8341 7420 48
8341 7420 21
8341 7405 40
8341 7405 52
8341 7405 23
8341 7405 36
8341 7406 25
8341 7406 17
8341 7406 48
8341 7406 23
8341 7418 5
8341 7418 59
8341 7418 5
8341 7418 18
8341 7419 39
8341 7419 7
8341 7419 22
8341 7419 6
8341 7394 36
8341 7394 0
8341 7394 20
8341 7394 44
8341 7393 32
8341 7393 37
8341 7393 43
8341 7393 55
8341 7421 5
8341 7421 38
8341 7421 23
8341 7421 32
8341 7447 22
8341 7447 47
8341 7447 55
8341 7447 13
8341 7407 23
8341 7407 15
8341 7407 54
8341 7407 30
8341 7413 39
8341 7413 25
8341 7413 48
8341 7413 40
8341 7417 40
8341 7417 48
8341 7417 1
8341 7417 6
8341 7423 4
8341 7423 2
8341 7423 5
8341 7423 42
8341 7392 4
8341 7392 58
8341 7392 0
8341 7392 25
8341 7422 38
8341 7422 57
8341 7422 11
8341 7422 44
8341 7469 53
8341 7469 2
8341 7469 46
8341 7469 16
8341 7506 9
8341 7506 53
8341 7506 30
8341 7506 37
8341 7415 9
8341 7415 56
8341 7415 19
8341 7415 60
8341 7442 12
8341 7442 34
8341 7442 51
8341 7442 11
8341 7521 28
8341 7521 19
8341 7521 2
8341 7521 42
8341 7414 15
8341 7414 18
8341 7414 41
8341 7414 16
8341 8339 51
8341 8339 10
8341 8339 35
8341 8339 36
8341 7416 58
8341 7416 17
8341 7416 25
8341 7416 5
8341 7424 34
8341 7424 21
8341 7424 1
8341 7424 16
8341 7472 2
8341 7472 3
8341 7472 31
8341 7472 31
8341 7505 31
8341 7505 7
8341 7505 22
8341 7505 31
8341 7470 54
8341 7470 6
8341 7470 46
8341 7470 54
8341 7467 2
8341 7467 51
8341 7467 30
8341 7467 43
8338 7408 26
8338 7408 49
8338 7408 34
8338 7408 16
8338 7404 5
8338 7404 38
8338 7404 54
8338 7404 6
8338 7409 20
8338 7409 8
8338 7409 20
8338 7409 57
8338 7395 27
8338 7395 35
8338 7395 38
8338 7395 38
8338 7420 24
8338 7420 18
8338 7420 44
8338 7420 38
8338 7405 10
8338 7405 31
8338 7405 24
8338 7405 14
8338 7406 4
8338 7406 36
8338 7406 16
8338 7406 56
8338 7418 42
8338 7418 60
8338 7418 24
8338 7418 29
8338 7419 5
8338 7419 48
8338 7419 51
8338 7419 1
8338 7394 37
8338 7394 50
8338 7394 59
8338 7394 45
8338 7393 51
8338 7393 18
8338 7393 0
8338 7393 28
8338 7421 5
8338 7421 27
8338 7421 43
8338 7421 46
8338 7447 42
8338 7447 8
8338 7447 18
8338 7447 41
8338 7407 8
8338 7407 14
8338 7407 0
8338 7407 14
8338 7413 1
8338 7413 21
8338 7413 23
8338 7413 36
8338 7417 49
8338 7417 14
8338 7417 16
8338 7417 0
8338 7423 43
8338 7423 43
8338 7423 7
8338 7423 14
8338 7392 14
8338 7392 45
8338 7392 42
8338 7392 0
8338 7422 59
8338 7422 49
8338 7422 51
8338 7422 20
8338 7469 16
8338 7469 17
8338 7469 38
8338 7469 52
8338 7506 1
8338 7506 1
8338 7506 19
8338 7506 31
8338 7415 29
8338 7415 52
8338 7415 27
8338 7415 44
8338 7442 25
8338 7442 19
8338 7442 0
8338 7442 51
8338 7521 28
8338 7521 12
8338 7521 57
8338 7521 16
8338 7414 60
8338 7414 35
8338 7414 22
8338 7414 18
8338 8339 13
8338 8339 14
8338 8339 47
8338 8339 19
8338 7416 60
8338 7416 40
8338 7416 31
8338 7416 37
8338 7424 17
8338 7424 28
8338 7424 42
8338 7424 2
8338 7472 12
8338 7472 12
8338 7472 26
8338 7472 40
8338 7505 10
8338 7505 40
8338 7505 16
8338 7505 42
8338 7470 42
8338 7470 43
8338 7470 10
8338 7470 18
8338 7467 53
8338 7467 39
8338 7467 26
8338 7467 50
9625 7408 26
9625 7408 3
9625 7408 8
9625 7408 0
9625 7404 15
9625 7404 3
9625 7404 0
9625 7404 58
9625 7409 60
9625 7409 57
9625 7409 25
9625 7409 7
9625 7395 12
9625 7395 19
9625 7395 2
9625 7395 50
9625 7420 1
9625 7420 48
9625 7420 19
9625 7420 45
9625 7405 50
9625 7405 15
9625 7405 35
9625 7405 59
9625 7406 59
9625 7406 57
9625 7406 60
9625 7406 10
9625 7418 55
9625 7418 0
9625 7418 4
9625 7418 57
9625 7419 26
9625 7419 8
9625 7419 41
9625 7419 57
9625 7394 19
9625 7394 7
9625 7394 52
9625 7394 54
9625 7393 4
9625 7393 27
9625 7393 57
9625 7393 9
9625 7421 32
9625 7421 47
9625 7421 18
9625 7421 27
9625 7447 43
9625 7447 39
9625 7447 22
9625 7447 8
9625 7407 48
9625 7407 23
9625 7407 24
9625 7407 42
9625 7413 38
9625 7413 46
9625 7413 33
9625 7413 23
9625 7417 15
9625 7417 36
9625 7417 13
9625 7417 3
9625 7423 12
9625 7423 32
9625 7423 46
9625 7423 27
9625 7392 12
9625 7392 26
9625 7392 25
9625 7392 52
9625 7422 42
9625 7422 36
9625 7422 27
9625 7422 7
9625 7469 59
9625 7469 26
9625 7469 17
9625 7469 23
9625 7506 15
9625 7506 48
9625 7506 41
9625 7506 18
9625 7415 7
9625 7415 6
9625 7415 12
9625 7415 10
9625 7442 19
9625 7442 44
9625 7442 51
9625 7442 36
9625 7521 39
9625 7521 20
9625 7521 6
9625 7521 25
9625 7414 12
9625 7414 20
9625 7414 6
9625 7414 32
9625 8339 49
9625 8339 47
9625 8339 5
9625 8339 46
9625 7416 22
9625 7416 25
9625 7416 56
9625 7416 57
9625 7424 29
9625 7424 30
9625 7424 30
9625 7424 20
9625 7472 15
9625 7472 49
9625 7472 12
9625 7472 26
9625 7505 46
9625 7505 35
9625 7505 21
9625 7505 51
9625 7470 32
9625 7470 54
9625 7470 54
9625 7470 17
9625 7467 2
9625 7467 8
9625 7467 30
9625 7467 44
7322 7408 15
7322 7408 38
7322 7408 39
7322 7408 28
7322 7404 16
7322 7404 60
7322 7404 7
7322 7404 24
7322 7409 13
7322 7409 6
7322 7409 50
7322 7409 23
7322 7395 38
7322 7395 0
7322 7395 37
7322 7395 21
7322 7420 34
7322 7420 18
7322 7420 16
7322 7420 28
7322 7405 21
7322 7405 19
7322 7405 38
7322 7405 53
7322 7406 30
7322 7406 56
7322 7406 41
7322 7406 2
7322 7418 47
7322 7418 35
7322 7418 26
7322 7418 16
7322 7419 60
7322 7419 19
7322 7419 28
7322 7419 3
7322 7394 13
7322 7394 10
7322 7394 8
7322 7394 22
7322 7393 56
7322 7393 34
7322 7393 35
7322 7393 43
7322 7421 53
7322 7421 40
7322 7421 25
7322 7421 12
7322 7447 1
7322 7447 19
7322 7447 5
7322 7447 7
7322 7407 6
7322 7407 60
7322 7407 20
7322 7407 21
7322 7413 21
7322 7413 52
7322 7413 56
7322 7413 14
7322 7417 23
7322 7417 1
7322 7417 23
7322 7417 28
7322 7423 28
7322 7423 21
7322 7423 46
7322 7423 0
7322 7392 35
7322 7392 19
7322 7392 51
7322 7392 17
7322 7422 56
7322 7422 44
7322 7422 29
7322 7422 50
7322 7469 8
7322 7469 43
7322 7469 53
7322 7469 17
7322 7506 30
7322 7506 26
7322 7506 58
7322 7506 11
7322 7415 39
7322 7415 1
7322 7415 60
7322 7415 5
7322 7442 3
7322 7442 16
7322 7442 52
7322 7442 45
7322 7521 53
7322 7521 13
7322 7521 23
7322 7521 43
7322 7414 26
7322 7414 19
7322 7414 41
7322 7414 57
7322 8339 48
7322 8339 20
7322 8339 44
7322 8339 12
7322 7416 23
7322 7416 59
7322 7416 7
7322 7416 17
7322 7424 48
7322 7424 47
7322 7424 59
7322 7424 40
7322 7472 56
7322 7472 32
7322 7472 42
7322 7472 46
7322 7505 10
7322 7505 15
7322 7505 25
7322 7505 41
7322 7470 11
7322 7470 0
7322 7470 52
7322 7470 11
7322 7467 8
7322 7467 24
7322 7467 28
7322 7467 0
6137 7408 19
6137 7408 56
6137 7408 14
6137 7408 14
6137 7404 39
6137 7404 50
6137 7404 57
6137 7404 47
6137 7409 33
6137 7409 24
6137 7409 33
6137 7409 3
6137 7395 0
6137 7395 19
6137 7395 38
6137 7395 23
6137 7420 4
6137 7420 21
6137 7420 20
6137 7420 50
6137 7405 43
6137 7405 52
6137 7405 32
6137 7405 38
6137 7406 34
6137 7406 16
6137 7406 52
6137 7406 4
6137 7418 42
6137 7418 15
6137 7418 14
6137 7418 51
6137 7419 50
6137 7419 60
6137 7419 47
6137 7419 35
6137 7394 60
6137 7394 54
6137 7394 52
6137 7394 58
6137 7393 42
6137 7393 30
6137 7393 22
6137 7393 38
6137 7421 34
6137 7421 15
6137 7421 25
6137 7421 48
6137 7447 28
6137 7447 18
6137 7447 1
6137 7447 34
6137 7407 37
6137 7407 13
6137 7407 47
6137 7407 37
6137 7413 46
6137 7413 56
6137 7413 29
6137 7413 53
6137 7417 33
6137 7417 11
6137 7417 57
6137 7417 15
6137 7423 9
6137 7423 15
6137 7423 51
6137 7423 47
6137 7392 51
6137 7392 36
6137 7392 55
6137 7392 4
6137 7422 16
6137 7422 15
6137 7422 29
6137 7422 13
6137 7469 59
6137 7469 11
6137 7469 23
6137 7469 25
6137 7506 50
6137 7506 53
6137 7506 41
6137 7506 3
6137 7415 12
6137 7415 12
6137 7415 9
6137 7415 41
6137 7442 30
6137 7442 51
6137 7442 30
6137 7442 56
6137 7521 56
6137 7521 52
6137 7521 17
6137 7521 59
6137 7414 10
6137 7414 46
6137 7414 8
6137 7414 45
6137 8339 10
6137 8339 15
6137 8339 17
6137 8339 38
6137 7416 9
6137 7416 53
6137 7416 27
6137 7416 43
6137 7424 23
6137 7424 27
6137 7424 40
6137 7424 10
6137 7472 40
6137 7472 23
6137 7472 26
6137 7472 12
6137 7505 38
6137 7505 14
6137 7505 6
6137 7505 33
6137 7470 38
6137 7470 43
6137 7470 37
6137 7470 57
6137 7467 33
6137 7467 13
6137 7467 1
6137 7467 26
6310 7408 50
6310 7408 10
6310 7408 45
6310 7408 41
6310 7404 37
6310 7404 30
6310 7404 8
6310 7404 55
6310 7409 56
6310 7409 51
6310 7409 55
6310 7409 11
6310 7395 18
6310 7395 7
6310 7395 18
6310 7395 38
6310 7420 28
6310 7420 27
6310 7420 10
6310 7420 17
6310 7405 33
6310 7405 27
6310 7405 57
6310 7405 54
6310 7406 19
6310 7406 36
6310 7406 32
6310 7406 12
6310 7418 17
6310 7418 22
6310 7418 60
6310 7418 9
6310 7419 44
6310 7419 17
6310 7419 18
6310 7419 41
6310 7394 40
6310 7394 4
6310 7394 57
6310 7394 50
6310 7393 37
6310 7393 6
6310 7393 38
6310 7393 18
6310 7421 0
6310 7421 22
6310 7421 56
6310 7421 59
6310 7447 0
6310 7447 53
6310 7447 60
6310 7447 21
6310 7407 27
6310 7407 38
6310 7407 60
6310 7407 0
6310 7413 15
6310 7413 3
6310 7413 56
6310 7413 28
6310 7417 21
6310 7417 5
6310 7417 50
6310 7417 20
6310 7423 19
6310 7423 14
6310 7423 60
6310 7423 50
6310 7392 25
6310 7392 33
6310 7392 47
6310 7392 59
6310 7422 55
6310 7422 60
6310 7422 2
6310 7422 53
6310 7469 23
6310 7469 8
6310 7469 5
6310 7469 14
6310 7506 28
6310 7506 45
6310 7506 40
6310 7506 33
6310 7415 20
6310 7415 35
6310 7415 36
6310 7415 13
6310 7442 20
6310 7442 36
6310 7442 25
6310 7442 54
6310 7521 24
6310 7521 14
6310 7521 43
6310 7521 15
6310 7414 3
6310 7414 57
6310 7414 46
6310 7414 14
6310 8339 34
6310 8339 27
6310 8339 9
6310 8339 3
6310 7416 14
6310 7416 9
6310 7416 50
6310 7416 4
6310 7424 17
6310 7424 44
6310 7424 26
6310 7424 35
6310 7472 25
6310 7472 44
6310 7472 4
6310 7472 49
6310 7505 21
6310 7505 12
6310 7505 0
6310 7505 18
6310 7470 13
6310 7470 36
6310 7470 15
6310 7470 24
6310 7467 33
6310 7467 35
6310 7467 32
6310 7467 35
6322 7408 13
6322 7408 55
6322 7408 19
6322 7408 3
6322 7404 25
6322 7404 11
6322 7404 9
6322 7404 43
6322 7409 7
6322 7409 39
6322 7409 35
6322 7409 16
6322 7395 14
6322 7395 30
6322 7395 3
6322 7395 40
6322 7420 0
6322 7420 24
6322 7420 23
6322 7420 59
6322 7405 43
6322 7405 32
6322 7405 4
6322 7405 10
6322 7406 4
6322 7406 5
6322 7406 39
6322 7406 24
6322 7418 38
6322 7418 52
6322 7418 1
6322 7418 8
6322 7419 33
6322 7419 48
6322 7419 21
6322 7419 25
6322 7394 60
6322 7394 5
6322 7394 23
6322 7394 60
6322 7393 43
6322 7393 33
6322 7393 34
6322 7393 50
6322 7421 56
6322 7421 30
6322 7421 16
6322 7421 2
6322 7447 40
6322 7447 58
6322 7447 58
6322 7447 54
6322 7407 22
6322 7407 39
6322 7407 43
6322 7407 5
6322 7413 26
6322 7413 26
6322 7413 43
6322 7413 4
6322 7417 28
6322 7417 54
6322 7417 26
6322 7417 55
6322 7423 48
6322 7423 22
6322 7423 57
6322 7423 31
6322 7392 16
6322 7392 18
6322 7392 54
6322 7392 8
6322 7422 19
6322 7422 57
6322 7422 35
6322 7422 33
6322 7469 52
6322 7469 27
6322 7469 17
6322 7469 20
6322 7506 25
6322 7506 17
6322 7506 48
6322 7506 42
6322 7415 21
6322 7415 51
6322 7415 30
6322 7415 35
6322 7442 23
6322 7442 14
6322 7442 4
6322 7442 49
6322 7521 36
6322 7521 57
6322 7521 26
6322 7521 43
6322 7414 12
6322 7414 21
6322 7414 57
6322 7414 27
6322 8339 18
6322 8339 14
6322 8339 23
6322 8339 16
6322 7416 43
6322 7416 34
6322 7416 49
6322 7416 41
6322 7424 40
6322 7424 16
6322 7424 56
6322 7424 28
6322 7472 33
6322 7472 31
6322 7472 12
6322 7472 58
6322 7505 43
6322 7505 4
6322 7505 1
6322 7505 17
6322 7470 6
6322 7470 7
6322 7470 58
6322 7470 3
6322 7467 9
6322 7467 2
6322 7467 41
6322 7467 31
