1815 1831 47
1815 1830 23
1815 1833 6
1815 1834 4
1815 1821 56
1815 1832 29
1815 1835 28
1815 1788 36
1815 1822 25
1815 1846 34
1815 1790 5
1815 1866 58
1815 1829 8
1815 1847 16
1815 1789 34
1815 1828 31
1815 1869 50
1815 1838 52
1815 1839 28
1815 1819 42
1815 1827 2
1815 1868 56
1815 1870 32
1815 1836 29
1815 1841 50
1815 1820 7
1815 1824 60
1815 1890 35
1815 1875 12
1815 1837 46
1815 1848 15
1815 1853 24
1797 1831 17
1797 1830 35
1797 1833 5
1797 1834 24
1797 1821 34
1797 1832 54
1797 1835 10
1797 1788 5
1797 1822 9
1797 1846 19
1797 1790 58
1797 1866 56
1797 1829 54
1797 1847 33
1797 1789 6
1797 1828 41
1797 1869 6
1797 1838 27
1797 1839 48
1797 1819 48
1797 1827 47
1797 1868 33
1797 1870 13
1797 1836 38
1797 1841 35
1797 1820 11
1797 1824 30
1797 1890 39
1797 1875 13
1797 1837 50
1797 1848 25
1797 1853 19
1798 1831 51
1798 1830 17
1798 1833 42
1798 1834 23
1798 1821 4
1798 1832 3
1798 1835 52
1798 1788 11
1798 1822 39
1798 1846 40
1798 1790 24
1798 1866 40
1798 1829 9
1798 1847 50
1798 1789 34
1798 1828 24
1798 1869 24
1798 1838 49
1798 1839 36
1798 1819 2
1798 1827 35
1798 1868 24
1798 1870 23
1798 1836 28
1798 1841 35
1798 1820 58
1798 1824 17
1798 1890 49
1798 1875 58
1798 1837 33
1798 1848 33
1798 1853 46
1816 1831 23
1816 1830 21
1816 1833 54
1816 1834 39
1816 1821 27
1816 1832 26
1816 1835 38
1816 1788 4
1816 1822 7
1816 1846 30
1816 1790 56
1816 1866 8
1816 1829 0
1816 1847 35
1816 1789 53
1816 1828 32
1816 1869 48
1816 1838 10
1816 1839 47
1816 1819 45
1816 1827 31
1816 1868 35
1816 1870 57
1816 1836 18
1816 1841 57
1816 1820 60
1816 1824 25
1816 1890 28
1816 1875 50
1816 1837 12
1816 1848 5
1816 1853 49
1825 1831 18
1825 1830 58
1825 1833 15
1825 1834 52
1825 1821 54
1825 1832 57
1825 1835 33
1825 1788 45
1825 1822 51
1825 1846 33
1825 1790 23
1825 1866 54
1825 1829 33
1825 1847 8
1825 1789 20
1825 1828 7
1825 1869 22
1825 1838 21
1825 1839 48
1825 1819 13
1825 1827 32
1825 1868 12
1825 1870 27
1825 1836 36
1825 1841 11
1825 1820 4
1825 1824 59
1825 1890 47
1825 1875 49
1825 1837 31
1825 1848 45
1825 1853 24
1792 1831 3
1792 1830 39
1792 1833 47
1792 1834 25
1792 1821 20
1792 1832 43
1792 1835 32
1792 1788 31
1792 1822 17
1792 1846 14
1792 1790 22
1792 1866 36
1792 1829 1
1792 1847 21
1792 1789 53
1792 1828 36
1792 1869 28
1792 1838 23
1792 1839 23
1792 1819 26
1792 1827 0
1792 1868 58
1792 1870 4
1792 1836 37
1792 1841 12
1792 1820 51
1792 1824 20
1792 1890 11
1792 1875 58
1792 1837 1
1792 1848 56
1792 1853 32
1814 1831 9
1814 1830 11
1814 1833 2
1814 1834 34
1814 1821 36
1814 1832 12
1814 1835 36
1814 1788 23
1814 1822 20
1814 1846 36
1814 1790 40
1814 1866 1
1814 1829 28
1814 1847 21
1814 1789 46
1814 1828 13
1814 1869 53
1814 1838 31
1814 1839 38
1814 1819 21
1814 1827 25
1814 1868 7
1814 1870 56
1814 1836 23
1814 1841 41
1814 1820 27
1814 1824 13
1814 1890 33
1814 1875 34
1814 1837 8
1814 1848 42
1814 1853 55
1799 1831 8
1799 1830 52
1799 1833 41
1799 1834 47
1799 1821 17
1799 1832 55
1799 1835 19
1799 1788 38
1799 1822 20
1799 1846 60
1799 1790 51
1799 1866 8
1799 1829 42
1799 1847 45
1799 1789 52
1799 1828 60
1799 1869 32
1799 1838 33
1799 1839 16
1799 1819 51
1799 1827 55
1799 1868 20
1799 1870 31
1799 1836 10
1799 1841 8
1799 1820 23
1799 1824 49
1799 1890 57
1799 1875 4
1799 1837 51
1799 1848 5
1799 1853 44
1817 1831 31
1817 1830 59
1817 1833 5
1817 1834 45
1817 1821 3
1817 1832 32
1817 1835 22
1817 1788 54
1817 1822 20
1817 1846 37
1817 1790 25
1817 1866 25
1817 1829 22
1817 1847 54
1817 1789 48
1817 1828 54
1817 1869 48
1817 1838 40
1817 1839 55
1817 1819 5
1817 1827 12
1817 1868 47
1817 1870 52
1817 1836 11
1817 1841 31
1817 1820 57
1817 1824 32
1817 1890 35
1817 1875 39
1817 1837 45
1817 1848 15
1817 1853 40
1826 1831 7
1826 1830 16
1826 1833 59
1826 1834 51
1826 1821 6
1826 1832 45
1826 1835 13
1826 1788 36
1826 1822 54
1826 1846 21
1826 1790 21
1826 1866 20
1826 1829 49
1826 1847 22
1826 1789 60
1826 1828 44
1826 1869 42
1826 1838 0
1826 1839 33
1826 1819 53
1826 1827 38
1826 1868 23
1826 1870 40
1826 1836 11
1826 1841 0
1826 1820 43
1826 1824 6
1826 1890 15
1826 1875 34
1826 1837 47
1826 1848 18
1826 1853 17
1860 1831 44
1860 1830 30
1860 1833 24
1860 1834 50
1860 1821 13
1860 1832 60
1860 1835 6
1860 1788 13
1860 1822 15
1860 1846 51
1860 1790 38
1860 1866 25
1860 1829 23
1860 1847 40
1860 1789 4
1860 1828 60
1860 1869 38
1860 1838 17
1860 1839 28
1860 1819 54
1860 1827 1
1860 1868 21
1860 1870 1
1860 1836 60
1860 1841 57
1860 1820 16
1860 1824 33
1860 1890 16
1860 1875 25
1860 1837 56
1860 1848 41
1860 1853 43
1862 1831 28
1862 1830 7
1862 1833 38
1862 1834 56
1862 1821 38
1862 1832 23
1862 1835 34
1862 1788 7
1862 1822 10
1862 1846 31
1862 1790 31
1862 1866 7
1862 1829 46
1862 1847 59
1862 1789 17
1862 1828 40
1862 1869 34
1862 1838 15
1862 1839 44
1862 1819 29
1862 1827 13
1862 1868 37
1862 1870 9
1862 1836 49
1862 1841 6
1862 1820 19
1862 1824 59
1862 1890 38
1862 1875 9
1862 1837 14
1862 1848 38
1862 1853 39
1795 1831 11
1795 1830 54
1795 1833 41
1795 1834 44
1795 1821 20
1795 1832 22
1795 1835 9
1795 1788 23
1795 1822 58
1795 1846 60
1795 1790 44
1795 1866 20
1795 1829 46
1795 1847 44
1795 1789 8
1795 1828 17
1795 1869 28
1795 1838 25
1795 1839 38
1795 1819 55
1795 1827 37
1795 1868 2
1795 1870 55
1795 1836 25
1795 1841 21
1795 1820 22
1795 1824 30
1795 1890 50
1795 1875 14
1795 1837 37
1795 1848 33
1795 1853 32
1813 1831 52
1813 1830 16
1813 1833 46
1813 1834 27
1813 1821 49
1813 1832 54
1813 1835 46
1813 1788 18
1813 1822 57
1813 1846 60
1813 1790 24
1813 1866 58
1813 1829 16
1813 1847 49
1813 1789 29
1813 1828 19
1813 1869 1
1813 1838 41
1813 1839 17
1813 1819 20
1813 1827 58
1813 1868 7
1813 1870 8
1813 1836 33
1813 1841 39
1813 1820 3
1813 1824 20
1813 1890 2
1813 1875 53
1813 1837 30
1813 1848 43
1813 1853 33
1796 1831 36
1796 1830 54
1796 1833 41
1796 1834 13
1796 1821 29
1796 1832 10
1796 1835 54
1796 1788 22
1796 1822 42
1796 1846 19
1796 1790 35
1796 1866 39
1796 1829 35
1796 1847 27
1796 1789 25
1796 1828 36
1796 1869 21
1796 1838 36
1796 1839 15
1796 1819 43
1796 1827 31
1796 1868 40
1796 1870 18
1796 1836 2
1796 1841 6
1796 1820 47
1796 1824 41
1796 1890 13
1796 1875 55
1796 1837 37
1796 1848 14
1796 1853 55
1801 1831 22
1801 1830 28
1801 1833 7
1801 1834 33
1801 1821 43
1801 1832 27
1801 1835 17
1801 1788 36
1801 1822 16
1801 1846 44
1801 1790 9
1801 1866 35
1801 1829 43
1801 1847 31
1801 1789 56
1801 1828 23
1801 1869 9
1801 1838 27
1801 1839 49
1801 1819 36
1801 1827 35
1801 1868 57
1801 1870 46
1801 1836 41
1801 1841 20
1801 1820 51
1801 1824 9
1801 1890 57
1801 1875 23
1801 1837 1
1801 1848 10
1801 1853 53
1800 1831 28
1800 1830 27
1800 1833 7
1800 1834 24
1800 1821 16
1800 1832 52
1800 1835 12
1800 1788 0
1800 1822 2
1800 1846 50
1800 1790 56
1800 1866 47
1800 1829 23
1800 1847 5
1800 1789 13
1800 1828 60
1800 1869 35
1800 1838 30
1800 1839 25
1800 1819 0
1800 1827 20
1800 1868 33
1800 1870 42
1800 1836 40
1800 1841 53
1800 1820 41
1800 1824 60
1800 1890 5
1800 1875 50
1800 1837 0
1800 1848 51
1800 1853 16
1818 1831 24
1818 1830 41
1818 1833 40
1818 1834 34
1818 1821 39
1818 1832 35
1818 1835 20
1818 1788 36
1818 1822 54
1818 1846 30
1818 1790 29
1818 1866 12
1818 1829 3
1818 1847 17
1818 1789 40
1818 1828 32
1818 1869 8
1818 1838 16
1818 1839 9
1818 1819 55
1818 1827 6
1818 1868 16
1818 1870 54
1818 1836 27
1818 1841 12
1818 1820 13
1818 1824 46
1818 1890 22
1818 1875 55
1818 1837 14
1818 1848 3
1818 1853 7
1823 1831 17
1823 1830 9
1823 1833 1
1823 1834 58
1823 1821 2
1823 1832 50
1823 1835 5
1823 1788 59
1823 1822 4
1823 1846 9
1823 1790 52
1823 1866 31
1823 1829 18
1823 1847 20
1823 1789 58
1823 1828 8
1823 1869 3
1823 1838 37
1823 1839 21
1823 1819 46
1823 1827 37
1823 1868 45
1823 1870 17
1823 1836 13
1823 1841 57
1823 1820 39
1823 1824 40
1823 1890 27
1823 1875 57
1823 1837 44
1823 1848 6
1823 1853 34
1807 1831 33
1807 1830 1
1807 1833 17
1807 1834 45
1807 1821 21
1807 1832 34
1807 1835 21
1807 1788 12
1807 1822 45
1807 1846 33
1807 1790 17
1807 1866 19
1807 1829 17
1807 1847 58
1807 1789 58
1807 1828 6
1807 1869 3
1807 1838 55
1807 1839 10
1807 1819 47
1807 1827 45
1807 1868 14
1807 1870 58
1807 1836 59
1807 1841 33
1807 1820 29
1807 1824 36
1807 1890 60
1807 1875 55
1807 1837 33
1807 1848 55
1807 1853 13
1861 1831 34
1861 1830 37
1861 1833 23
1861 1834 52
1861 1821 57
1861 1832 46
1861 1835 10
1861 1788 4
1861 1822 23
1861 1846 4
1861 1790 16
1861 1866 13
1861 1829 2
1861 1847 59
1861 1789 27
1861 1828 10
1861 1869 48
1861 1838 40
1861 1839 50
1861 1819 51
1861 1827 35
1861 1868 32
1861 1870 60
1861 1836 12
1861 1841 49
1861 1820 16
1861 1824 58
1861 1890 34
1861 1875 15
1861 1837 8
1861 1848 31
1861 1853 17
1863 1831 44
1863 1830 22
1863 1833 16
1863 1834 6
1863 1821 37
1863 1832 18
1863 1835 58
1863 1788 36
1863 1822 58
1863 1846 10
1863 1790 1
1863 1866 28
1863 1829 42
1863 1847 10
1863 1789 38
1863 1828 12
1863 1869 21
1863 1838 8
1863 1839 10
1863 1819 47
1863 1827 29
1863 1868 34
1863 1870 54
1863 1836 20
1863 1841 58
1863 1820 36
1863 1824 47
1863 1890 17
1863 1875 8
1863 1837 56
1863 1848 46
1863 1853 30
1791 1831 49
1791 1830 15
1791 1833 3
1791 1834 31
1791 1821 48
1791 1832 45
1791 1835 34
1791 1788 33
1791 1822 22
1791 1846 45
1791 1790 27
1791 1866 39
1791 1829 54
1791 1847 17
1791 1789 41
1791 1828 19
1791 1869 46
1791 1838 29
1791 1839 24
1791 1819 37
1791 1827 40
1791 1868 36
1791 1870 4
1791 1836 23
1791 1841 59
1791 1820 46
1791 1824 17
1791 1890 47
1791 1875 13
1791 1837 7
1791 1848 23
1791 1853 29
1794 1831 22
1794 1830 58
1794 1833 31
1794 1834 9
1794 1821 22
1794 1832 41
1794 1835 27
1794 1788 20
1794 1822 4
1794 1846 24
1794 1790 35
1794 1866 52
1794 1829 55
1794 1847 42
1794 1789 21
1794 1828 49
1794 1869 56
1794 1838 34
1794 1839 14
1794 1819 1
1794 1827 24
1794 1868 35
1794 1870 31
1794 1836 10
1794 1841 53
1794 1820 54
1794 1824 8
1794 1890 11
1794 1875 53
1794 1837 23
1794 1848 45
1794 1853 34
1806 1831 31
1806 1830 36
1806 1833 52
1806 1834 35
1806 1821 9
1806 1832 56
1806 1835 46
1806 1788 21
1806 1822 44
1806 1846 23
1806 1790 40
1806 1866 36
1806 1829 45
1806 1847 6
1806 1789 50
1806 1828 22
1806 1869 59
1806 1838 53
1806 1839 42
1806 1819 17
1806 1827 39
1806 1868 4
1806 1870 13
1806 1836 36
1806 1841 50
1806 1820 44
1806 1824 10
1806 1890 17
1806 1875 43
1806 1837 11
1806 1848 52
1806 1853 54
1802 1831 12
1802 1830 35
1802 1833 48
1802 1834 56
1802 1821 46
1802 1832 41
1802 1835 12
1802 1788 6
1802 1822 38
1802 1846 50
1802 1790 32
1802 1866 42
1802 1829 44
1802 1847 58
1802 1789 5
1802 1828 40
1802 1869 31
1802 1838 1
1802 1839 10
1802 1819 23
1802 1827 23
1802 1868 43
1802 1870 12
1802 1836 9
1802 1841 60
1802 1820 54
1802 1824 53
1802 1890 43
1802 1875 39
1802 1837 1
1802 1848 40
1802 1853 14
1805 1831 13
1805 1830 52
1805 1833 2
1805 1834 31
1805 1821 42
1805 1832 13
1805 1835 18
1805 1788 9
1805 1822 9
1805 1846 48
1805 1790 60
1805 1866 55
1805 1829 2
1805 1847 51
1805 1789 12
1805 1828 43
1805 1869 31
1805 1838 20
1805 1839 53
1805 1819 49
1805 1827 57
1805 1868 27
1805 1870 55
1805 1836 53
1805 1841 59
1805 1820 46
1805 1824 17
1805 1890 38
1805 1875 0
1805 1837 28
1805 1848 56
1805 1853 2
1820 1831 48
1820 1830 47
1820 1833 10
1820 1834 53
1820 1821 18
1820 1832 36
1820 1835 33
1820 1788 13
1820 1822 46
1820 1846 5
1820 1790 7
1820 1866 1
1820 1829 42
1820 1847 3
1820 1789 46
1820 1828 35
1820 1869 33
1820 1838 18
1820 1839 37
1820 1819 27
1820 1827 11
1820 1868 0
1820 1870 53
1820 1836 10
1820 1841 16
1820 1820 24
1820 1824 54
1820 1890 33
1820 1875 22
1820 1837 33
1820 1848 54
1820 1853 48
1824 1831 17
1824 1830 54
1824 1833 24
1824 1834 14
1824 1821 5
1824 1832 15
1824 1835 36
1824 1788 42
1824 1822 28
1824 1846 24
1824 1790 58
1824 1866 22
1824 1829 30
1824 1847 4
1824 1789 18
1824 1828 0
1824 1869 56
1824 1838 22
1824 1839 10
1824 1819 44
1824 1827 60
1824 1868 48
1824 1870 58
1824 1836 8
1824 1841 37
1824 1820 23
1824 1824 3
1824 1890 57
1824 1875 20
1824 1837 27
1824 1848 26
1824 1853 42
1808 1831 13
1808 1830 13
1808 1833 13
1808 1834 29
1808 1821 33
1808 1832 60
1808 1835 31
1808 1788 4
1808 1822 35
1808 1846 22
1808 1790 34
1808 1866 22
1808 1829 12
1808 1847 25
1808 1789 22
1808 1828 16
1808 1869 9
1808 1838 37
1808 1839 55
1808 1819 56
1808 1827 17
1808 1868 33
1808 1870 54
1808 1836 4
1808 1841 55
1808 1820 28
1808 1824 31
1808 1890 9
1808 1875 23
1808 1837 7
1808 1848 60
1808 1853 43
1810 1831 18
1810 1830 26
1810 1833 30
1810 1834 59
1810 1821 18
1810 1832 24
1810 1835 3
1810 1788 41
1810 1822 35
1810 1846 45
1810 1790 55
1810 1866 57
1810 1829 49
1810 1847 31
1810 1789 37
1810 1828 16
1810 1869 22
1810 1838 48
1810 1839 25
1810 1819 48
1810 1827 60
1810 1868 18
1810 1870 42
1810 1836 41
1810 1841 60
1810 1820 46
1810 1824 53
1810 1890 24
1810 1875 13
1810 1837 12
1810 1848 20
1810 1853 8
1864 1831 24
1864 1830 22
1864 1833 55
1864 1834 23
1864 1821 14
1864 1832 3
1864 1835 47
1864 1788 21
1864 1822 14
1864 1846 11
1864 1790 40
1864 1866 38
1864 1829 28
1864 1847 28
1864 1789 4
1864 1828 34
1864 1869 38
1864 1838 2
1864 1839 29
1864 1819 25
1864 1827 7
1864 1868 60
1864 1870 2
1864 1836 58
1864 1841 45
1864 1820 33
1864 1824 54
1864 1890 17
1864 1875 41
1864 1837 38
1864 1848 12
1864 1853 15
