11125 10920 31
11125 10920 30
11125 10921 23
11125 10921 6
11125 10922 5
11125 10922 43
11125 10923 30
11125 10923 23
11125 10918 57
11125 10918 29
11125 10925 1
11125 10925 12
11125 10924 51
11125 10924 12
11125 11074 6
11125 11074 51
11125 11070 20
11125 11070 12
11125 10915 49
11125 10915 20
11125 10919 7
11125 10919 5
11125 10927 24
11125 10927 59
11125 11072 36
11125 11072 15
11125 11073 19
11125 11073 42
11125 11075 37
11125 11075 49
11125 10840 33
11125 10840 1
11125 10916 48
11125 10916 49
11125 10917 59
11125 10917 57
11125 10926 0
11125 10926 33
11125 11078 17
11125 11078 57
11125 11071 45
11125 11071 25
11125 11079 46
11125 11079 28
11125 10934 13
11125 10934 18
11125 11081 13
11125 11081 33
11125 10833 31
11125 10833 39
11125 10911 48
11125 10911 56
11125 10928 2
11125 10928 21
11125 10933 7
11125 10933 13
11125 11076 20
11125 11076 21
11125 10841 28
11125 10841 36
11125 10858 12
11125 10858 25
11125 10929 12
11125 10929 20
11105 10920 29
11105 10920 12
11105 10921 56
11105 10921 1
11105 10922 31
11105 10922 42
11105 10923 10
11105 10923 23
11105 10918 56
11105 10918 7
11105 10925 46
11105 10925 16
11105 10924 24
11105 10924 58
11105 11074 27
11105 11074 25
11105 11070 43
11105 11070 37
11105 10915 14
11105 10915 46
11105 10919 36
11105 10919 54
11105 10927 54
11105 10927 26
11105 11072 15
11105 11072 46
11105 11073 47
11105 11073 18
11105 11075 40
11105 11075 7
11105 10840 52
11105 10840 11
11105 10916 15
11105 10916 43
11105 10917 28
11105 10917 36
11105 10926 11
11105 10926 33
11105 11078 2
11105 11078 27
11105 11071 34
11105 11071 37
11105 11079 38
11105 11079 10
11105 10934 56
11105 10934 0
11105 11081 24
11105 11081 30
11105 10833 57
11105 10833 24
11105 10911 59
11105 10911 36
11105 10928 4
11105 10928 24
11105 10933 53
11105 10933 39
11105 11076 40
11105 11076 27
11105 10841 47
11105 10841 27
11105 10858 3
11105 10858 55
11105 10929 44
11105 10929 43
11126 10920 29
11126 10920 49
11126 10921 47
11126 10921 13
11126 10922 45
11126 10922 4
11126 10923 40
11126 10923 29
11126 10918 26
11126 10918 19
11126 10925 17
11126 10925 15
11126 10924 35
11126 10924 17
11126 11074 15
11126 11074 49
11126 11070 7
11126 11070 53
11126 10915 37
11126 10915 46
11126 10919 19
11126 10919 19
11126 10927 50
11126 10927 40
11126 11072 49
11126 11072 59
11126 11073 11
11126 11073 17
11126 11075 45
11126 11075 29
11126 10840 53
11126 10840 18
11126 10916 7
11126 10916 43
11126 10917 4
11126 10917 12
11126 10926 2
11126 10926 13
11126 11078 19
11126 11078 53
11126 11071 6
11126 11071 45
11126 11079 38
11126 11079 0
11126 10934 11
11126 10934 18
11126 11081 28
11126 11081 49
11126 10833 7
11126 10833 13
11126 10911 24
11126 10911 22
11126 10928 35
11126 10928 27
11126 10933 29
11126 10933 43
11126 11076 7
11126 11076 48
11126 10841 4
11126 10841 32
11126 10858 29
11126 10858 35
11126 10929 32
11126 10929 11
11127 10920 41
11127 10920 12
11127 10921 51
11127 10921 56
11127 10922 23
11127 10922 26
11127 10923 59
11127 10923 7
11127 10918 9
11127 10918 52
11127 10925 38
11127 10925 10
11127 10924 44
11127 10924 34
11127 11074 13
11127 11074 4
11127 11070 11
11127 11070 58
11127 10915 37
11127 10915 39
11127 10919 53
11127 10919 30
11127 10927 34
11127 10927 12
11127 11072 46
11127 11072 33
11127 11073 60
11127 11073 38
11127 11075 5
11127 11075 41
11127 10840 41
11127 10840 36
11127 10916 5
11127 10916 55
11127 10917 16
11127 10917 18
11127 10926 45
11127 10926 46
11127 11078 53
11127 11078 10
11127 11071 34
11127 11071 22
11127 11079 42
11127 11079 31
11127 10934 16
11127 10934 49
11127 11081 12
11127 11081 41
11127 10833 55
11127 10833 51
11127 10911 52
11127 10911 50
11127 10928 12
11127 10928 25
11127 10933 52
11127 10933 24
11127 11076 42
11127 11076 8
11127 10841 5
11127 10841 6
11127 10858 6
11127 10858 18
11127 10929 58
11127 10929 49
11124 10920 7
11124 10920 13
11124 10921 27
11124 10921 21
11124 10922 26
11124 10922 36
11124 10923 16
11124 10923 57
11124 10918 12
11124 10918 49
11124 10925 7
11124 10925 9
11124 10924 32
11124 10924 3
11124 11074 3
11124 11074 28
11124 11070 15
11124 11070 1
11124 10915 10
11124 10915 56
11124 10919 51
11124 10919 13
11124 10927 55
11124 10927 26
11124 11072 18
11124 11072 11
11124 11073 23
11124 11073 46
11124 11075 31
11124 11075 24
11124 10840 30
11124 10840 37
11124 10916 42
11124 10916 24
11124 10917 52
11124 10917 42
11124 10926 7
11124 10926 33
11124 11078 5
11124 11078 27
11124 11071 45
11124 11071 41
11124 11079 38
11124 11079 9
11124 10934 21
11124 10934 20
11124 11081 4
11124 11081 10
11124 10833 46
11124 10833 49
11124 10911 3
11124 10911 26
11124 10928 2
11124 10928 8
11124 10933 28
11124 10933 15
11124 11076 4
11124 11076 0
11124 10841 14
11124 10841 1
11124 10858 5
11124 10858 14
11124 10929 54
11124 10929 18
11096 10920 57
11096 10920 35
11096 10921 7
11096 10921 43
11096 10922 8
11096 10922 60
11096 10923 10
11096 10923 7
11096 10918 16
11096 10918 44
11096 10925 11
11096 10925 57
11096 10924 39
11096 10924 58
11096 11074 12
11096 11074 48
11096 11070 8
11096 11070 59
11096 10915 6
11096 10915 60
11096 10919 38
11096 10919 0
11096 10927 47
11096 10927 56
11096 11072 3
11096 11072 1
11096 11073 52
11096 11073 50
11096 11075 4
11096 11075 6
11096 10840 16
11096 10840 29
11096 10916 0
11096 10916 20
11096 10917 21
11096 10917 50
11096 10926 13
11096 10926 32
11096 11078 16
11096 11078 4
11096 11071 26
11096 11071 48
11096 11079 8
11096 11079 42
11096 10934 25
11096 10934 47
11096 11081 47
11096 11081 20
11096 10833 42
11096 10833 58
11096 10911 51
11096 10911 27
11096 10928 16
11096 10928 0
11096 10933 38
11096 10933 20
11096 11076 41
11096 11076 13
11096 10841 19
11096 10841 51
11096 10858 49
11096 10858 15
11096 10929 19
11096 10929 51
11098 10920 17
11098 10920 38
11098 10921 20
11098 10921 59
11098 10922 49
11098 10922 8
11098 10923 47
11098 10923 38
11098 10918 49
11098 10918 9
11098 10925 9
11098 10925 57
11098 10924 34
11098 10924 30
11098 11074 19
11098 11074 58
11098 11070 28
11098 11070 57
11098 10915 41
11098 10915 20
11098 10919 48
11098 10919 41
11098 10927 17
11098 10927 19
11098 11072 26
11098 11072 16
11098 11073 23
11098 11073 53
11098 11075 54
11098 11075 44
11098 10840 47
11098 10840 33
11098 10916 24
11098 10916 5
11098 10917 10
11098 10917 12
11098 10926 24
11098 10926 48
11098 11078 43
11098 11078 25
11098 11071 44
11098 11071 54
11098 11079 43
11098 11079 39
11098 10934 53
11098 10934 54
11098 11081 6
11098 11081 5
11098 10833 60
11098 10833 6
11098 10911 39
11098 10911 22
11098 10928 39
11098 10928 20
11098 10933 31
11098 10933 15
11098 11076 22
11098 11076 36
11098 10841 3
11098 10841 29
11098 10858 46
11098 10858 25
11098 10929 49
11098 10929 34
11106 10920 26
11106 10920 17
11106 10921 42
11106 10921 60
11106 10922 7
11106 10922 23
11106 10923 27
11106 10923 17
11106 10918 51
11106 10918 42
11106 10925 38
11106 10925 46
11106 10924 4
11106 10924 22
11106 11074 17
11106 11074 18
11106 11070 40
11106 11070 31
11106 10915 55
11106 10915 39
11106 10919 49
11106 10919 38
11106 10927 9
11106 10927 45
11106 11072 18
11106 11072 56
11106 11073 20
11106 11073 12
11106 11075 9
11106 11075 33
11106 10840 2
11106 10840 12
11106 10916 58
11106 10916 30
11106 10917 18
11106 10917 1
11106 10926 18
11106 10926 26
11106 11078 28
11106 11078 59
11106 11071 9
11106 11071 38
11106 11079 17
11106 11079 3
11106 10934 30
11106 10934 4
11106 11081 14
11106 11081 32
11106 10833 20
11106 10833 28
11106 10911 12
11106 10911 4
11106 10928 11
11106 10928 4
11106 10933 21
11106 10933 43
11106 11076 39
11106 11076 55
11106 10841 23
11106 10841 41
11106 10858 51
11106 10858 12
11106 10929 11
11106 10929 33
11119 10920 41
11119 10920 11
11119 10921 45
11119 10921 18
11119 10922 5
11119 10922 51
11119 10923 18
11119 10923 0
11119 10918 27
11119 10918 36
11119 10925 31
11119 10925 43
11119 10924 25
11119 10924 21
11119 11074 28
11119 11074 46
11119 11070 49
11119 11070 25
11119 10915 10
11119 10915 34
11119 10919 52
11119 10919 20
11119 10927 33
11119 10927 51
11119 11072 27
11119 11072 23
11119 11073 3
11119 11073 5
11119 11075 57
11119 11075 6
11119 10840 6
11119 10840 58
11119 10916 13
11119 10916 20
11119 10917 18
11119 10917 37
11119 10926 2
11119 10926 21
11119 11078 31
11119 11078 60
11119 11071 57
11119 11071 51
11119 11079 6
11119 11079 33
11119 10934 27
11119 10934 8
11119 11081 46
11119 11081 21
11119 10833 36
11119 10833 20
11119 10911 58
11119 10911 25
11119 10928 51
11119 10928 45
11119 10933 16
11119 10933 4
11119 11076 11
11119 11076 48
11119 10841 9
11119 10841 35
11119 10858 45
11119 10858 33
11119 10929 20
11119 10929 21
11128 10920 26
11128 10920 40
11128 10921 15
11128 10921 2
11128 10922 49
11128 10922 28
11128 10923 4
11128 10923 22
11128 10918 60
11128 10918 12
11128 10925 31
11128 10925 14
11128 10924 52
11128 10924 37
11128 11074 21
11128 11074 18
11128 11070 15
11128 11070 17
11128 10915 9
11128 10915 2
11128 10919 36
11128 10919 43
11128 10927 39
11128 10927 38
11128 11072 4
11128 11072 42
11128 11073 16
11128 11073 9
11128 11075 43
11128 11075 8
11128 10840 14
11128 10840 45
11128 10916 1
11128 10916 41
11128 10917 43
11128 10917 36
11128 10926 7
11128 10926 21
11128 11078 17
11128 11078 12
11128 11071 35
11128 11071 55
11128 11079 54
11128 11079 59
11128 10934 44
11128 10934 19
11128 11081 10
11128 11081 8
11128 10833 20
11128 10833 11
11128 10911 38
11128 10911 29
11128 10928 22
11128 10928 12
11128 10933 53
11128 10933 36
11128 11076 21
11128 11076 4
11128 10841 22
11128 10841 8
11128 10858 5
11128 10858 20
11128 10929 51
11128 10929 23
11120 10920 4
11120 10920 9
11120 10921 35
11120 10921 14
11120 10922 4
11120 10922 19
11120 10923 2
11120 10923 53
11120 10918 19
11120 10918 59
11120 10925 53
11120 10925 46
11120 10924 2
11120 10924 0
11120 11074 27
11120 11074 23
11120 11070 2
11120 11070 7
11120 10915 23
11120 10915 58
11120 10919 35
11120 10919 31
11120 10927 0
11120 10927 59
11120 11072 40
11120 11072 36
11120 11073 50
11120 11073 31
11120 11075 55
11120 11075 25
11120 10840 13
11120 10840 52
11120 10916 34
11120 10916 13
11120 10917 6
11120 10917 29
11120 10926 29
11120 10926 37
11120 11078 23
11120 11078 34
11120 11071 25
11120 11071 25
11120 11079 36
11120 11079 44
11120 10934 39
11120 10934 3
11120 11081 26
11120 11081 53
11120 10833 28
11120 10833 30
11120 10911 55
11120 10911 7
11120 10928 46
11120 10928 52
11120 10933 24
11120 10933 48
11120 11076 40
11120 11076 5
11120 10841 47
11120 10841 55
11120 10858 33
11120 10858 39
11120 10929 20
11120 10929 11
11129 10920 0
11129 10920 48
11129 10921 56
11129 10921 23
11129 10922 1
11129 10922 15
11129 10923 43
11129 10923 31
11129 10918 33
11129 10918 5
11129 10925 35
11129 10925 21
11129 10924 60
11129 10924 16
11129 11074 54
11129 11074 47
11129 11070 27
11129 11070 50
11129 10915 44
11129 10915 49
11129 10919 16
11129 10919 58
11129 10927 49
11129 10927 4
11129 11072 12
11129 11072 24
11129 11073 1
11129 11073 14
11129 11075 0
11129 11075 21
11129 10840 38
11129 10840 41
11129 10916 60
11129 10916 52
11129 10917 29
11129 10917 29
11129 10926 60
11129 10926 56
11129 11078 16
11129 11078 9
11129 11071 30
11129 11071 58
11129 11079 39
11129 11079 6
11129 10934 58
11129 10934 12
11129 11081 55
11129 11081 18
11129 10833 32
11129 10833 52
11129 10911 4
11129 10911 16
11129 10928 1
11129 10928 36
11129 10933 35
11129 10933 3
11129 11076 26
11129 11076 7
11129 10841 60
11129 10841 10
11129 10858 53
11129 10858 53
11129 10929 10
11129 10929 34
11099 10920 0
11099 10920 11
11099 10921 5
11099 10921 29
11099 10922 41
11099 10922 3
11099 10923 37
11099 10923 4
11099 10918 28
11099 10918 21
11099 10925 35
11099 10925 40
11099 10924 44
11099 10924 11
11099 11074 37
11099 11074 53
11099 11070 33
11099 11070 47
11099 10915 26
11099 10915 42
11099 10919 13
11099 10919 58
11099 10927 60
11099 10927 30
11099 11072 5
11099 11072 53
11099 11073 46
11099 11073 23
11099 11075 46
11099 11075 49
11099 10840 16
11099 10840 8
11099 10916 41
11099 10916 24
11099 10917 41
11099 10917 60
11099 10926 48
11099 10926 36
11099 11078 41
11099 11078 17
11099 11071 22
11099 11071 28
11099 11079 9
11099 11079 24
11099 10934 8
11099 10934 55
11099 11081 55
11099 11081 17
11099 10833 1
11099 10833 6
11099 10911 15
11099 10911 51
11099 10928 37
11099 10928 27
11099 10933 13
11099 10933 8
11099 11076 50
11099 11076 20
11099 10841 38
11099 10841 22
11099 10858 47
11099 10858 55
11099 10929 55
11099 10929 36
11092 10920 57
11092 10920 4
11092 10921 40
11092 10921 7
11092 10922 54
11092 10922 49
11092 10923 0
11092 10923 13
11092 10918 47
11092 10918 52
11092 10925 12
11092 10925 0
11092 10924 2
11092 10924 24
11092 11074 8
11092 11074 57
11092 11070 56
11092 11070 24
11092 10915 44
11092 10915 5
11092 10919 3
11092 10919 47
11092 10927 43
11092 10927 6
11092 11072 4
11092 11072 28
11092 11073 6
11092 11073 28
11092 11075 12
11092 11075 17
11092 10840 60
11092 10840 2
11092 10916 59
11092 10916 7
11092 10917 10
11092 10917 8
11092 10926 21
11092 10926 38
11092 11078 4
11092 11078 16
11092 11071 49
11092 11071 32
11092 11079 7
11092 11079 11
11092 10934 0
11092 10934 11
11092 11081 14
11092 11081 49
11092 10833 41
11092 10833 22
11092 10911 24
11092 10911 48
11092 10928 23
11092 10928 59
11092 10933 39
11092 10933 4
11092 11076 7
11092 11076 9
11092 10841 37
11092 10841 23
11092 10858 44
11092 10858 46
11092 10929 42
11092 10929 37
11093 10920 0
11093 10920 19
11093 10921 36
11093 10921 19
11093 10922 53
11093 10922 57
11093 10923 23
11093 10923 16
11093 10918 25
11093 10918 25
11093 10925 9
11093 10925 57
11093 10924 49
11093 10924 13
11093 11074 51
11093 11074 56
11093 11070 40
11093 11070 27
11093 10915 32
11093 10915 21
11093 10919 2
11093 10919 43
11093 10927 58
11093 10927 4
11093 11072 35
11093 11072 57
11093 11073 22
11093 11073 56
11093 11075 28
11093 11075 4
11093 10840 18
11093 10840 60
11093 10916 8
11093 10916 29
11093 10917 15
11093 10917 31
11093 10926 36
11093 10926 60
11093 11078 21
11093 11078 46
11093 11071 48
11093 11071 39
11093 11079 38
11093 11079 29
11093 10934 7
11093 10934 1
11093 11081 49
11093 11081 20
11093 10833 14
11093 10833 4
11093 10911 14
11093 10911 10
11093 10928 27
11093 10928 14
11093 10933 33
11093 10933 29
11093 11076 28
11093 11076 49
11093 10841 51
11093 10841 29
11093 10858 21
11093 10858 4
11093 10929 43
11093 10929 29
10959 10920 44
10959 10920 4
10959 10921 41
10959 10921 5
10959 10922 28
10959 10922 47
10959 10923 11
10959 10923 33
10959 10918 11
10959 10918 10
10959 10925 47
10959 10925 24
10959 10924 60
10959 10924 51
10959 11074 8
10959 11074 41
10959 11070 12
10959 11070 10
10959 10915 44
10959 10915 12
10959 10919 37
10959 10919 29
10959 10927 2
10959 10927 5
10959 11072 14
10959 11072 15
10959 11073 40
10959 11073 43
10959 11075 0
10959 11075 5
10959 10840 45
10959 10840 48
10959 10916 1
10959 10916 47
10959 10917 2
10959 10917 43
10959 10926 54
10959 10926 14
10959 11078 31
10959 11078 42
10959 11071 39
10959 11071 36
10959 11079 12
10959 11079 35
10959 10934 30
10959 10934 34
10959 11081 58
10959 11081 31
10959 10833 52
10959 10833 18
10959 10911 21
10959 10911 33
10959 10928 24
10959 10928 11
10959 10933 37
10959 10933 15
10959 11076 43
10959 11076 39
10959 10841 17
10959 10841 36
10959 10858 13
10959 10858 52
10959 10929 27
10959 10929 9
11095 10920 54
11095 10920 34
11095 10921 56
11095 10921 3
11095 10922 14
11095 10922 50
11095 10923 16
11095 10923 8
11095 10918 32
11095 10918 3
11095 10925 16
11095 10925 40
11095 10924 28
11095 10924 36
11095 11074 54
11095 11074 26
11095 11070 35
11095 11070 47
11095 10915 42
11095 10915 10
11095 10919 19
11095 10919 34
11095 10927 27
11095 10927 0
11095 11072 49
11095 11072 53
11095 11073 57
11095 11073 11
11095 11075 10
11095 11075 26
11095 10840 42
11095 10840 42
11095 10916 30
11095 10916 6
11095 10917 48
11095 10917 57
11095 10926 19
11095 10926 52
11095 11078 37
11095 11078 41
11095 11071 49
11095 11071 56
11095 11079 8
11095 11079 10
11095 10934 18
11095 10934 2
11095 11081 59
11095 11081 9
11095 10833 3
11095 10833 28
11095 10911 14
11095 10911 30
11095 10928 42
11095 10928 24
11095 10933 5
11095 10933 40
11095 11076 58
11095 11076 34
11095 10841 25
11095 10841 20
11095 10858 21
11095 10858 35
11095 10929 21
11095 10929 24
11107 10920 6
11107 10920 43
11107 10921 43
11107 10921 28
11107 10922 25
11107 10922 29
11107 10923 20
11107 10923 53
11107 10918 6
11107 10918 41
11107 10925 23
11107 10925 32
11107 10924 15
11107 10924 36
11107 11074 49
11107 11074 33
11107 11070 54
11107 11070 57
11107 10915 16
11107 10915 35
11107 10919 57
11107 10919 57
11107 10927 27
11107 10927 41
11107 11072 5
11107 11072 57
11107 11073 12
11107 11073 18
11107 11075 15
11107 11075 36
11107 10840 53
11107 10840 49
11107 10916 58
11107 10916 33
11107 10917 52
11107 10917 2
11107 10926 54
11107 10926 58
11107 11078 33
11107 11078 21
11107 11071 39
11107 11071 26
11107 11079 15
11107 11079 45
11107 10934 51
11107 10934 20
11107 11081 15
11107 11081 7
11107 10833 12
11107 10833 33
11107 10911 53
11107 10911 29
11107 10928 49
11107 10928 6
11107 10933 48
11107 10933 7
11107 11076 47
11107 11076 5
11107 10841 25
11107 10841 4
11107 10858 48
11107 10858 39
11107 10929 37
11107 10929 4
11108 10920 18
11108 10920 6
11108 10921 35
11108 10921 47
11108 10922 33
11108 10922 50
11108 10923 49
11108 10923 53
11108 10918 35
11108 10918 57
11108 10925 48
11108 10925 46
11108 10924 35
11108 10924 14
11108 11074 52
11108 11074 23
11108 11070 58
11108 11070 20
11108 10915 45
11108 10915 14
11108 10919 54
11108 10919 49
11108 10927 49
11108 10927 48
11108 11072 12
11108 11072 48
11108 11073 48
11108 11073 58
11108 11075 10
11108 11075 9
11108 10840 25
11108 10840 21
11108 10916 34
11108 10916 11
11108 10917 27
11108 10917 14
11108 10926 43
11108 10926 20
11108 11078 45
11108 11078 45
11108 11071 0
11108 11071 36
11108 11079 52
11108 11079 27
11108 10934 38
11108 10934 50
11108 11081 29
11108 11081 19
11108 10833 56
11108 10833 31
11108 10911 43
11108 10911 21
11108 10928 60
11108 10928 1
11108 10933 55
11108 10933 45
11108 11076 31
11108 11076 50
11108 10841 50
11108 10841 44
11108 10858 51
11108 10858 35
11108 10929 38
11108 10929 11
11113 10920 17
11113 10920 35
11113 10921 50
11113 10921 24
11113 10922 44
11113 10922 44
11113 10923 22
11113 10923 30
11113 10918 45
11113 10918 46
11113 10925 1
11113 10925 60
11113 10924 37
11113 10924 36
11113 11074 32
11113 11074 55
11113 11070 30
11113 11070 21
11113 10915 32
11113 10915 56
11113 10919 13
11113 10919 17
11113 10927 9
11113 10927 8
11113 11072 49
11113 11072 60
11113 11073 33
11113 11073 0
11113 11075 35
11113 11075 58
11113 10840 27
11113 10840 8
11113 10916 35
11113 10916 24
11113 10917 53
11113 10917 3
11113 10926 40
11113 10926 41
11113 11078 4
11113 11078 57
11113 11071 31
11113 11071 50
11113 11079 18
11113 11079 6
11113 10934 43
11113 10934 48
11113 11081 11
11113 11081 11
11113 10833 28
11113 10833 13
11113 10911 12
11113 10911 5
11113 10928 42
11113 10928 31
11113 10933 25
11113 10933 49
11113 11076 33
11113 11076 48
11113 10841 50
11113 10841 38
11113 10858 7
11113 10858 55
11113 10929 20
11113 10929 12
11123 10920 7
11123 10920 21
11123 10921 1
11123 10921 36
11123 10922 12
11123 10922 18
11123 10923 19
11123 10923 52
11123 10918 60
11123 10918 30
11123 10925 49
11123 10925 42
11123 10924 42
11123 10924 46
11123 11074 50
11123 11074 10
11123 11070 52
11123 11070 54
11123 10915 2
11123 10915 53
11123 10919 23
11123 10919 3
11123 10927 3
11123 10927 58
11123 11072 8
11123 11072 24
11123 11073 57
11123 11073 3
11123 11075 47
11123 11075 50
11123 10840 5
11123 10840 47
11123 10916 52
11123 10916 8
11123 10917 55
11123 10917 52
11123 10926 56
11123 10926 4
11123 11078 2
11123 11078 36
11123 11071 21
11123 11071 46
11123 11079 16
11123 11079 39
11123 10934 31
11123 10934 26
11123 11081 23
11123 11081 59
11123 10833 49
11123 10833 57
11123 10911 49
11123 10911 45
11123 10928 9
11123 10928 27
11123 10933 50
11123 10933 53
11123 11076 14
11123 11076 49
11123 10841 7
11123 10841 53
11123 10858 34
11123 10858 45
11123 10929 39
11123 10929 2
11130 10920 43
11130 10920 11
11130 10921 40
11130 10921 58
11130 10922 35
11130 10922 29
11130 10923 15
11130 10923 21
11130 10918 12
11130 10918 27
11130 10925 24
11130 10925 60
11130 10924 41
11130 10924 24
11130 11074 50
11130 11074 32
11130 11070 20
11130 11070 56
11130 10915 53
11130 10915 52
11130 10919 6
11130 10919 13
11130 10927 38
11130 10927 12
11130 11072 58
11130 11072 44
11130 11073 21
11130 11073 51
11130 11075 45
11130 11075 19
11130 10840 11
11130 10840 27
11130 10916 53
11130 10916 34
11130 10917 48
11130 10917 55
11130 10926 49
11130 10926 50
11130 11078 28
11130 11078 14
11130 11071 25
11130 11071 51
11130 11079 37
11130 11079 12
11130 10934 55
11130 10934 49
11130 11081 37
11130 11081 44
11130 10833 20
11130 10833 55
11130 10911 25
11130 10911 49
11130 10928 31
11130 10928 29
11130 10933 29
11130 10933 54
11130 11076 30
11130 11076 7
11130 10841 38
11130 10841 18
11130 10858 36
11130 10858 5
11130 10929 24
11130 10929 51
11131 10920 19
11131 10920 50
11131 10921 47
11131 10921 57
11131 10922 4
11131 10922 22
11131 10923 26
11131 10923 41
11131 10918 23
11131 10918 25
11131 10925 50
11131 10925 5
11131 10924 42
11131 10924 47
11131 11074 1
11131 11074 35
11131 11070 41
11131 11070 34
11131 10915 10
11131 10915 5
11131 10919 49
11131 10919 48
11131 10927 44
11131 10927 9
11131 11072 43
11131 11072 10
11131 11073 38
11131 11073 26
11131 11075 48
11131 11075 23
11131 10840 13
11131 10840 8
11131 10916 44
11131 10916 2
11131 10917 55
11131 10917 48
11131 10926 27
11131 10926 40
11131 11078 27
11131 11078 52
11131 11071 48
11131 11071 41
11131 11079 51
11131 11079 60
11131 10934 35
11131 10934 13
11131 11081 46
11131 11081 7
11131 10833 14
11131 10833 15
11131 10911 8
11131 10911 17
11131 10928 3
11131 10928 3
11131 10933 46
11131 10933 0
11131 11076 55
11131 11076 9
11131 10841 58
11131 10841 52
11131 10858 29
11131 10858 39
11131 10929 16
11131 10929 35
11118 10920 40
11118 10920 50
11118 10921 35
11118 10921 30
11118 10922 10
11118 10922 27
11118 10923 53
11118 10923 36
11118 10918 50
11118 10918 20
11118 10925 41
11118 10925 19
11118 10924 6
11118 10924 57
11118 11074 60
11118 11074 44
11118 11070 20
11118 11070 49
11118 10915 9
11118 10915 7
11118 10919 23
11118 10919 4
11118 10927 29
11118 10927 34
11118 11072 51
11118 11072 36
11118 11073 40
11118 11073 48
11118 11075 33
11118 11075 29
11118 10840 56
11118 10840 3
11118 10916 36
11118 10916 16
11118 10917 45
11118 10917 7
11118 10926 56
11118 10926 16
11118 11078 46
11118 11078 7
11118 11071 37
11118 11071 49
11118 11079 52
11118 11079 56
11118 10934 55
11118 10934 59
11118 11081 28
11118 11081 15
11118 10833 39
11118 10833 5
11118 10911 24
11118 10911 23
11118 10928 14
11118 10928 50
11118 10933 50
11118 10933 4
11118 11076 33
11118 11076 56
11118 10841 39
11118 10841 0
11118 10858 59
11118 10858 37
11118 10929 53
11118 10929 51
11147 10920 11
11147 10920 52
11147 10921 15
11147 10921 37
11147 10922 13
11147 10922 4
11147 10923 20
11147 10923 30
11147 10918 26
11147 10918 33
11147 10925 49
11147 10925 45
11147 10924 60
11147 10924 15
11147 11074 2
11147 11074 58
11147 11070 41
11147 11070 29
11147 10915 12
11147 10915 38
11147 10919 59
11147 10919 32
11147 10927 14
11147 10927 44
11147 11072 20
11147 11072 32
11147 11073 53
11147 11073 17
11147 11075 21
11147 11075 30
11147 10840 4
11147 10840 51
11147 10916 5
11147 10916 45
11147 10917 37
11147 10917 23
11147 10926 5
11147 10926 1
11147 11078 55
11147 11078 12
11147 11071 31
11147 11071 59
11147 11079 37
11147 11079 8
11147 10934 28
11147 10934 28
11147 11081 31
11147 11081 38
11147 10833 7
11147 10833 49
11147 10911 33
11147 10911 55
11147 10928 45
11147 10928 11
11147 10933 21
11147 10933 57
11147 11076 38
11147 11076 4
11147 10841 58
11147 10841 9
11147 10858 13
11147 10858 6
11147 10929 18
11147 10929 12
11146 10920 24
11146 10920 17
11146 10921 40
11146 10921 23
11146 10922 8
11146 10922 55
11146 10923 39
11146 10923 14
11146 10918 52
11146 10918 60
11146 10925 31
11146 10925 40
11146 10924 30
11146 10924 14
11146 11074 48
11146 11074 25
11146 11070 18
11146 11070 7
11146 10915 6
11146 10915 2
11146 10919 16
11146 10919 41
11146 10927 55
11146 10927 16
11146 11072 54
11146 11072 56
11146 11073 59
11146 11073 42
11146 11075 2
11146 11075 44
11146 10840 8
11146 10840 22
11146 10916 23
11146 10916 33
11146 10917 47
11146 10917 18
11146 10926 28
11146 10926 2
11146 11078 5
11146 11078 21
11146 11071 56
11146 11071 22
11146 11079 45
11146 11079 7
11146 10934 49
11146 10934 45
11146 11081 56
11146 11081 42
11146 10833 22
11146 10833 60
11146 10911 58
11146 10911 39
11146 10928 9
11146 10928 26
11146 10933 46
11146 10933 11
11146 11076 26
11146 11076 60
11146 10841 45
11146 10841 2
11146 10858 59
11146 10858 58
11146 10929 40
11146 10929 30
11091 10920 27
11091 10920 31
11091 10921 9
11091 10921 4
11091 10922 11
11091 10922 59
11091 10923 6
11091 10923 40
11091 10918 34
11091 10918 59
11091 10925 39
11091 10925 13
11091 10924 46
11091 10924 37
11091 11074 0
11091 11074 9
11091 11070 25
11091 11070 20
11091 10915 47
11091 10915 42
11091 10919 27
11091 10919 10
11091 10927 34
11091 10927 51
11091 11072 40
11091 11072 19
11091 11073 47
11091 11073 38
11091 11075 51
11091 11075 7
11091 10840 12
11091 10840 48
11091 10916 47
11091 10916 18
11091 10917 42
11091 10917 48
11091 10926 44
11091 10926 60
11091 11078 48
11091 11078 38
11091 11071 59
11091 11071 52
11091 11079 34
11091 11079 53
11091 10934 21
11091 10934 51
11091 11081 57
11091 11081 48
11091 10833 14
11091 10833 12
11091 10911 58
11091 10911 55
11091 10928 48
11091 10928 44
11091 10933 41
11091 10933 37
11091 11076 52
11091 11076 35
11091 10841 6
11091 10841 39
11091 10858 41
11091 10858 41
11091 10929 15
11091 10929 33
11094 10920 32
11094 10920 37
11094 10921 23
11094 10921 41
11094 10922 35
11094 10922 22
11094 10923 12
11094 10923 18
11094 10918 29
11094 10918 39
11094 10925 27
11094 10925 2
11094 10924 34
11094 10924 55
11094 11074 60
11094 11074 31
11094 11070 39
11094 11070 31
11094 10915 24
11094 10915 39
11094 10919 59
11094 10919 57
11094 10927 17
11094 10927 2
11094 11072 46
11094 11072 32
11094 11073 38
11094 11073 45
11094 11075 56
11094 11075 54
11094 10840 10
11094 10840 55
11094 10916 49
11094 10916 22
11094 10917 31
11094 10917 0
11094 10926 41
11094 10926 46
11094 11078 20
11094 11078 7
11094 11071 38
11094 11071 40
11094 11079 37
11094 11079 39
11094 10934 9
11094 10934 53
11094 11081 16
11094 11081 38
11094 10833 60
11094 10833 12
11094 10911 49
11094 10911 10
11094 10928 46
11094 10928 55
11094 10933 48
11094 10933 55
11094 11076 41
11094 11076 26
11094 10841 29
11094 10841 56
11094 10858 15
11094 10858 11
11094 10929 26
11094 10929 23
11080 10920 17
11080 10920 58
11080 10921 1
11080 10921 10
11080 10922 46
11080 10922 21
11080 10923 28
11080 10923 21
11080 10918 0
11080 10918 5
11080 10925 47
11080 10925 4
11080 10924 49
11080 10924 56
11080 11074 9
11080 11074 37
11080 11070 38
11080 11070 4
11080 10915 3
11080 10915 55
11080 10919 30
11080 10919 50
11080 10927 14
11080 10927 11
11080 11072 29
11080 11072 59
11080 11073 53
11080 11073 47
11080 11075 37
11080 11075 8
11080 10840 25
11080 10840 3
11080 10916 0
11080 10916 41
11080 10917 12
11080 10917 47
11080 10926 56
11080 10926 59
11080 11078 60
11080 11078 6
11080 11071 23
11080 11071 16
11080 11079 15
11080 11079 48
11080 10934 5
11080 10934 47
11080 11081 17
11080 11081 20
11080 10833 4
11080 10833 35
11080 10911 21
11080 10911 32
11080 10928 54
11080 10928 27
11080 10933 48
11080 10933 11
11080 11076 21
11080 11076 58
11080 10841 34
11080 10841 32
11080 10858 21
11080 10858 0
11080 10929 36
11080 10929 58
10960 10920 27
10960 10920 45
10960 10921 50
10960 10921 20
10960 10922 22
10960 10922 57
10960 10923 48
10960 10923 45
10960 10918 6
10960 10918 1
10960 10925 49
10960 10925 0
10960 10924 56
10960 10924 58
10960 11074 56
10960 11074 36
10960 11070 8
10960 11070 44
10960 10915 30
10960 10915 42
10960 10919 42
10960 10919 40
10960 10927 35
10960 10927 50
10960 11072 6
10960 11072 51
10960 11073 4
10960 11073 4
10960 11075 19
10960 11075 19
10960 10840 45
10960 10840 30
10960 10916 4
10960 10916 18
10960 10917 48
10960 10917 20
10960 10926 39
10960 10926 23
10960 11078 31
10960 11078 38
10960 11071 26
10960 11071 4
10960 11079 14
10960 11079 38
10960 10934 25
10960 10934 9
10960 11081 46
10960 11081 31
10960 10833 26
10960 10833 21
10960 10911 39
10960 10911 10
10960 10928 59
10960 10928 59
10960 10933 34
10960 10933 29
10960 11076 50
10960 11076 35
10960 10841 38
10960 10841 1
10960 10858 25
10960 10858 22
10960 10929 33
10960 10929 3
11104 10920 33
11104 10920 25
11104 10921 11
11104 10921 26
11104 10922 10
11104 10922 13
11104 10923 9
11104 10923 53
11104 10918 45
11104 10918 37
11104 10925 59
11104 10925 46
11104 10924 7
11104 10924 21
11104 11074 16
11104 11074 60
11104 11070 29
11104 11070 39
11104 10915 2
11104 10915 20
11104 10919 13
11104 10919 16
11104 10927 27
11104 10927 10
11104 11072 32
11104 11072 18
11104 11073 21
11104 11073 44
11104 11075 15
11104 11075 15
11104 10840 16
11104 10840 5
11104 10916 51
11104 10916 8
11104 10917 7
11104 10917 59
11104 10926 20
11104 10926 11
11104 11078 6
11104 11078 32
11104 11071 9
11104 11071 41
11104 11079 4
11104 11079 8
11104 10934 28
11104 10934 40
11104 11081 50
11104 11081 47
11104 10833 60
11104 10833 34
11104 10911 60
11104 10911 22
11104 10928 27
11104 10928 22
11104 10933 16
11104 10933 29
11104 11076 24
11104 11076 48
11104 10841 8
11104 10841 54
11104 10858 28
11104 10858 37
11104 10929 25
11104 10929 1
11359 10920 3
11359 10920 56
11359 10921 33
11359 10921 36
11359 10922 10
11359 10922 32
11359 10923 39
11359 10923 3
11359 10918 8
11359 10918 40
11359 10925 27
11359 10925 52
11359 10924 58
11359 10924 2
11359 11074 20
11359 11074 55
11359 11070 42
11359 11070 39
11359 10915 58
11359 10915 9
11359 10919 22
11359 10919 11
11359 10927 26
11359 10927 3
11359 11072 8
11359 11072 6
11359 11073 9
11359 11073 1
11359 11075 44
11359 11075 31
11359 10840 16
11359 10840 47
11359 10916 27
11359 10916 28
11359 10917 26
11359 10917 5
11359 10926 10
11359 10926 43
11359 11078 33
11359 11078 23
11359 11071 16
11359 11071 16
11359 11079 47
11359 11079 59
11359 10934 12
11359 10934 41
11359 11081 16
11359 11081 50
11359 10833 32
11359 10833 1
11359 10911 10
11359 10911 52
11359 10928 48
11359 10928 21
11359 10933 38
11359 10933 30
11359 11076 44
11359 11076 20
11359 10841 41
11359 10841 55
11359 10858 18
11359 10858 21
11359 10929 53
11359 10929 2
