4853 4812 57
4853 4811 56
4853 4634 35
4853 4813 9
4853 4817 35
4853 4805 53
4853 4633 60
4853 4816 37
4853 4630 53
4853 4635 4
4853 4814 0
4853 4818 35
4853 4833 37
4853 4804 50
4853 4628 15
4853 4810 49
4853 4629 28
4853 4826 45
4853 4616 50
4853 4631 41
4853 4636 19
4853 4815 0
4853 4819 32
4853 4834 28
4853 4837 55
4853 4803 57
4853 4627 58
4853 4808 15
4853 4623 35
4853 4823 37
4853 4615 2
4853 4539 44
4852 4812 24
4852 4811 48
4852 4634 22
4852 4813 37
4852 4817 1
4852 4805 35
4852 4633 38
4852 4816 50
4852 4630 4
4852 4635 46
4852 4814 20
4852 4818 0
4852 4833 15
4852 4804 43
4852 4628 52
4852 4810 58
4852 4629 50
4852 4826 50
4852 4616 6
4852 4631 28
4852 4636 50
4852 4815 58
4852 4819 18
4852 4834 20
4852 4837 9
4852 4803 49
4852 4627 30
4852 4808 18
4852 4623 27
4852 4823 49
4852 4615 29
4852 4539 23
4854 4812 55
4854 4811 57
4854 4634 47
4854 4813 21
4854 4817 36
4854 4805 30
4854 4633 8
4854 4816 18
4854 4630 5
4854 4635 3
4854 4814 0
4854 4818 32
4854 4833 43
4854 4804 59
4854 4628 2
4854 4810 39
4854 4629 27
4854 4826 56
4854 4616 13
4854 4631 1
4854 4636 36
4854 4815 58
4854 4819 54
4854 4834 31
4854 4837 35
4854 4803 28
4854 4627 40
4854 4808 28
4854 4623 6
4854 4823 17
4854 4615 53
4854 4539 50
4849 4812 26
4849 4811 13
4849 4634 47
4849 4813 5
4849 4817 51
4849 4805 49
4849 4633 11
4849 4816 3
4849 4630 52
4849 4635 52
4849 4814 15
4849 4818 25
4849 4833 20
4849 4804 57
4849 4628 57
4849 4810 10
4849 4629 56
4849 4826 55
4849 4616 3
4849 4631 34
4849 4636 25
4849 4815 17
4849 4819 58
4849 4834 57
4849 4837 57
4849 4803 39
4849 4627 13
4849 4808 1
4849 4623 24
4849 4823 49
4849 4615 1
4849 4539 13
4855 4812 17
4855 4811 35
4855 4634 3
4855 4813 50
4855 4817 39
4855 4805 43
4855 4633 13
4855 4816 10
4855 4630 58
4855 4635 34
4855 4814 27
4855 4818 51
4855 4833 47
4855 4804 37
4855 4628 16
4855 4810 2
4855 4629 46
4855 4826 8
4855 4616 11
4855 4631 6
4855 4636 4
4855 4815 20
4855 4819 13
4855 4834 14
4855 4837 18
4855 4803 4
4855 4627 49
4855 4808 44
4855 4623 12
4855 4823 5
4855 4615 50
4855 4539 38
4851 4812 34
4851 4811 56
4851 4634 30
4851 4813 59
4851 4817 5
4851 4805 57
4851 4633 51
4851 4816 43
4851 4630 53
4851 4635 20
4851 4814 44
4851 4818 49
4851 4833 11
4851 4804 40
4851 4628 10
4851 4810 15
4851 4629 43
4851 4826 30
4851 4616 41
4851 4631 30
4851 4636 8
4851 4815 4
4851 4819 44
4851 4834 13
4851 4837 24
4851 4803 53
4851 4627 29
4851 4808 43
4851 4623 4
4851 4823 11
4851 4615 23
4851 4539 1
4848 4812 36
4848 4811 5
4848 4634 2
4848 4813 2
4848 4817 4
4848 4805 6
4848 4633 9
4848 4816 57
4848 4630 59
4848 4635 9
4848 4814 60
4848 4818 37
4848 4833 2
4848 4804 21
4848 4628 46
4848 4810 24
4848 4629 43
4848 4826 38
4848 4616 29
4848 4631 25
4848 4636 7
4848 4815 28
4848 4819 14
4848 4834 6
4848 4837 18
4848 4803 44
4848 4627 57
4848 4808 5
4848 4623 36
4848 4823 54
4848 4615 48
4848 4539 20
4866 4812 12
4866 4811 46
4866 4634 0
4866 4813 58
4866 4817 3
4866 4805 38
4866 4633 34
4866 4816 59
4866 4630 12
4866 4635 59
4866 4814 54
4866 4818 59
4866 4833 40
4866 4804 57
4866 4628 60
4866 4810 46
4866 4629 1
4866 4826 38
4866 4616 42
4866 4631 10
4866 4636 20
4866 4815 53
4866 4819 7
4866 4834 6
4866 4837 58
4866 4803 15
4866 4627 1
4866 4808 15
4866 4623 18
4866 4823 29
4866 4615 0
4866 4539 59
4850 4812 52
4850 4811 27
4850 4634 9
4850 4813 31
4850 4817 18
4850 4805 37
4850 4633 45
4850 4816 22
4850 4630 8
4850 4635 32
4850 4814 57
4850 4818 12
4850 4833 32
4850 4804 56
4850 4628 3
4850 4810 52
4850 4629 55
4850 4826 27
4850 4616 57
4850 4631 26
4850 4636 18
4850 4815 5
4850 4819 34
4850 4834 10
4850 4837 17
4850 4803 38
4850 4627 51
4850 4808 53
4850 4623 31
4850 4823 3
4850 4615 46
4850 4539 59
4867 4812 19
4867 4811 33
4867 4634 59
4867 4813 57
4867 4817 35
4867 4805 47
4867 4633 46
4867 4816 50
4867 4630 37
4867 4635 47
4867 4814 38
4867 4818 26
4867 4833 26
4867 4804 9
4867 4628 41
4867 4810 58
4867 4629 16
4867 4826 4
4867 4616 57
4867 4631 47
4867 4636 29
4867 4815 35
4867 4819 7
4867 4834 22
4867 4837 31
4867 4803 11
4867 4627 11
4867 4808 30
4867 4623 3
4867 4823 9
4867 4615 10
4867 4539 20
4980 4812 39
4980 4811 55
4980 4634 42
4980 4813 60
4980 4817 10
4980 4805 4
4980 4633 52
4980 4816 19
4980 4630 26
4980 4635 58
4980 4814 51
4980 4818 60
4980 4833 34
4980 4804 23
4980 4628 53
4980 4810 29
4980 4629 38
4980 4826 19
4980 4616 11
4980 4631 56
4980 4636 6
4980 4815 59
4980 4819 60
4980 4834 20
4980 4837 42
4980 4803 46
4980 4627 53
4980 4808 33
4980 4623 38
4980 4823 23
4980 4615 12
4980 4539 37
4846 4812 40
4846 4811 43
4846 4634 51
4846 4813 4
4846 4817 28
4846 4805 41
4846 4633 32
4846 4816 1
4846 4630 56
4846 4635 24
4846 4814 39
4846 4818 51
4846 4833 16
4846 4804 38
4846 4628 34
4846 4810 41
4846 4629 24
4846 4826 52
4846 4616 11
4846 4631 54
4846 4636 36
4846 4815 44
4846 4819 8
4846 4834 12
4846 4837 23
4846 4803 30
4846 4627 50
4846 4808 42
4846 4623 24
4846 4823 60
4846 4615 40
4846 4539 33
4847 4812 23
4847 4811 14
4847 4634 44
4847 4813 42
4847 4817 38
4847 4805 53
4847 4633 13
4847 4816 38
4847 4630 32
4847 4635 3
4847 4814 35
4847 4818 9
4847 4833 40
4847 4804 51
4847 4628 34
4847 4810 25
4847 4629 13
4847 4826 54
4847 4616 1
4847 4631 60
4847 4636 0
4847 4815 31
4847 4819 57
4847 4834 13
4847 4837 56
4847 4803 20
4847 4627 55
4847 4808 24
4847 4623 43
4847 4823 46
4847 4615 9
4847 4539 28
4865 4812 30
4865 4811 12
4865 4634 6
4865 4813 15
4865 4817 34
4865 4805 32
4865 4633 25
4865 4816 57
4865 4630 43
4865 4635 36
4865 4814 17
4865 4818 58
4865 4833 53
4865 4804 2
4865 4628 3
4865 4810 23
4865 4629 24
4865 4826 19
4865 4616 33
4865 4631 3
4865 4636 55
4865 4815 44
4865 4819 58
4865 4834 1
4865 4837 56
4865 4803 56
4865 4627 42
4865 4808 43
4865 4623 26
4865 4823 54
4865 4615 23
4865 4539 51
4665 4812 53
4665 4811 49
4665 4634 33
4665 4813 8
4665 4817 47
4665 4805 43
4665 4633 18
4665 4816 34
4665 4630 23
4665 4635 5
4665 4814 39
4665 4818 48
4665 4833 45
4665 4804 5
4665 4628 0
4665 4810 29
4665 4629 18
4665 4826 1
4665 4616 44
4665 4631 60
4665 4636 17
4665 4815 17
4665 4819 46
4665 4834 13
4665 4837 50
4665 4803 14
4665 4627 4
4665 4808 29
4665 4623 35
4665 4823 24
4665 4615 8
4665 4539 35
4869 4812 47
4869 4811 13
4869 4634 56
4869 4813 37
4869 4817 11
4869 4805 6
4869 4633 48
4869 4816 32
4869 4630 15
4869 4635 15
4869 4814 36
4869 4818 49
4869 4833 7
4869 4804 22
4869 4628 54
4869 4810 16
4869 4629 6
4869 4826 9
4869 4616 23
4869 4631 17
4869 4636 49
4869 4815 37
4869 4819 7
4869 4834 39
4869 4837 60
4869 4803 25
4869 4627 17
4869 4808 38
4869 4623 3
4869 4823 38
4869 4615 55
4869 4539 35
4976 4812 44
4976 4811 33
4976 4634 49
4976 4813 20
4976 4817 12
4976 4805 15
4976 4633 36
4976 4816 40
4976 4630 24
4976 4635 60
4976 4814 4
4976 4818 38
4976 4833 22
4976 4804 13
4976 4628 47
4976 4810 7
4976 4629 14
4976 4826 11
4976 4616 59
4976 4631 6
4976 4636 14
4976 4815 58
4976 4819 5
4976 4834 14
4976 4837 35
4976 4803 51
4976 4627 4
4976 4808 30
4976 4623 31
4976 4823 5
4976 4615 40
4976 4539 3
4868 4812 41
4868 4811 9
4868 4634 23
4868 4813 38
4868 4817 15
4868 4805 32
4868 4633 48
4868 4816 11
4868 4630 2
4868 4635 8
4868 4814 6
4868 4818 33
4868 4833 15
4868 4804 16
4868 4628 52
4868 4810 36
4868 4629 51
4868 4826 29
4868 4616 13
4868 4631 45
4868 4636 51
4868 4815 47
4868 4819 0
4868 4834 56
4868 4837 13
4868 4803 25
4868 4627 57
4868 4808 4
4868 4623 1
4868 4823 35
4868 4615 41
4868 4539 14
4871 4812 37
4871 4811 1
4871 4634 37
4871 4813 50
4871 4817 6
4871 4805 21
4871 4633 5
4871 4816 50
4871 4630 4
4871 4635 36
4871 4814 46
4871 4818 27
4871 4833 21
4871 4804 45
4871 4628 45
4871 4810 37
4871 4629 49
4871 4826 15
4871 4616 43
4871 4631 55
4871 4636 41
4871 4815 21
4871 4819 32
4871 4834 7
4871 4837 48
4871 4803 15
4871 4627 34
4871 4808 12
4871 4623 7
4871 4823 49
4871 4615 58
4871 4539 36
4981 4812 53
4981 4811 43
4981 4634 1
4981 4813 6
4981 4817 56
4981 4805 45
4981 4633 25
4981 4816 56
4981 4630 4
4981 4635 48
4981 4814 32
4981 4818 16
4981 4833 21
4981 4804 1
4981 4628 8
4981 4810 22
4981 4629 15
4981 4826 12
4981 4616 15
4981 4631 21
4981 4636 7
4981 4815 35
4981 4819 13
4981 4834 5
4981 4837 17
4981 4803 37
4981 4627 0
4981 4808 55
4981 4623 56
4981 4823 47
4981 4615 18
4981 4539 7
4845 4812 51
4845 4811 57
4845 4634 59
4845 4813 49
4845 4817 45
4845 4805 53
4845 4633 28
4845 4816 13
4845 4630 59
4845 4635 44
4845 4814 21
4845 4818 41
4845 4833 35
4845 4804 3
4845 4628 31
4845 4810 2
4845 4629 41
4845 4826 37
4845 4616 33
4845 4631 5
4845 4636 18
4845 4815 17
4845 4819 48
4845 4834 46
4845 4837 57
4845 4803 51
4845 4627 28
4845 4808 45
4845 4623 51
4845 4823 43
4845 4615 39
4845 4539 58
4842 4812 26
4842 4811 49
4842 4634 56
4842 4813 41
4842 4817 24
4842 4805 32
4842 4633 56
4842 4816 59
4842 4630 47
4842 4635 1
4842 4814 20
4842 4818 43
4842 4833 20
4842 4804 5
4842 4628 16
4842 4810 14
4842 4629 45
4842 4826 54
4842 4616 42
4842 4631 32
4842 4636 8
4842 4815 25
4842 4819 22
4842 4834 15
4842 4837 24
4842 4803 59
4842 4627 18
4842 4808 32
4842 4623 53
4842 4823 16
4842 4615 6
4842 4539 55
4859 4812 3
4859 4811 17
4859 4634 6
4859 4813 17
4859 4817 4
4859 4805 15
4859 4633 44
4859 4816 42
4859 4630 14
4859 4635 54
4859 4814 47
4859 4818 40
4859 4833 43
4859 4804 35
4859 4628 48
4859 4810 44
4859 4629 34
4859 4826 22
4859 4616 16
4859 4631 23
4859 4636 19
4859 4815 39
4859 4819 51
4859 4834 42
4859 4837 33
4859 4803 50
4859 4627 39
4859 4808 33
4859 4623 3
4859 4823 49
4859 4615 35
4859 4539 15
4864 4812 22
4864 4811 21
4864 4634 14
4864 4813 54
4864 4817 15
4864 4805 29
4864 4633 32
4864 4816 56
4864 4630 18
4864 4635 12
4864 4814 35
4864 4818 45
4864 4833 11
4864 4804 54
4864 4628 52
4864 4810 23
4864 4629 14
4864 4826 46
4864 4616 14
4864 4631 50
4864 4636 9
4864 4815 22
4864 4819 25
4864 4834 0
4864 4837 29
4864 4803 20
4864 4627 7
4864 4808 0
4864 4623 40
4864 4823 10
4864 4615 60
4864 4539 31
4661 4812 26
4661 4811 51
4661 4634 18
4661 4813 2
4661 4817 13
4661 4805 40
4661 4633 42
4661 4816 26
4661 4630 21
4661 4635 36
4661 4814 36
4661 4818 17
4661 4833 56
4661 4804 38
4661 4628 12
4661 4810 59
4661 4629 18
4661 4826 38
4661 4616 2
4661 4631 32
4661 4636 37
4661 4815 17
4661 4819 17
4661 4834 41
4661 4837 43
4661 4803 55
4661 4627 2
4661 4808 54
4661 4623 41
4661 4823 48
4661 4615 15
4661 4539 27
4663 4812 39
4663 4811 37
4663 4634 31
4663 4813 13
4663 4817 53
4663 4805 35
4663 4633 57
4663 4816 34
4663 4630 22
4663 4635 14
4663 4814 7
4663 4818 1
4663 4833 7
4663 4804 32
4663 4628 38
4663 4810 1
4663 4629 10
4663 4826 58
4663 4616 26
4663 4631 5
4663 4636 55
4663 4815 46
4663 4819 34
4663 4834 35
4663 4837 44
4663 4803 31
4663 4627 16
4663 4808 8
4663 4623 36
4663 4823 41
4663 4615 1
4663 4539 26
4666 4812 14
4666 4811 55
4666 4634 25
4666 4813 29
4666 4817 0
4666 4805 15
4666 4633 60
4666 4816 18
4666 4630 44
4666 4635 14
4666 4814 8
4666 4818 4
4666 4833 32
4666 4804 5
4666 4628 23
4666 4810 43
4666 4629 58
4666 4826 9
4666 4616 38
4666 4631 11
4666 4636 46
4666 4815 2
4666 4819 39
4666 4834 22
4666 4837 25
4666 4803 7
4666 4627 58
4666 4808 41
4666 4623 31
4666 4823 38
4666 4615 37
4666 4539 26
4870 4812 19
4870 4811 22
4870 4634 17
4870 4813 18
4870 4817 48
4870 4805 29
4870 4633 4
4870 4816 44
4870 4630 11
4870 4635 48
4870 4814 9
4870 4818 14
4870 4833 43
4870 4804 24
4870 4628 4
4870 4810 55
4870 4629 16
4870 4826 29
4870 4616 7
4870 4631 53
4870 4636 27
4870 4815 29
4870 4819 52
4870 4834 1
4870 4837 51
4870 4803 19
4870 4627 58
4870 4808 58
4870 4623 24
4870 4823 56
4870 4615 32
4870 4539 11
4909 4812 59
4909 4811 2
4909 4634 51
4909 4813 53
4909 4817 9
4909 4805 4
4909 4633 25
4909 4816 10
4909 4630 58
4909 4635 6
4909 4814 53
4909 4818 49
4909 4833 60
4909 4804 18
4909 4628 38
4909 4810 9
4909 4629 35
4909 4826 50
4909 4616 16
4909 4631 5
4909 4636 30
4909 4815 25
4909 4819 23
4909 4834 13
4909 4837 13
4909 4803 22
4909 4627 44
4909 4808 23
4909 4623 39
4909 4823 57
4909 4615 59
4909 4539 30
4977 4812 41
4977 4811 17
4977 4634 50
4977 4813 13
4977 4817 17
4977 4805 22
4977 4633 32
4977 4816 12
4977 4630 26
4977 4635 16
4977 4814 8
4977 4818 58
4977 4833 2
4977 4804 10
4977 4628 55
4977 4810 41
4977 4629 42
4977 4826 6
4977 4616 1
4977 4631 51
4977 4636 52
4977 4815 12
4977 4819 35
4977 4834 13
4977 4837 39
4977 4803 33
4977 4627 59
4977 4808 27
4977 4623 2
4977 4823 49
4977 4615 18
4977 4539 39
4984 4812 5
4984 4811 26
4984 4634 39
4984 4813 10
4984 4817 43
4984 4805 49
4984 4633 32
4984 4816 15
4984 4630 45
4984 4635 40
4984 4814 30
4984 4818 46
4984 4833 56
4984 4804 49
4984 4628 27
4984 4810 52
4984 4629 20
4984 4826 8
4984 4616 8
4984 4631 15
4984 4636 24
4984 4815 45
4984 4819 19
4984 4834 37
4984 4837 20
4984 4803 47
4984 4627 53
4984 4808 26
4984 4623 53
4984 4823 33
4984 4615 9
4984 4539 58
4873 4812 54
4873 4811 4
4873 4634 45
4873 4813 59
4873 4817 10
4873 4805 16
4873 4633 0
4873 4816 22
4873 4630 15
4873 4635 56
4873 4814 0
4873 4818 29
4873 4833 0
4873 4804 27
4873 4628 35
4873 4810 29
4873 4629 23
4873 4826 22
4873 4616 23
4873 4631 22
4873 4636 38
4873 4815 34
4873 4819 32
4873 4834 12
4873 4837 45
4873 4803 3
4873 4627 57
4873 4808 56
4873 4623 26
4873 4823 22
4873 4615 51
4873 4539 44
