4370 4053 55
4370 4053 20
4370 4052 44
4370 4052 50
4370 4045 41
4370 4045 31
4370 4054 1
4370 4054 38
4370 4294 13
4370 4294 46
4370 4051 53
4370 4051 19
4370 4043 41
4370 4043 49
4370 4293 3
4370 4293 35
4370 4048 31
4370 4048 32
4370 5192 17
4370 5192 45
4370 4059 17
4370 4059 57
4370 4298 58
4370 4298 42
4370 4301 44
4370 4301 9
4370 4050 1
4370 4050 17
4370 4042 49
4370 4042 19
4370 4292 17
4370 4292 28
4370 4044 55
4370 4044 51
4370 4300 60
4370 4300 53
4370 4055 48
4370 4055 29
4370 4056 45
4370 4056 33
4370 4295 50
4370 4295 37
4370 4304 56
4370 4304 27
4370 4302 9
4370 4302 3
4370 4324 10
4370 4324 34
4370 4049 36
4370 4049 24
4370 4041 4
4370 4041 44
4370 4284 20
4370 4284 18
4370 5177 24
4370 5177 42
4370 4299 3
4370 4299 57
4370 4323 54
4370 4323 35
4370 4057 34
4370 4057 44
4370 4058 4
4370 4058 35
4369 4053 5
4369 4053 43
4369 4052 12
4369 4052 11
4369 4045 2
4369 4045 38
4369 4054 16
4369 4054 37
4369 4294 14
4369 4294 3
4369 4051 53
4369 4051 39
4369 4043 34
4369 4043 35
4369 4293 8
4369 4293 11
4369 4048 53
4369 4048 32
4369 5192 32
4369 5192 26
4369 4059 43
4369 4059 51
4369 4298 17
4369 4298 0
4369 4301 26
4369 4301 21
4369 4050 37
4369 4050 59
4369 4042 35
4369 4042 27
4369 4292 8
4369 4292 59
4369 4044 8
4369 4044 29
4369 4300 38
4369 4300 60
4369 4055 59
4369 4055 59
4369 4056 8
4369 4056 25
4369 4295 54
4369 4295 24
4369 4304 38
4369 4304 25
4369 4302 18
4369 4302 26
4369 4324 52
4369 4324 25
4369 4049 59
4369 4049 0
4369 4041 33
4369 4041 39
4369 4284 16
4369 4284 45
4369 5177 35
4369 5177 56
4369 4299 46
4369 4299 29
4369 4323 43
4369 4323 43
4369 4057 53
4369 4057 44
4369 4058 16
4369 4058 37
4384 4053 21
4384 4053 22
4384 4052 23
4384 4052 23
4384 4045 20
4384 4045 9
4384 4054 32
4384 4054 10
4384 4294 41
4384 4294 22
4384 4051 28
4384 4051 14
4384 4043 16
4384 4043 1
4384 4293 8
4384 4293 40
4384 4048 47
4384 4048 34
4384 5192 20
4384 5192 20
4384 4059 24
4384 4059 11
4384 4298 2
4384 4298 32
4384 4301 57
4384 4301 47
4384 4050 34
4384 4050 29
4384 4042 46
4384 4042 42
4384 4292 49
4384 4292 55
4384 4044 10
4384 4044 0
4384 4300 49
4384 4300 23
4384 4055 56
4384 4055 47
4384 4056 0
4384 4056 40
4384 4295 49
4384 4295 5
4384 4304 5
4384 4304 46
4384 4302 24
4384 4302 1
4384 4324 59
4384 4324 6
4384 4049 10
4384 4049 15
4384 4041 45
4384 4041 35
4384 4284 40
4384 4284 5
4384 5177 3
4384 5177 44
4384 4299 54
4384 4299 51
4384 4323 21
4384 4323 60
4384 4057 1
4384 4057 37
4384 4058 54
4384 4058 5
4367 4053 20
4367 4053 36
4367 4052 42
4367 4052 25
4367 4045 36
4367 4045 23
4367 4054 3
4367 4054 47
4367 4294 42
4367 4294 50
4367 4051 34
4367 4051 38
4367 4043 7
4367 4043 8
4367 4293 55
4367 4293 16
4367 4048 43
4367 4048 15
4367 5192 5
4367 5192 26
4367 4059 56
4367 4059 22
4367 4298 2
4367 4298 43
4367 4301 43
4367 4301 32
4367 4050 16
4367 4050 11
4367 4042 59
4367 4042 9
4367 4292 48
4367 4292 44
4367 4044 54
4367 4044 48
4367 4300 6
4367 4300 24
4367 4055 0
4367 4055 60
4367 4056 9
4367 4056 36
4367 4295 35
4367 4295 17
4367 4304 5
4367 4304 42
4367 4302 5
4367 4302 52
4367 4324 8
4367 4324 36
4367 4049 24
4367 4049 2
4367 4041 15
4367 4041 0
4367 4284 9
4367 4284 44
4367 5177 19
4367 5177 47
4367 4299 31
4367 4299 37
4367 4323 41
4367 4323 35
4367 4057 8
4367 4057 33
4367 4058 33
4367 4058 12
4388 4053 48
4388 4053 12
4388 4052 21
4388 4052 49
4388 4045 29
4388 4045 26
4388 4054 40
4388 4054 17
4388 4294 9
4388 4294 2
4388 4051 56
4388 4051 15
4388 4043 41
4388 4043 37
4388 4293 22
4388 4293 21
4388 4048 1
4388 4048 5
4388 5192 42
4388 5192 46
4388 4059 8
4388 4059 45
4388 4298 36
4388 4298 2
4388 4301 31
4388 4301 3
4388 4050 38
4388 4050 0
4388 4042 59
4388 4042 41
4388 4292 23
4388 4292 35
4388 4044 27
4388 4044 10
4388 4300 54
4388 4300 58
4388 4055 53
4388 4055 8
4388 4056 44
4388 4056 51
4388 4295 40
4388 4295 60
4388 4304 50
4388 4304 14
4388 4302 56
4388 4302 54
4388 4324 36
4388 4324 18
4388 4049 1
4388 4049 31
4388 4041 9
4388 4041 49
4388 4284 46
4388 4284 25
4388 5177 23
4388 5177 25
4388 4299 59
4388 4299 42
4388 4323 18
4388 4323 15
4388 4057 26
4388 4057 38
4388 4058 53
4388 4058 29
4361 4053 57
4361 4053 34
4361 4052 10
4361 4052 7
4361 4045 40
4361 4045 51
4361 4054 31
4361 4054 47
4361 4294 34
4361 4294 10
4361 4051 58
4361 4051 45
4361 4043 39
4361 4043 44
4361 4293 2
4361 4293 56
4361 4048 0
4361 4048 31
4361 5192 25
4361 5192 13
4361 4059 3
4361 4059 27
4361 4298 40
4361 4298 1
4361 4301 6
4361 4301 43
4361 4050 28
4361 4050 51
4361 4042 45
4361 4042 18
4361 4292 24
4361 4292 6
4361 4044 59
4361 4044 51
4361 4300 32
4361 4300 13
4361 4055 38
4361 4055 26
4361 4056 3
4361 4056 45
4361 4295 35
4361 4295 9
4361 4304 9
4361 4304 35
4361 4302 59
4361 4302 7
4361 4324 41
4361 4324 16
4361 4049 53
4361 4049 44
4361 4041 36
4361 4041 34
4361 4284 2
4361 4284 25
4361 5177 29
4361 5177 6
4361 4299 34
4361 4299 52
4361 4323 37
4361 4323 35
4361 4057 0
4361 4057 48
4361 4058 59
4361 4058 22
4383 4053 6
4383 4053 14
4383 4052 30
4383 4052 45
4383 4045 60
4383 4045 49
4383 4054 60
4383 4054 41
4383 4294 11
4383 4294 54
4383 4051 2
4383 4051 13
4383 4043 47
4383 4043 39
4383 4293 13
4383 4293 20
4383 4048 57
4383 4048 24
4383 5192 53
4383 5192 58
4383 4059 21
4383 4059 43
4383 4298 55
4383 4298 31
4383 4301 56
4383 4301 7
4383 4050 45
4383 4050 16
4383 4042 21
4383 4042 19
4383 4292 6
4383 4292 17
4383 4044 18
4383 4044 5
4383 4300 48
4383 4300 6
4383 4055 14
4383 4055 13
4383 4056 9
4383 4056 10
4383 4295 19
4383 4295 16
4383 4304 36
4383 4304 4
4383 4302 33
4383 4302 38
4383 4324 55
4383 4324 2
4383 4049 19
4383 4049 12
4383 4041 53
4383 4041 60
4383 4284 6
4383 4284 31
4383 5177 56
4383 5177 19
4383 4299 3
4383 4299 56
4383 4323 35
4383 4323 50
4383 4057 5
4383 4057 28
4383 4058 25
4383 4058 23
4387 4053 39
4387 4053 46
4387 4052 37
4387 4052 51
4387 4045 40
4387 4045 51
4387 4054 30
4387 4054 43
4387 4294 13
4387 4294 59
4387 4051 54
4387 4051 19
4387 4043 59
4387 4043 45
4387 4293 37
4387 4293 58
4387 4048 10
4387 4048 9
4387 5192 19
4387 5192 6
4387 4059 54
4387 4059 4
4387 4298 13
4387 4298 42
4387 4301 47
4387 4301 32
4387 4050 2
4387 4050 60
4387 4042 5
4387 4042 9
4387 4292 39
4387 4292 56
4387 4044 4
4387 4044 49
4387 4300 30
4387 4300 12
4387 4055 3
4387 4055 55
4387 4056 55
4387 4056 27
4387 4295 40
4387 4295 24
4387 4304 60
4387 4304 43
4387 4302 25
4387 4302 38
4387 4324 46
4387 4324 59
4387 4049 54
4387 4049 30
4387 4041 25
4387 4041 17
4387 4284 23
4387 4284 58
4387 5177 51
4387 5177 25
4387 4299 42
4387 4299 48
4387 4323 49
4387 4323 22
4387 4057 12
4387 4057 50
4387 4058 56
4387 4058 2
4386 4053 59
4386 4053 52
4386 4052 50
4386 4052 56
4386 4045 30
4386 4045 56
4386 4054 2
4386 4054 21
4386 4294 4
4386 4294 48
4386 4051 17
4386 4051 54
4386 4043 32
4386 4043 40
4386 4293 25
4386 4293 9
4386 4048 8
4386 4048 12
4386 5192 57
4386 5192 33
4386 4059 38
4386 4059 6
4386 4298 43
4386 4298 50
4386 4301 31
4386 4301 59
4386 4050 17
4386 4050 25
4386 4042 8
4386 4042 34
4386 4292 57
4386 4292 13
4386 4044 0
4386 4044 43
4386 4300 39
4386 4300 40
4386 4055 55
4386 4055 24
4386 4056 3
4386 4056 21
4386 4295 38
4386 4295 48
4386 4304 8
4386 4304 5
4386 4302 42
4386 4302 19
4386 4324 39
4386 4324 38
4386 4049 5
4386 4049 36
4386 4041 17
4386 4041 5
4386 4284 10
4386 4284 26
4386 5177 54
4386 5177 41
4386 4299 0
4386 4299 4
4386 4323 27
4386 4323 39
4386 4057 51
4386 4057 4
4386 4058 37
4386 4058 12
4364 4053 35
4364 4053 36
4364 4052 6
4364 4052 37
4364 4045 16
4364 4045 3
4364 4054 55
4364 4054 50
4364 4294 14
4364 4294 6
4364 4051 32
4364 4051 58
4364 4043 32
4364 4043 53
4364 4293 54
4364 4293 11
4364 4048 14
4364 4048 42
4364 5192 38
4364 5192 16
4364 4059 53
4364 4059 43
4364 4298 50
4364 4298 7
4364 4301 34
4364 4301 58
4364 4050 8
4364 4050 30
4364 4042 8
4364 4042 18
4364 4292 42
4364 4292 13
4364 4044 15
4364 4044 58
4364 4300 2
4364 4300 28
4364 4055 24
4364 4055 40
4364 4056 51
4364 4056 3
4364 4295 45
4364 4295 44
4364 4304 16
4364 4304 10
4364 4302 44
4364 4302 28
4364 4324 9
4364 4324 4
4364 4049 20
4364 4049 29
4364 4041 7
4364 4041 22
4364 4284 46
4364 4284 15
4364 5177 47
4364 5177 39
4364 4299 23
4364 4299 48
4364 4323 17
4364 4323 60
4364 4057 8
4364 4057 49
4364 4058 16
4364 4058 57
4368 4053 39
4368 4053 0
4368 4052 3
4368 4052 32
4368 4045 54
4368 4045 7
4368 4054 46
4368 4054 44
4368 4294 9
4368 4294 56
4368 4051 45
4368 4051 32
4368 4043 28
4368 4043 12
4368 4293 18
4368 4293 0
4368 4048 21
4368 4048 56
4368 5192 17
4368 5192 7
4368 4059 29
4368 4059 48
4368 4298 11
4368 4298 24
4368 4301 44
4368 4301 43
4368 4050 59
4368 4050 54
4368 4042 6
4368 4042 16
4368 4292 50
4368 4292 0
4368 4044 28
4368 4044 21
4368 4300 42
4368 4300 1
4368 4055 48
4368 4055 13
4368 4056 13
4368 4056 16
4368 4295 5
4368 4295 5
4368 4304 48
4368 4304 22
4368 4302 7
4368 4302 46
4368 4324 30
4368 4324 53
4368 4049 49
4368 4049 16
4368 4041 51
4368 4041 16
4368 4284 2
4368 4284 55
4368 5177 6
4368 5177 39
4368 4299 19
4368 4299 43
4368 4323 32
4368 4323 38
4368 4057 42
4368 4057 33
4368 4058 7
4368 4058 17
4393 4053 39
4393 4053 46
4393 4052 48
4393 4052 28
4393 4045 38
4393 4045 29
4393 4054 0
4393 4054 0
4393 4294 26
4393 4294 17
4393 4051 24
4393 4051 20
4393 4043 14
4393 4043 16
4393 4293 46
4393 4293 21
4393 4048 51
4393 4048 36
4393 5192 42
4393 5192 23
4393 4059 5
4393 4059 53
4393 4298 17
4393 4298 4
4393 4301 13
4393 4301 26
4393 4050 13
4393 4050 18
4393 4042 54
4393 4042 48
4393 4292 42
4393 4292 26
4393 4044 7
4393 4044 24
4393 4300 37
4393 4300 35
4393 4055 14
4393 4055 12
4393 4056 11
4393 4056 27
4393 4295 14
4393 4295 17
4393 4304 20
4393 4304 10
4393 4302 13
4393 4302 7
4393 4324 39
4393 4324 9
4393 4049 25
4393 4049 60
4393 4041 20
4393 4041 17
4393 4284 6
4393 4284 14
4393 5177 23
4393 5177 48
4393 4299 35
4393 4299 18
4393 4323 15
4393 4323 21
4393 4057 7
4393 4057 52
4393 4058 50
4393 4058 36
4360 4053 7
4360 4053 14
4360 4052 47
4360 4052 31
4360 4045 4
4360 4045 23
4360 4054 32
4360 4054 40
4360 4294 45
4360 4294 18
4360 4051 60
4360 4051 2
4360 4043 17
4360 4043 41
4360 4293 45
4360 4293 16
4360 4048 21
4360 4048 39
4360 5192 38
4360 5192 55
4360 4059 51
4360 4059 29
4360 4298 42
4360 4298 53
4360 4301 36
4360 4301 23
4360 4050 10
4360 4050 43
4360 4042 53
4360 4042 7
4360 4292 3
4360 4292 21
4360 4044 25
4360 4044 14
4360 4300 36
4360 4300 31
4360 4055 52
4360 4055 52
4360 4056 20
4360 4056 1
4360 4295 53
4360 4295 0
4360 4304 60
4360 4304 15
4360 4302 6
4360 4302 46
4360 4324 17
4360 4324 55
4360 4049 44
4360 4049 56
4360 4041 21
4360 4041 37
4360 4284 59
4360 4284 3
4360 5177 10
4360 5177 5
4360 4299 56
4360 4299 15
4360 4323 34
4360 4323 35
4360 4057 3
4360 4057 54
4360 4058 59
4360 4058 15
4087 4053 16
4087 4053 48
4087 4052 5
4087 4052 44
4087 4045 34
4087 4045 7
4087 4054 41
4087 4054 17
4087 4294 11
4087 4294 9
4087 4051 29
4087 4051 28
4087 4043 14
4087 4043 60
4087 4293 11
4087 4293 40
4087 4048 46
4087 4048 0
4087 5192 43
4087 5192 32
4087 4059 15
4087 4059 48
4087 4298 53
4087 4298 15
4087 4301 10
4087 4301 28
4087 4050 55
4087 4050 54
4087 4042 60
4087 4042 49
4087 4292 43
4087 4292 60
4087 4044 1
4087 4044 13
4087 4300 41
4087 4300 60
4087 4055 4
4087 4055 38
4087 4056 2
4087 4056 6
4087 4295 52
4087 4295 49
4087 4304 4
4087 4304 57
4087 4302 21
4087 4302 7
4087 4324 32
4087 4324 24
4087 4049 50
4087 4049 5
4087 4041 45
4087 4041 22
4087 4284 11
4087 4284 43
4087 5177 38
4087 5177 27
4087 4299 55
4087 4299 51
4087 4323 34
4087 4323 30
4087 4057 12
4087 4057 27
4087 4058 26
4087 4058 22
4362 4053 48
4362 4053 42
4362 4052 58
4362 4052 31
4362 4045 4
4362 4045 12
4362 4054 2
4362 4054 33
4362 4294 36
4362 4294 24
4362 4051 40
4362 4051 14
4362 4043 17
4362 4043 43
4362 4293 39
4362 4293 40
4362 4048 1
4362 4048 38
4362 5192 22
4362 5192 40
4362 4059 8
4362 4059 22
4362 4298 30
4362 4298 26
4362 4301 45
4362 4301 35
4362 4050 47
4362 4050 57
4362 4042 58
4362 4042 58
4362 4292 36
4362 4292 1
4362 4044 28
4362 4044 54
4362 4300 14
4362 4300 1
4362 4055 16
4362 4055 51
4362 4056 13
4362 4056 34
4362 4295 15
4362 4295 22
4362 4304 14
4362 4304 36
4362 4302 8
4362 4302 50
4362 4324 60
4362 4324 7
4362 4049 24
4362 4049 10
4362 4041 56
4362 4041 4
4362 4284 45
4362 4284 32
4362 5177 40
4362 5177 11
4362 4299 25
4362 4299 33
4362 4323 59
4362 4323 11
4362 4057 10
4362 4057 40
4362 4058 58
4362 4058 45
4385 4053 45
4385 4053 40
4385 4052 12
4385 4052 31
4385 4045 47
4385 4045 19
4385 4054 15
4385 4054 1
4385 4294 10
4385 4294 60
4385 4051 4
4385 4051 13
4385 4043 40
4385 4043 33
4385 4293 53
4385 4293 59
4385 4048 32
4385 4048 8
4385 5192 17
4385 5192 25
4385 4059 53
4385 4059 15
4385 4298 24
4385 4298 46
4385 4301 38
4385 4301 32
4385 4050 51
4385 4050 44
4385 4042 58
4385 4042 7
4385 4292 21
4385 4292 21
4385 4044 58
4385 4044 24
4385 4300 0
4385 4300 40
4385 4055 5
4385 4055 15
4385 4056 15
4385 4056 34
4385 4295 60
4385 4295 29
4385 4304 57
4385 4304 6
4385 4302 11
4385 4302 17
4385 4324 29
4385 4324 5
4385 4049 10
4385 4049 45
4385 4041 29
4385 4041 57
4385 4284 44
4385 4284 43
4385 5177 30
4385 5177 39
4385 4299 50
4385 4299 54
4385 4323 60
4385 4323 56
4385 4057 21
4385 4057 35
4385 4058 51
4385 4058 51
4390 4053 38
4390 4053 30
4390 4052 11
4390 4052 20
4390 4045 8
4390 4045 59
4390 4054 60
4390 4054 16
4390 4294 33
4390 4294 50
4390 4051 9
4390 4051 3
4390 4043 27
4390 4043 49
4390 4293 59
4390 4293 47
4390 4048 24
4390 4048 59
4390 5192 56
4390 5192 59
4390 4059 43
4390 4059 52
4390 4298 17
4390 4298 39
4390 4301 53
4390 4301 50
4390 4050 10
4390 4050 7
4390 4042 55
4390 4042 33
4390 4292 55
4390 4292 20
4390 4044 22
4390 4044 18
4390 4300 49
4390 4300 13
4390 4055 41
4390 4055 15
4390 4056 54
4390 4056 33
4390 4295 58
4390 4295 1
4390 4304 35
4390 4304 54
4390 4302 36
4390 4302 49
4390 4324 12
4390 4324 11
4390 4049 50
4390 4049 45
4390 4041 7
4390 4041 16
4390 4284 11
4390 4284 1
4390 5177 4
4390 5177 57
4390 4299 2
4390 4299 48
4390 4323 38
4390 4323 54
4390 4057 3
4390 4057 52
4390 4058 46
4390 4058 49
4394 4053 25
4394 4053 39
4394 4052 19
4394 4052 27
4394 4045 52
4394 4045 15
4394 4054 53
4394 4054 14
4394 4294 39
4394 4294 52
4394 4051 32
4394 4051 1
4394 4043 46
4394 4043 24
4394 4293 28
4394 4293 47
4394 4048 38
4394 4048 22
4394 5192 2
4394 5192 60
4394 4059 42
4394 4059 27
4394 4298 55
4394 4298 14
4394 4301 49
4394 4301 10
4394 4050 60
4394 4050 31
4394 4042 47
4394 4042 15
4394 4292 7
4394 4292 8
4394 4044 4
4394 4044 24
4394 4300 36
4394 4300 4
4394 4055 50
4394 4055 48
4394 4056 56
4394 4056 43
4394 4295 10
4394 4295 11
4394 4304 17
4394 4304 40
4394 4302 17
4394 4302 8
4394 4324 52
4394 4324 7
4394 4049 4
4394 4049 14
4394 4041 27
4394 4041 57
4394 4284 12
4394 4284 3
4394 5177 34
4394 5177 7
4394 4299 31
4394 4299 38
4394 4323 14
4394 4323 2
4394 4057 19
4394 4057 26
4394 4058 55
4394 4058 50
4310 4053 55
4310 4053 44
4310 4052 54
4310 4052 38
4310 4045 3
4310 4045 24
4310 4054 11
4310 4054 39
4310 4294 27
4310 4294 51
4310 4051 7
4310 4051 0
4310 4043 22
4310 4043 29
4310 4293 25
4310 4293 47
4310 4048 21
4310 4048 22
4310 5192 18
4310 5192 57
4310 4059 30
4310 4059 34
4310 4298 28
4310 4298 15
4310 4301 4
4310 4301 38
4310 4050 26
4310 4050 60
4310 4042 11
4310 4042 13
4310 4292 58
4310 4292 26
4310 4044 37
4310 4044 56
4310 4300 34
4310 4300 49
4310 4055 8
4310 4055 41
4310 4056 41
4310 4056 17
4310 4295 33
4310 4295 25
4310 4304 44
4310 4304 12
4310 4302 44
4310 4302 28
4310 4324 31
4310 4324 42
4310 4049 38
4310 4049 53
4310 4041 48
4310 4041 10
4310 4284 4
4310 4284 48
4310 5177 36
4310 5177 31
4310 4299 11
4310 4299 36
4310 4323 40
4310 4323 2
4310 4057 40
4310 4057 13
4310 4058 18
4310 4058 47
4363 4053 27
4363 4053 51
4363 4052 50
4363 4052 30
4363 4045 20
4363 4045 41
4363 4054 0
4363 4054 60
4363 4294 27
4363 4294 32
4363 4051 38
4363 4051 3
4363 4043 52
4363 4043 20
4363 4293 19
4363 4293 5
4363 4048 55
4363 4048 19
4363 5192 58
4363 5192 17
4363 4059 20
4363 4059 28
4363 4298 3
4363 4298 2
4363 4301 42
4363 4301 34
4363 4050 54
4363 4050 58
4363 4042 19
4363 4042 52
4363 4292 37
4363 4292 51
4363 4044 3
4363 4044 27
4363 4300 19
4363 4300 17
4363 4055 51
4363 4055 54
4363 4056 0
4363 4056 49
4363 4295 28
4363 4295 55
4363 4304 17
4363 4304 28
4363 4302 19
4363 4302 22
4363 4324 58
4363 4324 52
4363 4049 54
4363 4049 49
4363 4041 48
4363 4041 32
4363 4284 38
4363 4284 21
4363 5177 5
4363 5177 6
4363 4299 58
4363 4299 35
4363 4323 21
4363 4323 32
4363 4057 44
4363 4057 32
4363 4058 39
4363 4058 43
4378 4053 46
4378 4053 49
4378 4052 48
4378 4052 12
4378 4045 24
4378 4045 58
4378 4054 53
4378 4054 43
4378 4294 11
4378 4294 10
4378 4051 7
4378 4051 45
4378 4043 29
4378 4043 7
4378 4293 28
4378 4293 13
4378 4048 28
4378 4048 22
4378 5192 12
4378 5192 26
4378 4059 2
4378 4059 44
4378 4298 13
4378 4298 20
4378 4301 14
4378 4301 5
4378 4050 55
4378 4050 42
4378 4042 56
4378 4042 14
4378 4292 49
4378 4292 10
4378 4044 7
4378 4044 53
4378 4300 48
4378 4300 52
4378 4055 46
4378 4055 50
4378 4056 14
4378 4056 2
4378 4295 49
4378 4295 43
4378 4304 46
4378 4304 35
4378 4302 13
4378 4302 4
4378 4324 53
4378 4324 57
4378 4049 28
4378 4049 42
4378 4041 52
4378 4041 42
4378 4284 0
4378 4284 43
4378 5177 32
4378 5177 46
4378 4299 22
4378 4299 32
4378 4323 5
4378 4323 35
4378 4057 34
4378 4057 0
4378 4058 52
4378 4058 53
4380 4053 13
4380 4053 49
4380 4052 18
4380 4052 12
4380 4045 38
4380 4045 26
4380 4054 50
4380 4054 9
4380 4294 29
4380 4294 42
4380 4051 40
4380 4051 60
4380 4043 22
4380 4043 5
4380 4293 57
4380 4293 56
4380 4048 25
4380 4048 27
4380 5192 28
4380 5192 47
4380 4059 15
4380 4059 27
4380 4298 12
4380 4298 51
4380 4301 40
4380 4301 29
4380 4050 34
4380 4050 29
4380 4042 50
4380 4042 18
4380 4292 52
4380 4292 60
4380 4044 45
4380 4044 50
4380 4300 18
4380 4300 35
4380 4055 32
4380 4055 53
4380 4056 33
4380 4056 8
4380 4295 44
4380 4295 34
4380 4304 39
4380 4304 11
4380 4302 36
4380 4302 52
4380 4324 60
4380 4324 36
4380 4049 2
4380 4049 50
4380 4041 29
4380 4041 44
4380 4284 29
4380 4284 39
4380 5177 44
4380 5177 36
4380 4299 18
4380 4299 11
4380 4323 24
4380 4323 47
4380 4057 23
4380 4057 17
4380 4058 33
4380 4058 50
4396 4053 33
4396 4053 28
4396 4052 18
4396 4052 49
4396 4045 60
4396 4045 51
4396 4054 37
4396 4054 5
4396 4294 0
4396 4294 39
4396 4051 5
4396 4051 57
4396 4043 47
4396 4043 40
4396 4293 1
4396 4293 7
4396 4048 11
4396 4048 8
4396 5192 52
4396 5192 25
4396 4059 22
4396 4059 38
4396 4298 29
4396 4298 28
4396 4301 20
4396 4301 42
4396 4050 25
4396 4050 46
4396 4042 28
4396 4042 29
4396 4292 50
4396 4292 13
4396 4044 6
4396 4044 38
4396 4300 48
4396 4300 25
4396 4055 39
4396 4055 1
4396 4056 1
4396 4056 57
4396 4295 49
4396 4295 7
4396 4304 35
4396 4304 3
4396 4302 21
4396 4302 28
4396 4324 26
4396 4324 20
4396 4049 57
4396 4049 2
4396 4041 28
4396 4041 57
4396 4284 1
4396 4284 13
4396 5177 29
4396 5177 10
4396 4299 55
4396 4299 42
4396 4323 46
4396 4323 1
4396 4057 51
4396 4057 37
4396 4058 48
4396 4058 49
4359 4053 1
4359 4053 41
4359 4052 59
4359 4052 2
4359 4045 53
4359 4045 26
4359 4054 21
4359 4054 28
4359 4294 43
4359 4294 36
4359 4051 36
4359 4051 20
4359 4043 38
4359 4043 8
4359 4293 32
4359 4293 49
4359 4048 58
4359 4048 51
4359 5192 50
4359 5192 32
4359 4059 57
4359 4059 59
4359 4298 47
4359 4298 30
4359 4301 13
4359 4301 27
4359 4050 9
4359 4050 26
4359 4042 19
4359 4042 17
4359 4292 10
4359 4292 47
4359 4044 41
4359 4044 56
4359 4300 32
4359 4300 10
4359 4055 14
4359 4055 14
4359 4056 56
4359 4056 9
4359 4295 17
4359 4295 48
4359 4304 15
4359 4304 57
4359 4302 21
4359 4302 32
4359 4324 21
4359 4324 40
4359 4049 42
4359 4049 44
4359 4041 54
4359 4041 11
4359 4284 7
4359 4284 44
4359 5177 6
4359 5177 16
4359 4299 38
4359 4299 55
4359 4323 8
4359 4323 26
4359 4057 27
4359 4057 32
4359 4058 5
4359 4058 16
4085 4053 49
4085 4053 48
4085 4052 15
4085 4052 17
4085 4045 11
4085 4045 46
4085 4054 44
4085 4054 7
4085 4294 55
4085 4294 23
4085 4051 7
4085 4051 12
4085 4043 39
4085 4043 0
4085 4293 20
4085 4293 21
4085 4048 60
4085 4048 45
4085 5192 42
4085 5192 2
4085 4059 1
4085 4059 16
4085 4298 2
4085 4298 43
4085 4301 16
4085 4301 34
4085 4050 49
4085 4050 55
4085 4042 4
4085 4042 11
4085 4292 19
4085 4292 59
4085 4044 45
4085 4044 48
4085 4300 46
4085 4300 21
4085 4055 17
4085 4055 5
4085 4056 28
4085 4056 45
4085 4295 21
4085 4295 41
4085 4304 58
4085 4304 34
4085 4302 11
4085 4302 20
4085 4324 13
4085 4324 37
4085 4049 59
4085 4049 49
4085 4041 22
4085 4041 22
4085 4284 25
4085 4284 42
4085 5177 3
4085 5177 46
4085 4299 8
4085 4299 28
4085 4323 33
4085 4323 36
4085 4057 34
4085 4057 36
4085 4058 59
4085 4058 29
4088 4053 5
4088 4053 15
4088 4052 36
4088 4052 53
4088 4045 51
4088 4045 5
4088 4054 22
4088 4054 40
4088 4294 11
4088 4294 28
4088 4051 34
4088 4051 30
4088 4043 26
4088 4043 3
4088 4293 16
4088 4293 20
4088 4048 28
4088 4048 44
4088 5192 9
4088 5192 48
4088 4059 19
4088 4059 20
4088 4298 53
4088 4298 24
4088 4301 46
4088 4301 31
4088 4050 49
4088 4050 37
4088 4042 17
4088 4042 5
4088 4292 58
4088 4292 39
4088 4044 43
4088 4044 38
4088 4300 33
4088 4300 60
4088 4055 35
4088 4055 14
4088 4056 33
4088 4056 8
4088 4295 39
4088 4295 59
4088 4304 11
4088 4304 38
4088 4302 33
4088 4302 22
4088 4324 59
4088 4324 28
4088 4049 33
4088 4049 28
4088 4041 49
4088 4041 42
4088 4284 23
4088 4284 44
4088 5177 58
4088 5177 50
4088 4299 23
4088 4299 18
4088 4323 51
4088 4323 54
4088 4057 26
4088 4057 0
4088 4058 15
4088 4058 51
4089 4053 5
4089 4053 50
4089 4052 24
4089 4052 31
4089 4045 16
4089 4045 33
4089 4054 44
4089 4054 48
4089 4294 13
4089 4294 32
4089 4051 45
4089 4051 47
4089 4043 59
4089 4043 4
4089 4293 33
4089 4293 33
4089 4048 29
4089 4048 42
4089 5192 53
4089 5192 38
4089 4059 43
4089 4059 16
4089 4298 51
4089 4298 48
4089 4301 12
4089 4301 0
4089 4050 40
4089 4050 53
4089 4042 25
4089 4042 4
4089 4292 7
4089 4292 25
4089 4044 27
4089 4044 43
4089 4300 30
4089 4300 50
4089 4055 57
4089 4055 58
4089 4056 5
4089 4056 12
4089 4295 12
4089 4295 29
4089 4304 48
4089 4304 55
4089 4302 51
4089 4302 34
4089 4324 15
4089 4324 27
4089 4049 60
4089 4049 43
4089 4041 47
4089 4041 42
4089 4284 26
4089 4284 51
4089 5177 24
4089 5177 4
4089 4299 56
4089 4299 14
4089 4323 10
4089 4323 30
4089 4057 58
4089 4057 56
4089 4058 60
4089 4058 1
4365 4053 34
4365 4053 1
4365 4052 27
4365 4052 44
4365 4045 32
4365 4045 29
4365 4054 38
4365 4054 58
4365 4294 14
4365 4294 42
4365 4051 26
4365 4051 55
4365 4043 6
4365 4043 20
4365 4293 41
4365 4293 17
4365 4048 14
4365 4048 3
4365 5192 10
4365 5192 13
4365 4059 31
4365 4059 10
4365 4298 56
4365 4298 16
4365 4301 12
4365 4301 28
4365 4050 34
4365 4050 4
4365 4042 31
4365 4042 35
4365 4292 52
4365 4292 60
4365 4044 32
4365 4044 45
4365 4300 10
4365 4300 3
4365 4055 3
4365 4055 7
4365 4056 54
4365 4056 16
4365 4295 40
4365 4295 1
4365 4304 38
4365 4304 54
4365 4302 18
4365 4302 55
4365 4324 50
4365 4324 53
4365 4049 47
4365 4049 49
4365 4041 21
4365 4041 3
4365 4284 18
4365 4284 1
4365 5177 47
4365 5177 54
4365 4299 13
4365 4299 6
4365 4323 10
4365 4323 58
4365 4057 8
4365 4057 9
4365 4058 46
4365 4058 52
4308 4053 8
4308 4053 21
4308 4052 16
4308 4052 1
4308 4045 48
4308 4045 15
4308 4054 38
4308 4054 3
4308 4294 45
4308 4294 49
4308 4051 36
4308 4051 2
4308 4043 18
4308 4043 37
4308 4293 8
4308 4293 26
4308 4048 60
4308 4048 6
4308 5192 55
4308 5192 15
4308 4059 35
4308 4059 19
4308 4298 51
4308 4298 52
4308 4301 6
4308 4301 27
4308 4050 22
4308 4050 8
4308 4042 26
4308 4042 48
4308 4292 56
4308 4292 40
4308 4044 35
4308 4044 36
4308 4300 50
4308 4300 12
4308 4055 33
4308 4055 1
4308 4056 1
4308 4056 15
4308 4295 28
4308 4295 0
4308 4304 39
4308 4304 13
4308 4302 51
4308 4302 54
4308 4324 25
4308 4324 3
4308 4049 17
4308 4049 21
4308 4041 48
4308 4041 26
4308 4284 44
4308 4284 55
4308 5177 48
4308 5177 10
4308 4299 53
4308 4299 1
4308 4323 47
4308 4323 12
4308 4057 48
4308 4057 12
4308 4058 60
4308 4058 11
4391 4053 55
4391 4053 0
4391 4052 20
4391 4052 34
4391 4045 55
4391 4045 48
4391 4054 49
4391 4054 42
4391 4294 9
4391 4294 33
4391 4051 42
4391 4051 23
4391 4043 29
4391 4043 27
4391 4293 46
4391 4293 8
4391 4048 23
4391 4048 58
4391 5192 58
4391 5192 32
4391 4059 55
4391 4059 49
4391 4298 50
4391 4298 8
4391 4301 7
4391 4301 20
4391 4050 27
4391 4050 11
4391 4042 42
4391 4042 3
4391 4292 59
4391 4292 44
4391 4044 11
4391 4044 56
4391 4300 24
4391 4300 11
4391 4055 13
4391 4055 35
4391 4056 25
4391 4056 33
4391 4295 17
4391 4295 34
4391 4304 57
4391 4304 20
4391 4302 9
4391 4302 53
4391 4324 29
4391 4324 37
4391 4049 21
4391 4049 56
4391 4041 33
4391 4041 5
4391 4284 9
4391 4284 28
4391 5177 13
4391 5177 57
4391 4299 59
4391 4299 28
4391 4323 23
4391 4323 23
4391 4057 40
4391 4057 35
4391 4058 54
4391 4058 54
4389 4053 3
4389 4053 21
4389 4052 32
4389 4052 20
4389 4045 43
4389 4045 9
4389 4054 2
4389 4054 35
4389 4294 60
4389 4294 35
4389 4051 35
4389 4051 35
4389 4043 13
4389 4043 31
4389 4293 55
4389 4293 45
4389 4048 5
4389 4048 41
4389 5192 41
4389 5192 37
4389 4059 54
4389 4059 9
4389 4298 11
4389 4298 15
4389 4301 47
4389 4301 50
4389 4050 38
4389 4050 42
4389 4042 32
4389 4042 48
4389 4292 33
4389 4292 49
4389 4044 25
4389 4044 50
4389 4300 58
4389 4300 58
4389 4055 2
4389 4055 13
4389 4056 1
4389 4056 40
4389 4295 47
4389 4295 5
4389 4304 54
4389 4304 7
4389 4302 43
4389 4302 57
4389 4324 5
4389 4324 21
4389 4049 12
4389 4049 41
4389 4041 44
4389 4041 59
4389 4284 5
4389 4284 54
4389 5177 16
4389 5177 25
4389 4299 56
4389 4299 20
4389 4323 6
4389 4323 41
4389 4057 16
4389 4057 48
4389 4058 58
4389 4058 29
4397 4053 19
4397 4053 26
4397 4052 48
4397 4052 34
4397 4045 38
4397 4045 38
4397 4054 44
4397 4054 47
4397 4294 42
4397 4294 38
4397 4051 44
4397 4051 7
4397 4043 13
4397 4043 38
4397 4293 49
4397 4293 39
4397 4048 18
4397 4048 34
4397 5192 40
4397 5192 43
4397 4059 42
4397 4059 47
4397 4298 21
4397 4298 41
4397 4301 20
4397 4301 1
4397 4050 4
4397 4050 49
4397 4042 49
4397 4042 29
4397 4292 2
4397 4292 46
4397 4044 13
4397 4044 47
4397 4300 32
4397 4300 16
4397 4055 37
4397 4055 40
4397 4056 5
4397 4056 20
4397 4295 28
4397 4295 53
4397 4304 5
4397 4304 21
4397 4302 24
4397 4302 12
4397 4324 38
4397 4324 13
4397 4049 58
4397 4049 1
4397 4041 13
4397 4041 54
4397 4284 7
4397 4284 56
4397 5177 40
4397 5177 21
4397 4299 25
4397 4299 30
4397 4323 27
4397 4323 42
4397 4057 37
4397 4057 30
4397 4058 53
4397 4058 50
