6297 7408 18
6297 7404 36
6297 7409 48
6297 7395 31
6297 7420 40
6297 7405 47
6297 7406 11
6297 7418 46
6297 7419 50
6297 7394 28
6297 7393 58
6297 7421 20
6297 7447 44
6297 7407 60
6297 7413 9
6297 7417 24
6297 7423 56
6297 7392 45
6297 7422 17
6297 7469 13
6297 7506 57
6297 7415 2
6297 7442 51
6297 7521 1
6297 7414 57
6297 8339 34
6297 7416 13
6297 7424 4
6297 7472 13
6297 7505 7
6297 7470 15
6297 7467 54
6296 7408 20
6296 7404 14
6296 7409 49
6296 7395 14
6296 7420 2
6296 7405 2
6296 7406 11
6296 7418 11
6296 7419 37
6296 7394 1
6296 7393 53
6296 7421 59
6296 7447 42
6296 7407 4
6296 7413 4
6296 7417 19
6296 7423 15
6296 7392 5
6296 7422 44
6296 7469 41
6296 7506 21
6296 7415 3
6296 7442 4
6296 7521 42
6296 7414 57
6296 8339 36
6296 7416 0
6296 7424 53
6296 7472 37
6296 7505 32
6296 7470 49
6296 7467 58
6098 7408 41
6098 7404 23
6098 7409 47
6098 7395 56
6098 7420 38
6098 7405 51
6098 7406 40
6098 7418 50
6098 7419 51
6098 7394 17
6098 7393 5
6098 7421 32
6098 7447 5
6098 7407 12
6098 7413 17
6098 7417 36
6098 7423 31
6098 7392 56
6098 7422 24
6098 7469 9
6098 7506 15
6098 7415 21
6098 7442 35
6098 7521 47
6098 7414 35
6098 8339 57
6098 7416 51
6098 7424 45
6098 7472 59
6098 7505 41
6098 7470 22
6098 7467 0
6373 7408 38
6373 7404 30
6373 7409 11
6373 7395 18
6373 7420 52
6373 7405 59
6373 7406 8
6373 7418 3
6373 7419 56
6373 7394 56
6373 7393 50
6373 7421 22
6373 7447 28
6373 7407 30
6373 7413 27
6373 7417 26
6373 7423 16
6373 7392 23
6373 7422 9
6373 7469 20
6373 7506 13
6373 7415 35
6373 7442 10
6373 7521 0
6373 7414 51
6373 8339 15
6373 7416 45
6373 7424 54
6373 7472 15
6373 7505 37
6373 7470 14
6373 7467 55
6699 7408 7
6699 7404 58
6699 7409 11
6699 7395 11
6699 7420 5
6699 7405 15
6699 7406 20
6699 7418 5
6699 7419 56
6699 7394 2
6699 7393 11
6699 7421 40
6699 7447 51
6699 7407 58
6699 7413 50
6699 7417 35
6699 7423 51
6699 7392 39
6699 7422 0
6699 7469 9
6699 7506 55
6699 7415 50
6699 7442 54
6699 7521 43
6699 7414 45
6699 8339 19
6699 7416 4
6699 7424 9
6699 7472 10
6699 7505 6
6699 7470 7
6699 7467 39
5887 7408 44
5887 7404 55
5887 7409 30
5887 7395 45
5887 7420 44
5887 7405 38
5887 7406 45
5887 7418 16
5887 7419 4
5887 7394 42
5887 7393 0
5887 7421 13
5887 7447 26
5887 7407 6
5887 7413 49
5887 7417 2
5887 7423 11
5887 7392 13
5887 7422 14
5887 7469 47
5887 7506 25
5887 7415 47
5887 7442 9
5887 7521 14
5887 7414 40
5887 8339 9
5887 7416 49
5887 7424 60
5887 7472 39
5887 7505 31
5887 7470 13
5887 7467 3
6097 7408 35
6097 7404 52
6097 7409 31
6097 7395 16
6097 7420 31
6097 7405 50
6097 7406 30
6097 7418 6
6097 7419 31
6097 7394 56
6097 7393 21
6097 7421 31
6097 7447 36
6097 7407 4
6097 7413 53
6097 7417 59
6097 7423 29
6097 7392 13
6097 7422 18
6097 7469 15
6097 7506 42
6097 7415 37
6097 7442 28
6097 7521 29
6097 7414 38
6097 8339 5
6097 7416 6
6097 7424 40
6097 7472 21
6097 7505 26
6097 7470 12
6097 7467 12
6100 7408 52
6100 7404 42
6100 7409 12
6100 7395 28
6100 7420 47
6100 7405 23
6100 7406 6
6100 7418 59
6100 7419 47
6100 7394 19
6100 7393 31
6100 7421 44
6100 7447 51
6100 7407 29
6100 7413 22
6100 7417 55
6100 7423 55
6100 7392 0
6100 7422 40
6100 7469 26
6100 7506 57
6100 7415 56
6100 7442 45
6100 7521 3
6100 7414 7
6100 8339 57
6100 7416 6
6100 7424 51
6100 7472 28
6100 7505 58
6100 7470 47
6100 7467 59
6337 7408 32
6337 7404 55
6337 7409 17
6337 7395 34
6337 7420 59
6337 7405 56
6337 7406 32
6337 7418 41
6337 7419 25
6337 7394 45
6337 7393 49
6337 7421 48
6337 7447 37
6337 7407 13
6337 7413 47
6337 7417 52
6337 7423 54
6337 7392 14
6337 7422 6
6337 7469 30
6337 7506 2
6337 7415 24
6337 7442 49
6337 7521 60
6337 7414 35
6337 8339 13
6337 7416 9
6337 7424 58
6337 7472 49
6337 7505 24
6337 7470 49
6337 7467 49
6339 7408 16
6339 7404 5
6339 7409 36
6339 7395 29
6339 7420 59
6339 7405 4
6339 7406 18
6339 7418 29
6339 7419 31
6339 7394 52
6339 7393 55
6339 7421 56
6339 7447 55
6339 7407 50
6339 7413 23
6339 7417 1
6339 7423 45
6339 7392 33
6339 7422 60
6339 7469 34
6339 7506 32
6339 7415 46
6339 7442 55
6339 7521 43
6339 7414 2
6339 8339 59
6339 7416 31
6339 7424 48
6339 7472 41
6339 7505 36
6339 7470 53
6339 7467 23
5886 7408 50
5886 7404 12
5886 7409 41
5886 7395 36
5886 7420 40
5886 7405 15
5886 7406 3
5886 7418 10
5886 7419 57
5886 7394 26
5886 7393 27
5886 7421 41
5886 7447 13
5886 7407 55
5886 7413 48
5886 7417 59
5886 7423 0
5886 7392 11
5886 7422 20
5886 7469 8
5886 7506 17
5886 7415 29
5886 7442 23
5886 7521 13
5886 7414 29
5886 8339 27
5886 7416 26
5886 7424 9
5886 7472 35
5886 7505 28
5886 7470 59
5886 7467 25
6336 7408 5
6336 7404 42
6336 7409 6
6336 7395 28
6336 7420 45
6336 7405 39
6336 7406 7
6336 7418 24
6336 7419 10
6336 7394 24
6336 7393 20
6336 7421 42
6336 7447 13
6336 7407 14
6336 7413 15
6336 7417 14
6336 7423 0
6336 7392 18
6336 7422 58
6336 7469 9
6336 7506 0
6336 7415 18
6336 7442 12
6336 7521 41
6336 7414 24
6336 8339 27
6336 7416 13
6336 7424 51
6336 7472 29
6336 7505 4
6336 7470 44
6336 7467 20
5888 7408 52
5888 7404 15
5888 7409 42
5888 7395 51
5888 7420 50
5888 7405 19
5888 7406 22
5888 7418 52
5888 7419 42
5888 7394 55
5888 7393 4
5888 7421 16
5888 7447 36
5888 7407 0
5888 7413 40
5888 7417 49
5888 7423 15
5888 7392 19
5888 7422 8
5888 7469 12
5888 7506 20
5888 7415 36
5888 7442 51
5888 7521 50
5888 7414 55
5888 8339 0
5888 7416 39
5888 7424 40
5888 7472 30
5888 7505 51
5888 7470 35
5888 7467 49
6099 7408 15
6099 7404 2
6099 7409 4
6099 7395 16
6099 7420 7
6099 7405 13
6099 7406 36
6099 7418 31
6099 7419 55
6099 7394 26
6099 7393 2
6099 7421 55
6099 7447 10
6099 7407 24
6099 7413 38
6099 7417 33
6099 7423 26
6099 7392 42
6099 7422 2
6099 7469 9
6099 7506 27
6099 7415 2
6099 7442 2
6099 7521 14
6099 7414 14
6099 8339 39
6099 7416 60
6099 7424 55
6099 7472 46
6099 7505 43
6099 7470 20
6099 7467 53
6338 7408 33
6338 7404 18
6338 7409 34
6338 7395 36
6338 7420 13
6338 7405 59
6338 7406 57
6338 7418 13
6338 7419 55
6338 7394 56
6338 7393 12
6338 7421 58
6338 7447 40
6338 7407 1
6338 7413 28
6338 7417 60
6338 7423 5
6338 7392 43
6338 7422 10
6338 7469 49
6338 7506 32
6338 7415 14
6338 7442 59
6338 7521 33
6338 7414 44
6338 8339 53
6338 7416 60
6338 7424 43
6338 7472 27
6338 7505 29
6338 7470 37
6338 7467 19
9820 7408 26
9820 7404 8
9820 7409 20
9820 7395 60
9820 7420 37
9820 7405 7
9820 7406 48
9820 7418 36
9820 7419 43
9820 7394 46
9820 7393 4
9820 7421 52
9820 7447 53
9820 7407 37
9820 7413 48
9820 7417 57
9820 7423 41
9820 7392 9
9820 7422 4
9820 7469 54
9820 7506 39
9820 7415 10
9820 7442 47
9820 7521 39
9820 7414 39
9820 8339 1
9820 7416 45
9820 7424 29
9820 7472 21
9820 7505 48
9820 7470 41
9820 7467 4
5969 7408 18
5969 7404 3
5969 7409 1
5969 7395 57
5969 7420 39
5969 7405 28
5969 7406 26
5969 7418 41
5969 7419 57
5969 7394 25
5969 7393 33
5969 7421 25
5969 7447 2
5969 7407 8
5969 7413 28
5969 7417 59
5969 7423 20
5969 7392 12
5969 7422 36
5969 7469 37
5969 7506 7
5969 7415 0
5969 7442 9
5969 7521 60
5969 7414 21
5969 8339 15
5969 7416 51
5969 7424 34
5969 7472 38
5969 7505 34
5969 7470 45
5969 7467 43
6434 7408 38
6434 7404 18
6434 7409 19
6434 7395 18
6434 7420 32
6434 7405 52
6434 7406 9
6434 7418 5
6434 7419 46
6434 7394 26
6434 7393 28
6434 7421 55
6434 7447 21
6434 7407 28
6434 7413 16
6434 7417 57
6434 7423 47
6434 7392 51
6434 7422 22
6434 7469 30
6434 7506 8
6434 7415 57
6434 7442 24
6434 7521 35
6434 7414 10
6434 8339 15
6434 7416 3
6434 7424 21
6434 7472 46
6434 7505 46
6434 7470 2
6434 7467 45
9810 7408 24
9810 7404 49
9810 7409 3
9810 7395 1
9810 7420 43
9810 7405 14
9810 7406 32
9810 7418 36
9810 7419 6
9810 7394 20
9810 7393 31
9810 7421 49
9810 7447 40
9810 7407 51
9810 7413 18
9810 7417 32
9810 7423 41
9810 7392 37
9810 7422 46
9810 7469 54
9810 7506 16
9810 7415 48
9810 7442 16
9810 7521 0
9810 7414 3
9810 8339 56
9810 7416 52
9810 7424 2
9810 7472 56
9810 7505 24
9810 7470 47
9810 7467 55
8340 7408 49
8340 7404 59
8340 7409 49
8340 7395 23
8340 7420 45
8340 7405 52
8340 7406 0
8340 7418 29
8340 7419 18
8340 7394 15
8340 7393 47
8340 7421 9
8340 7447 56
8340 7407 50
8340 7413 14
8340 7417 55
8340 7423 46
8340 7392 22
8340 7422 36
8340 7469 25
8340 7506 44
8340 7415 25
8340 7442 20
8340 7521 60
8340 7414 41
8340 8339 18
8340 7416 18
8340 7424 29
8340 7472 54
8340 7505 20
8340 7470 46
8340 7467 24
9811 7408 8
9811 7404 60
9811 7409 43
9811 7395 45
9811 7420 24
9811 7405 18
9811 7406 10
9811 7418 52
9811 7419 21
9811 7394 60
9811 7393 19
9811 7421 20
9811 7447 29
9811 7407 29
9811 7413 58
9811 7417 21
9811 7423 29
9811 7392 32
9811 7422 8
9811 7469 57
9811 7506 59
9811 7415 17
9811 7442 47
9811 7521 37
9811 7414 39
9811 8339 45
9811 7416 41
9811 7424 36
9811 7472 52
9811 7505 46
9811 7470 6
9811 7467 49
5970 7408 53
5970 7404 58
5970 7409 29
5970 7395 45
5970 7420 46
5970 7405 15
5970 7406 32
5970 7418 4
5970 7419 20
5970 7394 4
5970 7393 12
5970 7421 59
5970 7447 60
5970 7407 35
5970 7413 43
5970 7417 34
5970 7423 52
5970 7392 55
5970 7422 45
5970 7469 25
5970 7506 10
5970 7415 19
5970 7442 5
5970 7521 5
5970 7414 38
5970 8339 58
5970 7416 29
5970 7424 24
5970 7472 31
5970 7505 46
5970 7470 2
5970 7467 57
9626 7408 38
9626 7404 35
9626 7409 22
9626 7395 58
9626 7420 47
9626 7405 34
9626 7406 1
9626 7418 7
9626 7419 18
9626 7394 39
9626 7393 9
9626 7421 0
9626 7447 58
9626 7407 3
9626 7413 28
9626 7417 5
9626 7423 43
9626 7392 31
9626 7422 2
9626 7469 44
9626 7506 2
9626 7415 23
9626 7442 25
9626 7521 29
9626 7414 53
9626 8339 54
9626 7416 5
9626 7424 59
9626 7472 47
9626 7505 19
9626 7470 53
9626 7467 57
6312 7408 52
6312 7404 28
6312 7409 16
6312 7395 44
6312 7420 41
6312 7405 31
6312 7406 58
6312 7418 36
6312 7419 41
6312 7394 32
6312 7393 51
6312 7421 21
6312 7447 17
6312 7407 17
6312 7413 17
6312 7417 30
6312 7423 15
6312 7392 16
6312 7422 56
6312 7469 30
6312 7506 59
6312 7415 48
6312 7442 38
6312 7521 59
6312 7414 2
6312 8339 3
6312 7416 20
6312 7424 56
6312 7472 50
6312 7505 13
6312 7470 15
6312 7467 60
8339 7408 7
8339 7404 56
8339 7409 6
8339 7395 3
8339 7420 14
8339 7405 36
8339 7406 41
8339 7418 19
8339 7419 53
8339 7394 26
8339 7393 8
8339 7421 53
8339 7447 57
8339 7407 0
8339 7413 48
8339 7417 22
8339 7423 32
8339 7392 4
8339 7422 22
8339 7469 48
8339 7506 56
8339 7415 55
8339 7442 39
8339 7521 58
8339 7414 1
8339 8339 48
8339 7416 48
8339 7424 3
8339 7472 23
8339 7505 1
8339 7470 58
8339 7467 55
8341 7408 18
8341 7404 55
8341 7409 0
8341 7395 27
8341 7420 17
8341 7405 12
8341 7406 47
8341 7418 13
8341 7419 42
8341 7394 27
8341 7393 59
8341 7421 4
8341 7447 51
8341 7407 20
8341 7413 35
8341 7417 29
8341 7423 22
8341 7392 11
8341 7422 21
8341 7469 8
8341 7506 18
8341 7415 25
8341 7442 18
8341 7521 36
8341 7414 49
8341 8339 15
8341 7416 60
8341 7424 53
8341 7472 57
8341 7505 17
8341 7470 25
8341 7467 47
8338 7408 4
8338 7404 52
8338 7409 13
8338 7395 16
8338 7420 9
8338 7405 54
8338 7406 17
8338 7418 25
8338 7419 43
8338 7394 27
8338 7393 49
8338 7421 20
8338 7447 41
8338 7407 8
8338 7413 46
8338 7417 1
8338 7423 28
8338 7392 17
8338 7422 59
8338 7469 59
8338 7506 43
8338 7415 20
8338 7442 58
8338 7521 27
8338 7414 11
8338 8339 40
8338 7416 25
8338 7424 14
8338 7472 48
8338 7505 60
8338 7470 53
8338 7467 41
9625 7408 35
9625 7404 49
9625 7409 54
9625 7395 35
9625 7420 9
9625 7405 3
9625 7406 4
9625 7418 4
9625 7419 7
9625 7394 5
9625 7393 15
9625 7421 21
9625 7447 40
9625 7407 14
9625 7413 53
9625 7417 29
9625 7423 33
9625 7392 42
9625 7422 32
9625 7469 30
9625 7506 28
9625 7415 13
9625 7442 60
9625 7521 46
9625 7414 3
9625 8339 6
9625 7416 58
9625 7424 51
9625 7472 18
9625 7505 9
9625 7470 60
9625 7467 35
7322 7408 27
7322 7404 37
7322 7409 25
7322 7395 25
7322 7420 1
7322 7405 15
7322 7406 16
7322 7418 3
7322 7419 19
7322 7394 39
7322 7393 45
7322 7421 47
7322 7447 49
7322 7407 60
7322 7413 46
7322 7417 3
7322 7423 36
7322 7392 37
7322 7422 44
7322 7469 51
7322 7506 24
7322 7415 18
7322 7442 26
7322 7521 5
7322 7414 28
7322 8339 13
7322 7416 13
7322 7424 28
7322 7472 56
7322 7505 43
7322 7470 19
7322 7467 24
6137 7408 39
6137 7404 1
6137 7409 31
6137 7395 26
6137 7420 28
6137 7405 56
6137 7406 9
6137 7418 17
6137 7419 3
6137 7394 26
6137 7393 8
6137 7421 6
6137 7447 38
6137 7407 49
6137 7413 10
6137 7417 19
6137 7423 16
6137 7392 7
6137 7422 24
6137 7469 14
6137 7506 19
6137 7415 57
6137 7442 19
6137 7521 14
6137 7414 56
6137 8339 42
6137 7416 16
6137 7424 28
6137 7472 24
6137 7505 35
6137 7470 18
6137 7467 17
6310 7408 7
6310 7404 32
6310 7409 32
6310 7395 41
6310 7420 37
6310 7405 60
6310 7406 9
6310 7418 14
6310 7419 13
6310 7394 47
6310 7393 2
6310 7421 53
6310 7447 30
6310 7407 2
6310 7413 1
6310 7417 7
6310 7423 28
6310 7392 0
6310 7422 12
6310 7469 6
6310 7506 3
6310 7415 30
6310 7442 48
6310 7521 32
6310 7414 13
6310 8339 30
6310 7416 31
6310 7424 7
6310 7472 8
6310 7505 33
6310 7470 16
6310 7467 18
6322 7408 11
6322 7404 4
6322 7409 41
6322 7395 3
6322 7420 24
6322 7405 36
6322 7406 16
6322 7418 2
6322 7419 17
6322 7394 29
6322 7393 56
6322 7421 40
6322 7447 24
6322 7407 4
6322 7413 12
6322 7417 54
6322 7423 59
6322 7392 9
6322 7422 40
6322 7469 57
6322 7506 40
6322 7415 2
6322 7442 30
6322 7521 30
6322 7414 45
6322 8339 47
6322 7416 21
6322 7424 48
6322 7472 17
6322 7505 8
6322 7470 4
6322 7467 38
