7510 5879 52
7510 5878 52
7510 7450 53
7510 7457 2
7510 5880 43
7510 7449 44
7510 7456 57
7510 7458 8
7510 7465 49
7510 5881 20
7510 7451 59
7510 7460 34
7510 7459 38
7510 7464 10
7510 7478 51
7510 7468 48
7510 5882 53
7510 7461 42
7510 7462 60
7510 7474 17
7510 7466 31
7510 7476 35
7510 7467 23
7510 7515 39
7510 7470 39
7510 5883 51
7510 7455 16
7510 7463 42
7510 7473 0
7510 7499 46
7510 7471 25
7510 7477 37
7509 5879 13
7509 5878 15
7509 7450 57
7509 7457 56
7509 5880 26
7509 7449 18
7509 7456 18
7509 7458 41
7509 7465 50
7509 5881 47
7509 7451 13
7509 7460 3
7509 7459 13
7509 7464 9
7509 7478 34
7509 7468 14
7509 5882 60
7509 7461 53
7509 7462 11
7509 7474 48
7509 7466 29
7509 7476 56
7509 7467 36
7509 7515 45
7509 7470 19
7509 5883 57
7509 7455 34
7509 7463 52
7509 7473 60
7509 7499 38
7509 7471 36
7509 7477 27
7506 5879 15
7506 5878 49
7506 7450 46
7506 7457 52
7506 5880 0
7506 7449 40
7506 7456 2
7506 7458 34
7506 7465 26
7506 5881 59
7506 7451 39
7506 7460 19
7506 7459 8
7506 7464 51
7506 7478 22
7506 7468 36
7506 5882 10
7506 7461 49
7506 7462 52
7506 7474 21
7506 7466 19
7506 7476 23
7506 7467 42
7506 7515 53
7506 7470 58
7506 5883 50
7506 7455 36
7506 7463 59
7506 7473 19
7506 7499 12
7506 7471 42
7506 7477 40
7521 5879 39
7521 5878 13
7521 7450 44
7521 7457 49
7521 5880 50
7521 7449 51
7521 7456 5
7521 7458 3
7521 7465 2
7521 5881 17
7521 7451 36
7521 7460 2
7521 7459 59
7521 7464 42
7521 7478 38
7521 7468 20
7521 5882 27
7521 7461 45
7521 7462 36
7521 7474 29
7521 7466 42
7521 7476 59
7521 7467 15
7521 7515 15
7521 7470 28
7521 5883 49
7521 7455 40
7521 7463 21
7521 7473 29
7521 7499 37
7521 7471 15
7521 7477 7
7522 5879 29
7522 5878 60
7522 7450 31
7522 7457 32
7522 5880 5
7522 7449 0
7522 7456 12
7522 7458 34
7522 7465 45
7522 5881 40
7522 7451 7
7522 7460 34
7522 7459 13
7522 7464 10
7522 7478 15
7522 7468 29
7522 5882 37
7522 7461 24
7522 7462 7
7522 7474 45
7522 7466 2
7522 7476 37
7522 7467 43
7522 7515 39
7522 7470 14
7522 5883 52
7522 7455 55
7522 7463 29
7522 7473 47
7522 7499 45
7522 7471 58
7522 7477 38
7505 5879 25
7505 5878 4
7505 7450 45
7505 7457 30
7505 5880 24
7505 7449 13
7505 7456 44
7505 7458 0
7505 7465 44
7505 5881 56
7505 7451 59
7505 7460 45
7505 7459 52
7505 7464 4
7505 7478 35
7505 7468 8
7505 5882 15
7505 7461 6
7505 7462 37
7505 7474 46
7505 7466 40
7505 7476 1
7505 7467 12
7505 7515 46
7505 7470 12
7505 5883 36
7505 7455 43
7505 7463 29
7505 7473 38
7505 7499 24
7505 7471 9
7505 7477 44
7511 5879 44
7511 5878 28
7511 7450 3
7511 7457 20
7511 5880 37
7511 7449 10
7511 7456 8
7511 7458 26
7511 7465 36
7511 5881 12
7511 7451 36
7511 7460 52
7511 7459 3
7511 7464 13
7511 7478 52
7511 7468 49
7511 5882 24
7511 7461 11
7511 7462 37
7511 7474 41
7511 7466 39
7511 7476 27
7511 7467 31
7511 7515 50
7511 7470 34
7511 5883 9
7511 7455 21
7511 7463 41
7511 7473 27
7511 7499 1
7511 7471 48
7511 7477 41
7524 5879 53
7524 5878 11
7524 7450 57
7524 7457 25
7524 5880 58
7524 7449 32
7524 7456 16
7524 7458 3
7524 7465 24
7524 5881 4
7524 7451 23
7524 7460 2
7524 7459 60
7524 7464 45
7524 7478 46
7524 7468 3
7524 5882 26
7524 7461 13
7524 7462 41
7524 7474 35
7524 7466 13
7524 7476 10
7524 7467 55
7524 7515 38
7524 7470 39
7524 5883 54
7524 7455 22
7524 7463 26
7524 7473 31
7524 7499 56
7524 7471 11
7524 7477 9
7393 5879 30
7393 5878 3
7393 7450 7
7393 7457 13
7393 5880 10
7393 7449 17
7393 7456 4
7393 7458 35
7393 7465 24
7393 5881 37
7393 7451 52
7393 7460 33
7393 7459 23
7393 7464 18
7393 7478 39
7393 7468 55
7393 5882 30
7393 7461 60
7393 7462 55
7393 7474 59
7393 7466 10
7393 7476 19
7393 7467 13
7393 7515 32
7393 7470 33
7393 5883 48
7393 7455 14
7393 7463 35
7393 7473 53
7393 7499 44
7393 7471 32
7393 7477 29
7447 5879 33
7447 5878 59
7447 7450 16
7447 7457 19
7447 5880 9
7447 7449 51
7447 7456 46
7447 7458 17
7447 7465 25
7447 5881 57
7447 7451 45
7447 7460 44
7447 7459 49
7447 7464 58
7447 7478 11
7447 7468 32
7447 5882 22
7447 7461 28
7447 7462 25
7447 7474 29
7447 7466 27
7447 7476 15
7447 7467 44
7447 7515 22
7447 7470 27
7447 5883 37
7447 7455 35
7447 7463 21
7447 7473 7
7447 7499 21
7447 7471 52
7447 7477 19
7448 5879 8
7448 5878 13
7448 7450 40
7448 7457 19
7448 5880 21
7448 7449 52
7448 7456 20
7448 7458 58
7448 7465 29
7448 5881 49
7448 7451 4
7448 7460 34
7448 7459 5
7448 7464 60
7448 7478 57
7448 7468 57
7448 5882 40
7448 7461 17
7448 7462 53
7448 7474 33
7448 7466 36
7448 7476 52
7448 7467 17
7448 7515 17
7448 7470 30
7448 5883 44
7448 7455 52
7448 7463 41
7448 7473 25
7448 7499 53
7448 7471 45
7448 7477 16
7523 5879 24
7523 5878 46
7523 7450 37
7523 7457 20
7523 5880 33
7523 7449 19
7523 7456 7
7523 7458 33
7523 7465 32
7523 5881 36
7523 7451 52
7523 7460 53
7523 7459 15
7523 7464 0
7523 7478 2
7523 7468 23
7523 5882 52
7523 7461 3
7523 7462 32
7523 7474 32
7523 7466 37
7523 7476 43
7523 7467 31
7523 7515 37
7523 7470 27
7523 5883 35
7523 7455 54
7523 7463 51
7523 7473 10
7523 7499 51
7523 7471 49
7523 7477 28
7392 5879 15
7392 5878 23
7392 7450 2
7392 7457 6
7392 5880 5
7392 7449 8
7392 7456 54
7392 7458 15
7392 7465 31
7392 5881 58
7392 7451 1
7392 7460 11
7392 7459 4
7392 7464 9
7392 7478 52
7392 7468 6
7392 5882 40
7392 7461 23
7392 7462 7
7392 7474 19
7392 7466 4
7392 7476 48
7392 7467 39
7392 7515 19
7392 7470 8
7392 5883 38
7392 7455 36
7392 7463 30
7392 7473 49
7392 7499 24
7392 7471 55
7392 7477 39
7507 5879 5
7507 5878 5
7507 7450 47
7507 7457 39
7507 5880 54
7507 7449 32
7507 7456 10
7507 7458 34
7507 7465 33
7507 5881 31
7507 7451 50
7507 7460 18
7507 7459 0
7507 7464 39
7507 7478 30
7507 7468 7
7507 5882 8
7507 7461 17
7507 7462 39
7507 7474 37
7507 7466 28
7507 7476 41
7507 7467 12
7507 7515 0
7507 7470 33
7507 5883 25
7507 7455 52
7507 7463 15
7507 7473 24
7507 7499 48
7507 7471 13
7507 7477 36
7512 5879 38
7512 5878 0
7512 7450 15
7512 7457 57
7512 5880 13
7512 7449 14
7512 7456 42
7512 7458 20
7512 7465 0
7512 5881 36
7512 7451 55
7512 7460 42
7512 7459 12
7512 7464 1
7512 7478 57
7512 7468 58
7512 5882 19
7512 7461 13
7512 7462 8
7512 7474 5
7512 7466 51
7512 7476 43
7512 7467 38
7512 7515 2
7512 7470 57
7512 5883 1
7512 7455 14
7512 7463 52
7512 7473 52
7512 7499 24
7512 7471 41
7512 7477 26
7525 5879 51
7525 5878 46
7525 7450 33
7525 7457 14
7525 5880 38
7525 7449 60
7525 7456 37
7525 7458 12
7525 7465 23
7525 5881 22
7525 7451 18
7525 7460 53
7525 7459 2
7525 7464 10
7525 7478 17
7525 7468 56
7525 5882 13
7525 7461 31
7525 7462 42
7525 7474 23
7525 7466 54
7525 7476 34
7525 7467 9
7525 7515 58
7525 7470 27
7525 5883 58
7525 7455 40
7525 7463 3
7525 7473 15
7525 7499 33
7525 7471 21
7525 7477 49
7395 5879 35
7395 5878 5
7395 7450 20
7395 7457 8
7395 5880 40
7395 7449 50
7395 7456 44
7395 7458 12
7395 7465 1
7395 5881 51
7395 7451 21
7395 7460 17
7395 7459 50
7395 7464 46
7395 7478 52
7395 7468 53
7395 5882 27
7395 7461 19
7395 7462 33
7395 7474 24
7395 7466 56
7395 7476 54
7395 7467 9
7395 7515 34
7395 7470 49
7395 5883 17
7395 7455 4
7395 7463 28
7395 7473 48
7395 7499 21
7395 7471 9
7395 7477 10
7420 5879 25
7420 5878 3
7420 7450 60
7420 7457 7
7420 5880 27
7420 7449 51
7420 7456 31
7420 7458 56
7420 7465 1
7420 5881 8
7420 7451 25
7420 7460 22
7420 7459 13
7420 7464 40
7420 7478 49
7420 7468 36
7420 5882 6
7420 7461 58
7420 7462 55
7420 7474 7
7420 7466 6
7420 7476 29
7420 7467 34
7420 7515 45
7420 7470 0
7420 5883 30
7420 7455 13
7420 7463 5
7420 7473 54
7420 7499 12
7420 7471 1
7420 7477 7
7442 5879 31
7442 5878 26
7442 7450 19
7442 7457 45
7442 5880 39
7442 7449 38
7442 7456 57
7442 7458 46
7442 7465 19
7442 5881 18
7442 7451 36
7442 7460 40
7442 7459 11
7442 7464 12
7442 7478 29
7442 7468 39
7442 5882 5
7442 7461 9
7442 7462 52
7442 7474 34
7442 7466 1
7442 7476 40
7442 7467 50
7442 7515 32
7442 7470 54
7442 5883 23
7442 7455 54
7442 7463 55
7442 7473 46
7442 7499 16
7442 7471 19
7442 7477 53
7446 5879 38
7446 5878 50
7446 7450 27
7446 7457 50
7446 5880 55
7446 7449 47
7446 7456 58
7446 7458 29
7446 7465 31
7446 5881 44
7446 7451 14
7446 7460 7
7446 7459 38
7446 7464 38
7446 7478 59
7446 7468 0
7446 5882 27
7446 7461 50
7446 7462 51
7446 7474 25
7446 7466 57
7446 7476 56
7446 7467 33
7446 7515 25
7446 7470 27
7446 5883 45
7446 7455 20
7446 7463 28
7446 7473 54
7446 7499 35
7446 7471 47
7446 7477 14
7526 5879 45
7526 5878 24
7526 7450 17
7526 7457 24
7526 5880 30
7526 7449 50
7526 7456 25
7526 7458 51
7526 7465 31
7526 5881 40
7526 7451 17
7526 7460 18
7526 7459 58
7526 7464 60
7526 7478 1
7526 7468 4
7526 5882 10
7526 7461 35
7526 7462 7
7526 7474 20
7526 7466 48
7526 7476 44
7526 7467 24
7526 7515 46
7526 7470 55
7526 5883 53
7526 7455 22
7526 7463 36
7526 7473 17
7526 7499 35
7526 7471 11
7526 7477 29
7394 5879 43
7394 5878 38
7394 7450 46
7394 7457 46
7394 5880 13
7394 7449 15
7394 7456 49
7394 7458 47
7394 7465 7
7394 5881 3
7394 7451 7
7394 7460 29
7394 7459 47
7394 7464 16
7394 7478 58
7394 7468 14
7394 5882 32
7394 7461 0
7394 7462 48
7394 7474 34
7394 7466 12
7394 7476 47
7394 7467 1
7394 7515 57
7394 7470 11
7394 5883 24
7394 7455 60
7394 7463 23
7394 7473 50
7394 7499 43
7394 7471 43
7394 7477 58
7472 5879 19
7472 5878 0
7472 7450 16
7472 7457 38
7472 5880 23
7472 7449 17
7472 7456 38
7472 7458 48
7472 7465 47
7472 5881 57
7472 7451 16
7472 7460 6
7472 7459 28
7472 7464 2
7472 7478 1
7472 7468 55
7472 5882 37
7472 7461 12
7472 7462 0
7472 7474 32
7472 7466 46
7472 7476 30
7472 7467 23
7472 7515 27
7472 7470 29
7472 5883 31
7472 7455 24
7472 7463 29
7472 7473 43
7472 7499 38
7472 7471 10
7472 7477 37
7508 5879 12
7508 5878 11
7508 7450 48
7508 7457 27
7508 5880 11
7508 7449 28
7508 7456 25
7508 7458 41
7508 7465 44
7508 5881 58
7508 7451 24
7508 7460 14
7508 7459 27
7508 7464 14
7508 7478 10
7508 7468 53
7508 5882 15
7508 7461 23
7508 7462 51
7508 7474 9
7508 7466 35
7508 7476 26
7508 7467 48
7508 7515 2
7508 7470 6
7508 5883 51
7508 7455 14
7508 7463 57
7508 7473 40
7508 7499 18
7508 7471 50
7508 7477 17
7514 5879 30
7514 5878 44
7514 7450 43
7514 7457 59
7514 5880 55
7514 7449 24
7514 7456 27
7514 7458 2
7514 7465 21
7514 5881 1
7514 7451 18
7514 7460 11
7514 7459 50
7514 7464 28
7514 7478 57
7514 7468 17
7514 5882 27
7514 7461 17
7514 7462 14
7514 7474 32
7514 7466 35
7514 7476 25
7514 7467 1
7514 7515 31
7514 7470 51
7514 5883 33
7514 7455 58
7514 7463 31
7514 7473 57
7514 7499 29
7514 7471 56
7514 7477 44
7517 5879 39
7517 5878 25
7517 7450 30
7517 7457 41
7517 5880 32
7517 7449 28
7517 7456 43
7517 7458 11
7517 7465 5
7517 5881 45
7517 7451 32
7517 7460 57
7517 7459 54
7517 7464 51
7517 7478 37
7517 7468 7
7517 5882 15
7517 7461 1
7517 7462 45
7517 7474 8
7517 7466 41
7517 7476 24
7517 7467 46
7517 7515 55
7517 7470 30
7517 5883 30
7517 7455 20
7517 7463 43
7517 7473 2
7517 7499 28
7517 7471 1
7517 7477 35
9651 5879 25
9651 5878 57
9651 7450 49
9651 7457 13
9651 5880 41
9651 7449 1
9651 7456 5
9651 7458 49
9651 7465 32
9651 5881 29
9651 7451 32
9651 7460 31
9651 7459 59
9651 7464 38
9651 7478 23
9651 7468 58
9651 5882 56
9651 7461 38
9651 7462 42
9651 7474 60
9651 7466 51
9651 7476 5
9651 7467 53
9651 7515 22
9651 7470 18
9651 5883 14
9651 7455 31
9651 7463 40
9651 7473 55
9651 7499 7
9651 7471 37
9651 7477 23
7408 5879 21
7408 5878 16
7408 7450 49
7408 7457 28
7408 5880 21
7408 7449 7
7408 7456 59
7408 7458 54
7408 7465 5
7408 5881 27
7408 7451 19
7408 7460 31
7408 7459 50
7408 7464 23
7408 7478 45
7408 7468 9
7408 5882 45
7408 7461 46
7408 7462 41
7408 7474 53
7408 7466 21
7408 7476 31
7408 7467 30
7408 7515 52
7408 7470 21
7408 5883 13
7408 7455 7
7408 7463 51
7408 7473 32
7408 7499 24
7408 7471 31
7408 7477 49
7419 5879 50
7419 5878 22
7419 7450 50
7419 7457 36
7419 5880 13
7419 7449 38
7419 7456 16
7419 7458 4
7419 7465 22
7419 5881 26
7419 7451 41
7419 7460 49
7419 7459 42
7419 7464 13
7419 7478 3
7419 7468 21
7419 5882 55
7419 7461 23
7419 7462 26
7419 7474 55
7419 7466 15
7419 7476 40
7419 7467 34
7419 7515 15
7419 7470 6
7419 5883 8
7419 7455 1
7419 7463 37
7419 7473 16
7419 7499 55
7419 7471 47
7419 7477 37
7421 5879 45
7421 5878 54
7421 7450 21
7421 7457 36
7421 5880 11
7421 7449 8
7421 7456 44
7421 7458 42
7421 7465 37
7421 5881 13
7421 7451 39
7421 7460 27
7421 7459 17
7421 7464 2
7421 7478 56
7421 7468 45
7421 5882 24
7421 7461 17
7421 7462 34
7421 7474 0
7421 7466 0
7421 7476 32
7421 7467 3
7421 7515 49
7421 7470 3
7421 5883 43
7421 7455 21
7421 7463 51
7421 7473 39
7421 7499 27
7421 7471 12
7421 7477 52
7441 5879 29
7441 5878 33
7441 7450 18
7441 7457 5
7441 5880 25
7441 7449 50
7441 7456 20
7441 7458 24
7441 7465 50
7441 5881 30
7441 7451 28
7441 7460 44
7441 7459 40
7441 7464 46
7441 7478 51
7441 7468 27
7441 5882 55
7441 7461 4
7441 7462 14
7441 7474 17
7441 7466 28
7441 7476 19
7441 7467 59
7441 7515 34
7441 7470 37
7441 5883 27
7441 7455 6
7441 7463 24
7441 7473 14
7441 7499 17
7441 7471 15
7441 7477 18
7445 5879 11
7445 5878 11
7445 7450 36
7445 7457 24
7445 5880 55
7445 7449 12
7445 7456 29
7445 7458 49
7445 7465 27
7445 5881 2
7445 7451 7
7445 7460 10
7445 7459 52
7445 7464 30
7445 7478 29
7445 7468 39
7445 5882 15
7445 7461 12
7445 7462 32
7445 7474 50
7445 7466 4
7445 7476 39
7445 7467 0
7445 7515 50
7445 7470 51
7445 5883 25
7445 7455 36
7445 7463 38
7445 7473 2
7445 7499 56
7445 7471 60
7445 7477 54
