2655 2586 11
2655 2586 24
2655 2585 28
2655 2585 46
2655 2582 12
2655 2582 46
2655 2589 49
2655 2589 59
2655 2584 22
2655 2584 31
2655 2587 16
2655 2587 54
2655 2581 18
2655 2581 51
2655 2588 59
2655 2588 53
2655 2590 33
2655 2590 41
2655 2591 17
2655 2591 41
2655 2580 28
2655 2580 42
2655 2577 52
2655 2577 21
2655 2532 5
2655 2532 50
2655 2530 12
2655 2530 8
2655 2543 58
2655 2543 9
2655 2593 15
2655 2593 44
2655 2594 14
2655 2594 2
2655 2601 50
2655 2601 0
2655 2605 30
2655 2605 51
2655 2535 59
2655 2535 23
2655 2583 5
2655 2583 15
2655 2578 42
2655 2578 17
2655 2600 0
2655 2600 34
2655 2528 39
2655 2528 33
2655 2518 27
2655 2518 25
2655 2529 43
2655 2529 29
2655 2540 45
2655 2540 0
2655 2592 10
2655 2592 33
2655 2544 7
2655 2544 45
2655 2599 37
2655 2599 8
2655 2603 26
2655 2603 53
2655 2606 42
2655 2606 1
2654 2586 26
2654 2586 49
2654 2585 39
2654 2585 30
2654 2582 50
2654 2582 52
2654 2589 46
2654 2589 56
2654 2584 7
2654 2584 11
2654 2587 51
2654 2587 34
2654 2581 56
2654 2581 2
2654 2588 8
2654 2588 17
2654 2590 60
2654 2590 2
2654 2591 4
2654 2591 50
2654 2580 9
2654 2580 57
2654 2577 20
2654 2577 27
2654 2532 47
2654 2532 3
2654 2530 0
2654 2530 58
2654 2543 14
2654 2543 15
2654 2593 2
2654 2593 14
2654 2594 44
2654 2594 23
2654 2601 56
2654 2601 30
2654 2605 34
2654 2605 7
2654 2535 22
2654 2535 13
2654 2583 51
2654 2583 17
2654 2578 50
2654 2578 50
2654 2600 39
2654 2600 44
2654 2528 14
2654 2528 34
2654 2518 60
2654 2518 11
2654 2529 22
2654 2529 54
2654 2540 12
2654 2540 16
2654 2592 50
2654 2592 5
2654 2544 45
2654 2544 33
2654 2599 30
2654 2599 19
2654 2603 18
2654 2603 55
2654 2606 60
2654 2606 28
2648 2586 44
2648 2586 10
2648 2585 15
2648 2585 50
2648 2582 31
2648 2582 45
2648 2589 47
2648 2589 38
2648 2584 45
2648 2584 3
2648 2587 40
2648 2587 47
2648 2581 37
2648 2581 15
2648 2588 8
2648 2588 15
2648 2590 57
2648 2590 29
2648 2591 34
2648 2591 21
2648 2580 6
2648 2580 0
2648 2577 36
2648 2577 52
2648 2532 23
2648 2532 28
2648 2530 14
2648 2530 48
2648 2543 15
2648 2543 43
2648 2593 7
2648 2593 2
2648 2594 49
2648 2594 28
2648 2601 35
2648 2601 13
2648 2605 7
2648 2605 33
2648 2535 26
2648 2535 1
2648 2583 35
2648 2583 0
2648 2578 7
2648 2578 24
2648 2600 48
2648 2600 54
2648 2528 58
2648 2528 44
2648 2518 40
2648 2518 19
2648 2529 48
2648 2529 16
2648 2540 0
2648 2540 36
2648 2592 14
2648 2592 7
2648 2544 58
2648 2544 60
2648 2599 23
2648 2599 16
2648 2603 60
2648 2603 15
2648 2606 52
2648 2606 60
2656 2586 7
2656 2586 41
2656 2585 36
2656 2585 10
2656 2582 48
2656 2582 28
2656 2589 17
2656 2589 36
2656 2584 14
2656 2584 40
2656 2587 28
2656 2587 54
2656 2581 42
2656 2581 17
2656 2588 56
2656 2588 39
2656 2590 37
2656 2590 25
2656 2591 52
2656 2591 55
2656 2580 36
2656 2580 50
2656 2577 49
2656 2577 21
2656 2532 5
2656 2532 3
2656 2530 44
2656 2530 10
2656 2543 20
2656 2543 43
2656 2593 26
2656 2593 41
2656 2594 40
2656 2594 45
2656 2601 4
2656 2601 38
2656 2605 44
2656 2605 12
2656 2535 4
2656 2535 12
2656 2583 50
2656 2583 57
2656 2578 29
2656 2578 24
2656 2600 44
2656 2600 58
2656 2528 7
2656 2528 33
2656 2518 8
2656 2518 9
2656 2529 23
2656 2529 21
2656 2540 45
2656 2540 19
2656 2592 17
2656 2592 1
2656 2544 11
2656 2544 5
2656 2599 50
2656 2599 15
2656 2603 23
2656 2603 3
2656 2606 51
2656 2606 10
2902 2586 58
2902 2586 41
2902 2585 59
2902 2585 26
2902 2582 7
2902 2582 30
2902 2589 37
2902 2589 13
2902 2584 40
2902 2584 39
2902 2587 57
2902 2587 15
2902 2581 38
2902 2581 27
2902 2588 7
2902 2588 0
2902 2590 3
2902 2590 26
2902 2591 39
2902 2591 19
2902 2580 29
2902 2580 58
2902 2577 13
2902 2577 49
2902 2532 15
2902 2532 32
2902 2530 10
2902 2530 9
2902 2543 40
2902 2543 52
2902 2593 28
2902 2593 45
2902 2594 41
2902 2594 35
2902 2601 53
2902 2601 15
2902 2605 21
2902 2605 27
2902 2535 6
2902 2535 34
2902 2583 56
2902 2583 60
2902 2578 0
2902 2578 13
2902 2600 6
2902 2600 7
2902 2528 4
2902 2528 0
2902 2518 49
2902 2518 11
2902 2529 31
2902 2529 4
2902 2540 47
2902 2540 11
2902 2592 43
2902 2592 47
2902 2544 57
2902 2544 5
2902 2599 22
2902 2599 5
2902 2603 25
2902 2603 59
2902 2606 47
2902 2606 30
2616 2586 36
2616 2586 11
2616 2585 0
2616 2585 4
2616 2582 12
2616 2582 33
2616 2589 56
2616 2589 54
2616 2584 53
2616 2584 33
2616 2587 44
2616 2587 15
2616 2581 42
2616 2581 4
2616 2588 5
2616 2588 48
2616 2590 11
2616 2590 3
2616 2591 13
2616 2591 15
2616 2580 51
2616 2580 5
2616 2577 57
2616 2577 31
2616 2532 27
2616 2532 2
2616 2530 60
2616 2530 49
2616 2543 33
2616 2543 24
2616 2593 42
2616 2593 26
2616 2594 47
2616 2594 35
2616 2601 43
2616 2601 37
2616 2605 20
2616 2605 43
2616 2535 1
2616 2535 27
2616 2583 41
2616 2583 5
2616 2578 0
2616 2578 13
2616 2600 5
2616 2600 2
2616 2528 57
2616 2528 47
2616 2518 11
2616 2518 33
2616 2529 4
2616 2529 27
2616 2540 13
2616 2540 43
2616 2592 16
2616 2592 47
2616 2544 37
2616 2544 9
2616 2599 18
2616 2599 50
2616 2603 35
2616 2603 4
2616 2606 35
2616 2606 38
2617 2586 18
2617 2586 29
2617 2585 52
2617 2585 8
2617 2582 57
2617 2582 34
2617 2589 15
2617 2589 46
2617 2584 25
2617 2584 13
2617 2587 2
2617 2587 11
2617 2581 1
2617 2581 48
2617 2588 20
2617 2588 58
2617 2590 9
2617 2590 59
2617 2591 60
2617 2591 29
2617 2580 31
2617 2580 49
2617 2577 25
2617 2577 30
2617 2532 18
2617 2532 8
2617 2530 15
2617 2530 15
2617 2543 14
2617 2543 1
2617 2593 42
2617 2593 20
2617 2594 37
2617 2594 9
2617 2601 27
2617 2601 53
2617 2605 38
2617 2605 50
2617 2535 25
2617 2535 16
2617 2583 8
2617 2583 2
2617 2578 46
2617 2578 1
2617 2600 17
2617 2600 21
2617 2528 30
2617 2528 15
2617 2518 53
2617 2518 33
2617 2529 3
2617 2529 53
2617 2540 43
2617 2540 14
2617 2592 38
2617 2592 46
2617 2544 19
2617 2544 31
2617 2599 5
2617 2599 24
2617 2603 22
2617 2603 37
2617 2606 13
2617 2606 33
2626 2586 10
2626 2586 11
2626 2585 3
2626 2585 25
2626 2582 27
2626 2582 0
2626 2589 51
2626 2589 50
2626 2584 5
2626 2584 41
2626 2587 4
2626 2587 46
2626 2581 47
2626 2581 32
2626 2588 17
2626 2588 38
2626 2590 28
2626 2590 21
2626 2591 30
2626 2591 7
2626 2580 7
2626 2580 15
2626 2577 26
2626 2577 17
2626 2532 20
2626 2532 33
2626 2530 39
2626 2530 37
2626 2543 28
2626 2543 22
2626 2593 25
2626 2593 36
2626 2594 27
2626 2594 17
2626 2601 36
2626 2601 10
2626 2605 13
2626 2605 45
2626 2535 15
2626 2535 0
2626 2583 23
2626 2583 12
2626 2578 27
2626 2578 39
2626 2600 45
2626 2600 41
2626 2528 44
2626 2528 16
2626 2518 55
2626 2518 12
2626 2529 22
2626 2529 22
2626 2540 57
2626 2540 45
2626 2592 50
2626 2592 25
2626 2544 49
2626 2544 23
2626 2599 22
2626 2599 10
2626 2603 58
2626 2603 46
2626 2606 0
2626 2606 15
2657 2586 36
2657 2586 46
2657 2585 49
2657 2585 52
2657 2582 2
2657 2582 50
2657 2589 32
2657 2589 18
2657 2584 51
2657 2584 54
2657 2587 22
2657 2587 50
2657 2581 39
2657 2581 14
2657 2588 43
2657 2588 60
2657 2590 3
2657 2590 5
2657 2591 30
2657 2591 15
2657 2580 1
2657 2580 3
2657 2577 18
2657 2577 53
2657 2532 5
2657 2532 17
2657 2530 35
2657 2530 42
2657 2543 12
2657 2543 10
2657 2593 7
2657 2593 9
2657 2594 48
2657 2594 59
2657 2601 60
2657 2601 0
2657 2605 42
2657 2605 39
2657 2535 32
2657 2535 21
2657 2583 11
2657 2583 26
2657 2578 28
2657 2578 34
2657 2600 30
2657 2600 23
2657 2528 44
2657 2528 17
2657 2518 9
2657 2518 21
2657 2529 41
2657 2529 28
2657 2540 10
2657 2540 33
2657 2592 34
2657 2592 8
2657 2544 8
2657 2544 30
2657 2599 53
2657 2599 44
2657 2603 11
2657 2603 45
2657 2606 5
2657 2606 29
2660 2586 49
2660 2586 54
2660 2585 15
2660 2585 53
2660 2582 38
2660 2582 44
2660 2589 1
2660 2589 29
2660 2584 43
2660 2584 29
2660 2587 46
2660 2587 54
2660 2581 37
2660 2581 15
2660 2588 47
2660 2588 20
2660 2590 39
2660 2590 13
2660 2591 40
2660 2591 16
2660 2580 43
2660 2580 0
2660 2577 47
2660 2577 60
2660 2532 46
2660 2532 36
2660 2530 24
2660 2530 6
2660 2543 8
2660 2543 47
2660 2593 49
2660 2593 45
2660 2594 42
2660 2594 8
2660 2601 37
2660 2601 59
2660 2605 58
2660 2605 5
2660 2535 0
2660 2535 34
2660 2583 14
2660 2583 20
2660 2578 8
2660 2578 52
2660 2600 60
2660 2600 53
2660 2528 39
2660 2528 45
2660 2518 48
2660 2518 56
2660 2529 0
2660 2529 29
2660 2540 55
2660 2540 32
2660 2592 56
2660 2592 54
2660 2544 42
2660 2544 31
2660 2599 39
2660 2599 16
2660 2603 7
2660 2603 59
2660 2606 34
2660 2606 51
2908 2586 28
2908 2586 46
2908 2585 49
2908 2585 3
2908 2582 34
2908 2582 26
2908 2589 2
2908 2589 16
2908 2584 35
2908 2584 27
2908 2587 12
2908 2587 54
2908 2581 60
2908 2581 21
2908 2588 15
2908 2588 35
2908 2590 15
2908 2590 12
2908 2591 36
2908 2591 36
2908 2580 49
2908 2580 11
2908 2577 27
2908 2577 46
2908 2532 41
2908 2532 43
2908 2530 55
2908 2530 23
2908 2543 25
2908 2543 2
2908 2593 7
2908 2593 42
2908 2594 58
2908 2594 27
2908 2601 56
2908 2601 13
2908 2605 59
2908 2605 6
2908 2535 53
2908 2535 32
2908 2583 55
2908 2583 34
2908 2578 17
2908 2578 41
2908 2600 3
2908 2600 35
2908 2528 12
2908 2528 24
2908 2518 31
2908 2518 53
2908 2529 43
2908 2529 56
2908 2540 41
2908 2540 15
2908 2592 30
2908 2592 43
2908 2544 2
2908 2544 36
2908 2599 40
2908 2599 57
2908 2603 49
2908 2603 26
2908 2606 17
2908 2606 58
2903 2586 12
2903 2586 26
2903 2585 48
2903 2585 31
2903 2582 10
2903 2582 43
2903 2589 24
2903 2589 55
2903 2584 5
2903 2584 15
2903 2587 19
2903 2587 2
2903 2581 57
2903 2581 17
2903 2588 51
2903 2588 38
2903 2590 20
2903 2590 28
2903 2591 55
2903 2591 13
2903 2580 41
2903 2580 4
2903 2577 20
2903 2577 15
2903 2532 42
2903 2532 9
2903 2530 5
2903 2530 46
2903 2543 22
2903 2543 51
2903 2593 17
2903 2593 5
2903 2594 40
2903 2594 45
2903 2601 33
2903 2601 11
2903 2605 50
2903 2605 4
2903 2535 20
2903 2535 16
2903 2583 47
2903 2583 24
2903 2578 45
2903 2578 42
2903 2600 25
2903 2600 4
2903 2528 42
2903 2528 37
2903 2518 47
2903 2518 55
2903 2529 18
2903 2529 22
2903 2540 20
2903 2540 60
2903 2592 5
2903 2592 7
2903 2544 51
2903 2544 50
2903 2599 33
2903 2599 13
2903 2603 57
2903 2603 16
2903 2606 58
2903 2606 48
2904 2586 37
2904 2586 60
2904 2585 41
2904 2585 49
2904 2582 22
2904 2582 24
2904 2589 6
2904 2589 21
2904 2584 34
2904 2584 58
2904 2587 9
2904 2587 19
2904 2581 46
2904 2581 44
2904 2588 57
2904 2588 21
2904 2590 53
2904 2590 52
2904 2591 50
2904 2591 35
2904 2580 54
2904 2580 0
2904 2577 46
2904 2577 16
2904 2532 7
2904 2532 56
2904 2530 6
2904 2530 37
2904 2543 32
2904 2543 26
2904 2593 55
2904 2593 9
2904 2594 35
2904 2594 36
2904 2601 22
2904 2601 56
2904 2605 9
2904 2605 4
2904 2535 13
2904 2535 60
2904 2583 36
2904 2583 41
2904 2578 7
2904 2578 52
2904 2600 19
2904 2600 10
2904 2528 39
2904 2528 41
2904 2518 55
2904 2518 32
2904 2529 14
2904 2529 29
2904 2540 54
2904 2540 49
2904 2592 55
2904 2592 53
2904 2544 12
2904 2544 15
2904 2599 51
2904 2599 40
2904 2603 18
2904 2603 15
2904 2606 4
2904 2606 29
2613 2586 55
2613 2586 12
2613 2585 18
2613 2585 37
2613 2582 10
2613 2582 40
2613 2589 20
2613 2589 34
2613 2584 44
2613 2584 48
2613 2587 56
2613 2587 27
2613 2581 29
2613 2581 3
2613 2588 51
2613 2588 30
2613 2590 33
2613 2590 7
2613 2591 45
2613 2591 42
2613 2580 56
2613 2580 7
2613 2577 48
2613 2577 28
2613 2532 28
2613 2532 47
2613 2530 47
2613 2530 28
2613 2543 14
2613 2543 36
2613 2593 30
2613 2593 13
2613 2594 26
2613 2594 58
2613 2601 33
2613 2601 18
2613 2605 17
2613 2605 21
2613 2535 34
2613 2535 9
2613 2583 51
2613 2583 2
2613 2578 57
2613 2578 41
2613 2600 41
2613 2600 2
2613 2528 0
2613 2528 48
2613 2518 59
2613 2518 15
2613 2529 40
2613 2529 14
2613 2540 45
2613 2540 49
2613 2592 25
2613 2592 13
2613 2544 58
2613 2544 60
2613 2599 33
2613 2599 27
2613 2603 9
2613 2603 11
2613 2606 22
2613 2606 53
2615 2586 9
2615 2586 30
2615 2585 33
2615 2585 25
2615 2582 35
2615 2582 47
2615 2589 37
2615 2589 30
2615 2584 24
2615 2584 57
2615 2587 28
2615 2587 46
2615 2581 0
2615 2581 57
2615 2588 5
2615 2588 12
2615 2590 58
2615 2590 33
2615 2591 1
2615 2591 14
2615 2580 16
2615 2580 35
2615 2577 60
2615 2577 9
2615 2532 22
2615 2532 12
2615 2530 55
2615 2530 52
2615 2543 27
2615 2543 14
2615 2593 12
2615 2593 11
2615 2594 49
2615 2594 15
2615 2601 47
2615 2601 4
2615 2605 25
2615 2605 45
2615 2535 31
2615 2535 44
2615 2583 5
2615 2583 50
2615 2578 0
2615 2578 5
2615 2600 58
2615 2600 25
2615 2528 34
2615 2528 50
2615 2518 10
2615 2518 53
2615 2529 57
2615 2529 49
2615 2540 36
2615 2540 44
2615 2592 23
2615 2592 15
2615 2544 28
2615 2544 32
2615 2599 57
2615 2599 37
2615 2603 30
2615 2603 6
2615 2606 42
2615 2606 30
2886 2586 7
2886 2586 26
2886 2585 44
2886 2585 13
2886 2582 0
2886 2582 9
2886 2589 46
2886 2589 9
2886 2584 60
2886 2584 6
2886 2587 54
2886 2587 4
2886 2581 45
2886 2581 25
2886 2588 14
2886 2588 16
2886 2590 33
2886 2590 45
2886 2591 1
2886 2591 53
2886 2580 50
2886 2580 25
2886 2577 15
2886 2577 47
2886 2532 49
2886 2532 2
2886 2530 2
2886 2530 60
2886 2543 0
2886 2543 2
2886 2593 29
2886 2593 55
2886 2594 4
2886 2594 12
2886 2601 49
2886 2601 25
2886 2605 24
2886 2605 5
2886 2535 2
2886 2535 40
2886 2583 21
2886 2583 24
2886 2578 29
2886 2578 39
2886 2600 47
2886 2600 49
2886 2528 9
2886 2528 45
2886 2518 59
2886 2518 58
2886 2529 43
2886 2529 4
2886 2540 4
2886 2540 60
2886 2592 18
2886 2592 14
2886 2544 48
2886 2544 7
2886 2599 50
2886 2599 18
2886 2603 47
2886 2603 54
2886 2606 21
2886 2606 56
2887 2586 51
2887 2586 45
2887 2585 16
2887 2585 56
2887 2582 48
2887 2582 52
2887 2589 32
2887 2589 49
2887 2584 2
2887 2584 52
2887 2587 43
2887 2587 32
2887 2581 27
2887 2581 45
2887 2588 53
2887 2588 45
2887 2590 45
2887 2590 21
2887 2591 30
2887 2591 59
2887 2580 28
2887 2580 27
2887 2577 13
2887 2577 56
2887 2532 1
2887 2532 5
2887 2530 14
2887 2530 53
2887 2543 47
2887 2543 6
2887 2593 10
2887 2593 49
2887 2594 17
2887 2594 5
2887 2601 7
2887 2601 23
2887 2605 4
2887 2605 44
2887 2535 31
2887 2535 6
2887 2583 37
2887 2583 36
2887 2578 55
2887 2578 47
2887 2600 46
2887 2600 7
2887 2528 53
2887 2528 24
2887 2518 53
2887 2518 40
2887 2529 22
2887 2529 12
2887 2540 3
2887 2540 58
2887 2592 26
2887 2592 24
2887 2544 42
2887 2544 23
2887 2599 55
2887 2599 49
2887 2603 24
2887 2603 13
2887 2606 34
2887 2606 25
2623 2586 9
2623 2586 18
2623 2585 37
2623 2585 49
2623 2582 12
2623 2582 56
2623 2589 5
2623 2589 5
2623 2584 24
2623 2584 59
2623 2587 37
2623 2587 19
2623 2581 6
2623 2581 39
2623 2588 22
2623 2588 38
2623 2590 57
2623 2590 47
2623 2591 34
2623 2591 3
2623 2580 8
2623 2580 25
2623 2577 47
2623 2577 47
2623 2532 5
2623 2532 4
2623 2530 25
2623 2530 37
2623 2543 1
2623 2543 4
2623 2593 47
2623 2593 4
2623 2594 31
2623 2594 39
2623 2601 17
2623 2601 41
2623 2605 35
2623 2605 50
2623 2535 31
2623 2535 33
2623 2583 2
2623 2583 23
2623 2578 53
2623 2578 35
2623 2600 41
2623 2600 38
2623 2528 35
2623 2528 14
2623 2518 31
2623 2518 37
2623 2529 12
2623 2529 25
2623 2540 16
2623 2540 46
2623 2592 41
2623 2592 10
2623 2544 3
2623 2544 14
2623 2599 50
2623 2599 43
2623 2603 22
2623 2603 49
2623 2606 41
2623 2606 33
2628 2586 4
2628 2586 36
2628 2585 53
2628 2585 37
2628 2582 31
2628 2582 48
2628 2589 14
2628 2589 11
2628 2584 25
2628 2584 10
2628 2587 60
2628 2587 14
2628 2581 43
2628 2581 7
2628 2588 17
2628 2588 27
2628 2590 35
2628 2590 28
2628 2591 53
2628 2591 47
2628 2580 0
2628 2580 9
2628 2577 0
2628 2577 49
2628 2532 58
2628 2532 13
2628 2530 56
2628 2530 20
2628 2543 10
2628 2543 53
2628 2593 29
2628 2593 20
2628 2594 23
2628 2594 5
2628 2601 7
2628 2601 33
2628 2605 11
2628 2605 7
2628 2535 55
2628 2535 45
2628 2583 17
2628 2583 0
2628 2578 1
2628 2578 5
2628 2600 4
2628 2600 4
2628 2528 9
2628 2528 26
2628 2518 6
2628 2518 54
2628 2529 14
2628 2529 59
2628 2540 19
2628 2540 18
2628 2592 26
2628 2592 60
2628 2544 18
2628 2544 24
2628 2599 30
2628 2599 33
2628 2603 6
2628 2603 15
2628 2606 13
2628 2606 13
2652 2586 33
2652 2586 21
2652 2585 14
2652 2585 8
2652 2582 40
2652 2582 1
2652 2589 59
2652 2589 2
2652 2584 15
2652 2584 18
2652 2587 29
2652 2587 54
2652 2581 34
2652 2581 18
2652 2588 4
2652 2588 26
2652 2590 36
2652 2590 15
2652 2591 12
2652 2591 44
2652 2580 54
2652 2580 23
2652 2577 34
2652 2577 28
2652 2532 25
2652 2532 60
2652 2530 16
2652 2530 41
2652 2543 21
2652 2543 34
2652 2593 41
2652 2593 2
2652 2594 27
2652 2594 18
2652 2601 29
2652 2601 8
2652 2605 23
2652 2605 0
2652 2535 9
2652 2535 26
2652 2583 25
2652 2583 54
2652 2578 36
2652 2578 53
2652 2600 27
2652 2600 50
2652 2528 38
2652 2528 38
2652 2518 45
2652 2518 1
2652 2529 17
2652 2529 51
2652 2540 22
2652 2540 9
2652 2592 14
2652 2592 18
2652 2544 41
2652 2544 37
2652 2599 39
2652 2599 46
2652 2603 23
2652 2603 60
2652 2606 55
2652 2606 4
2658 2586 57
2658 2586 56
2658 2585 2
2658 2585 14
2658 2582 5
2658 2582 8
2658 2589 41
2658 2589 39
2658 2584 46
2658 2584 15
2658 2587 18
2658 2587 56
2658 2581 12
2658 2581 2
2658 2588 8
2658 2588 28
2658 2590 25
2658 2590 29
2658 2591 14
2658 2591 33
2658 2580 12
2658 2580 19
2658 2577 45
2658 2577 38
2658 2532 37
2658 2532 46
2658 2530 19
2658 2530 48
2658 2543 41
2658 2543 29
2658 2593 59
2658 2593 21
2658 2594 48
2658 2594 40
2658 2601 13
2658 2601 15
2658 2605 47
2658 2605 46
2658 2535 52
2658 2535 22
2658 2583 5
2658 2583 54
2658 2578 10
2658 2578 23
2658 2600 46
2658 2600 47
2658 2528 27
2658 2528 45
2658 2518 24
2658 2518 19
2658 2529 19
2658 2529 36
2658 2540 39
2658 2540 24
2658 2592 58
2658 2592 36
2658 2544 18
2658 2544 36
2658 2599 22
2658 2599 39
2658 2603 20
2658 2603 19
2658 2606 54
2658 2606 3
2659 2586 46
2659 2586 49
2659 2585 11
2659 2585 58
2659 2582 32
2659 2582 40
2659 2589 22
2659 2589 4
2659 2584 16
2659 2584 1
2659 2587 24
2659 2587 27
2659 2581 52
2659 2581 38
2659 2588 37
2659 2588 49
2659 2590 36
2659 2590 37
2659 2591 30
2659 2591 33
2659 2580 13
2659 2580 38
2659 2577 40
2659 2577 24
2659 2532 10
2659 2532 57
2659 2530 20
2659 2530 54
2659 2543 21
2659 2543 20
2659 2593 16
2659 2593 40
2659 2594 12
2659 2594 35
2659 2601 5
2659 2601 56
2659 2605 27
2659 2605 47
2659 2535 20
2659 2535 47
2659 2583 25
2659 2583 53
2659 2578 34
2659 2578 7
2659 2600 51
2659 2600 11
2659 2528 58
2659 2528 41
2659 2518 57
2659 2518 27
2659 2529 39
2659 2529 33
2659 2540 42
2659 2540 37
2659 2592 39
2659 2592 20
2659 2544 21
2659 2544 50
2659 2599 27
2659 2599 4
2659 2603 46
2659 2603 42
2659 2606 19
2659 2606 55
2906 2586 0
2906 2586 58
2906 2585 26
2906 2585 23
2906 2582 59
2906 2582 51
2906 2589 43
2906 2589 6
2906 2584 4
2906 2584 23
2906 2587 44
2906 2587 26
2906 2581 39
2906 2581 57
2906 2588 11
2906 2588 46
2906 2590 41
2906 2590 19
2906 2591 13
2906 2591 56
2906 2580 52
2906 2580 5
2906 2577 39
2906 2577 40
2906 2532 10
2906 2532 5
2906 2530 56
2906 2530 0
2906 2543 1
2906 2543 21
2906 2593 32
2906 2593 52
2906 2594 55
2906 2594 46
2906 2601 17
2906 2601 20
2906 2605 22
2906 2605 21
2906 2535 25
2906 2535 22
2906 2583 49
2906 2583 11
2906 2578 8
2906 2578 7
2906 2600 15
2906 2600 42
2906 2528 50
2906 2528 57
2906 2518 20
2906 2518 57
2906 2529 1
2906 2529 2
2906 2540 20
2906 2540 58
2906 2592 23
2906 2592 2
2906 2544 59
2906 2544 20
2906 2599 51
2906 2599 36
2906 2603 51
2906 2603 44
2906 2606 17
2906 2606 43
2909 2586 49
2909 2586 0
2909 2585 32
2909 2585 40
2909 2582 2
2909 2582 32
2909 2589 43
2909 2589 32
2909 2584 29
2909 2584 32
2909 2587 10
2909 2587 16
2909 2581 54
2909 2581 21
2909 2588 29
2909 2588 47
2909 2590 4
2909 2590 43
2909 2591 4
2909 2591 4
2909 2580 52
2909 2580 5
2909 2577 17
2909 2577 27
2909 2532 9
2909 2532 43
2909 2530 54
2909 2530 41
2909 2543 10
2909 2543 1
2909 2593 56
2909 2593 58
2909 2594 47
2909 2594 37
2909 2601 17
2909 2601 24
2909 2605 52
2909 2605 31
2909 2535 38
2909 2535 8
2909 2583 51
2909 2583 17
2909 2578 55
2909 2578 57
2909 2600 22
2909 2600 49
2909 2528 26
2909 2528 0
2909 2518 46
2909 2518 10
2909 2529 3
2909 2529 46
2909 2540 48
2909 2540 28
2909 2592 33
2909 2592 22
2909 2544 29
2909 2544 32
2909 2599 26
2909 2599 48
2909 2603 0
2909 2603 4
2909 2606 40
2909 2606 57
2927 2586 33
2927 2586 46
2927 2585 46
2927 2585 47
2927 2582 2
2927 2582 27
2927 2589 18
2927 2589 59
2927 2584 40
2927 2584 13
2927 2587 23
2927 2587 5
2927 2581 14
2927 2581 32
2927 2588 40
2927 2588 59
2927 2590 20
2927 2590 8
2927 2591 9
2927 2591 37
2927 2580 24
2927 2580 59
2927 2577 41
2927 2577 60
2927 2532 46
2927 2532 11
2927 2530 30
2927 2530 52
2927 2543 41
2927 2543 15
2927 2593 54
2927 2593 32
2927 2594 49
2927 2594 53
2927 2601 2
2927 2601 9
2927 2605 27
2927 2605 30
2927 2535 7
2927 2535 4
2927 2583 14
2927 2583 51
2927 2578 41
2927 2578 28
2927 2600 48
2927 2600 36
2927 2528 6
2927 2528 13
2927 2518 18
2927 2518 54
2927 2529 6
2927 2529 37
2927 2540 25
2927 2540 30
2927 2592 20
2927 2592 1
2927 2544 57
2927 2544 52
2927 2599 7
2927 2599 45
2927 2603 36
2927 2603 51
2927 2606 8
2927 2606 30
2905 2586 43
2905 2586 52
2905 2585 60
2905 2585 39
2905 2582 16
2905 2582 53
2905 2589 36
2905 2589 0
2905 2584 46
2905 2584 1
2905 2587 27
2905 2587 46
2905 2581 4
2905 2581 2
2905 2588 12
2905 2588 0
2905 2590 22
2905 2590 8
2905 2591 24
2905 2591 21
2905 2580 6
2905 2580 40
2905 2577 35
2905 2577 52
2905 2532 33
2905 2532 39
2905 2530 30
2905 2530 48
2905 2543 26
2905 2543 40
2905 2593 17
2905 2593 6
2905 2594 39
2905 2594 1
2905 2601 32
2905 2601 14
2905 2605 14
2905 2605 9
2905 2535 23
2905 2535 28
2905 2583 23
2905 2583 33
2905 2578 30
2905 2578 41
2905 2600 17
2905 2600 53
2905 2528 44
2905 2528 24
2905 2518 39
2905 2518 52
2905 2529 42
2905 2529 28
2905 2540 46
2905 2540 22
2905 2592 38
2905 2592 20
2905 2544 43
2905 2544 20
2905 2599 32
2905 2599 59
2905 2603 10
2905 2603 6
2905 2606 41
2905 2606 37
2614 2586 13
2614 2586 57
2614 2585 49
2614 2585 40
2614 2582 56
2614 2582 40
2614 2589 38
2614 2589 54
2614 2584 30
2614 2584 0
2614 2587 31
2614 2587 29
2614 2581 14
2614 2581 13
2614 2588 19
2614 2588 55
2614 2590 45
2614 2590 7
2614 2591 27
2614 2591 13
2614 2580 7
2614 2580 46
2614 2577 42
2614 2577 32
2614 2532 31
2614 2532 25
2614 2530 27
2614 2530 7
2614 2543 34
2614 2543 3
2614 2593 6
2614 2593 7
2614 2594 30
2614 2594 48
2614 2601 43
2614 2601 28
2614 2605 14
2614 2605 40
2614 2535 28
2614 2535 56
2614 2583 18
2614 2583 23
2614 2578 58
2614 2578 4
2614 2600 43
2614 2600 53
2614 2528 44
2614 2528 54
2614 2518 53
2614 2518 3
2614 2529 37
2614 2529 51
2614 2540 3
2614 2540 13
2614 2592 36
2614 2592 6
2614 2544 25
2614 2544 26
2614 2599 40
2614 2599 2
2614 2603 44
2614 2603 23
2614 2606 32
2614 2606 14
2608 2586 57
2608 2586 57
2608 2585 44
2608 2585 4
2608 2582 35
2608 2582 12
2608 2589 34
2608 2589 2
2608 2584 34
2608 2584 25
2608 2587 30
2608 2587 9
2608 2581 39
2608 2581 35
2608 2588 60
2608 2588 12
2608 2590 24
2608 2590 0
2608 2591 25
2608 2591 15
2608 2580 2
2608 2580 16
2608 2577 20
2608 2577 13
2608 2532 56
2608 2532 51
2608 2530 8
2608 2530 5
2608 2543 32
2608 2543 52
2608 2593 41
2608 2593 8
2608 2594 51
2608 2594 38
2608 2601 57
2608 2601 37
2608 2605 16
2608 2605 48
2608 2535 6
2608 2535 57
2608 2583 34
2608 2583 52
2608 2578 46
2608 2578 38
2608 2600 48
2608 2600 4
2608 2528 43
2608 2528 6
2608 2518 59
2608 2518 39
2608 2529 43
2608 2529 36
2608 2540 57
2608 2540 32
2608 2592 58
2608 2592 43
2608 2544 47
2608 2544 47
2608 2599 36
2608 2599 6
2608 2603 17
2608 2603 20
2608 2606 17
2608 2606 32
2597 2586 38
2597 2586 51
2597 2585 7
2597 2585 46
2597 2582 4
2597 2582 39
2597 2589 34
2597 2589 37
2597 2584 36
2597 2584 58
2597 2587 0
2597 2587 0
2597 2581 11
2597 2581 29
2597 2588 42
2597 2588 28
2597 2590 30
2597 2590 15
2597 2591 21
2597 2591 21
2597 2580 15
2597 2580 39
2597 2577 11
2597 2577 26
2597 2532 58
2597 2532 20
2597 2530 7
2597 2530 8
2597 2543 30
2597 2543 27
2597 2593 55
2597 2593 3
2597 2594 42
2597 2594 31
2597 2601 40
2597 2601 44
2597 2605 29
2597 2605 2
2597 2535 33
2597 2535 26
2597 2583 46
2597 2583 5
2597 2578 18
2597 2578 24
2597 2600 44
2597 2600 57
2597 2528 60
2597 2528 46
2597 2518 29
2597 2518 32
2597 2529 20
2597 2529 48
2597 2540 20
2597 2540 31
2597 2592 40
2597 2592 23
2597 2544 16
2597 2544 9
2597 2599 9
2597 2599 59
2597 2603 38
2597 2603 19
2597 2606 45
2597 2606 39
2888 2586 29
2888 2586 51
2888 2585 13
2888 2585 14
2888 2582 46
2888 2582 26
2888 2589 12
2888 2589 38
2888 2584 44
2888 2584 50
2888 2587 32
2888 2587 35
2888 2581 2
2888 2581 58
2888 2588 27
2888 2588 45
2888 2590 15
2888 2590 39
2888 2591 43
2888 2591 21
2888 2580 58
2888 2580 57
2888 2577 1
2888 2577 45
2888 2532 57
2888 2532 41
2888 2530 5
2888 2530 38
2888 2543 38
2888 2543 25
2888 2593 23
2888 2593 15
2888 2594 32
2888 2594 13
2888 2601 21
2888 2601 7
2888 2605 60
2888 2605 29
2888 2535 50
2888 2535 2
2888 2583 8
2888 2583 36
2888 2578 9
2888 2578 30
2888 2600 41
2888 2600 1
2888 2528 46
2888 2528 26
2888 2518 27
2888 2518 3
2888 2529 19
2888 2529 30
2888 2540 53
2888 2540 41
2888 2592 35
2888 2592 35
2888 2544 27
2888 2544 52
2888 2599 48
2888 2599 30
2888 2603 23
2888 2603 37
2888 2606 22
2888 2606 24
2595 2586 38
2595 2586 7
2595 2585 9
2595 2585 50
2595 2582 59
2595 2582 39
2595 2589 2
2595 2589 55
2595 2584 60
2595 2584 24
2595 2587 32
2595 2587 3
2595 2581 27
2595 2581 13
2595 2588 28
2595 2588 28
2595 2590 45
2595 2590 40
2595 2591 20
2595 2591 27
2595 2580 37
2595 2580 34
2595 2577 40
2595 2577 14
2595 2532 4
2595 2532 0
2595 2530 52
2595 2530 35
2595 2543 57
2595 2543 41
2595 2593 58
2595 2593 31
2595 2594 29
2595 2594 56
2595 2601 7
2595 2601 17
2595 2605 44
2595 2605 39
2595 2535 59
2595 2535 44
2595 2583 29
2595 2583 33
2595 2578 51
2595 2578 17
2595 2600 15
2595 2600 31
2595 2528 55
2595 2528 30
2595 2518 14
2595 2518 8
2595 2529 50
2595 2529 33
2595 2540 1
2595 2540 48
2595 2592 52
2595 2592 10
2595 2544 44
2595 2544 52
2595 2599 27
2595 2599 32
2595 2603 20
2595 2603 53
2595 2606 5
2595 2606 32
2625 2586 25
2625 2586 10
2625 2585 15
2625 2585 8
2625 2582 0
2625 2582 10
2625 2589 47
2625 2589 23
2625 2584 21
2625 2584 8
2625 2587 17
2625 2587 39
2625 2581 46
2625 2581 43
2625 2588 49
2625 2588 51
2625 2590 47
2625 2590 60
2625 2591 18
2625 2591 54
2625 2580 31
2625 2580 8
2625 2577 28
2625 2577 26
2625 2532 24
2625 2532 6
2625 2530 43
2625 2530 35
2625 2543 27
2625 2543 44
2625 2593 9
2625 2593 54
2625 2594 37
2625 2594 50
2625 2601 30
2625 2601 31
2625 2605 56
2625 2605 2
2625 2535 36
2625 2535 48
2625 2583 36
2625 2583 31
2625 2578 35
2625 2578 46
2625 2600 9
2625 2600 55
2625 2528 12
2625 2528 49
2625 2518 29
2625 2518 46
2625 2529 4
2625 2529 13
2625 2540 49
2625 2540 13
2625 2592 29
2625 2592 13
2625 2544 59
2625 2544 25
2625 2599 31
2625 2599 31
2625 2603 21
2625 2603 45
2625 2606 31
2625 2606 35
