10419 10447 31
10419 10448 57
10419 10449 9
10419 10434 32
10419 10446 42
10419 10445 57
10419 10431 52
10419 10450 4
10419 10443 44
10419 10444 27
10419 10426 36
10419 10433 28
10419 10442 33
10419 10405 38
10419 10430 0
10419 10425 18
10419 10432 49
10419 10429 43
10419 10441 4
10419 10451 14
10419 10452 32
10419 10403 16
10419 10428 58
10419 10417 14
10419 11266 30
10419 10424 14
10419 10438 35
10419 10427 44
10419 10440 32
10419 10470 6
10419 10453 31
10419 10468 60
10353 10447 3
10353 10448 23
10353 10449 1
10353 10434 58
10353 10446 39
10353 10445 31
10353 10431 37
10353 10450 29
10353 10443 25
10353 10444 37
10353 10426 6
10353 10433 46
10353 10442 38
10353 10405 35
10353 10430 6
10353 10425 36
10353 10432 27
10353 10429 41
10353 10441 23
10353 10451 14
10353 10452 10
10353 10403 35
10353 10428 43
10353 10417 49
10353 11266 36
10353 10424 4
10353 10438 23
10353 10427 26
10353 10440 39
10353 10470 32
10353 10453 3
10353 10468 42
10454 10447 45
10454 10448 22
10454 10449 11
10454 10434 31
10454 10446 58
10454 10445 2
10454 10431 33
10454 10450 15
10454 10443 20
10454 10444 12
10454 10426 59
10454 10433 41
10454 10442 36
10454 10405 13
10454 10430 29
10454 10425 29
10454 10432 24
10454 10429 38
10454 10441 12
10454 10451 27
10454 10452 9
10454 10403 40
10454 10428 34
10454 10417 45
10454 11266 9
10454 10424 60
10454 10438 0
10454 10427 13
10454 10440 0
10454 10470 43
10454 10453 23
10454 10468 47
10456 10447 17
10456 10448 30
10456 10449 24
10456 10434 41
10456 10446 31
10456 10445 26
10456 10431 12
10456 10450 18
10456 10443 26
10456 10444 46
10456 10426 31
10456 10433 44
10456 10442 57
10456 10405 25
10456 10430 41
10456 10425 12
10456 10432 25
10456 10429 6
10456 10441 3
10456 10451 24
10456 10452 8
10456 10403 55
10456 10428 2
10456 10417 55
10456 11266 43
10456 10424 40
10456 10438 29
10456 10427 55
10456 10440 59
10456 10470 53
10456 10453 13
10456 10468 21
10457 10447 26
10457 10448 23
10457 10449 17
10457 10434 21
10457 10446 34
10457 10445 19
10457 10431 40
10457 10450 57
10457 10443 30
10457 10444 10
10457 10426 12
10457 10433 36
10457 10442 50
10457 10405 33
10457 10430 45
10457 10425 39
10457 10432 11
10457 10429 56
10457 10441 53
10457 10451 27
10457 10452 34
10457 10403 27
10457 10428 56
10457 10417 60
10457 11266 33
10457 10424 25
10457 10438 5
10457 10427 10
10457 10440 2
10457 10470 29
10457 10453 12
10457 10468 35
10354 10447 43
10354 10448 54
10354 10449 6
10354 10434 21
10354 10446 26
10354 10445 54
10354 10431 35
10354 10450 12
10354 10443 47
10354 10444 45
10354 10426 44
10354 10433 57
10354 10442 40
10354 10405 49
10354 10430 2
10354 10425 20
10354 10432 40
10354 10429 27
10354 10441 9
10354 10451 60
10354 10452 52
10354 10403 40
10354 10428 11
10354 10417 46
10354 11266 59
10354 10424 26
10354 10438 60
10354 10427 41
10354 10440 4
10354 10470 10
10354 10453 41
10354 10468 2
10412 10447 6
10412 10448 5
10412 10449 18
10412 10434 25
10412 10446 6
10412 10445 23
10412 10431 44
10412 10450 39
10412 10443 41
10412 10444 34
10412 10426 12
10412 10433 42
10412 10442 10
10412 10405 3
10412 10430 38
10412 10425 28
10412 10432 33
10412 10429 57
10412 10441 41
10412 10451 39
10412 10452 51
10412 10403 30
10412 10428 54
10412 10417 20
10412 11266 49
10412 10424 22
10412 10438 6
10412 10427 46
10412 10440 33
10412 10470 13
10412 10453 44
10412 10468 35
10418 10447 28
10418 10448 45
10418 10449 58
10418 10434 12
10418 10446 21
10418 10445 33
10418 10431 15
10418 10450 13
10418 10443 29
10418 10444 41
10418 10426 1
10418 10433 7
10418 10442 56
10418 10405 10
10418 10430 19
10418 10425 18
10418 10432 14
10418 10429 18
10418 10441 1
10418 10451 20
10418 10452 51
10418 10403 51
10418 10428 33
10418 10417 52
10418 11266 0
10418 10424 57
10418 10438 60
10418 10427 51
10418 10440 30
10418 10470 37
10418 10453 41
10418 10468 28
10420 10447 18
10420 10448 19
10420 10449 1
10420 10434 30
10420 10446 28
10420 10445 26
10420 10431 43
10420 10450 0
10420 10443 14
10420 10444 41
10420 10426 44
10420 10433 55
10420 10442 38
10420 10405 29
10420 10430 5
10420 10425 46
10420 10432 35
10420 10429 44
10420 10441 23
10420 10451 49
10420 10452 27
10420 10403 48
10420 10428 53
10420 10417 7
10420 11266 25
10420 10424 34
10420 10438 1
10420 10427 12
10420 10440 57
10420 10470 17
10420 10453 51
10420 10468 21
10416 10447 44
10416 10448 27
10416 10449 1
10416 10434 57
10416 10446 30
10416 10445 25
10416 10431 20
10416 10450 55
10416 10443 11
10416 10444 9
10416 10426 16
10416 10433 51
10416 10442 59
10416 10405 25
10416 10430 25
10416 10425 28
10416 10432 4
10416 10429 12
10416 10441 33
10416 10451 59
10416 10452 2
10416 10403 15
10416 10428 21
10416 10417 3
10416 11266 58
10416 10424 35
10416 10438 29
10416 10427 58
10416 10440 3
10416 10470 49
10416 10453 11
10416 10468 49
10338 10447 28
10338 10448 5
10338 10449 24
10338 10434 34
10338 10446 29
10338 10445 52
10338 10431 32
10338 10450 43
10338 10443 3
10338 10444 24
10338 10426 26
10338 10433 45
10338 10442 9
10338 10405 34
10338 10430 19
10338 10425 42
10338 10432 55
10338 10429 36
10338 10441 15
10338 10451 34
10338 10452 13
10338 10403 10
10338 10428 38
10338 10417 12
10338 11266 56
10338 10424 45
10338 10438 5
10338 10427 40
10338 10440 10
10338 10470 24
10338 10453 54
10338 10468 37
10455 10447 42
10455 10448 44
10455 10449 36
10455 10434 48
10455 10446 9
10455 10445 17
10455 10431 40
10455 10450 30
10455 10443 17
10455 10444 24
10455 10426 45
10455 10433 43
10455 10442 23
10455 10405 34
10455 10430 51
10455 10425 18
10455 10432 5
10455 10429 9
10455 10441 58
10455 10451 46
10455 10452 21
10455 10403 28
10455 10428 44
10455 10417 13
10455 11266 26
10455 10424 42
10455 10438 19
10455 10427 25
10455 10440 9
10455 10470 2
10455 10453 4
10455 10468 31
10458 10447 0
10458 10448 11
10458 10449 15
10458 10434 7
10458 10446 26
10458 10445 0
10458 10431 39
10458 10450 4
10458 10443 5
10458 10444 1
10458 10426 37
10458 10433 7
10458 10442 8
10458 10405 38
10458 10430 59
10458 10425 18
10458 10432 17
10458 10429 35
10458 10441 41
10458 10451 26
10458 10452 14
10458 10403 20
10458 10428 1
10458 10417 20
10458 11266 16
10458 10424 7
10458 10438 37
10458 10427 28
10458 10440 7
10458 10470 30
10458 10453 9
10458 10468 33
10459 10447 14
10459 10448 49
10459 10449 7
10459 10434 1
10459 10446 13
10459 10445 28
10459 10431 28
10459 10450 27
10459 10443 38
10459 10444 52
10459 10426 4
10459 10433 54
10459 10442 23
10459 10405 30
10459 10430 5
10459 10425 34
10459 10432 28
10459 10429 29
10459 10441 51
10459 10451 47
10459 10452 60
10459 10403 45
10459 10428 23
10459 10417 13
10459 11266 10
10459 10424 46
10459 10438 14
10459 10427 28
10459 10440 52
10459 10470 56
10459 10453 31
10459 10468 27
10460 10447 13
10460 10448 19
10460 10449 59
10460 10434 60
10460 10446 60
10460 10445 34
10460 10431 34
10460 10450 44
10460 10443 7
10460 10444 2
10460 10426 12
10460 10433 4
10460 10442 25
10460 10405 11
10460 10430 5
10460 10425 42
10460 10432 51
10460 10429 29
10460 10441 25
10460 10451 47
10460 10452 15
10460 10403 42
10460 10428 54
10460 10417 47
10460 11266 54
10460 10424 8
10460 10438 0
10460 10427 42
10460 10440 54
10460 10470 27
10460 10453 13
10460 10468 38
10435 10447 36
10435 10448 19
10435 10449 8
10435 10434 17
10435 10446 5
10435 10445 33
10435 10431 33
10435 10450 16
10435 10443 2
10435 10444 30
10435 10426 11
10435 10433 17
10435 10442 53
10435 10405 4
10435 10430 36
10435 10425 18
10435 10432 39
10435 10429 28
10435 10441 55
10435 10451 8
10435 10452 30
10435 10403 37
10435 10428 43
10435 10417 31
10435 11266 31
10435 10424 49
10435 10438 41
10435 10427 46
10435 10440 27
10435 10470 40
10435 10453 27
10435 10468 11
10436 10447 17
10436 10448 18
10436 10449 24
10436 10434 39
10436 10446 38
10436 10445 45
10436 10431 20
10436 10450 8
10436 10443 58
10436 10444 28
10436 10426 26
10436 10433 58
10436 10442 58
10436 10405 46
10436 10430 1
10436 10425 3
10436 10432 12
10436 10429 28
10436 10441 4
10436 10451 48
10436 10452 56
10436 10403 45
10436 10428 45
10436 10417 43
10436 11266 21
10436 10424 50
10436 10438 57
10436 10427 52
10436 10440 38
10436 10470 25
10436 10453 51
10436 10468 27
10411 10447 58
10411 10448 9
10411 10449 5
10411 10434 32
10411 10446 59
10411 10445 50
10411 10431 29
10411 10450 27
10411 10443 47
10411 10444 10
10411 10426 12
10411 10433 47
10411 10442 26
10411 10405 44
10411 10430 58
10411 10425 7
10411 10432 46
10411 10429 0
10411 10441 57
10411 10451 1
10411 10452 27
10411 10403 45
10411 10428 12
10411 10417 42
10411 11266 7
10411 10424 21
10411 10438 15
10411 10427 51
10411 10440 19
10411 10470 46
10411 10453 27
10411 10468 54
10415 10447 39
10415 10448 39
10415 10449 53
10415 10434 23
10415 10446 22
10415 10445 34
10415 10431 28
10415 10450 38
10415 10443 15
10415 10444 25
10415 10426 32
10415 10433 3
10415 10442 23
10415 10405 30
10415 10430 7
10415 10425 24
10415 10432 12
10415 10429 14
10415 10441 53
10415 10451 7
10415 10452 57
10415 10403 2
10415 10428 40
10415 10417 37
10415 11266 11
10415 10424 25
10415 10438 51
10415 10427 56
10415 10440 2
10415 10470 53
10415 10453 8
10415 10468 18
10413 10447 47
10413 10448 10
10413 10449 56
10413 10434 40
10413 10446 35
10413 10445 43
10413 10431 29
10413 10450 58
10413 10443 4
10413 10444 17
10413 10426 2
10413 10433 12
10413 10442 58
10413 10405 29
10413 10430 49
10413 10425 15
10413 10432 0
10413 10429 16
10413 10441 5
10413 10451 45
10413 10452 23
10413 10403 28
10413 10428 41
10413 10417 20
10413 11266 29
10413 10424 18
10413 10438 35
10413 10427 50
10413 10440 7
10413 10470 41
10413 10453 10
10413 10468 57
10439 10447 46
10439 10448 11
10439 10449 1
10439 10434 47
10439 10446 42
10439 10445 15
10439 10431 29
10439 10450 19
10439 10443 38
10439 10444 40
10439 10426 32
10439 10433 1
10439 10442 11
10439 10405 11
10439 10430 34
10439 10425 50
10439 10432 2
10439 10429 28
10439 10441 38
10439 10451 42
10439 10452 30
10439 10403 6
10439 10428 24
10439 10417 39
10439 11266 47
10439 10424 36
10439 10438 48
10439 10427 0
10439 10440 22
10439 10470 59
10439 10453 52
10439 10468 30
10414 10447 12
10414 10448 34
10414 10449 51
10414 10434 54
10414 10446 25
10414 10445 17
10414 10431 51
10414 10450 52
10414 10443 16
10414 10444 36
10414 10426 46
10414 10433 10
10414 10442 4
10414 10405 56
10414 10430 55
10414 10425 35
10414 10432 28
10414 10429 25
10414 10441 0
10414 10451 40
10414 10452 42
10414 10403 19
10414 10428 6
10414 10417 22
10414 11266 59
10414 10424 51
10414 10438 24
10414 10427 19
10414 10440 42
10414 10470 26
10414 10453 21
10414 10468 35
10337 10447 20
10337 10448 54
10337 10449 10
10337 10434 17
10337 10446 55
10337 10445 28
10337 10431 2
10337 10450 40
10337 10443 53
10337 10444 36
10337 10426 33
10337 10433 46
10337 10442 27
10337 10405 9
10337 10430 49
10337 10425 47
10337 10432 14
10337 10429 43
10337 10441 5
10337 10451 7
10337 10452 51
10337 10403 50
10337 10428 23
10337 10417 14
10337 11266 40
10337 10424 44
10337 10438 59
10337 10427 34
10337 10440 48
10337 10470 30
10337 10453 20
10337 10468 22
10342 10447 9
10342 10448 42
10342 10449 30
10342 10434 44
10342 10446 29
10342 10445 54
10342 10431 46
10342 10450 41
10342 10443 53
10342 10444 43
10342 10426 31
10342 10433 37
10342 10442 48
10342 10405 14
10342 10430 31
10342 10425 36
10342 10432 29
10342 10429 24
10342 10441 55
10342 10451 24
10342 10452 27
10342 10403 30
10342 10428 44
10342 10417 19
10342 11266 44
10342 10424 6
10342 10438 3
10342 10427 17
10342 10440 43
10342 10470 48
10342 10453 59
10342 10468 32
10346 10447 42
10346 10448 52
10346 10449 47
10346 10434 53
10346 10446 4
10346 10445 19
10346 10431 45
10346 10450 50
10346 10443 53
10346 10444 42
10346 10426 31
10346 10433 29
10346 10442 53
10346 10405 4
10346 10430 25
10346 10425 44
10346 10432 47
10346 10429 32
10346 10441 9
10346 10451 27
10346 10452 22
10346 10403 41
10346 10428 39
10346 10417 10
10346 11266 5
10346 10424 11
10346 10438 49
10346 10427 13
10346 10440 56
10346 10470 32
10346 10453 22
10346 10468 52
10464 10447 42
10464 10448 49
10464 10449 54
10464 10434 45
10464 10446 49
10464 10445 20
10464 10431 37
10464 10450 57
10464 10443 52
10464 10444 21
10464 10426 58
10464 10433 23
10464 10442 25
10464 10405 24
10464 10430 35
10464 10425 12
10464 10432 47
10464 10429 31
10464 10441 37
10464 10451 26
10464 10452 27
10464 10403 36
10464 10428 16
10464 10417 33
10464 11266 29
10464 10424 56
10464 10438 9
10464 10427 18
10464 10440 58
10464 10470 36
10464 10453 31
10464 10468 5
10467 10447 30
10467 10448 23
10467 10449 4
10467 10434 1
10467 10446 36
10467 10445 41
10467 10431 21
10467 10450 59
10467 10443 8
10467 10444 14
10467 10426 0
10467 10433 51
10467 10442 5
10467 10405 38
10467 10430 10
10467 10425 39
10467 10432 33
10467 10429 31
10467 10441 4
10467 10451 24
10467 10452 60
10467 10403 43
10467 10428 22
10467 10417 53
10467 11266 53
10467 10424 23
10467 10438 24
10467 10427 13
10467 10440 17
10467 10470 31
10467 10453 52
10467 10468 60
10462 10447 15
10462 10448 1
10462 10449 4
10462 10434 53
10462 10446 30
10462 10445 20
10462 10431 1
10462 10450 4
10462 10443 37
10462 10444 8
10462 10426 58
10462 10433 52
10462 10442 15
10462 10405 53
10462 10430 52
10462 10425 0
10462 10432 22
10462 10429 11
10462 10441 59
10462 10451 0
10462 10452 53
10462 10403 22
10462 10428 45
10462 10417 39
10462 11266 42
10462 10424 39
10462 10438 6
10462 10427 27
10462 10440 46
10462 10470 47
10462 10453 33
10462 10468 52
10463 10447 33
10463 10448 25
10463 10449 21
10463 10434 35
10463 10446 26
10463 10445 20
10463 10431 56
10463 10450 41
10463 10443 14
10463 10444 31
10463 10426 6
10463 10433 50
10463 10442 19
10463 10405 47
10463 10430 48
10463 10425 39
10463 10432 13
10463 10429 46
10463 10441 56
10463 10451 4
10463 10452 24
10463 10403 47
10463 10428 33
10463 10417 6
10463 11266 26
10463 10424 58
10463 10438 39
10463 10427 37
10463 10440 6
10463 10470 60
10463 10453 9
10463 10468 33
10417 10447 16
10417 10448 56
10417 10449 30
10417 10434 55
10417 10446 0
10417 10445 60
10417 10431 37
10417 10450 59
10417 10443 39
10417 10444 7
10417 10426 4
10417 10433 58
10417 10442 36
10417 10405 44
10417 10430 52
10417 10425 54
10417 10432 35
10417 10429 25
10417 10441 45
10417 10451 39
10417 10452 17
10417 10403 25
10417 10428 13
10417 10417 57
10417 11266 44
10417 10424 49
10417 10438 45
10417 10427 21
10417 10440 38
10417 10470 29
10417 10453 52
10417 10468 41
10438 10447 18
10438 10448 0
10438 10449 19
10438 10434 42
10438 10446 47
10438 10445 6
10438 10431 50
10438 10450 58
10438 10443 14
10438 10444 9
10438 10426 55
10438 10433 44
10438 10442 39
10438 10405 12
10438 10430 35
10438 10425 29
10438 10432 53
10438 10429 13
10438 10441 13
10438 10451 11
10438 10452 13
10438 10403 39
10438 10428 52
10438 10417 52
10438 11266 2
10438 10424 26
10438 10438 35
10438 10427 7
10438 10440 29
10438 10470 39
10438 10453 48
10438 10468 39
10437 10447 42
10437 10448 16
10437 10449 57
10437 10434 53
10437 10446 44
10437 10445 28
10437 10431 32
10437 10450 3
10437 10443 15
10437 10444 18
10437 10426 36
10437 10433 27
10437 10442 35
10437 10405 6
10437 10430 54
10437 10425 19
10437 10432 13
10437 10429 53
10437 10441 21
10437 10451 12
10437 10452 38
10437 10403 11
10437 10428 8
10437 10417 24
10437 11266 19
10437 10424 2
10437 10438 23
10437 10427 34
10437 10440 41
10437 10470 19
10437 10453 41
10437 10468 21
