6099 7407 6
6099 7407 17
6099 7407 60
6099 7407 49
6099 7406 46
6099 7406 5
6099 7406 17
6099 7406 50
6099 7405 1
6099 7405 53
6099 7405 47
6099 7405 41
6099 7414 25
6099 7414 36
6099 7414 42
6099 7414 25
6099 8339 19
6099 8339 30
6099 8339 11
6099 8339 3
6099 7423 37
6099 7423 42
6099 7423 24
6099 7423 19
6099 7404 27
6099 7404 8
6099 7404 44
6099 7404 18
6099 7409 58
6099 7409 40
6099 7409 53
6099 7409 18
6099 7413 42
6099 7413 18
6099 7413 29
6099 7413 48
6099 7417 48
6099 7417 9
6099 7417 9
6099 7417 54
6099 7425 9
6099 7425 56
6099 7425 34
6099 7425 31
6099 9172 17
6099 9172 51
6099 9172 45
6099 9172 34
6099 9812 60
6099 9812 38
6099 9812 32
6099 9812 14
6099 8340 33
6099 8340 42
6099 8340 44
6099 8340 51
6099 9810 19
6099 9810 16
6099 9810 52
6099 9810 35
6099 7422 43
6099 7422 27
6099 7422 4
6099 7422 21
6099 7419 10
6099 7419 13
6099 7419 31
6099 7419 43
6099 7408 28
6099 7408 28
6099 7408 8
6099 7408 11
6099 7418 56
6099 7418 18
6099 7418 41
6099 7418 10
6099 7416 35
6099 7416 19
6099 7416 16
6099 7416 5
6099 7424 57
6099 7424 56
6099 7424 16
6099 7424 49
6099 7415 19
6099 7415 40
6099 7415 44
6099 7415 52
6099 7428 13
6099 7428 44
6099 7428 42
6099 7428 42
6099 9171 3
6099 9171 12
6099 9171 2
6099 9171 13
6099 9173 7
6099 9173 40
6099 9173 42
6099 9173 45
6099 9813 1
6099 9813 44
6099 9813 57
6099 9813 1
6099 8341 55
6099 8341 40
6099 8341 49
6099 8341 43
6099 9811 37
6099 9811 14
6099 9811 42
6099 9811 0
6099 9820 0
6099 9820 31
6099 9820 21
6099 9820 4
6099 7394 6
6099 7394 33
6099 7394 30
6099 7394 41
6099 7470 41
6099 7470 18
6099 7470 23
6099 7470 36
6099 7395 58
6099 7395 0
6099 7395 22
6099 7395 34
6097 7407 10
6097 7407 12
6097 7407 30
6097 7407 27
6097 7406 4
6097 7406 21
6097 7406 18
6097 7406 14
6097 7405 15
6097 7405 19
6097 7405 33
6097 7405 51
6097 7414 41
6097 7414 17
6097 7414 49
6097 7414 13
6097 8339 39
6097 8339 20
6097 8339 46
6097 8339 48
6097 7423 29
6097 7423 53
6097 7423 15
6097 7423 58
6097 7404 31
6097 7404 30
6097 7404 5
6097 7404 6
6097 7409 4
6097 7409 35
6097 7409 28
6097 7409 38
6097 7413 11
6097 7413 13
6097 7413 32
6097 7413 60
6097 7417 50
6097 7417 8
6097 7417 18
6097 7417 45
6097 7425 27
6097 7425 43
6097 7425 12
6097 7425 13
6097 9172 16
6097 9172 5
6097 9172 49
6097 9172 30
6097 9812 40
6097 9812 10
6097 9812 24
6097 9812 37
6097 8340 41
6097 8340 6
6097 8340 54
6097 8340 23
6097 9810 32
6097 9810 22
6097 9810 58
6097 9810 25
6097 7422 21
6097 7422 42
6097 7422 29
6097 7422 10
6097 7419 23
6097 7419 30
6097 7419 34
6097 7419 54
6097 7408 21
6097 7408 52
6097 7408 32
6097 7408 9
6097 7418 53
6097 7418 25
6097 7418 5
6097 7418 50
6097 7416 38
6097 7416 53
6097 7416 47
6097 7416 50
6097 7424 34
6097 7424 28
6097 7424 2
6097 7424 8
6097 7415 2
6097 7415 55
6097 7415 51
6097 7415 35
6097 7428 31
6097 7428 11
6097 7428 60
6097 7428 52
6097 9171 18
6097 9171 15
6097 9171 48
6097 9171 30
6097 9173 34
6097 9173 57
6097 9173 59
6097 9173 39
6097 9813 22
6097 9813 14
6097 9813 4
6097 9813 0
6097 8341 22
6097 8341 3
6097 8341 51
6097 8341 60
6097 9811 58
6097 9811 21
6097 9811 39
6097 9811 25
6097 9820 56
6097 9820 13
6097 9820 44
6097 9820 3
6097 7394 13
6097 7394 9
6097 7394 58
6097 7394 59
6097 7470 16
6097 7470 45
6097 7470 14
6097 7470 34
6097 7395 22
6097 7395 57
6097 7395 37
6097 7395 18
5969 7407 26
5969 7407 33
5969 7407 26
5969 7407 29
5969 7406 43
5969 7406 25
5969 7406 60
5969 7406 53
5969 7405 11
5969 7405 12
5969 7405 35
5969 7405 20
5969 7414 31
5969 7414 45
5969 7414 37
5969 7414 3
5969 8339 27
5969 8339 21
5969 8339 60
5969 8339 40
5969 7423 60
5969 7423 27
5969 7423 14
5969 7423 19
5969 7404 53
5969 7404 6
5969 7404 2
5969 7404 47
5969 7409 33
5969 7409 1
5969 7409 30
5969 7409 17
5969 7413 16
5969 7413 37
5969 7413 55
5969 7413 19
5969 7417 49
5969 7417 29
5969 7417 35
5969 7417 39
5969 7425 19
5969 7425 50
5969 7425 20
5969 7425 35
5969 9172 8
5969 9172 47
5969 9172 9
5969 9172 42
5969 9812 20
5969 9812 15
5969 9812 12
5969 9812 14
5969 8340 35
5969 8340 28
5969 8340 41
5969 8340 34
5969 9810 56
5969 9810 18
5969 9810 50
5969 9810 42
5969 7422 21
5969 7422 51
5969 7422 2
5969 7422 22
5969 7419 20
5969 7419 17
5969 7419 12
5969 7419 27
5969 7408 38
5969 7408 27
5969 7408 50
5969 7408 9
5969 7418 9
5969 7418 23
5969 7418 2
5969 7418 23
5969 7416 30
5969 7416 39
5969 7416 22
5969 7416 38
5969 7424 39
5969 7424 47
5969 7424 43
5969 7424 43
5969 7415 40
5969 7415 50
5969 7415 10
5969 7415 2
5969 7428 15
5969 7428 32
5969 7428 48
5969 7428 47
5969 9171 57
5969 9171 28
5969 9171 50
5969 9171 56
5969 9173 53
5969 9173 49
5969 9173 57
5969 9173 11
5969 9813 25
5969 9813 5
5969 9813 17
5969 9813 59
5969 8341 10
5969 8341 51
5969 8341 53
5969 8341 11
5969 9811 48
5969 9811 34
5969 9811 59
5969 9811 20
5969 9820 46
5969 9820 45
5969 9820 57
5969 9820 56
5969 7394 25
5969 7394 11
5969 7394 48
5969 7394 17
5969 7470 16
5969 7470 55
5969 7470 2
5969 7470 31
5969 7395 45
5969 7395 17
5969 7395 47
5969 7395 8
6434 7407 41
6434 7407 33
6434 7407 56
6434 7407 21
6434 7406 0
6434 7406 44
6434 7406 5
6434 7406 59
6434 7405 42
6434 7405 37
6434 7405 34
6434 7405 32
6434 7414 46
6434 7414 35
6434 7414 16
6434 7414 2
6434 8339 5
6434 8339 15
6434 8339 30
6434 8339 16
6434 7423 14
6434 7423 41
6434 7423 37
6434 7423 15
6434 7404 51
6434 7404 49
6434 7404 22
6434 7404 41
6434 7409 22
6434 7409 19
6434 7409 30
6434 7409 7
6434 7413 28
6434 7413 16
6434 7413 52
6434 7413 24
6434 7417 26
6434 7417 3
6434 7417 46
6434 7417 39
6434 7425 33
6434 7425 15
6434 7425 33
6434 7425 29
6434 9172 11
6434 9172 55
6434 9172 49
6434 9172 49
6434 9812 53
6434 9812 32
6434 9812 53
6434 9812 40
6434 8340 50
6434 8340 24
6434 8340 58
6434 8340 8
6434 9810 6
6434 9810 18
6434 9810 51
6434 9810 38
6434 7422 42
6434 7422 52
6434 7422 31
6434 7422 42
6434 7419 15
6434 7419 45
6434 7419 48
6434 7419 14
6434 7408 38
6434 7408 9
6434 7408 15
6434 7408 40
6434 7418 31
6434 7418 27
6434 7418 4
6434 7418 24
6434 7416 19
6434 7416 21
6434 7416 56
6434 7416 8
6434 7424 43
6434 7424 54
6434 7424 14
6434 7424 59
6434 7415 30
6434 7415 19
6434 7415 41
6434 7415 58
6434 7428 2
6434 7428 20
6434 7428 49
6434 7428 32
6434 9171 57
6434 9171 20
6434 9171 49
6434 9171 29
6434 9173 34
6434 9173 57
6434 9173 46
6434 9173 32
6434 9813 4
6434 9813 52
6434 9813 57
6434 9813 49
6434 8341 24
6434 8341 25
6434 8341 33
6434 8341 4
6434 9811 28
6434 9811 16
6434 9811 15
6434 9811 55
6434 9820 36
6434 9820 9
6434 9820 57
6434 9820 50
6434 7394 20
6434 7394 38
6434 7394 16
6434 7394 60
6434 7470 50
6434 7470 42
6434 7470 29
6434 7470 20
6434 7395 10
6434 7395 59
6434 7395 21
6434 7395 14
6338 7407 13
6338 7407 9
6338 7407 59
6338 7407 49
6338 7406 6
6338 7406 47
6338 7406 17
6338 7406 51
6338 7405 52
6338 7405 43
6338 7405 57
6338 7405 6
6338 7414 36
6338 7414 18
6338 7414 57
6338 7414 38
6338 8339 12
6338 8339 24
6338 8339 36
6338 8339 8
6338 7423 47
6338 7423 0
6338 7423 31
6338 7423 31
6338 7404 56
6338 7404 44
6338 7404 44
6338 7404 53
6338 7409 28
6338 7409 9
6338 7409 4
6338 7409 45
6338 7413 28
6338 7413 55
6338 7413 46
6338 7413 51
6338 7417 56
6338 7417 55
6338 7417 1
6338 7417 36
6338 7425 16
6338 7425 35
6338 7425 44
6338 7425 60
6338 9172 51
6338 9172 29
6338 9172 26
6338 9172 31
6338 9812 40
6338 9812 24
6338 9812 27
6338 9812 52
6338 8340 59
6338 8340 31
6338 8340 40
6338 8340 21
6338 9810 34
6338 9810 32
6338 9810 12
6338 9810 39
6338 7422 44
6338 7422 32
6338 7422 33
6338 7422 58
6338 7419 2
6338 7419 52
6338 7419 53
6338 7419 12
6338 7408 16
6338 7408 58
6338 7408 35
6338 7408 19
6338 7418 48
6338 7418 21
6338 7418 6
6338 7418 27
6338 7416 29
6338 7416 0
6338 7416 58
6338 7416 9
6338 7424 47
6338 7424 17
6338 7424 59
6338 7424 50
6338 7415 9
6338 7415 58
6338 7415 3
6338 7415 12
6338 7428 48
6338 7428 10
6338 7428 26
6338 7428 11
6338 9171 2
6338 9171 6
6338 9171 0
6338 9171 40
6338 9173 36
6338 9173 11
6338 9173 60
6338 9173 10
6338 9813 25
6338 9813 33
6338 9813 14
6338 9813 36
6338 8341 20
6338 8341 36
6338 8341 9
6338 8341 35
6338 9811 11
6338 9811 21
6338 9811 44
6338 9811 15
6338 9820 48
6338 9820 25
6338 9820 45
6338 9820 10
6338 7394 21
6338 7394 6
6338 7394 6
6338 7394 52
6338 7470 55
6338 7470 22
6338 7470 39
6338 7470 42
6338 7395 34
6338 7395 36
6338 7395 43
6338 7395 55
6098 7407 60
6098 7407 3
6098 7407 20
6098 7407 20
6098 7406 53
6098 7406 31
6098 7406 14
6098 7406 12
6098 7405 31
6098 7405 60
6098 7405 27
6098 7405 57
6098 7414 7
6098 7414 13
6098 7414 1
6098 7414 46
6098 8339 3
6098 8339 10
6098 8339 30
6098 8339 48
6098 7423 14
6098 7423 46
6098 7423 23
6098 7423 58
6098 7404 21
6098 7404 50
6098 7404 57
6098 7404 26
6098 7409 13
6098 7409 48
6098 7409 3
6098 7409 37
6098 7413 6
6098 7413 25
6098 7413 29
6098 7413 43
6098 7417 23
6098 7417 16
6098 7417 43
6098 7417 12
6098 7425 13
6098 7425 15
6098 7425 35
6098 7425 28
6098 9172 33
6098 9172 4
6098 9172 37
6098 9172 28
6098 9812 52
6098 9812 48
6098 9812 44
6098 9812 53
6098 8340 30
6098 8340 43
6098 8340 50
6098 8340 49
6098 9810 12
6098 9810 58
6098 9810 41
6098 9810 60
6098 7422 22
6098 7422 46
6098 7422 32
6098 7422 16
6098 7419 59
6098 7419 4
6098 7419 22
6098 7419 55
6098 7408 32
6098 7408 39
6098 7408 18
6098 7408 10
6098 7418 40
6098 7418 33
6098 7418 17
6098 7418 16
6098 7416 44
6098 7416 29
6098 7416 37
6098 7416 5
6098 7424 1
6098 7424 11
6098 7424 46
6098 7424 13
6098 7415 55
6098 7415 41
6098 7415 16
6098 7415 27
6098 7428 37
6098 7428 53
6098 7428 29
6098 7428 18
6098 9171 21
6098 9171 11
6098 9171 35
6098 9171 38
6098 9173 24
6098 9173 16
6098 9173 33
6098 9173 5
6098 9813 3
6098 9813 5
6098 9813 21
6098 9813 29
6098 8341 15
6098 8341 23
6098 8341 38
6098 8341 4
6098 9811 27
6098 9811 60
6098 9811 11
6098 9811 39
6098 9820 41
6098 9820 22
6098 9820 56
6098 9820 22
6098 7394 44
6098 7394 43
6098 7394 0
6098 7394 55
6098 7470 42
6098 7470 47
6098 7470 55
6098 7470 60
6098 7395 9
6098 7395 20
6098 7395 39
6098 7395 57
6339 7407 2
6339 7407 0
6339 7407 15
6339 7407 33
6339 7406 55
6339 7406 16
6339 7406 10
6339 7406 14
6339 7405 12
6339 7405 23
6339 7405 13
6339 7405 21
6339 7414 20
6339 7414 48
6339 7414 57
6339 7414 28
6339 8339 32
6339 8339 31
6339 8339 14
6339 8339 52
6339 7423 33
6339 7423 40
6339 7423 49
6339 7423 24
6339 7404 27
6339 7404 0
6339 7404 21
6339 7404 47
6339 7409 37
6339 7409 15
6339 7409 18
6339 7409 9
6339 7413 15
6339 7413 48
6339 7413 11
6339 7413 24
6339 7417 33
6339 7417 51
6339 7417 60
6339 7417 52
6339 7425 1
6339 7425 2
6339 7425 0
6339 7425 2
6339 9172 21
6339 9172 22
6339 9172 18
6339 9172 23
6339 9812 51
6339 9812 43
6339 9812 35
6339 9812 50
6339 8340 54
6339 8340 29
6339 8340 4
6339 8340 19
6339 9810 23
6339 9810 58
6339 9810 2
6339 9810 2
6339 7422 59
6339 7422 20
6339 7422 38
6339 7422 3
6339 7419 60
6339 7419 6
6339 7419 15
6339 7419 33
6339 7408 5
6339 7408 60
6339 7408 35
6339 7408 11
6339 7418 58
6339 7418 0
6339 7418 14
6339 7418 25
6339 7416 40
6339 7416 31
6339 7416 32
6339 7416 21
6339 7424 4
6339 7424 50
6339 7424 27
6339 7424 17
6339 7415 14
6339 7415 47
6339 7415 20
6339 7415 47
6339 7428 52
6339 7428 5
6339 7428 31
6339 7428 7
6339 9171 46
6339 9171 1
6339 9171 11
6339 9171 33
6339 9173 25
6339 9173 13
6339 9173 32
6339 9173 49
6339 9813 2
6339 9813 21
6339 9813 8
6339 9813 37
6339 8341 20
6339 8341 1
6339 8341 12
6339 8341 1
6339 9811 55
6339 9811 35
6339 9811 18
6339 9811 50
6339 9820 48
6339 9820 55
6339 9820 9
6339 9820 8
6339 7394 38
6339 7394 35
6339 7394 50
6339 7394 37
6339 7470 56
6339 7470 41
6339 7470 44
6339 7470 19
6339 7395 51
6339 7395 28
6339 7395 54
6339 7395 59
5970 7407 43
5970 7407 20
5970 7407 40
5970 7407 10
5970 7406 30
5970 7406 30
5970 7406 14
5970 7406 1
5970 7405 39
5970 7405 10
5970 7405 2
5970 7405 26
5970 7414 35
5970 7414 24
5970 7414 36
5970 7414 44
5970 8339 39
5970 8339 58
5970 8339 5
5970 8339 43
5970 7423 58
5970 7423 34
5970 7423 38
5970 7423 27
5970 7404 10
5970 7404 58
5970 7404 44
5970 7404 44
5970 7409 43
5970 7409 4
5970 7409 55
5970 7409 23
5970 7413 38
5970 7413 55
5970 7413 50
5970 7413 5
5970 7417 39
5970 7417 47
5970 7417 18
5970 7417 60
5970 7425 49
5970 7425 52
5970 7425 18
5970 7425 43
5970 9172 25
5970 9172 11
5970 9172 2
5970 9172 3
5970 9812 3
5970 9812 17
5970 9812 34
5970 9812 21
5970 8340 39
5970 8340 6
5970 8340 40
5970 8340 9
5970 9810 48
5970 9810 37
5970 9810 16
5970 9810 15
5970 7422 24
5970 7422 21
5970 7422 5
5970 7422 13
5970 7419 13
5970 7419 11
5970 7419 3
5970 7419 44
5970 7408 54
5970 7408 52
5970 7408 2
5970 7408 5
5970 7418 59
5970 7418 11
5970 7418 35
5970 7418 59
5970 7416 50
5970 7416 22
5970 7416 33
5970 7416 45
5970 7424 58
5970 7424 12
5970 7424 40
5970 7424 39
5970 7415 49
5970 7415 48
5970 7415 47
5970 7415 4
5970 7428 19
5970 7428 1
5970 7428 3
5970 7428 45
5970 9171 14
5970 9171 39
5970 9171 34
5970 9171 9
5970 9173 52
5970 9173 6
5970 9173 56
5970 9173 7
5970 9813 56
5970 9813 54
5970 9813 49
5970 9813 44
5970 8341 2
5970 8341 3
5970 8341 3
5970 8341 57
5970 9811 60
5970 9811 5
5970 9811 34
5970 9811 31
5970 9820 12
5970 9820 4
5970 9820 49
5970 9820 48
5970 7394 12
5970 7394 3
5970 7394 34
5970 7394 40
5970 7470 51
5970 7470 18
5970 7470 25
5970 7470 38
5970 7395 37
5970 7395 55
5970 7395 47
5970 7395 45
9626 7407 23
9626 7407 55
9626 7407 58
9626 7407 19
9626 7406 57
9626 7406 13
9626 7406 33
9626 7406 52
9626 7405 53
9626 7405 42
9626 7405 39
9626 7405 32
9626 7414 4
9626 7414 3
9626 7414 23
9626 7414 39
9626 8339 28
9626 8339 45
9626 8339 29
9626 8339 54
9626 7423 18
9626 7423 17
9626 7423 30
9626 7423 20
9626 7404 60
9626 7404 30
9626 7404 47
9626 7404 36
9626 7409 49
9626 7409 16
9626 7409 20
9626 7409 21
9626 7413 59
9626 7413 19
9626 7413 0
9626 7413 44
9626 7417 14
9626 7417 59
9626 7417 35
9626 7417 4
9626 7425 56
9626 7425 19
9626 7425 50
9626 7425 32
9626 9172 4
9626 9172 44
9626 9172 46
9626 9172 51
9626 9812 34
9626 9812 58
9626 9812 26
9626 9812 49
9626 8340 41
9626 8340 16
9626 8340 39
9626 8340 58
9626 9810 8
9626 9810 21
9626 9810 18
9626 9810 38
9626 7422 16
9626 7422 52
9626 7422 31
9626 7422 2
9626 7419 49
9626 7419 42
9626 7419 45
9626 7419 41
9626 7408 59
9626 7408 37
9626 7408 34
9626 7408 54
9626 7418 20
9626 7418 17
9626 7418 30
9626 7418 2
9626 7416 12
9626 7416 9
9626 7416 32
9626 7416 3
9626 7424 47
9626 7424 34
9626 7424 40
9626 7424 24
9626 7415 41
9626 7415 27
9626 7415 54
9626 7415 23
9626 7428 29
9626 7428 17
9626 7428 15
9626 7428 53
9626 9171 18
9626 9171 0
9626 9171 18
9626 9171 51
9626 9173 16
9626 9173 58
9626 9173 8
9626 9173 34
9626 9813 22
9626 9813 30
9626 9813 1
9626 9813 39
9626 8341 30
9626 8341 42
9626 8341 58
9626 8341 31
9626 9811 41
9626 9811 41
9626 9811 9
9626 9811 29
9626 9820 37
9626 9820 4
9626 9820 54
9626 9820 22
9626 7394 59
9626 7394 33
9626 7394 18
9626 7394 49
9626 7470 47
9626 7470 6
9626 7470 58
9626 7470 37
9626 7395 52
9626 7395 11
9626 7395 25
9626 7395 27
6312 7407 54
6312 7407 33
6312 7407 36
6312 7407 5
6312 7406 11
6312 7406 15
6312 7406 43
6312 7406 33
6312 7405 32
6312 7405 20
6312 7405 13
6312 7405 41
6312 7414 57
6312 7414 44
6312 7414 25
6312 7414 7
6312 8339 58
6312 8339 3
6312 8339 49
6312 8339 5
6312 7423 54
6312 7423 22
6312 7423 36
6312 7423 52
6312 7404 59
6312 7404 0
6312 7404 20
6312 7404 20
6312 7409 42
6312 7409 47
6312 7409 59
6312 7409 48
6312 7413 10
6312 7413 56
6312 7413 10
6312 7413 60
6312 7417 37
6312 7417 59
6312 7417 40
6312 7417 34
6312 7425 10
6312 7425 49
6312 7425 19
6312 7425 25
6312 9172 49
6312 9172 4
6312 9172 50
6312 9172 30
6312 9812 53
6312 9812 17
6312 9812 4
6312 9812 17
6312 8340 3
6312 8340 18
6312 8340 10
6312 8340 3
6312 9810 48
6312 9810 6
6312 9810 54
6312 9810 18
6312 7422 57
6312 7422 19
6312 7422 51
6312 7422 30
6312 7419 1
6312 7419 7
6312 7419 5
6312 7419 30
6312 7408 24
6312 7408 5
6312 7408 53
6312 7408 22
6312 7418 21
6312 7418 57
6312 7418 19
6312 7418 14
6312 7416 1
6312 7416 16
6312 7416 38
6312 7416 7
6312 7424 49
6312 7424 24
6312 7424 24
6312 7424 29
6312 7415 52
6312 7415 4
6312 7415 17
6312 7415 27
6312 7428 44
6312 7428 3
6312 7428 1
6312 7428 39
6312 9171 31
6312 9171 36
6312 9171 18
6312 9171 31
6312 9173 36
6312 9173 55
6312 9173 17
6312 9173 15
6312 9813 49
6312 9813 16
6312 9813 22
6312 9813 51
6312 8341 53
6312 8341 42
6312 8341 9
6312 8341 21
6312 9811 35
6312 9811 59
6312 9811 5
6312 9811 3
6312 9820 27
6312 9820 50
6312 9820 59
6312 9820 18
6312 7394 35
6312 7394 40
6312 7394 49
6312 7394 10
6312 7470 15
6312 7470 29
6312 7470 29
6312 7470 36
6312 7395 16
6312 7395 35
6312 7395 23
6312 7395 29
6336 7407 42
6336 7407 30
6336 7407 12
6336 7407 29
6336 7406 34
6336 7406 55
6336 7406 6
6336 7406 42
6336 7405 29
6336 7405 47
6336 7405 27
6336 7405 40
6336 7414 27
6336 7414 37
6336 7414 51
6336 7414 44
6336 8339 27
6336 8339 31
6336 8339 35
6336 8339 23
6336 7423 2
6336 7423 25
6336 7423 37
6336 7423 18
6336 7404 6
6336 7404 43
6336 7404 52
6336 7404 36
6336 7409 54
6336 7409 58
6336 7409 8
6336 7409 46
6336 7413 3
6336 7413 29
6336 7413 33
6336 7413 40
6336 7417 59
6336 7417 31
6336 7417 37
6336 7417 16
6336 7425 3
6336 7425 9
6336 7425 17
6336 7425 3
6336 9172 36
6336 9172 49
6336 9172 26
6336 9172 46
6336 9812 14
6336 9812 36
6336 9812 16
6336 9812 43
6336 8340 21
6336 8340 48
6336 8340 39
6336 8340 58
6336 9810 21
6336 9810 17
6336 9810 53
6336 9810 50
6336 7422 52
6336 7422 48
6336 7422 38
6336 7422 35
6336 7419 44
6336 7419 35
6336 7419 26
6336 7419 2
6336 7408 37
6336 7408 21
6336 7408 30
6336 7408 8
6336 7418 37
6336 7418 51
6336 7418 15
6336 7418 50
6336 7416 47
6336 7416 25
6336 7416 54
6336 7416 3
6336 7424 11
6336 7424 24
6336 7424 15
6336 7424 46
6336 7415 8
6336 7415 5
6336 7415 44
6336 7415 30
6336 7428 54
6336 7428 5
6336 7428 39
6336 7428 37
6336 9171 40
6336 9171 34
6336 9171 39
6336 9171 18
6336 9173 54
6336 9173 31
6336 9173 6
6336 9173 60
6336 9813 26
6336 9813 41
6336 9813 20
6336 9813 19
6336 8341 15
6336 8341 14
6336 8341 52
6336 8341 49
6336 9811 60
6336 9811 8
6336 9811 48
6336 9811 40
6336 9820 24
6336 9820 9
6336 9820 2
6336 9820 10
6336 7394 11
6336 7394 36
6336 7394 54
6336 7394 33
6336 7470 17
6336 7470 31
6336 7470 21
6336 7470 2
6336 7395 27
6336 7395 10
6336 7395 46
6336 7395 17
6100 7407 36
6100 7407 56
6100 7407 21
6100 7407 22
6100 7406 58
6100 7406 53
6100 7406 4
6100 7406 9
6100 7405 0
6100 7405 19
6100 7405 35
6100 7405 59
6100 7414 9
6100 7414 33
6100 7414 34
6100 7414 35
6100 8339 48
6100 8339 26
6100 8339 42
6100 8339 51
6100 7423 9
6100 7423 39
6100 7423 15
6100 7423 3
6100 7404 45
6100 7404 18
6100 7404 45
6100 7404 23
6100 7409 11
6100 7409 46
6100 7409 1
6100 7409 10
6100 7413 52
6100 7413 60
6100 7413 56
6100 7413 51
6100 7417 3
6100 7417 6
6100 7417 17
6100 7417 38
6100 7425 20
6100 7425 3
6100 7425 15
6100 7425 14
6100 9172 1
6100 9172 56
6100 9172 20
6100 9172 6
6100 9812 12
6100 9812 23
6100 9812 1
6100 9812 24
6100 8340 22
6100 8340 39
6100 8340 18
6100 8340 8
6100 9810 56
6100 9810 18
6100 9810 25
6100 9810 49
6100 7422 7
6100 7422 23
6100 7422 32
6100 7422 52
6100 7419 43
6100 7419 13
6100 7419 53
6100 7419 44
6100 7408 54
6100 7408 27
6100 7408 24
6100 7408 18
6100 7418 29
6100 7418 24
6100 7418 1
6100 7418 4
6100 7416 52
6100 7416 38
6100 7416 33
6100 7416 44
6100 7424 33
6100 7424 25
6100 7424 33
6100 7424 33
6100 7415 33
6100 7415 60
6100 7415 59
6100 7415 49
6100 7428 19
6100 7428 35
6100 7428 59
6100 7428 18
6100 9171 25
6100 9171 28
6100 9171 10
6100 9171 24
6100 9173 18
6100 9173 11
6100 9173 14
6100 9173 41
6100 9813 12
6100 9813 14
6100 9813 7
6100 9813 3
6100 8341 35
6100 8341 34
6100 8341 57
6100 8341 21
6100 9811 7
6100 9811 57
6100 9811 48
6100 9811 16
6100 9820 50
6100 9820 8
6100 9820 7
6100 9820 9
6100 7394 5
6100 7394 29
6100 7394 4
6100 7394 14
6100 7470 36
6100 7470 10
6100 7470 57
6100 7470 28
6100 7395 55
6100 7395 30
6100 7395 2
6100 7395 8
6297 7407 46
6297 7407 46
6297 7407 6
6297 7407 22
6297 7406 48
6297 7406 49
6297 7406 11
6297 7406 5
6297 7405 52
6297 7405 1
6297 7405 44
6297 7405 41
6297 7414 9
6297 7414 4
6297 7414 34
6297 7414 22
6297 8339 47
6297 8339 20
6297 8339 57
6297 8339 35
6297 7423 27
6297 7423 60
6297 7423 52
6297 7423 41
6297 7404 33
6297 7404 7
6297 7404 3
6297 7404 50
6297 7409 32
6297 7409 47
6297 7409 54
6297 7409 44
6297 7413 46
6297 7413 43
6297 7413 42
6297 7413 26
6297 7417 24
6297 7417 6
6297 7417 0
6297 7417 48
6297 7425 22
6297 7425 6
6297 7425 3
6297 7425 38
6297 9172 3
6297 9172 21
6297 9172 2
6297 9172 7
6297 9812 38
6297 9812 22
6297 9812 43
6297 9812 35
6297 8340 24
6297 8340 14
6297 8340 44
6297 8340 41
6297 9810 32
6297 9810 47
6297 9810 26
6297 9810 16
6297 7422 44
6297 7422 52
6297 7422 21
6297 7422 14
6297 7419 22
6297 7419 18
6297 7419 7
6297 7419 35
6297 7408 18
6297 7408 49
6297 7408 37
6297 7408 0
6297 7418 16
6297 7418 35
6297 7418 9
6297 7418 32
6297 7416 47
6297 7416 27
6297 7416 11
6297 7416 36
6297 7424 54
6297 7424 21
6297 7424 41
6297 7424 44
6297 7415 48
6297 7415 51
6297 7415 47
6297 7415 40
6297 7428 45
6297 7428 16
6297 7428 32
6297 7428 37
6297 9171 44
6297 9171 34
6297 9171 47
6297 9171 55
6297 9173 1
6297 9173 59
6297 9173 49
6297 9173 42
6297 9813 2
6297 9813 5
6297 9813 58
6297 9813 28
6297 8341 11
6297 8341 59
6297 8341 60
6297 8341 15
6297 9811 42
6297 9811 47
6297 9811 16
6297 9811 34
6297 9820 24
6297 9820 46
6297 9820 5
6297 9820 21
6297 7394 30
6297 7394 36
6297 7394 45
6297 7394 12
6297 7470 10
6297 7470 25
6297 7470 46
6297 7470 10
6297 7395 53
6297 7395 32
6297 7395 40
6297 7395 54
6337 7407 11
6337 7407 13
6337 7407 21
6337 7407 56
6337 7406 14
6337 7406 33
6337 7406 29
6337 7406 21
6337 7405 17
6337 7405 14
6337 7405 7
6337 7405 3
6337 7414 57
6337 7414 9
6337 7414 42
6337 7414 60
6337 8339 47
6337 8339 47
6337 8339 53
6337 8339 52
6337 7423 43
6337 7423 6
6337 7423 31
6337 7423 22
6337 7404 36
6337 7404 2
6337 7404 54
6337 7404 31
6337 7409 38
6337 7409 1
6337 7409 22
6337 7409 33
6337 7413 40
6337 7413 24
6337 7413 41
6337 7413 31
6337 7417 35
6337 7417 58
6337 7417 25
6337 7417 0
6337 7425 59
6337 7425 18
6337 7425 36
6337 7425 24
6337 9172 3
6337 9172 15
6337 9172 31
6337 9172 16
6337 9812 46
6337 9812 48
6337 9812 0
6337 9812 4
6337 8340 17
6337 8340 24
6337 8340 59
6337 8340 14
6337 9810 19
6337 9810 17
6337 9810 9
6337 9810 48
6337 7422 53
6337 7422 36
6337 7422 44
6337 7422 20
6337 7419 3
6337 7419 10
6337 7419 43
6337 7419 41
6337 7408 49
6337 7408 45
6337 7408 16
6337 7408 59
6337 7418 38
6337 7418 32
6337 7418 15
6337 7418 29
6337 7416 36
6337 7416 4
6337 7416 58
6337 7416 27
6337 7424 21
6337 7424 57
6337 7424 12
6337 7424 23
6337 7415 44
6337 7415 10
6337 7415 60
6337 7415 1
6337 7428 15
6337 7428 6
6337 7428 31
6337 7428 56
6337 9171 52
6337 9171 35
6337 9171 46
6337 9171 58
6337 9173 55
6337 9173 2
6337 9173 48
6337 9173 59
6337 9813 47
6337 9813 37
6337 9813 6
6337 9813 54
6337 8341 22
6337 8341 13
6337 8341 4
6337 8341 59
6337 9811 34
6337 9811 33
6337 9811 9
6337 9811 33
6337 9820 53
6337 9820 7
6337 9820 14
6337 9820 3
6337 7394 50
6337 7394 28
6337 7394 47
6337 7394 19
6337 7470 28
6337 7470 58
6337 7470 50
6337 7470 60
6337 7395 50
6337 7395 2
6337 7395 10
6337 7395 47
6699 7407 12
6699 7407 39
6699 7407 3
6699 7407 7
6699 7406 25
6699 7406 60
6699 7406 30
6699 7406 34
6699 7405 51
6699 7405 1
6699 7405 40
6699 7405 7
6699 7414 15
6699 7414 3
6699 7414 10
6699 7414 25
6699 8339 57
6699 8339 20
6699 8339 27
6699 8339 30
6699 7423 11
6699 7423 14
6699 7423 16
6699 7423 23
6699 7404 44
6699 7404 35
6699 7404 34
6699 7404 51
6699 7409 19
6699 7409 37
6699 7409 38
6699 7409 7
6699 7413 21
6699 7413 55
6699 7413 46
6699 7413 17
6699 7417 19
6699 7417 38
6699 7417 54
6699 7417 52
6699 7425 21
6699 7425 47
6699 7425 29
6699 7425 51
6699 9172 38
6699 9172 52
6699 9172 22
6699 9172 24
6699 9812 30
6699 9812 45
6699 9812 29
6699 9812 11
6699 8340 2
6699 8340 37
6699 8340 1
6699 8340 36
6699 9810 51
6699 9810 21
6699 9810 36
6699 9810 42
6699 7422 4
6699 7422 0
6699 7422 29
6699 7422 43
6699 7419 41
6699 7419 1
6699 7419 37
6699 7419 16
6699 7408 14
6699 7408 5
6699 7408 17
6699 7408 56
6699 7418 34
6699 7418 25
6699 7418 44
6699 7418 6
6699 7416 7
6699 7416 51
6699 7416 40
6699 7416 39
6699 7424 37
6699 7424 59
6699 7424 30
6699 7424 34
6699 7415 24
6699 7415 9
6699 7415 39
6699 7415 10
6699 7428 21
6699 7428 43
6699 7428 22
6699 7428 19
6699 9171 5
6699 9171 45
6699 9171 34
6699 9171 41
6699 9173 11
6699 9173 37
6699 9173 13
6699 9173 30
6699 9813 18
6699 9813 8
6699 9813 11
6699 9813 22
6699 8341 48
6699 8341 30
6699 8341 21
6699 8341 22
6699 9811 33
6699 9811 57
6699 9811 40
6699 9811 4
6699 9820 47
6699 9820 60
6699 9820 44
6699 9820 59
6699 7394 27
6699 7394 26
6699 7394 54
6699 7394 33
6699 7470 23
6699 7470 41
6699 7470 9
6699 7470 12
6699 7395 26
6699 7395 55
6699 7395 52
6699 7395 58
8338 7407 21
8338 7407 47
8338 7407 51
8338 7407 28
8338 7406 4
8338 7406 36
8338 7406 33
8338 7406 30
8338 7405 2
8338 7405 23
8338 7405 29
8338 7405 40
8338 7414 45
8338 7414 53
8338 7414 39
8338 7414 45
8338 8339 16
8338 8339 38
8338 8339 55
8338 8339 13
8338 7423 3
8338 7423 13
8338 7423 41
8338 7423 1
8338 7404 36
8338 7404 53
8338 7404 40
8338 7404 4
8338 7409 30
8338 7409 29
8338 7409 16
8338 7409 38
8338 7413 0
8338 7413 47
8338 7413 5
8338 7413 28
8338 7417 26
8338 7417 60
8338 7417 6
8338 7417 20
8338 7425 45
8338 7425 58
8338 7425 29
8338 7425 31
8338 9172 26
8338 9172 51
8338 9172 45
8338 9172 53
8338 9812 40
8338 9812 51
8338 9812 55
8338 9812 43
8338 8340 21
8338 8340 18
8338 8340 44
8338 8340 35
8338 9810 58
8338 9810 35
8338 9810 42
8338 9810 19
8338 7422 27
8338 7422 21
8338 7422 22
8338 7422 21
8338 7419 33
8338 7419 48
8338 7419 26
8338 7419 34
8338 7408 45
8338 7408 58
8338 7408 31
8338 7408 41
8338 7418 41
8338 7418 33
8338 7418 36
8338 7418 13
8338 7416 44
8338 7416 50
8338 7416 32
8338 7416 26
8338 7424 21
8338 7424 44
8338 7424 60
8338 7424 58
8338 7415 19
8338 7415 6
8338 7415 15
8338 7415 8
8338 7428 43
8338 7428 13
8338 7428 9
8338 7428 5
8338 9171 58
8338 9171 56
8338 9171 10
8338 9171 19
8338 9173 45
8338 9173 36
8338 9173 58
8338 9173 46
8338 9813 50
8338 9813 33
8338 9813 18
8338 9813 14
8338 8341 15
8338 8341 38
8338 8341 15
8338 8341 52
8338 9811 54
8338 9811 56
8338 9811 60
8338 9811 13
8338 9820 18
8338 9820 10
8338 9820 1
8338 9820 39
8338 7394 3
8338 7394 19
8338 7394 58
8338 7394 27
8338 7470 15
8338 7470 21
8338 7470 41
8338 7470 55
8338 7395 39
8338 7395 17
8338 7395 28
8338 7395 43
9625 7407 55
9625 7407 47
9625 7407 36
9625 7407 11
9625 7406 60
9625 7406 3
9625 7406 41
9625 7406 14
9625 7405 9
9625 7405 23
9625 7405 12
9625 7405 45
9625 7414 29
9625 7414 6
9625 7414 45
9625 7414 21
9625 8339 9
9625 8339 38
9625 8339 32
9625 8339 19
9625 7423 58
9625 7423 39
9625 7423 36
9625 7423 22
9625 7404 1
9625 7404 56
9625 7404 52
9625 7404 6
9625 7409 34
9625 7409 12
9625 7409 58
9625 7409 23
9625 7413 50
9625 7413 49
9625 7413 58
9625 7413 35
9625 7417 18
9625 7417 23
9625 7417 6
9625 7417 17
9625 7425 51
9625 7425 9
9625 7425 43
9625 7425 31
9625 9172 11
9625 9172 4
9625 9172 11
9625 9172 17
9625 9812 52
9625 9812 49
9625 9812 43
9625 9812 38
9625 8340 59
9625 8340 0
9625 8340 23
9625 8340 52
9625 9810 2
9625 9810 49
9625 9810 30
9625 9810 53
9625 7422 29
9625 7422 4
9625 7422 7
9625 7422 19
9625 7419 29
9625 7419 12
9625 7419 48
9625 7419 29
9625 7408 6
9625 7408 42
9625 7408 15
9625 7408 19
9625 7418 59
9625 7418 59
9625 7418 5
9625 7418 45
9625 7416 42
9625 7416 2
9625 7416 11
9625 7416 5
9625 7424 20
9625 7424 47
9625 7424 22
9625 7424 4
9625 7415 0
9625 7415 52
9625 7415 59
9625 7415 34
9625 7428 36
9625 7428 24
9625 7428 41
9625 7428 19
9625 9171 19
9625 9171 48
9625 9171 52
9625 9171 37
9625 9173 4
9625 9173 24
9625 9173 44
9625 9173 9
9625 9813 0
9625 9813 3
9625 9813 30
9625 9813 53
9625 8341 55
9625 8341 14
9625 8341 58
9625 8341 43
9625 9811 26
9625 9811 23
9625 9811 1
9625 9811 14
9625 9820 29
9625 9820 26
9625 9820 28
9625 9820 15
9625 7394 2
9625 7394 7
9625 7394 47
9625 7394 30
9625 7470 23
9625 7470 1
9625 7470 14
9625 7470 36
9625 7395 44
9625 7395 16
9625 7395 36
9625 7395 17
7322 7407 37
7322 7407 1
7322 7407 11
7322 7407 21
7322 7406 41
7322 7406 34
7322 7406 6
7322 7406 11
7322 7405 22
7322 7405 58
7322 7405 11
7322 7405 9
7322 7414 60
7322 7414 52
7322 7414 30
7322 7414 6
7322 8339 48
7322 8339 58
7322 8339 43
7322 8339 30
7322 7423 16
7322 7423 45
7322 7423 55
7322 7423 48
7322 7404 44
7322 7404 12
7322 7404 50
7322 7404 36
7322 7409 6
7322 7409 55
7322 7409 53
7322 7409 17
7322 7413 19
7322 7413 1
7322 7413 49
7322 7413 22
7322 7417 26
7322 7417 15
7322 7417 11
7322 7417 11
7322 7425 50
7322 7425 47
7322 7425 58
7322 7425 27
7322 9172 25
7322 9172 18
7322 9172 15
7322 9172 34
7322 9812 4
7322 9812 28
7322 9812 54
7322 9812 6
7322 8340 23
7322 8340 28
7322 8340 25
7322 8340 33
7322 9810 50
7322 9810 17
7322 9810 21
7322 9810 48
7322 7422 1
7322 7422 17
7322 7422 29
7322 7422 19
7322 7419 41
7322 7419 47
7322 7419 31
7322 7419 53
7322 7408 42
7322 7408 7
7322 7408 22
7322 7408 55
7322 7418 42
7322 7418 28
7322 7418 38
7322 7418 15
7322 7416 33
7322 7416 55
7322 7416 38
7322 7416 18
7322 7424 22
7322 7424 11
7322 7424 43
7322 7424 13
7322 7415 49
7322 7415 47
7322 7415 23
7322 7415 52
7322 7428 4
7322 7428 52
7322 7428 55
7322 7428 24
7322 9171 60
7322 9171 42
7322 9171 1
7322 9171 18
7322 9173 51
7322 9173 58
7322 9173 4
7322 9173 60
7322 9813 3
7322 9813 32
7322 9813 30
7322 9813 0
7322 8341 50
7322 8341 58
7322 8341 3
7322 8341 55
7322 9811 0
7322 9811 34
7322 9811 41
7322 9811 7
7322 9820 29
7322 9820 58
7322 9820 28
7322 9820 54
7322 7394 0
7322 7394 36
7322 7394 38
7322 7394 5
7322 7470 35
7322 7470 26
7322 7470 56
7322 7470 35
7322 7395 13
7322 7395 27
7322 7395 12
7322 7395 17
6137 7407 12
6137 7407 10
6137 7407 28
6137 7407 60
6137 7406 57
6137 7406 5
6137 7406 58
6137 7406 46
6137 7405 27
6137 7405 32
6137 7405 58
6137 7405 48
6137 7414 43
6137 7414 32
6137 7414 53
6137 7414 55
6137 8339 29
6137 8339 38
6137 8339 32
6137 8339 41
6137 7423 45
6137 7423 14
6137 7423 13
6137 7423 4
6137 7404 40
6137 7404 31
6137 7404 40
6137 7404 40
6137 7409 1
6137 7409 57
6137 7409 25
6137 7409 46
6137 7413 34
6137 7413 39
6137 7413 21
6137 7413 39
6137 7417 19
6137 7417 31
6137 7417 7
6137 7417 8
6137 7425 21
6137 7425 20
6137 7425 16
6137 7425 58
6137 9172 47
6137 9172 38
6137 9172 9
6137 9172 14
6137 9812 59
6137 9812 21
6137 9812 27
6137 9812 34
6137 8340 39
6137 8340 43
6137 8340 44
6137 8340 17
6137 9810 7
6137 9810 12
6137 9810 16
6137 9810 56
6137 7422 12
6137 7422 25
6137 7422 25
6137 7422 36
6137 7419 40
6137 7419 9
6137 7419 15
6137 7419 38
6137 7408 15
6137 7408 25
6137 7408 35
6137 7408 47
6137 7418 58
6137 7418 60
6137 7418 16
6137 7418 23
6137 7416 50
6137 7416 21
6137 7416 6
6137 7416 7
6137 7424 51
6137 7424 43
6137 7424 35
6137 7424 32
6137 7415 32
6137 7415 16
6137 7415 52
6137 7415 50
6137 7428 40
6137 7428 57
6137 7428 18
6137 7428 37
6137 9171 20
6137 9171 31
6137 9171 39
6137 9171 25
6137 9173 52
6137 9173 17
6137 9173 30
6137 9173 0
6137 9813 60
6137 9813 8
6137 9813 49
6137 9813 10
6137 8341 0
6137 8341 50
6137 8341 56
6137 8341 15
6137 9811 59
6137 9811 7
6137 9811 5
6137 9811 5
6137 9820 54
6137 9820 31
6137 9820 27
6137 9820 51
6137 7394 43
6137 7394 34
6137 7394 39
6137 7394 31
6137 7470 16
6137 7470 6
6137 7470 51
6137 7470 36
6137 7395 49
6137 7395 49
6137 7395 26
6137 7395 26
6310 7407 41
6310 7407 4
6310 7407 1
6310 7407 15
6310 7406 56
6310 7406 56
6310 7406 51
6310 7406 16
6310 7405 54
6310 7405 4
6310 7405 19
6310 7405 18
6310 7414 42
6310 7414 15
6310 7414 52
6310 7414 23
6310 8339 8
6310 8339 58
6310 8339 8
6310 8339 34
6310 7423 60
6310 7423 0
6310 7423 48
6310 7423 25
6310 7404 47
6310 7404 2
6310 7404 9
6310 7404 56
6310 7409 30
6310 7409 47
6310 7409 31
6310 7409 37
6310 7413 30
6310 7413 29
6310 7413 13
6310 7413 9
6310 7417 36
6310 7417 56
6310 7417 59
6310 7417 43
6310 7425 13
6310 7425 50
6310 7425 11
6310 7425 20
6310 9172 39
6310 9172 13
6310 9172 55
6310 9172 58
6310 9812 54
6310 9812 42
6310 9812 38
6310 9812 6
6310 8340 54
6310 8340 14
6310 8340 17
6310 8340 46
6310 9810 31
6310 9810 49
6310 9810 39
6310 9810 32
6310 7422 59
6310 7422 40
6310 7422 46
6310 7422 11
6310 7419 1
6310 7419 42
6310 7419 30
6310 7419 7
6310 7408 18
6310 7408 35
6310 7408 34
6310 7408 37
6310 7418 28
6310 7418 53
6310 7418 57
6310 7418 13
6310 7416 46
6310 7416 42
6310 7416 25
6310 7416 12
6310 7424 34
6310 7424 52
6310 7424 52
6310 7424 20
6310 7415 13
6310 7415 46
6310 7415 47
6310 7415 39
6310 7428 56
6310 7428 0
6310 7428 8
6310 7428 20
6310 9171 9
6310 9171 36
6310 9171 29
6310 9171 55
6310 9173 4
6310 9173 55
6310 9173 18
6310 9173 11
6310 9813 37
6310 9813 22
6310 9813 10
6310 9813 26
6310 8341 19
6310 8341 7
6310 8341 53
6310 8341 37
6310 9811 17
6310 9811 54
6310 9811 36
6310 9811 38
6310 9820 15
6310 9820 46
6310 9820 33
6310 9820 27
6310 7394 49
6310 7394 33
6310 7394 49
6310 7394 48
6310 7470 9
6310 7470 0
6310 7470 38
6310 7470 7
6310 7395 4
6310 7395 45
6310 7395 23
6310 7395 5
6322 7407 37
6322 7407 46
6322 7407 33
6322 7407 58
6322 7406 56
6322 7406 3
6322 7406 43
6322 7406 4
6322 7405 30
6322 7405 56
6322 7405 44
6322 7405 38
6322 7414 10
6322 7414 55
6322 7414 48
6322 7414 24
6322 8339 49
6322 8339 26
6322 8339 7
6322 8339 12
6322 7423 54
6322 7423 50
6322 7423 42
6322 7423 5
6322 7404 36
6322 7404 8
6322 7404 41
6322 7404 55
6322 7409 19
6322 7409 40
6322 7409 36
6322 7409 30
6322 7413 17
6322 7413 35
6322 7413 8
6322 7413 46
6322 7417 12
6322 7417 47
6322 7417 49
6322 7417 24
6322 7425 17
6322 7425 56
6322 7425 4
6322 7425 37
6322 9172 26
6322 9172 58
6322 9172 39
6322 9172 37
6322 9812 13
6322 9812 52
6322 9812 51
6322 9812 8
6322 8340 40
6322 8340 46
6322 8340 54
6322 8340 59
6322 9810 58
6322 9810 27
6322 9810 60
6322 9810 15
6322 7422 7
6322 7422 48
6322 7422 5
6322 7422 52
6322 7419 17
6322 7419 55
6322 7419 49
6322 7419 41
6322 7408 5
6322 7408 60
6322 7408 51
6322 7408 35
6322 7418 41
6322 7418 22
6322 7418 28
6322 7418 9
6322 7416 28
6322 7416 15
6322 7416 42
6322 7416 37
6322 7424 60
6322 7424 26
6322 7424 1
6322 7424 11
6322 7415 50
6322 7415 31
6322 7415 38
6322 7415 47
6322 7428 18
6322 7428 48
6322 7428 42
6322 7428 27
6322 9171 1
6322 9171 10
6322 9171 42
6322 9171 7
6322 9173 54
6322 9173 41
6322 9173 59
6322 9173 32
6322 9813 6
6322 9813 45
6322 9813 9
6322 9813 56
6322 8341 19
6322 8341 3
6322 8341 1
6322 8341 7
6322 9811 31
6322 9811 48
6322 9811 2
6322 9811 42
6322 9820 37
6322 9820 34
6322 9820 60
6322 9820 55
6322 7394 58
6322 7394 12
6322 7394 3
6322 7394 55
6322 7470 7
6322 7470 26
6322 7470 26
6322 7470 33
6322 7395 20
6322 7395 45
6322 7395 24
6322 7395 26
6373 7407 52
6373 7407 52
6373 7407 46
6373 7407 10
6373 7406 47
6373 7406 58
6373 7406 33
6373 7406 27
6373 7405 16
6373 7405 33
6373 7405 17
6373 7405 21
6373 7414 49
6373 7414 49
6373 7414 19
6373 7414 50
6373 8339 27
6373 8339 50
6373 8339 31
6373 8339 51
6373 7423 34
6373 7423 31
6373 7423 42
6373 7423 15
6373 7404 39
6373 7404 55
6373 7404 9
6373 7404 35
6373 7409 16
6373 7409 41
6373 7409 33
6373 7409 33
6373 7413 4
6373 7413 7
6373 7413 50
6373 7413 16
6373 7417 39
6373 7417 49
6373 7417 16
6373 7417 26
6373 7425 29
6373 7425 10
6373 7425 11
6373 7425 25
6373 9172 2
6373 9172 59
6373 9172 56
6373 9172 24
6373 9812 11
6373 9812 7
6373 9812 6
6373 9812 12
6373 8340 42
6373 8340 48
6373 8340 41
6373 8340 37
6373 9810 13
6373 9810 20
6373 9810 14
6373 9810 46
6373 7422 52
6373 7422 0
6373 7422 30
6373 7422 13
6373 7419 42
6373 7419 39
6373 7419 38
6373 7419 5
6373 7408 53
6373 7408 8
6373 7408 37
6373 7408 23
6373 7418 51
6373 7418 25
6373 7418 57
6373 7418 4
6373 7416 52
6373 7416 54
6373 7416 42
6373 7416 8
6373 7424 45
6373 7424 43
6373 7424 35
6373 7424 21
6373 7415 26
6373 7415 2
6373 7415 45
6373 7415 46
6373 7428 36
6373 7428 48
6373 7428 4
6373 7428 24
6373 9171 49
6373 9171 15
6373 9171 52
6373 9171 51
6373 9173 27
6373 9173 50
6373 9173 47
6373 9173 34
6373 9813 13
6373 9813 49
6373 9813 29
6373 9813 38
6373 8341 5
6373 8341 10
6373 8341 10
6373 8341 17
6373 9811 17
6373 9811 11
6373 9811 51
6373 9811 12
6373 9820 27
6373 9820 31
6373 9820 14
6373 9820 30
6373 7394 25
6373 7394 8
6373 7394 35
6373 7394 28
6373 7470 19
6373 7470 29
6373 7470 10
6373 7470 31
6373 7395 50
6373 7395 44
6373 7395 60
6373 7395 27
6296 7407 39
6296 7407 12
6296 7407 47
6296 7407 13
6296 7406 10
6296 7406 35
6296 7406 38
6296 7406 45
6296 7405 59
6296 7405 5
6296 7405 19
6296 7405 9
6296 7414 44
6296 7414 41
6296 7414 19
6296 7414 12
6296 8339 25
6296 8339 38
6296 8339 25
6296 8339 37
6296 7423 8
6296 7423 18
6296 7423 60
6296 7423 19
6296 7404 0
6296 7404 54
6296 7404 29
6296 7404 2
6296 7409 60
6296 7409 56
6296 7409 32
6296 7409 42
6296 7413 51
6296 7413 8
6296 7413 15
6296 7413 25
6296 7417 6
6296 7417 7
6296 7417 20
6296 7417 25
6296 7425 3
6296 7425 23
6296 7425 44
6296 7425 38
6296 9172 26
6296 9172 51
6296 9172 14
6296 9172 11
6296 9812 0
6296 9812 32
6296 9812 56
6296 9812 16
6296 8340 9
6296 8340 38
6296 8340 31
6296 8340 56
6296 9810 33
6296 9810 16
6296 9810 18
6296 9810 34
6296 7422 4
6296 7422 5
6296 7422 57
6296 7422 60
6296 7419 7
6296 7419 2
6296 7419 20
6296 7419 52
6296 7408 49
6296 7408 34
6296 7408 29
6296 7408 44
6296 7418 35
6296 7418 8
6296 7418 46
6296 7418 54
6296 7416 43
6296 7416 44
6296 7416 41
6296 7416 39
6296 7424 15
6296 7424 51
6296 7424 7
6296 7424 33
6296 7415 58
6296 7415 41
6296 7415 23
6296 7415 5
6296 7428 19
6296 7428 19
6296 7428 60
6296 7428 10
6296 9171 9
6296 9171 3
6296 9171 52
6296 9171 18
6296 9173 39
6296 9173 29
6296 9173 4
6296 9173 54
6296 9813 32
6296 9813 45
6296 9813 19
6296 9813 25
6296 8341 25
6296 8341 53
6296 8341 38
6296 8341 18
6296 9811 5
6296 9811 22
6296 9811 1
6296 9811 51
6296 9820 50
6296 9820 49
6296 9820 32
6296 9820 13
6296 7394 31
6296 7394 19
6296 7394 42
6296 7394 32
6296 7470 1
6296 7470 52
6296 7470 31
6296 7470 32
6296 7395 2
6296 7395 41
6296 7395 39
6296 7395 57
7323 7407 58
7323 7407 18
7323 7407 25
7323 7407 0
7323 7406 39
7323 7406 26
7323 7406 19
7323 7406 53
7323 7405 53
7323 7405 8
7323 7405 29
7323 7405 46
7323 7414 47
7323 7414 36
7323 7414 57
7323 7414 41
7323 8339 29
7323 8339 21
7323 8339 8
7323 8339 59
7323 7423 49
7323 7423 8
7323 7423 28
7323 7423 54
7323 7404 60
7323 7404 56
7323 7404 57
7323 7404 8
7323 7409 1
7323 7409 29
7323 7409 24
7323 7409 40
7323 7413 37
7323 7413 45
7323 7413 36
7323 7413 41
7323 7417 8
7323 7417 48
7323 7417 59
7323 7417 23
7323 7425 51
7323 7425 3
7323 7425 44
7323 7425 7
7323 9172 15
7323 9172 9
7323 9172 3
7323 9172 40
7323 9812 30
7323 9812 24
7323 9812 33
7323 9812 50
7323 8340 8
7323 8340 13
7323 8340 56
7323 8340 24
7323 9810 15
7323 9810 16
7323 9810 32
7323 9810 17
7323 7422 30
7323 7422 11
7323 7422 56
7323 7422 27
7323 7419 47
7323 7419 25
7323 7419 19
7323 7419 31
7323 7408 24
7323 7408 19
7323 7408 33
7323 7408 31
7323 7418 59
7323 7418 9
7323 7418 55
7323 7418 59
7323 7416 36
7323 7416 29
7323 7416 1
7323 7416 46
7323 7424 55
7323 7424 50
7323 7424 34
7323 7424 19
7323 7415 49
7323 7415 19
7323 7415 13
7323 7415 37
7323 7428 38
7323 7428 0
7323 7428 34
7323 7428 0
7323 9171 4
7323 9171 46
7323 9171 19
7323 9171 39
7323 9173 2
7323 9173 60
7323 9173 35
7323 9173 47
7323 9813 41
7323 9813 53
7323 9813 60
7323 9813 11
7323 8341 36
7323 8341 44
7323 8341 54
7323 8341 5
7323 9811 20
7323 9811 1
7323 9811 7
7323 9811 24
7323 9820 46
7323 9820 15
7323 9820 44
7323 9820 20
7323 7394 59
7323 7394 29
7323 7394 46
7323 7394 48
7323 7470 38
7323 7470 18
7323 7470 33
7323 7470 43
7323 7395 43
7323 7395 1
7323 7395 18
7323 7395 50
9546 7407 29
9546 7407 55
9546 7407 34
9546 7407 46
9546 7406 37
9546 7406 41
9546 7406 20
9546 7406 45
9546 7405 12
9546 7405 45
9546 7405 24
9546 7405 22
9546 7414 48
9546 7414 54
9546 7414 52
9546 7414 38
9546 8339 30
9546 8339 38
9546 8339 49
9546 8339 11
9546 7423 13
9546 7423 27
9546 7423 4
9546 7423 26
9546 7404 24
9546 7404 42
9546 7404 33
9546 7404 32
9546 7409 9
9546 7409 6
9546 7409 53
9546 7409 41
9546 7413 36
9546 7413 48
9546 7413 2
9546 7413 57
9546 7417 10
9546 7417 13
9546 7417 55
9546 7417 9
9546 7425 35
9546 7425 38
9546 7425 24
9546 7425 2
9546 9172 17
9546 9172 6
9546 9172 22
9546 9172 18
9546 9812 1
9546 9812 56
9546 9812 18
9546 9812 56
9546 8340 12
9546 8340 39
9546 8340 57
9546 8340 40
9546 9810 44
9546 9810 24
9546 9810 24
9546 9810 50
9546 7422 53
9546 7422 20
9546 7422 42
9546 7422 40
9546 7419 21
9546 7419 36
9546 7419 5
9546 7419 31
9546 7408 13
9546 7408 12
9546 7408 1
9546 7408 55
9546 7418 58
9546 7418 22
9546 7418 15
9546 7418 53
9546 7416 1
9546 7416 4
9546 7416 15
9546 7416 53
9546 7424 37
9546 7424 29
9546 7424 31
9546 7424 21
9546 7415 58
9546 7415 51
9546 7415 54
9546 7415 32
9546 7428 44
9546 7428 4
9546 7428 16
9546 7428 29
9546 9171 18
9546 9171 16
9546 9171 53
9546 9171 34
9546 9173 12
9546 9173 8
9546 9173 14
9546 9173 60
9546 9813 59
9546 9813 5
9546 9813 25
9546 9813 57
9546 8341 48
9546 8341 0
9546 8341 49
9546 8341 16
9546 9811 44
9546 9811 18
9546 9811 11
9546 9811 24
9546 9820 30
9546 9820 45
9546 9820 24
9546 9820 46
9546 7394 18
9546 7394 58
9546 7394 43
9546 7394 21
9546 7470 15
9546 7470 22
9546 7470 10
9546 7470 29
9546 7395 43
9546 7395 30
9546 7395 16
9546 7395 36
6136 7407 58
6136 7407 51
6136 7407 13
6136 7407 14
6136 7406 38
6136 7406 27
6136 7406 40
6136 7406 53
6136 7405 24
6136 7405 15
6136 7405 58
6136 7405 50
6136 7414 39
6136 7414 59
6136 7414 22
6136 7414 0
6136 8339 31
6136 8339 55
6136 8339 44
6136 8339 0
6136 7423 3
6136 7423 9
6136 7423 57
6136 7423 45
6136 7404 32
6136 7404 45
6136 7404 10
6136 7404 57
6136 7409 4
6136 7409 2
6136 7409 46
6136 7409 25
6136 7413 48
6136 7413 45
6136 7413 18
6136 7413 45
6136 7417 32
6136 7417 48
6136 7417 24
6136 7417 25
6136 7425 18
6136 7425 25
6136 7425 18
6136 7425 31
6136 9172 41
6136 9172 33
6136 9172 50
6136 9172 18
6136 9812 46
6136 9812 21
6136 9812 1
6136 9812 39
6136 8340 2
6136 8340 2
6136 8340 45
6136 8340 42
6136 9810 26
6136 9810 44
6136 9810 16
6136 9810 24
6136 7422 12
6136 7422 34
6136 7422 13
6136 7422 40
6136 7419 57
6136 7419 5
6136 7419 10
6136 7419 10
6136 7408 19
6136 7408 17
6136 7408 7
6136 7408 37
6136 7418 51
6136 7418 59
6136 7418 58
6136 7418 31
6136 7416 46
6136 7416 6
6136 7416 21
6136 7416 32
6136 7424 28
6136 7424 37
6136 7424 29
6136 7424 49
6136 7415 52
6136 7415 48
6136 7415 4
6136 7415 21
6136 7428 44
6136 7428 0
6136 7428 54
6136 7428 28
6136 9171 10
6136 9171 48
6136 9171 30
6136 9171 51
6136 9173 14
6136 9173 46
6136 9173 52
6136 9173 60
6136 9813 57
6136 9813 17
6136 9813 32
6136 9813 48
6136 8341 59
6136 8341 54
6136 8341 47
6136 8341 3
6136 9811 27
6136 9811 6
6136 9811 27
6136 9811 41
6136 9820 19
6136 9820 17
6136 9820 13
6136 9820 18
6136 7394 32
6136 7394 4
6136 7394 44
6136 7394 27
6136 7470 40
6136 7470 12
6136 7470 23
6136 7470 11
6136 7395 12
6136 7395 47
6136 7395 34
6136 7395 13
6309 7407 16
6309 7407 24
6309 7407 24
6309 7407 19
6309 7406 42
6309 7406 49
6309 7406 8
6309 7406 12
6309 7405 50
6309 7405 47
6309 7405 10
6309 7405 50
6309 7414 25
6309 7414 46
6309 7414 1
6309 7414 44
6309 8339 55
6309 8339 30
6309 8339 14
6309 8339 0
6309 7423 46
6309 7423 59
6309 7423 8
6309 7423 30
6309 7404 42
6309 7404 4
6309 7404 2
6309 7404 3
6309 7409 52
6309 7409 57
6309 7409 59
6309 7409 17
6309 7413 7
6309 7413 34
6309 7413 60
6309 7413 37
6309 7417 37
6309 7417 5
6309 7417 30
6309 7417 8
6309 7425 19
6309 7425 21
6309 7425 56
6309 7425 53
6309 9172 38
6309 9172 5
6309 9172 40
6309 9172 14
6309 9812 12
6309 9812 12
6309 9812 60
6309 9812 26
6309 8340 11
6309 8340 36
6309 8340 48
6309 8340 43
6309 9810 7
6309 9810 16
6309 9810 16
6309 9810 22
6309 7422 25
6309 7422 47
6309 7422 38
6309 7422 39
6309 7419 1
6309 7419 26
6309 7419 11
6309 7419 55
6309 7408 31
6309 7408 15
6309 7408 58
6309 7408 31
6309 7418 8
6309 7418 7
6309 7418 38
6309 7418 3
6309 7416 56
6309 7416 6
6309 7416 10
6309 7416 24
6309 7424 50
6309 7424 21
6309 7424 6
6309 7424 0
6309 7415 1
6309 7415 43
6309 7415 60
6309 7415 60
6309 7428 45
6309 7428 49
6309 7428 15
6309 7428 36
6309 9171 48
6309 9171 53
6309 9171 39
6309 9171 54
6309 9173 39
6309 9173 16
6309 9173 28
6309 9173 40
6309 9813 2
6309 9813 49
6309 9813 3
6309 9813 10
6309 8341 14
6309 8341 24
6309 8341 56
6309 8341 21
6309 9811 8
6309 9811 43
6309 9811 44
6309 9811 33
6309 9820 55
6309 9820 29
6309 9820 53
6309 9820 43
6309 7394 46
6309 7394 52
6309 7394 53
6309 7394 29
6309 7470 48
6309 7470 22
6309 7470 47
6309 7470 10
6309 7395 8
6309 7395 15
6309 7395 55
6309 7395 55
6320 7407 51
6320 7407 19
6320 7407 40
6320 7407 28
6320 7406 31
6320 7406 2
6320 7406 31
6320 7406 26
6320 7405 45
6320 7405 36
6320 7405 6
6320 7405 24
6320 7414 50
6320 7414 24
6320 7414 34
6320 7414 36
6320 8339 41
6320 8339 31
6320 8339 12
6320 8339 22
6320 7423 18
6320 7423 21
6320 7423 33
6320 7423 26
6320 7404 26
6320 7404 19
6320 7404 13
6320 7404 48
6320 7409 27
6320 7409 12
6320 7409 46
6320 7409 52
6320 7413 1
6320 7413 10
6320 7413 27
6320 7413 55
6320 7417 56
6320 7417 6
6320 7417 19
6320 7417 56
6320 7425 21
6320 7425 53
6320 7425 15
6320 7425 39
6320 9172 21
6320 9172 0
6320 9172 6
6320 9172 6
6320 9812 12
6320 9812 27
6320 9812 36
6320 9812 39
6320 8340 24
6320 8340 1
6320 8340 12
6320 8340 41
6320 9810 46
6320 9810 59
6320 9810 48
6320 9810 34
6320 7422 21
6320 7422 12
6320 7422 36
6320 7422 6
6320 7419 2
6320 7419 40
6320 7419 44
6320 7419 14
6320 7408 54
6320 7408 13
6320 7408 15
6320 7408 15
6320 7418 6
6320 7418 49
6320 7418 24
6320 7418 37
6320 7416 1
6320 7416 57
6320 7416 45
6320 7416 6
6320 7424 60
6320 7424 38
6320 7424 40
6320 7424 30
6320 7415 15
6320 7415 51
6320 7415 51
6320 7415 35
6320 7428 25
6320 7428 6
6320 7428 45
6320 7428 11
6320 9171 10
6320 9171 9
6320 9171 50
6320 9171 57
6320 9173 44
6320 9173 49
6320 9173 19
6320 9173 31
6320 9813 30
6320 9813 18
6320 9813 39
6320 9813 14
6320 8341 33
6320 8341 24
6320 8341 1
6320 8341 35
6320 9811 10
6320 9811 28
6320 9811 11
6320 9811 24
6320 9820 38
6320 9820 0
6320 9820 0
6320 9820 33
6320 7394 44
6320 7394 47
6320 7394 54
6320 7394 4
6320 7470 30
6320 7470 16
6320 7470 58
6320 7470 25
6320 7395 4
6320 7395 30
6320 7395 60
6320 7395 53
6323 7407 5
6323 7407 33
6323 7407 38
6323 7407 17
6323 7406 20
6323 7406 5
6323 7406 28
6323 7406 48
6323 7405 35
6323 7405 3
6323 7405 11
6323 7405 29
6323 7414 11
6323 7414 46
6323 7414 50
6323 7414 57
6323 8339 6
6323 8339 40
6323 8339 8
6323 8339 43
6323 7423 49
6323 7423 19
6323 7423 30
6323 7423 21
6323 7404 12
6323 7404 31
6323 7404 3
6323 7404 48
6323 7409 42
6323 7409 23
6323 7409 58
6323 7409 53
6323 7413 60
6323 7413 25
6323 7413 40
6323 7413 44
6323 7417 27
6323 7417 42
6323 7417 45
6323 7417 25
6323 7425 48
6323 7425 13
6323 7425 36
6323 7425 13
6323 9172 16
6323 9172 19
6323 9172 35
6323 9172 18
6323 9812 6
6323 9812 52
6323 9812 43
6323 9812 48
6323 8340 38
6323 8340 34
6323 8340 13
6323 8340 31
6323 9810 51
6323 9810 20
6323 9810 1
6323 9810 20
6323 7422 50
6323 7422 47
6323 7422 13
6323 7422 13
6323 7419 6
6323 7419 49
6323 7419 58
6323 7419 25
6323 7408 49
6323 7408 6
6323 7408 3
6323 7408 3
6323 7418 33
6323 7418 31
6323 7418 43
6323 7418 0
6323 7416 3
6323 7416 33
6323 7416 28
6323 7416 7
6323 7424 40
6323 7424 13
6323 7424 19
6323 7424 55
6323 7415 37
6323 7415 39
6323 7415 53
6323 7415 3
6323 7428 12
6323 7428 20
6323 7428 58
6323 7428 28
6323 9171 21
6323 9171 45
6323 9171 24
6323 9171 43
6323 9173 56
6323 9173 24
6323 9173 31
6323 9173 13
6323 9813 20
6323 9813 31
6323 9813 25
6323 9813 19
6323 8341 50
6323 8341 28
6323 8341 33
6323 8341 53
6323 9811 17
6323 9811 23
6323 9811 5
6323 9811 53
6323 9820 30
6323 9820 2
6323 9820 29
6323 9820 32
6323 7394 39
6323 7394 50
6323 7394 14
6323 7394 47
6323 7470 32
6323 7470 21
6323 7470 18
6323 7470 57
6323 7395 56
6323 7395 18
6323 7395 33
6323 7395 20
6302 7407 38
6302 7407 52
6302 7407 42
6302 7407 57
6302 7406 32
6302 7406 22
6302 7406 40
6302 7406 31
6302 7405 8
6302 7405 8
6302 7405 8
6302 7405 54
6302 7414 12
6302 7414 40
6302 7414 21
6302 7414 19
6302 8339 19
6302 8339 60
6302 8339 0
6302 8339 51
6302 7423 37
6302 7423 49
6302 7423 40
6302 7423 23
6302 7404 44
6302 7404 58
6302 7404 25
6302 7404 37
6302 7409 50
6302 7409 28
6302 7409 23
6302 7409 7
6302 7413 36
6302 7413 53
6302 7413 58
6302 7413 6
6302 7417 9
6302 7417 12
6302 7417 54
6302 7417 32
6302 7425 38
6302 7425 59
6302 7425 34
6302 7425 20
6302 9172 23
6302 9172 33
6302 9172 45
6302 9172 59
6302 9812 37
6302 9812 26
6302 9812 60
6302 9812 1
6302 8340 11
6302 8340 36
6302 8340 26
6302 8340 20
6302 9810 16
6302 9810 40
6302 9810 27
6302 9810 14
6302 7422 54
6302 7422 20
6302 7422 34
6302 7422 8
6302 7419 34
6302 7419 28
6302 7419 39
6302 7419 5
6302 7408 48
6302 7408 53
6302 7408 4
6302 7408 40
6302 7418 25
6302 7418 51
6302 7418 57
6302 7418 2
6302 7416 8
6302 7416 28
6302 7416 6
6302 7416 53
6302 7424 43
6302 7424 54
6302 7424 13
6302 7424 42
6302 7415 33
6302 7415 3
6302 7415 11
6302 7415 17
6302 7428 46
6302 7428 13
6302 7428 10
6302 7428 10
6302 9171 35
6302 9171 6
6302 9171 59
6302 9171 27
6302 9173 22
6302 9173 37
6302 9173 52
6302 9173 33
6302 9813 1
6302 9813 18
6302 9813 4
6302 9813 58
6302 8341 46
6302 8341 3
6302 8341 0
6302 8341 18
6302 9811 5
6302 9811 50
6302 9811 39
6302 9811 46
6302 9820 7
6302 9820 30
6302 9820 10
6302 9820 32
6302 7394 10
6302 7394 45
6302 7394 27
6302 7394 27
6302 7470 40
6302 7470 60
6302 7470 26
6302 7470 48
6302 7395 47
6302 7395 20
6302 7395 41
6302 7395 40
5886 7407 58
5886 7407 29
5886 7407 8
5886 7407 53
5886 7406 52
5886 7406 49
5886 7406 40
5886 7406 48
5886 7405 11
5886 7405 22
5886 7405 16
5886 7405 19
5886 7414 53
5886 7414 33
5886 7414 24
5886 7414 12
5886 8339 33
5886 8339 19
5886 8339 11
5886 8339 51
5886 7423 54
5886 7423 33
5886 7423 7
5886 7423 18
5886 7404 24
5886 7404 31
5886 7404 9
5886 7404 7
5886 7409 52
5886 7409 47
5886 7409 3
5886 7409 23
5886 7413 46
5886 7413 20
5886 7413 13
5886 7413 17
5886 7417 60
5886 7417 51
5886 7417 0
5886 7417 18
5886 7425 10
5886 7425 29
5886 7425 30
5886 7425 57
5886 9172 1
5886 9172 10
5886 9172 52
5886 9172 42
5886 9812 58
5886 9812 60
5886 9812 19
5886 9812 45
5886 8340 1
5886 8340 34
5886 8340 38
5886 8340 27
5886 9810 31
5886 9810 6
5886 9810 48
5886 9810 40
5886 7422 49
5886 7422 23
5886 7422 26
5886 7422 10
5886 7419 34
5886 7419 34
5886 7419 53
5886 7419 38
5886 7408 19
5886 7408 21
5886 7408 52
5886 7408 26
5886 7418 27
5886 7418 11
5886 7418 36
5886 7418 48
5886 7416 43
5886 7416 46
5886 7416 57
5886 7416 58
5886 7424 51
5886 7424 46
5886 7424 35
5886 7424 38
5886 7415 22
5886 7415 44
5886 7415 22
5886 7415 28
5886 7428 26
5886 7428 3
5886 7428 38
5886 7428 26
5886 9171 60
5886 9171 55
5886 9171 46
5886 9171 55
5886 9173 52
5886 9173 38
5886 9173 42
5886 9173 44
5886 9813 29
5886 9813 46
5886 9813 24
5886 9813 29
5886 8341 12
5886 8341 44
5886 8341 13
5886 8341 36
5886 9811 4
5886 9811 52
5886 9811 34
5886 9811 38
5886 9820 25
5886 9820 55
5886 9820 46
5886 9820 4
5886 7394 19
5886 7394 9
5886 7394 25
5886 7394 19
5886 7470 51
5886 7470 13
5886 7470 51
5886 7470 13
5886 7395 22
5886 7395 19
5886 7395 50
5886 7395 50
5887 7407 17
5887 7407 24
5887 7407 6
5887 7407 59
5887 7406 58
5887 7406 15
5887 7406 8
5887 7406 59
5887 7405 8
5887 7405 47
5887 7405 6
5887 7405 47
5887 7414 7
5887 7414 58
5887 7414 10
5887 7414 54
5887 8339 24
5887 8339 25
5887 8339 4
5887 8339 32
5887 7423 19
5887 7423 43
5887 7423 16
5887 7423 28
5887 7404 34
5887 7404 59
5887 7404 21
5887 7404 33
5887 7409 36
5887 7409 58
5887 7409 25
5887 7409 1
5887 7413 24
5887 7413 60
5887 7413 15
5887 7413 35
5887 7417 46
5887 7417 19
5887 7417 26
5887 7417 6
5887 7425 41
5887 7425 55
5887 7425 58
5887 7425 34
5887 9172 54
5887 9172 29
5887 9172 0
5887 9172 32
5887 9812 58
5887 9812 54
5887 9812 60
5887 9812 37
5887 8340 26
5887 8340 24
5887 8340 58
5887 8340 4
5887 9810 32
5887 9810 55
5887 9810 19
5887 9810 20
5887 7422 4
5887 7422 22
5887 7422 49
5887 7422 9
5887 7419 42
5887 7419 37
5887 7419 48
5887 7419 27
5887 7408 27
5887 7408 55
5887 7408 17
5887 7408 56
5887 7418 25
5887 7418 17
5887 7418 24
5887 7418 0
5887 7416 6
5887 7416 52
5887 7416 41
5887 7416 16
5887 7424 55
5887 7424 8
5887 7424 60
5887 7424 17
5887 7415 57
5887 7415 8
5887 7415 60
5887 7415 19
5887 7428 48
5887 7428 44
5887 7428 30
5887 7428 29
5887 9171 10
5887 9171 23
5887 9171 10
5887 9171 0
5887 9173 52
5887 9173 19
5887 9173 26
5887 9173 7
5887 9813 15
5887 9813 21
5887 9813 5
5887 9813 23
5887 8341 40
5887 8341 54
5887 8341 59
5887 8341 50
5887 9811 22
5887 9811 52
5887 9811 58
5887 9811 19
5887 9820 58
5887 9820 56
5887 9820 38
5887 9820 49
5887 7394 45
5887 7394 52
5887 7394 42
5887 7394 57
5887 7470 13
5887 7470 19
5887 7470 33
5887 7470 14
5887 7395 14
5887 7395 54
5887 7395 21
5887 7395 26
