6297 7408 44
6297 7408 57
6297 7404 53
6297 7404 26
6297 7409 56
6297 7409 17
6297 7395 42
6297 7395 35
6297 7420 30
6297 7420 48
6297 7405 57
6297 7405 44
6297 7406 1
6297 7406 28
6297 7418 35
6297 7418 44
6297 7419 13
6297 7419 23
6297 7394 5
6297 7394 37
6297 7393 7
6297 7393 17
6297 7421 38
6297 7421 37
6297 7447 53
6297 7447 50
6297 7407 52
6297 7407 60
6297 7413 4
6297 7413 0
6297 7417 20
6297 7417 10
6297 7423 44
6297 7423 48
6297 7392 52
6297 7392 27
6297 7422 19
6297 7422 6
6297 7469 14
6297 7469 45
6297 7506 15
6297 7506 14
6297 7415 7
6297 7415 4
6297 7442 34
6297 7442 30
6297 7521 7
6297 7521 16
6297 7414 52
6297 7414 47
6297 8339 0
6297 8339 50
6297 7416 55
6297 7416 43
6297 7424 47
6297 7424 20
6297 7472 40
6297 7472 33
6297 7505 5
6297 7505 20
6297 7470 0
6297 7470 2
6297 7467 9
6297 7467 5
6296 7408 37
6296 7408 29
6296 7404 37
6296 7404 7
6296 7409 49
6296 7409 45
6296 7395 57
6296 7395 30
6296 7420 50
6296 7420 8
6296 7405 30
6296 7405 52
6296 7406 17
6296 7406 59
6296 7418 7
6296 7418 12
6296 7419 34
6296 7419 34
6296 7394 55
6296 7394 31
6296 7393 9
6296 7393 8
6296 7421 44
6296 7421 40
6296 7447 11
6296 7447 21
6296 7407 31
6296 7407 14
6296 7413 16
6296 7413 44
6296 7417 45
6296 7417 3
6296 7423 54
6296 7423 24
6296 7392 13
6296 7392 46
6296 7422 39
6296 7422 4
6296 7469 59
6296 7469 50
6296 7506 57
6296 7506 6
6296 7415 2
6296 7415 27
6296 7442 21
6296 7442 22
6296 7521 3
6296 7521 4
6296 7414 1
6296 7414 24
6296 8339 57
6296 8339 32
6296 7416 23
6296 7416 43
6296 7424 49
6296 7424 13
6296 7472 38
6296 7472 55
6296 7505 2
6296 7505 41
6296 7470 45
6296 7470 14
6296 7467 35
6296 7467 35
6098 7408 12
6098 7408 41
6098 7404 34
6098 7404 14
6098 7409 40
6098 7409 13
6098 7395 41
6098 7395 34
6098 7420 36
6098 7420 50
6098 7405 45
6098 7405 16
6098 7406 59
6098 7406 39
6098 7418 20
6098 7418 32
6098 7419 57
6098 7419 60
6098 7394 29
6098 7394 22
6098 7393 28
6098 7393 30
6098 7421 26
6098 7421 23
6098 7447 30
6098 7447 19
6098 7407 40
6098 7407 58
6098 7413 57
6098 7413 41
6098 7417 48
6098 7417 56
6098 7423 35
6098 7423 54
6098 7392 23
6098 7392 19
6098 7422 35
6098 7422 56
6098 7469 30
6098 7469 2
6098 7506 13
6098 7506 56
6098 7415 13
6098 7415 58
6098 7442 35
6098 7442 52
6098 7521 1
6098 7521 42
6098 7414 19
6098 7414 10
6098 8339 39
6098 8339 58
6098 7416 39
6098 7416 44
6098 7424 38
6098 7424 35
6098 7472 50
6098 7472 30
6098 7505 39
6098 7505 3
6098 7470 42
6098 7470 43
6098 7467 18
6098 7467 45
6373 7408 32
6373 7408 11
6373 7404 5
6373 7404 51
6373 7409 16
6373 7409 28
6373 7395 58
6373 7395 3
6373 7420 10
6373 7420 6
6373 7405 59
6373 7405 52
6373 7406 40
6373 7406 16
6373 7418 11
6373 7418 31
6373 7419 24
6373 7419 15
6373 7394 11
6373 7394 49
6373 7393 6
6373 7393 5
6373 7421 22
6373 7421 39
6373 7447 10
6373 7447 26
6373 7407 16
6373 7407 24
6373 7413 58
6373 7413 50
6373 7417 31
6373 7417 37
6373 7423 42
6373 7423 14
6373 7392 58
6373 7392 54
6373 7422 50
6373 7422 29
6373 7469 20
6373 7469 25
6373 7506 40
6373 7506 45
6373 7415 7
6373 7415 37
6373 7442 28
6373 7442 9
6373 7521 27
6373 7521 13
6373 7414 20
6373 7414 49
6373 8339 44
6373 8339 38
6373 7416 6
6373 7416 19
6373 7424 9
6373 7424 30
6373 7472 32
6373 7472 10
6373 7505 38
6373 7505 55
6373 7470 45
6373 7470 14
6373 7467 55
6373 7467 46
6699 7408 46
6699 7408 45
6699 7404 13
6699 7404 43
6699 7409 28
6699 7409 34
6699 7395 1
6699 7395 21
6699 7420 56
6699 7420 42
6699 7405 29
6699 7405 2
6699 7406 19
6699 7406 31
6699 7418 40
6699 7418 9
6699 7419 9
6699 7419 26
6699 7394 6
6699 7394 13
6699 7393 45
6699 7393 54
6699 7421 49
6699 7421 44
6699 7447 34
6699 7447 49
6699 7407 9
6699 7407 17
6699 7413 23
6699 7413 44
6699 7417 59
6699 7417 22
6699 7423 37
6699 7423 29
6699 7392 32
6699 7392 27
6699 7422 24
6699 7422 17
6699 7469 23
6699 7469 18
6699 7506 54
6699 7506 20
6699 7415 46
6699 7415 43
6699 7442 6
6699 7442 51
6699 7521 53
6699 7521 51
6699 7414 58
6699 7414 39
6699 8339 49
6699 8339 11
6699 7416 58
6699 7416 38
6699 7424 2
6699 7424 24
6699 7472 35
6699 7472 6
6699 7505 25
6699 7505 7
6699 7470 28
6699 7470 12
6699 7467 54
6699 7467 3
5887 7408 49
5887 7408 49
5887 7404 34
5887 7404 47
5887 7409 52
5887 7409 27
5887 7395 50
5887 7395 22
5887 7420 15
5887 7420 42
5887 7405 28
5887 7405 49
5887 7406 7
5887 7406 53
5887 7418 13
5887 7418 27
5887 7419 27
5887 7419 53
5887 7394 21
5887 7394 42
5887 7393 12
5887 7393 16
5887 7421 37
5887 7421 32
5887 7447 50
5887 7447 58
5887 7407 42
5887 7407 31
5887 7413 8
5887 7413 1
5887 7417 11
5887 7417 36
5887 7423 51
5887 7423 59
5887 7392 41
5887 7392 21
5887 7422 23
5887 7422 12
5887 7469 5
5887 7469 55
5887 7506 11
5887 7506 41
5887 7415 41
5887 7415 37
5887 7442 60
5887 7442 45
5887 7521 33
5887 7521 41
5887 7414 48
5887 7414 8
5887 8339 54
5887 8339 39
5887 7416 41
5887 7416 50
5887 7424 26
5887 7424 2
5887 7472 13
5887 7472 28
5887 7505 26
5887 7505 52
5887 7470 44
5887 7470 8
5887 7467 21
5887 7467 25
6097 7408 15
6097 7408 32
6097 7404 9
6097 7404 12
6097 7409 40
6097 7409 28
6097 7395 3
6097 7395 19
6097 7420 11
6097 7420 40
6097 7405 10
6097 7405 0
6097 7406 14
6097 7406 58
6097 7418 35
6097 7418 46
6097 7419 42
6097 7419 27
6097 7394 23
6097 7394 20
6097 7393 51
6097 7393 54
6097 7421 1
6097 7421 41
6097 7447 15
6097 7447 38
6097 7407 55
6097 7407 24
6097 7413 11
6097 7413 53
6097 7417 57
6097 7417 46
6097 7423 12
6097 7423 49
6097 7392 21
6097 7392 48
6097 7422 12
6097 7422 38
6097 7469 39
6097 7469 5
6097 7506 12
6097 7506 45
6097 7415 9
6097 7415 12
6097 7442 46
6097 7442 7
6097 7521 42
6097 7521 54
6097 7414 57
6097 7414 55
6097 8339 16
6097 8339 35
6097 7416 23
6097 7416 23
6097 7424 27
6097 7424 48
6097 7472 48
6097 7472 25
6097 7505 36
6097 7505 41
6097 7470 30
6097 7470 18
6097 7467 26
6097 7467 55
6100 7408 35
6100 7408 7
6100 7404 15
6100 7404 55
6100 7409 48
6100 7409 0
6100 7395 49
6100 7395 39
6100 7420 59
6100 7420 43
6100 7405 48
6100 7405 35
6100 7406 21
6100 7406 25
6100 7418 42
6100 7418 4
6100 7419 8
6100 7419 10
6100 7394 37
6100 7394 0
6100 7393 42
6100 7393 16
6100 7421 4
6100 7421 10
6100 7447 21
6100 7447 52
6100 7407 48
6100 7407 3
6100 7413 57
6100 7413 15
6100 7417 29
6100 7417 20
6100 7423 4
6100 7423 56
6100 7392 29
6100 7392 15
6100 7422 15
6100 7422 26
6100 7469 17
6100 7469 21
6100 7506 59
6100 7506 39
6100 7415 23
6100 7415 19
6100 7442 16
6100 7442 55
6100 7521 48
6100 7521 15
6100 7414 20
6100 7414 36
6100 8339 23
6100 8339 33
6100 7416 14
6100 7416 53
6100 7424 29
6100 7424 29
6100 7472 25
6100 7472 37
6100 7505 47
6100 7505 53
6100 7470 27
6100 7470 49
6100 7467 31
6100 7467 0
6337 7408 5
6337 7408 3
6337 7404 4
6337 7404 23
6337 7409 2
6337 7409 27
6337 7395 58
6337 7395 0
6337 7420 38
6337 7420 54
6337 7405 51
6337 7405 48
6337 7406 38
6337 7406 49
6337 7418 47
6337 7418 34
6337 7419 49
6337 7419 26
6337 7394 22
6337 7394 51
6337 7393 59
6337 7393 48
6337 7421 22
6337 7421 49
6337 7447 0
6337 7447 0
6337 7407 56
6337 7407 24
6337 7413 0
6337 7413 29
6337 7417 16
6337 7417 11
6337 7423 35
6337 7423 31
6337 7392 12
6337 7392 17
6337 7422 19
6337 7422 0
6337 7469 54
6337 7469 25
6337 7506 57
6337 7506 17
6337 7415 11
6337 7415 2
6337 7442 56
6337 7442 21
6337 7521 39
6337 7521 9
6337 7414 22
6337 7414 14
6337 8339 4
6337 8339 57
6337 7416 57
6337 7416 5
6337 7424 46
6337 7424 22
6337 7472 18
6337 7472 19
6337 7505 60
6337 7505 15
6337 7470 44
6337 7470 23
6337 7467 28
6337 7467 17
6339 7408 6
6339 7408 17
6339 7404 12
6339 7404 50
6339 7409 40
6339 7409 8
6339 7395 20
6339 7395 1
6339 7420 58
6339 7420 15
6339 7405 34
6339 7405 15
6339 7406 23
6339 7406 23
6339 7418 44
6339 7418 17
6339 7419 36
6339 7419 32
6339 7394 39
6339 7394 23
6339 7393 10
6339 7393 43
6339 7421 20
6339 7421 44
6339 7447 39
6339 7447 50
6339 7407 51
6339 7407 1
6339 7413 53
6339 7413 31
6339 7417 2
6339 7417 39
6339 7423 6
6339 7423 38
6339 7392 33
6339 7392 43
6339 7422 0
6339 7422 53
6339 7469 56
6339 7469 18
6339 7506 22
6339 7506 31
6339 7415 15
6339 7415 47
6339 7442 7
6339 7442 59
6339 7521 15
6339 7521 54
6339 7414 42
6339 7414 44
6339 8339 32
6339 8339 57
6339 7416 33
6339 7416 37
6339 7424 43
6339 7424 27
6339 7472 21
6339 7472 54
6339 7505 21
6339 7505 13
6339 7470 51
6339 7470 37
6339 7467 31
6339 7467 15
5886 7408 27
5886 7408 42
5886 7404 15
5886 7404 27
5886 7409 24
5886 7409 6
5886 7395 21
5886 7395 35
5886 7420 40
5886 7420 36
5886 7405 56
5886 7405 56
5886 7406 49
5886 7406 49
5886 7418 43
5886 7418 51
5886 7419 3
5886 7419 12
5886 7394 32
5886 7394 16
5886 7393 53
5886 7393 12
5886 7421 56
5886 7421 47
5886 7447 9
5886 7447 23
5886 7407 52
5886 7407 5
5886 7413 5
5886 7413 25
5886 7417 24
5886 7417 10
5886 7423 3
5886 7423 0
5886 7392 59
5886 7392 23
5886 7422 23
5886 7422 23
5886 7469 33
5886 7469 56
5886 7506 5
5886 7506 29
5886 7415 33
5886 7415 34
5886 7442 57
5886 7442 47
5886 7521 4
5886 7521 45
5886 7414 59
5886 7414 2
5886 8339 11
5886 8339 54
5886 7416 5
5886 7416 21
5886 7424 60
5886 7424 2
5886 7472 42
5886 7472 51
5886 7505 7
5886 7505 26
5886 7470 49
5886 7470 19
5886 7467 54
5886 7467 29
6336 7408 48
6336 7408 45
6336 7404 9
6336 7404 59
6336 7409 2
6336 7409 38
6336 7395 8
6336 7395 19
6336 7420 22
6336 7420 50
6336 7405 13
6336 7405 54
6336 7406 57
6336 7406 44
6336 7418 0
6336 7418 10
6336 7419 40
6336 7419 11
6336 7394 17
6336 7394 11
6336 7393 23
6336 7393 26
6336 7421 52
6336 7421 54
6336 7447 9
6336 7447 52
6336 7407 41
6336 7407 28
6336 7413 18
6336 7413 31
6336 7417 45
6336 7417 15
6336 7423 33
6336 7423 57
6336 7392 39
6336 7392 17
6336 7422 11
6336 7422 2
6336 7469 45
6336 7469 41
6336 7506 58
6336 7506 30
6336 7415 4
6336 7415 42
6336 7442 43
6336 7442 22
6336 7521 39
6336 7521 38
6336 7414 60
6336 7414 44
6336 8339 42
6336 8339 0
6336 7416 57
6336 7416 47
6336 7424 54
6336 7424 56
6336 7472 44
6336 7472 49
6336 7505 37
6336 7505 57
6336 7470 29
6336 7470 31
6336 7467 17
6336 7467 28
5888 7408 1
5888 7408 11
5888 7404 5
5888 7404 43
5888 7409 13
5888 7409 45
5888 7395 42
5888 7395 27
5888 7420 57
5888 7420 31
5888 7405 31
5888 7405 56
5888 7406 19
5888 7406 13
5888 7418 32
5888 7418 47
5888 7419 39
5888 7419 28
5888 7394 36
5888 7394 32
5888 7393 52
5888 7393 5
5888 7421 48
5888 7421 35
5888 7447 35
5888 7447 29
5888 7407 11
5888 7407 40
5888 7413 12
5888 7413 32
5888 7417 13
5888 7417 31
5888 7423 54
5888 7423 56
5888 7392 12
5888 7392 1
5888 7422 57
5888 7422 21
5888 7469 12
5888 7469 0
5888 7506 47
5888 7506 51
5888 7415 18
5888 7415 3
5888 7442 41
5888 7442 18
5888 7521 28
5888 7521 26
5888 7414 48
5888 7414 7
5888 8339 2
5888 8339 8
5888 7416 11
5888 7416 25
5888 7424 7
5888 7424 3
5888 7472 30
5888 7472 51
5888 7505 6
5888 7505 56
5888 7470 23
5888 7470 54
5888 7467 46
5888 7467 24
6099 7408 28
6099 7408 58
6099 7404 29
6099 7404 9
6099 7409 15
6099 7409 13
6099 7395 4
6099 7395 5
6099 7420 30
6099 7420 28
6099 7405 24
6099 7405 55
6099 7406 46
6099 7406 44
6099 7418 15
6099 7418 26
6099 7419 5
6099 7419 20
6099 7394 42
6099 7394 42
6099 7393 49
6099 7393 57
6099 7421 51
6099 7421 20
6099 7447 53
6099 7447 8
6099 7407 30
6099 7407 49
6099 7413 43
6099 7413 44
6099 7417 33
6099 7417 10
6099 7423 9
6099 7423 21
6099 7392 41
6099 7392 48
6099 7422 8
6099 7422 18
6099 7469 59
6099 7469 4
6099 7506 22
6099 7506 20
6099 7415 54
6099 7415 1
6099 7442 9
6099 7442 8
6099 7521 18
6099 7521 5
6099 7414 4
6099 7414 5
6099 8339 60
6099 8339 36
6099 7416 1
6099 7416 55
6099 7424 13
6099 7424 53
6099 7472 12
6099 7472 42
6099 7505 13
6099 7505 41
6099 7470 53
6099 7470 5
6099 7467 43
6099 7467 30
6338 7408 53
6338 7408 24
6338 7404 19
6338 7404 22
6338 7409 11
6338 7409 7
6338 7395 23
6338 7395 32
6338 7420 3
6338 7420 51
6338 7405 32
6338 7405 6
6338 7406 37
6338 7406 35
6338 7418 25
6338 7418 7
6338 7419 56
6338 7419 38
6338 7394 36
6338 7394 35
6338 7393 0
6338 7393 49
6338 7421 30
6338 7421 41
6338 7447 35
6338 7447 29
6338 7407 7
6338 7407 32
6338 7413 14
6338 7413 39
6338 7417 29
6338 7417 47
6338 7423 24
6338 7423 13
6338 7392 50
6338 7392 46
6338 7422 33
6338 7422 4
6338 7469 20
6338 7469 57
6338 7506 4
6338 7506 11
6338 7415 13
6338 7415 53
6338 7442 34
6338 7442 17
6338 7521 13
6338 7521 9
6338 7414 8
6338 7414 23
6338 8339 32
6338 8339 1
6338 7416 44
6338 7416 42
6338 7424 38
6338 7424 55
6338 7472 22
6338 7472 49
6338 7505 49
6338 7505 20
6338 7470 12
6338 7470 21
6338 7467 15
6338 7467 33
9820 7408 24
9820 7408 60
9820 7404 52
9820 7404 50
9820 7409 24
9820 7409 51
9820 7395 20
9820 7395 13
9820 7420 3
9820 7420 20
9820 7405 38
9820 7405 9
9820 7406 56
9820 7406 23
9820 7418 47
9820 7418 37
9820 7419 40
9820 7419 53
9820 7394 32
9820 7394 35
9820 7393 44
9820 7393 21
9820 7421 3
9820 7421 6
9820 7447 31
9820 7447 55
9820 7407 36
9820 7407 34
9820 7413 29
9820 7413 12
9820 7417 5
9820 7417 54
9820 7423 38
9820 7423 16
9820 7392 51
9820 7392 35
9820 7422 40
9820 7422 0
9820 7469 36
9820 7469 43
9820 7506 26
9820 7506 34
9820 7415 15
9820 7415 4
9820 7442 37
9820 7442 6
9820 7521 56
9820 7521 41
9820 7414 41
9820 7414 1
9820 8339 11
9820 8339 60
9820 7416 33
9820 7416 35
9820 7424 53
9820 7424 3
9820 7472 53
9820 7472 12
9820 7505 5
9820 7505 41
9820 7470 6
9820 7470 31
9820 7467 9
9820 7467 19
5969 7408 22
5969 7408 11
5969 7404 49
5969 7404 60
5969 7409 27
5969 7409 55
5969 7395 59
5969 7395 7
5969 7420 21
5969 7420 0
5969 7405 45
5969 7405 59
5969 7406 19
5969 7406 57
5969 7418 36
5969 7418 27
5969 7419 16
5969 7419 42
5969 7394 56
5969 7394 1
5969 7393 49
5969 7393 28
5969 7421 50
5969 7421 24
5969 7447 9
5969 7447 9
5969 7407 6
5969 7407 43
5969 7413 3
5969 7413 45
5969 7417 35
5969 7417 33
5969 7423 18
5969 7423 58
5969 7392 10
5969 7392 26
5969 7422 18
5969 7422 54
5969 7469 14
5969 7469 46
5969 7506 5
5969 7506 48
5969 7415 26
5969 7415 27
5969 7442 23
5969 7442 24
5969 7521 22
5969 7521 15
5969 7414 5
5969 7414 37
5969 8339 49
5969 8339 29
5969 7416 50
5969 7416 54
5969 7424 45
5969 7424 54
5969 7472 20
5969 7472 52
5969 7505 60
5969 7505 0
5969 7470 0
5969 7470 55
5969 7467 6
5969 7467 47
6434 7408 41
6434 7408 23
6434 7404 54
6434 7404 5
6434 7409 43
6434 7409 15
6434 7395 6
6434 7395 13
6434 7420 45
6434 7420 56
6434 7405 52
6434 7405 2
6434 7406 9
6434 7406 34
6434 7418 26
6434 7418 10
6434 7419 29
6434 7419 53
6434 7394 3
6434 7394 7
6434 7393 1
6434 7393 41
6434 7421 47
6434 7421 56
6434 7447 50
6434 7447 1
6434 7407 58
6434 7407 52
6434 7413 9
6434 7413 12
6434 7417 33
6434 7417 32
6434 7423 13
6434 7423 49
6434 7392 31
6434 7392 34
6434 7422 24
6434 7422 42
6434 7469 27
6434 7469 11
6434 7506 20
6434 7506 40
6434 7415 17
6434 7415 33
6434 7442 33
6434 7442 43
6434 7521 38
6434 7521 58
6434 7414 0
6434 7414 6
6434 8339 57
6434 8339 34
6434 7416 25
6434 7416 38
6434 7424 39
6434 7424 46
6434 7472 49
6434 7472 47
6434 7505 27
6434 7505 30
6434 7470 51
6434 7470 43
6434 7467 46
6434 7467 34
9810 7408 37
9810 7408 12
9810 7404 34
9810 7404 53
9810 7409 41
9810 7409 52
9810 7395 52
9810 7395 12
9810 7420 29
9810 7420 40
9810 7405 46
9810 7405 41
9810 7406 27
9810 7406 4
9810 7418 15
9810 7418 3
9810 7419 56
9810 7419 38
9810 7394 8
9810 7394 56
9810 7393 59
9810 7393 35
9810 7421 27
9810 7421 42
9810 7447 41
9810 7447 36
9810 7407 59
9810 7407 21
9810 7413 23
9810 7413 1
9810 7417 30
9810 7417 29
9810 7423 6
9810 7423 23
9810 7392 17
9810 7392 35
9810 7422 47
9810 7422 20
9810 7469 40
9810 7469 26
9810 7506 44
9810 7506 22
9810 7415 41
9810 7415 25
9810 7442 32
9810 7442 33
9810 7521 30
9810 7521 15
9810 7414 10
9810 7414 14
9810 8339 53
9810 8339 6
9810 7416 1
9810 7416 31
9810 7424 12
9810 7424 35
9810 7472 41
9810 7472 46
9810 7505 20
9810 7505 18
9810 7470 40
9810 7470 43
9810 7467 38
9810 7467 37
8340 7408 57
8340 7408 25
8340 7404 13
8340 7404 37
8340 7409 57
8340 7409 47
8340 7395 36
8340 7395 33
8340 7420 39
8340 7420 31
8340 7405 48
8340 7405 17
8340 7406 23
8340 7406 18
8340 7418 40
8340 7418 31
8340 7419 57
8340 7419 23
8340 7394 41
8340 7394 18
8340 7393 45
8340 7393 49
8340 7421 45
8340 7421 18
8340 7447 26
8340 7447 34
8340 7407 53
8340 7407 26
8340 7413 1
8340 7413 57
8340 7417 60
8340 7417 27
8340 7423 48
8340 7423 1
8340 7392 16
8340 7392 46
8340 7422 4
8340 7422 43
8340 7469 31
8340 7469 52
8340 7506 40
8340 7506 29
8340 7415 20
8340 7415 24
8340 7442 33
8340 7442 29
8340 7521 6
8340 7521 21
8340 7414 45
8340 7414 26
8340 8339 11
8340 8339 29
8340 7416 41
8340 7416 47
8340 7424 15
8340 7424 35
8340 7472 24
8340 7472 29
8340 7505 37
8340 7505 55
8340 7470 11
8340 7470 31
8340 7467 45
8340 7467 30
9811 7408 34
9811 7408 28
9811 7404 34
9811 7404 13
9811 7409 11
9811 7409 5
9811 7395 10
9811 7395 49
9811 7420 50
9811 7420 54
9811 7405 18
9811 7405 24
9811 7406 60
9811 7406 57
9811 7418 25
9811 7418 18
9811 7419 44
9811 7419 55
9811 7394 43
9811 7394 4
9811 7393 11
9811 7393 23
9811 7421 44
9811 7421 40
9811 7447 45
9811 7447 37
9811 7407 46
9811 7407 30
9811 7413 11
9811 7413 39
9811 7417 15
9811 7417 1
9811 7423 33
9811 7423 56
9811 7392 31
9811 7392 55
9811 7422 4
9811 7422 7
9811 7469 44
9811 7469 34
9811 7506 44
9811 7506 22
9811 7415 4
9811 7415 23
9811 7442 19
9811 7442 44
9811 7521 54
9811 7521 41
9811 7414 54
9811 7414 15
9811 8339 33
9811 8339 37
9811 7416 58
9811 7416 28
9811 7424 49
9811 7424 50
9811 7472 42
9811 7472 51
9811 7505 20
9811 7505 38
9811 7470 28
9811 7470 52
9811 7467 45
9811 7467 27
5970 7408 3
5970 7408 32
5970 7404 52
5970 7404 60
5970 7409 26
5970 7409 32
5970 7395 46
5970 7395 46
5970 7420 25
5970 7420 27
5970 7405 53
5970 7405 49
5970 7406 51
5970 7406 5
5970 7418 6
5970 7418 60
5970 7419 1
5970 7419 39
5970 7394 20
5970 7394 41
5970 7393 8
5970 7393 39
5970 7421 53
5970 7421 16
5970 7447 51
5970 7447 18
5970 7407 20
5970 7407 53
5970 7413 7
5970 7413 34
5970 7417 4
5970 7417 0
5970 7423 30
5970 7423 4
5970 7392 28
5970 7392 38
5970 7422 6
5970 7422 18
5970 7469 6
5970 7469 42
5970 7506 27
5970 7506 31
5970 7415 28
5970 7415 35
5970 7442 9
5970 7442 16
5970 7521 16
5970 7521 40
5970 7414 59
5970 7414 3
5970 8339 33
5970 8339 54
5970 7416 55
5970 7416 13
5970 7424 27
5970 7424 37
5970 7472 32
5970 7472 44
5970 7505 45
5970 7505 55
5970 7470 52
5970 7470 5
5970 7467 36
5970 7467 16
9626 7408 7
9626 7408 11
9626 7404 45
9626 7404 7
9626 7409 59
9626 7409 49
9626 7395 28
9626 7395 53
9626 7420 31
9626 7420 0
9626 7405 39
9626 7405 29
9626 7406 57
9626 7406 16
9626 7418 0
9626 7418 34
9626 7419 32
9626 7419 22
9626 7394 14
9626 7394 30
9626 7393 16
9626 7393 8
9626 7421 22
9626 7421 47
9626 7447 45
9626 7447 14
9626 7407 26
9626 7407 35
9626 7413 53
9626 7413 53
9626 7417 23
9626 7417 7
9626 7423 46
9626 7423 28
9626 7392 59
9626 7392 55
9626 7422 1
9626 7422 33
9626 7469 40
9626 7469 26
9626 7506 36
9626 7506 41
9626 7415 23
9626 7415 32
9626 7442 3
9626 7442 54
9626 7521 50
9626 7521 33
9626 7414 41
9626 7414 24
9626 8339 37
9626 8339 13
9626 7416 28
9626 7416 56
9626 7424 35
9626 7424 56
9626 7472 53
9626 7472 30
9626 7505 45
9626 7505 26
9626 7470 47
9626 7470 55
9626 7467 45
9626 7467 18
6312 7408 18
6312 7408 16
6312 7404 24
6312 7404 27
6312 7409 15
6312 7409 7
6312 7395 47
6312 7395 59
6312 7420 16
6312 7420 50
6312 7405 53
6312 7405 44
6312 7406 45
6312 7406 11
6312 7418 7
6312 7418 37
6312 7419 13
6312 7419 22
6312 7394 12
6312 7394 7
6312 7393 14
6312 7393 60
6312 7421 2
6312 7421 30
6312 7447 3
6312 7447 47
6312 7407 44
6312 7407 4
6312 7413 60
6312 7413 57
6312 7417 35
6312 7417 12
6312 7423 0
6312 7423 14
6312 7392 9
6312 7392 38
6312 7422 43
6312 7422 48
6312 7469 18
6312 7469 50
6312 7506 19
6312 7506 44
6312 7415 44
6312 7415 20
6312 7442 57
6312 7442 40
6312 7521 24
6312 7521 34
6312 7414 42
6312 7414 18
6312 8339 51
6312 8339 21
6312 7416 12
6312 7416 29
6312 7424 48
6312 7424 59
6312 7472 57
6312 7472 49
6312 7505 1
6312 7505 31
6312 7470 36
6312 7470 28
6312 7467 48
6312 7467 47
8339 7408 32
8339 7408 37
8339 7404 58
8339 7404 40
8339 7409 4
8339 7409 50
8339 7395 14
8339 7395 33
8339 7420 42
8339 7420 51
8339 7405 19
8339 7405 42
8339 7406 48
8339 7406 27
8339 7418 13
8339 7418 1
8339 7419 16
8339 7419 15
8339 7394 8
8339 7394 0
8339 7393 8
8339 7393 4
8339 7421 4
8339 7421 0
8339 7447 20
8339 7447 39
8339 7407 46
8339 7407 41
8339 7413 21
8339 7413 36
8339 7417 42
8339 7417 28
8339 7423 49
8339 7423 15
8339 7392 44
8339 7392 9
8339 7422 39
8339 7422 45
8339 7469 41
8339 7469 34
8339 7506 7
8339 7506 5
8339 7415 33
8339 7415 36
8339 7442 42
8339 7442 22
8339 7521 11
8339 7521 20
8339 7414 55
8339 7414 7
8339 8339 9
8339 8339 50
8339 7416 35
8339 7416 43
8339 7424 32
8339 7424 24
8339 7472 51
8339 7472 20
8339 7505 43
8339 7505 38
8339 7470 56
8339 7470 56
8339 7467 37
8339 7467 59
8341 7408 27
8341 7408 24
8341 7404 55
8341 7404 34
8341 7409 23
8341 7409 23
8341 7395 57
8341 7395 57
8341 7420 19
8341 7420 21
8341 7405 24
8341 7405 10
8341 7406 52
8341 7406 27
8341 7418 7
8341 7418 8
8341 7419 32
8341 7419 54
8341 7394 30
8341 7394 12
8341 7393 38
8341 7393 38
8341 7421 60
8341 7421 24
8341 7447 34
8341 7447 36
8341 7407 4
8341 7407 11
8341 7413 19
8341 7413 10
8341 7417 57
8341 7417 12
8341 7423 34
8341 7423 21
8341 7392 34
8341 7392 7
8341 7422 39
8341 7422 16
8341 7469 14
8341 7469 51
8341 7506 27
8341 7506 55
8341 7415 6
8341 7415 52
8341 7442 25
8341 7442 19
8341 7521 14
8341 7521 33
8341 7414 7
8341 7414 17
8341 8339 54
8341 8339 28
8341 7416 49
8341 7416 34
8341 7424 58
8341 7424 17
8341 7472 41
8341 7472 37
8341 7505 60
8341 7505 55
8341 7470 59
8341 7470 31
8341 7467 21
8341 7467 25
8338 7408 58
8338 7408 28
8338 7404 57
8338 7404 13
8338 7409 49
8338 7409 48
8338 7395 57
8338 7395 39
8338 7420 3
8338 7420 16
8338 7405 23
8338 7405 21
8338 7406 52
8338 7406 41
8338 7418 3
8338 7418 41
8338 7419 16
8338 7419 6
8338 7394 37
8338 7394 59
8338 7393 17
8338 7393 40
8338 7421 56
8338 7421 51
8338 7447 36
8338 7447 34
8338 7407 38
8338 7407 10
8338 7413 20
8338 7413 56
8338 7417 45
8338 7417 26
8338 7423 4
8338 7423 56
8338 7392 12
8338 7392 21
8338 7422 60
8338 7422 56
8338 7469 9
8338 7469 57
8338 7506 35
8338 7506 45
8338 7415 5
8338 7415 8
8338 7442 44
8338 7442 22
8338 7521 9
8338 7521 18
8338 7414 33
8338 7414 31
8338 8339 19
8338 8339 18
8338 7416 49
8338 7416 0
8338 7424 7
8338 7424 41
8338 7472 24
8338 7472 46
8338 7505 18
8338 7505 1
8338 7470 0
8338 7470 25
8338 7467 5
8338 7467 37
9625 7408 27
9625 7408 22
9625 7404 0
9625 7404 21
9625 7409 2
9625 7409 2
9625 7395 23
9625 7395 50
9625 7420 16
9625 7420 39
9625 7405 52
9625 7405 56
9625 7406 43
9625 7406 34
9625 7418 6
9625 7418 8
9625 7419 15
9625 7419 4
9625 7394 60
9625 7394 35
9625 7393 0
9625 7393 6
9625 7421 53
9625 7421 4
9625 7447 32
9625 7447 50
9625 7407 7
9625 7407 1
9625 7413 43
9625 7413 41
9625 7417 31
9625 7417 54
9625 7423 17
9625 7423 0
9625 7392 17
9625 7392 30
9625 7422 30
9625 7422 37
9625 7469 0
9625 7469 46
9625 7506 9
9625 7506 32
9625 7415 59
9625 7415 53
9625 7442 29
9625 7442 25
9625 7521 1
9625 7521 4
9625 7414 34
9625 7414 8
9625 8339 38
9625 8339 31
9625 7416 53
9625 7416 16
9625 7424 24
9625 7424 26
9625 7472 5
9625 7472 2
9625 7505 31
9625 7505 8
9625 7470 41
9625 7470 34
9625 7467 40
9625 7467 30
7322 7408 44
7322 7408 37
7322 7404 39
7322 7404 53
7322 7409 31
7322 7409 1
7322 7395 16
7322 7395 21
7322 7420 10
7322 7420 45
7322 7405 20
7322 7405 37
7322 7406 0
7322 7406 60
7322 7418 57
7322 7418 26
7322 7419 34
7322 7419 11
7322 7394 12
7322 7394 57
7322 7393 15
7322 7393 34
7322 7421 23
7322 7421 21
7322 7447 3
7322 7447 5
7322 7407 0
7322 7407 46
7322 7413 11
7322 7413 47
7322 7417 31
7322 7417 22
7322 7423 2
7322 7423 10
7322 7392 24
7322 7392 19
7322 7422 8
7322 7422 34
7322 7469 0
7322 7469 43
7322 7506 56
7322 7506 27
7322 7415 57
7322 7415 18
7322 7442 4
7322 7442 43
7322 7521 59
7322 7521 17
7322 7414 33
7322 7414 45
7322 8339 30
7322 8339 9
7322 7416 13
7322 7416 18
7322 7424 59
7322 7424 32
7322 7472 51
7322 7472 5
7322 7505 36
7322 7505 12
7322 7470 40
7322 7470 20
7322 7467 39
7322 7467 3
6137 7408 52
6137 7408 27
6137 7404 33
6137 7404 34
6137 7409 29
6137 7409 30
6137 7395 58
6137 7395 9
6137 7420 21
6137 7420 35
6137 7405 8
6137 7405 17
6137 7406 30
6137 7406 4
6137 7418 4
6137 7418 54
6137 7419 36
6137 7419 55
6137 7394 29
6137 7394 34
6137 7393 21
6137 7393 16
6137 7421 13
6137 7421 42
6137 7447 13
6137 7447 46
6137 7407 7
6137 7407 57
6137 7413 55
6137 7413 53
6137 7417 10
6137 7417 21
6137 7423 8
6137 7423 53
6137 7392 44
6137 7392 51
6137 7422 4
6137 7422 40
6137 7469 26
6137 7469 10
6137 7506 31
6137 7506 46
6137 7415 45
6137 7415 58
6137 7442 47
6137 7442 2
6137 7521 12
6137 7521 52
6137 7414 10
6137 7414 5
6137 8339 0
6137 8339 14
6137 7416 57
6137 7416 17
6137 7424 47
6137 7424 49
6137 7472 42
6137 7472 1
6137 7505 40
6137 7505 14
6137 7470 7
6137 7470 39
6137 7467 44
6137 7467 17
6310 7408 16
6310 7408 57
6310 7404 22
6310 7404 37
6310 7409 9
6310 7409 26
6310 7395 41
6310 7395 20
6310 7420 44
6310 7420 41
6310 7405 53
6310 7405 48
6310 7406 2
6310 7406 54
6310 7418 25
6310 7418 8
6310 7419 7
6310 7419 0
6310 7394 38
6310 7394 43
6310 7393 29
6310 7393 9
6310 7421 27
6310 7421 33
6310 7447 32
6310 7447 29
6310 7407 48
6310 7407 39
6310 7413 59
6310 7413 24
6310 7417 34
6310 7417 14
6310 7423 5
6310 7423 17
6310 7392 27
6310 7392 57
6310 7422 24
6310 7422 21
6310 7469 43
6310 7469 36
6310 7506 38
6310 7506 14
6310 7415 52
6310 7415 32
6310 7442 44
6310 7442 13
6310 7521 51
6310 7521 30
6310 7414 48
6310 7414 43
6310 8339 28
6310 8339 34
6310 7416 52
6310 7416 57
6310 7424 0
6310 7424 6
6310 7472 15
6310 7472 33
6310 7505 48
6310 7505 51
6310 7470 50
6310 7470 59
6310 7467 21
6310 7467 55
6322 7408 9
6322 7408 24
6322 7404 24
6322 7404 18
6322 7409 28
6322 7409 36
6322 7395 20
6322 7395 26
6322 7420 32
6322 7420 14
6322 7405 21
6322 7405 59
6322 7406 0
6322 7406 0
6322 7418 18
6322 7418 8
6322 7419 17
6322 7419 38
6322 7394 5
6322 7394 52
6322 7393 40
6322 7393 2
6322 7421 42
6322 7421 13
6322 7447 60
6322 7447 52
6322 7407 39
6322 7407 37
6322 7413 16
6322 7413 13
6322 7417 35
6322 7417 55
6322 7423 13
6322 7423 37
6322 7392 15
6322 7392 26
6322 7422 28
6322 7422 26
6322 7469 60
6322 7469 37
6322 7506 19
6322 7506 54
6322 7415 8
6322 7415 22
6322 7442 2
6322 7442 19
6322 7521 25
6322 7521 12
6322 7414 12
6322 7414 27
6322 8339 59
6322 8339 8
6322 7416 18
6322 7416 0
6322 7424 27
6322 7424 24
6322 7472 60
6322 7472 33
6322 7505 25
6322 7505 23
6322 7470 11
6322 7470 15
6322 7467 41
6322 7467 48
