2717 6395 51
2717 6394 23
2717 6396 44
2717 9692 4
2717 6398 34
2717 6397 41
2717 9638 53
2717 9530 44
2717 9641 27
2717 8686 57
2717 9528 4
2717 8688 22
2717 8677 10
2717 9636 57
2717 9637 30
2717 9531 5
2717 9529 21
2717 6405 27
2717 8685 43
2717 8679 34
2717 8687 43
2717 8676 47
2717 9517 40
2717 9518 25
2717 9640 57
2717 9639 20
2717 9834 51
2717 6404 55
2717 6406 16
2717 8681 30
2717 8680 11
2717 8778 36
2714 6395 24
2714 6394 14
2714 6396 9
2714 9692 7
2714 6398 29
2714 6397 57
2714 9638 30
2714 9530 25
2714 9641 42
2714 8686 19
2714 9528 1
2714 8688 33
2714 8677 17
2714 9636 30
2714 9637 4
2714 9531 32
2714 9529 56
2714 6405 23
2714 8685 16
2714 8679 21
2714 8687 16
2714 8676 8
2714 9517 28
2714 9518 40
2714 9640 27
2714 9639 18
2714 9834 3
2714 6404 29
2714 6406 55
2714 8681 18
2714 8680 52
2714 8778 40
2733 6395 30
2733 6394 5
2733 6396 45
2733 9692 15
2733 6398 35
2733 6397 50
2733 9638 14
2733 9530 6
2733 9641 47
2733 8686 26
2733 9528 27
2733 8688 44
2733 8677 42
2733 9636 46
2733 9637 21
2733 9531 8
2733 9529 54
2733 6405 32
2733 8685 33
2733 8679 16
2733 8687 43
2733 8676 49
2733 9517 36
2733 9518 37
2733 9640 57
2733 9639 29
2733 9834 17
2733 6404 29
2733 6406 54
2733 8681 32
2733 8680 14
2733 8778 49
2734 6395 0
2734 6394 42
2734 6396 21
2734 9692 5
2734 6398 52
2734 6397 13
2734 9638 42
2734 9530 0
2734 9641 3
2734 8686 12
2734 9528 40
2734 8688 20
2734 8677 45
2734 9636 42
2734 9637 53
2734 9531 17
2734 9529 53
2734 6405 34
2734 8685 54
2734 8679 11
2734 8687 47
2734 8676 59
2734 9517 54
2734 9518 52
2734 9640 15
2734 9639 40
2734 9834 15
2734 6404 21
2734 6406 49
2734 8681 18
2734 8680 0
2734 8778 5
2730 6395 19
2730 6394 27
2730 6396 45
2730 9692 1
2730 6398 35
2730 6397 51
2730 9638 25
2730 9530 5
2730 9641 59
2730 8686 2
2730 9528 10
2730 8688 53
2730 8677 2
2730 9636 21
2730 9637 47
2730 9531 60
2730 9529 4
2730 6405 18
2730 8685 16
2730 8679 44
2730 8687 10
2730 8676 38
2730 9517 0
2730 9518 11
2730 9640 41
2730 9639 9
2730 9834 28
2730 6404 56
2730 6406 16
2730 8681 19
2730 8680 4
2730 8778 36
2716 6395 2
2716 6394 24
2716 6396 29
2716 9692 6
2716 6398 18
2716 6397 4
2716 9638 29
2716 9530 9
2716 9641 15
2716 8686 51
2716 9528 60
2716 8688 18
2716 8677 48
2716 9636 2
2716 9637 41
2716 9531 50
2716 9529 15
2716 6405 13
2716 8685 35
2716 8679 43
2716 8687 56
2716 8676 13
2716 9517 35
2716 9518 32
2716 9640 45
2716 9639 50
2716 9834 55
2716 6404 8
2716 6406 26
2716 8681 41
2716 8680 44
2716 8778 13
2713 6395 10
2713 6394 5
2713 6396 59
2713 9692 45
2713 6398 24
2713 6397 42
2713 9638 45
2713 9530 43
2713 9641 31
2713 8686 45
2713 9528 18
2713 8688 51
2713 8677 47
2713 9636 7
2713 9637 57
2713 9531 45
2713 9529 11
2713 6405 38
2713 8685 54
2713 8679 38
2713 8687 46
2713 8676 48
2713 9517 47
2713 9518 38
2713 9640 21
2713 9639 58
2713 9834 14
2713 6404 20
2713 6406 30
2713 8681 28
2713 8680 28
2713 8778 40
2718 6395 25
2718 6394 7
2718 6396 59
2718 9692 1
2718 6398 48
2718 6397 55
2718 9638 33
2718 9530 47
2718 9641 50
2718 8686 8
2718 9528 56
2718 8688 7
2718 8677 8
2718 9636 34
2718 9637 46
2718 9531 56
2718 9529 5
2718 6405 48
2718 8685 22
2718 8679 19
2718 8687 18
2718 8676 4
2718 9517 28
2718 9518 59
2718 9640 47
2718 9639 18
2718 9834 5
2718 6404 16
2718 6406 30
2718 8681 23
2718 8680 3
2718 8778 1
2736 6395 40
2736 6394 49
2736 6396 57
2736 9692 47
2736 6398 56
2736 6397 55
2736 9638 49
2736 9530 43
2736 9641 47
2736 8686 50
2736 9528 41
2736 8688 15
2736 8677 41
2736 9636 19
2736 9637 14
2736 9531 28
2736 9529 53
2736 6405 21
2736 8685 37
2736 8679 40
2736 8687 2
2736 8676 33
2736 9517 35
2736 9518 11
2736 9640 16
2736 9639 1
2736 9834 41
2736 6404 31
2736 6406 21
2736 8681 39
2736 8680 55
2736 8778 21
2833 6395 8
2833 6394 52
2833 6396 43
2833 9692 28
2833 6398 1
2833 6397 32
2833 9638 11
2833 9530 20
2833 9641 38
2833 8686 54
2833 9528 21
2833 8688 4
2833 8677 51
2833 9636 25
2833 9637 39
2833 9531 38
2833 9529 47
2833 6405 57
2833 8685 38
2833 8679 40
2833 8687 13
2833 8676 41
2833 9517 46
2833 9518 19
2833 9640 7
2833 9639 29
2833 9834 40
2833 6404 48
2833 6406 49
2833 8681 42
2833 8680 5
2833 8778 6
2732 6395 58
2732 6394 50
2732 6396 21
2732 9692 4
2732 6398 47
2732 6397 45
2732 9638 46
2732 9530 36
2732 9641 3
2732 8686 52
2732 9528 54
2732 8688 55
2732 8677 54
2732 9636 35
2732 9637 8
2732 9531 42
2732 9529 23
2732 6405 33
2732 8685 30
2732 8679 45
2732 8687 8
2732 8676 4
2732 9517 5
2732 9518 53
2732 9640 28
2732 9639 29
2732 9834 13
2732 6404 60
2732 6406 1
2732 8681 48
2732 8680 51
2732 8778 47
2715 6395 11
2715 6394 59
2715 6396 44
2715 9692 8
2715 6398 4
2715 6397 19
2715 9638 19
2715 9530 44
2715 9641 30
2715 8686 9
2715 9528 42
2715 8688 18
2715 8677 27
2715 9636 5
2715 9637 36
2715 9531 28
2715 9529 16
2715 6405 47
2715 8685 18
2715 8679 48
2715 8687 42
2715 8676 14
2715 9517 33
2715 9518 22
2715 9640 50
2715 9639 30
2715 9834 38
2715 6404 16
2715 6406 46
2715 8681 38
2715 8680 46
2715 8778 56
2707 6395 23
2707 6394 49
2707 6396 13
2707 9692 28
2707 6398 27
2707 6397 27
2707 9638 46
2707 9530 28
2707 9641 14
2707 8686 25
2707 9528 51
2707 8688 19
2707 8677 27
2707 9636 57
2707 9637 2
2707 9531 3
2707 9529 30
2707 6405 33
2707 8685 28
2707 8679 33
2707 8687 38
2707 8676 11
2707 9517 23
2707 9518 40
2707 9640 42
2707 9639 0
2707 9834 30
2707 6404 23
2707 6406 26
2707 8681 57
2707 8680 35
2707 8778 30
2814 6395 7
2814 6394 31
2814 6396 54
2814 9692 0
2814 6398 36
2814 6397 36
2814 9638 1
2814 9530 11
2814 9641 7
2814 8686 47
2814 9528 18
2814 8688 35
2814 8677 31
2814 9636 5
2814 9637 34
2814 9531 47
2814 9529 18
2814 6405 1
2814 8685 60
2814 8679 11
2814 8687 9
2814 8676 22
2814 9517 27
2814 9518 11
2814 9640 0
2814 9639 18
2814 9834 3
2814 6404 6
2814 6406 48
2814 8681 21
2814 8680 60
2814 8778 33
2826 6395 43
2826 6394 10
2826 6396 43
2826 9692 44
2826 6398 20
2826 6397 40
2826 9638 54
2826 9530 25
2826 9641 59
2826 8686 22
2826 9528 21
2826 8688 47
2826 8677 1
2826 9636 23
2826 9637 36
2826 9531 13
2826 9529 25
2826 6405 42
2826 8685 22
2826 8679 9
2826 8687 2
2826 8676 12
2826 9517 41
2826 9518 44
2826 9640 40
2826 9639 56
2826 9834 41
2826 6404 1
2826 6406 57
2826 8681 60
2826 8680 48
2826 8778 24
2737 6395 1
2737 6394 14
2737 6396 47
2737 9692 55
2737 6398 6
2737 6397 22
2737 9638 40
2737 9530 55
2737 9641 16
2737 8686 6
2737 9528 22
2737 8688 37
2737 8677 54
2737 9636 21
2737 9637 37
2737 9531 60
2737 9529 38
2737 6405 22
2737 8685 35
2737 8679 14
2737 8687 44
2737 8676 18
2737 9517 52
2737 9518 26
2737 9640 58
2737 9639 14
2737 9834 51
2737 6404 25
2737 6406 26
2737 8681 49
2737 8680 21
2737 8778 20
2731 6395 44
2731 6394 10
2731 6396 12
2731 9692 52
2731 6398 3
2731 6397 4
2731 9638 43
2731 9530 2
2731 9641 22
2731 8686 36
2731 9528 37
2731 8688 8
2731 8677 44
2731 9636 46
2731 9637 10
2731 9531 4
2731 9529 32
2731 6405 48
2731 8685 18
2731 8679 7
2731 8687 54
2731 8676 47
2731 9517 33
2731 9518 50
2731 9640 60
2731 9639 40
2731 9834 34
2731 6404 3
2731 6406 42
2731 8681 52
2731 8680 1
2731 8778 28
2708 6395 33
2708 6394 51
2708 6396 49
2708 9692 20
2708 6398 33
2708 6397 25
2708 9638 36
2708 9530 19
2708 9641 6
2708 8686 23
2708 9528 16
2708 8688 39
2708 8677 33
2708 9636 9
2708 9637 2
2708 9531 28
2708 9529 30
2708 6405 29
2708 8685 12
2708 8679 40
2708 8687 6
2708 8676 21
2708 9517 50
2708 9518 33
2708 9640 22
2708 9639 28
2708 9834 60
2708 6404 25
2708 6406 6
2708 8681 42
2708 8680 48
2708 8778 9
2813 6395 52
2813 6394 5
2813 6396 16
2813 9692 44
2813 6398 15
2813 6397 38
2813 9638 27
2813 9530 23
2813 9641 32
2813 8686 52
2813 9528 24
2813 8688 13
2813 8677 57
2813 9636 16
2813 9637 37
2813 9531 21
2813 9529 11
2813 6405 41
2813 8685 13
2813 8679 35
2813 8687 7
2813 8676 23
2813 9517 58
2813 9518 38
2813 9640 43
2813 9639 36
2813 9834 4
2813 6404 41
2813 6406 51
2813 8681 29
2813 8680 21
2813 8778 9
2825 6395 19
2825 6394 18
2825 6396 45
2825 9692 11
2825 6398 48
2825 6397 48
2825 9638 48
2825 9530 15
2825 9641 5
2825 8686 25
2825 9528 55
2825 8688 11
2825 8677 54
2825 9636 50
2825 9637 9
2825 9531 13
2825 9529 46
2825 6405 32
2825 8685 34
2825 8679 55
2825 8687 35
2825 8676 19
2825 9517 0
2825 9518 14
2825 9640 21
2825 9639 47
2825 9834 47
2825 6404 59
2825 6406 18
2825 8681 45
2825 8680 39
2825 8778 25
2834 6395 43
2834 6394 20
2834 6396 42
2834 9692 24
2834 6398 41
2834 6397 32
2834 9638 56
2834 9530 1
2834 9641 0
2834 8686 34
2834 9528 14
2834 8688 42
2834 8677 52
2834 9636 9
2834 9637 60
2834 9531 24
2834 9529 14
2834 6405 30
2834 8685 35
2834 8679 44
2834 8687 53
2834 8676 33
2834 9517 53
2834 9518 21
2834 9640 37
2834 9639 17
2834 9834 25
2834 6404 44
2834 6406 47
2834 8681 23
2834 8680 52
2834 8778 52
2795 6395 17
2795 6394 49
2795 6396 11
2795 9692 50
2795 6398 42
2795 6397 9
2795 9638 29
2795 9530 44
2795 9641 9
2795 8686 37
2795 9528 8
2795 8688 15
2795 8677 10
2795 9636 26
2795 9637 2
2795 9531 24
2795 9529 31
2795 6405 47
2795 8685 24
2795 8679 58
2795 8687 6
2795 8676 55
2795 9517 41
2795 9518 56
2795 9640 30
2795 9639 18
2795 9834 48
2795 6404 25
2795 6406 41
2795 8681 15
2795 8680 37
2795 8778 21
2735 6395 8
2735 6394 30
2735 6396 53
2735 9692 2
2735 6398 37
2735 6397 37
2735 9638 18
2735 9530 46
2735 9641 35
2735 8686 52
2735 9528 11
2735 8688 55
2735 8677 1
2735 9636 9
2735 9637 12
2735 9531 25
2735 9529 24
2735 6405 37
2735 8685 57
2735 8679 17
2735 8687 33
2735 8676 55
2735 9517 6
2735 9518 35
2735 9640 59
2735 9639 23
2735 9834 49
2735 6404 45
2735 6406 49
2735 8681 46
2735 8680 30
2735 8778 21
2726 6395 57
2726 6394 12
2726 6396 10
2726 9692 45
2726 6398 13
2726 6397 22
2726 9638 14
2726 9530 46
2726 9641 36
2726 8686 3
2726 9528 55
2726 8688 11
2726 8677 39
2726 9636 23
2726 9637 31
2726 9531 17
2726 9529 26
2726 6405 60
2726 8685 44
2726 8679 45
2726 8687 23
2726 8676 19
2726 9517 45
2726 9518 27
2726 9640 30
2726 9639 0
2726 9834 49
2726 6404 39
2726 6406 16
2726 8681 43
2726 8680 23
2726 8778 29
2710 6395 34
2710 6394 27
2710 6396 24
2710 9692 1
2710 6398 27
2710 6397 37
2710 9638 21
2710 9530 2
2710 9641 54
2710 8686 40
2710 9528 42
2710 8688 39
2710 8677 38
2710 9636 42
2710 9637 36
2710 9531 29
2710 9529 50
2710 6405 52
2710 8685 46
2710 8679 37
2710 8687 39
2710 8676 27
2710 9517 8
2710 9518 55
2710 9640 39
2710 9639 47
2710 9834 26
2710 6404 1
2710 6406 28
2710 8681 42
2710 8680 53
2710 8778 9
2812 6395 33
2812 6394 4
2812 6396 20
2812 9692 25
2812 6398 7
2812 6397 57
2812 9638 12
2812 9530 20
2812 9641 14
2812 8686 9
2812 9528 6
2812 8688 4
2812 8677 19
2812 9636 1
2812 9637 32
2812 9531 0
2812 9529 43
2812 6405 49
2812 8685 16
2812 8679 44
2812 8687 2
2812 8676 56
2812 9517 45
2812 9518 48
2812 9640 40
2812 9639 1
2812 9834 41
2812 6404 47
2812 6406 2
2812 8681 16
2812 8680 11
2812 8778 32
2824 6395 50
2824 6394 39
2824 6396 31
2824 9692 40
2824 6398 30
2824 6397 55
2824 9638 41
2824 9530 1
2824 9641 23
2824 8686 55
2824 9528 58
2824 8688 9
2824 8677 15
2824 9636 44
2824 9637 54
2824 9531 16
2824 9529 42
2824 6405 30
2824 8685 14
2824 8679 5
2824 8687 54
2824 8676 40
2824 9517 20
2824 9518 35
2824 9640 48
2824 9639 60
2824 9834 37
2824 6404 35
2824 6406 13
2824 8681 33
2824 8680 14
2824 8778 45
2827 6395 9
2827 6394 7
2827 6396 33
2827 9692 21
2827 6398 3
2827 6397 41
2827 9638 22
2827 9530 57
2827 9641 28
2827 8686 28
2827 9528 51
2827 8688 51
2827 8677 53
2827 9636 58
2827 9637 27
2827 9531 30
2827 9529 30
2827 6405 39
2827 8685 9
2827 8679 18
2827 8687 50
2827 8676 20
2827 9517 48
2827 9518 50
2827 9640 36
2827 9639 47
2827 9834 49
2827 6404 44
2827 6406 26
2827 8681 12
2827 8680 6
2827 8778 50
2832 6395 19
2832 6394 58
2832 6396 27
2832 9692 15
2832 6398 50
2832 6397 12
2832 9638 51
2832 9530 48
2832 9641 17
2832 8686 11
2832 9528 31
2832 8688 6
2832 8677 24
2832 9636 36
2832 9637 29
2832 9531 5
2832 9529 52
2832 6405 53
2832 8685 8
2832 8679 37
2832 8687 24
2832 8676 54
2832 9517 36
2832 9518 24
2832 9640 47
2832 9639 34
2832 9834 51
2832 6404 22
2832 6406 2
2832 8681 17
2832 8680 24
2832 8778 12
2861 6395 7
2861 6394 44
2861 6396 45
2861 9692 7
2861 6398 57
2861 6397 56
2861 9638 12
2861 9530 57
2861 9641 26
2861 8686 7
2861 9528 16
2861 8688 40
2861 8677 49
2861 9636 30
2861 9637 31
2861 9531 20
2861 9529 54
2861 6405 8
2861 8685 25
2861 8679 37
2861 8687 24
2861 8676 51
2861 9517 46
2861 9518 21
2861 9640 35
2861 9639 58
2861 9834 48
2861 6404 19
2861 6406 21
2861 8681 44
2861 8680 29
2861 8778 36
2862 6395 2
2862 6394 39
2862 6396 24
2862 9692 3
2862 6398 20
2862 6397 21
2862 9638 23
2862 9530 60
2862 9641 31
2862 8686 50
2862 9528 54
2862 8688 8
2862 8677 21
2862 9636 53
2862 9637 52
2862 9531 46
2862 9529 34
2862 6405 5
2862 8685 26
2862 8679 25
2862 8687 1
2862 8676 42
2862 9517 6
2862 9518 3
2862 9640 26
2862 9639 13
2862 9834 19
2862 6404 27
2862 6406 35
2862 8681 16
2862 8680 48
2862 8778 42
2863 6395 3
2863 6394 16
2863 6396 44
2863 9692 20
2863 6398 30
2863 6397 26
2863 9638 43
2863 9530 39
2863 9641 36
2863 8686 33
2863 9528 15
2863 8688 30
2863 8677 22
2863 9636 57
2863 9637 29
2863 9531 54
2863 9529 25
2863 6405 30
2863 8685 33
2863 8679 47
2863 8687 47
2863 8676 40
2863 9517 57
2863 9518 3
2863 9640 8
2863 9639 39
2863 9834 6
2863 6404 42
2863 6406 18
2863 8681 23
2863 8680 3
2863 8778 29
