5299 5243 41
5299 5242 1
5299 5245 59
5299 5256 16
5299 5258 3
5299 5244 27
5299 5253 45
5299 5252 51
5299 8663 13
5299 8695 12
5299 5257 18
5299 5355 57
5299 5260 57
5299 8771 47
5299 8712 4
5299 5251 14
5299 5255 46
5299 5282 37
5299 8664 37
5299 8665 60
5299 8696 19
5299 8699 26
5299 5259 26
5299 5353 49
5299 5371 45
5299 8431 54
5299 8770 8
5299 8772 4
5299 8707 23
5299 8774 38
5299 5254 39
5299 5281 40
5296 5243 50
5296 5242 44
5296 5245 36
5296 5256 10
5296 5258 16
5296 5244 18
5296 5253 12
5296 5252 43
5296 8663 38
5296 8695 28
5296 5257 28
5296 5355 24
5296 5260 39
5296 8771 50
5296 8712 10
5296 5251 46
5296 5255 37
5296 5282 0
5296 8664 23
5296 8665 28
5296 8696 36
5296 8699 40
5296 5259 57
5296 5353 45
5296 5371 16
5296 8431 25
5296 8770 25
5296 8772 13
5296 8707 35
5296 8774 60
5296 5254 25
5296 5281 22
5300 5243 4
5300 5242 21
5300 5245 10
5300 5256 46
5300 5258 33
5300 5244 56
5300 5253 24
5300 5252 4
5300 8663 43
5300 8695 36
5300 5257 58
5300 5355 26
5300 5260 26
5300 8771 33
5300 8712 1
5300 5251 16
5300 5255 3
5300 5282 11
5300 8664 40
5300 8665 30
5300 8696 47
5300 8699 11
5300 5259 42
5300 5353 25
5300 5371 23
5300 8431 48
5300 8770 36
5300 8772 53
5300 8707 23
5300 8774 13
5300 5254 31
5300 5281 25
5302 5243 7
5302 5242 14
5302 5245 19
5302 5256 44
5302 5258 39
5302 5244 8
5302 5253 38
5302 5252 33
5302 8663 34
5302 8695 60
5302 5257 5
5302 5355 34
5302 5260 48
5302 8771 30
5302 8712 9
5302 5251 14
5302 5255 57
5302 5282 56
5302 8664 49
5302 8665 41
5302 8696 13
5302 8699 15
5302 5259 3
5302 5353 46
5302 5371 59
5302 8431 44
5302 8770 14
5302 8772 53
5302 8707 13
5302 8774 7
5302 5254 36
5302 5281 24
5313 5243 0
5313 5242 33
5313 5245 49
5313 5256 39
5313 5258 26
5313 5244 7
5313 5253 27
5313 5252 60
5313 8663 35
5313 8695 6
5313 5257 37
5313 5355 20
5313 5260 8
5313 8771 60
5313 8712 19
5313 5251 0
5313 5255 7
5313 5282 27
5313 8664 31
5313 8665 22
5313 8696 57
5313 8699 48
5313 5259 45
5313 5353 35
5313 5371 32
5313 8431 13
5313 8770 25
5313 8772 16
5313 8707 54
5313 8774 15
5313 5254 43
5313 5281 43
5297 5243 36
5297 5242 43
5297 5245 35
5297 5256 10
5297 5258 35
5297 5244 13
5297 5253 58
5297 5252 48
5297 8663 1
5297 8695 35
5297 5257 32
5297 5355 7
5297 5260 57
5297 8771 50
5297 8712 25
5297 5251 41
5297 5255 43
5297 5282 18
5297 8664 43
5297 8665 16
5297 8696 56
5297 8699 54
5297 5259 60
5297 5353 27
5297 5371 20
5297 8431 52
5297 8770 8
5297 8772 19
5297 8707 58
5297 8774 20
5297 5254 38
5297 5281 53
5298 5243 49
5298 5242 1
5298 5245 5
5298 5256 40
5298 5258 60
5298 5244 0
5298 5253 40
5298 5252 52
5298 8663 27
5298 8695 59
5298 5257 23
5298 5355 59
5298 5260 31
5298 8771 10
5298 8712 45
5298 5251 1
5298 5255 8
5298 5282 6
5298 8664 34
5298 8665 41
5298 8696 56
5298 8699 42
5298 5259 51
5298 5353 31
5298 5371 8
5298 8431 9
5298 8770 40
5298 8772 48
5298 8707 52
5298 8774 57
5298 5254 8
5298 5281 57
5311 5243 31
5311 5242 22
5311 5245 47
5311 5256 36
5311 5258 46
5311 5244 42
5311 5253 49
5311 5252 2
5311 8663 47
5311 8695 33
5311 5257 18
5311 5355 40
5311 5260 13
5311 8771 11
5311 8712 47
5311 5251 15
5311 5255 47
5311 5282 26
5311 8664 1
5311 8665 14
5311 8696 16
5311 8699 22
5311 5259 39
5311 5353 23
5311 5371 32
5311 8431 54
5311 8770 30
5311 8772 54
5311 8707 46
5311 8774 31
5311 5254 15
5311 5281 40
5303 5243 58
5303 5242 35
5303 5245 28
5303 5256 60
5303 5258 3
5303 5244 27
5303 5253 1
5303 5252 56
5303 8663 57
5303 8695 19
5303 5257 35
5303 5355 2
5303 5260 7
5303 8771 51
5303 8712 13
5303 5251 27
5303 5255 11
5303 5282 60
5303 8664 10
5303 8665 10
5303 8696 16
5303 8699 37
5303 5259 37
5303 5353 27
5303 5371 16
5303 8431 20
5303 8770 13
5303 8772 32
5303 8707 45
5303 8774 30
5303 5254 11
5303 5281 1
8756 5243 49
8756 5242 49
8756 5245 49
8756 5256 48
8756 5258 45
8756 5244 52
8756 5253 11
8756 5252 6
8756 8663 24
8756 8695 8
8756 5257 44
8756 5355 60
8756 5260 16
8756 8771 22
8756 8712 42
8756 5251 5
8756 5255 4
8756 5282 57
8756 8664 49
8756 8665 58
8756 8696 13
8756 8699 31
8756 5259 32
8756 5353 24
8756 5371 41
8756 8431 24
8756 8770 1
8756 8772 54
8756 8707 54
8756 8774 10
8756 5254 37
8756 5281 16
5304 5243 39
5304 5242 58
5304 5245 59
5304 5256 33
5304 5258 13
5304 5244 45
5304 5253 10
5304 5252 30
5304 8663 10
5304 8695 51
5304 5257 33
5304 5355 47
5304 5260 28
5304 8771 38
5304 8712 33
5304 5251 13
5304 5255 38
5304 5282 24
5304 8664 21
5304 8665 6
5304 8696 60
5304 8699 6
5304 5259 38
5304 5353 5
5304 5371 15
5304 8431 58
5304 8770 21
5304 8772 38
5304 8707 59
5304 8774 14
5304 5254 24
5304 5281 39
5334 5243 27
5334 5242 21
5334 5245 1
5334 5256 8
5334 5258 18
5334 5244 47
5334 5253 21
5334 5252 47
5334 8663 3
5334 8695 40
5334 5257 39
5334 5355 41
5334 5260 34
5334 8771 17
5334 8712 7
5334 5251 38
5334 5255 38
5334 5282 13
5334 8664 34
5334 8665 0
5334 8696 16
5334 8699 52
5334 5259 3
5334 5353 22
5334 5371 9
5334 8431 46
5334 8770 6
5334 8772 46
5334 8707 2
5334 8774 54
5334 5254 8
5334 5281 32
5460 5243 22
5460 5242 33
5460 5245 16
5460 5256 0
5460 5258 49
5460 5244 42
5460 5253 34
5460 5252 45
5460 8663 30
5460 8695 48
5460 5257 39
5460 5355 50
5460 5260 40
5460 8771 49
5460 8712 36
5460 5251 53
5460 5255 43
5460 5282 9
5460 8664 59
5460 8665 13
5460 8696 6
5460 8699 19
5460 5259 21
5460 5353 18
5460 5371 48
5460 8431 36
5460 8770 40
5460 8772 50
5460 8707 2
5460 8774 55
5460 5254 23
5460 5281 40
5292 5243 33
5292 5242 52
5292 5245 17
5292 5256 33
5292 5258 41
5292 5244 49
5292 5253 37
5292 5252 59
5292 8663 20
5292 8695 47
5292 5257 15
5292 5355 2
5292 5260 38
5292 8771 4
5292 8712 42
5292 5251 26
5292 5255 13
5292 5282 40
5292 8664 21
5292 8665 51
5292 8696 30
5292 8699 38
5292 5259 17
5292 5353 52
5292 5371 13
5292 8431 11
5292 8770 13
5292 8772 27
5292 8707 51
5292 8774 17
5292 5254 14
5292 5281 5
5301 5243 38
5301 5242 59
5301 5245 60
5301 5256 21
5301 5258 11
5301 5244 22
5301 5253 0
5301 5252 45
5301 8663 21
5301 8695 16
5301 5257 21
5301 5355 58
5301 5260 32
5301 8771 6
5301 8712 55
5301 5251 31
5301 5255 11
5301 5282 59
5301 8664 2
5301 8665 27
5301 8696 21
5301 8699 10
5301 5259 51
5301 5353 48
5301 5371 12
5301 8431 35
5301 8770 12
5301 8772 4
5301 8707 49
5301 8774 4
5301 5254 26
5301 5281 4
5312 5243 19
5312 5242 11
5312 5245 51
5312 5256 14
5312 5258 1
5312 5244 19
5312 5253 54
5312 5252 32
5312 8663 53
5312 8695 24
5312 5257 22
5312 5355 5
5312 5260 17
5312 8771 23
5312 8712 55
5312 5251 6
5312 5255 57
5312 5282 33
5312 8664 60
5312 8665 8
5312 8696 23
5312 8699 28
5312 5259 9
5312 5353 11
5312 5371 41
5312 8431 11
5312 8770 23
5312 8772 57
5312 8707 9
5312 8774 10
5312 5254 17
5312 5281 25
8757 5243 17
8757 5242 37
8757 5245 60
8757 5256 43
8757 5258 41
8757 5244 16
8757 5253 51
8757 5252 53
8757 8663 16
8757 8695 17
8757 5257 34
8757 5355 11
8757 5260 23
8757 8771 57
8757 8712 20
8757 5251 9
8757 5255 60
8757 5282 12
8757 8664 59
8757 8665 25
8757 8696 46
8757 8699 25
8757 5259 29
8757 5353 12
8757 5371 56
8757 8431 37
8757 8770 41
8757 8772 4
8757 8707 57
8757 8774 37
8757 5254 40
8757 5281 2
5463 5243 25
5463 5242 46
5463 5245 0
5463 5256 46
5463 5258 37
5463 5244 53
5463 5253 42
5463 5252 17
5463 8663 20
5463 8695 30
5463 5257 0
5463 5355 10
5463 5260 11
5463 8771 21
5463 8712 56
5463 5251 41
5463 5255 39
5463 5282 55
5463 8664 52
5463 8665 11
5463 8696 5
5463 8699 3
5463 5259 43
5463 5353 18
5463 5371 40
5463 8431 4
5463 8770 46
5463 8772 51
5463 8707 55
5463 8774 48
5463 5254 43
5463 5281 58
5306 5243 32
5306 5242 3
5306 5245 40
5306 5256 26
5306 5258 59
5306 5244 33
5306 5253 28
5306 5252 35
5306 8663 1
5306 8695 37
5306 5257 34
5306 5355 37
5306 5260 38
5306 8771 6
5306 8712 27
5306 5251 27
5306 5255 35
5306 5282 39
5306 8664 15
5306 8665 47
5306 8696 25
5306 8699 31
5306 5259 2
5306 5353 13
5306 5371 60
5306 8431 23
5306 8770 52
5306 8772 56
5306 8707 41
5306 8774 25
5306 5254 32
5306 5281 60
8754 5243 21
8754 5242 57
8754 5245 30
8754 5256 54
8754 5258 6
8754 5244 46
8754 5253 13
8754 5252 37
8754 8663 4
8754 8695 10
8754 5257 60
8754 5355 37
8754 5260 20
8754 8771 58
8754 8712 37
8754 5251 25
8754 5255 9
8754 5282 58
8754 8664 55
8754 8665 44
8754 8696 54
8754 8699 7
8754 5259 39
8754 5353 24
8754 5371 26
8754 8431 45
8754 8770 34
8754 8772 26
8754 8707 11
8754 8774 44
8754 5254 15
8754 5281 53
8755 5243 31
8755 5242 8
8755 5245 15
8755 5256 20
8755 5258 6
8755 5244 54
8755 5253 40
8755 5252 20
8755 8663 14
8755 8695 38
8755 5257 60
8755 5355 46
8755 5260 19
8755 8771 19
8755 8712 10
8755 5251 16
8755 5255 35
8755 5282 0
8755 8664 53
8755 8665 27
8755 8696 46
8755 8699 11
8755 5259 22
8755 5353 22
8755 5371 53
8755 8431 31
8755 8770 59
8755 8772 19
8755 8707 53
8755 8774 40
8755 5254 19
8755 5281 24
9212 5243 32
9212 5242 40
9212 5245 25
9212 5256 14
9212 5258 11
9212 5244 30
9212 5253 20
9212 5252 38
9212 8663 26
9212 8695 23
9212 5257 30
9212 5355 28
9212 5260 44
9212 8771 47
9212 8712 23
9212 5251 50
9212 5255 22
9212 5282 58
9212 8664 50
9212 8665 24
9212 8696 31
9212 8699 50
9212 5259 8
9212 5353 0
9212 5371 44
9212 8431 31
9212 8770 27
9212 8772 19
9212 8707 50
9212 8774 40
9212 5254 15
9212 5281 47
5305 5243 40
5305 5242 0
5305 5245 21
5305 5256 12
5305 5258 17
5305 5244 17
5305 5253 54
5305 5252 18
5305 8663 42
5305 8695 54
5305 5257 43
5305 5355 59
5305 5260 12
5305 8771 37
5305 8712 27
5305 5251 27
5305 5255 16
5305 5282 25
5305 8664 4
5305 8665 37
5305 8696 8
5305 8699 27
5305 5259 30
5305 5353 46
5305 5371 14
5305 8431 25
5305 8770 8
5305 8772 24
5305 8707 33
5305 8774 31
5305 5254 32
5305 5281 6
5317 5243 3
5317 5242 29
5317 5245 30
5317 5256 39
5317 5258 48
5317 5244 51
5317 5253 32
5317 5252 24
5317 8663 8
5317 8695 34
5317 5257 31
5317 5355 30
5317 5260 37
5317 8771 25
5317 8712 56
5317 5251 20
5317 5255 15
5317 5282 60
5317 8664 28
5317 8665 40
5317 8696 13
5317 8699 40
5317 5259 7
5317 5353 35
5317 5371 8
5317 8431 14
5317 8770 20
5317 8772 13
5317 8707 37
5317 8774 48
5317 5254 51
5317 5281 19
5333 5243 52
5333 5242 9
5333 5245 41
5333 5256 16
5333 5258 32
5333 5244 26
5333 5253 1
5333 5252 39
5333 8663 8
5333 8695 56
5333 5257 58
5333 5355 59
5333 5260 22
5333 8771 48
5333 8712 4
5333 5251 1
5333 5255 10
5333 5282 6
5333 8664 57
5333 8665 37
5333 8696 54
5333 8699 55
5333 5259 23
5333 5353 18
5333 5371 51
5333 8431 43
5333 8770 32
5333 8772 48
5333 8707 28
5333 8774 14
5333 5254 4
5333 5281 3
5459 5243 49
5459 5242 25
5459 5245 45
5459 5256 52
5459 5258 4
5459 5244 16
5459 5253 50
5459 5252 7
5459 8663 31
5459 8695 16
5459 5257 16
5459 5355 54
5459 5260 20
5459 8771 47
5459 8712 48
5459 5251 47
5459 5255 26
5459 5282 7
5459 8664 49
5459 8665 3
5459 8696 18
5459 8699 43
5459 5259 41
5459 5353 1
5459 5371 30
5459 8431 8
5459 8770 16
5459 8772 56
5459 8707 57
5459 8774 42
5459 5254 44
5459 5281 0
5466 5243 44
5466 5242 23
5466 5245 15
5466 5256 18
5466 5258 60
5466 5244 45
5466 5253 17
5466 5252 23
5466 8663 43
5466 8695 57
5466 5257 40
5466 5355 21
5466 5260 55
5466 8771 30
5466 8712 39
5466 5251 5
5466 5255 36
5466 5282 46
5466 8664 11
5466 8665 25
5466 8696 16
5466 8699 51
5466 5259 14
5466 5353 11
5466 5371 10
5466 8431 24
5466 8770 26
5466 8772 58
5466 8707 25
5466 8774 25
5466 5254 34
5466 5281 11
5288 5243 19
5288 5242 45
5288 5245 43
5288 5256 41
5288 5258 18
5288 5244 30
5288 5253 37
5288 5252 11
5288 8663 55
5288 8695 20
5288 5257 36
5288 5355 21
5288 5260 28
5288 8771 49
5288 8712 12
5288 5251 10
5288 5255 58
5288 5282 41
5288 8664 50
5288 8665 24
5288 8696 40
5288 8699 9
5288 5259 37
5288 5353 43
5288 5371 19
5288 8431 18
5288 8770 43
5288 8772 38
5288 8707 3
5288 8774 24
5288 5254 32
5288 5281 15
5293 5243 53
5293 5242 4
5293 5245 60
5293 5256 12
5293 5258 3
5293 5244 33
5293 5253 5
5293 5252 6
5293 8663 34
5293 8695 57
5293 5257 27
5293 5355 57
5293 5260 52
5293 8771 0
5293 8712 15
5293 5251 35
5293 5255 3
5293 5282 47
5293 8664 18
5293 8665 20
5293 8696 55
5293 8699 42
5293 5259 27
5293 5353 54
5293 5371 16
5293 8431 34
5293 8770 0
5293 8772 22
5293 8707 40
5293 8774 56
5293 5254 29
5293 5281 22
5309 5243 7
5309 5242 52
5309 5245 30
5309 5256 1
5309 5258 47
5309 5244 25
5309 5253 0
5309 5252 22
5309 8663 25
5309 8695 3
5309 5257 19
5309 5355 38
5309 5260 3
5309 8771 11
5309 8712 24
5309 5251 24
5309 5255 33
5309 5282 59
5309 8664 27
5309 8665 49
5309 8696 54
5309 8699 18
5309 5259 35
5309 5353 5
5309 5371 18
5309 8431 7
5309 8770 7
5309 8772 18
5309 8707 58
5309 8774 51
5309 5254 53
5309 5281 25
5315 5243 24
5315 5242 55
5315 5245 28
5315 5256 18
5315 5258 44
5315 5244 58
5315 5253 32
5315 5252 40
5315 8663 49
5315 8695 30
5315 5257 52
5315 5355 32
5315 5260 25
5315 8771 37
5315 8712 28
5315 5251 38
5315 5255 30
5315 5282 25
5315 8664 42
5315 8665 58
5315 8696 46
5315 8699 11
5315 5259 54
5315 5353 15
5315 5371 3
5315 8431 14
5315 8770 37
5315 8772 20
5315 8707 33
5315 8774 5
5315 5254 45
5315 5281 33
5314 5243 6
5314 5242 4
5314 5245 43
5314 5256 21
5314 5258 5
5314 5244 40
5314 5253 6
5314 5252 24
5314 8663 49
5314 8695 48
5314 5257 23
5314 5355 51
5314 5260 23
5314 8771 18
5314 8712 32
5314 5251 46
5314 5255 33
5314 5282 47
5314 8664 4
5314 8665 29
5314 8696 52
5314 8699 44
5314 5259 0
5314 5353 26
5314 5371 40
5314 8431 23
5314 8770 52
5314 8772 30
5314 8707 3
5314 8774 17
5314 5254 48
5314 5281 38
