3142 8494 50
3142 8494 8
3142 8493 15
3142 8493 47
3142 8495 46
3142 8495 16
3142 8491 10
3142 8491 50
3142 8514 51
3142 8514 45
3142 8496 20
3142 8496 53
3142 8512 53
3142 8512 23
3142 8492 58
3142 8492 18
3142 8511 20
3142 8511 51
3142 8513 12
3142 8513 39
3142 8497 37
3142 8497 31
3142 8519 25
3142 8519 57
3142 8520 28
3142 8520 60
3142 8510 51
3142 8510 33
3142 8599 49
3142 8599 32
3142 8600 3
3142 8600 4
3142 8498 36
3142 8498 11
3142 8573 16
3142 8573 32
3142 8535 32
3142 8535 1
3142 8518 25
3142 8518 34
3142 8521 57
3142 8521 7
3142 8509 37
3142 8509 19
3142 8601 22
3142 8601 57
3142 8522 37
3142 8522 11
3142 8604 57
3142 8604 28
3142 8569 20
3142 8569 18
3142 8574 19
3142 8574 39
3142 8534 54
3142 8534 1
3142 8500 59
3142 8500 12
3142 8517 21
3142 8517 45
3142 8581 27
3142 8581 52
3142 8584 34
3142 8584 25
3143 8494 20
3143 8494 46
3143 8493 27
3143 8493 4
3143 8495 16
3143 8495 29
3143 8491 5
3143 8491 32
3143 8514 16
3143 8514 15
3143 8496 39
3143 8496 21
3143 8512 46
3143 8512 46
3143 8492 26
3143 8492 20
3143 8511 27
3143 8511 11
3143 8513 7
3143 8513 55
3143 8497 18
3143 8497 23
3143 8519 45
3143 8519 1
3143 8520 25
3143 8520 15
3143 8510 23
3143 8510 57
3143 8599 32
3143 8599 54
3143 8600 44
3143 8600 4
3143 8498 58
3143 8498 41
3143 8573 38
3143 8573 14
3143 8535 6
3143 8535 55
3143 8518 54
3143 8518 31
3143 8521 34
3143 8521 0
3143 8509 11
3143 8509 2
3143 8601 3
3143 8601 8
3143 8522 25
3143 8522 49
3143 8604 44
3143 8604 22
3143 8569 36
3143 8569 24
3143 8574 11
3143 8574 21
3143 8534 51
3143 8534 26
3143 8500 32
3143 8500 9
3143 8517 45
3143 8517 0
3143 8581 51
3143 8581 60
3143 8584 4
3143 8584 10
3146 8494 2
3146 8494 24
3146 8493 53
3146 8493 37
3146 8495 48
3146 8495 43
3146 8491 12
3146 8491 9
3146 8514 5
3146 8514 17
3146 8496 25
3146 8496 52
3146 8512 41
3146 8512 57
3146 8492 31
3146 8492 57
3146 8511 44
3146 8511 43
3146 8513 33
3146 8513 47
3146 8497 13
3146 8497 4
3146 8519 41
3146 8519 36
3146 8520 38
3146 8520 12
3146 8510 29
3146 8510 21
3146 8599 21
3146 8599 59
3146 8600 15
3146 8600 48
3146 8498 38
3146 8498 31
3146 8573 55
3146 8573 9
3146 8535 42
3146 8535 9
3146 8518 6
3146 8518 17
3146 8521 45
3146 8521 51
3146 8509 44
3146 8509 57
3146 8601 25
3146 8601 26
3146 8522 49
3146 8522 47
3146 8604 2
3146 8604 7
3146 8569 33
3146 8569 35
3146 8574 13
3146 8574 45
3146 8534 59
3146 8534 36
3146 8500 33
3146 8500 59
3146 8517 56
3146 8517 40
3146 8581 27
3146 8581 39
3146 8584 3
3146 8584 21
3148 8494 39
3148 8494 25
3148 8493 46
3148 8493 44
3148 8495 19
3148 8495 53
3148 8491 11
3148 8491 21
3148 8514 46
3148 8514 55
3148 8496 10
3148 8496 18
3148 8512 8
3148 8512 9
3148 8492 35
3148 8492 12
3148 8511 52
3148 8511 51
3148 8513 10
3148 8513 15
3148 8497 29
3148 8497 33
3148 8519 38
3148 8519 0
3148 8520 35
3148 8520 22
3148 8510 24
3148 8510 10
3148 8599 7
3148 8599 46
3148 8600 19
3148 8600 19
3148 8498 17
3148 8498 58
3148 8573 57
3148 8573 58
3148 8535 58
3148 8535 7
3148 8518 13
3148 8518 11
3148 8521 42
3148 8521 0
3148 8509 0
3148 8509 16
3148 8601 2
3148 8601 57
3148 8522 11
3148 8522 27
3148 8604 37
3148 8604 49
3148 8569 58
3148 8569 22
3148 8574 37
3148 8574 51
3148 8534 43
3148 8534 49
3148 8500 42
3148 8500 35
3148 8517 38
3148 8517 8
3148 8581 41
3148 8581 44
3148 8584 37
3148 8584 16
3144 8494 25
3144 8494 33
3144 8493 30
3144 8493 3
3144 8495 30
3144 8495 29
3144 8491 59
3144 8491 23
3144 8514 30
3144 8514 51
3144 8496 53
3144 8496 46
3144 8512 29
3144 8512 29
3144 8492 20
3144 8492 56
3144 8511 20
3144 8511 12
3144 8513 50
3144 8513 9
3144 8497 13
3144 8497 11
3144 8519 51
3144 8519 49
3144 8520 37
3144 8520 21
3144 8510 12
3144 8510 33
3144 8599 56
3144 8599 17
3144 8600 41
3144 8600 25
3144 8498 57
3144 8498 18
3144 8573 0
3144 8573 21
3144 8535 27
3144 8535 24
3144 8518 7
3144 8518 24
3144 8521 54
3144 8521 43
3144 8509 49
3144 8509 19
3144 8601 40
3144 8601 22
3144 8522 24
3144 8522 50
3144 8604 17
3144 8604 4
3144 8569 29
3144 8569 10
3144 8574 51
3144 8574 45
3144 8534 12
3144 8534 40
3144 8500 20
3144 8500 29
3144 8517 31
3144 8517 13
3144 8581 40
3144 8581 23
3144 8584 4
3144 8584 52
3135 8494 27
3135 8494 20
3135 8493 11
3135 8493 28
3135 8495 0
3135 8495 54
3135 8491 36
3135 8491 17
3135 8514 55
3135 8514 24
3135 8496 54
3135 8496 25
3135 8512 46
3135 8512 21
3135 8492 5
3135 8492 44
3135 8511 38
3135 8511 5
3135 8513 35
3135 8513 4
3135 8497 29
3135 8497 30
3135 8519 13
3135 8519 1
3135 8520 40
3135 8520 6
3135 8510 51
3135 8510 51
3135 8599 8
3135 8599 23
3135 8600 48
3135 8600 49
3135 8498 7
3135 8498 36
3135 8573 38
3135 8573 29
3135 8535 40
3135 8535 28
3135 8518 17
3135 8518 58
3135 8521 49
3135 8521 59
3135 8509 15
3135 8509 50
3135 8601 53
3135 8601 10
3135 8522 7
3135 8522 41
3135 8604 21
3135 8604 17
3135 8569 6
3135 8569 39
3135 8574 44
3135 8574 18
3135 8534 9
3135 8534 20
3135 8500 36
3135 8500 18
3135 8517 58
3135 8517 60
3135 8581 26
3135 8581 2
3135 8584 27
3135 8584 28
3147 8494 36
3147 8494 28
3147 8493 9
3147 8493 38
3147 8495 49
3147 8495 0
3147 8491 8
3147 8491 27
3147 8514 42
3147 8514 13
3147 8496 28
3147 8496 6
3147 8512 47
3147 8512 10
3147 8492 17
3147 8492 43
3147 8511 39
3147 8511 59
3147 8513 40
3147 8513 54
3147 8497 17
3147 8497 28
3147 8519 6
3147 8519 39
3147 8520 2
3147 8520 5
3147 8510 21
3147 8510 30
3147 8599 56
3147 8599 41
3147 8600 59
3147 8600 56
3147 8498 35
3147 8498 18
3147 8573 52
3147 8573 29
3147 8535 42
3147 8535 45
3147 8518 59
3147 8518 13
3147 8521 33
3147 8521 42
3147 8509 15
3147 8509 21
3147 8601 58
3147 8601 10
3147 8522 52
3147 8522 53
3147 8604 19
3147 8604 46
3147 8569 19
3147 8569 53
3147 8574 3
3147 8574 15
3147 8534 42
3147 8534 12
3147 8500 4
3147 8500 54
3147 8517 15
3147 8517 56
3147 8581 2
3147 8581 24
3147 8584 50
3147 8584 13
3117 8494 1
3117 8494 42
3117 8493 9
3117 8493 34
3117 8495 49
3117 8495 23
3117 8491 7
3117 8491 31
3117 8514 34
3117 8514 16
3117 8496 23
3117 8496 8
3117 8512 40
3117 8512 29
3117 8492 43
3117 8492 9
3117 8511 3
3117 8511 20
3117 8513 37
3117 8513 31
3117 8497 27
3117 8497 57
3117 8519 2
3117 8519 49
3117 8520 56
3117 8520 17
3117 8510 25
3117 8510 4
3117 8599 44
3117 8599 31
3117 8600 44
3117 8600 12
3117 8498 26
3117 8498 6
3117 8573 52
3117 8573 23
3117 8535 0
3117 8535 51
3117 8518 26
3117 8518 13
3117 8521 3
3117 8521 59
3117 8509 49
3117 8509 21
3117 8601 38
3117 8601 4
3117 8522 27
3117 8522 8
3117 8604 23
3117 8604 6
3117 8569 50
3117 8569 42
3117 8574 10
3117 8574 25
3117 8534 10
3117 8534 11
3117 8500 26
3117 8500 0
3117 8517 51
3117 8517 42
3117 8581 4
3117 8581 53
3117 8584 2
3117 8584 7
3149 8494 41
3149 8494 21
3149 8493 16
3149 8493 2
3149 8495 9
3149 8495 0
3149 8491 49
3149 8491 60
3149 8514 55
3149 8514 13
3149 8496 6
3149 8496 23
3149 8512 18
3149 8512 3
3149 8492 12
3149 8492 43
3149 8511 7
3149 8511 49
3149 8513 33
3149 8513 22
3149 8497 19
3149 8497 37
3149 8519 29
3149 8519 37
3149 8520 23
3149 8520 49
3149 8510 16
3149 8510 4
3149 8599 37
3149 8599 27
3149 8600 54
3149 8600 31
3149 8498 14
3149 8498 31
3149 8573 27
3149 8573 33
3149 8535 26
3149 8535 28
3149 8518 15
3149 8518 55
3149 8521 12
3149 8521 11
3149 8509 58
3149 8509 25
3149 8601 28
3149 8601 6
3149 8522 33
3149 8522 19
3149 8604 45
3149 8604 10
3149 8569 59
3149 8569 47
3149 8574 50
3149 8574 32
3149 8534 2
3149 8534 9
3149 8500 59
3149 8500 33
3149 8517 45
3149 8517 4
3149 8581 10
3149 8581 36
3149 8584 58
3149 8584 45
3145 8494 7
3145 8494 19
3145 8493 57
3145 8493 54
3145 8495 10
3145 8495 44
3145 8491 36
3145 8491 43
3145 8514 23
3145 8514 38
3145 8496 14
3145 8496 60
3145 8512 56
3145 8512 50
3145 8492 33
3145 8492 54
3145 8511 40
3145 8511 58
3145 8513 13
3145 8513 26
3145 8497 14
3145 8497 21
3145 8519 29
3145 8519 60
3145 8520 26
3145 8520 36
3145 8510 36
3145 8510 12
3145 8599 24
3145 8599 41
3145 8600 12
3145 8600 28
3145 8498 0
3145 8498 16
3145 8573 58
3145 8573 53
3145 8535 58
3145 8535 12
3145 8518 21
3145 8518 23
3145 8521 32
3145 8521 7
3145 8509 51
3145 8509 25
3145 8601 12
3145 8601 11
3145 8522 13
3145 8522 53
3145 8604 7
3145 8604 3
3145 8569 56
3145 8569 35
3145 8574 46
3145 8574 4
3145 8534 40
3145 8534 23
3145 8500 9
3145 8500 41
3145 8517 58
3145 8517 41
3145 8581 58
3145 8581 54
3145 8584 41
3145 8584 25
3152 8494 20
3152 8494 24
3152 8493 4
3152 8493 19
3152 8495 42
3152 8495 1
3152 8491 15
3152 8491 19
3152 8514 55
3152 8514 43
3152 8496 50
3152 8496 37
3152 8512 41
3152 8512 29
3152 8492 45
3152 8492 1
3152 8511 44
3152 8511 36
3152 8513 7
3152 8513 52
3152 8497 8
3152 8497 50
3152 8519 22
3152 8519 48
3152 8520 14
3152 8520 10
3152 8510 25
3152 8510 57
3152 8599 28
3152 8599 7
3152 8600 4
3152 8600 51
3152 8498 50
3152 8498 33
3152 8573 25
3152 8573 28
3152 8535 24
3152 8535 54
3152 8518 57
3152 8518 8
3152 8521 55
3152 8521 1
3152 8509 43
3152 8509 20
3152 8601 32
3152 8601 20
3152 8522 38
3152 8522 28
3152 8604 19
3152 8604 34
3152 8569 0
3152 8569 30
3152 8574 35
3152 8574 42
3152 8534 30
3152 8534 4
3152 8500 55
3152 8500 52
3152 8517 25
3152 8517 24
3152 8581 44
3152 8581 60
3152 8584 10
3152 8584 51
3132 8494 53
3132 8494 54
3132 8493 24
3132 8493 60
3132 8495 14
3132 8495 3
3132 8491 52
3132 8491 40
3132 8514 60
3132 8514 44
3132 8496 29
3132 8496 29
3132 8512 55
3132 8512 6
3132 8492 32
3132 8492 0
3132 8511 30
3132 8511 3
3132 8513 5
3132 8513 40
3132 8497 57
3132 8497 17
3132 8519 44
3132 8519 24
3132 8520 3
3132 8520 12
3132 8510 2
3132 8510 22
3132 8599 37
3132 8599 54
3132 8600 30
3132 8600 30
3132 8498 34
3132 8498 8
3132 8573 46
3132 8573 37
3132 8535 46
3132 8535 12
3132 8518 30
3132 8518 59
3132 8521 15
3132 8521 11
3132 8509 22
3132 8509 34
3132 8601 27
3132 8601 41
3132 8522 27
3132 8522 60
3132 8604 58
3132 8604 23
3132 8569 46
3132 8569 17
3132 8574 2
3132 8574 30
3132 8534 41
3132 8534 10
3132 8500 36
3132 8500 19
3132 8517 56
3132 8517 30
3132 8581 9
3132 8581 29
3132 8584 38
3132 8584 45
3139 8494 38
3139 8494 17
3139 8493 2
3139 8493 53
3139 8495 26
3139 8495 38
3139 8491 58
3139 8491 60
3139 8514 44
3139 8514 24
3139 8496 38
3139 8496 57
3139 8512 13
3139 8512 56
3139 8492 35
3139 8492 6
3139 8511 37
3139 8511 20
3139 8513 60
3139 8513 31
3139 8497 60
3139 8497 5
3139 8519 26
3139 8519 8
3139 8520 7
3139 8520 54
3139 8510 0
3139 8510 45
3139 8599 48
3139 8599 55
3139 8600 46
3139 8600 26
3139 8498 58
3139 8498 22
3139 8573 35
3139 8573 46
3139 8535 35
3139 8535 41
3139 8518 23
3139 8518 11
3139 8521 10
3139 8521 54
3139 8509 37
3139 8509 43
3139 8601 52
3139 8601 31
3139 8522 9
3139 8522 45
3139 8604 39
3139 8604 9
3139 8569 12
3139 8569 51
3139 8574 55
3139 8574 12
3139 8534 23
3139 8534 10
3139 8500 11
3139 8500 40
3139 8517 32
3139 8517 28
3139 8581 56
3139 8581 37
3139 8584 12
3139 8584 41
3141 8494 29
3141 8494 20
3141 8493 13
3141 8493 36
3141 8495 31
3141 8495 20
3141 8491 59
3141 8491 18
3141 8514 21
3141 8514 5
3141 8496 59
3141 8496 55
3141 8512 3
3141 8512 3
3141 8492 0
3141 8492 53
3141 8511 13
3141 8511 57
3141 8513 22
3141 8513 48
3141 8497 35
3141 8497 22
3141 8519 31
3141 8519 10
3141 8520 50
3141 8520 26
3141 8510 24
3141 8510 55
3141 8599 58
3141 8599 34
3141 8600 22
3141 8600 4
3141 8498 3
3141 8498 51
3141 8573 49
3141 8573 1
3141 8535 56
3141 8535 25
3141 8518 23
3141 8518 20
3141 8521 8
3141 8521 29
3141 8509 53
3141 8509 51
3141 8601 20
3141 8601 13
3141 8522 26
3141 8522 38
3141 8604 23
3141 8604 5
3141 8569 49
3141 8569 9
3141 8574 17
3141 8574 51
3141 8534 25
3141 8534 33
3141 8500 25
3141 8500 26
3141 8517 42
3141 8517 55
3141 8581 36
3141 8581 59
3141 8584 31
3141 8584 31
3115 8494 40
3115 8494 30
3115 8493 33
3115 8493 20
3115 8495 37
3115 8495 25
3115 8491 28
3115 8491 17
3115 8514 45
3115 8514 47
3115 8496 60
3115 8496 38
3115 8512 49
3115 8512 49
3115 8492 53
3115 8492 20
3115 8511 7
3115 8511 2
3115 8513 29
3115 8513 40
3115 8497 59
3115 8497 39
3115 8519 6
3115 8519 52
3115 8520 29
3115 8520 25
3115 8510 20
3115 8510 8
3115 8599 45
3115 8599 40
3115 8600 54
3115 8600 36
3115 8498 23
3115 8498 24
3115 8573 50
3115 8573 45
3115 8535 44
3115 8535 15
3115 8518 54
3115 8518 57
3115 8521 3
3115 8521 4
3115 8509 60
3115 8509 16
3115 8601 49
3115 8601 57
3115 8522 23
3115 8522 48
3115 8604 24
3115 8604 38
3115 8569 20
3115 8569 59
3115 8574 22
3115 8574 37
3115 8534 34
3115 8534 9
3115 8500 46
3115 8500 48
3115 8517 31
3115 8517 3
3115 8581 5
3115 8581 7
3115 8584 24
3115 8584 39
3124 8494 33
3124 8494 37
3124 8493 2
3124 8493 10
3124 8495 49
3124 8495 41
3124 8491 39
3124 8491 31
3124 8514 10
3124 8514 41
3124 8496 13
3124 8496 12
3124 8512 56
3124 8512 18
3124 8492 40
3124 8492 44
3124 8511 57
3124 8511 28
3124 8513 22
3124 8513 44
3124 8497 28
3124 8497 30
3124 8519 54
3124 8519 1
3124 8520 23
3124 8520 37
3124 8510 32
3124 8510 28
3124 8599 28
3124 8599 24
3124 8600 38
3124 8600 16
3124 8498 38
3124 8498 53
3124 8573 30
3124 8573 6
3124 8535 31
3124 8535 51
3124 8518 53
3124 8518 45
3124 8521 32
3124 8521 26
3124 8509 58
3124 8509 36
3124 8601 52
3124 8601 49
3124 8522 28
3124 8522 1
3124 8604 40
3124 8604 30
3124 8569 55
3124 8569 24
3124 8574 42
3124 8574 39
3124 8534 7
3124 8534 28
3124 8500 10
3124 8500 21
3124 8517 25
3124 8517 53
3124 8581 12
3124 8581 8
3124 8584 30
3124 8584 11
3128 8494 27
3128 8494 32
3128 8493 35
3128 8493 30
3128 8495 57
3128 8495 50
3128 8491 35
3128 8491 45
3128 8514 8
3128 8514 23
3128 8496 16
3128 8496 38
3128 8512 1
3128 8512 12
3128 8492 27
3128 8492 14
3128 8511 51
3128 8511 3
3128 8513 4
3128 8513 56
3128 8497 14
3128 8497 58
3128 8519 18
3128 8519 12
3128 8520 22
3128 8520 35
3128 8510 57
3128 8510 24
3128 8599 54
3128 8599 22
3128 8600 6
3128 8600 58
3128 8498 27
3128 8498 26
3128 8573 43
3128 8573 4
3128 8535 44
3128 8535 51
3128 8518 19
3128 8518 21
3128 8521 1
3128 8521 29
3128 8509 44
3128 8509 43
3128 8601 30
3128 8601 50
3128 8522 53
3128 8522 59
3128 8604 42
3128 8604 7
3128 8569 33
3128 8569 0
3128 8574 52
3128 8574 58
3128 8534 6
3128 8534 45
3128 8500 38
3128 8500 33
3128 8517 13
3128 8517 12
3128 8581 2
3128 8581 44
3128 8584 60
3128 8584 10
3151 8494 18
3151 8494 39
3151 8493 46
3151 8493 48
3151 8495 32
3151 8495 6
3151 8491 3
3151 8491 0
3151 8514 18
3151 8514 44
3151 8496 5
3151 8496 32
3151 8512 45
3151 8512 20
3151 8492 27
3151 8492 58
3151 8511 38
3151 8511 31
3151 8513 58
3151 8513 34
3151 8497 59
3151 8497 59
3151 8519 39
3151 8519 8
3151 8520 54
3151 8520 13
3151 8510 2
3151 8510 19
3151 8599 7
3151 8599 11
3151 8600 0
3151 8600 43
3151 8498 46
3151 8498 27
3151 8573 53
3151 8573 54
3151 8535 49
3151 8535 22
3151 8518 4
3151 8518 5
3151 8521 42
3151 8521 42
3151 8509 15
3151 8509 13
3151 8601 40
3151 8601 39
3151 8522 34
3151 8522 10
3151 8604 24
3151 8604 6
3151 8569 2
3151 8569 23
3151 8574 21
3151 8574 24
3151 8534 49
3151 8534 31
3151 8500 22
3151 8500 60
3151 8517 19
3151 8517 34
3151 8581 19
3151 8581 41
3151 8584 59
3151 8584 31
3150 8494 27
3150 8494 14
3150 8493 29
3150 8493 52
3150 8495 46
3150 8495 59
3150 8491 26
3150 8491 19
3150 8514 1
3150 8514 45
3150 8496 7
3150 8496 33
3150 8512 16
3150 8512 0
3150 8492 19
3150 8492 8
3150 8511 18
3150 8511 23
3150 8513 23
3150 8513 15
3150 8497 35
3150 8497 4
3150 8519 44
3150 8519 18
3150 8520 41
3150 8520 4
3150 8510 41
3150 8510 57
3150 8599 52
3150 8599 18
3150 8600 12
3150 8600 54
3150 8498 51
3150 8498 49
3150 8573 48
3150 8573 26
3150 8535 27
3150 8535 58
3150 8518 54
3150 8518 5
3150 8521 60
3150 8521 34
3150 8509 46
3150 8509 49
3150 8601 2
3150 8601 12
3150 8522 43
3150 8522 12
3150 8604 19
3150 8604 34
3150 8569 0
3150 8569 2
3150 8574 57
3150 8574 19
3150 8534 49
3150 8534 5
3150 8500 38
3150 8500 56
3150 8517 27
3150 8517 14
3150 8581 7
3150 8581 27
3150 8584 25
3150 8584 21
3133 8494 14
3133 8494 12
3133 8493 38
3133 8493 54
3133 8495 3
3133 8495 33
3133 8491 5
3133 8491 21
3133 8514 54
3133 8514 59
3133 8496 34
3133 8496 55
3133 8512 14
3133 8512 36
3133 8492 25
3133 8492 35
3133 8511 18
3133 8511 36
3133 8513 28
3133 8513 47
3133 8497 0
3133 8497 8
3133 8519 2
3133 8519 2
3133 8520 59
3133 8520 16
3133 8510 35
3133 8510 45
3133 8599 18
3133 8599 47
3133 8600 44
3133 8600 33
3133 8498 18
3133 8498 17
3133 8573 31
3133 8573 3
3133 8535 49
3133 8535 57
3133 8518 22
3133 8518 14
3133 8521 1
3133 8521 9
3133 8509 59
3133 8509 14
3133 8601 31
3133 8601 50
3133 8522 51
3133 8522 31
3133 8604 34
3133 8604 6
3133 8569 54
3133 8569 46
3133 8574 38
3133 8574 25
3133 8534 34
3133 8534 20
3133 8500 0
3133 8500 46
3133 8517 16
3133 8517 48
3133 8581 1
3133 8581 15
3133 8584 27
3133 8584 38
3136 8494 8
3136 8494 38
3136 8493 9
3136 8493 29
3136 8495 52
3136 8495 36
3136 8491 44
3136 8491 58
3136 8514 23
3136 8514 28
3136 8496 37
3136 8496 54
3136 8512 40
3136 8512 46
3136 8492 2
3136 8492 36
3136 8511 4
3136 8511 13
3136 8513 16
3136 8513 38
3136 8497 23
3136 8497 10
3136 8519 44
3136 8519 21
3136 8520 37
3136 8520 38
3136 8510 44
3136 8510 15
3136 8599 22
3136 8599 22
3136 8600 14
3136 8600 18
3136 8498 13
3136 8498 39
3136 8573 44
3136 8573 60
3136 8535 28
3136 8535 36
3136 8518 20
3136 8518 13
3136 8521 8
3136 8521 17
3136 8509 52
3136 8509 49
3136 8601 52
3136 8601 36
3136 8522 21
3136 8522 22
3136 8604 26
3136 8604 27
3136 8569 14
3136 8569 15
3136 8574 51
3136 8574 47
3136 8534 17
3136 8534 43
3136 8500 36
3136 8500 60
3136 8517 21
3136 8517 29
3136 8581 0
3136 8581 25
3136 8584 15
3136 8584 48
3140 8494 52
3140 8494 36
3140 8493 26
3140 8493 53
3140 8495 59
3140 8495 51
3140 8491 12
3140 8491 13
3140 8514 52
3140 8514 58
3140 8496 19
3140 8496 36
3140 8512 38
3140 8512 30
3140 8492 58
3140 8492 20
3140 8511 38
3140 8511 38
3140 8513 49
3140 8513 13
3140 8497 17
3140 8497 8
3140 8519 10
3140 8519 37
3140 8520 57
3140 8520 43
3140 8510 42
3140 8510 31
3140 8599 41
3140 8599 32
3140 8600 35
3140 8600 33
3140 8498 32
3140 8498 51
3140 8573 5
3140 8573 56
3140 8535 57
3140 8535 47
3140 8518 16
3140 8518 16
3140 8521 22
3140 8521 20
3140 8509 33
3140 8509 26
3140 8601 5
3140 8601 57
3140 8522 8
3140 8522 43
3140 8604 25
3140 8604 16
3140 8569 8
3140 8569 15
3140 8574 14
3140 8574 47
3140 8534 29
3140 8534 25
3140 8500 1
3140 8500 47
3140 8517 58
3140 8517 36
3140 8581 7
3140 8581 26
3140 8584 17
3140 8584 32
3312 8494 60
3312 8494 20
3312 8493 34
3312 8493 13
3312 8495 23
3312 8495 54
3312 8491 16
3312 8491 33
3312 8514 44
3312 8514 1
3312 8496 15
3312 8496 52
3312 8512 47
3312 8512 37
3312 8492 21
3312 8492 4
3312 8511 46
3312 8511 43
3312 8513 51
3312 8513 54
3312 8497 60
3312 8497 47
3312 8519 22
3312 8519 48
3312 8520 57
3312 8520 47
3312 8510 60
3312 8510 39
3312 8599 23
3312 8599 39
3312 8600 16
3312 8600 36
3312 8498 42
3312 8498 16
3312 8573 18
3312 8573 54
3312 8535 10
3312 8535 9
3312 8518 14
3312 8518 39
3312 8521 24
3312 8521 54
3312 8509 59
3312 8509 0
3312 8601 4
3312 8601 55
3312 8522 52
3312 8522 33
3312 8604 50
3312 8604 25
3312 8569 57
3312 8569 35
3312 8574 22
3312 8574 4
3312 8534 58
3312 8534 31
3312 8500 9
3312 8500 47
3312 8517 48
3312 8517 53
3312 8581 24
3312 8581 38
3312 8584 35
3312 8584 21
3319 8494 1
3319 8494 17
3319 8493 45
3319 8493 46
3319 8495 1
3319 8495 13
3319 8491 51
3319 8491 42
3319 8514 46
3319 8514 6
3319 8496 6
3319 8496 22
3319 8512 16
3319 8512 21
3319 8492 25
3319 8492 7
3319 8511 44
3319 8511 23
3319 8513 55
3319 8513 29
3319 8497 48
3319 8497 33
3319 8519 43
3319 8519 25
3319 8520 13
3319 8520 16
3319 8510 14
3319 8510 48
3319 8599 42
3319 8599 31
3319 8600 48
3319 8600 33
3319 8498 45
3319 8498 44
3319 8573 51
3319 8573 57
3319 8535 7
3319 8535 1
3319 8518 9
3319 8518 55
3319 8521 40
3319 8521 0
3319 8509 7
3319 8509 18
3319 8601 53
3319 8601 23
3319 8522 24
3319 8522 18
3319 8604 35
3319 8604 49
3319 8569 0
3319 8569 2
3319 8574 18
3319 8574 59
3319 8534 50
3319 8534 49
3319 8500 55
3319 8500 21
3319 8517 50
3319 8517 22
3319 8581 54
3319 8581 46
3319 8584 26
3319 8584 13
3116 8494 7
3116 8494 49
3116 8493 10
3116 8493 47
3116 8495 13
3116 8495 17
3116 8491 28
3116 8491 58
3116 8514 21
3116 8514 11
3116 8496 5
3116 8496 41
3116 8512 40
3116 8512 5
3116 8492 30
3116 8492 35
3116 8511 18
3116 8511 18
3116 8513 45
3116 8513 44
3116 8497 54
3116 8497 32
3116 8519 55
3116 8519 41
3116 8520 48
3116 8520 28
3116 8510 22
3116 8510 13
3116 8599 33
3116 8599 20
3116 8600 2
3116 8600 4
3116 8498 44
3116 8498 48
3116 8573 39
3116 8573 45
3116 8535 48
3116 8535 48
3116 8518 53
3116 8518 16
3116 8521 9
3116 8521 30
3116 8509 27
3116 8509 53
3116 8601 54
3116 8601 35
3116 8522 1
3116 8522 43
3116 8604 20
3116 8604 52
3116 8569 39
3116 8569 31
3116 8574 55
3116 8574 16
3116 8534 0
3116 8534 6
3116 8500 13
3116 8500 33
3116 8517 35
3116 8517 25
3116 8581 27
3116 8581 13
3116 8584 8
3116 8584 21
3119 8494 47
3119 8494 12
3119 8493 29
3119 8493 54
3119 8495 27
3119 8495 46
3119 8491 59
3119 8491 56
3119 8514 33
3119 8514 41
3119 8496 3
3119 8496 53
3119 8512 48
3119 8512 40
3119 8492 45
3119 8492 53
3119 8511 4
3119 8511 55
3119 8513 55
3119 8513 0
3119 8497 19
3119 8497 27
3119 8519 16
3119 8519 11
3119 8520 30
3119 8520 13
3119 8510 24
3119 8510 0
3119 8599 27
3119 8599 30
3119 8600 20
3119 8600 51
3119 8498 47
3119 8498 18
3119 8573 25
3119 8573 41
3119 8535 1
3119 8535 9
3119 8518 52
3119 8518 37
3119 8521 35
3119 8521 19
3119 8509 56
3119 8509 9
3119 8601 56
3119 8601 47
3119 8522 17
3119 8522 45
3119 8604 27
3119 8604 16
3119 8569 13
3119 8569 5
3119 8574 12
3119 8574 29
3119 8534 14
3119 8534 14
3119 8500 34
3119 8500 3
3119 8517 35
3119 8517 49
3119 8581 25
3119 8581 16
3119 8584 24
3119 8584 32
3121 8494 11
3121 8494 32
3121 8493 48
3121 8493 12
3121 8495 42
3121 8495 12
3121 8491 45
3121 8491 19
3121 8514 10
3121 8514 58
3121 8496 26
3121 8496 55
3121 8512 44
3121 8512 1
3121 8492 36
3121 8492 3
3121 8511 53
3121 8511 50
3121 8513 29
3121 8513 25
3121 8497 24
3121 8497 38
3121 8519 4
3121 8519 12
3121 8520 31
3121 8520 51
3121 8510 16
3121 8510 43
3121 8599 19
3121 8599 55
3121 8600 46
3121 8600 34
3121 8498 22
3121 8498 34
3121 8573 5
3121 8573 48
3121 8535 25
3121 8535 60
3121 8518 51
3121 8518 51
3121 8521 5
3121 8521 54
3121 8509 52
3121 8509 37
3121 8601 22
3121 8601 58
3121 8522 32
3121 8522 59
3121 8604 16
3121 8604 1
3121 8569 0
3121 8569 43
3121 8574 24
3121 8574 17
3121 8534 38
3121 8534 42
3121 8500 39
3121 8500 12
3121 8517 43
3121 8517 9
3121 8581 55
3121 8581 9
3121 8584 58
3121 8584 45
3125 8494 16
3125 8494 19
3125 8493 8
3125 8493 15
3125 8495 30
3125 8495 50
3125 8491 14
3125 8491 34
3125 8514 51
3125 8514 3
3125 8496 44
3125 8496 53
3125 8512 24
3125 8512 29
3125 8492 31
3125 8492 53
3125 8511 0
3125 8511 35
3125 8513 13
3125 8513 30
3125 8497 47
3125 8497 20
3125 8519 21
3125 8519 18
3125 8520 4
3125 8520 31
3125 8510 29
3125 8510 8
3125 8599 5
3125 8599 50
3125 8600 38
3125 8600 5
3125 8498 29
3125 8498 4
3125 8573 4
3125 8573 33
3125 8535 34
3125 8535 52
3125 8518 54
3125 8518 50
3125 8521 22
3125 8521 45
3125 8509 16
3125 8509 13
3125 8601 19
3125 8601 55
3125 8522 9
3125 8522 42
3125 8604 15
3125 8604 35
3125 8569 25
3125 8569 46
3125 8574 18
3125 8574 43
3125 8534 8
3125 8534 28
3125 8500 60
3125 8500 54
3125 8517 60
3125 8517 57
3125 8581 27
3125 8581 56
3125 8584 16
3125 8584 38
3129 8494 35
3129 8494 37
3129 8493 23
3129 8493 25
3129 8495 9
3129 8495 15
3129 8491 31
3129 8491 13
3129 8514 31
3129 8514 60
3129 8496 27
3129 8496 14
3129 8512 39
3129 8512 46
3129 8492 43
3129 8492 45
3129 8511 48
3129 8511 30
3129 8513 0
3129 8513 26
3129 8497 32
3129 8497 54
3129 8519 32
3129 8519 13
3129 8520 33
3129 8520 6
3129 8510 26
3129 8510 5
3129 8599 7
3129 8599 50
3129 8600 21
3129 8600 24
3129 8498 43
3129 8498 25
3129 8573 48
3129 8573 48
3129 8535 23
3129 8535 37
3129 8518 31
3129 8518 45
3129 8521 15
3129 8521 60
3129 8509 48
3129 8509 25
3129 8601 15
3129 8601 26
3129 8522 23
3129 8522 58
3129 8604 2
3129 8604 30
3129 8569 15
3129 8569 34
3129 8574 60
3129 8574 46
3129 8534 32
3129 8534 40
3129 8500 12
3129 8500 25
3129 8517 28
3129 8517 4
3129 8581 31
3129 8581 26
3129 8584 52
3129 8584 49
3153 8494 5
3153 8494 30
3153 8493 0
3153 8493 27
3153 8495 47
3153 8495 29
3153 8491 3
3153 8491 4
3153 8514 52
3153 8514 39
3153 8496 38
3153 8496 48
3153 8512 32
3153 8512 16
3153 8492 34
3153 8492 31
3153 8511 0
3153 8511 12
3153 8513 8
3153 8513 54
3153 8497 15
3153 8497 40
3153 8519 12
3153 8519 60
3153 8520 60
3153 8520 46
3153 8510 11
3153 8510 33
3153 8599 8
3153 8599 6
3153 8600 54
3153 8600 17
3153 8498 24
3153 8498 30
3153 8573 2
3153 8573 44
3153 8535 31
3153 8535 44
3153 8518 43
3153 8518 38
3153 8521 51
3153 8521 43
3153 8509 7
3153 8509 39
3153 8601 16
3153 8601 48
3153 8522 19
3153 8522 34
3153 8604 11
3153 8604 18
3153 8569 54
3153 8569 47
3153 8574 59
3153 8574 27
3153 8534 44
3153 8534 20
3153 8500 21
3153 8500 25
3153 8517 12
3153 8517 24
3153 8581 56
3153 8581 18
3153 8584 55
3153 8584 9
3154 8494 6
3154 8494 53
3154 8493 1
3154 8493 18
3154 8495 3
3154 8495 46
3154 8491 4
3154 8491 15
3154 8514 35
3154 8514 53
3154 8496 26
3154 8496 59
3154 8512 32
3154 8512 47
3154 8492 17
3154 8492 26
3154 8511 15
3154 8511 21
3154 8513 15
3154 8513 8
3154 8497 21
3154 8497 58
3154 8519 55
3154 8519 38
3154 8520 10
3154 8520 14
3154 8510 35
3154 8510 34
3154 8599 10
3154 8599 36
3154 8600 33
3154 8600 32
3154 8498 7
3154 8498 47
3154 8573 44
3154 8573 25
3154 8535 44
3154 8535 0
3154 8518 60
3154 8518 57
3154 8521 60
3154 8521 32
3154 8509 2
3154 8509 20
3154 8601 16
3154 8601 32
3154 8522 27
3154 8522 23
3154 8604 40
3154 8604 57
3154 8569 48
3154 8569 20
3154 8574 60
3154 8574 36
3154 8534 17
3154 8534 18
3154 8500 23
3154 8500 41
3154 8517 2
3154 8517 17
3154 8581 29
3154 8581 24
3154 8584 28
3154 8584 5
3134 8494 36
3134 8494 48
3134 8493 18
3134 8493 34
3134 8495 13
3134 8495 25
3134 8491 3
3134 8491 38
3134 8514 57
3134 8514 39
3134 8496 22
3134 8496 13
3134 8512 41
3134 8512 47
3134 8492 18
3134 8492 12
3134 8511 10
3134 8511 7
3134 8513 0
3134 8513 22
3134 8497 18
3134 8497 0
3134 8519 20
3134 8519 35
3134 8520 49
3134 8520 18
3134 8510 54
3134 8510 25
3134 8599 21
3134 8599 1
3134 8600 24
3134 8600 54
3134 8498 52
3134 8498 31
3134 8573 28
3134 8573 43
3134 8535 8
3134 8535 57
3134 8518 28
3134 8518 59
3134 8521 10
3134 8521 16
3134 8509 9
3134 8509 24
3134 8601 33
3134 8601 24
3134 8522 12
3134 8522 47
3134 8604 43
3134 8604 30
3134 8569 20
3134 8569 51
3134 8574 34
3134 8574 23
3134 8534 15
3134 8534 0
3134 8500 47
3134 8500 4
3134 8517 54
3134 8517 29
3134 8581 47
3134 8581 55
3134 8584 31
3134 8584 35
