3411 6917 35
3411 6918 42
3411 6919 32
3411 6996 16
3411 6998 13
3411 6931 55
3411 8557 10
3411 6920 43
3411 9851 20
3411 3116 21
3411 6997 20
3411 9512 13
3411 6930 45
3411 8546 3
3411 8579 1
3411 8558 56
3411 8592 22
3411 6912 14
3411 9509 37
3411 9622 49
3411 9799 27
3411 3115 11
3411 7023 48
3411 9511 30
3411 9516 17
3411 6929 18
3411 8545 23
3411 8556 34
3411 8542 25
3411 8548 59
3411 8580 37
3411 8559 44
3410 6917 52
3410 6918 25
3410 6919 37
3410 6996 58
3410 6998 34
3410 6931 59
3410 8557 16
3410 6920 13
3410 9851 8
3410 3116 8
3410 6997 44
3410 9512 24
3410 6930 16
3410 8546 13
3410 8579 48
3410 8558 13
3410 8592 26
3410 6912 50
3410 9509 37
3410 9622 30
3410 9799 55
3410 3115 18
3410 7023 21
3410 9511 41
3410 9516 17
3410 6929 47
3410 8545 47
3410 8556 41
3410 8542 27
3410 8548 2
3410 8580 31
3410 8559 28
3413 6917 47
3413 6918 39
3413 6919 47
3413 6996 33
3413 6998 43
3413 6931 20
3413 8557 18
3413 6920 26
3413 9851 49
3413 3116 13
3413 6997 26
3413 9512 33
3413 6930 8
3413 8546 28
3413 8579 24
3413 8558 1
3413 8592 51
3413 6912 18
3413 9509 13
3413 9622 55
3413 9799 34
3413 3115 33
3413 7023 7
3413 9511 41
3413 9516 11
3413 6929 29
3413 8545 38
3413 8556 52
3413 8542 41
3413 8548 42
3413 8580 46
3413 8559 8
3415 6917 36
3415 6918 54
3415 6919 45
3415 6996 12
3415 6998 57
3415 6931 49
3415 8557 8
3415 6920 28
3415 9851 30
3415 3116 28
3415 6997 50
3415 9512 0
3415 6930 52
3415 8546 60
3415 8579 54
3415 8558 4
3415 8592 5
3415 6912 27
3415 9509 9
3415 9622 14
3415 9799 54
3415 3115 58
3415 7023 13
3415 9511 32
3415 9516 17
3415 6929 10
3415 8545 11
3415 8556 50
3415 8542 31
3415 8548 9
3415 8580 7
3415 8559 24
3416 6917 36
3416 6918 1
3416 6919 55
3416 6996 56
3416 6998 55
3416 6931 5
3416 8557 52
3416 6920 20
3416 9851 52
3416 3116 52
3416 6997 30
3416 9512 48
3416 6930 52
3416 8546 40
3416 8579 35
3416 8558 60
3416 8592 52
3416 6912 24
3416 9509 25
3416 9622 34
3416 9799 47
3416 3115 43
3416 7023 30
3416 9511 60
3416 9516 47
3416 6929 43
3416 8545 5
3416 8556 33
3416 8542 58
3416 8548 33
3416 8580 3
3416 8559 20
3281 6917 56
3281 6918 20
3281 6919 20
3281 6996 39
3281 6998 56
3281 6931 51
3281 8557 48
3281 6920 33
3281 9851 15
3281 3116 35
3281 6997 32
3281 9512 58
3281 6930 45
3281 8546 28
3281 8579 23
3281 8558 14
3281 8592 44
3281 6912 19
3281 9509 24
3281 9622 18
3281 9799 57
3281 3115 40
3281 7023 46
3281 9511 52
3281 9516 35
3281 6929 36
3281 8545 49
3281 8556 47
3281 8542 43
3281 8548 25
3281 8580 0
3281 8559 39
3412 6917 25
3412 6918 59
3412 6919 29
3412 6996 25
3412 6998 33
3412 6931 37
3412 8557 31
3412 6920 59
3412 9851 34
3412 3116 58
3412 6997 22
3412 9512 6
3412 6930 2
3412 8546 47
3412 8579 5
3412 8558 35
3412 8592 38
3412 6912 55
3412 9509 46
3412 9622 36
3412 9799 8
3412 3115 9
3412 7023 47
3412 9511 45
3412 9516 6
3412 6929 35
3412 8545 14
3412 8556 23
3412 8542 47
3412 8548 45
3412 8580 46
3412 8559 21
3417 6917 12
3417 6918 15
3417 6919 0
3417 6996 46
3417 6998 51
3417 6931 58
3417 8557 32
3417 6920 15
3417 9851 25
3417 3116 38
3417 6997 43
3417 9512 55
3417 6930 59
3417 8546 38
3417 8579 3
3417 8558 43
3417 8592 8
3417 6912 30
3417 9509 36
3417 9622 22
3417 9799 55
3417 3115 57
3417 7023 24
3417 9511 22
3417 9516 56
3417 6929 6
3417 8545 19
3417 8556 2
3417 8542 13
3417 8548 55
3417 8580 52
3417 8559 32
3414 6917 27
3414 6918 47
3414 6919 56
3414 6996 34
3414 6998 22
3414 6931 58
3414 8557 28
3414 6920 40
3414 9851 14
3414 3116 3
3414 6997 32
3414 9512 60
3414 6930 0
3414 8546 1
3414 8579 41
3414 8558 26
3414 8592 60
3414 6912 45
3414 9509 4
3414 9622 23
3414 9799 26
3414 3115 43
3414 7023 43
3414 9511 41
3414 9516 46
3414 6929 3
3414 8545 23
3414 8556 0
3414 8542 9
3414 8548 39
3414 8580 21
3414 8559 17
3079 6917 5
3079 6918 5
3079 6919 47
3079 6996 50
3079 6998 13
3079 6931 11
3079 8557 32
3079 6920 18
3079 9851 21
3079 3116 2
3079 6997 28
3079 9512 16
3079 6930 56
3079 8546 51
3079 8579 14
3079 8558 7
3079 8592 52
3079 6912 30
3079 9509 59
3079 9622 51
3079 9799 37
3079 3115 22
3079 7023 36
3079 9511 8
3079 9516 43
3079 6929 9
3079 8545 3
3079 8556 54
3079 8542 41
3079 8548 6
3079 8580 5
3079 8559 29
3441 6917 56
3441 6918 17
3441 6919 6
3441 6996 28
3441 6998 25
3441 6931 3
3441 8557 42
3441 6920 49
3441 9851 9
3441 3116 7
3441 6997 8
3441 9512 6
3441 6930 34
3441 8546 3
3441 8579 37
3441 8558 50
3441 8592 29
3441 6912 52
3441 9509 58
3441 9622 17
3441 9799 22
3441 3115 10
3441 7023 24
3441 9511 29
3441 9516 5
3441 6929 53
3441 8545 24
3441 8556 8
3441 8542 15
3441 8548 24
3441 8580 35
3441 8559 1
3446 6917 51
3446 6918 5
3446 6919 12
3446 6996 16
3446 6998 4
3446 6931 39
3446 8557 44
3446 6920 24
3446 9851 32
3446 3116 52
3446 6997 17
3446 9512 35
3446 6930 20
3446 8546 0
3446 8579 13
3446 8558 50
3446 8592 7
3446 6912 41
3446 9509 36
3446 9622 27
3446 9799 9
3446 3115 7
3446 7023 18
3446 9511 0
3446 9516 47
3446 6929 53
3446 8545 12
3446 8556 59
3446 8542 38
3446 8548 8
3446 8580 35
3446 8559 31
3280 6917 1
3280 6918 59
3280 6919 55
3280 6996 42
3280 6998 60
3280 6931 0
3280 8557 15
3280 6920 34
3280 9851 38
3280 3116 26
3280 6997 18
3280 9512 3
3280 6930 12
3280 8546 23
3280 8579 23
3280 8558 36
3280 8592 3
3280 6912 0
3280 9509 41
3280 9622 47
3280 9799 28
3280 3115 16
3280 7023 25
3280 9511 28
3280 9516 30
3280 6929 37
3280 8545 8
3280 8556 47
3280 8542 24
3280 8548 60
3280 8580 22
3280 8559 5
3403 6917 29
3403 6918 43
3403 6919 49
3403 6996 45
3403 6998 52
3403 6931 18
3403 8557 47
3403 6920 9
3403 9851 15
3403 3116 26
3403 6997 10
3403 9512 39
3403 6930 23
3403 8546 28
3403 8579 18
3403 8558 20
3403 8592 52
3403 6912 16
3403 9509 33
3403 9622 19
3403 9799 1
3403 3115 30
3403 7023 3
3403 9511 55
3403 9516 55
3403 6929 25
3403 8545 50
3403 8556 18
3403 8542 27
3403 8548 10
3403 8580 50
3403 8559 42
3283 6917 60
3283 6918 5
3283 6919 34
3283 6996 40
3283 6998 14
3283 6931 51
3283 8557 57
3283 6920 35
3283 9851 18
3283 3116 55
3283 6997 19
3283 9512 28
3283 6930 51
3283 8546 9
3283 8579 56
3283 8558 23
3283 8592 30
3283 6912 59
3283 9509 13
3283 9622 60
3283 9799 54
3283 3115 57
3283 7023 24
3283 9511 2
3283 9516 47
3283 6929 52
3283 8545 53
3283 8556 13
3283 8542 43
3283 8548 6
3283 8580 21
3283 8559 24
3405 6917 14
3405 6918 5
3405 6919 19
3405 6996 51
3405 6998 6
3405 6931 50
3405 8557 55
3405 6920 48
3405 9851 7
3405 3116 24
3405 6997 6
3405 9512 58
3405 6930 24
3405 8546 43
3405 8579 30
3405 8558 37
3405 8592 6
3405 6912 36
3405 9509 10
3405 9622 19
3405 9799 25
3405 3115 19
3405 7023 53
3405 9511 12
3405 9516 34
3405 6929 57
3405 8545 57
3405 8556 36
3405 8542 15
3405 8548 36
3405 8580 51
3405 8559 4
3418 6917 38
3418 6918 38
3418 6919 37
3418 6996 32
3418 6998 44
3418 6931 43
3418 8557 58
3418 6920 43
3418 9851 18
3418 3116 20
3418 6997 22
3418 9512 58
3418 6930 38
3418 8546 46
3418 8579 11
3418 8558 36
3418 8592 52
3418 6912 33
3418 9509 22
3418 9622 3
3418 9799 32
3418 3115 60
3418 7023 54
3418 9511 17
3418 9516 4
3418 6929 36
3418 8545 38
3418 8556 17
3418 8542 7
3418 8548 31
3418 8580 8
3418 8559 58
3406 6917 37
3406 6918 56
3406 6919 32
3406 6996 42
3406 6998 15
3406 6931 20
3406 8557 36
3406 6920 6
3406 9851 27
3406 3116 13
3406 6997 16
3406 9512 39
3406 6930 53
3406 8546 41
3406 8579 8
3406 8558 36
3406 8592 53
3406 6912 42
3406 9509 38
3406 9622 30
3406 9799 7
3406 3115 29
3406 7023 41
3406 9511 48
3406 9516 45
3406 6929 59
3406 8545 17
3406 8556 8
3406 8542 40
3406 8548 50
3406 8580 9
3406 8559 48
3422 6917 45
3422 6918 47
3422 6919 32
3422 6996 6
3422 6998 51
3422 6931 59
3422 8557 40
3422 6920 5
3422 9851 36
3422 3116 6
3422 6997 37
3422 9512 44
3422 6930 9
3422 8546 31
3422 8579 60
3422 8558 4
3422 8592 2
3422 6912 2
3422 9509 4
3422 9622 3
3422 9799 4
3422 3115 49
3422 7023 56
3422 9511 57
3422 9516 18
3422 6929 15
3422 8545 12
3422 8556 10
3422 8542 29
3422 8548 28
3422 8580 51
3422 8559 25
3421 6917 45
3421 6918 24
3421 6919 22
3421 6996 8
3421 6998 54
3421 6931 10
3421 8557 5
3421 6920 28
3421 9851 15
3421 3116 30
3421 6997 35
3421 9512 20
3421 6930 58
3421 8546 42
3421 8579 48
3421 8558 18
3421 8592 17
3421 6912 9
3421 9509 18
3421 9622 3
3421 9799 4
3421 3115 54
3421 7023 14
3421 9511 33
3421 9516 2
3421 6929 59
3421 8545 58
3421 8556 19
3421 8542 23
3421 8548 42
3421 8580 7
3421 8559 51
3078 6917 41
3078 6918 18
3078 6919 27
3078 6996 47
3078 6998 13
3078 6931 17
3078 8557 43
3078 6920 3
3078 9851 26
3078 3116 36
3078 6997 3
3078 9512 47
3078 6930 11
3078 8546 41
3078 8579 48
3078 8558 30
3078 8592 49
3078 6912 37
3078 9509 8
3078 9622 39
3078 9799 10
3078 3115 23
3078 7023 51
3078 9511 15
3078 9516 51
3078 6929 10
3078 8545 13
3078 8556 15
3078 8542 43
3078 8548 18
3078 8580 42
3078 8559 27
3440 6917 12
3440 6918 54
3440 6919 46
3440 6996 49
3440 6998 12
3440 6931 36
3440 8557 1
3440 6920 16
3440 9851 55
3440 3116 52
3440 6997 57
3440 9512 4
3440 6930 46
3440 8546 22
3440 8579 27
3440 8558 56
3440 8592 25
3440 6912 32
3440 9509 36
3440 9622 3
3440 9799 23
3440 3115 12
3440 7023 21
3440 9511 50
3440 9516 54
3440 6929 28
3440 8545 2
3440 8556 44
3440 8542 26
3440 8548 44
3440 8580 55
3440 8559 2
3444 6917 45
3444 6918 22
3444 6919 22
3444 6996 28
3444 6998 7
3444 6931 38
3444 8557 29
3444 6920 9
3444 9851 2
3444 3116 33
3444 6997 24
3444 9512 7
3444 6930 6
3444 8546 16
3444 8579 13
3444 8558 12
3444 8592 0
3444 6912 22
3444 9509 46
3444 9622 28
3444 9799 13
3444 3115 44
3444 7023 31
3444 9511 50
3444 9516 60
3444 6929 16
3444 8545 38
3444 8556 50
3444 8542 47
3444 8548 36
3444 8580 42
3444 8559 41
3460 6917 48
3460 6918 3
3460 6919 60
3460 6996 20
3460 6998 59
3460 6931 58
3460 8557 13
3460 6920 28
3460 9851 3
3460 3116 59
3460 6997 56
3460 9512 60
3460 6930 10
3460 8546 17
3460 8579 38
3460 8558 37
3460 8592 20
3460 6912 25
3460 9509 15
3460 9622 21
3460 9799 25
3460 3115 12
3460 7023 41
3460 9511 42
3460 9516 53
3460 6929 29
3460 8545 7
3460 8556 43
3460 8542 22
3460 8548 32
3460 8580 22
3460 8559 15
3276 6917 44
3276 6918 25
3276 6919 28
3276 6996 12
3276 6998 19
3276 6931 2
3276 8557 53
3276 6920 2
3276 9851 60
3276 3116 10
3276 6997 39
3276 9512 31
3276 6930 43
3276 8546 48
3276 8579 12
3276 8558 53
3276 8592 5
3276 6912 8
3276 9509 26
3276 9622 24
3276 9799 59
3276 3115 34
3276 7023 20
3276 9511 28
3276 9516 20
3276 6929 37
3276 8545 3
3276 8556 27
3276 8542 38
3276 8548 23
3276 8580 59
3276 8559 39
3083 6917 34
3083 6918 29
3083 6919 49
3083 6996 53
3083 6998 28
3083 6931 8
3083 8557 14
3083 6920 51
3083 9851 60
3083 3116 15
3083 6997 34
3083 9512 32
3083 6930 10
3083 8546 31
3083 8579 0
3083 8558 35
3083 8592 25
3083 6912 16
3083 9509 16
3083 9622 33
3083 9799 23
3083 3115 13
3083 7023 32
3083 9511 18
3083 9516 20
3083 6929 48
3083 8545 53
3083 8556 43
3083 8542 3
3083 8548 52
3083 8580 2
3083 8559 49
3096 6917 26
3096 6918 11
3096 6919 19
3096 6996 1
3096 6998 36
3096 6931 56
3096 8557 31
3096 6920 19
3096 9851 42
3096 3116 54
3096 6997 38
3096 9512 42
3096 6930 32
3096 8546 19
3096 8579 42
3096 8558 11
3096 8592 42
3096 6912 39
3096 9509 35
3096 9622 20
3096 9799 10
3096 3115 9
3096 7023 43
3096 9511 54
3096 9516 41
3096 6929 18
3096 8545 39
3096 8556 13
3096 8542 53
3096 8548 36
3096 8580 20
3096 8559 55
3095 6917 15
3095 6918 45
3095 6919 38
3095 6996 12
3095 6998 50
3095 6931 39
3095 8557 6
3095 6920 32
3095 9851 35
3095 3116 42
3095 6997 23
3095 9512 30
3095 6930 52
3095 8546 13
3095 8579 38
3095 8558 33
3095 8592 41
3095 6912 4
3095 9509 7
3095 9622 43
3095 9799 15
3095 3115 35
3095 7023 14
3095 9511 11
3095 9516 42
3095 6929 35
3095 8545 37
3095 8556 57
3095 8542 2
3095 8548 11
3095 8580 32
3095 8559 8
3404 6917 5
3404 6918 40
3404 6919 57
3404 6996 16
3404 6998 58
3404 6931 2
3404 8557 52
3404 6920 50
3404 9851 34
3404 3116 7
3404 6997 58
3404 9512 46
3404 6930 22
3404 8546 31
3404 8579 18
3404 8558 5
3404 8592 5
3404 6912 25
3404 9509 52
3404 9622 38
3404 9799 41
3404 3115 8
3404 7023 7
3404 9511 23
3404 9516 28
3404 6929 18
3404 8545 17
3404 8556 20
3404 8542 39
3404 8548 29
3404 8580 57
3404 8559 17
3282 6917 46
3282 6918 15
3282 6919 54
3282 6996 48
3282 6998 18
3282 6931 57
3282 8557 47
3282 6920 49
3282 9851 53
3282 3116 59
3282 6997 27
3282 9512 12
3282 6930 35
3282 8546 41
3282 8579 59
3282 8558 55
3282 8592 14
3282 6912 21
3282 9509 4
3282 9622 34
3282 9799 21
3282 3115 47
3282 7023 27
3282 9511 34
3282 9516 18
3282 6929 57
3282 8545 0
3282 8556 46
3282 8542 41
3282 8548 33
3282 8580 22
3282 8559 38
3419 6917 5
3419 6918 46
3419 6919 60
3419 6996 46
3419 6998 7
3419 6931 30
3419 8557 49
3419 6920 19
3419 9851 51
3419 3116 22
3419 6997 52
3419 9512 43
3419 6930 59
3419 8546 19
3419 8579 36
3419 8558 37
3419 8592 44
3419 6912 49
3419 9509 27
3419 9622 30
3419 9799 0
3419 3115 44
3419 7023 59
3419 9511 2
3419 9516 1
3419 6929 60
3419 8545 5
3419 8556 56
3419 8542 52
3419 8548 0
3419 8580 21
3419 8559 59
3420 6917 1
3420 6918 41
3420 6919 25
3420 6996 57
3420 6998 14
3420 6931 1
3420 8557 11
3420 6920 50
3420 9851 3
3420 3116 48
3420 6997 47
3420 9512 28
3420 6930 41
3420 8546 19
3420 8579 44
3420 8558 38
3420 8592 30
3420 6912 46
3420 9509 6
3420 9622 35
3420 9799 2
3420 3115 23
3420 7023 28
3420 9511 57
3420 9516 22
3420 6929 54
3420 8545 18
3420 8556 6
3420 8542 12
3420 8548 26
3420 8580 5
3420 8559 16
