4869 4738 34
4869 4738 21
4869 4737 1
4869 4737 24
4869 4736 32
4869 4736 26
4869 4739 22
4869 4739 10
4869 4727 45
4869 4727 49
4869 4735 17
4869 4735 49
4869 4723 21
4869 4723 10
4869 4712 5
4869 4712 22
4869 4743 19
4869 4743 45
4869 4740 26
4869 4740 23
4869 4744 60
4869 4744 30
4869 4726 32
4869 4726 30
4869 4734 20
4869 4734 32
4869 4781 28
4869 4781 19
4869 4722 47
4869 4722 15
4869 4704 31
4869 4704 18
4869 4707 43
4869 4707 11
4869 4787 7
4869 4787 37
4869 4711 20
4869 4711 1
4869 4741 17
4869 4741 11
4869 4745 56
4869 4745 35
4869 4725 54
4869 4725 51
4869 4733 9
4869 4733 59
4869 4780 42
4869 4780 54
4869 4785 52
4869 4785 1
4869 4703 47
4869 4703 44
4869 4719 58
4869 4719 14
4869 5217 14
4869 5217 32
4869 4706 36
4869 4706 56
4869 4705 60
4869 4705 52
4869 4788 49
4869 4788 31
4869 4786 24
4869 4786 13
4864 4738 57
4864 4738 44
4864 4737 40
4864 4737 19
4864 4736 60
4864 4736 6
4864 4739 58
4864 4739 8
4864 4727 34
4864 4727 5
4864 4735 14
4864 4735 60
4864 4723 19
4864 4723 46
4864 4712 42
4864 4712 0
4864 4743 0
4864 4743 31
4864 4740 9
4864 4740 43
4864 4744 53
4864 4744 13
4864 4726 39
4864 4726 9
4864 4734 6
4864 4734 29
4864 4781 40
4864 4781 17
4864 4722 44
4864 4722 24
4864 4704 60
4864 4704 41
4864 4707 18
4864 4707 15
4864 4787 55
4864 4787 24
4864 4711 24
4864 4711 8
4864 4741 38
4864 4741 29
4864 4745 19
4864 4745 25
4864 4725 30
4864 4725 18
4864 4733 24
4864 4733 3
4864 4780 51
4864 4780 58
4864 4785 56
4864 4785 0
4864 4703 29
4864 4703 26
4864 4719 17
4864 4719 11
4864 5217 40
4864 5217 56
4864 4706 13
4864 4706 6
4864 4705 30
4864 4705 11
4864 4788 59
4864 4788 34
4864 4786 34
4864 4786 30
4866 4738 2
4866 4738 45
4866 4737 46
4866 4737 26
4866 4736 30
4866 4736 11
4866 4739 20
4866 4739 36
4866 4727 20
4866 4727 51
4866 4735 56
4866 4735 43
4866 4723 34
4866 4723 58
4866 4712 6
4866 4712 24
4866 4743 11
4866 4743 25
4866 4740 17
4866 4740 15
4866 4744 48
4866 4744 9
4866 4726 22
4866 4726 46
4866 4734 39
4866 4734 14
4866 4781 10
4866 4781 33
4866 4722 50
4866 4722 20
4866 4704 41
4866 4704 45
4866 4707 15
4866 4707 47
4866 4787 35
4866 4787 17
4866 4711 52
4866 4711 29
4866 4741 23
4866 4741 52
4866 4745 9
4866 4745 30
4866 4725 23
4866 4725 31
4866 4733 52
4866 4733 45
4866 4780 34
4866 4780 59
4866 4785 7
4866 4785 15
4866 4703 14
4866 4703 15
4866 4719 23
4866 4719 34
4866 5217 9
4866 5217 32
4866 4706 2
4866 4706 13
4866 4705 26
4866 4705 0
4866 4788 43
4866 4788 47
4866 4786 34
4866 4786 15
4870 4738 12
4870 4738 17
4870 4737 58
4870 4737 60
4870 4736 6
4870 4736 25
4870 4739 10
4870 4739 43
4870 4727 12
4870 4727 12
4870 4735 42
4870 4735 53
4870 4723 41
4870 4723 47
4870 4712 2
4870 4712 3
4870 4743 17
4870 4743 15
4870 4740 60
4870 4740 51
4870 4744 34
4870 4744 29
4870 4726 27
4870 4726 50
4870 4734 18
4870 4734 3
4870 4781 26
4870 4781 37
4870 4722 56
4870 4722 57
4870 4704 2
4870 4704 22
4870 4707 55
4870 4707 19
4870 4787 34
4870 4787 32
4870 4711 15
4870 4711 46
4870 4741 6
4870 4741 31
4870 4745 18
4870 4745 9
4870 4725 45
4870 4725 49
4870 4733 40
4870 4733 4
4870 4780 1
4870 4780 18
4870 4785 34
4870 4785 36
4870 4703 58
4870 4703 56
4870 4719 12
4870 4719 57
4870 5217 40
4870 5217 42
4870 4706 26
4870 4706 60
4870 4705 54
4870 4705 39
4870 4788 15
4870 4788 9
4870 4786 53
4870 4786 4
4909 4738 20
4909 4738 4
4909 4737 22
4909 4737 54
4909 4736 33
4909 4736 17
4909 4739 19
4909 4739 20
4909 4727 5
4909 4727 0
4909 4735 25
4909 4735 48
4909 4723 7
4909 4723 16
4909 4712 23
4909 4712 44
4909 4743 30
4909 4743 19
4909 4740 31
4909 4740 20
4909 4744 8
4909 4744 23
4909 4726 39
4909 4726 31
4909 4734 10
4909 4734 14
4909 4781 29
4909 4781 25
4909 4722 7
4909 4722 7
4909 4704 36
4909 4704 14
4909 4707 2
4909 4707 10
4909 4787 8
4909 4787 1
4909 4711 37
4909 4711 16
4909 4741 37
4909 4741 8
4909 4745 29
4909 4745 28
4909 4725 31
4909 4725 50
4909 4733 40
4909 4733 55
4909 4780 32
4909 4780 19
4909 4785 47
4909 4785 40
4909 4703 16
4909 4703 4
4909 4719 53
4909 4719 54
4909 5217 1
4909 5217 18
4909 4706 3
4909 4706 28
4909 4705 44
4909 4705 55
4909 4788 3
4909 4788 4
4909 4786 35
4909 4786 27
4863 4738 34
4863 4738 57
4863 4737 56
4863 4737 30
4863 4736 45
4863 4736 60
4863 4739 22
4863 4739 56
4863 4727 47
4863 4727 40
4863 4735 47
4863 4735 26
4863 4723 21
4863 4723 55
4863 4712 57
4863 4712 1
4863 4743 10
4863 4743 42
4863 4740 36
4863 4740 56
4863 4744 37
4863 4744 46
4863 4726 59
4863 4726 34
4863 4734 24
4863 4734 33
4863 4781 50
4863 4781 6
4863 4722 30
4863 4722 9
4863 4704 34
4863 4704 33
4863 4707 14
4863 4707 24
4863 4787 28
4863 4787 8
4863 4711 21
4863 4711 40
4863 4741 4
4863 4741 45
4863 4745 19
4863 4745 35
4863 4725 33
4863 4725 60
4863 4733 29
4863 4733 5
4863 4780 29
4863 4780 47
4863 4785 4
4863 4785 37
4863 4703 56
4863 4703 30
4863 4719 2
4863 4719 10
4863 5217 49
4863 5217 37
4863 4706 12
4863 4706 13
4863 4705 49
4863 4705 57
4863 4788 17
4863 4788 37
4863 4786 36
4863 4786 51
4865 4738 4
4865 4738 37
4865 4737 53
4865 4737 53
4865 4736 58
4865 4736 54
4865 4739 48
4865 4739 40
4865 4727 9
4865 4727 41
4865 4735 20
4865 4735 59
4865 4723 23
4865 4723 20
4865 4712 41
4865 4712 22
4865 4743 28
4865 4743 19
4865 4740 1
4865 4740 29
4865 4744 34
4865 4744 16
4865 4726 28
4865 4726 30
4865 4734 42
4865 4734 50
4865 4781 11
4865 4781 33
4865 4722 13
4865 4722 56
4865 4704 1
4865 4704 45
4865 4707 55
4865 4707 8
4865 4787 8
4865 4787 57
4865 4711 14
4865 4711 26
4865 4741 26
4865 4741 33
4865 4745 35
4865 4745 28
4865 4725 19
4865 4725 60
4865 4733 46
4865 4733 31
4865 4780 14
4865 4780 39
4865 4785 53
4865 4785 6
4865 4703 0
4865 4703 8
4865 4719 38
4865 4719 5
4865 5217 51
4865 5217 57
4865 4706 47
4865 4706 0
4865 4705 54
4865 4705 41
4865 4788 28
4865 4788 50
4865 4786 48
4865 4786 16
4905 4738 22
4905 4738 9
4905 4737 32
4905 4737 6
4905 4736 45
4905 4736 46
4905 4739 3
4905 4739 55
4905 4727 55
4905 4727 34
4905 4735 28
4905 4735 39
4905 4723 9
4905 4723 16
4905 4712 11
4905 4712 25
4905 4743 11
4905 4743 10
4905 4740 23
4905 4740 38
4905 4744 50
4905 4744 19
4905 4726 27
4905 4726 34
4905 4734 49
4905 4734 15
4905 4781 22
4905 4781 6
4905 4722 38
4905 4722 57
4905 4704 32
4905 4704 8
4905 4707 29
4905 4707 1
4905 4787 58
4905 4787 0
4905 4711 3
4905 4711 53
4905 4741 1
4905 4741 40
4905 4745 27
4905 4745 12
4905 4725 15
4905 4725 51
4905 4733 29
4905 4733 8
4905 4780 21
4905 4780 1
4905 4785 0
4905 4785 39
4905 4703 27
4905 4703 42
4905 4719 11
4905 4719 17
4905 5217 16
4905 5217 59
4905 4706 26
4905 4706 18
4905 4705 49
4905 4705 11
4905 4788 60
4905 4788 30
4905 4786 55
4905 4786 52
4852 4738 6
4852 4738 56
4852 4737 28
4852 4737 35
4852 4736 49
4852 4736 20
4852 4739 38
4852 4739 3
4852 4727 27
4852 4727 15
4852 4735 44
4852 4735 32
4852 4723 43
4852 4723 35
4852 4712 28
4852 4712 40
4852 4743 28
4852 4743 59
4852 4740 8
4852 4740 49
4852 4744 4
4852 4744 8
4852 4726 6
4852 4726 59
4852 4734 53
4852 4734 13
4852 4781 58
4852 4781 55
4852 4722 57
4852 4722 29
4852 4704 11
4852 4704 12
4852 4707 32
4852 4707 12
4852 4787 15
4852 4787 44
4852 4711 14
4852 4711 58
4852 4741 7
4852 4741 55
4852 4745 15
4852 4745 21
4852 4725 52
4852 4725 36
4852 4733 39
4852 4733 24
4852 4780 1
4852 4780 12
4852 4785 19
4852 4785 18
4852 4703 15
4852 4703 9
4852 4719 0
4852 4719 56
4852 5217 10
4852 5217 3
4852 4706 57
4852 4706 18
4852 4705 16
4852 4705 22
4852 4788 29
4852 4788 47
4852 4786 52
4852 4786 19
4867 4738 51
4867 4738 60
4867 4737 55
4867 4737 42
4867 4736 50
4867 4736 23
4867 4739 7
4867 4739 17
4867 4727 1
4867 4727 43
4867 4735 49
4867 4735 10
4867 4723 17
4867 4723 3
4867 4712 28
4867 4712 40
4867 4743 18
4867 4743 48
4867 4740 4
4867 4740 3
4867 4744 1
4867 4744 20
4867 4726 44
4867 4726 22
4867 4734 48
4867 4734 15
4867 4781 32
4867 4781 56
4867 4722 25
4867 4722 14
4867 4704 13
4867 4704 13
4867 4707 26
4867 4707 36
4867 4787 36
4867 4787 31
4867 4711 3
4867 4711 55
4867 4741 38
4867 4741 2
4867 4745 55
4867 4745 21
4867 4725 41
4867 4725 44
4867 4733 21
4867 4733 30
4867 4780 23
4867 4780 24
4867 4785 19
4867 4785 13
4867 4703 59
4867 4703 17
4867 4719 6
4867 4719 56
4867 5217 39
4867 5217 2
4867 4706 56
4867 4706 31
4867 4705 43
4867 4705 50
4867 4788 29
4867 4788 55
4867 4786 32
4867 4786 25
4871 4738 36
4871 4738 40
4871 4737 8
4871 4737 37
4871 4736 11
4871 4736 58
4871 4739 36
4871 4739 15
4871 4727 7
4871 4727 5
4871 4735 39
4871 4735 51
4871 4723 3
4871 4723 13
4871 4712 1
4871 4712 7
4871 4743 50
4871 4743 36
4871 4740 29
4871 4740 30
4871 4744 49
4871 4744 38
4871 4726 16
4871 4726 2
4871 4734 53
4871 4734 1
4871 4781 12
4871 4781 47
4871 4722 49
4871 4722 26
4871 4704 20
4871 4704 13
4871 4707 29
4871 4707 14
4871 4787 18
4871 4787 8
4871 4711 16
4871 4711 6
4871 4741 1
4871 4741 49
4871 4745 55
4871 4745 29
4871 4725 9
4871 4725 32
4871 4733 43
4871 4733 35
4871 4780 18
4871 4780 25
4871 4785 37
4871 4785 40
4871 4703 40
4871 4703 0
4871 4719 40
4871 4719 31
4871 5217 29
4871 5217 47
4871 4706 50
4871 4706 41
4871 4705 26
4871 4705 23
4871 4788 31
4871 4788 57
4871 4786 11
4871 4786 21
4921 4738 11
4921 4738 58
4921 4737 26
4921 4737 59
4921 4736 0
4921 4736 33
4921 4739 50
4921 4739 33
4921 4727 47
4921 4727 56
4921 4735 10
4921 4735 4
4921 4723 21
4921 4723 33
4921 4712 34
4921 4712 11
4921 4743 50
4921 4743 28
4921 4740 44
4921 4740 15
4921 4744 37
4921 4744 32
4921 4726 8
4921 4726 25
4921 4734 46
4921 4734 4
4921 4781 56
4921 4781 37
4921 4722 50
4921 4722 5
4921 4704 29
4921 4704 30
4921 4707 51
4921 4707 18
4921 4787 55
4921 4787 19
4921 4711 43
4921 4711 26
4921 4741 37
4921 4741 47
4921 4745 35
4921 4745 39
4921 4725 57
4921 4725 13
4921 4733 51
4921 4733 35
4921 4780 48
4921 4780 17
4921 4785 15
4921 4785 37
4921 4703 17
4921 4703 22
4921 4719 35
4921 4719 20
4921 5217 21
4921 5217 15
4921 4706 40
4921 4706 47
4921 4705 40
4921 4705 39
4921 4788 50
4921 4788 57
4921 4786 20
4921 4786 8
4919 4738 56
4919 4738 15
4919 4737 43
4919 4737 5
4919 4736 3
4919 4736 22
4919 4739 41
4919 4739 51
4919 4727 59
4919 4727 3
4919 4735 43
4919 4735 28
4919 4723 6
4919 4723 6
4919 4712 15
4919 4712 46
4919 4743 30
4919 4743 2
4919 4740 16
4919 4740 22
4919 4744 60
4919 4744 26
4919 4726 24
4919 4726 22
4919 4734 11
4919 4734 45
4919 4781 11
4919 4781 19
4919 4722 33
4919 4722 60
4919 4704 36
4919 4704 16
4919 4707 37
4919 4707 29
4919 4787 57
4919 4787 27
4919 4711 0
4919 4711 38
4919 4741 30
4919 4741 56
4919 4745 11
4919 4745 53
4919 4725 59
4919 4725 2
4919 4733 51
4919 4733 52
4919 4780 12
4919 4780 47
4919 4785 37
4919 4785 8
4919 4703 24
4919 4703 16
4919 4719 46
4919 4719 8
4919 5217 25
4919 5217 37
4919 4706 16
4919 4706 37
4919 4705 7
4919 4705 15
4919 4788 48
4919 4788 46
4919 4786 59
4919 4786 43
4862 4738 20
4862 4738 19
4862 4737 20
4862 4737 29
4862 4736 25
4862 4736 44
4862 4739 54
4862 4739 35
4862 4727 46
4862 4727 6
4862 4735 12
4862 4735 49
4862 4723 32
4862 4723 29
4862 4712 3
4862 4712 37
4862 4743 20
4862 4743 57
4862 4740 1
4862 4740 38
4862 4744 17
4862 4744 58
4862 4726 43
4862 4726 58
4862 4734 50
4862 4734 2
4862 4781 59
4862 4781 21
4862 4722 21
4862 4722 2
4862 4704 29
4862 4704 28
4862 4707 55
4862 4707 19
4862 4787 46
4862 4787 54
4862 4711 8
4862 4711 39
4862 4741 51
4862 4741 37
4862 4745 35
4862 4745 24
4862 4725 19
4862 4725 25
4862 4733 33
4862 4733 35
4862 4780 48
4862 4780 4
4862 4785 29
4862 4785 22
4862 4703 32
4862 4703 15
4862 4719 1
4862 4719 20
4862 5217 56
4862 5217 45
4862 4706 7
4862 4706 10
4862 4705 10
4862 4705 2
4862 4788 17
4862 4788 3
4862 4786 20
4862 4786 15
4859 4738 49
4859 4738 5
4859 4737 20
4859 4737 15
4859 4736 8
4859 4736 52
4859 4739 50
4859 4739 4
4859 4727 21
4859 4727 18
4859 4735 23
4859 4735 37
4859 4723 24
4859 4723 44
4859 4712 54
4859 4712 26
4859 4743 51
4859 4743 32
4859 4740 58
4859 4740 1
4859 4744 1
4859 4744 49
4859 4726 40
4859 4726 2
4859 4734 4
4859 4734 20
4859 4781 58
4859 4781 53
4859 4722 9
4859 4722 12
4859 4704 6
4859 4704 29
4859 4707 57
4859 4707 47
4859 4787 3
4859 4787 16
4859 4711 29
4859 4711 28
4859 4741 60
4859 4741 5
4859 4745 34
4859 4745 13
4859 4725 24
4859 4725 39
4859 4733 37
4859 4733 18
4859 4780 12
4859 4780 54
4859 4785 54
4859 4785 52
4859 4703 53
4859 4703 4
4859 4719 36
4859 4719 22
4859 5217 47
4859 5217 41
4859 4706 12
4859 4706 31
4859 4705 40
4859 4705 41
4859 4788 53
4859 4788 31
4859 4786 1
4859 4786 52
4904 4738 24
4904 4738 18
4904 4737 20
4904 4737 32
4904 4736 22
4904 4736 16
4904 4739 26
4904 4739 35
4904 4727 31
4904 4727 7
4904 4735 57
4904 4735 46
4904 4723 2
4904 4723 5
4904 4712 30
4904 4712 23
4904 4743 35
4904 4743 5
4904 4740 39
4904 4740 22
4904 4744 11
4904 4744 59
4904 4726 58
4904 4726 32
4904 4734 39
4904 4734 44
4904 4781 26
4904 4781 13
4904 4722 19
4904 4722 56
4904 4704 47
4904 4704 40
4904 4707 13
4904 4707 38
4904 4787 47
4904 4787 4
4904 4711 29
4904 4711 20
4904 4741 10
4904 4741 37
4904 4745 2
4904 4745 35
4904 4725 51
4904 4725 33
4904 4733 12
4904 4733 57
4904 4780 14
4904 4780 29
4904 4785 7
4904 4785 24
4904 4703 40
4904 4703 7
4904 4719 13
4904 4719 3
4904 5217 7
4904 5217 21
4904 4706 51
4904 4706 29
4904 4705 36
4904 4705 28
4904 4788 2
4904 4788 51
4904 4786 47
4904 4786 57
4851 4738 4
4851 4738 15
4851 4737 51
4851 4737 19
4851 4736 14
4851 4736 41
4851 4739 12
4851 4739 13
4851 4727 40
4851 4727 16
4851 4735 24
4851 4735 34
4851 4723 23
4851 4723 55
4851 4712 53
4851 4712 15
4851 4743 37
4851 4743 1
4851 4740 2
4851 4740 57
4851 4744 19
4851 4744 14
4851 4726 43
4851 4726 37
4851 4734 2
4851 4734 20
4851 4781 47
4851 4781 27
4851 4722 3
4851 4722 36
4851 4704 0
4851 4704 37
4851 4707 21
4851 4707 25
4851 4787 21
4851 4787 21
4851 4711 3
4851 4711 22
4851 4741 12
4851 4741 1
4851 4745 35
4851 4745 24
4851 4725 47
4851 4725 29
4851 4733 30
4851 4733 53
4851 4780 44
4851 4780 53
4851 4785 32
4851 4785 18
4851 4703 52
4851 4703 33
4851 4719 20
4851 4719 32
4851 5217 26
4851 5217 26
4851 4706 47
4851 4706 28
4851 4705 48
4851 4705 1
4851 4788 28
4851 4788 8
4851 4786 38
4851 4786 47
4918 4738 0
4918 4738 50
4918 4737 31
4918 4737 48
4918 4736 17
4918 4736 27
4918 4739 4
4918 4739 55
4918 4727 8
4918 4727 59
4918 4735 28
4918 4735 20
4918 4723 2
4918 4723 46
4918 4712 2
4918 4712 0
4918 4743 30
4918 4743 2
4918 4740 44
4918 4740 13
4918 4744 26
4918 4744 31
4918 4726 27
4918 4726 15
4918 4734 28
4918 4734 52
4918 4781 53
4918 4781 25
4918 4722 1
4918 4722 56
4918 4704 23
4918 4704 37
4918 4707 53
4918 4707 42
4918 4787 17
4918 4787 24
4918 4711 34
4918 4711 52
4918 4741 13
4918 4741 49
4918 4745 24
4918 4745 4
4918 4725 42
4918 4725 38
4918 4733 4
4918 4733 58
4918 4780 54
4918 4780 32
4918 4785 27
4918 4785 15
4918 4703 34
4918 4703 5
4918 4719 27
4918 4719 16
4918 5217 57
4918 5217 24
4918 4706 57
4918 4706 35
4918 4705 22
4918 4705 11
4918 4788 46
4918 4788 53
4918 4786 21
4918 4786 20
4848 4738 24
4848 4738 42
4848 4737 57
4848 4737 36
4848 4736 2
4848 4736 0
4848 4739 55
4848 4739 60
4848 4727 23
4848 4727 4
4848 4735 34
4848 4735 41
4848 4723 32
4848 4723 39
4848 4712 48
4848 4712 24
4848 4743 26
4848 4743 16
4848 4740 36
4848 4740 52
4848 4744 7
4848 4744 27
4848 4726 9
4848 4726 7
4848 4734 54
4848 4734 5
4848 4781 17
4848 4781 15
4848 4722 43
4848 4722 2
4848 4704 35
4848 4704 49
4848 4707 1
4848 4707 52
4848 4787 16
4848 4787 51
4848 4711 10
4848 4711 52
4848 4741 23
4848 4741 37
4848 4745 57
4848 4745 16
4848 4725 19
4848 4725 6
4848 4733 2
4848 4733 54
4848 4780 29
4848 4780 33
4848 4785 35
4848 4785 8
4848 4703 10
4848 4703 13
4848 4719 40
4848 4719 33
4848 5217 7
4848 5217 48
4848 4706 16
4848 4706 6
4848 4705 36
4848 4705 6
4848 4788 39
4848 4788 19
4848 4786 34
4848 4786 8
4853 4738 49
4853 4738 22
4853 4737 30
4853 4737 58
4853 4736 9
4853 4736 52
4853 4739 50
4853 4739 41
4853 4727 55
4853 4727 33
4853 4735 13
4853 4735 18
4853 4723 11
4853 4723 6
4853 4712 33
4853 4712 8
4853 4743 32
4853 4743 37
4853 4740 5
4853 4740 2
4853 4744 39
4853 4744 44
4853 4726 53
4853 4726 37
4853 4734 14
4853 4734 37
4853 4781 22
4853 4781 32
4853 4722 26
4853 4722 1
4853 4704 56
4853 4704 0
4853 4707 5
4853 4707 52
4853 4787 44
4853 4787 13
4853 4711 54
4853 4711 24
4853 4741 44
4853 4741 43
4853 4745 32
4853 4745 59
4853 4725 49
4853 4725 48
4853 4733 22
4853 4733 1
4853 4780 37
4853 4780 38
4853 4785 51
4853 4785 23
4853 4703 23
4853 4703 56
4853 4719 12
4853 4719 12
4853 5217 0
4853 5217 55
4853 4706 32
4853 4706 13
4853 4705 27
4853 4705 8
4853 4788 4
4853 4788 33
4853 4786 25
4853 4786 45
4855 4738 31
4855 4738 37
4855 4737 21
4855 4737 32
4855 4736 55
4855 4736 33
4855 4739 11
4855 4739 39
4855 4727 28
4855 4727 34
4855 4735 2
4855 4735 58
4855 4723 51
4855 4723 51
4855 4712 24
4855 4712 16
4855 4743 7
4855 4743 53
4855 4740 3
4855 4740 56
4855 4744 44
4855 4744 23
4855 4726 37
4855 4726 14
4855 4734 56
4855 4734 20
4855 4781 18
4855 4781 18
4855 4722 19
4855 4722 12
4855 4704 36
4855 4704 41
4855 4707 55
4855 4707 49
4855 4787 30
4855 4787 28
4855 4711 60
4855 4711 30
4855 4741 10
4855 4741 17
4855 4745 30
4855 4745 3
4855 4725 3
4855 4725 14
4855 4733 15
4855 4733 18
4855 4780 49
4855 4780 1
4855 4785 13
4855 4785 26
4855 4703 21
4855 4703 3
4855 4719 53
4855 4719 2
4855 5217 20
4855 5217 2
4855 4706 37
4855 4706 25
4855 4705 17
4855 4705 9
4855 4788 6
4855 4788 41
4855 4786 23
4855 4786 2
4868 4738 1
4868 4738 28
4868 4737 43
4868 4737 41
4868 4736 41
4868 4736 52
4868 4739 46
4868 4739 54
4868 4727 30
4868 4727 46
4868 4735 0
4868 4735 25
4868 4723 20
4868 4723 47
4868 4712 29
4868 4712 41
4868 4743 6
4868 4743 12
4868 4740 44
4868 4740 2
4868 4744 27
4868 4744 50
4868 4726 44
4868 4726 13
4868 4734 40
4868 4734 59
4868 4781 13
4868 4781 22
4868 4722 19
4868 4722 44
4868 4704 3
4868 4704 58
4868 4707 38
4868 4707 59
4868 4787 0
4868 4787 34
4868 4711 45
4868 4711 46
4868 4741 27
4868 4741 11
4868 4745 40
4868 4745 53
4868 4725 15
4868 4725 33
4868 4733 17
4868 4733 31
4868 4780 16
4868 4780 41
4868 4785 40
4868 4785 3
4868 4703 26
4868 4703 5
4868 4719 19
4868 4719 35
4868 5217 56
4868 5217 2
4868 4706 5
4868 4706 31
4868 4705 30
4868 4705 55
4868 4788 29
4868 4788 35
4868 4786 37
4868 4786 1
4872 4738 53
4872 4738 57
4872 4737 49
4872 4737 5
4872 4736 7
4872 4736 53
4872 4739 23
4872 4739 2
4872 4727 2
4872 4727 29
4872 4735 54
4872 4735 9
4872 4723 19
4872 4723 28
4872 4712 4
4872 4712 43
4872 4743 34
4872 4743 26
4872 4740 7
4872 4740 53
4872 4744 60
4872 4744 20
4872 4726 47
4872 4726 0
4872 4734 14
4872 4734 26
4872 4781 59
4872 4781 12
4872 4722 14
4872 4722 12
4872 4704 8
4872 4704 60
4872 4707 9
4872 4707 3
4872 4787 23
4872 4787 18
4872 4711 52
4872 4711 28
4872 4741 47
4872 4741 23
4872 4745 51
4872 4745 26
4872 4725 8
4872 4725 50
4872 4733 46
4872 4733 7
4872 4780 0
4872 4780 31
4872 4785 47
4872 4785 35
4872 4703 56
4872 4703 36
4872 4719 48
4872 4719 29
4872 5217 46
4872 5217 1
4872 4706 48
4872 4706 51
4872 4705 29
4872 4705 16
4872 4788 35
4872 4788 54
4872 4786 20
4872 4786 23
4998 4738 4
4998 4738 3
4998 4737 31
4998 4737 46
4998 4736 6
4998 4736 41
4998 4739 8
4998 4739 56
4998 4727 37
4998 4727 0
4998 4735 1
4998 4735 42
4998 4723 13
4998 4723 48
4998 4712 3
4998 4712 56
4998 4743 9
4998 4743 9
4998 4740 47
4998 4740 38
4998 4744 46
4998 4744 27
4998 4726 47
4998 4726 36
4998 4734 30
4998 4734 2
4998 4781 37
4998 4781 36
4998 4722 49
4998 4722 16
4998 4704 29
4998 4704 33
4998 4707 14
4998 4707 14
4998 4787 48
4998 4787 35
4998 4711 24
4998 4711 5
4998 4741 39
4998 4741 10
4998 4745 56
4998 4745 0
4998 4725 30
4998 4725 4
4998 4733 19
4998 4733 38
4998 4780 15
4998 4780 21
4998 4785 8
4998 4785 60
4998 4703 6
4998 4703 2
4998 4719 54
4998 4719 60
4998 5217 2
4998 5217 34
4998 4706 17
4998 4706 11
4998 4705 46
4998 4705 23
4998 4788 34
4998 4788 39
4998 4786 18
4998 4786 21
4923 4738 16
4923 4738 6
4923 4737 52
4923 4737 18
4923 4736 22
4923 4736 45
4923 4739 8
4923 4739 26
4923 4727 56
4923 4727 6
4923 4735 22
4923 4735 22
4923 4723 47
4923 4723 57
4923 4712 10
4923 4712 23
4923 4743 3
4923 4743 53
4923 4740 20
4923 4740 50
4923 4744 48
4923 4744 33
4923 4726 20
4923 4726 35
4923 4734 0
4923 4734 43
4923 4781 47
4923 4781 3
4923 4722 3
4923 4722 44
4923 4704 38
4923 4704 35
4923 4707 0
4923 4707 47
4923 4787 36
4923 4787 23
4923 4711 23
4923 4711 32
4923 4741 31
4923 4741 44
4923 4745 46
4923 4745 52
4923 4725 0
4923 4725 43
4923 4733 14
4923 4733 26
4923 4780 33
4923 4780 37
4923 4785 36
4923 4785 25
4923 4703 25
4923 4703 44
4923 4719 2
4923 4719 22
4923 5217 14
4923 5217 44
4923 4706 56
4923 4706 35
4923 4705 40
4923 4705 56
4923 4788 32
4923 4788 22
4923 4786 7
4923 4786 53
4920 4738 24
4920 4738 55
4920 4737 12
4920 4737 33
4920 4736 56
4920 4736 56
4920 4739 34
4920 4739 52
4920 4727 31
4920 4727 17
4920 4735 47
4920 4735 26
4920 4723 46
4920 4723 8
4920 4712 23
4920 4712 25
4920 4743 59
4920 4743 47
4920 4740 24
4920 4740 24
4920 4744 44
4920 4744 38
4920 4726 21
4920 4726 47
4920 4734 38
4920 4734 39
4920 4781 55
4920 4781 5
4920 4722 28
4920 4722 55
4920 4704 1
4920 4704 20
4920 4707 35
4920 4707 11
4920 4787 30
4920 4787 36
4920 4711 4
4920 4711 43
4920 4741 49
4920 4741 19
4920 4745 23
4920 4745 12
4920 4725 55
4920 4725 27
4920 4733 46
4920 4733 12
4920 4780 4
4920 4780 2
4920 4785 45
4920 4785 57
4920 4703 39
4920 4703 52
4920 4719 4
4920 4719 28
4920 5217 33
4920 5217 32
4920 4706 37
4920 4706 30
4920 4705 14
4920 4705 16
4920 4788 56
4920 4788 7
4920 4786 57
4920 4786 21
4927 4738 14
4927 4738 2
4927 4737 53
4927 4737 0
4927 4736 6
4927 4736 1
4927 4739 21
4927 4739 32
4927 4727 9
4927 4727 21
4927 4735 30
4927 4735 33
4927 4723 13
4927 4723 9
4927 4712 39
4927 4712 26
4927 4743 15
4927 4743 3
4927 4740 13
4927 4740 58
4927 4744 31
4927 4744 20
4927 4726 21
4927 4726 51
4927 4734 59
4927 4734 44
4927 4781 57
4927 4781 41
4927 4722 17
4927 4722 40
4927 4704 11
4927 4704 46
4927 4707 39
4927 4707 59
4927 4787 8
4927 4787 19
4927 4711 11
4927 4711 17
4927 4741 3
4927 4741 56
4927 4745 15
4927 4745 28
4927 4725 15
4927 4725 51
4927 4733 37
4927 4733 3
4927 4780 31
4927 4780 26
4927 4785 21
4927 4785 23
4927 4703 46
4927 4703 24
4927 4719 38
4927 4719 6
4927 5217 25
4927 5217 2
4927 4706 41
4927 4706 7
4927 4705 5
4927 4705 2
4927 4788 60
4927 4788 12
4927 4786 55
4927 4786 43
4861 4738 19
4861 4738 3
4861 4737 17
4861 4737 12
4861 4736 27
4861 4736 39
4861 4739 34
4861 4739 22
4861 4727 45
4861 4727 32
4861 4735 16
4861 4735 25
4861 4723 42
4861 4723 58
4861 4712 6
4861 4712 30
4861 4743 4
4861 4743 10
4861 4740 47
4861 4740 51
4861 4744 49
4861 4744 34
4861 4726 52
4861 4726 25
4861 4734 55
4861 4734 12
4861 4781 6
4861 4781 43
4861 4722 45
4861 4722 38
4861 4704 10
4861 4704 12
4861 4707 33
4861 4707 34
4861 4787 51
4861 4787 42
4861 4711 44
4861 4711 18
4861 4741 19
4861 4741 47
4861 4745 7
4861 4745 28
4861 4725 59
4861 4725 39
4861 4733 34
4861 4733 36
4861 4780 25
4861 4780 12
4861 4785 15
4861 4785 48
4861 4703 49
4861 4703 53
4861 4719 9
4861 4719 32
4861 5217 18
4861 5217 49
4861 4706 50
4861 4706 23
4861 4705 49
4861 4705 1
4861 4788 36
4861 4788 18
4861 4786 9
4861 4786 26
4858 4738 44
4858 4738 32
4858 4737 23
4858 4737 33
4858 4736 45
4858 4736 60
4858 4739 54
4858 4739 16
4858 4727 23
4858 4727 32
4858 4735 7
4858 4735 46
4858 4723 25
4858 4723 21
4858 4712 60
4858 4712 27
4858 4743 16
4858 4743 37
4858 4740 9
4858 4740 17
4858 4744 52
4858 4744 5
4858 4726 52
4858 4726 60
4858 4734 45
4858 4734 6
4858 4781 47
4858 4781 47
4858 4722 24
4858 4722 6
4858 4704 60
4858 4704 35
4858 4707 11
4858 4707 32
4858 4787 22
4858 4787 25
4858 4711 37
4858 4711 48
4858 4741 21
4858 4741 6
4858 4745 49
4858 4745 11
4858 4725 57
4858 4725 22
4858 4733 50
4858 4733 48
4858 4780 39
4858 4780 60
4858 4785 16
4858 4785 28
4858 4703 25
4858 4703 28
4858 4719 46
4858 4719 4
4858 5217 48
4858 5217 10
4858 4706 29
4858 4706 13
4858 4705 28
4858 4705 32
4858 4788 25
4858 4788 26
4858 4786 18
4858 4786 41
4903 4738 45
4903 4738 11
4903 4737 31
4903 4737 30
4903 4736 24
4903 4736 35
4903 4739 8
4903 4739 17
4903 4727 12
4903 4727 3
4903 4735 25
4903 4735 54
4903 4723 51
4903 4723 27
4903 4712 41
4903 4712 19
4903 4743 26
4903 4743 25
4903 4740 44
4903 4740 7
4903 4744 23
4903 4744 12
4903 4726 22
4903 4726 43
4903 4734 29
4903 4734 14
4903 4781 20
4903 4781 12
4903 4722 14
4903 4722 6
4903 4704 40
4903 4704 33
4903 4707 27
4903 4707 10
4903 4787 55
4903 4787 4
4903 4711 48
4903 4711 39
4903 4741 36
4903 4741 1
4903 4745 2
4903 4745 48
4903 4725 40
4903 4725 16
4903 4733 4
4903 4733 54
4903 4780 42
4903 4780 7
4903 4785 15
4903 4785 54
4903 4703 6
4903 4703 24
4903 4719 36
4903 4719 23
4903 5217 33
4903 5217 48
4903 4706 19
4903 4706 35
4903 4705 9
4903 4705 24
4903 4788 9
4903 4788 18
4903 4786 17
4903 4786 27
4846 4738 16
4846 4738 44
4846 4737 53
4846 4737 17
4846 4736 31
4846 4736 59
4846 4739 22
4846 4739 59
4846 4727 13
4846 4727 54
4846 4735 47
4846 4735 18
4846 4723 27
4846 4723 12
4846 4712 14
4846 4712 45
4846 4743 5
4846 4743 29
4846 4740 53
4846 4740 43
4846 4744 5
4846 4744 20
4846 4726 10
4846 4726 30
4846 4734 56
4846 4734 23
4846 4781 55
4846 4781 36
4846 4722 60
4846 4722 40
4846 4704 28
4846 4704 4
4846 4707 23
4846 4707 0
4846 4787 49
4846 4787 40
4846 4711 24
4846 4711 21
4846 4741 2
4846 4741 6
4846 4745 11
4846 4745 5
4846 4725 17
4846 4725 37
4846 4733 36
4846 4733 29
4846 4780 44
4846 4780 2
4846 4785 28
4846 4785 41
4846 4703 52
4846 4703 15
4846 4719 21
4846 4719 33
4846 5217 42
4846 5217 58
4846 4706 1
4846 4706 56
4846 4705 9
4846 4705 40
4846 4788 56
4846 4788 40
4846 4786 56
4846 4786 19
4847 4738 3
4847 4738 32
4847 4737 60
4847 4737 25
4847 4736 39
4847 4736 25
4847 4739 9
4847 4739 5
4847 4727 45
4847 4727 1
4847 4735 6
4847 4735 55
4847 4723 41
4847 4723 56
4847 4712 13
4847 4712 21
4847 4743 30
4847 4743 50
4847 4740 38
4847 4740 57
4847 4744 38
4847 4744 38
4847 4726 12
4847 4726 30
4847 4734 43
4847 4734 55
4847 4781 5
4847 4781 15
4847 4722 11
4847 4722 10
4847 4704 23
4847 4704 32
4847 4707 51
4847 4707 52
4847 4787 58
4847 4787 11
4847 4711 32
4847 4711 2
4847 4741 38
4847 4741 44
4847 4745 45
4847 4745 5
4847 4725 37
4847 4725 56
4847 4733 3
4847 4733 17
4847 4780 8
4847 4780 51
4847 4785 42
4847 4785 58
4847 4703 59
4847 4703 58
4847 4719 15
4847 4719 39
4847 5217 49
4847 5217 56
4847 4706 33
4847 4706 15
4847 4705 3
4847 4705 51
4847 4788 24
4847 4788 38
4847 4786 13
4847 4786 37
