10125 9881 27
10125 9882 31
10125 9883 38
10125 9884 45
10125 9886 60
10125 9887 20
10125 11292 6
10125 9970 49
10125 9885 6
10125 9971 45
10125 9689 16
10125 9972 14
10125 11328 3
10125 11320 37
10125 9876 26
10125 9911 19
10125 9977 23
10125 11293 8
10125 6219 17
10125 9978 25
10125 11329 19
10125 9888 42
10125 9875 17
10125 9880 53
10125 9910 59
10125 9925 44
10125 9987 27
10125 9985 59
10125 6218 29
10125 9975 40
10125 11295 23
10125 9889 4
10124 9881 31
10124 9882 39
10124 9883 46
10124 9884 31
10124 9886 59
10124 9887 49
10124 11292 53
10124 9970 56
10124 9885 54
10124 9971 59
10124 9689 15
10124 9972 9
10124 11328 54
10124 11320 49
10124 9876 42
10124 9911 20
10124 9977 45
10124 11293 21
10124 6219 5
10124 9978 58
10124 11329 25
10124 9888 42
10124 9875 31
10124 9880 5
10124 9910 54
10124 9925 35
10124 9987 19
10124 9985 59
10124 6218 59
10124 9975 11
10124 11295 56
10124 9889 26
10126 9881 2
10126 9882 15
10126 9883 6
10126 9884 26
10126 9886 22
10126 9887 40
10126 11292 20
10126 9970 24
10126 9885 57
10126 9971 6
10126 9689 20
10126 9972 46
10126 11328 53
10126 11320 54
10126 9876 15
10126 9911 29
10126 9977 0
10126 11293 26
10126 6219 51
10126 9978 29
10126 11329 41
10126 9888 31
10126 9875 41
10126 9880 7
10126 9910 22
10126 9925 48
10126 9987 27
10126 9985 50
10126 6218 57
10126 9975 28
10126 11295 56
10126 9889 40
10128 9881 2
10128 9882 59
10128 9883 30
10128 9884 51
10128 9886 21
10128 9887 13
10128 11292 8
10128 9970 53
10128 9885 48
10128 9971 17
10128 9689 44
10128 9972 0
10128 11328 55
10128 11320 53
10128 9876 4
10128 9911 17
10128 9977 10
10128 11293 37
10128 6219 34
10128 9978 45
10128 11329 47
10128 9888 56
10128 9875 37
10128 9880 44
10128 9910 32
10128 9925 24
10128 9987 5
10128 9985 29
10128 6218 59
10128 9975 34
10128 11295 52
10128 9889 34
10131 9881 29
10131 9882 1
10131 9883 16
10131 9884 58
10131 9886 16
10131 9887 5
10131 11292 56
10131 9970 51
10131 9885 12
10131 9971 45
10131 9689 6
10131 9972 15
10131 11328 16
10131 11320 32
10131 9876 21
10131 9911 44
10131 9977 7
10131 11293 17
10131 6219 49
10131 9978 16
10131 11329 7
10131 9888 49
10131 9875 30
10131 9880 12
10131 9910 60
10131 9925 25
10131 9987 20
10131 9985 31
10131 6218 30
10131 9975 11
10131 11295 42
10131 9889 9
10113 9881 28
10113 9882 38
10113 9883 22
10113 9884 26
10113 9886 24
10113 9887 54
10113 11292 10
10113 9970 48
10113 9885 58
10113 9971 56
10113 9689 31
10113 9972 37
10113 11328 54
10113 11320 32
10113 9876 34
10113 9911 49
10113 9977 50
10113 11293 44
10113 6219 1
10113 9978 26
10113 11329 9
10113 9888 41
10113 9875 9
10113 9880 0
10113 9910 9
10113 9925 44
10113 9987 1
10113 9985 51
10113 6218 2
10113 9975 25
10113 11295 19
10113 9889 24
11291 9881 31
11291 9882 17
11291 9883 37
11291 9884 12
11291 9886 53
11291 9887 10
11291 11292 34
11291 9970 41
11291 9885 26
11291 9971 18
11291 9689 11
11291 9972 49
11291 11328 60
11291 11320 39
11291 9876 53
11291 9911 34
11291 9977 18
11291 11293 10
11291 6219 16
11291 9978 19
11291 11329 23
11291 9888 9
11291 9875 59
11291 9880 11
11291 9910 54
11291 9925 5
11291 9987 46
11291 9985 5
11291 6218 21
11291 9975 44
11291 11295 47
11291 9889 27
10213 9881 59
10213 9882 5
10213 9883 56
10213 9884 23
10213 9886 11
10213 9887 48
10213 11292 8
10213 9970 40
10213 9885 10
10213 9971 53
10213 9689 54
10213 9972 14
10213 11328 52
10213 11320 47
10213 9876 46
10213 9911 20
10213 9977 27
10213 11293 21
10213 6219 21
10213 9978 51
10213 11329 8
10213 9888 7
10213 9875 9
10213 9880 30
10213 9910 4
10213 9925 25
10213 9987 12
10213 9985 9
10213 6218 19
10213 9975 15
10213 11295 58
10213 9889 2
10127 9881 29
10127 9882 14
10127 9883 57
10127 9884 9
10127 9886 46
10127 9887 41
10127 11292 23
10127 9970 39
10127 9885 41
10127 9971 18
10127 9689 36
10127 9972 26
10127 11328 26
10127 11320 11
10127 9876 23
10127 9911 38
10127 9977 5
10127 11293 35
10127 6219 25
10127 9978 9
10127 11329 29
10127 9888 12
10127 9875 19
10127 9880 24
10127 9910 1
10127 9925 36
10127 9987 46
10127 9985 3
10127 6218 7
10127 9975 60
10127 11295 50
10127 9889 54
10129 9881 51
10129 9882 32
10129 9883 22
10129 9884 40
10129 9886 4
10129 9887 33
10129 11292 34
10129 9970 0
10129 9885 9
10129 9971 31
10129 9689 22
10129 9972 3
10129 11328 54
10129 11320 5
10129 9876 54
10129 9911 12
10129 9977 3
10129 11293 58
10129 6219 7
10129 9978 33
10129 11329 53
10129 9888 4
10129 9875 54
10129 9880 37
10129 9910 3
10129 9925 36
10129 9987 54
10129 9985 4
10129 6218 25
10129 9975 18
10129 11295 37
10129 9889 7
10132 9881 10
10132 9882 51
10132 9883 48
10132 9884 20
10132 9886 24
10132 9887 15
10132 11292 51
10132 9970 10
10132 9885 22
10132 9971 58
10132 9689 17
10132 9972 9
10132 11328 56
10132 11320 53
10132 9876 57
10132 9911 52
10132 9977 25
10132 11293 33
10132 6219 19
10132 9978 5
10132 11329 48
10132 9888 52
10132 9875 23
10132 9880 2
10132 9910 28
10132 9925 18
10132 9987 27
10132 9985 50
10132 6218 35
10132 9975 6
10132 11295 37
10132 9889 5
10133 9881 26
10133 9882 25
10133 9883 28
10133 9884 48
10133 9886 2
10133 9887 49
10133 11292 35
10133 9970 2
10133 9885 25
10133 9971 10
10133 9689 55
10133 9972 0
10133 11328 16
10133 11320 57
10133 9876 45
10133 9911 43
10133 9977 21
10133 11293 41
10133 6219 34
10133 9978 54
10133 11329 55
10133 9888 6
10133 9875 30
10133 9880 10
10133 9910 36
10133 9925 10
10133 9987 3
10133 9985 44
10133 6218 53
10133 9975 43
10133 11295 1
10133 9889 45
10112 9881 43
10112 9882 49
10112 9883 7
10112 9884 16
10112 9886 33
10112 9887 37
10112 11292 2
10112 9970 38
10112 9885 29
10112 9971 7
10112 9689 49
10112 9972 9
10112 11328 56
10112 11320 1
10112 9876 12
10112 9911 27
10112 9977 3
10112 11293 25
10112 6219 27
10112 9978 47
10112 11329 8
10112 9888 29
10112 9875 48
10112 9880 12
10112 9910 8
10112 9925 19
10112 9987 31
10112 9985 49
10112 6218 51
10112 9975 56
10112 11295 10
10112 9889 21
10114 9881 32
10114 9882 15
10114 9883 4
10114 9884 47
10114 9886 25
10114 9887 12
10114 11292 45
10114 9970 5
10114 9885 48
10114 9971 29
10114 9689 40
10114 9972 7
10114 11328 1
10114 11320 50
10114 9876 25
10114 9911 14
10114 9977 21
10114 11293 58
10114 6219 17
10114 9978 26
10114 11329 30
10114 9888 19
10114 9875 6
10114 9880 43
10114 9910 58
10114 9925 5
10114 9987 55
10114 9985 36
10114 6218 29
10114 9975 58
10114 11295 51
10114 9889 35
11252 9881 22
11252 9882 1
11252 9883 59
11252 9884 3
11252 9886 14
11252 9887 34
11252 11292 27
11252 9970 60
11252 9885 40
11252 9971 10
11252 9689 4
11252 9972 49
11252 11328 51
11252 11320 2
11252 9876 1
11252 9911 21
11252 9977 38
11252 11293 39
11252 6219 1
11252 9978 13
11252 11329 48
11252 9888 51
11252 9875 43
11252 9880 4
11252 9910 1
11252 9925 39
11252 9987 2
11252 9985 57
11252 6218 11
11252 9975 7
11252 11295 12
11252 9889 29
11290 9881 47
11290 9882 18
11290 9883 49
11290 9884 35
11290 9886 19
11290 9887 17
11290 11292 6
11290 9970 46
11290 9885 1
11290 9971 2
11290 9689 35
11290 9972 49
11290 11328 35
11290 11320 36
11290 9876 39
11290 9911 40
11290 9977 6
11290 11293 51
11290 6219 28
11290 9978 15
11290 11329 18
11290 9888 50
11290 9875 6
11290 9880 8
11290 9910 1
11290 9925 36
11290 9987 37
11290 9985 34
11290 6218 54
11290 9975 3
11290 11295 39
11290 9889 22
10214 9881 55
10214 9882 36
10214 9883 9
10214 9884 28
10214 9886 26
10214 9887 53
10214 11292 0
10214 9970 38
10214 9885 36
10214 9971 55
10214 9689 57
10214 9972 19
10214 11328 26
10214 11320 51
10214 9876 38
10214 9911 50
10214 9977 57
10214 11293 35
10214 6219 49
10214 9978 58
10214 11329 41
10214 9888 27
10214 9875 38
10214 9880 23
10214 9910 26
10214 9925 37
10214 9987 26
10214 9985 21
10214 6218 58
10214 9975 28
10214 11295 33
10214 9889 58
10216 9881 15
10216 9882 59
10216 9883 2
10216 9884 18
10216 9886 23
10216 9887 37
10216 11292 59
10216 9970 50
10216 9885 39
10216 9971 33
10216 9689 19
10216 9972 27
10216 11328 56
10216 11320 6
10216 9876 55
10216 9911 43
10216 9977 33
10216 11293 44
10216 6219 55
10216 9978 22
10216 11329 10
10216 9888 2
10216 9875 39
10216 9880 55
10216 9910 17
10216 9925 53
10216 9987 44
10216 9985 19
10216 6218 25
10216 9975 38
10216 11295 30
10216 9889 13
10119 9881 29
10119 9882 19
10119 9883 7
10119 9884 34
10119 9886 39
10119 9887 49
10119 11292 10
10119 9970 6
10119 9885 55
10119 9971 59
10119 9689 17
10119 9972 45
10119 11328 17
10119 11320 37
10119 9876 25
10119 9911 59
10119 9977 23
10119 11293 12
10119 6219 28
10119 9978 42
10119 11329 40
10119 9888 14
10119 9875 52
10119 9880 4
10119 9910 27
10119 9925 6
10119 9987 57
10119 9985 27
10119 6218 38
10119 9975 32
10119 11295 55
10119 9889 51
10122 9881 25
10122 9882 4
10122 9883 0
10122 9884 55
10122 9886 11
10122 9887 17
10122 11292 49
10122 9970 51
10122 9885 53
10122 9971 43
10122 9689 49
10122 9972 35
10122 11328 4
10122 11320 36
10122 9876 56
10122 9911 8
10122 9977 52
10122 11293 8
10122 6219 2
10122 9978 58
10122 11329 58
10122 9888 6
10122 9875 43
10122 9880 55
10122 9910 33
10122 9925 18
10122 9987 53
10122 9985 41
10122 6218 21
10122 9975 25
10122 11295 18
10122 9889 50
10135 9881 12
10135 9882 32
10135 9883 51
10135 9884 43
10135 9886 6
10135 9887 50
10135 11292 19
10135 9970 7
10135 9885 8
10135 9971 43
10135 9689 46
10135 9972 53
10135 11328 26
10135 11320 44
10135 9876 34
10135 9911 4
10135 9977 39
10135 11293 41
10135 6219 55
10135 9978 4
10135 11329 53
10135 9888 57
10135 9875 28
10135 9880 5
10135 9910 28
10135 9925 44
10135 9987 46
10135 9985 55
10135 6218 0
10135 9975 56
10135 11295 39
10135 9889 27
10136 9881 30
10136 9882 55
10136 9883 46
10136 9884 3
10136 9886 39
10136 9887 24
10136 11292 44
10136 9970 12
10136 9885 18
10136 9971 56
10136 9689 49
10136 9972 14
10136 11328 28
10136 11320 40
10136 9876 37
10136 9911 43
10136 9977 5
10136 11293 5
10136 6219 26
10136 9978 27
10136 11329 9
10136 9888 41
10136 9875 47
10136 9880 47
10136 9910 2
10136 9925 56
10136 9987 39
10136 9985 28
10136 6218 27
10136 9975 5
10136 11295 24
10136 9889 39
10134 9881 6
10134 9882 58
10134 9883 22
10134 9884 33
10134 9886 47
10134 9887 56
10134 11292 0
10134 9970 34
10134 9885 35
10134 9971 35
10134 9689 43
10134 9972 56
10134 11328 59
10134 11320 33
10134 9876 28
10134 9911 50
10134 9977 60
10134 11293 30
10134 6219 36
10134 9978 18
10134 11329 39
10134 9888 58
10134 9875 41
10134 9880 37
10134 9910 7
10134 9925 35
10134 9987 20
10134 9985 20
10134 6218 57
10134 9975 43
10134 11295 7
10134 9889 6
10223 9881 56
10223 9882 28
10223 9883 4
10223 9884 59
10223 9886 54
10223 9887 14
10223 11292 30
10223 9970 29
10223 9885 53
10223 9971 24
10223 9689 58
10223 9972 30
10223 11328 44
10223 11320 35
10223 9876 38
10223 9911 54
10223 9977 2
10223 11293 20
10223 6219 18
10223 9978 59
10223 11329 34
10223 9888 13
10223 9875 27
10223 9880 27
10223 9910 1
10223 9925 23
10223 9987 51
10223 9985 60
10223 6218 19
10223 9975 45
10223 11295 24
10223 9889 9
10097 9881 49
10097 9882 56
10097 9883 25
10097 9884 8
10097 9886 14
10097 9887 39
10097 11292 45
10097 9970 35
10097 9885 0
10097 9971 2
10097 9689 10
10097 9972 52
10097 11328 21
10097 11320 59
10097 9876 16
10097 9911 24
10097 9977 3
10097 11293 55
10097 6219 46
10097 9978 43
10097 11329 15
10097 9888 31
10097 9875 45
10097 9880 7
10097 9910 40
10097 9925 21
10097 9987 14
10097 9985 40
10097 6218 5
10097 9975 24
10097 11295 53
10097 9889 52
10098 9881 9
10098 9882 50
10098 9883 33
10098 9884 53
10098 9886 28
10098 9887 1
10098 11292 1
10098 9970 34
10098 9885 9
10098 9971 4
10098 9689 53
10098 9972 48
10098 11328 40
10098 11320 21
10098 9876 36
10098 9911 3
10098 9977 27
10098 11293 57
10098 6219 56
10098 9978 46
10098 11329 18
10098 9888 45
10098 9875 0
10098 9880 11
10098 9910 41
10098 9925 39
10098 9987 28
10098 9985 6
10098 6218 52
10098 9975 40
10098 11295 44
10098 9889 41
10115 9881 38
10115 9882 53
10115 9883 12
10115 9884 0
10115 9886 15
10115 9887 14
10115 11292 51
10115 9970 25
10115 9885 46
10115 9971 52
10115 9689 50
10115 9972 28
10115 11328 25
10115 11320 32
10115 9876 31
10115 9911 4
10115 9977 18
10115 11293 5
10115 6219 38
10115 9978 52
10115 11329 27
10115 9888 27
10115 9875 57
10115 9880 52
10115 9910 24
10115 9925 52
10115 9987 32
10115 9985 1
10115 6218 52
10115 9975 38
10115 11295 49
10115 9889 22
10118 9881 59
10118 9882 25
10118 9883 13
10118 9884 32
10118 9886 45
10118 9887 11
10118 11292 13
10118 9970 56
10118 9885 21
10118 9971 5
10118 9689 5
10118 9972 59
10118 11328 31
10118 11320 23
10118 9876 37
10118 9911 56
10118 9977 41
10118 11293 42
10118 6219 41
10118 9978 22
10118 11329 0
10118 9888 23
10118 9875 44
10118 9880 46
10118 9910 5
10118 9925 3
10118 9987 18
10118 9985 29
10118 6218 33
10118 9975 17
10118 11295 9
10118 9889 22
11251 9881 32
11251 9882 28
11251 9883 32
11251 9884 50
11251 9886 32
11251 9887 50
11251 11292 12
11251 9970 6
11251 9885 47
11251 9971 38
11251 9689 1
11251 9972 48
11251 11328 46
11251 11320 8
11251 9876 23
11251 9911 11
11251 9977 17
11251 11293 36
11251 6219 27
11251 9978 47
11251 11329 48
11251 9888 9
11251 9875 3
11251 9880 17
11251 9910 21
11251 9925 56
11251 9987 23
11251 9985 26
11251 6218 46
11251 9975 25
11251 11295 50
11251 9889 39
10111 9881 21
10111 9882 26
10111 9883 6
10111 9884 6
10111 9886 41
10111 9887 33
10111 11292 7
10111 9970 38
10111 9885 1
10111 9971 58
10111 9689 49
10111 9972 54
10111 11328 13
10111 11320 52
10111 9876 45
10111 9911 16
10111 9977 54
10111 11293 7
10111 6219 39
10111 9978 15
10111 11329 45
10111 9888 48
10111 9875 17
10111 9880 42
10111 9910 48
10111 9925 26
10111 9987 20
10111 9985 8
10111 6218 25
10111 9975 6
10111 11295 44
10111 9889 25
10215 9881 7
10215 9882 51
10215 9883 23
10215 9884 27
10215 9886 51
10215 9887 59
10215 11292 26
10215 9970 42
10215 9885 21
10215 9971 1
10215 9689 10
10215 9972 49
10215 11328 59
10215 11320 6
10215 9876 12
10215 9911 13
10215 9977 46
10215 11293 23
10215 6219 41
10215 9978 50
10215 11329 19
10215 9888 44
10215 9875 10
10215 9880 22
10215 9910 14
10215 9925 13
10215 9987 39
10215 9985 10
10215 6218 28
10215 9975 35
10215 11295 1
10215 9889 58
10217 9881 23
10217 9882 37
10217 9883 31
10217 9884 19
10217 9886 15
10217 9887 28
10217 11292 58
10217 9970 2
10217 9885 17
10217 9971 4
10217 9689 33
10217 9972 42
10217 11328 0
10217 11320 15
10217 9876 4
10217 9911 39
10217 9977 58
10217 11293 20
10217 6219 15
10217 9978 7
10217 11329 37
10217 9888 13
10217 9875 51
10217 9880 38
10217 9910 60
10217 9925 27
10217 9987 30
10217 9985 29
10217 6218 1
10217 9975 14
10217 11295 2
10217 9889 36
