1927 1811 45
1927 1811 22
1927 1811 21
1927 1811 16
1927 1809 30
1927 1809 6
1927 1809 51
1927 1809 30
1927 1812 9
1927 1812 47
1927 1812 24
1927 1812 15
1927 1808 37
1927 1808 59
1927 1808 5
1927 1808 13
1927 1810 47
1927 1810 1
1927 1810 4
1927 1810 15
1927 6 42
1927 6 17
1927 6 46
1927 6 3
1927 1878 24
1927 1878 0
1927 1878 51
1927 1878 20
1927 1806 26
1927 1806 11
1927 1806 13
1927 1806 3
1927 1807 20
1927 1807 32
1927 1807 2
1927 1807 8
1927 1804 29
1927 1804 33
1927 1804 9
1927 1804 46
1927 1865 27
1927 1865 15
1927 1865 26
1927 1865 14
1927 0 46
1927 0 22
1927 0 44
1927 0 20
1927 1883 55
1927 1883 4
1927 1883 16
1927 1883 29
1927 1893 26
1927 1893 26
1927 1893 44
1927 1893 58
1927 1805 38
1927 1805 47
1927 1805 53
1927 1805 7
1927 1801 11
1927 1801 32
1927 1801 7
1927 1801 25
1927 1860 59
1927 1860 58
1927 1860 37
1927 1860 13
1927 1803 20
1927 1803 30
1927 1803 32
1927 1803 42
1927 1863 42
1927 1863 60
1927 1863 53
1927 1863 9
1927 1 9
1927 1 32
1927 1 39
1927 1 21
1927 2 51
1927 2 37
1927 2 58
1927 2 22
1927 1884 22
1927 1884 37
1927 1884 29
1927 1884 14
1927 1874 59
1927 1874 29
1927 1874 3
1927 1874 27
1927 1897 49
1927 1897 57
1927 1897 46
1927 1897 12
1927 1800 49
1927 1800 17
1927 1800 54
1927 1800 7
1927 1799 47
1927 1799 0
1927 1799 46
1927 1799 18
1927 1825 5
1927 1825 35
1927 1825 13
1927 1825 11
1927 1861 46
1927 1861 58
1927 1861 11
1927 1861 40
1927 1802 11
1927 1802 13
1927 1802 8
1927 1802 20
1927 1862 12
1927 1862 8
1927 1862 18
1927 1862 35
1927 1864 59
1927 1864 21
1927 1864 19
1927 1864 39
1927 2325 2
1927 2325 24
1927 2325 1
1927 2325 48
1877 1811 7
1877 1811 4
1877 1811 14
1877 1811 45
1877 1809 26
1877 1809 20
1877 1809 56
1877 1809 21
1877 1812 35
1877 1812 58
1877 1812 53
1877 1812 12
1877 1808 48
1877 1808 20
1877 1808 46
1877 1808 57
1877 1810 5
1877 1810 45
1877 1810 14
1877 1810 29
1877 6 47
1877 6 17
1877 6 33
1877 6 9
1877 1878 56
1877 1878 16
1877 1878 43
1877 1878 9
1877 1806 16
1877 1806 8
1877 1806 18
1877 1806 31
1877 1807 21
1877 1807 49
1877 1807 23
1877 1807 1
1877 1804 33
1877 1804 29
1877 1804 23
1877 1804 19
1877 1865 13
1877 1865 46
1877 1865 21
1877 1865 7
1877 0 13
1877 0 25
1877 0 59
1877 0 44
1877 1883 33
1877 1883 59
1877 1883 11
1877 1883 35
1877 1893 17
1877 1893 54
1877 1893 58
1877 1893 40
1877 1805 7
1877 1805 38
1877 1805 2
1877 1805 53
1877 1801 53
1877 1801 7
1877 1801 47
1877 1801 46
1877 1860 51
1877 1860 9
1877 1860 36
1877 1860 14
1877 1803 23
1877 1803 29
1877 1803 21
1877 1803 16
1877 1863 53
1877 1863 46
1877 1863 6
1877 1863 58
1877 1 34
1877 1 38
1877 1 33
1877 1 12
1877 2 32
1877 2 12
1877 2 58
1877 2 30
1877 1884 50
1877 1884 58
1877 1884 23
1877 1884 1
1877 1874 43
1877 1874 54
1877 1874 10
1877 1874 33
1877 1897 23
1877 1897 39
1877 1897 1
1877 1897 3
1877 1800 9
1877 1800 39
1877 1800 38
1877 1800 38
1877 1799 43
1877 1799 31
1877 1799 0
1877 1799 17
1877 1825 43
1877 1825 41
1877 1825 16
1877 1825 45
1877 1861 10
1877 1861 28
1877 1861 60
1877 1861 42
1877 1802 1
1877 1802 14
1877 1802 18
1877 1802 34
1877 1862 16
1877 1862 40
1877 1862 1
1877 1862 32
1877 1864 44
1877 1864 5
1877 1864 51
1877 1864 21
1877 2325 39
1877 2325 29
1877 2325 0
1877 2325 14
1922 1811 47
1922 1811 18
1922 1811 12
1922 1811 58
1922 1809 7
1922 1809 44
1922 1809 25
1922 1809 58
1922 1812 38
1922 1812 39
1922 1812 16
1922 1812 42
1922 1808 47
1922 1808 25
1922 1808 45
1922 1808 17
1922 1810 17
1922 1810 19
1922 1810 42
1922 1810 17
1922 6 16
1922 6 1
1922 6 34
1922 6 2
1922 1878 8
1922 1878 59
1922 1878 47
1922 1878 59
1922 1806 39
1922 1806 57
1922 1806 24
1922 1806 29
1922 1807 58
1922 1807 32
1922 1807 58
1922 1807 26
1922 1804 50
1922 1804 16
1922 1804 6
1922 1804 33
1922 1865 52
1922 1865 33
1922 1865 2
1922 1865 47
1922 0 45
1922 0 7
1922 0 37
1922 0 30
1922 1883 56
1922 1883 19
1922 1883 53
1922 1883 52
1922 1893 60
1922 1893 59
1922 1893 2
1922 1893 58
1922 1805 20
1922 1805 54
1922 1805 48
1922 1805 27
1922 1801 21
1922 1801 56
1922 1801 7
1922 1801 42
1922 1860 7
1922 1860 15
1922 1860 35
1922 1860 17
1922 1803 53
1922 1803 56
1922 1803 33
1922 1803 16
1922 1863 15
1922 1863 25
1922 1863 48
1922 1863 6
1922 1 46
1922 1 23
1922 1 9
1922 1 31
1922 2 46
1922 2 8
1922 2 29
1922 2 37
1922 1884 49
1922 1884 23
1922 1884 8
1922 1884 43
1922 1874 30
1922 1874 8
1922 1874 0
1922 1874 3
1922 1897 9
1922 1897 27
1922 1897 12
1922 1897 5
1922 1800 35
1922 1800 22
1922 1800 56
1922 1800 49
1922 1799 20
1922 1799 19
1922 1799 14
1922 1799 11
1922 1825 17
1922 1825 50
1922 1825 39
1922 1825 49
1922 1861 25
1922 1861 50
1922 1861 22
1922 1861 10
1922 1802 35
1922 1802 25
1922 1802 54
1922 1802 43
1922 1862 44
1922 1862 50
1922 1862 26
1922 1862 10
1922 1864 39
1922 1864 17
1922 1864 17
1922 1864 60
1922 2325 1
1922 2325 2
1922 2325 8
1922 2325 42
1928 1811 35
1928 1811 3
1928 1811 28
1928 1811 45
1928 1809 20
1928 1809 49
1928 1809 5
1928 1809 40
1928 1812 44
1928 1812 46
1928 1812 35
1928 1812 2
1928 1808 11
1928 1808 3
1928 1808 10
1928 1808 42
1928 1810 17
1928 1810 22
1928 1810 26
1928 1810 59
1928 6 40
1928 6 0
1928 6 46
1928 6 35
1928 1878 41
1928 1878 37
1928 1878 16
1928 1878 42
1928 1806 21
1928 1806 59
1928 1806 23
1928 1806 37
1928 1807 6
1928 1807 49
1928 1807 55
1928 1807 1
1928 1804 53
1928 1804 12
1928 1804 21
1928 1804 19
1928 1865 37
1928 1865 28
1928 1865 47
1928 1865 1
1928 0 22
1928 0 7
1928 0 33
1928 0 27
1928 1883 56
1928 1883 44
1928 1883 20
1928 1883 4
1928 1893 11
1928 1893 17
1928 1893 37
1928 1893 13
1928 1805 47
1928 1805 21
1928 1805 9
1928 1805 30
1928 1801 39
1928 1801 30
1928 1801 30
1928 1801 58
1928 1860 4
1928 1860 8
1928 1860 11
1928 1860 49
1928 1803 24
1928 1803 32
1928 1803 44
1928 1803 3
1928 1863 31
1928 1863 58
1928 1863 17
1928 1863 10
1928 1 15
1928 1 18
1928 1 50
1928 1 6
1928 2 16
1928 2 38
1928 2 17
1928 2 48
1928 1884 42
1928 1884 24
1928 1884 39
1928 1884 10
1928 1874 43
1928 1874 50
1928 1874 34
1928 1874 7
1928 1897 42
1928 1897 6
1928 1897 60
1928 1897 52
1928 1800 50
1928 1800 15
1928 1800 21
1928 1800 1
1928 1799 49
1928 1799 41
1928 1799 58
1928 1799 13
1928 1825 39
1928 1825 24
1928 1825 7
1928 1825 43
1928 1861 1
1928 1861 22
1928 1861 28
1928 1861 60
1928 1802 15
1928 1802 36
1928 1802 18
1928 1802 24
1928 1862 21
1928 1862 37
1928 1862 26
1928 1862 54
1928 1864 22
1928 1864 26
1928 1864 4
1928 1864 34
1928 2325 6
1928 2325 21
1928 2325 12
1928 2325 13
1933 1811 16
1933 1811 51
1933 1811 19
1933 1811 56
1933 1809 37
1933 1809 52
1933 1809 5
1933 1809 49
1933 1812 3
1933 1812 27
1933 1812 31
1933 1812 47
1933 1808 49
1933 1808 60
1933 1808 0
1933 1808 38
1933 1810 16
1933 1810 34
1933 1810 0
1933 1810 15
1933 6 11
1933 6 42
1933 6 22
1933 6 4
1933 1878 45
1933 1878 32
1933 1878 12
1933 1878 38
1933 1806 33
1933 1806 7
1933 1806 13
1933 1806 26
1933 1807 56
1933 1807 41
1933 1807 24
1933 1807 6
1933 1804 59
1933 1804 54
1933 1804 60
1933 1804 10
1933 1865 16
1933 1865 8
1933 1865 3
1933 1865 26
1933 0 27
1933 0 25
1933 0 0
1933 0 21
1933 1883 21
1933 1883 42
1933 1883 52
1933 1883 15
1933 1893 40
1933 1893 31
1933 1893 8
1933 1893 27
1933 1805 19
1933 1805 50
1933 1805 51
1933 1805 48
1933 1801 35
1933 1801 28
1933 1801 5
1933 1801 2
1933 1860 1
1933 1860 49
1933 1860 42
1933 1860 13
1933 1803 37
1933 1803 44
1933 1803 34
1933 1803 8
1933 1863 58
1933 1863 3
1933 1863 49
1933 1863 48
1933 1 6
1933 1 6
1933 1 6
1933 1 7
1933 2 51
1933 2 31
1933 2 29
1933 2 57
1933 1884 43
1933 1884 11
1933 1884 41
1933 1884 32
1933 1874 34
1933 1874 46
1933 1874 19
1933 1874 31
1933 1897 41
1933 1897 19
1933 1897 17
1933 1897 54
1933 1800 37
1933 1800 47
1933 1800 44
1933 1800 9
1933 1799 2
1933 1799 48
1933 1799 2
1933 1799 16
1933 1825 51
1933 1825 34
1933 1825 55
1933 1825 46
1933 1861 17
1933 1861 9
1933 1861 38
1933 1861 23
1933 1802 50
1933 1802 29
1933 1802 49
1933 1802 23
1933 1862 41
1933 1862 14
1933 1862 20
1933 1862 47
1933 1864 25
1933 1864 24
1933 1864 23
1933 1864 27
1933 2325 53
1933 2325 27
1933 2325 54
1933 2325 21
1858 1811 57
1858 1811 35
1858 1811 0
1858 1811 2
1858 1809 4
1858 1809 22
1858 1809 40
1858 1809 4
1858 1812 44
1858 1812 8
1858 1812 35
1858 1812 14
1858 1808 52
1858 1808 56
1858 1808 43
1858 1808 52
1858 1810 22
1858 1810 10
1858 1810 55
1858 1810 38
1858 6 48
1858 6 5
1858 6 5
1858 6 4
1858 1878 36
1858 1878 34
1858 1878 23
1858 1878 24
1858 1806 52
1858 1806 19
1858 1806 54
1858 1806 10
1858 1807 31
1858 1807 49
1858 1807 21
1858 1807 44
1858 1804 52
1858 1804 21
1858 1804 16
1858 1804 33
1858 1865 60
1858 1865 42
1858 1865 13
1858 1865 40
1858 0 31
1858 0 35
1858 0 37
1858 0 9
1858 1883 50
1858 1883 2
1858 1883 32
1858 1883 47
1858 1893 34
1858 1893 7
1858 1893 54
1858 1893 36
1858 1805 51
1858 1805 20
1858 1805 13
1858 1805 59
1858 1801 14
1858 1801 34
1858 1801 35
1858 1801 5
1858 1860 55
1858 1860 9
1858 1860 16
1858 1860 9
1858 1803 42
1858 1803 42
1858 1803 19
1858 1803 59
1858 1863 15
1858 1863 24
1858 1863 36
1858 1863 13
1858 1 25
1858 1 14
1858 1 31
1858 1 55
1858 2 21
1858 2 39
1858 2 18
1858 2 41
1858 1884 46
1858 1884 23
1858 1884 37
1858 1884 42
1858 1874 7
1858 1874 16
1858 1874 11
1858 1874 24
1858 1897 9
1858 1897 38
1858 1897 56
1858 1897 12
1858 1800 1
1858 1800 54
1858 1800 38
1858 1800 32
1858 1799 12
1858 1799 18
1858 1799 43
1858 1799 18
1858 1825 0
1858 1825 4
1858 1825 3
1858 1825 46
1858 1861 8
1858 1861 8
1858 1861 7
1858 1861 16
1858 1802 13
1858 1802 40
1858 1802 47
1858 1802 20
1858 1862 39
1858 1862 53
1858 1862 30
1858 1862 39
1858 1864 8
1858 1864 45
1858 1864 3
1858 1864 12
1858 2325 51
1858 2325 54
1858 2325 13
1858 2325 27
1923 1811 60
1923 1811 47
1923 1811 27
1923 1811 1
1923 1809 53
1923 1809 11
1923 1809 28
1923 1809 11
1923 1812 15
1923 1812 52
1923 1812 21
1923 1812 57
1923 1808 55
1923 1808 30
1923 1808 28
1923 1808 34
1923 1810 38
1923 1810 30
1923 1810 32
1923 1810 44
1923 6 17
1923 6 24
1923 6 49
1923 6 55
1923 1878 53
1923 1878 0
1923 1878 2
1923 1878 4
1923 1806 19
1923 1806 29
1923 1806 31
1923 1806 58
1923 1807 30
1923 1807 7
1923 1807 57
1923 1807 59
1923 1804 37
1923 1804 5
1923 1804 46
1923 1804 41
1923 1865 59
1923 1865 30
1923 1865 9
1923 1865 6
1923 0 41
1923 0 8
1923 0 51
1923 0 11
1923 1883 2
1923 1883 57
1923 1883 9
1923 1883 11
1923 1893 56
1923 1893 25
1923 1893 58
1923 1893 57
1923 1805 35
1923 1805 47
1923 1805 17
1923 1805 32
1923 1801 24
1923 1801 15
1923 1801 15
1923 1801 3
1923 1860 16
1923 1860 18
1923 1860 51
1923 1860 38
1923 1803 7
1923 1803 43
1923 1803 3
1923 1803 44
1923 1863 42
1923 1863 48
1923 1863 17
1923 1863 0
1923 1 6
1923 1 23
1923 1 4
1923 1 28
1923 2 60
1923 2 14
1923 2 2
1923 2 54
1923 1884 19
1923 1884 19
1923 1884 10
1923 1884 1
1923 1874 23
1923 1874 31
1923 1874 26
1923 1874 25
1923 1897 43
1923 1897 23
1923 1897 24
1923 1897 15
1923 1800 4
1923 1800 29
1923 1800 56
1923 1800 6
1923 1799 43
1923 1799 40
1923 1799 31
1923 1799 12
1923 1825 56
1923 1825 28
1923 1825 54
1923 1825 43
1923 1861 8
1923 1861 2
1923 1861 48
1923 1861 24
1923 1802 22
1923 1802 51
1923 1802 42
1923 1802 27
1923 1862 36
1923 1862 13
1923 1862 8
1923 1862 35
1923 1864 45
1923 1864 45
1923 1864 27
1923 1864 40
1923 2325 53
1923 2325 31
1923 2325 40
1923 2325 10
1926 1811 30
1926 1811 33
1926 1811 10
1926 1811 50
1926 1809 25
1926 1809 50
1926 1809 14
1926 1809 22
1926 1812 19
1926 1812 26
1926 1812 48
1926 1812 49
1926 1808 52
1926 1808 55
1926 1808 31
1926 1808 28
1926 1810 9
1926 1810 12
1926 1810 2
1926 1810 31
1926 6 23
1926 6 45
1926 6 60
1926 6 57
1926 1878 1
1926 1878 20
1926 1878 32
1926 1878 46
1926 1806 35
1926 1806 18
1926 1806 13
1926 1806 23
1926 1807 48
1926 1807 26
1926 1807 31
1926 1807 19
1926 1804 16
1926 1804 0
1926 1804 51
1926 1804 15
1926 1865 31
1926 1865 28
1926 1865 57
1926 1865 45
1926 0 36
1926 0 60
1926 0 1
1926 0 31
1926 1883 50
1926 1883 42
1926 1883 14
1926 1883 2
1926 1893 20
1926 1893 6
1926 1893 45
1926 1893 35
1926 1805 58
1926 1805 43
1926 1805 10
1926 1805 58
1926 1801 7
1926 1801 59
1926 1801 7
1926 1801 11
1926 1860 25
1926 1860 2
1926 1860 27
1926 1860 53
1926 1803 27
1926 1803 20
1926 1803 56
1926 1803 23
1926 1863 8
1926 1863 14
1926 1863 58
1926 1863 10
1926 1 59
1926 1 54
1926 1 56
1926 1 30
1926 2 52
1926 2 41
1926 2 43
1926 2 43
1926 1884 56
1926 1884 9
1926 1884 4
1926 1884 47
1926 1874 46
1926 1874 36
1926 1874 31
1926 1874 19
1926 1897 45
1926 1897 36
1926 1897 55
1926 1897 21
1926 1800 9
1926 1800 16
1926 1800 18
1926 1800 2
1926 1799 32
1926 1799 53
1926 1799 53
1926 1799 3
1926 1825 8
1926 1825 2
1926 1825 27
1926 1825 52
1926 1861 40
1926 1861 59
1926 1861 14
1926 1861 36
1926 1802 55
1926 1802 53
1926 1802 3
1926 1802 45
1926 1862 30
1926 1862 48
1926 1862 31
1926 1862 16
1926 1864 39
1926 1864 23
1926 1864 39
1926 1864 9
1926 2325 38
1926 2325 51
1926 2325 37
1926 2325 42
1929 1811 45
1929 1811 20
1929 1811 23
1929 1811 60
1929 1809 16
1929 1809 47
1929 1809 36
1929 1809 55
1929 1812 20
1929 1812 15
1929 1812 58
1929 1812 12
1929 1808 6
1929 1808 10
1929 1808 3
1929 1808 59
1929 1810 9
1929 1810 46
1929 1810 9
1929 1810 50
1929 6 31
1929 6 28
1929 6 52
1929 6 43
1929 1878 32
1929 1878 17
1929 1878 3
1929 1878 56
1929 1806 9
1929 1806 13
1929 1806 11
1929 1806 12
1929 1807 6
1929 1807 55
1929 1807 58
1929 1807 8
1929 1804 30
1929 1804 59
1929 1804 55
1929 1804 11
1929 1865 38
1929 1865 15
1929 1865 11
1929 1865 36
1929 0 8
1929 0 50
1929 0 0
1929 0 50
1929 1883 60
1929 1883 46
1929 1883 10
1929 1883 27
1929 1893 56
1929 1893 41
1929 1893 35
1929 1893 44
1929 1805 32
1929 1805 33
1929 1805 35
1929 1805 43
1929 1801 19
1929 1801 40
1929 1801 24
1929 1801 53
1929 1860 31
1929 1860 45
1929 1860 12
1929 1860 44
1929 1803 19
1929 1803 2
1929 1803 55
1929 1803 49
1929 1863 31
1929 1863 36
1929 1863 17
1929 1863 40
1929 1 14
1929 1 60
1929 1 13
1929 1 2
1929 2 14
1929 2 15
1929 2 2
1929 2 25
1929 1884 1
1929 1884 12
1929 1884 3
1929 1884 38
1929 1874 48
1929 1874 55
1929 1874 40
1929 1874 27
1929 1897 1
1929 1897 58
1929 1897 36
1929 1897 38
1929 1800 24
1929 1800 15
1929 1800 17
1929 1800 14
1929 1799 5
1929 1799 37
1929 1799 49
1929 1799 41
1929 1825 9
1929 1825 22
1929 1825 5
1929 1825 40
1929 1861 8
1929 1861 56
1929 1861 35
1929 1861 50
1929 1802 17
1929 1802 29
1929 1802 6
1929 1802 10
1929 1862 44
1929 1862 52
1929 1862 21
1929 1862 56
1929 1864 54
1929 1864 9
1929 1864 13
1929 1864 41
1929 2325 37
1929 2325 7
1929 2325 35
1929 2325 25
1930 1811 55
1930 1811 28
1930 1811 18
1930 1811 32
1930 1809 44
1930 1809 40
1930 1809 36
1930 1809 2
1930 1812 17
1930 1812 21
1930 1812 5
1930 1812 58
1930 1808 46
1930 1808 55
1930 1808 1
1930 1808 47
1930 1810 58
1930 1810 42
1930 1810 31
1930 1810 55
1930 6 56
1930 6 54
1930 6 37
1930 6 26
1930 1878 14
1930 1878 6
1930 1878 12
1930 1878 0
1930 1806 7
1930 1806 24
1930 1806 38
1930 1806 29
1930 1807 35
1930 1807 17
1930 1807 32
1930 1807 0
1930 1804 60
1930 1804 55
1930 1804 13
1930 1804 34
1930 1865 9
1930 1865 56
1930 1865 15
1930 1865 5
1930 0 11
1930 0 42
1930 0 30
1930 0 56
1930 1883 45
1930 1883 32
1930 1883 29
1930 1883 44
1930 1893 23
1930 1893 56
1930 1893 14
1930 1893 17
1930 1805 7
1930 1805 39
1930 1805 44
1930 1805 11
1930 1801 45
1930 1801 29
1930 1801 37
1930 1801 40
1930 1860 40
1930 1860 30
1930 1860 23
1930 1860 3
1930 1803 12
1930 1803 22
1930 1803 8
1930 1803 58
1930 1863 29
1930 1863 36
1930 1863 27
1930 1863 6
1930 1 28
1930 1 2
1930 1 1
1930 1 43
1930 2 38
1930 2 19
1930 2 25
1930 2 47
1930 1884 24
1930 1884 55
1930 1884 25
1930 1884 44
1930 1874 40
1930 1874 51
1930 1874 48
1930 1874 49
1930 1897 57
1930 1897 24
1930 1897 37
1930 1897 11
1930 1800 42
1930 1800 7
1930 1800 0
1930 1800 52
1930 1799 55
1930 1799 48
1930 1799 39
1930 1799 49
1930 1825 1
1930 1825 33
1930 1825 39
1930 1825 18
1930 1861 5
1930 1861 58
1930 1861 21
1930 1861 8
1930 1802 10
1930 1802 15
1930 1802 14
1930 1802 23
1930 1862 44
1930 1862 48
1930 1862 48
1930 1862 42
1930 1864 19
1930 1864 15
1930 1864 7
1930 1864 26
1930 2325 2
1930 2325 20
1930 2325 17
1930 2325 26
2283 1811 34
2283 1811 40
2283 1811 16
2283 1811 3
2283 1809 59
2283 1809 53
2283 1809 55
2283 1809 16
2283 1812 14
2283 1812 29
2283 1812 55
2283 1812 56
2283 1808 13
2283 1808 42
2283 1808 45
2283 1808 24
2283 1810 18
2283 1810 23
2283 1810 27
2283 1810 20
2283 6 52
2283 6 10
2283 6 46
2283 6 24
2283 1878 51
2283 1878 43
2283 1878 38
2283 1878 56
2283 1806 49
2283 1806 29
2283 1806 51
2283 1806 43
2283 1807 44
2283 1807 52
2283 1807 40
2283 1807 42
2283 1804 30
2283 1804 54
2283 1804 6
2283 1804 51
2283 1865 46
2283 1865 47
2283 1865 54
2283 1865 9
2283 0 21
2283 0 17
2283 0 56
2283 0 30
2283 1883 2
2283 1883 4
2283 1883 57
2283 1883 30
2283 1893 3
2283 1893 54
2283 1893 7
2283 1893 56
2283 1805 12
2283 1805 33
2283 1805 26
2283 1805 42
2283 1801 27
2283 1801 36
2283 1801 10
2283 1801 31
2283 1860 32
2283 1860 28
2283 1860 45
2283 1860 49
2283 1803 8
2283 1803 23
2283 1803 53
2283 1803 39
2283 1863 45
2283 1863 30
2283 1863 55
2283 1863 56
2283 1 32
2283 1 3
2283 1 52
2283 1 20
2283 2 52
2283 2 30
2283 2 27
2283 2 9
2283 1884 24
2283 1884 46
2283 1884 9
2283 1884 54
2283 1874 59
2283 1874 11
2283 1874 33
2283 1874 16
2283 1897 33
2283 1897 37
2283 1897 15
2283 1897 20
2283 1800 43
2283 1800 31
2283 1800 23
2283 1800 28
2283 1799 45
2283 1799 41
2283 1799 40
2283 1799 40
2283 1825 8
2283 1825 27
2283 1825 15
2283 1825 38
2283 1861 26
2283 1861 43
2283 1861 14
2283 1861 16
2283 1802 17
2283 1802 28
2283 1802 35
2283 1802 44
2283 1862 3
2283 1862 28
2283 1862 34
2283 1862 47
2283 1864 48
2283 1864 4
2283 1864 2
2283 1864 52
2283 2325 6
2283 2325 11
2283 2325 47
2283 2325 33
1859 1811 7
1859 1811 49
1859 1811 18
1859 1811 1
1859 1809 33
1859 1809 5
1859 1809 48
1859 1809 3
1859 1812 59
1859 1812 54
1859 1812 55
1859 1812 15
1859 1808 15
1859 1808 53
1859 1808 36
1859 1808 9
1859 1810 33
1859 1810 13
1859 1810 5
1859 1810 24
1859 6 44
1859 6 59
1859 6 48
1859 6 23
1859 1878 26
1859 1878 56
1859 1878 43
1859 1878 51
1859 1806 20
1859 1806 15
1859 1806 18
1859 1806 44
1859 1807 39
1859 1807 35
1859 1807 8
1859 1807 3
1859 1804 36
1859 1804 48
1859 1804 38
1859 1804 29
1859 1865 10
1859 1865 12
1859 1865 60
1859 1865 55
1859 0 31
1859 0 39
1859 0 53
1859 0 23
1859 1883 9
1859 1883 57
1859 1883 46
1859 1883 47
1859 1893 44
1859 1893 25
1859 1893 18
1859 1893 45
1859 1805 29
1859 1805 45
1859 1805 7
1859 1805 13
1859 1801 17
1859 1801 59
1859 1801 48
1859 1801 8
1859 1860 56
1859 1860 33
1859 1860 11
1859 1860 44
1859 1803 3
1859 1803 41
1859 1803 43
1859 1803 23
1859 1863 46
1859 1863 29
1859 1863 39
1859 1863 45
1859 1 39
1859 1 19
1859 1 45
1859 1 53
1859 2 38
1859 2 27
1859 2 11
1859 2 8
1859 1884 42
1859 1884 15
1859 1884 6
1859 1884 58
1859 1874 53
1859 1874 6
1859 1874 54
1859 1874 57
1859 1897 11
1859 1897 36
1859 1897 17
1859 1897 31
1859 1800 40
1859 1800 50
1859 1800 20
1859 1800 34
1859 1799 49
1859 1799 60
1859 1799 7
1859 1799 41
1859 1825 31
1859 1825 56
1859 1825 40
1859 1825 15
1859 1861 11
1859 1861 48
1859 1861 34
1859 1861 47
1859 1802 32
1859 1802 0
1859 1802 60
1859 1802 14
1859 1862 7
1859 1862 43
1859 1862 16
1859 1862 10
1859 1864 22
1859 1864 59
1859 1864 8
1859 1864 34
1859 2325 59
1859 2325 31
1859 2325 26
1859 2325 11
1925 1811 16
1925 1811 45
1925 1811 24
1925 1811 37
1925 1809 13
1925 1809 24
1925 1809 32
1925 1809 45
1925 1812 8
1925 1812 56
1925 1812 13
1925 1812 57
1925 1808 47
1925 1808 25
1925 1808 31
1925 1808 58
1925 1810 54
1925 1810 2
1925 1810 60
1925 1810 0
1925 6 26
1925 6 40
1925 6 43
1925 6 59
1925 1878 44
1925 1878 32
1925 1878 41
1925 1878 24
1925 1806 22
1925 1806 57
1925 1806 54
1925 1806 32
1925 1807 38
1925 1807 5
1925 1807 13
1925 1807 37
1925 1804 0
1925 1804 10
1925 1804 24
1925 1804 21
1925 1865 49
1925 1865 7
1925 1865 28
1925 1865 12
1925 0 14
1925 0 10
1925 0 55
1925 0 13
1925 1883 9
1925 1883 1
1925 1883 14
1925 1883 47
1925 1893 19
1925 1893 6
1925 1893 30
1925 1893 33
1925 1805 26
1925 1805 31
1925 1805 12
1925 1805 48
1925 1801 3
1925 1801 29
1925 1801 46
1925 1801 31
1925 1860 43
1925 1860 51
1925 1860 8
1925 1860 47
1925 1803 48
1925 1803 23
1925 1803 3
1925 1803 41
1925 1863 55
1925 1863 23
1925 1863 41
1925 1863 34
1925 1 6
1925 1 19
1925 1 4
1925 1 33
1925 2 32
1925 2 13
1925 2 48
1925 2 59
1925 1884 13
1925 1884 38
1925 1884 27
1925 1884 9
1925 1874 27
1925 1874 49
1925 1874 0
1925 1874 32
1925 1897 22
1925 1897 57
1925 1897 46
1925 1897 20
1925 1800 16
1925 1800 49
1925 1800 32
1925 1800 13
1925 1799 14
1925 1799 32
1925 1799 8
1925 1799 54
1925 1825 0
1925 1825 4
1925 1825 60
1925 1825 5
1925 1861 33
1925 1861 24
1925 1861 11
1925 1861 26
1925 1802 56
1925 1802 24
1925 1802 8
1925 1802 32
1925 1862 3
1925 1862 55
1925 1862 41
1925 1862 10
1925 1864 36
1925 1864 15
1925 1864 59
1925 1864 42
1925 2325 41
1925 2325 45
1925 2325 50
1925 2325 13
1931 1811 36
1931 1811 4
1931 1811 25
1931 1811 20
1931 1809 51
1931 1809 51
1931 1809 20
1931 1809 47
1931 1812 14
1931 1812 39
1931 1812 41
1931 1812 35
1931 1808 37
1931 1808 1
1931 1808 52
1931 1808 43
1931 1810 30
1931 1810 19
1931 1810 1
1931 1810 19
1931 6 18
1931 6 21
1931 6 57
1931 6 39
1931 1878 33
1931 1878 57
1931 1878 52
1931 1878 11
1931 1806 4
1931 1806 7
1931 1806 23
1931 1806 21
1931 1807 49
1931 1807 26
1931 1807 22
1931 1807 31
1931 1804 19
1931 1804 19
1931 1804 31
1931 1804 34
1931 1865 11
1931 1865 59
1931 1865 14
1931 1865 29
1931 0 32
1931 0 13
1931 0 18
1931 0 35
1931 1883 12
1931 1883 33
1931 1883 45
1931 1883 16
1931 1893 56
1931 1893 3
1931 1893 38
1931 1893 36
1931 1805 3
1931 1805 24
1931 1805 40
1931 1805 34
1931 1801 6
1931 1801 32
1931 1801 53
1931 1801 39
1931 1860 12
1931 1860 3
1931 1860 36
1931 1860 35
1931 1803 45
1931 1803 60
1931 1803 19
1931 1803 35
1931 1863 10
1931 1863 8
1931 1863 13
1931 1863 16
1931 1 5
1931 1 13
1931 1 21
1931 1 33
1931 2 22
1931 2 29
1931 2 1
1931 2 7
1931 1884 55
1931 1884 6
1931 1884 19
1931 1884 51
1931 1874 22
1931 1874 48
1931 1874 48
1931 1874 50
1931 1897 35
1931 1897 38
1931 1897 9
1931 1897 35
1931 1800 24
1931 1800 14
1931 1800 41
1931 1800 44
1931 1799 18
1931 1799 3
1931 1799 35
1931 1799 11
1931 1825 38
1931 1825 9
1931 1825 47
1931 1825 41
1931 1861 25
1931 1861 59
1931 1861 42
1931 1861 5
1931 1802 12
1931 1802 35
1931 1802 23
1931 1802 35
1931 1862 9
1931 1862 32
1931 1862 35
1931 1862 20
1931 1864 39
1931 1864 28
1931 1864 51
1931 1864 5
1931 2325 5
1931 2325 8
1931 2325 41
1931 2325 57
1934 1811 20
1934 1811 27
1934 1811 27
1934 1811 14
1934 1809 42
1934 1809 54
1934 1809 41
1934 1809 2
1934 1812 27
1934 1812 59
1934 1812 8
1934 1812 40
1934 1808 33
1934 1808 59
1934 1808 13
1934 1808 40
1934 1810 13
1934 1810 35
1934 1810 60
1934 1810 6
1934 6 38
1934 6 29
1934 6 59
1934 6 40
1934 1878 45
1934 1878 14
1934 1878 30
1934 1878 58
1934 1806 24
1934 1806 2
1934 1806 36
1934 1806 58
1934 1807 55
1934 1807 25
1934 1807 52
1934 1807 49
1934 1804 2
1934 1804 49
1934 1804 15
1934 1804 21
1934 1865 20
1934 1865 25
1934 1865 24
1934 1865 59
1934 0 28
1934 0 35
1934 0 10
1934 0 16
1934 1883 56
1934 1883 4
1934 1883 51
1934 1883 23
1934 1893 32
1934 1893 53
1934 1893 39
1934 1893 58
1934 1805 25
1934 1805 27
1934 1805 30
1934 1805 4
1934 1801 52
1934 1801 15
1934 1801 31
1934 1801 54
1934 1860 17
1934 1860 2
1934 1860 0
1934 1860 56
1934 1803 19
1934 1803 46
1934 1803 27
1934 1803 42
1934 1863 22
1934 1863 19
1934 1863 26
1934 1863 12
1934 1 44
1934 1 57
1934 1 36
1934 1 41
1934 2 0
1934 2 16
1934 2 16
1934 2 37
1934 1884 9
1934 1884 39
1934 1884 10
1934 1884 15
1934 1874 12
1934 1874 24
1934 1874 10
1934 1874 57
1934 1897 31
1934 1897 59
1934 1897 19
1934 1897 4
1934 1800 48
1934 1800 2
1934 1800 39
1934 1800 21
1934 1799 21
1934 1799 10
1934 1799 47
1934 1799 3
1934 1825 51
1934 1825 14
1934 1825 59
1934 1825 9
1934 1861 32
1934 1861 34
1934 1861 48
1934 1861 20
1934 1802 48
1934 1802 49
1934 1802 54
1934 1802 30
1934 1862 51
1934 1862 16
1934 1862 22
1934 1862 51
1934 1864 30
1934 1864 49
1934 1864 40
1934 1864 38
1934 2325 24
1934 2325 47
1934 2325 34
1934 2325 52
2284 1811 23
2284 1811 30
2284 1811 40
2284 1811 14
2284 1809 46
2284 1809 48
2284 1809 43
2284 1809 2
2284 1812 8
2284 1812 3
2284 1812 14
2284 1812 48
2284 1808 38
2284 1808 14
2284 1808 40
2284 1808 20
2284 1810 42
2284 1810 22
2284 1810 52
2284 1810 24
2284 6 38
2284 6 20
2284 6 51
2284 6 26
2284 1878 2
2284 1878 30
2284 1878 31
2284 1878 52
2284 1806 2
2284 1806 6
2284 1806 49
2284 1806 24
2284 1807 33
2284 1807 51
2284 1807 9
2284 1807 42
2284 1804 5
2284 1804 59
2284 1804 25
2284 1804 52
2284 1865 45
2284 1865 59
2284 1865 26
2284 1865 10
2284 0 58
2284 0 46
2284 0 56
2284 0 31
2284 1883 15
2284 1883 47
2284 1883 25
2284 1883 26
2284 1893 60
2284 1893 4
2284 1893 34
2284 1893 35
2284 1805 60
2284 1805 31
2284 1805 52
2284 1805 24
2284 1801 55
2284 1801 43
2284 1801 4
2284 1801 17
2284 1860 55
2284 1860 36
2284 1860 13
2284 1860 1
2284 1803 6
2284 1803 4
2284 1803 55
2284 1803 49
2284 1863 0
2284 1863 44
2284 1863 34
2284 1863 46
2284 1 6
2284 1 31
2284 1 11
2284 1 9
2284 2 51
2284 2 9
2284 2 34
2284 2 19
2284 1884 56
2284 1884 5
2284 1884 10
2284 1884 36
2284 1874 1
2284 1874 24
2284 1874 47
2284 1874 49
2284 1897 59
2284 1897 0
2284 1897 49
2284 1897 54
2284 1800 53
2284 1800 3
2284 1800 10
2284 1800 34
2284 1799 21
2284 1799 33
2284 1799 26
2284 1799 56
2284 1825 49
2284 1825 35
2284 1825 3
2284 1825 30
2284 1861 54
2284 1861 34
2284 1861 50
2284 1861 34
2284 1802 36
2284 1802 5
2284 1802 7
2284 1802 44
2284 1862 10
2284 1862 60
2284 1862 39
2284 1862 5
2284 1864 40
2284 1864 11
2284 1864 19
2284 1864 0
2284 2325 59
2284 2325 37
2284 2325 34
2284 2325 17
2285 1811 23
2285 1811 58
2285 1811 52
2285 1811 46
2285 1809 18
2285 1809 53
2285 1809 20
2285 1809 50
2285 1812 22
2285 1812 17
2285 1812 38
2285 1812 18
2285 1808 50
2285 1808 60
2285 1808 46
2285 1808 29
2285 1810 37
2285 1810 28
2285 1810 50
2285 1810 60
2285 6 21
2285 6 18
2285 6 56
2285 6 45
2285 1878 47
2285 1878 20
2285 1878 53
2285 1878 5
2285 1806 32
2285 1806 14
2285 1806 15
2285 1806 59
2285 1807 28
2285 1807 17
2285 1807 8
2285 1807 28
2285 1804 23
2285 1804 27
2285 1804 12
2285 1804 54
2285 1865 42
2285 1865 22
2285 1865 33
2285 1865 48
2285 0 38
2285 0 33
2285 0 41
2285 0 4
2285 1883 20
2285 1883 22
2285 1883 44
2285 1883 8
2285 1893 32
2285 1893 5
2285 1893 7
2285 1893 16
2285 1805 34
2285 1805 33
2285 1805 40
2285 1805 8
2285 1801 59
2285 1801 51
2285 1801 27
2285 1801 11
2285 1860 14
2285 1860 2
2285 1860 49
2285 1860 10
2285 1803 18
2285 1803 27
2285 1803 47
2285 1803 40
2285 1863 6
2285 1863 3
2285 1863 45
2285 1863 26
2285 1 39
2285 1 52
2285 1 60
2285 1 26
2285 2 43
2285 2 53
2285 2 50
2285 2 54
2285 1884 46
2285 1884 31
2285 1884 15
2285 1884 57
2285 1874 5
2285 1874 58
2285 1874 3
2285 1874 52
2285 1897 49
2285 1897 60
2285 1897 52
2285 1897 45
2285 1800 15
2285 1800 40
2285 1800 15
2285 1800 10
2285 1799 48
2285 1799 1
2285 1799 43
2285 1799 11
2285 1825 11
2285 1825 33
2285 1825 5
2285 1825 30
2285 1861 16
2285 1861 36
2285 1861 10
2285 1861 24
2285 1802 26
2285 1802 5
2285 1802 26
2285 1802 41
2285 1862 40
2285 1862 13
2285 1862 44
2285 1862 33
2285 1864 40
2285 1864 24
2285 1864 11
2285 1864 11
2285 2325 31
2285 2325 6
2285 2325 35
2285 2325 26
1924 1811 55
1924 1811 18
1924 1811 48
1924 1811 54
1924 1809 48
1924 1809 47
1924 1809 6
1924 1809 9
1924 1812 48
1924 1812 0
1924 1812 25
1924 1812 9
1924 1808 32
1924 1808 56
1924 1808 25
1924 1808 42
1924 1810 32
1924 1810 13
1924 1810 23
1924 1810 22
1924 6 7
1924 6 28
1924 6 9
1924 6 50
1924 1878 8
1924 1878 14
1924 1878 15
1924 1878 60
1924 1806 58
1924 1806 22
1924 1806 50
1924 1806 52
1924 1807 55
1924 1807 60
1924 1807 21
1924 1807 33
1924 1804 11
1924 1804 0
1924 1804 9
1924 1804 15
1924 1865 17
1924 1865 9
1924 1865 10
1924 1865 14
1924 0 28
1924 0 49
1924 0 18
1924 0 16
1924 1883 29
1924 1883 40
1924 1883 37
1924 1883 18
1924 1893 56
1924 1893 37
1924 1893 33
1924 1893 2
1924 1805 50
1924 1805 11
1924 1805 27
1924 1805 48
1924 1801 29
1924 1801 41
1924 1801 37
1924 1801 28
1924 1860 25
1924 1860 31
1924 1860 55
1924 1860 39
1924 1803 3
1924 1803 3
1924 1803 60
1924 1803 26
1924 1863 39
1924 1863 8
1924 1863 36
1924 1863 59
1924 1 4
1924 1 28
1924 1 55
1924 1 45
1924 2 22
1924 2 43
1924 2 29
1924 2 47
1924 1884 4
1924 1884 42
1924 1884 49
1924 1884 30
1924 1874 51
1924 1874 59
1924 1874 25
1924 1874 33
1924 1897 9
1924 1897 39
1924 1897 56
1924 1897 60
1924 1800 56
1924 1800 2
1924 1800 27
1924 1800 32
1924 1799 3
1924 1799 23
1924 1799 17
1924 1799 37
1924 1825 17
1924 1825 20
1924 1825 18
1924 1825 0
1924 1861 48
1924 1861 13
1924 1861 33
1924 1861 12
1924 1802 9
1924 1802 34
1924 1802 50
1924 1802 41
1924 1862 60
1924 1862 32
1924 1862 2
1924 1862 51
1924 1864 37
1924 1864 0
1924 1864 18
1924 1864 43
1924 2325 2
1924 2325 18
1924 2325 29
1924 2325 10
1949 1811 27
1949 1811 51
1949 1811 15
1949 1811 22
1949 1809 42
1949 1809 37
1949 1809 1
1949 1809 49
1949 1812 44
1949 1812 40
1949 1812 50
1949 1812 54
1949 1808 42
1949 1808 12
1949 1808 1
1949 1808 12
1949 1810 46
1949 1810 13
1949 1810 55
1949 1810 2
1949 6 38
1949 6 11
1949 6 11
1949 6 46
1949 1878 42
1949 1878 42
1949 1878 54
1949 1878 33
1949 1806 56
1949 1806 22
1949 1806 60
1949 1806 46
1949 1807 24
1949 1807 33
1949 1807 28
1949 1807 33
1949 1804 25
1949 1804 37
1949 1804 40
1949 1804 7
1949 1865 34
1949 1865 44
1949 1865 43
1949 1865 23
1949 0 17
1949 0 8
1949 0 1
1949 0 13
1949 1883 58
1949 1883 1
1949 1883 25
1949 1883 9
1949 1893 5
1949 1893 41
1949 1893 25
1949 1893 4
1949 1805 56
1949 1805 18
1949 1805 46
1949 1805 10
1949 1801 19
1949 1801 60
1949 1801 40
1949 1801 9
1949 1860 41
1949 1860 46
1949 1860 35
1949 1860 9
1949 1803 59
1949 1803 55
1949 1803 16
1949 1803 29
1949 1863 48
1949 1863 56
1949 1863 36
1949 1863 32
1949 1 38
1949 1 44
1949 1 12
1949 1 54
1949 2 11
1949 2 2
1949 2 37
1949 2 35
1949 1884 46
1949 1884 59
1949 1884 12
1949 1884 18
1949 1874 16
1949 1874 45
1949 1874 23
1949 1874 59
1949 1897 40
1949 1897 32
1949 1897 18
1949 1897 43
1949 1800 52
1949 1800 30
1949 1800 46
1949 1800 17
1949 1799 37
1949 1799 17
1949 1799 41
1949 1799 57
1949 1825 46
1949 1825 6
1949 1825 16
1949 1825 13
1949 1861 10
1949 1861 58
1949 1861 44
1949 1861 45
1949 1802 13
1949 1802 17
1949 1802 26
1949 1802 11
1949 1862 36
1949 1862 10
1949 1862 58
1949 1862 26
1949 1864 21
1949 1864 28
1949 1864 34
1949 1864 10
1949 2325 26
1949 2325 24
1949 2325 36
1949 2325 35
1932 1811 0
1932 1811 26
1932 1811 4
1932 1811 4
1932 1809 40
1932 1809 54
1932 1809 31
1932 1809 2
1932 1812 45
1932 1812 11
1932 1812 18
1932 1812 11
1932 1808 24
1932 1808 45
1932 1808 50
1932 1808 34
1932 1810 20
1932 1810 43
1932 1810 59
1932 1810 19
1932 6 36
1932 6 6
1932 6 39
1932 6 10
1932 1878 27
1932 1878 48
1932 1878 27
1932 1878 41
1932 1806 60
1932 1806 6
1932 1806 34
1932 1806 1
1932 1807 10
1932 1807 4
1932 1807 60
1932 1807 52
1932 1804 13
1932 1804 20
1932 1804 24
1932 1804 9
1932 1865 60
1932 1865 8
1932 1865 46
1932 1865 36
1932 0 2
1932 0 2
1932 0 34
1932 0 33
1932 1883 37
1932 1883 0
1932 1883 16
1932 1883 53
1932 1893 58
1932 1893 7
1932 1893 23
1932 1893 3
1932 1805 12
1932 1805 46
1932 1805 31
1932 1805 12
1932 1801 33
1932 1801 40
1932 1801 4
1932 1801 7
1932 1860 48
1932 1860 44
1932 1860 21
1932 1860 30
1932 1803 38
1932 1803 19
1932 1803 40
1932 1803 14
1932 1863 45
1932 1863 18
1932 1863 41
1932 1863 53
1932 1 22
1932 1 24
1932 1 22
1932 1 11
1932 2 18
1932 2 52
1932 2 36
1932 2 17
1932 1884 17
1932 1884 40
1932 1884 58
1932 1884 25
1932 1874 20
1932 1874 46
1932 1874 56
1932 1874 5
1932 1897 40
1932 1897 56
1932 1897 25
1932 1897 6
1932 1800 33
1932 1800 44
1932 1800 48
1932 1800 29
1932 1799 5
1932 1799 33
1932 1799 5
1932 1799 23
1932 1825 23
1932 1825 20
1932 1825 50
1932 1825 41
1932 1861 27
1932 1861 56
1932 1861 22
1932 1861 4
1932 1802 16
1932 1802 13
1932 1802 6
1932 1802 57
1932 1862 57
1932 1862 21
1932 1862 9
1932 1862 0
1932 1864 35
1932 1864 34
1932 1864 8
1932 1864 36
1932 2325 49
1932 2325 24
1932 2325 32
1932 2325 22
1876 1811 44
1876 1811 0
1876 1811 6
1876 1811 12
1876 1809 1
1876 1809 15
1876 1809 19
1876 1809 50
1876 1812 25
1876 1812 14
1876 1812 35
1876 1812 57
1876 1808 5
1876 1808 40
1876 1808 21
1876 1808 46
1876 1810 51
1876 1810 47
1876 1810 43
1876 1810 18
1876 6 24
1876 6 25
1876 6 37
1876 6 45
1876 1878 35
1876 1878 7
1876 1878 54
1876 1878 57
1876 1806 51
1876 1806 10
1876 1806 44
1876 1806 7
1876 1807 35
1876 1807 22
1876 1807 7
1876 1807 14
1876 1804 17
1876 1804 22
1876 1804 60
1876 1804 1
1876 1865 34
1876 1865 47
1876 1865 18
1876 1865 21
1876 0 38
1876 0 42
1876 0 14
1876 0 20
1876 1883 58
1876 1883 23
1876 1883 4
1876 1883 29
1876 1893 9
1876 1893 16
1876 1893 8
1876 1893 57
1876 1805 59
1876 1805 57
1876 1805 1
1876 1805 23
1876 1801 11
1876 1801 38
1876 1801 44
1876 1801 9
1876 1860 33
1876 1860 15
1876 1860 16
1876 1860 19
1876 1803 14
1876 1803 23
1876 1803 4
1876 1803 8
1876 1863 22
1876 1863 11
1876 1863 34
1876 1863 23
1876 1 13
1876 1 46
1876 1 54
1876 1 18
1876 2 49
1876 2 60
1876 2 12
1876 2 3
1876 1884 6
1876 1884 31
1876 1884 12
1876 1884 35
1876 1874 35
1876 1874 16
1876 1874 14
1876 1874 48
1876 1897 14
1876 1897 11
1876 1897 40
1876 1897 23
1876 1800 60
1876 1800 23
1876 1800 26
1876 1800 43
1876 1799 47
1876 1799 26
1876 1799 37
1876 1799 1
1876 1825 9
1876 1825 18
1876 1825 56
1876 1825 51
1876 1861 55
1876 1861 1
1876 1861 11
1876 1861 27
1876 1802 0
1876 1802 18
1876 1802 43
1876 1802 28
1876 1862 27
1876 1862 14
1876 1862 55
1876 1862 27
1876 1864 4
1876 1864 21
1876 1864 32
1876 1864 31
1876 2325 29
1876 2325 53
1876 2325 26
1876 2325 36
1950 1811 46
1950 1811 56
1950 1811 26
1950 1811 31
1950 1809 51
1950 1809 36
1950 1809 9
1950 1809 26
1950 1812 46
1950 1812 3
1950 1812 44
1950 1812 18
1950 1808 57
1950 1808 53
1950 1808 28
1950 1808 14
1950 1810 43
1950 1810 46
1950 1810 33
1950 1810 22
1950 6 34
1950 6 35
1950 6 45
1950 6 19
1950 1878 57
1950 1878 36
1950 1878 3
1950 1878 30
1950 1806 24
1950 1806 6
1950 1806 40
1950 1806 55
1950 1807 17
1950 1807 30
1950 1807 58
1950 1807 30
1950 1804 54
1950 1804 28
1950 1804 28
1950 1804 13
1950 1865 0
1950 1865 18
1950 1865 48
1950 1865 35
1950 0 17
1950 0 16
1950 0 8
1950 0 33
1950 1883 43
1950 1883 48
1950 1883 29
1950 1883 3
1950 1893 23
1950 1893 32
1950 1893 48
1950 1893 15
1950 1805 39
1950 1805 37
1950 1805 8
1950 1805 40
1950 1801 13
1950 1801 32
1950 1801 11
1950 1801 34
1950 1860 45
1950 1860 2
1950 1860 36
1950 1860 1
1950 1803 48
1950 1803 19
1950 1803 52
1950 1803 42
1950 1863 1
1950 1863 60
1950 1863 54
1950 1863 56
1950 1 40
1950 1 31
1950 1 59
1950 1 36
1950 2 15
1950 2 17
1950 2 22
1950 2 2
1950 1884 36
1950 1884 28
1950 1884 14
1950 1884 47
1950 1874 32
1950 1874 22
1950 1874 16
1950 1874 24
1950 1897 22
1950 1897 49
1950 1897 50
1950 1897 2
1950 1800 26
1950 1800 26
1950 1800 45
1950 1800 30
1950 1799 20
1950 1799 39
1950 1799 12
1950 1799 45
1950 1825 44
1950 1825 36
1950 1825 10
1950 1825 27
1950 1861 11
1950 1861 46
1950 1861 50
1950 1861 56
1950 1802 23
1950 1802 23
1950 1802 46
1950 1802 47
1950 1862 43
1950 1862 25
1950 1862 19
1950 1862 36
1950 1864 50
1950 1864 31
1950 1864 44
1950 1864 14
1950 2325 39
1950 2325 39
1950 2325 49
1950 2325 56
1937 1811 9
1937 1811 54
1937 1811 21
1937 1811 18
1937 1809 37
1937 1809 19
1937 1809 49
1937 1809 6
1937 1812 0
1937 1812 17
1937 1812 27
1937 1812 5
1937 1808 4
1937 1808 37
1937 1808 4
1937 1808 7
1937 1810 2
1937 1810 52
1937 1810 11
1937 1810 44
1937 6 33
1937 6 56
1937 6 54
1937 6 40
1937 1878 38
1937 1878 24
1937 1878 14
1937 1878 25
1937 1806 10
1937 1806 49
1937 1806 50
1937 1806 10
1937 1807 22
1937 1807 56
1937 1807 30
1937 1807 44
1937 1804 18
1937 1804 57
1937 1804 58
1937 1804 29
1937 1865 54
1937 1865 51
1937 1865 42
1937 1865 45
1937 0 30
1937 0 46
1937 0 7
1937 0 13
1937 1883 28
1937 1883 57
1937 1883 57
1937 1883 43
1937 1893 22
1937 1893 20
1937 1893 7
1937 1893 39
1937 1805 55
1937 1805 50
1937 1805 22
1937 1805 32
1937 1801 52
1937 1801 10
1937 1801 51
1937 1801 15
1937 1860 38
1937 1860 55
1937 1860 57
1937 1860 26
1937 1803 21
1937 1803 11
1937 1803 30
1937 1803 56
1937 1863 29
1937 1863 41
1937 1863 55
1937 1863 13
1937 1 55
1937 1 29
1937 1 54
1937 1 4
1937 2 23
1937 2 49
1937 2 30
1937 2 19
1937 1884 30
1937 1884 42
1937 1884 49
1937 1884 28
1937 1874 38
1937 1874 60
1937 1874 49
1937 1874 26
1937 1897 37
1937 1897 21
1937 1897 42
1937 1897 38
1937 1800 29
1937 1800 28
1937 1800 11
1937 1800 27
1937 1799 33
1937 1799 20
1937 1799 29
1937 1799 52
1937 1825 60
1937 1825 29
1937 1825 45
1937 1825 31
1937 1861 20
1937 1861 0
1937 1861 41
1937 1861 32
1937 1802 16
1937 1802 2
1937 1802 24
1937 1802 2
1937 1862 9
1937 1862 45
1937 1862 35
1937 1862 32
1937 1864 7
1937 1864 36
1937 1864 8
1937 1864 33
1937 2325 21
1937 2325 10
1937 2325 57
1937 2325 24
1936 1811 3
1936 1811 48
1936 1811 29
1936 1811 0
1936 1809 11
1936 1809 51
1936 1809 26
1936 1809 54
1936 1812 45
1936 1812 36
1936 1812 19
1936 1812 18
1936 1808 12
1936 1808 3
1936 1808 17
1936 1808 4
1936 1810 41
1936 1810 29
1936 1810 29
1936 1810 53
1936 6 55
1936 6 35
1936 6 12
1936 6 27
1936 1878 25
1936 1878 41
1936 1878 12
1936 1878 60
1936 1806 33
1936 1806 42
1936 1806 20
1936 1806 28
1936 1807 7
1936 1807 56
1936 1807 30
1936 1807 12
1936 1804 0
1936 1804 53
1936 1804 11
1936 1804 4
1936 1865 27
1936 1865 29
1936 1865 27
1936 1865 30
1936 0 45
1936 0 6
1936 0 23
1936 0 44
1936 1883 26
1936 1883 37
1936 1883 6
1936 1883 29
1936 1893 55
1936 1893 25
1936 1893 51
1936 1893 23
1936 1805 41
1936 1805 4
1936 1805 20
1936 1805 34
1936 1801 53
1936 1801 25
1936 1801 17
1936 1801 40
1936 1860 22
1936 1860 58
1936 1860 35
1936 1860 50
1936 1803 13
1936 1803 30
1936 1803 22
1936 1803 46
1936 1863 17
1936 1863 32
1936 1863 24
1936 1863 59
1936 1 23
1936 1 1
1936 1 17
1936 1 48
1936 2 58
1936 2 42
1936 2 58
1936 2 43
1936 1884 3
1936 1884 0
1936 1884 17
1936 1884 37
1936 1874 5
1936 1874 1
1936 1874 6
1936 1874 10
1936 1897 25
1936 1897 36
1936 1897 21
1936 1897 23
1936 1800 22
1936 1800 54
1936 1800 13
1936 1800 4
1936 1799 6
1936 1799 8
1936 1799 46
1936 1799 26
1936 1825 45
1936 1825 41
1936 1825 36
1936 1825 19
1936 1861 9
1936 1861 17
1936 1861 4
1936 1861 21
1936 1802 59
1936 1802 2
1936 1802 48
1936 1802 23
1936 1862 26
1936 1862 2
1936 1862 7
1936 1862 41
1936 1864 20
1936 1864 8
1936 1864 21
1936 1864 23
1936 2325 19
1936 2325 42
1936 2325 1
1936 2325 9
1875 1811 31
1875 1811 33
1875 1811 50
1875 1811 53
1875 1809 7
1875 1809 34
1875 1809 47
1875 1809 57
1875 1812 22
1875 1812 12
1875 1812 5
1875 1812 50
1875 1808 31
1875 1808 5
1875 1808 18
1875 1808 1
1875 1810 30
1875 1810 7
1875 1810 35
1875 1810 36
1875 6 50
1875 6 8
1875 6 58
1875 6 29
1875 1878 49
1875 1878 8
1875 1878 58
1875 1878 22
1875 1806 1
1875 1806 28
1875 1806 20
1875 1806 7
1875 1807 58
1875 1807 25
1875 1807 25
1875 1807 11
1875 1804 43
1875 1804 35
1875 1804 17
1875 1804 59
1875 1865 52
1875 1865 53
1875 1865 35
1875 1865 13
1875 0 49
1875 0 17
1875 0 11
1875 0 12
1875 1883 53
1875 1883 17
1875 1883 17
1875 1883 44
1875 1893 57
1875 1893 51
1875 1893 30
1875 1893 60
1875 1805 52
1875 1805 46
1875 1805 49
1875 1805 2
1875 1801 40
1875 1801 28
1875 1801 12
1875 1801 20
1875 1860 35
1875 1860 38
1875 1860 12
1875 1860 39
1875 1803 19
1875 1803 41
1875 1803 53
1875 1803 49
1875 1863 36
1875 1863 22
1875 1863 46
1875 1863 14
1875 1 20
1875 1 6
1875 1 50
1875 1 48
1875 2 20
1875 2 12
1875 2 58
1875 2 43
1875 1884 25
1875 1884 20
1875 1884 3
1875 1884 18
1875 1874 18
1875 1874 34
1875 1874 48
1875 1874 40
1875 1897 9
1875 1897 56
1875 1897 36
1875 1897 37
1875 1800 25
1875 1800 53
1875 1800 45
1875 1800 25
1875 1799 58
1875 1799 23
1875 1799 55
1875 1799 20
1875 1825 35
1875 1825 44
1875 1825 41
1875 1825 3
1875 1861 23
1875 1861 38
1875 1861 41
1875 1861 60
1875 1802 10
1875 1802 5
1875 1802 45
1875 1802 56
1875 1862 20
1875 1862 20
1875 1862 40
1875 1862 40
1875 1864 54
1875 1864 48
1875 1864 51
1875 1864 23
1875 2325 36
1875 2325 34
1875 2325 6
1875 2325 54
1951 1811 56
1951 1811 48
1951 1811 39
1951 1811 54
1951 1809 52
1951 1809 22
1951 1809 24
1951 1809 11
1951 1812 2
1951 1812 0
1951 1812 55
1951 1812 40
1951 1808 9
1951 1808 23
1951 1808 19
1951 1808 60
1951 1810 12
1951 1810 58
1951 1810 33
1951 1810 21
1951 6 14
1951 6 39
1951 6 47
1951 6 55
1951 1878 1
1951 1878 27
1951 1878 18
1951 1878 17
1951 1806 57
1951 1806 39
1951 1806 10
1951 1806 53
1951 1807 44
1951 1807 20
1951 1807 4
1951 1807 14
1951 1804 24
1951 1804 16
1951 1804 47
1951 1804 42
1951 1865 51
1951 1865 3
1951 1865 31
1951 1865 12
1951 0 11
1951 0 18
1951 0 0
1951 0 24
1951 1883 43
1951 1883 0
1951 1883 13
1951 1883 58
1951 1893 41
1951 1893 53
1951 1893 36
1951 1893 45
1951 1805 2
1951 1805 22
1951 1805 14
1951 1805 55
1951 1801 20
1951 1801 13
1951 1801 37
1951 1801 26
1951 1860 32
1951 1860 34
1951 1860 47
1951 1860 22
1951 1803 14
1951 1803 14
1951 1803 57
1951 1803 29
1951 1863 49
1951 1863 57
1951 1863 60
1951 1863 12
1951 1 17
1951 1 34
1951 1 42
1951 1 9
1951 2 4
1951 2 20
1951 2 20
1951 2 41
1951 1884 36
1951 1884 57
1951 1884 16
1951 1884 12
1951 1874 12
1951 1874 37
1951 1874 22
1951 1874 7
1951 1897 35
1951 1897 1
1951 1897 50
1951 1897 18
1951 1800 15
1951 1800 5
1951 1800 35
1951 1800 37
1951 1799 48
1951 1799 59
1951 1799 48
1951 1799 33
1951 1825 33
1951 1825 55
1951 1825 44
1951 1825 10
1951 1861 1
1951 1861 51
1951 1861 0
1951 1861 45
1951 1802 17
1951 1802 19
1951 1802 27
1951 1802 59
1951 1862 3
1951 1862 22
1951 1862 13
1951 1862 21
1951 1864 16
1951 1864 6
1951 1864 30
1951 1864 10
1951 2325 25
1951 2325 53
1951 2325 29
1951 2325 2
1939 1811 42
1939 1811 47
1939 1811 21
1939 1811 20
1939 1809 37
1939 1809 45
1939 1809 44
1939 1809 17
1939 1812 59
1939 1812 41
1939 1812 12
1939 1812 22
1939 1808 43
1939 1808 28
1939 1808 8
1939 1808 59
1939 1810 40
1939 1810 36
1939 1810 20
1939 1810 37
1939 6 12
1939 6 21
1939 6 4
1939 6 35
1939 1878 55
1939 1878 20
1939 1878 46
1939 1878 58
1939 1806 46
1939 1806 13
1939 1806 9
1939 1806 23
1939 1807 23
1939 1807 39
1939 1807 23
1939 1807 37
1939 1804 32
1939 1804 56
1939 1804 28
1939 1804 52
1939 1865 15
1939 1865 14
1939 1865 15
1939 1865 26
1939 0 38
1939 0 15
1939 0 25
1939 0 7
1939 1883 45
1939 1883 0
1939 1883 51
1939 1883 9
1939 1893 40
1939 1893 15
1939 1893 26
1939 1893 27
1939 1805 16
1939 1805 0
1939 1805 1
1939 1805 52
1939 1801 45
1939 1801 20
1939 1801 9
1939 1801 48
1939 1860 26
1939 1860 33
1939 1860 59
1939 1860 14
1939 1803 19
1939 1803 13
1939 1803 24
1939 1803 46
1939 1863 8
1939 1863 11
1939 1863 60
1939 1863 20
1939 1 49
1939 1 35
1939 1 2
1939 1 27
1939 2 12
1939 2 46
1939 2 17
1939 2 53
1939 1884 19
1939 1884 7
1939 1884 10
1939 1884 40
1939 1874 36
1939 1874 4
1939 1874 49
1939 1874 53
1939 1897 40
1939 1897 8
1939 1897 17
1939 1897 26
1939 1800 56
1939 1800 0
1939 1800 48
1939 1800 13
1939 1799 43
1939 1799 9
1939 1799 10
1939 1799 12
1939 1825 30
1939 1825 52
1939 1825 9
1939 1825 0
1939 1861 42
1939 1861 1
1939 1861 58
1939 1861 28
1939 1802 43
1939 1802 43
1939 1802 12
1939 1802 41
1939 1862 0
1939 1862 44
1939 1862 14
1939 1862 31
1939 1864 35
1939 1864 56
1939 1864 16
1939 1864 16
1939 2325 31
1939 2325 30
1939 2325 17
1939 2325 13
1935 1811 37
1935 1811 31
1935 1811 51
1935 1811 32
1935 1809 39
1935 1809 32
1935 1809 52
1935 1809 2
1935 1812 30
1935 1812 43
1935 1812 36
1935 1812 40
1935 1808 21
1935 1808 13
1935 1808 16
1935 1808 18
1935 1810 23
1935 1810 31
1935 1810 1
1935 1810 6
1935 6 14
1935 6 31
1935 6 50
1935 6 47
1935 1878 20
1935 1878 58
1935 1878 24
1935 1878 17
1935 1806 28
1935 1806 38
1935 1806 4
1935 1806 48
1935 1807 31
1935 1807 59
1935 1807 33
1935 1807 17
1935 1804 33
1935 1804 32
1935 1804 28
1935 1804 18
1935 1865 48
1935 1865 26
1935 1865 56
1935 1865 48
1935 0 23
1935 0 45
1935 0 32
1935 0 24
1935 1883 8
1935 1883 39
1935 1883 4
1935 1883 3
1935 1893 9
1935 1893 57
1935 1893 39
1935 1893 12
1935 1805 18
1935 1805 13
1935 1805 51
1935 1805 49
1935 1801 52
1935 1801 12
1935 1801 30
1935 1801 10
1935 1860 15
1935 1860 28
1935 1860 19
1935 1860 47
1935 1803 47
1935 1803 54
1935 1803 43
1935 1803 41
1935 1863 23
1935 1863 17
1935 1863 60
1935 1863 50
1935 1 26
1935 1 25
1935 1 54
1935 1 58
1935 2 24
1935 2 52
1935 2 50
1935 2 4
1935 1884 48
1935 1884 1
1935 1884 28
1935 1884 0
1935 1874 3
1935 1874 38
1935 1874 6
1935 1874 14
1935 1897 9
1935 1897 58
1935 1897 31
1935 1897 34
1935 1800 57
1935 1800 53
1935 1800 30
1935 1800 39
1935 1799 24
1935 1799 17
1935 1799 24
1935 1799 22
1935 1825 30
1935 1825 15
1935 1825 44
1935 1825 26
1935 1861 53
1935 1861 19
1935 1861 17
1935 1861 59
1935 1802 10
1935 1802 58
1935 1802 2
1935 1802 17
1935 1862 26
1935 1862 24
1935 1862 9
1935 1862 36
1935 1864 29
1935 1864 5
1935 1864 19
1935 1864 6
1935 2325 3
1935 2325 36
1935 2325 44
1935 2325 47
1870 1811 31
1870 1811 59
1870 1811 51
1870 1811 45
1870 1809 2
1870 1809 32
1870 1809 37
1870 1809 56
1870 1812 43
1870 1812 6
1870 1812 54
1870 1812 5
1870 1808 29
1870 1808 40
1870 1808 19
1870 1808 34
1870 1810 27
1870 1810 37
1870 1810 10
1870 1810 58
1870 6 48
1870 6 60
1870 6 43
1870 6 3
1870 1878 45
1870 1878 19
1870 1878 20
1870 1878 52
1870 1806 5
1870 1806 57
1870 1806 20
1870 1806 20
1870 1807 37
1870 1807 26
1870 1807 28
1870 1807 44
1870 1804 40
1870 1804 21
1870 1804 48
1870 1804 21
1870 1865 15
1870 1865 33
1870 1865 49
1870 1865 60
1870 0 8
1870 0 60
1870 0 28
1870 0 37
1870 1883 9
1870 1883 31
1870 1883 59
1870 1883 45
1870 1893 48
1870 1893 19
1870 1893 56
1870 1893 20
1870 1805 23
1870 1805 23
1870 1805 45
1870 1805 20
1870 1801 5
1870 1801 12
1870 1801 30
1870 1801 15
1870 1860 43
1870 1860 26
1870 1860 24
1870 1860 44
1870 1803 40
1870 1803 51
1870 1803 48
1870 1803 35
1870 1863 27
1870 1863 38
1870 1863 47
1870 1863 54
1870 1 35
1870 1 59
1870 1 48
1870 1 36
1870 2 55
1870 2 36
1870 2 27
1870 2 17
1870 1884 21
1870 1884 21
1870 1884 46
1870 1884 15
1870 1874 17
1870 1874 26
1870 1874 52
1870 1874 0
1870 1897 33
1870 1897 31
1870 1897 35
1870 1897 40
1870 1800 58
1870 1800 27
1870 1800 16
1870 1800 39
1870 1799 46
1870 1799 31
1870 1799 4
1870 1799 27
1870 1825 20
1870 1825 5
1870 1825 56
1870 1825 45
1870 1861 45
1870 1861 23
1870 1861 10
1870 1861 32
1870 1802 10
1870 1802 44
1870 1802 51
1870 1802 35
1870 1862 32
1870 1862 10
1870 1862 46
1870 1862 1
1870 1864 37
1870 1864 34
1870 1864 11
1870 1864 11
1870 2325 48
1870 2325 33
1870 2325 53
1870 2325 49
1952 1811 33
1952 1811 19
1952 1811 31
1952 1811 43
1952 1809 15
1952 1809 12
1952 1809 27
1952 1809 42
1952 1812 33
1952 1812 48
1952 1812 36
1952 1812 0
1952 1808 50
1952 1808 7
1952 1808 32
1952 1808 12
1952 1810 17
1952 1810 45
1952 1810 45
1952 1810 34
1952 6 10
1952 6 36
1952 6 43
1952 6 33
1952 1878 38
1952 1878 17
1952 1878 13
1952 1878 51
1952 1806 43
1952 1806 43
1952 1806 14
1952 1806 4
1952 1807 20
1952 1807 10
1952 1807 30
1952 1807 35
1952 1804 13
1952 1804 3
1952 1804 38
1952 1804 57
1952 1865 37
1952 1865 16
1952 1865 45
1952 1865 3
1952 0 59
1952 0 30
1952 0 40
1952 0 5
1952 1883 59
1952 1883 25
1952 1883 6
1952 1883 20
1952 1893 27
1952 1893 6
1952 1893 42
1952 1893 45
1952 1805 19
1952 1805 5
1952 1805 18
1952 1805 2
1952 1801 20
1952 1801 42
1952 1801 46
1952 1801 25
1952 1860 43
1952 1860 26
1952 1860 8
1952 1860 29
1952 1803 52
1952 1803 1
1952 1803 43
1952 1803 59
1952 1863 5
1952 1863 2
1952 1863 29
1952 1863 10
1952 1 58
1952 1 42
1952 1 20
1952 1 2
1952 2 7
1952 2 54
1952 2 10
1952 2 20
1952 1884 17
1952 1884 37
1952 1884 0
1952 1884 50
1952 1874 52
1952 1874 39
1952 1874 33
1952 1874 25
1952 1897 3
1952 1897 24
1952 1897 43
1952 1897 51
1952 1800 51
1952 1800 60
1952 1800 16
1952 1800 4
1952 1799 56
1952 1799 26
1952 1799 28
1952 1799 35
1952 1825 50
1952 1825 26
1952 1825 50
1952 1825 30
1952 1861 55
1952 1861 29
1952 1861 7
1952 1861 39
1952 1802 28
1952 1802 20
1952 1802 8
1952 1802 58
1952 1862 7
1952 1862 60
1952 1862 37
1952 1862 16
1952 1864 14
1952 1864 35
1952 1864 44
1952 1864 31
1952 2325 27
1952 2325 17
1952 2325 54
1952 2325 51
1940 1811 0
1940 1811 49
1940 1811 38
1940 1811 31
1940 1809 34
1940 1809 4
1940 1809 24
1940 1809 46
1940 1812 53
1940 1812 9
1940 1812 21
1940 1812 53
1940 1808 58
1940 1808 24
1940 1808 2
1940 1808 4
1940 1810 36
1940 1810 38
1940 1810 15
1940 1810 20
1940 6 57
1940 6 7
1940 6 10
1940 6 57
1940 1878 19
1940 1878 43
1940 1878 36
1940 1878 53
1940 1806 23
1940 1806 35
1940 1806 59
1940 1806 39
1940 1807 1
1940 1807 46
1940 1807 16
1940 1807 40
1940 1804 23
1940 1804 20
1940 1804 18
1940 1804 7
1940 1865 54
1940 1865 25
1940 1865 8
1940 1865 4
1940 0 22
1940 0 16
1940 0 48
1940 0 23
1940 1883 3
1940 1883 8
1940 1883 2
1940 1883 28
1940 1893 21
1940 1893 2
1940 1893 12
1940 1893 51
1940 1805 43
1940 1805 3
1940 1805 52
1940 1805 51
1940 1801 54
1940 1801 12
1940 1801 27
1940 1801 50
1940 1860 41
1940 1860 42
1940 1860 10
1940 1860 30
1940 1803 58
1940 1803 44
1940 1803 47
1940 1803 42
1940 1863 42
1940 1863 47
1940 1863 13
1940 1863 59
1940 1 56
1940 1 16
1940 1 47
1940 1 25
1940 2 5
1940 2 25
1940 2 32
1940 2 29
1940 1884 16
1940 1884 1
1940 1884 10
1940 1884 17
1940 1874 51
1940 1874 1
1940 1874 2
1940 1874 48
1940 1897 42
1940 1897 58
1940 1897 12
1940 1897 55
1940 1800 1
1940 1800 39
1940 1800 45
1940 1800 59
1940 1799 25
1940 1799 23
1940 1799 33
1940 1799 60
1940 1825 5
1940 1825 60
1940 1825 18
1940 1825 16
1940 1861 24
1940 1861 31
1940 1861 21
1940 1861 15
1940 1802 14
1940 1802 26
1940 1802 38
1940 1802 5
1940 1862 2
1940 1862 55
1940 1862 44
1940 1862 3
1940 1864 44
1940 1864 33
1940 1864 47
1940 1864 50
1940 2325 16
1940 2325 5
1940 2325 3
1940 2325 19
1938 1811 31
1938 1811 56
1938 1811 12
1938 1811 36
1938 1809 7
1938 1809 44
1938 1809 15
1938 1809 32
1938 1812 55
1938 1812 51
1938 1812 23
1938 1812 18
1938 1808 34
1938 1808 8
1938 1808 46
1938 1808 58
1938 1810 28
1938 1810 58
1938 1810 14
1938 1810 15
1938 6 18
1938 6 2
1938 6 60
1938 6 31
1938 1878 43
1938 1878 6
1938 1878 6
1938 1878 32
1938 1806 9
1938 1806 28
1938 1806 30
1938 1806 14
1938 1807 18
1938 1807 46
1938 1807 17
1938 1807 29
1938 1804 19
1938 1804 30
1938 1804 22
1938 1804 16
1938 1865 1
1938 1865 26
1938 1865 55
1938 1865 6
1938 0 2
1938 0 30
1938 0 60
1938 0 26
1938 1883 54
1938 1883 52
1938 1883 35
1938 1883 55
1938 1893 24
1938 1893 16
1938 1893 3
1938 1893 14
1938 1805 44
1938 1805 31
1938 1805 47
1938 1805 45
1938 1801 47
1938 1801 11
1938 1801 52
1938 1801 60
1938 1860 55
1938 1860 26
1938 1860 39
1938 1860 41
1938 1803 9
1938 1803 35
1938 1803 1
1938 1803 40
1938 1863 24
1938 1863 23
1938 1863 33
1938 1863 16
1938 1 15
1938 1 26
1938 1 11
1938 1 6
1938 2 21
1938 2 58
1938 2 47
1938 2 52
1938 1884 57
1938 1884 57
1938 1884 41
1938 1884 0
1938 1874 12
1938 1874 5
1938 1874 52
1938 1874 48
1938 1897 0
1938 1897 17
1938 1897 24
1938 1897 7
1938 1800 40
1938 1800 53
1938 1800 15
1938 1800 12
1938 1799 42
1938 1799 38
1938 1799 26
1938 1799 47
1938 1825 8
1938 1825 2
1938 1825 18
1938 1825 57
1938 1861 25
1938 1861 30
1938 1861 49
1938 1861 27
1938 1802 27
1938 1802 24
1938 1802 52
1938 1802 19
1938 1862 37
1938 1862 36
1938 1862 36
1938 1862 33
1938 1864 27
1938 1864 24
1938 1864 24
1938 1864 57
1938 2325 25
1938 2325 25
1938 2325 8
1938 2325 39
