2350 971 37
2350 971 26
2350 971 9
2350 971 11
2350 970 4
2350 970 1
2350 970 40
2350 970 54
2350 980 37
2350 980 39
2350 980 54
2350 980 32
2350 997 36
2350 997 57
2350 997 2
2350 997 15
2350 975 23
2350 975 7
2350 975 39
2350 975 18
2350 981 2
2350 981 8
2350 981 53
2350 981 26
2350 995 41
2350 995 28
2350 995 8
2350 995 31
2350 996 4
2350 996 49
2350 996 50
2350 996 10
2350 998 55
2350 998 4
2350 998 32
2350 998 56
2350 999 38
2350 999 38
2350 999 48
2350 999 9
2350 974 60
2350 974 59
2350 974 7
2350 974 44
2350 2210 26
2350 2210 48
2350 2210 2
2350 2210 38
2350 2212 53
2350 2212 49
2350 2212 50
2350 2212 13
2350 982 5
2350 982 33
2350 982 25
2350 982 3
2350 983 41
2350 983 55
2350 983 53
2350 983 39
2350 1002 18
2350 1002 28
2350 1002 4
2350 1002 28
2350 1001 60
2350 1001 31
2350 1001 38
2350 1001 59
2350 1000 49
2350 1000 11
2350 1000 38
2350 1000 58
2350 972 28
2350 972 48
2350 972 45
2350 972 4
2350 1005 53
2350 1005 27
2350 1005 60
2350 1005 44
2350 1006 26
2350 1006 1
2350 1006 37
2350 1006 0
2350 2213 12
2350 2213 46
2350 2213 60
2350 2213 13
2350 2211 38
2350 2211 13
2350 2211 60
2350 2211 51
2350 973 58
2350 973 53
2350 973 23
2350 973 29
2350 994 58
2350 994 38
2350 994 11
2350 994 11
2350 984 1
2350 984 47
2350 984 39
2350 984 35
2350 1126 40
2350 1126 1
2350 1126 24
2350 1126 3
2350 1129 30
2350 1129 57
2350 1129 2
2350 1129 11
2350 1003 28
2350 1003 45
2350 1003 20
2350 1003 23
2350 1122 43
2350 1122 12
2350 1122 5
2350 1122 58
2350 1004 25
2350 1004 15
2350 1004 37
2350 1004 32
2350 2243 11
2350 2243 37
2350 2243 17
2350 2243 55
2337 971 42
2337 971 0
2337 971 46
2337 971 35
2337 970 3
2337 970 47
2337 970 43
2337 970 27
2337 980 42
2337 980 3
2337 980 13
2337 980 15
2337 997 16
2337 997 8
2337 997 4
2337 997 41
2337 975 21
2337 975 47
2337 975 56
2337 975 40
2337 981 55
2337 981 25
2337 981 13
2337 981 43
2337 995 37
2337 995 26
2337 995 55
2337 995 5
2337 996 32
2337 996 39
2337 996 23
2337 996 41
2337 998 7
2337 998 16
2337 998 7
2337 998 42
2337 999 56
2337 999 10
2337 999 46
2337 999 20
2337 974 14
2337 974 33
2337 974 10
2337 974 59
2337 2210 11
2337 2210 49
2337 2210 13
2337 2210 39
2337 2212 18
2337 2212 50
2337 2212 12
2337 2212 28
2337 982 23
2337 982 24
2337 982 9
2337 982 58
2337 983 58
2337 983 9
2337 983 35
2337 983 1
2337 1002 31
2337 1002 25
2337 1002 20
2337 1002 13
2337 1001 6
2337 1001 20
2337 1001 52
2337 1001 54
2337 1000 0
2337 1000 37
2337 1000 58
2337 1000 53
2337 972 40
2337 972 43
2337 972 60
2337 972 30
2337 1005 3
2337 1005 60
2337 1005 15
2337 1005 58
2337 1006 47
2337 1006 14
2337 1006 32
2337 1006 5
2337 2213 41
2337 2213 13
2337 2213 19
2337 2213 14
2337 2211 36
2337 2211 24
2337 2211 30
2337 2211 26
2337 973 40
2337 973 2
2337 973 4
2337 973 37
2337 994 40
2337 994 4
2337 994 52
2337 994 14
2337 984 45
2337 984 41
2337 984 50
2337 984 38
2337 1126 17
2337 1126 11
2337 1126 30
2337 1126 44
2337 1129 22
2337 1129 46
2337 1129 27
2337 1129 26
2337 1003 2
2337 1003 50
2337 1003 59
2337 1003 2
2337 1122 34
2337 1122 46
2337 1122 28
2337 1122 48
2337 1004 47
2337 1004 55
2337 1004 53
2337 1004 15
2337 2243 59
2337 2243 36
2337 2243 36
2337 2243 8
2351 971 42
2351 971 5
2351 971 41
2351 971 23
2351 970 2
2351 970 9
2351 970 6
2351 970 7
2351 980 27
2351 980 16
2351 980 55
2351 980 14
2351 997 55
2351 997 11
2351 997 57
2351 997 44
2351 975 15
2351 975 26
2351 975 17
2351 975 4
2351 981 27
2351 981 7
2351 981 55
2351 981 17
2351 995 17
2351 995 39
2351 995 42
2351 995 37
2351 996 37
2351 996 12
2351 996 60
2351 996 22
2351 998 33
2351 998 38
2351 998 28
2351 998 52
2351 999 54
2351 999 13
2351 999 53
2351 999 51
2351 974 13
2351 974 44
2351 974 1
2351 974 20
2351 2210 10
2351 2210 12
2351 2210 49
2351 2210 15
2351 2212 40
2351 2212 15
2351 2212 30
2351 2212 12
2351 982 29
2351 982 25
2351 982 5
2351 982 12
2351 983 41
2351 983 49
2351 983 0
2351 983 50
2351 1002 38
2351 1002 14
2351 1002 40
2351 1002 48
2351 1001 4
2351 1001 12
2351 1001 22
2351 1001 19
2351 1000 43
2351 1000 58
2351 1000 45
2351 1000 37
2351 972 57
2351 972 38
2351 972 21
2351 972 40
2351 1005 48
2351 1005 23
2351 1005 59
2351 1005 16
2351 1006 59
2351 1006 21
2351 1006 39
2351 1006 12
2351 2213 13
2351 2213 25
2351 2213 4
2351 2213 2
2351 2211 17
2351 2211 21
2351 2211 36
2351 2211 20
2351 973 33
2351 973 12
2351 973 5
2351 973 42
2351 994 24
2351 994 26
2351 994 43
2351 994 3
2351 984 48
2351 984 16
2351 984 45
2351 984 33
2351 1126 49
2351 1126 59
2351 1126 42
2351 1126 58
2351 1129 28
2351 1129 16
2351 1129 26
2351 1129 34
2351 1003 34
2351 1003 49
2351 1003 41
2351 1003 44
2351 1122 21
2351 1122 40
2351 1122 35
2351 1122 13
2351 1004 16
2351 1004 11
2351 1004 44
2351 1004 57
2351 2243 4
2351 2243 5
2351 2243 24
2351 2243 5
2352 971 3
2352 971 37
2352 971 44
2352 971 42
2352 970 5
2352 970 30
2352 970 34
2352 970 10
2352 980 53
2352 980 33
2352 980 56
2352 980 14
2352 997 31
2352 997 2
2352 997 32
2352 997 44
2352 975 33
2352 975 48
2352 975 24
2352 975 7
2352 981 27
2352 981 39
2352 981 58
2352 981 57
2352 995 27
2352 995 50
2352 995 33
2352 995 41
2352 996 48
2352 996 49
2352 996 19
2352 996 18
2352 998 54
2352 998 2
2352 998 13
2352 998 39
2352 999 57
2352 999 33
2352 999 4
2352 999 23
2352 974 35
2352 974 38
2352 974 4
2352 974 1
2352 2210 39
2352 2210 60
2352 2210 36
2352 2210 19
2352 2212 29
2352 2212 23
2352 2212 50
2352 2212 17
2352 982 19
2352 982 6
2352 982 57
2352 982 56
2352 983 37
2352 983 33
2352 983 47
2352 983 18
2352 1002 28
2352 1002 33
2352 1002 31
2352 1002 29
2352 1001 37
2352 1001 56
2352 1001 9
2352 1001 52
2352 1000 34
2352 1000 53
2352 1000 38
2352 1000 19
2352 972 6
2352 972 29
2352 972 44
2352 972 32
2352 1005 53
2352 1005 23
2352 1005 20
2352 1005 32
2352 1006 3
2352 1006 44
2352 1006 60
2352 1006 53
2352 2213 39
2352 2213 26
2352 2213 40
2352 2213 10
2352 2211 34
2352 2211 30
2352 2211 33
2352 2211 4
2352 973 17
2352 973 45
2352 973 22
2352 973 34
2352 994 55
2352 994 8
2352 994 3
2352 994 20
2352 984 45
2352 984 57
2352 984 52
2352 984 22
2352 1126 51
2352 1126 5
2352 1126 11
2352 1126 1
2352 1129 4
2352 1129 18
2352 1129 5
2352 1129 36
2352 1003 2
2352 1003 54
2352 1003 3
2352 1003 14
2352 1122 31
2352 1122 23
2352 1122 6
2352 1122 25
2352 1004 2
2352 1004 13
2352 1004 1
2352 1004 21
2352 2243 33
2352 2243 47
2352 2243 51
2352 2243 12
2342 971 46
2342 971 46
2342 971 28
2342 971 12
2342 970 43
2342 970 27
2342 970 60
2342 970 12
2342 980 29
2342 980 26
2342 980 44
2342 980 36
2342 997 3
2342 997 38
2342 997 43
2342 997 10
2342 975 53
2342 975 25
2342 975 15
2342 975 34
2342 981 34
2342 981 2
2342 981 52
2342 981 38
2342 995 4
2342 995 3
2342 995 39
2342 995 12
2342 996 5
2342 996 17
2342 996 10
2342 996 50
2342 998 11
2342 998 47
2342 998 3
2342 998 52
2342 999 16
2342 999 24
2342 999 38
2342 999 44
2342 974 33
2342 974 1
2342 974 1
2342 974 32
2342 2210 35
2342 2210 29
2342 2210 9
2342 2210 49
2342 2212 45
2342 2212 51
2342 2212 47
2342 2212 30
2342 982 60
2342 982 41
2342 982 35
2342 982 29
2342 983 6
2342 983 41
2342 983 2
2342 983 57
2342 1002 39
2342 1002 52
2342 1002 54
2342 1002 31
2342 1001 26
2342 1001 42
2342 1001 13
2342 1001 59
2342 1000 2
2342 1000 40
2342 1000 28
2342 1000 52
2342 972 3
2342 972 29
2342 972 15
2342 972 24
2342 1005 27
2342 1005 7
2342 1005 24
2342 1005 51
2342 1006 2
2342 1006 40
2342 1006 2
2342 1006 49
2342 2213 33
2342 2213 6
2342 2213 15
2342 2213 11
2342 2211 32
2342 2211 3
2342 2211 1
2342 2211 50
2342 973 9
2342 973 22
2342 973 51
2342 973 5
2342 994 44
2342 994 2
2342 994 17
2342 994 35
2342 984 51
2342 984 37
2342 984 8
2342 984 36
2342 1126 51
2342 1126 13
2342 1126 50
2342 1126 24
2342 1129 33
2342 1129 50
2342 1129 11
2342 1129 29
2342 1003 50
2342 1003 9
2342 1003 15
2342 1003 1
2342 1122 34
2342 1122 4
2342 1122 4
2342 1122 25
2342 1004 33
2342 1004 53
2342 1004 49
2342 1004 13
2342 2243 42
2342 2243 34
2342 2243 51
2342 2243 29
2336 971 13
2336 971 8
2336 971 18
2336 971 22
2336 970 40
2336 970 57
2336 970 43
2336 970 40
2336 980 47
2336 980 9
2336 980 43
2336 980 1
2336 997 43
2336 997 12
2336 997 21
2336 997 27
2336 975 47
2336 975 50
2336 975 3
2336 975 2
2336 981 8
2336 981 20
2336 981 24
2336 981 53
2336 995 45
2336 995 50
2336 995 19
2336 995 44
2336 996 32
2336 996 59
2336 996 1
2336 996 60
2336 998 59
2336 998 52
2336 998 10
2336 998 1
2336 999 14
2336 999 24
2336 999 14
2336 999 27
2336 974 51
2336 974 44
2336 974 25
2336 974 4
2336 2210 51
2336 2210 44
2336 2210 60
2336 2210 25
2336 2212 32
2336 2212 3
2336 2212 17
2336 2212 49
2336 982 49
2336 982 41
2336 982 48
2336 982 57
2336 983 24
2336 983 54
2336 983 48
2336 983 16
2336 1002 4
2336 1002 25
2336 1002 12
2336 1002 37
2336 1001 52
2336 1001 49
2336 1001 27
2336 1001 13
2336 1000 49
2336 1000 17
2336 1000 39
2336 1000 53
2336 972 59
2336 972 47
2336 972 29
2336 972 1
2336 1005 53
2336 1005 48
2336 1005 25
2336 1005 34
2336 1006 40
2336 1006 59
2336 1006 26
2336 1006 34
2336 2213 31
2336 2213 19
2336 2213 50
2336 2213 31
2336 2211 2
2336 2211 15
2336 2211 3
2336 2211 56
2336 973 42
2336 973 49
2336 973 14
2336 973 42
2336 994 27
2336 994 3
2336 994 47
2336 994 43
2336 984 37
2336 984 55
2336 984 26
2336 984 11
2336 1126 23
2336 1126 21
2336 1126 30
2336 1126 20
2336 1129 32
2336 1129 59
2336 1129 52
2336 1129 1
2336 1003 35
2336 1003 44
2336 1003 38
2336 1003 29
2336 1122 13
2336 1122 50
2336 1122 30
2336 1122 10
2336 1004 2
2336 1004 1
2336 1004 1
2336 1004 53
2336 2243 23
2336 2243 12
2336 2243 38
2336 2243 31
2339 971 33
2339 971 41
2339 971 15
2339 971 52
2339 970 45
2339 970 19
2339 970 55
2339 970 20
2339 980 46
2339 980 26
2339 980 28
2339 980 51
2339 997 27
2339 997 8
2339 997 25
2339 997 16
2339 975 50
2339 975 38
2339 975 30
2339 975 31
2339 981 37
2339 981 48
2339 981 5
2339 981 25
2339 995 36
2339 995 54
2339 995 0
2339 995 20
2339 996 10
2339 996 23
2339 996 17
2339 996 57
2339 998 19
2339 998 4
2339 998 6
2339 998 56
2339 999 19
2339 999 21
2339 999 17
2339 999 7
2339 974 10
2339 974 60
2339 974 33
2339 974 24
2339 2210 18
2339 2210 45
2339 2210 15
2339 2210 10
2339 2212 25
2339 2212 44
2339 2212 47
2339 2212 23
2339 982 22
2339 982 26
2339 982 25
2339 982 59
2339 983 32
2339 983 39
2339 983 2
2339 983 10
2339 1002 10
2339 1002 29
2339 1002 9
2339 1002 13
2339 1001 38
2339 1001 19
2339 1001 60
2339 1001 55
2339 1000 41
2339 1000 40
2339 1000 55
2339 1000 10
2339 972 10
2339 972 9
2339 972 5
2339 972 31
2339 1005 10
2339 1005 35
2339 1005 43
2339 1005 20
2339 1006 56
2339 1006 16
2339 1006 33
2339 1006 23
2339 2213 27
2339 2213 58
2339 2213 58
2339 2213 43
2339 2211 43
2339 2211 10
2339 2211 52
2339 2211 25
2339 973 13
2339 973 24
2339 973 36
2339 973 12
2339 994 46
2339 994 0
2339 994 27
2339 994 20
2339 984 15
2339 984 12
2339 984 30
2339 984 6
2339 1126 42
2339 1126 55
2339 1126 43
2339 1126 0
2339 1129 25
2339 1129 47
2339 1129 41
2339 1129 1
2339 1003 47
2339 1003 17
2339 1003 18
2339 1003 2
2339 1122 46
2339 1122 7
2339 1122 44
2339 1122 20
2339 1004 32
2339 1004 6
2339 1004 45
2339 1004 19
2339 2243 19
2339 2243 47
2339 2243 17
2339 2243 2
2345 971 9
2345 971 10
2345 971 33
2345 971 11
2345 970 39
2345 970 14
2345 970 47
2345 970 50
2345 980 9
2345 980 42
2345 980 43
2345 980 41
2345 997 32
2345 997 25
2345 997 59
2345 997 1
2345 975 25
2345 975 55
2345 975 59
2345 975 26
2345 981 8
2345 981 5
2345 981 49
2345 981 3
2345 995 2
2345 995 44
2345 995 30
2345 995 6
2345 996 39
2345 996 15
2345 996 52
2345 996 17
2345 998 40
2345 998 38
2345 998 0
2345 998 14
2345 999 57
2345 999 54
2345 999 38
2345 999 16
2345 974 27
2345 974 27
2345 974 14
2345 974 17
2345 2210 29
2345 2210 32
2345 2210 12
2345 2210 57
2345 2212 57
2345 2212 41
2345 2212 56
2345 2212 55
2345 982 28
2345 982 54
2345 982 47
2345 982 21
2345 983 20
2345 983 45
2345 983 5
2345 983 15
2345 1002 20
2345 1002 36
2345 1002 45
2345 1002 35
2345 1001 42
2345 1001 38
2345 1001 34
2345 1001 50
2345 1000 33
2345 1000 44
2345 1000 1
2345 1000 12
2345 972 57
2345 972 56
2345 972 56
2345 972 40
2345 1005 49
2345 1005 2
2345 1005 50
2345 1005 1
2345 1006 28
2345 1006 6
2345 1006 43
2345 1006 41
2345 2213 49
2345 2213 1
2345 2213 49
2345 2213 48
2345 2211 7
2345 2211 56
2345 2211 12
2345 2211 15
2345 973 58
2345 973 8
2345 973 6
2345 973 11
2345 994 38
2345 994 6
2345 994 3
2345 994 58
2345 984 34
2345 984 5
2345 984 48
2345 984 49
2345 1126 46
2345 1126 3
2345 1126 54
2345 1126 38
2345 1129 26
2345 1129 27
2345 1129 50
2345 1129 22
2345 1003 56
2345 1003 45
2345 1003 11
2345 1003 58
2345 1122 44
2345 1122 43
2345 1122 50
2345 1122 48
2345 1004 5
2345 1004 47
2345 1004 32
2345 1004 1
2345 2243 26
2345 2243 27
2345 2243 32
2345 2243 29
2349 971 9
2349 971 27
2349 971 54
2349 971 15
2349 970 25
2349 970 25
2349 970 32
2349 970 23
2349 980 36
2349 980 6
2349 980 34
2349 980 42
2349 997 13
2349 997 25
2349 997 26
2349 997 23
2349 975 36
2349 975 43
2349 975 60
2349 975 21
2349 981 55
2349 981 45
2349 981 43
2349 981 10
2349 995 44
2349 995 6
2349 995 50
2349 995 1
2349 996 19
2349 996 0
2349 996 39
2349 996 51
2349 998 17
2349 998 42
2349 998 5
2349 998 16
2349 999 24
2349 999 18
2349 999 3
2349 999 46
2349 974 17
2349 974 30
2349 974 8
2349 974 7
2349 2210 44
2349 2210 59
2349 2210 58
2349 2210 59
2349 2212 12
2349 2212 10
2349 2212 51
2349 2212 19
2349 982 41
2349 982 34
2349 982 14
2349 982 40
2349 983 28
2349 983 58
2349 983 29
2349 983 46
2349 1002 31
2349 1002 57
2349 1002 31
2349 1002 12
2349 1001 29
2349 1001 33
2349 1001 33
2349 1001 49
2349 1000 15
2349 1000 34
2349 1000 30
2349 1000 0
2349 972 53
2349 972 27
2349 972 37
2349 972 13
2349 1005 55
2349 1005 0
2349 1005 51
2349 1005 6
2349 1006 22
2349 1006 40
2349 1006 5
2349 1006 60
2349 2213 33
2349 2213 51
2349 2213 13
2349 2213 53
2349 2211 40
2349 2211 21
2349 2211 59
2349 2211 55
2349 973 14
2349 973 52
2349 973 44
2349 973 56
2349 994 53
2349 994 55
2349 994 43
2349 994 48
2349 984 52
2349 984 57
2349 984 11
2349 984 39
2349 1126 24
2349 1126 34
2349 1126 29
2349 1126 24
2349 1129 51
2349 1129 41
2349 1129 52
2349 1129 26
2349 1003 10
2349 1003 30
2349 1003 37
2349 1003 11
2349 1122 5
2349 1122 7
2349 1122 53
2349 1122 42
2349 1004 25
2349 1004 57
2349 1004 9
2349 1004 8
2349 2243 47
2349 2243 9
2349 2243 34
2349 2243 60
2372 971 28
2372 971 30
2372 971 52
2372 971 9
2372 970 27
2372 970 18
2372 970 56
2372 970 52
2372 980 9
2372 980 36
2372 980 35
2372 980 43
2372 997 53
2372 997 58
2372 997 50
2372 997 59
2372 975 8
2372 975 60
2372 975 8
2372 975 16
2372 981 15
2372 981 31
2372 981 4
2372 981 8
2372 995 36
2372 995 56
2372 995 18
2372 995 8
2372 996 18
2372 996 2
2372 996 35
2372 996 27
2372 998 2
2372 998 28
2372 998 19
2372 998 18
2372 999 33
2372 999 19
2372 999 1
2372 999 19
2372 974 18
2372 974 32
2372 974 12
2372 974 17
2372 2210 30
2372 2210 48
2372 2210 19
2372 2210 59
2372 2212 35
2372 2212 38
2372 2212 59
2372 2212 59
2372 982 43
2372 982 14
2372 982 0
2372 982 7
2372 983 26
2372 983 18
2372 983 38
2372 983 35
2372 1002 53
2372 1002 2
2372 1002 45
2372 1002 3
2372 1001 32
2372 1001 20
2372 1001 10
2372 1001 36
2372 1000 27
2372 1000 31
2372 1000 60
2372 1000 59
2372 972 45
2372 972 44
2372 972 51
2372 972 29
2372 1005 5
2372 1005 37
2372 1005 7
2372 1005 51
2372 1006 57
2372 1006 57
2372 1006 21
2372 1006 14
2372 2213 48
2372 2213 24
2372 2213 44
2372 2213 13
2372 2211 20
2372 2211 22
2372 2211 50
2372 2211 29
2372 973 1
2372 973 51
2372 973 11
2372 973 20
2372 994 41
2372 994 14
2372 994 28
2372 994 36
2372 984 1
2372 984 59
2372 984 59
2372 984 31
2372 1126 29
2372 1126 55
2372 1126 39
2372 1126 1
2372 1129 52
2372 1129 33
2372 1129 32
2372 1129 7
2372 1003 2
2372 1003 11
2372 1003 42
2372 1003 49
2372 1122 45
2372 1122 40
2372 1122 3
2372 1122 0
2372 1004 3
2372 1004 2
2372 1004 5
2372 1004 38
2372 2243 34
2372 2243 25
2372 2243 58
2372 2243 47
2373 971 7
2373 971 3
2373 971 35
2373 971 21
2373 970 49
2373 970 43
2373 970 19
2373 970 28
2373 980 35
2373 980 19
2373 980 54
2373 980 17
2373 997 47
2373 997 32
2373 997 44
2373 997 57
2373 975 3
2373 975 16
2373 975 25
2373 975 29
2373 981 26
2373 981 9
2373 981 36
2373 981 25
2373 995 41
2373 995 40
2373 995 44
2373 995 56
2373 996 48
2373 996 46
2373 996 29
2373 996 9
2373 998 49
2373 998 52
2373 998 23
2373 998 4
2373 999 51
2373 999 50
2373 999 17
2373 999 24
2373 974 25
2373 974 21
2373 974 3
2373 974 14
2373 2210 17
2373 2210 16
2373 2210 9
2373 2210 41
2373 2212 30
2373 2212 53
2373 2212 9
2373 2212 7
2373 982 35
2373 982 37
2373 982 40
2373 982 17
2373 983 50
2373 983 25
2373 983 33
2373 983 36
2373 1002 30
2373 1002 42
2373 1002 35
2373 1002 30
2373 1001 42
2373 1001 11
2373 1001 8
2373 1001 60
2373 1000 19
2373 1000 60
2373 1000 39
2373 1000 23
2373 972 33
2373 972 55
2373 972 51
2373 972 28
2373 1005 55
2373 1005 14
2373 1005 23
2373 1005 21
2373 1006 22
2373 1006 38
2373 1006 34
2373 1006 43
2373 2213 54
2373 2213 19
2373 2213 17
2373 2213 4
2373 2211 53
2373 2211 60
2373 2211 26
2373 2211 31
2373 973 39
2373 973 53
2373 973 32
2373 973 2
2373 994 27
2373 994 3
2373 994 26
2373 994 53
2373 984 16
2373 984 37
2373 984 46
2373 984 59
2373 1126 6
2373 1126 4
2373 1126 50
2373 1126 22
2373 1129 10
2373 1129 46
2373 1129 26
2373 1129 31
2373 1003 35
2373 1003 2
2373 1003 51
2373 1003 44
2373 1122 19
2373 1122 38
2373 1122 0
2373 1122 50
2373 1004 54
2373 1004 20
2373 1004 42
2373 1004 20
2373 2243 20
2373 2243 45
2373 2243 24
2373 2243 48
2343 971 30
2343 971 56
2343 971 37
2343 971 13
2343 970 33
2343 970 32
2343 970 50
2343 970 56
2343 980 14
2343 980 43
2343 980 58
2343 980 33
2343 997 45
2343 997 51
2343 997 35
2343 997 27
2343 975 9
2343 975 23
2343 975 11
2343 975 7
2343 981 14
2343 981 12
2343 981 10
2343 981 58
2343 995 4
2343 995 33
2343 995 18
2343 995 39
2343 996 11
2343 996 28
2343 996 18
2343 996 18
2343 998 39
2343 998 38
2343 998 43
2343 998 37
2343 999 57
2343 999 12
2343 999 2
2343 999 25
2343 974 11
2343 974 9
2343 974 28
2343 974 36
2343 2210 32
2343 2210 49
2343 2210 37
2343 2210 40
2343 2212 42
2343 2212 37
2343 2212 46
2343 2212 48
2343 982 51
2343 982 23
2343 982 3
2343 982 11
2343 983 58
2343 983 45
2343 983 51
2343 983 14
2343 1002 31
2343 1002 7
2343 1002 29
2343 1002 13
2343 1001 20
2343 1001 27
2343 1001 49
2343 1001 19
2343 1000 8
2343 1000 21
2343 1000 51
2343 1000 36
2343 972 34
2343 972 15
2343 972 24
2343 972 44
2343 1005 48
2343 1005 53
2343 1005 49
2343 1005 57
2343 1006 15
2343 1006 9
2343 1006 40
2343 1006 59
2343 2213 26
2343 2213 26
2343 2213 34
2343 2213 2
2343 2211 36
2343 2211 43
2343 2211 25
2343 2211 17
2343 973 52
2343 973 31
2343 973 45
2343 973 5
2343 994 54
2343 994 4
2343 994 25
2343 994 27
2343 984 41
2343 984 18
2343 984 35
2343 984 43
2343 1126 10
2343 1126 29
2343 1126 43
2343 1126 33
2343 1129 35
2343 1129 39
2343 1129 46
2343 1129 59
2343 1003 6
2343 1003 32
2343 1003 40
2343 1003 48
2343 1122 45
2343 1122 18
2343 1122 56
2343 1122 55
2343 1004 51
2343 1004 41
2343 1004 8
2343 1004 51
2343 2243 46
2343 2243 44
2343 2243 60
2343 2243 56
2353 971 31
2353 971 58
2353 971 50
2353 971 42
2353 970 39
2353 970 37
2353 970 16
2353 970 19
2353 980 3
2353 980 60
2353 980 39
2353 980 46
2353 997 5
2353 997 24
2353 997 44
2353 997 13
2353 975 20
2353 975 40
2353 975 21
2353 975 33
2353 981 27
2353 981 25
2353 981 14
2353 981 41
2353 995 55
2353 995 38
2353 995 20
2353 995 58
2353 996 13
2353 996 0
2353 996 39
2353 996 13
2353 998 23
2353 998 50
2353 998 5
2353 998 10
2353 999 34
2353 999 34
2353 999 19
2353 999 49
2353 974 24
2353 974 7
2353 974 53
2353 974 21
2353 2210 46
2353 2210 17
2353 2210 16
2353 2210 23
2353 2212 56
2353 2212 12
2353 2212 15
2353 2212 15
2353 982 7
2353 982 1
2353 982 42
2353 982 17
2353 983 44
2353 983 27
2353 983 57
2353 983 54
2353 1002 10
2353 1002 35
2353 1002 32
2353 1002 38
2353 1001 37
2353 1001 49
2353 1001 49
2353 1001 19
2353 1000 28
2353 1000 53
2353 1000 33
2353 1000 44
2353 972 20
2353 972 9
2353 972 60
2353 972 36
2353 1005 44
2353 1005 54
2353 1005 12
2353 1005 52
2353 1006 29
2353 1006 60
2353 1006 34
2353 1006 17
2353 2213 12
2353 2213 13
2353 2213 14
2353 2213 31
2353 2211 27
2353 2211 2
2353 2211 8
2353 2211 42
2353 973 39
2353 973 59
2353 973 6
2353 973 5
2353 994 30
2353 994 47
2353 994 37
2353 994 8
2353 984 10
2353 984 2
2353 984 38
2353 984 43
2353 1126 5
2353 1126 26
2353 1126 7
2353 1126 32
2353 1129 3
2353 1129 11
2353 1129 44
2353 1129 32
2353 1003 42
2353 1003 18
2353 1003 1
2353 1003 21
2353 1122 60
2353 1122 29
2353 1122 51
2353 1122 58
2353 1004 46
2353 1004 26
2353 1004 25
2353 1004 16
2353 2243 1
2353 2243 57
2353 2243 24
2353 2243 50
2334 971 31
2334 971 19
2334 971 45
2334 971 37
2334 970 33
2334 970 53
2334 970 39
2334 970 40
2334 980 55
2334 980 37
2334 980 43
2334 980 57
2334 997 47
2334 997 57
2334 997 23
2334 997 20
2334 975 27
2334 975 57
2334 975 19
2334 975 37
2334 981 8
2334 981 15
2334 981 56
2334 981 35
2334 995 19
2334 995 20
2334 995 2
2334 995 33
2334 996 59
2334 996 5
2334 996 32
2334 996 41
2334 998 9
2334 998 43
2334 998 53
2334 998 14
2334 999 45
2334 999 19
2334 999 16
2334 999 47
2334 974 36
2334 974 1
2334 974 15
2334 974 60
2334 2210 20
2334 2210 25
2334 2210 9
2334 2210 11
2334 2212 24
2334 2212 27
2334 2212 42
2334 2212 49
2334 982 31
2334 982 54
2334 982 24
2334 982 54
2334 983 17
2334 983 5
2334 983 45
2334 983 11
2334 1002 30
2334 1002 29
2334 1002 34
2334 1002 13
2334 1001 33
2334 1001 36
2334 1001 59
2334 1001 29
2334 1000 9
2334 1000 49
2334 1000 42
2334 1000 26
2334 972 10
2334 972 22
2334 972 51
2334 972 57
2334 1005 36
2334 1005 53
2334 1005 16
2334 1005 29
2334 1006 18
2334 1006 51
2334 1006 5
2334 1006 57
2334 2213 16
2334 2213 16
2334 2213 13
2334 2213 54
2334 2211 34
2334 2211 57
2334 2211 15
2334 2211 19
2334 973 1
2334 973 45
2334 973 11
2334 973 2
2334 994 48
2334 994 10
2334 994 15
2334 994 55
2334 984 51
2334 984 53
2334 984 30
2334 984 43
2334 1126 52
2334 1126 36
2334 1126 25
2334 1126 47
2334 1129 3
2334 1129 58
2334 1129 19
2334 1129 10
2334 1003 34
2334 1003 39
2334 1003 19
2334 1003 39
2334 1122 41
2334 1122 30
2334 1122 33
2334 1122 36
2334 1004 22
2334 1004 43
2334 1004 24
2334 1004 55
2334 2243 52
2334 2243 15
2334 2243 26
2334 2243 43
1057 971 56
1057 971 51
1057 971 20
1057 971 17
1057 970 47
1057 970 58
1057 970 32
1057 970 36
1057 980 1
1057 980 34
1057 980 21
1057 980 53
1057 997 59
1057 997 8
1057 997 47
1057 997 40
1057 975 30
1057 975 13
1057 975 41
1057 975 16
1057 981 48
1057 981 39
1057 981 32
1057 981 26
1057 995 11
1057 995 35
1057 995 9
1057 995 51
1057 996 52
1057 996 38
1057 996 0
1057 996 56
1057 998 53
1057 998 26
1057 998 16
1057 998 42
1057 999 48
1057 999 58
1057 999 24
1057 999 23
1057 974 54
1057 974 59
1057 974 51
1057 974 11
1057 2210 51
1057 2210 32
1057 2210 16
1057 2210 36
1057 2212 27
1057 2212 35
1057 2212 24
1057 2212 53
1057 982 20
1057 982 6
1057 982 36
1057 982 57
1057 983 38
1057 983 26
1057 983 55
1057 983 41
1057 1002 55
1057 1002 17
1057 1002 45
1057 1002 33
1057 1001 48
1057 1001 60
1057 1001 42
1057 1001 34
1057 1000 33
1057 1000 30
1057 1000 43
1057 1000 19
1057 972 52
1057 972 12
1057 972 18
1057 972 43
1057 1005 50
1057 1005 38
1057 1005 47
1057 1005 55
1057 1006 38
1057 1006 5
1057 1006 21
1057 1006 25
1057 2213 20
1057 2213 26
1057 2213 49
1057 2213 0
1057 2211 48
1057 2211 10
1057 2211 57
1057 2211 42
1057 973 36
1057 973 24
1057 973 14
1057 973 1
1057 994 40
1057 994 60
1057 994 29
1057 994 14
1057 984 13
1057 984 58
1057 984 44
1057 984 14
1057 1126 53
1057 1126 30
1057 1126 41
1057 1126 52
1057 1129 29
1057 1129 0
1057 1129 10
1057 1129 29
1057 1003 35
1057 1003 59
1057 1003 17
1057 1003 56
1057 1122 25
1057 1122 26
1057 1122 20
1057 1122 12
1057 1004 4
1057 1004 30
1057 1004 49
1057 1004 6
1057 2243 53
1057 2243 16
1057 2243 12
1057 2243 31
2340 971 3
2340 971 29
2340 971 22
2340 971 53
2340 970 6
2340 970 28
2340 970 42
2340 970 46
2340 980 47
2340 980 29
2340 980 11
2340 980 47
2340 997 57
2340 997 6
2340 997 17
2340 997 2
2340 975 59
2340 975 35
2340 975 6
2340 975 17
2340 981 50
2340 981 60
2340 981 58
2340 981 38
2340 995 20
2340 995 60
2340 995 52
2340 995 29
2340 996 20
2340 996 59
2340 996 58
2340 996 38
2340 998 12
2340 998 42
2340 998 50
2340 998 41
2340 999 42
2340 999 39
2340 999 49
2340 999 7
2340 974 35
2340 974 19
2340 974 6
2340 974 55
2340 2210 34
2340 2210 19
2340 2210 38
2340 2210 39
2340 2212 23
2340 2212 3
2340 2212 49
2340 2212 41
2340 982 33
2340 982 41
2340 982 9
2340 982 19
2340 983 46
2340 983 43
2340 983 54
2340 983 9
2340 1002 59
2340 1002 14
2340 1002 28
2340 1002 33
2340 1001 2
2340 1001 20
2340 1001 38
2340 1001 34
2340 1000 8
2340 1000 26
2340 1000 37
2340 1000 45
2340 972 27
2340 972 51
2340 972 15
2340 972 46
2340 1005 7
2340 1005 57
2340 1005 1
2340 1005 47
2340 1006 31
2340 1006 37
2340 1006 43
2340 1006 54
2340 2213 29
2340 2213 24
2340 2213 47
2340 2213 13
2340 2211 17
2340 2211 49
2340 2211 28
2340 2211 45
2340 973 8
2340 973 37
2340 973 12
2340 973 33
2340 994 2
2340 994 51
2340 994 9
2340 994 5
2340 984 39
2340 984 35
2340 984 45
2340 984 6
2340 1126 55
2340 1126 46
2340 1126 37
2340 1126 44
2340 1129 42
2340 1129 13
2340 1129 23
2340 1129 14
2340 1003 38
2340 1003 7
2340 1003 48
2340 1003 54
2340 1122 51
2340 1122 55
2340 1122 20
2340 1122 41
2340 1004 10
2340 1004 26
2340 1004 54
2340 1004 20
2340 2243 53
2340 2243 58
2340 2243 47
2340 2243 25
2341 971 27
2341 971 18
2341 971 9
2341 971 9
2341 970 41
2341 970 56
2341 970 20
2341 970 49
2341 980 42
2341 980 25
2341 980 50
2341 980 10
2341 997 20
2341 997 18
2341 997 41
2341 997 12
2341 975 3
2341 975 18
2341 975 32
2341 975 19
2341 981 38
2341 981 42
2341 981 41
2341 981 16
2341 995 26
2341 995 10
2341 995 2
2341 995 59
2341 996 12
2341 996 22
2341 996 59
2341 996 45
2341 998 32
2341 998 49
2341 998 1
2341 998 31
2341 999 2
2341 999 19
2341 999 16
2341 999 8
2341 974 41
2341 974 20
2341 974 0
2341 974 30
2341 2210 11
2341 2210 43
2341 2210 47
2341 2210 38
2341 2212 18
2341 2212 26
2341 2212 4
2341 2212 44
2341 982 56
2341 982 14
2341 982 18
2341 982 1
2341 983 35
2341 983 37
2341 983 58
2341 983 13
2341 1002 2
2341 1002 30
2341 1002 31
2341 1002 48
2341 1001 44
2341 1001 36
2341 1001 45
2341 1001 10
2341 1000 42
2341 1000 54
2341 1000 8
2341 1000 32
2341 972 51
2341 972 2
2341 972 9
2341 972 54
2341 1005 43
2341 1005 24
2341 1005 24
2341 1005 42
2341 1006 9
2341 1006 33
2341 1006 35
2341 1006 22
2341 2213 36
2341 2213 50
2341 2213 38
2341 2213 39
2341 2211 54
2341 2211 6
2341 2211 2
2341 2211 25
2341 973 18
2341 973 50
2341 973 54
2341 973 59
2341 994 15
2341 994 21
2341 994 45
2341 994 32
2341 984 27
2341 984 51
2341 984 1
2341 984 30
2341 1126 45
2341 1126 46
2341 1126 40
2341 1126 0
2341 1129 58
2341 1129 44
2341 1129 25
2341 1129 60
2341 1003 38
2341 1003 31
2341 1003 20
2341 1003 47
2341 1122 58
2341 1122 10
2341 1122 52
2341 1122 27
2341 1004 0
2341 1004 28
2341 1004 51
2341 1004 14
2341 2243 52
2341 2243 27
2341 2243 48
2341 2243 6
2346 971 33
2346 971 56
2346 971 48
2346 971 37
2346 970 43
2346 970 26
2346 970 41
2346 970 26
2346 980 29
2346 980 20
2346 980 14
2346 980 2
2346 997 54
2346 997 56
2346 997 40
2346 997 23
2346 975 57
2346 975 15
2346 975 44
2346 975 49
2346 981 59
2346 981 19
2346 981 36
2346 981 11
2346 995 30
2346 995 30
2346 995 36
2346 995 53
2346 996 58
2346 996 35
2346 996 43
2346 996 59
2346 998 20
2346 998 7
2346 998 11
2346 998 13
2346 999 43
2346 999 23
2346 999 41
2346 999 25
2346 974 48
2346 974 12
2346 974 53
2346 974 15
2346 2210 22
2346 2210 15
2346 2210 52
2346 2210 31
2346 2212 44
2346 2212 3
2346 2212 54
2346 2212 46
2346 982 38
2346 982 16
2346 982 27
2346 982 21
2346 983 18
2346 983 13
2346 983 52
2346 983 19
2346 1002 9
2346 1002 29
2346 1002 36
2346 1002 37
2346 1001 0
2346 1001 15
2346 1001 55
2346 1001 25
2346 1000 19
2346 1000 39
2346 1000 2
2346 1000 0
2346 972 54
2346 972 45
2346 972 35
2346 972 44
2346 1005 8
2346 1005 8
2346 1005 11
2346 1005 51
2346 1006 47
2346 1006 50
2346 1006 37
2346 1006 44
2346 2213 29
2346 2213 27
2346 2213 38
2346 2213 15
2346 2211 39
2346 2211 16
2346 2211 35
2346 2211 40
2346 973 43
2346 973 26
2346 973 6
2346 973 32
2346 994 6
2346 994 58
2346 994 10
2346 994 15
2346 984 33
2346 984 12
2346 984 24
2346 984 26
2346 1126 29
2346 1126 45
2346 1126 33
2346 1126 19
2346 1129 24
2346 1129 45
2346 1129 0
2346 1129 29
2346 1003 16
2346 1003 12
2346 1003 2
2346 1003 26
2346 1122 7
2346 1122 20
2346 1122 41
2346 1122 48
2346 1004 12
2346 1004 0
2346 1004 20
2346 1004 10
2346 2243 27
2346 2243 9
2346 2243 23
2346 2243 25
3024 971 38
3024 971 34
3024 971 7
3024 971 41
3024 970 60
3024 970 59
3024 970 2
3024 970 60
3024 980 24
3024 980 18
3024 980 5
3024 980 13
3024 997 45
3024 997 45
3024 997 17
3024 997 55
3024 975 55
3024 975 60
3024 975 52
3024 975 49
3024 981 27
3024 981 15
3024 981 17
3024 981 31
3024 995 51
3024 995 25
3024 995 17
3024 995 60
3024 996 39
3024 996 19
3024 996 36
3024 996 43
3024 998 18
3024 998 11
3024 998 26
3024 998 33
3024 999 0
3024 999 51
3024 999 37
3024 999 4
3024 974 40
3024 974 54
3024 974 0
3024 974 42
3024 2210 49
3024 2210 47
3024 2210 21
3024 2210 42
3024 2212 32
3024 2212 19
3024 2212 44
3024 2212 4
3024 982 13
3024 982 22
3024 982 20
3024 982 53
3024 983 24
3024 983 29
3024 983 10
3024 983 15
3024 1002 8
3024 1002 37
3024 1002 29
3024 1002 15
3024 1001 53
3024 1001 32
3024 1001 29
3024 1001 49
3024 1000 2
3024 1000 11
3024 1000 38
3024 1000 14
3024 972 36
3024 972 32
3024 972 15
3024 972 52
3024 1005 28
3024 1005 1
3024 1005 31
3024 1005 45
3024 1006 17
3024 1006 48
3024 1006 52
3024 1006 27
3024 2213 29
3024 2213 17
3024 2213 21
3024 2213 17
3024 2211 49
3024 2211 32
3024 2211 43
3024 2211 56
3024 973 2
3024 973 51
3024 973 55
3024 973 49
3024 994 31
3024 994 45
3024 994 32
3024 994 24
3024 984 19
3024 984 11
3024 984 46
3024 984 3
3024 1126 10
3024 1126 27
3024 1126 36
3024 1126 51
3024 1129 52
3024 1129 22
3024 1129 52
3024 1129 46
3024 1003 51
3024 1003 48
3024 1003 44
3024 1003 22
3024 1122 17
3024 1122 51
3024 1122 3
3024 1122 17
3024 1004 19
3024 1004 26
3024 1004 39
3024 1004 25
3024 2243 16
3024 2243 27
3024 2243 34
3024 2243 49
3025 971 22
3025 971 42
3025 971 16
3025 971 27
3025 970 13
3025 970 19
3025 970 59
3025 970 43
3025 980 39
3025 980 60
3025 980 30
3025 980 48
3025 997 47
3025 997 49
3025 997 34
3025 997 40
3025 975 39
3025 975 6
3025 975 4
3025 975 12
3025 981 57
3025 981 14
3025 981 7
3025 981 35
3025 995 0
3025 995 47
3025 995 16
3025 995 9
3025 996 21
3025 996 29
3025 996 54
3025 996 16
3025 998 35
3025 998 39
3025 998 56
3025 998 30
3025 999 11
3025 999 30
3025 999 30
3025 999 53
3025 974 31
3025 974 19
3025 974 12
3025 974 39
3025 2210 55
3025 2210 60
3025 2210 1
3025 2210 29
3025 2212 8
3025 2212 57
3025 2212 22
3025 2212 55
3025 982 43
3025 982 58
3025 982 42
3025 982 48
3025 983 37
3025 983 41
3025 983 1
3025 983 59
3025 1002 4
3025 1002 28
3025 1002 16
3025 1002 29
3025 1001 56
3025 1001 11
3025 1001 30
3025 1001 14
3025 1000 59
3025 1000 20
3025 1000 44
3025 1000 47
3025 972 11
3025 972 20
3025 972 41
3025 972 58
3025 1005 52
3025 1005 41
3025 1005 40
3025 1005 5
3025 1006 27
3025 1006 15
3025 1006 4
3025 1006 37
3025 2213 23
3025 2213 5
3025 2213 2
3025 2213 55
3025 2211 38
3025 2211 55
3025 2211 28
3025 2211 24
3025 973 45
3025 973 25
3025 973 35
3025 973 22
3025 994 8
3025 994 7
3025 994 35
3025 994 8
3025 984 32
3025 984 17
3025 984 4
3025 984 34
3025 1126 36
3025 1126 19
3025 1126 18
3025 1126 26
3025 1129 26
3025 1129 4
3025 1129 16
3025 1129 36
3025 1003 47
3025 1003 53
3025 1003 5
3025 1003 23
3025 1122 46
3025 1122 22
3025 1122 32
3025 1122 0
3025 1004 60
3025 1004 45
3025 1004 15
3025 1004 19
3025 2243 37
3025 2243 59
3025 2243 28
3025 2243 35
2366 971 12
2366 971 21
2366 971 11
2366 971 46
2366 970 60
2366 970 28
2366 970 9
2366 970 23
2366 980 26
2366 980 1
2366 980 44
2366 980 6
2366 997 12
2366 997 43
2366 997 2
2366 997 30
2366 975 45
2366 975 44
2366 975 54
2366 975 16
2366 981 38
2366 981 21
2366 981 60
2366 981 25
2366 995 31
2366 995 49
2366 995 56
2366 995 45
2366 996 28
2366 996 23
2366 996 52
2366 996 50
2366 998 39
2366 998 45
2366 998 34
2366 998 14
2366 999 2
2366 999 1
2366 999 58
2366 999 2
2366 974 29
2366 974 53
2366 974 9
2366 974 47
2366 2210 55
2366 2210 2
2366 2210 45
2366 2210 16
2366 2212 15
2366 2212 57
2366 2212 49
2366 2212 0
2366 982 29
2366 982 10
2366 982 59
2366 982 17
2366 983 11
2366 983 12
2366 983 53
2366 983 10
2366 1002 33
2366 1002 0
2366 1002 38
2366 1002 23
2366 1001 49
2366 1001 59
2366 1001 47
2366 1001 36
2366 1000 53
2366 1000 36
2366 1000 30
2366 1000 25
2366 972 16
2366 972 45
2366 972 52
2366 972 25
2366 1005 10
2366 1005 52
2366 1005 2
2366 1005 33
2366 1006 0
2366 1006 39
2366 1006 50
2366 1006 33
2366 2213 48
2366 2213 28
2366 2213 45
2366 2213 25
2366 2211 16
2366 2211 54
2366 2211 30
2366 2211 22
2366 973 15
2366 973 18
2366 973 5
2366 973 10
2366 994 21
2366 994 60
2366 994 55
2366 994 37
2366 984 30
2366 984 1
2366 984 53
2366 984 14
2366 1126 26
2366 1126 60
2366 1126 60
2366 1126 25
2366 1129 10
2366 1129 12
2366 1129 58
2366 1129 30
2366 1003 44
2366 1003 30
2366 1003 12
2366 1003 43
2366 1122 20
2366 1122 60
2366 1122 10
2366 1122 53
2366 1004 24
2366 1004 17
2366 1004 1
2366 1004 1
2366 2243 54
2366 2243 8
2366 2243 2
2366 2243 48
2344 971 30
2344 971 45
2344 971 23
2344 971 55
2344 970 43
2344 970 33
2344 970 45
2344 970 49
2344 980 16
2344 980 35
2344 980 11
2344 980 37
2344 997 39
2344 997 60
2344 997 6
2344 997 43
2344 975 43
2344 975 12
2344 975 22
2344 975 49
2344 981 6
2344 981 32
2344 981 45
2344 981 23
2344 995 22
2344 995 11
2344 995 33
2344 995 8
2344 996 56
2344 996 35
2344 996 34
2344 996 23
2344 998 50
2344 998 43
2344 998 38
2344 998 10
2344 999 59
2344 999 25
2344 999 3
2344 999 32
2344 974 36
2344 974 6
2344 974 58
2344 974 53
2344 2210 3
2344 2210 3
2344 2210 13
2344 2210 43
2344 2212 15
2344 2212 26
2344 2212 13
2344 2212 19
2344 982 0
2344 982 38
2344 982 58
2344 982 39
2344 983 58
2344 983 10
2344 983 13
2344 983 3
2344 1002 60
2344 1002 15
2344 1002 10
2344 1002 1
2344 1001 26
2344 1001 1
2344 1001 50
2344 1001 4
2344 1000 12
2344 1000 8
2344 1000 33
2344 1000 34
2344 972 14
2344 972 44
2344 972 0
2344 972 11
2344 1005 43
2344 1005 17
2344 1005 37
2344 1005 9
2344 1006 10
2344 1006 59
2344 1006 0
2344 1006 12
2344 2213 3
2344 2213 3
2344 2213 31
2344 2213 23
2344 2211 45
2344 2211 59
2344 2211 46
2344 2211 21
2344 973 13
2344 973 15
2344 973 48
2344 973 0
2344 994 9
2344 994 45
2344 994 50
2344 994 32
2344 984 39
2344 984 42
2344 984 41
2344 984 36
2344 1126 18
2344 1126 42
2344 1126 59
2344 1126 43
2344 1129 18
2344 1129 23
2344 1129 40
2344 1129 45
2344 1003 23
2344 1003 5
2344 1003 46
2344 1003 31
2344 1122 59
2344 1122 36
2344 1122 19
2344 1122 14
2344 1004 42
2344 1004 45
2344 1004 4
2344 1004 29
2344 2243 34
2344 2243 54
2344 2243 48
2344 2243 31
2335 971 15
2335 971 24
2335 971 58
2335 971 32
2335 970 41
2335 970 23
2335 970 1
2335 970 5
2335 980 28
2335 980 37
2335 980 27
2335 980 21
2335 997 34
2335 997 3
2335 997 38
2335 997 49
2335 975 38
2335 975 39
2335 975 58
2335 975 23
2335 981 41
2335 981 0
2335 981 19
2335 981 60
2335 995 10
2335 995 41
2335 995 5
2335 995 44
2335 996 12
2335 996 2
2335 996 28
2335 996 52
2335 998 39
2335 998 30
2335 998 37
2335 998 29
2335 999 11
2335 999 34
2335 999 35
2335 999 45
2335 974 9
2335 974 42
2335 974 43
2335 974 0
2335 2210 36
2335 2210 1
2335 2210 28
2335 2210 13
2335 2212 1
2335 2212 31
2335 2212 58
2335 2212 49
2335 982 6
2335 982 45
2335 982 3
2335 982 17
2335 983 47
2335 983 38
2335 983 14
2335 983 32
2335 1002 55
2335 1002 40
2335 1002 57
2335 1002 7
2335 1001 50
2335 1001 26
2335 1001 0
2335 1001 34
2335 1000 51
2335 1000 59
2335 1000 33
2335 1000 17
2335 972 23
2335 972 52
2335 972 59
2335 972 42
2335 1005 49
2335 1005 49
2335 1005 28
2335 1005 5
2335 1006 32
2335 1006 2
2335 1006 12
2335 1006 52
2335 2213 26
2335 2213 0
2335 2213 17
2335 2213 29
2335 2211 13
2335 2211 20
2335 2211 29
2335 2211 53
2335 973 25
2335 973 58
2335 973 5
2335 973 19
2335 994 37
2335 994 30
2335 994 22
2335 994 35
2335 984 31
2335 984 46
2335 984 4
2335 984 30
2335 1126 52
2335 1126 35
2335 1126 37
2335 1126 28
2335 1129 44
2335 1129 7
2335 1129 8
2335 1129 16
2335 1003 46
2335 1003 32
2335 1003 45
2335 1003 50
2335 1122 53
2335 1122 35
2335 1122 15
2335 1122 19
2335 1004 38
2335 1004 39
2335 1004 55
2335 1004 4
2335 2243 8
2335 2243 28
2335 2243 2
2335 2243 60
2338 971 47
2338 971 58
2338 971 19
2338 971 13
2338 970 54
2338 970 27
2338 970 10
2338 970 38
2338 980 8
2338 980 44
2338 980 46
2338 980 42
2338 997 47
2338 997 20
2338 997 54
2338 997 41
2338 975 32
2338 975 19
2338 975 29
2338 975 40
2338 981 9
2338 981 44
2338 981 49
2338 981 11
2338 995 48
2338 995 21
2338 995 29
2338 995 54
2338 996 39
2338 996 5
2338 996 4
2338 996 37
2338 998 44
2338 998 10
2338 998 19
2338 998 23
2338 999 33
2338 999 15
2338 999 17
2338 999 51
2338 974 57
2338 974 54
2338 974 21
2338 974 48
2338 2210 2
2338 2210 25
2338 2210 16
2338 2210 7
2338 2212 19
2338 2212 6
2338 2212 15
2338 2212 55
2338 982 45
2338 982 21
2338 982 15
2338 982 36
2338 983 37
2338 983 26
2338 983 6
2338 983 19
2338 1002 22
2338 1002 7
2338 1002 53
2338 1002 19
2338 1001 50
2338 1001 50
2338 1001 42
2338 1001 50
2338 1000 44
2338 1000 13
2338 1000 46
2338 1000 5
2338 972 2
2338 972 38
2338 972 10
2338 972 30
2338 1005 6
2338 1005 50
2338 1005 41
2338 1005 38
2338 1006 1
2338 1006 27
2338 1006 26
2338 1006 40
2338 2213 12
2338 2213 18
2338 2213 57
2338 2213 51
2338 2211 38
2338 2211 14
2338 2211 12
2338 2211 35
2338 973 0
2338 973 49
2338 973 37
2338 973 7
2338 994 35
2338 994 57
2338 994 45
2338 994 30
2338 984 40
2338 984 6
2338 984 30
2338 984 17
2338 1126 23
2338 1126 23
2338 1126 42
2338 1126 54
2338 1129 46
2338 1129 26
2338 1129 21
2338 1129 12
2338 1003 53
2338 1003 7
2338 1003 58
2338 1003 28
2338 1122 7
2338 1122 10
2338 1122 53
2338 1122 6
2338 1004 57
2338 1004 10
2338 1004 60
2338 1004 39
2338 2243 47
2338 2243 18
2338 2243 6
2338 2243 2
1056 971 4
1056 971 46
1056 971 11
1056 971 13
1056 970 53
1056 970 60
1056 970 48
1056 970 21
1056 980 10
1056 980 29
1056 980 59
1056 980 21
1056 997 44
1056 997 52
1056 997 7
1056 997 28
1056 975 2
1056 975 46
1056 975 51
1056 975 2
1056 981 15
1056 981 11
1056 981 49
1056 981 20
1056 995 21
1056 995 26
1056 995 1
1056 995 36
1056 996 52
1056 996 50
1056 996 48
1056 996 28
1056 998 13
1056 998 13
1056 998 52
1056 998 38
1056 999 11
1056 999 14
1056 999 10
1056 999 4
1056 974 19
1056 974 24
1056 974 12
1056 974 50
1056 2210 15
1056 2210 41
1056 2210 48
1056 2210 18
1056 2212 27
1056 2212 54
1056 2212 51
1056 2212 48
1056 982 30
1056 982 29
1056 982 23
1056 982 50
1056 983 48
1056 983 57
1056 983 37
1056 983 48
1056 1002 2
1056 1002 47
1056 1002 55
1056 1002 6
1056 1001 30
1056 1001 58
1056 1001 26
1056 1001 46
1056 1000 16
1056 1000 40
1056 1000 25
1056 1000 58
1056 972 23
1056 972 25
1056 972 11
1056 972 0
1056 1005 29
1056 1005 21
1056 1005 48
1056 1005 32
1056 1006 16
1056 1006 9
1056 1006 25
1056 1006 51
1056 2213 58
1056 2213 53
1056 2213 50
1056 2213 20
1056 2211 60
1056 2211 7
1056 2211 35
1056 2211 20
1056 973 42
1056 973 52
1056 973 25
1056 973 18
1056 994 28
1056 994 14
1056 994 52
1056 994 53
1056 984 9
1056 984 45
1056 984 39
1056 984 1
1056 1126 0
1056 1126 51
1056 1126 60
1056 1126 49
1056 1129 38
1056 1129 32
1056 1129 36
1056 1129 14
1056 1003 29
1056 1003 55
1056 1003 37
1056 1003 45
1056 1122 17
1056 1122 19
1056 1122 9
1056 1122 18
1056 1004 25
1056 1004 53
1056 1004 1
1056 1004 27
1056 2243 46
1056 2243 30
1056 2243 51
1056 2243 19
1294 971 11
1294 971 6
1294 971 17
1294 971 18
1294 970 58
1294 970 23
1294 970 57
1294 970 16
1294 980 30
1294 980 31
1294 980 11
1294 980 59
1294 997 25
1294 997 36
1294 997 9
1294 997 26
1294 975 27
1294 975 2
1294 975 23
1294 975 32
1294 981 0
1294 981 18
1294 981 6
1294 981 26
1294 995 46
1294 995 20
1294 995 11
1294 995 49
1294 996 19
1294 996 28
1294 996 32
1294 996 41
1294 998 36
1294 998 6
1294 998 32
1294 998 34
1294 999 58
1294 999 41
1294 999 56
1294 999 56
1294 974 48
1294 974 37
1294 974 11
1294 974 8
1294 2210 13
1294 2210 2
1294 2210 30
1294 2210 47
1294 2212 7
1294 2212 45
1294 2212 38
1294 2212 1
1294 982 58
1294 982 41
1294 982 17
1294 982 29
1294 983 4
1294 983 44
1294 983 33
1294 983 46
1294 1002 16
1294 1002 9
1294 1002 4
1294 1002 45
1294 1001 54
1294 1001 3
1294 1001 9
1294 1001 9
1294 1000 21
1294 1000 7
1294 1000 23
1294 1000 24
1294 972 30
1294 972 57
1294 972 15
1294 972 28
1294 1005 29
1294 1005 33
1294 1005 20
1294 1005 47
1294 1006 53
1294 1006 48
1294 1006 57
1294 1006 11
1294 2213 35
1294 2213 16
1294 2213 60
1294 2213 55
1294 2211 56
1294 2211 32
1294 2211 26
1294 2211 24
1294 973 45
1294 973 43
1294 973 31
1294 973 55
1294 994 40
1294 994 40
1294 994 34
1294 994 11
1294 984 38
1294 984 16
1294 984 26
1294 984 54
1294 1126 27
1294 1126 45
1294 1126 17
1294 1126 0
1294 1129 46
1294 1129 21
1294 1129 2
1294 1129 43
1294 1003 33
1294 1003 60
1294 1003 44
1294 1003 26
1294 1122 46
1294 1122 42
1294 1122 2
1294 1122 55
1294 1004 12
1294 1004 5
1294 1004 26
1294 1004 7
1294 2243 43
1294 2243 49
1294 2243 25
1294 2243 33
2514 971 7
2514 971 25
2514 971 20
2514 971 24
2514 970 16
2514 970 22
2514 970 13
2514 970 23
2514 980 13
2514 980 10
2514 980 24
2514 980 29
2514 997 15
2514 997 26
2514 997 37
2514 997 60
2514 975 36
2514 975 24
2514 975 12
2514 975 10
2514 981 39
2514 981 52
2514 981 11
2514 981 33
2514 995 0
2514 995 42
2514 995 46
2514 995 6
2514 996 18
2514 996 49
2514 996 14
2514 996 25
2514 998 17
2514 998 40
2514 998 14
2514 998 11
2514 999 30
2514 999 31
2514 999 9
2514 999 12
2514 974 44
2514 974 55
2514 974 50
2514 974 26
2514 2210 53
2514 2210 38
2514 2210 58
2514 2210 37
2514 2212 6
2514 2212 4
2514 2212 28
2514 2212 57
2514 982 28
2514 982 52
2514 982 3
2514 982 49
2514 983 40
2514 983 0
2514 983 15
2514 983 11
2514 1002 18
2514 1002 54
2514 1002 16
2514 1002 54
2514 1001 37
2514 1001 56
2514 1001 30
2514 1001 3
2514 1000 6
2514 1000 23
2514 1000 43
2514 1000 57
2514 972 54
2514 972 23
2514 972 42
2514 972 9
2514 1005 29
2514 1005 51
2514 1005 43
2514 1005 28
2514 1006 22
2514 1006 57
2514 1006 10
2514 1006 48
2514 2213 9
2514 2213 54
2514 2213 11
2514 2213 45
2514 2211 26
2514 2211 55
2514 2211 48
2514 2211 1
2514 973 32
2514 973 36
2514 973 2
2514 973 54
2514 994 19
2514 994 54
2514 994 3
2514 994 6
2514 984 33
2514 984 18
2514 984 35
2514 984 28
2514 1126 27
2514 1126 17
2514 1126 46
2514 1126 14
2514 1129 0
2514 1129 21
2514 1129 21
2514 1129 35
2514 1003 14
2514 1003 33
2514 1003 29
2514 1003 0
2514 1122 11
2514 1122 29
2514 1122 32
2514 1122 23
2514 1004 28
2514 1004 43
2514 1004 17
2514 1004 4
2514 2243 2
2514 2243 1
2514 2243 26
2514 2243 31
2900 971 21
2900 971 49
2900 971 45
2900 971 35
2900 970 4
2900 970 36
2900 970 60
2900 970 11
2900 980 31
2900 980 30
2900 980 24
2900 980 57
2900 997 55
2900 997 17
2900 997 46
2900 997 48
2900 975 19
2900 975 0
2900 975 10
2900 975 15
2900 981 42
2900 981 15
2900 981 45
2900 981 21
2900 995 39
2900 995 54
2900 995 21
2900 995 20
2900 996 20
2900 996 41
2900 996 45
2900 996 56
2900 998 1
2900 998 47
2900 998 2
2900 998 6
2900 999 47
2900 999 52
2900 999 48
2900 999 59
2900 974 17
2900 974 32
2900 974 26
2900 974 12
2900 2210 41
2900 2210 43
2900 2210 13
2900 2210 18
2900 2212 13
2900 2212 54
2900 2212 35
2900 2212 1
2900 982 48
2900 982 3
2900 982 41
2900 982 44
2900 983 5
2900 983 9
2900 983 46
2900 983 54
2900 1002 14
2900 1002 22
2900 1002 18
2900 1002 54
2900 1001 46
2900 1001 3
2900 1001 38
2900 1001 58
2900 1000 42
2900 1000 19
2900 1000 20
2900 1000 37
2900 972 5
2900 972 38
2900 972 24
2900 972 41
2900 1005 25
2900 1005 17
2900 1005 47
2900 1005 36
2900 1006 54
2900 1006 20
2900 1006 30
2900 1006 27
2900 2213 7
2900 2213 30
2900 2213 49
2900 2213 40
2900 2211 46
2900 2211 17
2900 2211 42
2900 2211 22
2900 973 9
2900 973 27
2900 973 60
2900 973 21
2900 994 26
2900 994 28
2900 994 32
2900 994 45
2900 984 16
2900 984 21
2900 984 51
2900 984 52
2900 1126 55
2900 1126 32
2900 1126 31
2900 1126 22
2900 1129 21
2900 1129 46
2900 1129 40
2900 1129 0
2900 1003 13
2900 1003 15
2900 1003 59
2900 1003 33
2900 1122 54
2900 1122 51
2900 1122 7
2900 1122 41
2900 1004 14
2900 1004 15
2900 1004 22
2900 1004 37
2900 2243 60
2900 2243 30
2900 2243 1
2900 2243 52
3030 971 35
3030 971 0
3030 971 32
3030 971 33
3030 970 0
3030 970 4
3030 970 57
3030 970 57
3030 980 31
3030 980 42
3030 980 51
3030 980 15
3030 997 40
3030 997 28
3030 997 33
3030 997 40
3030 975 10
3030 975 27
3030 975 30
3030 975 22
3030 981 8
3030 981 16
3030 981 57
3030 981 35
3030 995 42
3030 995 40
3030 995 56
3030 995 2
3030 996 8
3030 996 30
3030 996 19
3030 996 57
3030 998 45
3030 998 13
3030 998 30
3030 998 46
3030 999 39
3030 999 13
3030 999 38
3030 999 22
3030 974 54
3030 974 14
3030 974 29
3030 974 53
3030 2210 23
3030 2210 5
3030 2210 8
3030 2210 60
3030 2212 27
3030 2212 26
3030 2212 1
3030 2212 21
3030 982 19
3030 982 20
3030 982 15
3030 982 14
3030 983 11
3030 983 55
3030 983 15
3030 983 17
3030 1002 24
3030 1002 7
3030 1002 50
3030 1002 47
3030 1001 57
3030 1001 7
3030 1001 3
3030 1001 22
3030 1000 38
3030 1000 35
3030 1000 56
3030 1000 43
3030 972 7
3030 972 19
3030 972 47
3030 972 27
3030 1005 47
3030 1005 5
3030 1005 26
3030 1005 58
3030 1006 4
3030 1006 50
3030 1006 17
3030 1006 42
3030 2213 37
3030 2213 38
3030 2213 52
3030 2213 33
3030 2211 57
3030 2211 44
3030 2211 5
3030 2211 5
3030 973 9
3030 973 49
3030 973 51
3030 973 50
3030 994 44
3030 994 51
3030 994 9
3030 994 60
3030 984 4
3030 984 0
3030 984 10
3030 984 47
3030 1126 25
3030 1126 47
3030 1126 36
3030 1126 33
3030 1129 0
3030 1129 6
3030 1129 48
3030 1129 55
3030 1003 16
3030 1003 2
3030 1003 57
3030 1003 2
3030 1122 42
3030 1122 40
3030 1122 51
3030 1122 14
3030 1004 50
3030 1004 53
3030 1004 31
3030 1004 48
3030 2243 37
3030 2243 36
3030 2243 35
3030 2243 36
3026 971 7
3026 971 37
3026 971 7
3026 971 56
3026 970 4
3026 970 22
3026 970 5
3026 970 33
3026 980 57
3026 980 23
3026 980 16
3026 980 45
3026 997 38
3026 997 17
3026 997 45
3026 997 26
3026 975 60
3026 975 36
3026 975 33
3026 975 48
3026 981 48
3026 981 4
3026 981 49
3026 981 40
3026 995 44
3026 995 18
3026 995 47
3026 995 47
3026 996 6
3026 996 2
3026 996 59
3026 996 41
3026 998 18
3026 998 7
3026 998 50
3026 998 15
3026 999 45
3026 999 60
3026 999 8
3026 999 40
3026 974 45
3026 974 23
3026 974 41
3026 974 9
3026 2210 23
3026 2210 5
3026 2210 14
3026 2210 18
3026 2212 6
3026 2212 48
3026 2212 57
3026 2212 7
3026 982 14
3026 982 38
3026 982 12
3026 982 45
3026 983 57
3026 983 31
3026 983 2
3026 983 35
3026 1002 39
3026 1002 57
3026 1002 20
3026 1002 19
3026 1001 7
3026 1001 43
3026 1001 23
3026 1001 29
3026 1000 34
3026 1000 26
3026 1000 17
3026 1000 46
3026 972 59
3026 972 3
3026 972 27
3026 972 44
3026 1005 2
3026 1005 53
3026 1005 60
3026 1005 3
3026 1006 20
3026 1006 12
3026 1006 52
3026 1006 33
3026 2213 37
3026 2213 58
3026 2213 56
3026 2213 50
3026 2211 15
3026 2211 42
3026 2211 36
3026 2211 14
3026 973 18
3026 973 57
3026 973 21
3026 973 0
3026 994 55
3026 994 28
3026 994 2
3026 994 3
3026 984 9
3026 984 1
3026 984 28
3026 984 60
3026 1126 1
3026 1126 2
3026 1126 10
3026 1126 33
3026 1129 4
3026 1129 19
3026 1129 14
3026 1129 41
3026 1003 36
3026 1003 44
3026 1003 11
3026 1003 23
3026 1122 27
3026 1122 23
3026 1122 8
3026 1122 42
3026 1004 2
3026 1004 33
3026 1004 2
3026 1004 48
3026 2243 20
3026 2243 45
3026 2243 54
3026 2243 11
3027 971 48
3027 971 16
3027 971 19
3027 971 2
3027 970 35
3027 970 29
3027 970 8
3027 970 18
3027 980 49
3027 980 31
3027 980 15
3027 980 7
3027 997 60
3027 997 56
3027 997 16
3027 997 58
3027 975 53
3027 975 58
3027 975 12
3027 975 5
3027 981 60
3027 981 14
3027 981 27
3027 981 21
3027 995 18
3027 995 1
3027 995 15
3027 995 49
3027 996 20
3027 996 5
3027 996 31
3027 996 35
3027 998 55
3027 998 40
3027 998 58
3027 998 27
3027 999 45
3027 999 46
3027 999 36
3027 999 21
3027 974 39
3027 974 15
3027 974 7
3027 974 51
3027 2210 55
3027 2210 30
3027 2210 34
3027 2210 30
3027 2212 16
3027 2212 20
3027 2212 57
3027 2212 35
3027 982 44
3027 982 13
3027 982 40
3027 982 2
3027 983 39
3027 983 21
3027 983 28
3027 983 8
3027 1002 21
3027 1002 50
3027 1002 57
3027 1002 12
3027 1001 15
3027 1001 38
3027 1001 56
3027 1001 56
3027 1000 42
3027 1000 57
3027 1000 59
3027 1000 53
3027 972 19
3027 972 58
3027 972 54
3027 972 21
3027 1005 30
3027 1005 32
3027 1005 22
3027 1005 60
3027 1006 58
3027 1006 25
3027 1006 10
3027 1006 0
3027 2213 27
3027 2213 40
3027 2213 10
3027 2213 34
3027 2211 22
3027 2211 39
3027 2211 17
3027 2211 18
3027 973 57
3027 973 7
3027 973 40
3027 973 21
3027 994 7
3027 994 22
3027 994 29
3027 994 7
3027 984 44
3027 984 45
3027 984 31
3027 984 34
3027 1126 3
3027 1126 55
3027 1126 15
3027 1126 50
3027 1129 19
3027 1129 36
3027 1129 2
3027 1129 19
3027 1003 56
3027 1003 15
3027 1003 58
3027 1003 31
3027 1122 30
3027 1122 18
3027 1122 45
3027 1122 21
3027 1004 15
3027 1004 18
3027 1004 4
3027 1004 38
3027 2243 5
3027 2243 12
3027 2243 26
3027 2243 30
2365 971 18
2365 971 60
2365 971 47
2365 971 60
2365 970 23
2365 970 60
2365 970 34
2365 970 52
2365 980 32
2365 980 8
2365 980 0
2365 980 6
2365 997 48
2365 997 7
2365 997 31
2365 997 53
2365 975 47
2365 975 52
2365 975 1
2365 975 45
2365 981 34
2365 981 30
2365 981 35
2365 981 22
2365 995 20
2365 995 11
2365 995 38
2365 995 26
2365 996 37
2365 996 59
2365 996 57
2365 996 40
2365 998 40
2365 998 34
2365 998 18
2365 998 12
2365 999 49
2365 999 39
2365 999 3
2365 999 59
2365 974 12
2365 974 2
2365 974 59
2365 974 49
2365 2210 24
2365 2210 50
2365 2210 47
2365 2210 19
2365 2212 0
2365 2212 43
2365 2212 27
2365 2212 51
2365 982 23
2365 982 10
2365 982 46
2365 982 0
2365 983 6
2365 983 39
2365 983 15
2365 983 41
2365 1002 29
2365 1002 27
2365 1002 25
2365 1002 22
2365 1001 7
2365 1001 9
2365 1001 43
2365 1001 47
2365 1000 48
2365 1000 30
2365 1000 34
2365 1000 26
2365 972 30
2365 972 6
2365 972 7
2365 972 25
2365 1005 48
2365 1005 56
2365 1005 46
2365 1005 0
2365 1006 11
2365 1006 2
2365 1006 48
2365 1006 56
2365 2213 4
2365 2213 57
2365 2213 33
2365 2213 34
2365 2211 47
2365 2211 10
2365 2211 36
2365 2211 29
2365 973 17
2365 973 53
2365 973 0
2365 973 35
2365 994 59
2365 994 6
2365 994 26
2365 994 37
2365 984 35
2365 984 59
2365 984 58
2365 984 13
2365 1126 25
2365 1126 26
2365 1126 37
2365 1126 27
2365 1129 24
2365 1129 1
2365 1129 19
2365 1129 19
2365 1003 6
2365 1003 43
2365 1003 7
2365 1003 28
2365 1122 10
2365 1122 9
2365 1122 20
2365 1122 37
2365 1004 17
2365 1004 37
2365 1004 17
2365 1004 40
2365 2243 34
2365 2243 38
2365 2243 39
2365 2243 44
