3142 8494 17
3142 8493 55
3142 8495 47
3142 8491 26
3142 8514 39
3142 8496 7
3142 8512 31
3142 8492 24
3142 8511 44
3142 8513 31
3142 8497 9
3142 8519 8
3142 8520 9
3142 8510 38
3142 8599 56
3142 8600 10
3142 8498 9
3142 8573 18
3142 8535 42
3142 8518 50
3142 8521 9
3142 8509 40
3142 8601 41
3142 8522 53
3142 8604 9
3142 8569 1
3142 8574 13
3142 8534 6
3142 8500 31
3142 8517 11
3142 8581 28
3142 8584 27
3143 8494 48
3143 8493 20
3143 8495 14
3143 8491 15
3143 8514 33
3143 8496 7
3143 8512 25
3143 8492 49
3143 8511 6
3143 8513 27
3143 8497 4
3143 8519 13
3143 8520 11
3143 8510 26
3143 8599 24
3143 8600 30
3143 8498 30
3143 8573 40
3143 8535 44
3143 8518 8
3143 8521 29
3143 8509 12
3143 8601 45
3143 8522 16
3143 8604 48
3143 8569 50
3143 8574 23
3143 8534 34
3143 8500 56
3143 8517 45
3143 8581 36
3143 8584 34
3146 8494 8
3146 8493 51
3146 8495 59
3146 8491 55
3146 8514 12
3146 8496 0
3146 8512 12
3146 8492 33
3146 8511 30
3146 8513 18
3146 8497 52
3146 8519 42
3146 8520 29
3146 8510 31
3146 8599 37
3146 8600 19
3146 8498 34
3146 8573 18
3146 8535 48
3146 8518 24
3146 8521 42
3146 8509 47
3146 8601 52
3146 8522 34
3146 8604 50
3146 8569 41
3146 8574 37
3146 8534 5
3146 8500 5
3146 8517 2
3146 8581 51
3146 8584 56
3148 8494 49
3148 8493 23
3148 8495 45
3148 8491 26
3148 8514 8
3148 8496 36
3148 8512 21
3148 8492 22
3148 8511 48
3148 8513 0
3148 8497 0
3148 8519 35
3148 8520 16
3148 8510 57
3148 8599 47
3148 8600 32
3148 8498 42
3148 8573 38
3148 8535 51
3148 8518 34
3148 8521 27
3148 8509 39
3148 8601 22
3148 8522 33
3148 8604 33
3148 8569 52
3148 8574 29
3148 8534 5
3148 8500 31
3148 8517 32
3148 8581 18
3148 8584 57
3144 8494 38
3144 8493 53
3144 8495 31
3144 8491 8
3144 8514 53
3144 8496 36
3144 8512 53
3144 8492 59
3144 8511 35
3144 8513 45
3144 8497 39
3144 8519 36
3144 8520 0
3144 8510 25
3144 8599 45
3144 8600 33
3144 8498 48
3144 8573 27
3144 8535 20
3144 8518 0
3144 8521 18
3144 8509 5
3144 8601 13
3144 8522 44
3144 8604 37
3144 8569 38
3144 8574 2
3144 8534 27
3144 8500 30
3144 8517 0
3144 8581 15
3144 8584 26
3135 8494 36
3135 8493 19
3135 8495 17
3135 8491 3
3135 8514 46
3135 8496 19
3135 8512 50
3135 8492 14
3135 8511 7
3135 8513 48
3135 8497 18
3135 8519 36
3135 8520 13
3135 8510 54
3135 8599 58
3135 8600 19
3135 8498 43
3135 8573 24
3135 8535 59
3135 8518 10
3135 8521 17
3135 8509 52
3135 8601 42
3135 8522 27
3135 8604 18
3135 8569 8
3135 8574 9
3135 8534 17
3135 8500 16
3135 8517 24
3135 8581 9
3135 8584 38
3147 8494 43
3147 8493 38
3147 8495 19
3147 8491 7
3147 8514 0
3147 8496 54
3147 8512 50
3147 8492 29
3147 8511 13
3147 8513 42
3147 8497 13
3147 8519 11
3147 8520 38
3147 8510 47
3147 8599 56
3147 8600 4
3147 8498 14
3147 8573 58
3147 8535 16
3147 8518 55
3147 8521 41
3147 8509 32
3147 8601 1
3147 8522 56
3147 8604 52
3147 8569 1
3147 8574 46
3147 8534 59
3147 8500 23
3147 8517 55
3147 8581 2
3147 8584 40
3117 8494 14
3117 8493 45
3117 8495 12
3117 8491 12
3117 8514 59
3117 8496 10
3117 8512 7
3117 8492 16
3117 8511 0
3117 8513 45
3117 8497 60
3117 8519 25
3117 8520 19
3117 8510 2
3117 8599 21
3117 8600 34
3117 8498 21
3117 8573 16
3117 8535 15
3117 8518 58
3117 8521 55
3117 8509 27
3117 8601 47
3117 8522 52
3117 8604 18
3117 8569 59
3117 8574 59
3117 8534 36
3117 8500 55
3117 8517 26
3117 8581 17
3117 8584 29
3149 8494 19
3149 8493 39
3149 8495 43
3149 8491 54
3149 8514 8
3149 8496 1
3149 8512 3
3149 8492 32
3149 8511 55
3149 8513 51
3149 8497 30
3149 8519 25
3149 8520 4
3149 8510 27
3149 8599 14
3149 8600 57
3149 8498 43
3149 8573 16
3149 8535 37
3149 8518 27
3149 8521 32
3149 8509 51
3149 8601 2
3149 8522 18
3149 8604 15
3149 8569 22
3149 8574 38
3149 8534 1
3149 8500 38
3149 8517 18
3149 8581 45
3149 8584 14
3145 8494 36
3145 8493 5
3145 8495 9
3145 8491 51
3145 8514 57
3145 8496 26
3145 8512 11
3145 8492 3
3145 8511 24
3145 8513 22
3145 8497 6
3145 8519 32
3145 8520 13
3145 8510 60
3145 8599 36
3145 8600 59
3145 8498 43
3145 8573 58
3145 8535 55
3145 8518 47
3145 8521 60
3145 8509 47
3145 8601 54
3145 8522 0
3145 8604 59
3145 8569 58
3145 8574 28
3145 8534 50
3145 8500 53
3145 8517 40
3145 8581 57
3145 8584 34
3152 8494 38
3152 8493 20
3152 8495 0
3152 8491 33
3152 8514 42
3152 8496 3
3152 8512 28
3152 8492 1
3152 8511 57
3152 8513 15
3152 8497 19
3152 8519 49
3152 8520 9
3152 8510 29
3152 8599 8
3152 8600 12
3152 8498 31
3152 8573 40
3152 8535 16
3152 8518 10
3152 8521 23
3152 8509 2
3152 8601 37
3152 8522 14
3152 8604 11
3152 8569 9
3152 8574 20
3152 8534 4
3152 8500 20
3152 8517 16
3152 8581 16
3152 8584 25
3132 8494 4
3132 8493 23
3132 8495 49
3132 8491 56
3132 8514 59
3132 8496 34
3132 8512 27
3132 8492 34
3132 8511 51
3132 8513 9
3132 8497 18
3132 8519 26
3132 8520 37
3132 8510 12
3132 8599 40
3132 8600 24
3132 8498 5
3132 8573 25
3132 8535 24
3132 8518 7
3132 8521 0
3132 8509 37
3132 8601 55
3132 8522 54
3132 8604 46
3132 8569 35
3132 8574 18
3132 8534 32
3132 8500 59
3132 8517 27
3132 8581 31
3132 8584 59
3139 8494 54
3139 8493 2
3139 8495 59
3139 8491 28
3139 8514 49
3139 8496 6
3139 8512 29
3139 8492 48
3139 8511 30
3139 8513 11
3139 8497 26
3139 8519 52
3139 8520 11
3139 8510 37
3139 8599 34
3139 8600 3
3139 8498 38
3139 8573 36
3139 8535 31
3139 8518 42
3139 8521 28
3139 8509 41
3139 8601 38
3139 8522 21
3139 8604 47
3139 8569 15
3139 8574 2
3139 8534 34
3139 8500 59
3139 8517 38
3139 8581 51
3139 8584 33
3141 8494 5
3141 8493 25
3141 8495 36
3141 8491 45
3141 8514 17
3141 8496 2
3141 8512 59
3141 8492 25
3141 8511 35
3141 8513 57
3141 8497 37
3141 8519 22
3141 8520 16
3141 8510 3
3141 8599 9
3141 8600 14
3141 8498 36
3141 8573 33
3141 8535 30
3141 8518 28
3141 8521 30
3141 8509 0
3141 8601 1
3141 8522 2
3141 8604 3
3141 8569 48
3141 8574 0
3141 8534 47
3141 8500 4
3141 8517 47
3141 8581 5
3141 8584 6
3115 8494 34
3115 8493 44
3115 8495 57
3115 8491 42
3115 8514 34
3115 8496 58
3115 8512 31
3115 8492 3
3115 8511 54
3115 8513 15
3115 8497 54
3115 8519 22
3115 8520 6
3115 8510 37
3115 8599 38
3115 8600 16
3115 8498 53
3115 8573 1
3115 8535 32
3115 8518 38
3115 8521 18
3115 8509 33
3115 8601 13
3115 8522 16
3115 8604 36
3115 8569 23
3115 8574 50
3115 8534 30
3115 8500 1
3115 8517 35
3115 8581 54
3115 8584 39
3124 8494 40
3124 8493 13
3124 8495 12
3124 8491 38
3124 8514 24
3124 8496 57
3124 8512 37
3124 8492 45
3124 8511 45
3124 8513 41
3124 8497 6
3124 8519 19
3124 8520 1
3124 8510 11
3124 8599 56
3124 8600 53
3124 8498 1
3124 8573 45
3124 8535 34
3124 8518 42
3124 8521 30
3124 8509 27
3124 8601 15
3124 8522 34
3124 8604 37
3124 8569 39
3124 8574 4
3124 8534 46
3124 8500 27
3124 8517 8
3124 8581 40
3124 8584 55
3128 8494 12
3128 8493 38
3128 8495 35
3128 8491 8
3128 8514 15
3128 8496 22
3128 8512 10
3128 8492 59
3128 8511 50
3128 8513 60
3128 8497 30
3128 8519 57
3128 8520 2
3128 8510 42
3128 8599 50
3128 8600 30
3128 8498 60
3128 8573 29
3128 8535 9
3128 8518 59
3128 8521 10
3128 8509 51
3128 8601 57
3128 8522 11
3128 8604 57
3128 8569 56
3128 8574 54
3128 8534 46
3128 8500 58
3128 8517 11
3128 8581 7
3128 8584 7
3151 8494 52
3151 8493 27
3151 8495 32
3151 8491 13
3151 8514 60
3151 8496 23
3151 8512 13
3151 8492 47
3151 8511 9
3151 8513 34
3151 8497 18
3151 8519 23
3151 8520 34
3151 8510 43
3151 8599 56
3151 8600 28
3151 8498 54
3151 8573 49
3151 8535 22
3151 8518 57
3151 8521 56
3151 8509 0
3151 8601 40
3151 8522 34
3151 8604 21
3151 8569 33
3151 8574 32
3151 8534 51
3151 8500 59
3151 8517 45
3151 8581 36
3151 8584 12
3150 8494 52
3150 8493 11
3150 8495 30
3150 8491 23
3150 8514 41
3150 8496 12
3150 8512 16
3150 8492 52
3150 8511 3
3150 8513 50
3150 8497 53
3150 8519 37
3150 8520 54
3150 8510 14
3150 8599 7
3150 8600 32
3150 8498 14
3150 8573 7
3150 8535 30
3150 8518 54
3150 8521 54
3150 8509 53
3150 8601 49
3150 8522 30
3150 8604 28
3150 8569 31
3150 8574 48
3150 8534 37
3150 8500 37
3150 8517 57
3150 8581 40
3150 8584 7
3133 8494 58
3133 8493 29
3133 8495 32
3133 8491 28
3133 8514 42
3133 8496 43
3133 8512 28
3133 8492 53
3133 8511 45
3133 8513 45
3133 8497 21
3133 8519 41
3133 8520 4
3133 8510 55
3133 8599 46
3133 8600 26
3133 8498 20
3133 8573 42
3133 8535 28
3133 8518 43
3133 8521 38
3133 8509 42
3133 8601 60
3133 8522 30
3133 8604 50
3133 8569 0
3133 8574 34
3133 8534 52
3133 8500 38
3133 8517 18
3133 8581 51
3133 8584 48
3136 8494 31
3136 8493 52
3136 8495 20
3136 8491 47
3136 8514 38
3136 8496 3
3136 8512 48
3136 8492 0
3136 8511 22
3136 8513 56
3136 8497 28
3136 8519 7
3136 8520 8
3136 8510 22
3136 8599 25
3136 8600 9
3136 8498 26
3136 8573 53
3136 8535 56
3136 8518 19
3136 8521 32
3136 8509 31
3136 8601 1
3136 8522 35
3136 8604 2
3136 8569 8
3136 8574 58
3136 8534 6
3136 8500 32
3136 8517 34
3136 8581 36
3136 8584 60
3140 8494 12
3140 8493 21
3140 8495 12
3140 8491 49
3140 8514 13
3140 8496 49
3140 8512 9
3140 8492 58
3140 8511 33
3140 8513 40
3140 8497 14
3140 8519 32
3140 8520 21
3140 8510 29
3140 8599 1
3140 8600 30
3140 8498 9
3140 8573 16
3140 8535 57
3140 8518 1
3140 8521 37
3140 8509 3
3140 8601 41
3140 8522 42
3140 8604 2
3140 8569 55
3140 8574 56
3140 8534 30
3140 8500 8
3140 8517 4
3140 8581 47
3140 8584 58
3312 8494 22
3312 8493 48
3312 8495 4
3312 8491 32
3312 8514 24
3312 8496 41
3312 8512 8
3312 8492 13
3312 8511 0
3312 8513 28
3312 8497 31
3312 8519 24
3312 8520 39
3312 8510 60
3312 8599 0
3312 8600 43
3312 8498 4
3312 8573 7
3312 8535 20
3312 8518 43
3312 8521 19
3312 8509 42
3312 8601 2
3312 8522 50
3312 8604 27
3312 8569 52
3312 8574 47
3312 8534 49
3312 8500 43
3312 8517 13
3312 8581 15
3312 8584 38
3319 8494 49
3319 8493 2
3319 8495 4
3319 8491 57
3319 8514 15
3319 8496 0
3319 8512 26
3319 8492 40
3319 8511 22
3319 8513 41
3319 8497 35
3319 8519 51
3319 8520 5
3319 8510 10
3319 8599 39
3319 8600 33
3319 8498 8
3319 8573 59
3319 8535 3
3319 8518 9
3319 8521 39
3319 8509 22
3319 8601 24
3319 8522 42
3319 8604 23
3319 8569 3
3319 8574 25
3319 8534 24
3319 8500 14
3319 8517 41
3319 8581 35
3319 8584 3
3116 8494 18
3116 8493 15
3116 8495 16
3116 8491 52
3116 8514 50
3116 8496 41
3116 8512 43
3116 8492 34
3116 8511 42
3116 8513 47
3116 8497 3
3116 8519 58
3116 8520 37
3116 8510 20
3116 8599 43
3116 8600 52
3116 8498 53
3116 8573 41
3116 8535 24
3116 8518 58
3116 8521 21
3116 8509 8
3116 8601 21
3116 8522 22
3116 8604 30
3116 8569 57
3116 8574 8
3116 8534 35
3116 8500 23
3116 8517 39
3116 8581 47
3116 8584 55
3119 8494 25
3119 8493 2
3119 8495 10
3119 8491 40
3119 8514 28
3119 8496 18
3119 8512 44
3119 8492 42
3119 8511 27
3119 8513 23
3119 8497 50
3119 8519 21
3119 8520 8
3119 8510 59
3119 8599 51
3119 8600 11
3119 8498 46
3119 8573 46
3119 8535 53
3119 8518 47
3119 8521 27
3119 8509 53
3119 8601 0
3119 8522 12
3119 8604 49
3119 8569 1
3119 8574 28
3119 8534 20
3119 8500 16
3119 8517 20
3119 8581 3
3119 8584 31
3121 8494 14
3121 8493 22
3121 8495 53
3121 8491 20
3121 8514 38
3121 8496 39
3121 8512 33
3121 8492 53
3121 8511 25
3121 8513 41
3121 8497 50
3121 8519 56
3121 8520 3
3121 8510 10
3121 8599 4
3121 8600 60
3121 8498 1
3121 8573 51
3121 8535 34
3121 8518 57
3121 8521 53
3121 8509 4
3121 8601 5
3121 8522 23
3121 8604 53
3121 8569 57
3121 8574 21
3121 8534 3
3121 8500 46
3121 8517 30
3121 8581 36
3121 8584 55
3125 8494 47
3125 8493 52
3125 8495 9
3125 8491 8
3125 8514 5
3125 8496 24
3125 8512 11
3125 8492 47
3125 8511 9
3125 8513 47
3125 8497 12
3125 8519 58
3125 8520 25
3125 8510 31
3125 8599 10
3125 8600 33
3125 8498 6
3125 8573 44
3125 8535 20
3125 8518 40
3125 8521 6
3125 8509 46
3125 8601 59
3125 8522 18
3125 8604 5
3125 8569 43
3125 8574 37
3125 8534 4
3125 8500 59
3125 8517 20
3125 8581 30
3125 8584 42
3129 8494 56
3129 8493 59
3129 8495 49
3129 8491 9
3129 8514 47
3129 8496 21
3129 8512 13
3129 8492 4
3129 8511 20
3129 8513 19
3129 8497 18
3129 8519 13
3129 8520 53
3129 8510 37
3129 8599 38
3129 8600 50
3129 8498 2
3129 8573 29
3129 8535 58
3129 8518 51
3129 8521 50
3129 8509 48
3129 8601 15
3129 8522 43
3129 8604 16
3129 8569 16
3129 8574 27
3129 8534 16
3129 8500 18
3129 8517 6
3129 8581 19
3129 8584 1
3153 8494 31
3153 8493 25
3153 8495 3
3153 8491 59
3153 8514 46
3153 8496 29
3153 8512 12
3153 8492 22
3153 8511 19
3153 8513 24
3153 8497 35
3153 8519 49
3153 8520 27
3153 8510 0
3153 8599 49
3153 8600 57
3153 8498 0
3153 8573 17
3153 8535 18
3153 8518 45
3153 8521 12
3153 8509 2
3153 8601 38
3153 8522 16
3153 8604 9
3153 8569 18
3153 8574 32
3153 8534 28
3153 8500 21
3153 8517 47
3153 8581 52
3153 8584 46
3154 8494 2
3154 8493 5
3154 8495 53
3154 8491 16
3154 8514 43
3154 8496 32
3154 8512 28
3154 8492 50
3154 8511 1
3154 8513 19
3154 8497 36
3154 8519 40
3154 8520 24
3154 8510 12
3154 8599 47
3154 8600 27
3154 8498 5
3154 8573 31
3154 8535 53
3154 8518 20
3154 8521 33
3154 8509 27
3154 8601 4
3154 8522 12
3154 8604 14
3154 8569 26
3154 8574 6
3154 8534 33
3154 8500 40
3154 8517 19
3154 8581 16
3154 8584 0
3134 8494 51
3134 8493 32
3134 8495 28
3134 8491 21
3134 8514 54
3134 8496 56
3134 8512 56
3134 8492 1
3134 8511 28
3134 8513 53
3134 8497 40
3134 8519 45
3134 8520 53
3134 8510 29
3134 8599 59
3134 8600 20
3134 8498 14
3134 8573 54
3134 8535 20
3134 8518 42
3134 8521 5
3134 8509 23
3134 8601 55
3134 8522 44
3134 8604 15
3134 8569 59
3134 8574 44
3134 8534 27
3134 8500 40
3134 8517 7
3134 8581 36
3134 8584 3
