3992 6131 14
3992 6130 29
3992 4127 50
3992 6129 50
3992 6202 19
3992 9748 54
3992 4128 42
3992 6128 42
3992 6179 6
3992 6203 18
3992 6187 38
3992 9763 1
3992 6201 58
3992 4130 39
3992 4135 25
3992 5981 52
3992 6178 60
3992 6185 19
3992 6188 3
3992 9749 59
3992 6189 10
3992 9764 39
3992 6200 12
3992 6176 26
3992 4129 0
3992 4131 58
3992 4148 13
3992 4133 45
3992 4136 2
3992 5236 38
3992 5980 58
3992 6180 44
3991 6131 9
3991 6130 39
3991 4127 40
3991 6129 35
3991 6202 0
3991 9748 32
3991 4128 42
3991 6128 8
3991 6179 59
3991 6203 15
3991 6187 41
3991 9763 25
3991 6201 40
3991 4130 45
3991 4135 40
3991 5981 13
3991 6178 1
3991 6185 39
3991 6188 37
3991 9749 55
3991 6189 6
3991 9764 28
3991 6200 34
3991 6176 18
3991 4129 4
3991 4131 52
3991 4148 18
3991 4133 41
3991 4136 21
3991 5236 31
3991 5980 29
3991 6180 57
3989 6131 39
3989 6130 6
3989 4127 3
3989 6129 9
3989 6202 57
3989 9748 25
3989 4128 37
3989 6128 55
3989 6179 35
3989 6203 26
3989 6187 17
3989 9763 19
3989 6201 2
3989 4130 41
3989 4135 53
3989 5981 26
3989 6178 54
3989 6185 25
3989 6188 12
3989 9749 3
3989 6189 54
3989 9764 11
3989 6200 42
3989 6176 36
3989 4129 44
3989 4131 50
3989 4148 11
3989 4133 3
3989 4136 6
3989 5236 47
3989 5980 50
3989 6180 44
3990 6131 18
3990 6130 16
3990 4127 10
3990 6129 43
3990 6202 37
3990 9748 18
3990 4128 51
3990 6128 33
3990 6179 42
3990 6203 46
3990 6187 27
3990 9763 28
3990 6201 17
3990 4130 52
3990 4135 15
3990 5981 38
3990 6178 48
3990 6185 12
3990 6188 10
3990 9749 20
3990 6189 25
3990 9764 18
3990 6200 27
3990 6176 46
3990 4129 55
3990 4131 20
3990 4148 28
3990 4133 0
3990 4136 57
3990 5236 25
3990 5980 52
3990 6180 28
4034 6131 60
4034 6130 34
4034 4127 15
4034 6129 38
4034 6202 18
4034 9748 13
4034 4128 30
4034 6128 46
4034 6179 43
4034 6203 24
4034 6187 13
4034 9763 60
4034 6201 58
4034 4130 5
4034 4135 56
4034 5981 19
4034 6178 54
4034 6185 16
4034 6188 21
4034 9749 36
4034 6189 23
4034 9764 31
4034 6200 1
4034 6176 42
4034 4129 58
4034 4131 37
4034 4148 19
4034 4133 2
4034 4136 26
4034 5236 22
4034 5980 58
4034 6180 31
3987 6131 34
3987 6130 52
3987 4127 60
3987 6129 14
3987 6202 27
3987 9748 23
3987 4128 35
3987 6128 44
3987 6179 32
3987 6203 18
3987 6187 51
3987 9763 29
3987 6201 23
3987 4130 6
3987 4135 21
3987 5981 53
3987 6178 29
3987 6185 20
3987 6188 10
3987 9749 13
3987 6189 24
3987 9764 10
3987 6200 58
3987 6176 5
3987 4129 37
3987 4131 46
3987 4148 48
3987 4133 28
3987 4136 40
3987 5236 44
3987 5980 6
3987 6180 41
3993 6131 59
3993 6130 2
3993 4127 8
3993 6129 58
3993 6202 52
3993 9748 13
3993 4128 29
3993 6128 42
3993 6179 41
3993 6203 0
3993 6187 10
3993 9763 46
3993 6201 15
3993 4130 44
3993 4135 16
3993 5981 10
3993 6178 25
3993 6185 30
3993 6188 38
3993 9749 42
3993 6189 19
3993 9764 47
3993 6200 24
3993 6176 7
3993 4129 21
3993 4131 15
3993 4148 7
3993 4133 12
3993 4136 50
3993 5236 1
3993 5980 7
3993 6180 27
5225 6131 16
5225 6130 38
5225 4127 50
5225 6129 51
5225 6202 24
5225 9748 0
5225 4128 5
5225 6128 46
5225 6179 39
5225 6203 12
5225 6187 19
5225 9763 56
5225 6201 12
5225 4130 36
5225 4135 13
5225 5981 19
5225 6178 41
5225 6185 5
5225 6188 39
5225 9749 34
5225 6189 8
5225 9764 27
5225 6200 44
5225 6176 5
5225 4129 9
5225 4131 52
5225 4148 50
5225 4133 28
5225 4136 9
5225 5236 5
5225 5980 30
5225 6180 60
3988 6131 19
3988 6130 58
3988 4127 20
3988 6129 17
3988 6202 27
3988 9748 55
3988 4128 27
3988 6128 15
3988 6179 49
3988 6203 13
3988 6187 59
3988 9763 12
3988 6201 33
3988 4130 57
3988 4135 32
3988 5981 37
3988 6178 12
3988 6185 47
3988 6188 51
3988 9749 43
3988 6189 20
3988 9764 17
3988 6200 9
3988 6176 58
3988 4129 43
3988 4131 21
3988 4148 17
3988 4133 48
3988 4136 60
3988 5236 12
3988 5980 22
3988 6180 25
4029 6131 44
4029 6130 36
4029 4127 43
4029 6129 19
4029 6202 11
4029 9748 36
4029 4128 48
4029 6128 2
4029 6179 57
4029 6203 26
4029 6187 45
4029 9763 44
4029 6201 55
4029 4130 35
4029 4135 15
4029 5981 3
4029 6178 45
4029 6185 46
4029 6188 58
4029 9749 43
4029 6189 21
4029 9764 17
4029 6200 36
4029 6176 46
4029 4129 18
4029 4131 23
4029 4148 16
4029 4133 28
4029 4136 45
4029 5236 24
4029 5980 6
4029 6180 30
4030 6131 5
4030 6130 28
4030 4127 56
4030 6129 9
4030 6202 15
4030 9748 35
4030 4128 36
4030 6128 22
4030 6179 24
4030 6203 58
4030 6187 46
4030 9763 32
4030 6201 11
4030 4130 35
4030 4135 23
4030 5981 55
4030 6178 36
4030 6185 14
4030 6188 54
4030 9749 38
4030 6189 5
4030 9764 46
4030 6200 8
4030 6176 29
4030 4129 44
4030 4131 32
4030 4148 38
4030 4133 60
4030 4136 57
4030 5236 53
4030 5980 55
4030 6180 56
4025 6131 36
4025 6130 11
4025 4127 52
4025 6129 17
4025 6202 8
4025 9748 19
4025 4128 18
4025 6128 15
4025 6179 43
4025 6203 54
4025 6187 5
4025 9763 9
4025 6201 19
4025 4130 49
4025 4135 32
4025 5981 19
4025 6178 38
4025 6185 12
4025 6188 23
4025 9749 7
4025 6189 18
4025 9764 56
4025 6200 44
4025 6176 9
4025 4129 45
4025 4131 15
4025 4148 45
4025 4133 58
4025 4136 40
4025 5236 0
4025 5980 53
4025 6180 39
4036 6131 8
4036 6130 53
4036 4127 15
4036 6129 51
4036 6202 36
4036 9748 25
4036 4128 44
4036 6128 27
4036 6179 42
4036 6203 3
4036 6187 14
4036 9763 15
4036 6201 23
4036 4130 41
4036 4135 8
4036 5981 42
4036 6178 44
4036 6185 12
4036 6188 36
4036 9749 45
4036 6189 20
4036 9764 59
4036 6200 51
4036 6176 59
4036 4129 47
4036 4131 3
4036 4148 55
4036 4133 25
4036 4136 1
4036 5236 29
4036 5980 57
4036 6180 53
3984 6131 4
3984 6130 30
3984 4127 0
3984 6129 22
3984 6202 43
3984 9748 26
3984 4128 43
3984 6128 43
3984 6179 51
3984 6203 19
3984 6187 2
3984 9763 29
3984 6201 46
3984 4130 47
3984 4135 4
3984 5981 40
3984 6178 20
3984 6185 56
3984 6188 6
3984 9749 53
3984 6189 57
3984 9764 0
3984 6200 34
3984 6176 56
3984 4129 58
3984 4131 5
3984 4148 45
3984 4133 35
3984 4136 34
3984 5236 29
3984 5980 48
3984 6180 21
3994 6131 35
3994 6130 4
3994 4127 2
3994 6129 14
3994 6202 34
3994 9748 47
3994 4128 20
3994 6128 56
3994 6179 57
3994 6203 12
3994 6187 46
3994 9763 48
3994 6201 3
3994 4130 43
3994 4135 9
3994 5981 26
3994 6178 55
3994 6185 39
3994 6188 12
3994 9749 18
3994 6189 30
3994 9764 7
3994 6200 0
3994 6176 3
3994 4129 48
3994 4131 47
3994 4148 27
3994 4133 41
3994 4136 35
3994 5236 17
3994 5980 51
3994 6180 16
4035 6131 51
4035 6130 50
4035 4127 53
4035 6129 0
4035 6202 29
4035 9748 42
4035 4128 47
4035 6128 25
4035 6179 39
4035 6203 40
4035 6187 31
4035 9763 49
4035 6201 28
4035 4130 54
4035 4135 36
4035 5981 9
4035 6178 22
4035 6185 16
4035 6188 33
4035 9749 50
4035 6189 39
4035 9764 22
4035 6200 11
4035 6176 18
4035 4129 47
4035 4131 10
4035 4148 1
4035 4133 44
4035 4136 51
4035 5236 53
4035 5980 19
4035 6180 19
4022 6131 3
4022 6130 52
4022 4127 13
4022 6129 31
4022 6202 32
4022 9748 2
4022 4128 34
4022 6128 6
4022 6179 36
4022 6203 47
4022 6187 39
4022 9763 47
4022 6201 29
4022 4130 5
4022 4135 38
4022 5981 35
4022 6178 19
4022 6185 33
4022 6188 59
4022 9749 52
4022 6189 2
4022 9764 49
4022 6200 46
4022 6176 7
4022 4129 57
4022 4131 5
4022 4148 52
4022 4133 14
4022 4136 47
4022 5236 16
4022 5980 12
4022 6180 41
4032 6131 8
4032 6130 4
4032 4127 29
4032 6129 28
4032 6202 24
4032 9748 47
4032 4128 36
4032 6128 0
4032 6179 29
4032 6203 57
4032 6187 32
4032 9763 48
4032 6201 39
4032 4130 11
4032 4135 56
4032 5981 14
4032 6178 42
4032 6185 38
4032 6188 27
4032 9749 50
4032 6189 33
4032 9764 59
4032 6200 20
4032 6176 0
4032 4129 12
4032 4131 39
4032 4148 14
4032 4133 39
4032 4136 10
4032 5236 42
4032 5980 5
4032 6180 26
4031 6131 34
4031 6130 21
4031 4127 43
4031 6129 21
4031 6202 10
4031 9748 31
4031 4128 3
4031 6128 37
4031 6179 1
4031 6203 13
4031 6187 29
4031 9763 54
4031 6201 9
4031 4130 33
4031 4135 8
4031 5981 32
4031 6178 53
4031 6185 37
4031 6188 60
4031 9749 27
4031 6189 9
4031 9764 42
4031 6200 52
4031 6176 40
4031 4129 20
4031 4131 43
4031 4148 36
4031 4133 38
4031 4136 55
4031 5236 43
4031 5980 39
4031 6180 18
4028 6131 12
4028 6130 21
4028 4127 15
4028 6129 8
4028 6202 13
4028 9748 38
4028 4128 26
4028 6128 18
4028 6179 44
4028 6203 3
4028 6187 14
4028 9763 30
4028 6201 48
4028 4130 34
4028 4135 57
4028 5981 54
4028 6178 11
4028 6185 8
4028 6188 3
4028 9749 12
4028 6189 45
4028 9764 33
4028 6200 51
4028 6176 58
4028 4129 18
4028 4131 19
4028 4148 8
4028 4133 58
4028 4136 43
4028 5236 12
4028 5980 3
4028 6180 32
4038 6131 7
4038 6130 27
4038 4127 0
4038 6129 50
4038 6202 60
4038 9748 43
4038 4128 1
4038 6128 35
4038 6179 59
4038 6203 39
4038 6187 49
4038 9763 14
4038 6201 4
4038 4130 39
4038 4135 19
4038 5981 42
4038 6178 58
4038 6185 46
4038 6188 48
4038 9749 12
4038 6189 45
4038 9764 24
4038 6200 2
4038 6176 50
4038 4129 33
4038 4131 16
4038 4148 22
4038 4133 2
4038 4136 52
4038 5236 34
4038 5980 33
4038 6180 48
4023 6131 49
4023 6130 47
4023 4127 7
4023 6129 21
4023 6202 5
4023 9748 49
4023 4128 35
4023 6128 22
4023 6179 50
4023 6203 30
4023 6187 11
4023 9763 7
4023 6201 34
4023 4130 27
4023 4135 53
4023 5981 8
4023 6178 17
4023 6185 32
4023 6188 14
4023 9749 34
4023 6189 34
4023 9764 32
4023 6200 7
4023 6176 15
4023 4129 51
4023 4131 21
4023 4148 19
4023 4133 13
4023 4136 21
4023 5236 1
4023 5980 51
4023 6180 47
4021 6131 35
4021 6130 3
4021 4127 33
4021 6129 31
4021 6202 16
4021 9748 50
4021 4128 52
4021 6128 60
4021 6179 22
4021 6203 9
4021 6187 6
4021 9763 3
4021 6201 27
4021 4130 39
4021 4135 20
4021 5981 17
4021 6178 37
4021 6185 9
4021 6188 25
4021 9749 22
4021 6189 1
4021 9764 26
4021 6200 41
4021 6176 56
4021 4129 8
4021 4131 33
4021 4148 10
4021 4133 29
4021 4136 53
4021 5236 42
4021 5980 33
4021 6180 18
4936 6131 35
4936 6130 49
4936 4127 53
4936 6129 23
4936 6202 10
4936 9748 7
4936 4128 31
4936 6128 28
4936 6179 58
4936 6203 9
4936 6187 38
4936 9763 28
4936 6201 20
4936 4130 52
4936 4135 45
4936 5981 60
4936 6178 26
4936 6185 32
4936 6188 37
4936 9749 15
4936 6189 57
4936 9764 14
4936 6200 27
4936 6176 46
4936 4129 17
4936 4131 22
4936 4148 43
4936 4133 59
4936 4136 19
4936 5236 16
4936 5980 21
4936 6180 18
3983 6131 59
3983 6130 55
3983 4127 25
3983 6129 35
3983 6202 44
3983 9748 14
3983 4128 14
3983 6128 29
3983 6179 60
3983 6203 28
3983 6187 10
3983 9763 31
3983 6201 5
3983 4130 52
3983 4135 58
3983 5981 36
3983 6178 27
3983 6185 14
3983 6188 33
3983 9749 60
3983 6189 37
3983 9764 20
3983 6200 49
3983 6176 58
3983 4129 60
3983 4131 53
3983 4148 50
3983 4133 50
3983 4136 59
3983 5236 2
3983 5980 60
3983 6180 11
4037 6131 26
4037 6130 0
4037 4127 21
4037 6129 59
4037 6202 48
4037 9748 7
4037 4128 30
4037 6128 44
4037 6179 31
4037 6203 18
4037 6187 40
4037 9763 30
4037 6201 15
4037 4130 11
4037 4135 57
4037 5981 42
4037 6178 42
4037 6185 2
4037 6188 25
4037 9749 53
4037 6189 17
4037 9764 53
4037 6200 31
4037 6176 21
4037 4129 55
4037 4131 38
4037 4148 6
4037 4133 29
4037 4136 57
4037 5236 57
4037 5980 10
4037 6180 22
4033 6131 44
4033 6130 32
4033 4127 59
4033 6129 26
4033 6202 35
4033 9748 46
4033 4128 60
4033 6128 37
4033 6179 18
4033 6203 48
4033 6187 3
4033 9763 26
4033 6201 21
4033 4130 32
4033 4135 39
4033 5981 3
4033 6178 24
4033 6185 47
4033 6188 26
4033 9749 15
4033 6189 23
4033 9764 55
4033 6200 26
4033 6176 14
4033 4129 44
4033 4131 7
4033 4148 39
4033 4133 19
4033 4136 12
4033 5236 24
4033 5980 3
4033 6180 31
4024 6131 38
4024 6130 20
4024 4127 19
4024 6129 21
4024 6202 25
4024 9748 35
4024 4128 42
4024 6128 44
4024 6179 18
4024 6203 11
4024 6187 25
4024 9763 29
4024 6201 57
4024 4130 41
4024 4135 31
4024 5981 11
4024 6178 1
4024 6185 42
4024 6188 33
4024 9749 1
4024 6189 27
4024 9764 56
4024 6200 59
4024 6176 52
4024 4129 55
4024 4131 36
4024 4148 32
4024 4133 38
4024 4136 8
4024 5236 58
4024 5980 36
4024 6180 4
4039 6131 20
4039 6130 23
4039 4127 27
4039 6129 29
4039 6202 30
4039 9748 17
4039 4128 22
4039 6128 38
4039 6179 37
4039 6203 51
4039 6187 39
4039 9763 37
4039 6201 21
4039 4130 53
4039 4135 44
4039 5981 41
4039 6178 2
4039 6185 58
4039 6188 19
4039 9749 47
4039 6189 12
4039 9764 22
4039 6200 16
4039 6176 1
4039 4129 1
4039 4131 31
4039 4148 17
4039 4133 24
4039 4136 41
4039 5236 9
4039 5980 1
4039 6180 19
4015 6131 16
4015 6130 50
4015 4127 3
4015 6129 26
4015 6202 28
4015 9748 43
4015 4128 20
4015 6128 52
4015 6179 37
4015 6203 54
4015 6187 23
4015 9763 28
4015 6201 36
4015 4130 55
4015 4135 12
4015 5981 35
4015 6178 46
4015 6185 6
4015 6188 59
4015 9749 36
4015 6189 51
4015 9764 9
4015 6200 45
4015 6176 59
4015 4129 40
4015 4131 10
4015 4148 50
4015 4133 11
4015 4136 32
4015 5236 37
4015 5980 36
4015 6180 55
3986 6131 35
3986 6130 58
3986 4127 47
3986 6129 38
3986 6202 14
3986 9748 23
3986 4128 3
3986 6128 0
3986 6179 28
3986 6203 56
3986 6187 28
3986 9763 39
3986 6201 14
3986 4130 19
3986 4135 39
3986 5981 17
3986 6178 42
3986 6185 39
3986 6188 58
3986 9749 9
3986 6189 15
3986 9764 18
3986 6200 59
3986 6176 10
3986 4129 52
3986 4131 38
3986 4148 12
3986 4133 22
3986 4136 11
3986 5236 54
3986 5980 4
3986 6180 21
4937 6131 36
4937 6130 23
4937 4127 14
4937 6129 59
4937 6202 55
4937 9748 26
4937 4128 20
4937 6128 34
4937 6179 42
4937 6203 2
4937 6187 37
4937 9763 24
4937 6201 32
4937 4130 43
4937 4135 28
4937 5981 54
4937 6178 15
4937 6185 57
4937 6188 18
4937 9749 44
4937 6189 50
4937 9764 37
4937 6200 4
4937 6176 13
4937 4129 35
4937 4131 46
4937 4148 52
4937 4133 9
4937 4136 36
4937 5236 59
4937 5980 47
4937 6180 25
