10521 4836 53
10521 4836 12
10521 4834 11
10521 4834 55
10521 4819 55
10521 4819 47
10521 4838 43
10521 4838 44
10521 4833 41
10521 4833 51
10521 4818 36
10521 4818 30
10521 4881 54
10521 4881 14
10521 4814 46
10521 4814 50
10521 4835 36
10521 4835 27
10521 4860 5
10521 4860 11
10521 4884 22
10521 4884 36
10521 4826 39
10521 4826 30
10521 4817 33
10521 4817 49
10521 4837 37
10521 4837 19
10521 4813 49
10521 4813 50
10521 4880 44
10521 4880 46
10521 4883 48
10521 4883 8
10521 4886 35
10521 4886 24
10521 4636 58
10521 4636 6
10521 4815 47
10521 4815 40
10521 4856 14
10521 4856 8
10521 4861 13
10521 4861 7
10521 4906 18
10521 4906 29
10521 4885 47
10521 4885 50
10521 4898 10
10521 4898 26
10521 4823 10
10521 4823 44
10521 4816 19
10521 4816 3
10521 4812 29
10521 4812 11
10521 4827 44
10521 4827 53
10521 4635 34
10521 4635 49
10521 4876 20
10521 4876 16
10521 4882 32
10521 4882 16
10520 4836 12
10520 4836 10
10520 4834 55
10520 4834 30
10520 4819 40
10520 4819 12
10520 4838 3
10520 4838 32
10520 4833 55
10520 4833 56
10520 4818 16
10520 4818 6
10520 4881 46
10520 4881 13
10520 4814 13
10520 4814 53
10520 4835 43
10520 4835 18
10520 4860 54
10520 4860 10
10520 4884 5
10520 4884 46
10520 4826 8
10520 4826 27
10520 4817 32
10520 4817 29
10520 4837 60
10520 4837 6
10520 4813 48
10520 4813 0
10520 4880 0
10520 4880 11
10520 4883 5
10520 4883 38
10520 4886 15
10520 4886 17
10520 4636 6
10520 4636 27
10520 4815 13
10520 4815 49
10520 4856 57
10520 4856 11
10520 4861 34
10520 4861 54
10520 4906 3
10520 4906 59
10520 4885 27
10520 4885 29
10520 4898 17
10520 4898 26
10520 4823 17
10520 4823 11
10520 4816 43
10520 4816 34
10520 4812 4
10520 4812 26
10520 4827 25
10520 4827 10
10520 4635 58
10520 4635 31
10520 4876 45
10520 4876 57
10520 4882 5
10520 4882 16
10582 4836 55
10582 4836 48
10582 4834 49
10582 4834 6
10582 4819 49
10582 4819 55
10582 4838 51
10582 4838 32
10582 4833 18
10582 4833 14
10582 4818 53
10582 4818 57
10582 4881 10
10582 4881 57
10582 4814 41
10582 4814 7
10582 4835 23
10582 4835 53
10582 4860 37
10582 4860 18
10582 4884 29
10582 4884 58
10582 4826 26
10582 4826 9
10582 4817 59
10582 4817 29
10582 4837 3
10582 4837 50
10582 4813 51
10582 4813 28
10582 4880 30
10582 4880 49
10582 4883 42
10582 4883 18
10582 4886 57
10582 4886 20
10582 4636 4
10582 4636 20
10582 4815 48
10582 4815 14
10582 4856 51
10582 4856 43
10582 4861 39
10582 4861 4
10582 4906 48
10582 4906 18
10582 4885 34
10582 4885 45
10582 4898 36
10582 4898 28
10582 4823 54
10582 4823 43
10582 4816 8
10582 4816 49
10582 4812 54
10582 4812 59
10582 4827 57
10582 4827 15
10582 4635 11
10582 4635 59
10582 4876 52
10582 4876 22
10582 4882 5
10582 4882 23
10570 4836 20
10570 4836 35
10570 4834 11
10570 4834 23
10570 4819 11
10570 4819 45
10570 4838 18
10570 4838 13
10570 4833 6
10570 4833 3
10570 4818 33
10570 4818 50
10570 4881 43
10570 4881 56
10570 4814 2
10570 4814 16
10570 4835 6
10570 4835 30
10570 4860 1
10570 4860 30
10570 4884 13
10570 4884 45
10570 4826 6
10570 4826 41
10570 4817 7
10570 4817 33
10570 4837 32
10570 4837 22
10570 4813 9
10570 4813 0
10570 4880 10
10570 4880 52
10570 4883 25
10570 4883 51
10570 4886 47
10570 4886 59
10570 4636 42
10570 4636 25
10570 4815 46
10570 4815 38
10570 4856 35
10570 4856 16
10570 4861 7
10570 4861 59
10570 4906 40
10570 4906 24
10570 4885 32
10570 4885 18
10570 4898 24
10570 4898 55
10570 4823 47
10570 4823 47
10570 4816 3
10570 4816 37
10570 4812 52
10570 4812 27
10570 4827 41
10570 4827 16
10570 4635 30
10570 4635 33
10570 4876 57
10570 4876 31
10570 4882 9
10570 4882 36
5121 4836 49
5121 4836 23
5121 4834 14
5121 4834 6
5121 4819 10
5121 4819 23
5121 4838 10
5121 4838 26
5121 4833 52
5121 4833 29
5121 4818 49
5121 4818 3
5121 4881 9
5121 4881 31
5121 4814 40
5121 4814 1
5121 4835 17
5121 4835 50
5121 4860 34
5121 4860 5
5121 4884 30
5121 4884 55
5121 4826 16
5121 4826 38
5121 4817 48
5121 4817 16
5121 4837 3
5121 4837 25
5121 4813 10
5121 4813 54
5121 4880 7
5121 4880 27
5121 4883 15
5121 4883 55
5121 4886 9
5121 4886 9
5121 4636 36
5121 4636 51
5121 4815 24
5121 4815 12
5121 4856 51
5121 4856 39
5121 4861 47
5121 4861 58
5121 4906 31
5121 4906 34
5121 4885 22
5121 4885 60
5121 4898 22
5121 4898 52
5121 4823 41
5121 4823 56
5121 4816 40
5121 4816 12
5121 4812 4
5121 4812 4
5121 4827 10
5121 4827 55
5121 4635 17
5121 4635 56
5121 4876 36
5121 4876 15
5121 4882 1
5121 4882 45
5119 4836 32
5119 4836 3
5119 4834 2
5119 4834 56
5119 4819 45
5119 4819 27
5119 4838 56
5119 4838 11
5119 4833 24
5119 4833 15
5119 4818 5
5119 4818 54
5119 4881 54
5119 4881 41
5119 4814 38
5119 4814 37
5119 4835 9
5119 4835 45
5119 4860 30
5119 4860 44
5119 4884 21
5119 4884 13
5119 4826 25
5119 4826 57
5119 4817 13
5119 4817 24
5119 4837 45
5119 4837 12
5119 4813 60
5119 4813 37
5119 4880 35
5119 4880 36
5119 4883 48
5119 4883 38
5119 4886 60
5119 4886 9
5119 4636 42
5119 4636 25
5119 4815 19
5119 4815 29
5119 4856 20
5119 4856 0
5119 4861 22
5119 4861 13
5119 4906 37
5119 4906 49
5119 4885 52
5119 4885 34
5119 4898 39
5119 4898 34
5119 4823 55
5119 4823 7
5119 4816 19
5119 4816 43
5119 4812 7
5119 4812 53
5119 4827 13
5119 4827 43
5119 4635 23
5119 4635 37
5119 4876 27
5119 4876 0
5119 4882 15
5119 4882 6
10519 4836 43
10519 4836 26
10519 4834 55
10519 4834 29
10519 4819 20
10519 4819 8
10519 4838 25
10519 4838 9
10519 4833 50
10519 4833 48
10519 4818 26
10519 4818 21
10519 4881 46
10519 4881 39
10519 4814 10
10519 4814 31
10519 4835 0
10519 4835 47
10519 4860 53
10519 4860 26
10519 4884 58
10519 4884 24
10519 4826 2
10519 4826 14
10519 4817 56
10519 4817 27
10519 4837 12
10519 4837 37
10519 4813 49
10519 4813 47
10519 4880 6
10519 4880 30
10519 4883 7
10519 4883 4
10519 4886 25
10519 4886 48
10519 4636 38
10519 4636 18
10519 4815 22
10519 4815 22
10519 4856 6
10519 4856 32
10519 4861 29
10519 4861 52
10519 4906 36
10519 4906 17
10519 4885 14
10519 4885 41
10519 4898 29
10519 4898 36
10519 4823 3
10519 4823 12
10519 4816 18
10519 4816 50
10519 4812 50
10519 4812 45
10519 4827 26
10519 4827 52
10519 4635 41
10519 4635 40
10519 4876 56
10519 4876 29
10519 4882 55
10519 4882 21
5122 4836 16
5122 4836 28
5122 4834 37
5122 4834 17
5122 4819 15
5122 4819 10
5122 4838 2
5122 4838 19
5122 4833 50
5122 4833 47
5122 4818 5
5122 4818 28
5122 4881 3
5122 4881 5
5122 4814 58
5122 4814 18
5122 4835 20
5122 4835 42
5122 4860 36
5122 4860 36
5122 4884 55
5122 4884 43
5122 4826 0
5122 4826 5
5122 4817 18
5122 4817 22
5122 4837 26
5122 4837 32
5122 4813 11
5122 4813 54
5122 4880 33
5122 4880 16
5122 4883 33
5122 4883 44
5122 4886 23
5122 4886 49
5122 4636 10
5122 4636 17
5122 4815 37
5122 4815 31
5122 4856 12
5122 4856 25
5122 4861 20
5122 4861 42
5122 4906 1
5122 4906 3
5122 4885 11
5122 4885 19
5122 4898 27
5122 4898 50
5122 4823 47
5122 4823 35
5122 4816 11
5122 4816 46
5122 4812 49
5122 4812 23
5122 4827 60
5122 4827 18
5122 4635 48
5122 4635 59
5122 4876 5
5122 4876 13
5122 4882 57
5122 4882 30
10578 4836 29
10578 4836 28
10578 4834 39
10578 4834 10
10578 4819 4
10578 4819 45
10578 4838 33
10578 4838 31
10578 4833 52
10578 4833 27
10578 4818 9
10578 4818 40
10578 4881 40
10578 4881 41
10578 4814 22
10578 4814 38
10578 4835 41
10578 4835 41
10578 4860 57
10578 4860 36
10578 4884 2
10578 4884 49
10578 4826 48
10578 4826 5
10578 4817 46
10578 4817 2
10578 4837 37
10578 4837 31
10578 4813 43
10578 4813 43
10578 4880 43
10578 4880 15
10578 4883 31
10578 4883 22
10578 4886 43
10578 4886 24
10578 4636 48
10578 4636 27
10578 4815 40
10578 4815 11
10578 4856 45
10578 4856 41
10578 4861 37
10578 4861 25
10578 4906 7
10578 4906 40
10578 4885 41
10578 4885 21
10578 4898 41
10578 4898 9
10578 4823 11
10578 4823 19
10578 4816 30
10578 4816 27
10578 4812 39
10578 4812 7
10578 4827 38
10578 4827 6
10578 4635 30
10578 4635 47
10578 4876 33
10578 4876 11
10578 4882 29
10578 4882 7
10567 4836 21
10567 4836 30
10567 4834 52
10567 4834 10
10567 4819 2
10567 4819 2
10567 4838 32
10567 4838 20
10567 4833 23
10567 4833 39
10567 4818 46
10567 4818 47
10567 4881 40
10567 4881 30
10567 4814 5
10567 4814 23
10567 4835 7
10567 4835 5
10567 4860 31
10567 4860 17
10567 4884 39
10567 4884 37
10567 4826 54
10567 4826 48
10567 4817 58
10567 4817 4
10567 4837 1
10567 4837 31
10567 4813 21
10567 4813 54
10567 4880 0
10567 4880 58
10567 4883 47
10567 4883 35
10567 4886 4
10567 4886 36
10567 4636 43
10567 4636 59
10567 4815 54
10567 4815 4
10567 4856 9
10567 4856 55
10567 4861 59
10567 4861 9
10567 4906 57
10567 4906 13
10567 4885 7
10567 4885 59
10567 4898 32
10567 4898 17
10567 4823 32
10567 4823 24
10567 4816 58
10567 4816 14
10567 4812 46
10567 4812 52
10567 4827 35
10567 4827 51
10567 4635 8
10567 4635 4
10567 4876 14
10567 4876 50
10567 4882 58
10567 4882 52
5120 4836 56
5120 4836 50
5120 4834 27
5120 4834 26
5120 4819 13
5120 4819 20
5120 4838 26
5120 4838 57
5120 4833 42
5120 4833 54
5120 4818 42
5120 4818 24
5120 4881 51
5120 4881 59
5120 4814 18
5120 4814 34
5120 4835 35
5120 4835 50
5120 4860 43
5120 4860 17
5120 4884 15
5120 4884 34
5120 4826 41
5120 4826 58
5120 4817 7
5120 4817 41
5120 4837 20
5120 4837 7
5120 4813 52
5120 4813 41
5120 4880 20
5120 4880 19
5120 4883 10
5120 4883 19
5120 4886 8
5120 4886 20
5120 4636 57
5120 4636 30
5120 4815 46
5120 4815 53
5120 4856 56
5120 4856 30
5120 4861 5
5120 4861 46
5120 4906 15
5120 4906 11
5120 4885 4
5120 4885 54
5120 4898 49
5120 4898 38
5120 4823 31
5120 4823 8
5120 4816 35
5120 4816 5
5120 4812 12
5120 4812 5
5120 4827 3
5120 4827 40
5120 4635 49
5120 4635 53
5120 4876 20
5120 4876 17
5120 4882 59
5120 4882 3
5113 4836 46
5113 4836 10
5113 4834 46
5113 4834 50
5113 4819 33
5113 4819 32
5113 4838 48
5113 4838 12
5113 4833 0
5113 4833 34
5113 4818 2
5113 4818 32
5113 4881 43
5113 4881 51
5113 4814 59
5113 4814 15
5113 4835 35
5113 4835 58
5113 4860 28
5113 4860 53
5113 4884 2
5113 4884 2
5113 4826 37
5113 4826 53
5113 4817 60
5113 4817 26
5113 4837 15
5113 4837 47
5113 4813 36
5113 4813 18
5113 4880 55
5113 4880 32
5113 4883 13
5113 4883 53
5113 4886 45
5113 4886 29
5113 4636 32
5113 4636 38
5113 4815 5
5113 4815 7
5113 4856 60
5113 4856 58
5113 4861 6
5113 4861 54
5113 4906 45
5113 4906 36
5113 4885 4
5113 4885 8
5113 4898 18
5113 4898 20
5113 4823 50
5113 4823 7
5113 4816 24
5113 4816 20
5113 4812 42
5113 4812 25
5113 4827 5
5113 4827 48
5113 4635 59
5113 4635 7
5113 4876 56
5113 4876 21
5113 4882 48
5113 4882 28
5118 4836 19
5118 4836 17
5118 4834 60
5118 4834 50
5118 4819 18
5118 4819 7
5118 4838 36
5118 4838 55
5118 4833 37
5118 4833 3
5118 4818 24
5118 4818 53
5118 4881 14
5118 4881 53
5118 4814 24
5118 4814 39
5118 4835 39
5118 4835 30
5118 4860 28
5118 4860 48
5118 4884 21
5118 4884 1
5118 4826 2
5118 4826 45
5118 4817 4
5118 4817 46
5118 4837 31
5118 4837 40
5118 4813 39
5118 4813 5
5118 4880 52
5118 4880 30
5118 4883 6
5118 4883 14
5118 4886 17
5118 4886 54
5118 4636 45
5118 4636 55
5118 4815 5
5118 4815 35
5118 4856 47
5118 4856 51
5118 4861 24
5118 4861 60
5118 4906 6
5118 4906 55
5118 4885 40
5118 4885 45
5118 4898 43
5118 4898 44
5118 4823 1
5118 4823 16
5118 4816 9
5118 4816 4
5118 4812 42
5118 4812 20
5118 4827 60
5118 4827 16
5118 4635 50
5118 4635 9
5118 4876 16
5118 4876 47
5118 4882 20
5118 4882 51
10518 4836 28
10518 4836 23
10518 4834 2
10518 4834 40
10518 4819 16
10518 4819 24
10518 4838 60
10518 4838 51
10518 4833 54
10518 4833 41
10518 4818 10
10518 4818 50
10518 4881 60
10518 4881 41
10518 4814 52
10518 4814 49
10518 4835 55
10518 4835 53
10518 4860 11
10518 4860 33
10518 4884 22
10518 4884 15
10518 4826 15
10518 4826 12
10518 4817 48
10518 4817 25
10518 4837 32
10518 4837 35
10518 4813 9
10518 4813 24
10518 4880 10
10518 4880 20
10518 4883 46
10518 4883 38
10518 4886 57
10518 4886 9
10518 4636 8
10518 4636 14
10518 4815 42
10518 4815 39
10518 4856 40
10518 4856 52
10518 4861 50
10518 4861 24
10518 4906 53
10518 4906 1
10518 4885 27
10518 4885 60
10518 4898 0
10518 4898 49
10518 4823 44
10518 4823 50
10518 4816 49
10518 4816 21
10518 4812 24
10518 4812 15
10518 4827 20
10518 4827 59
10518 4635 21
10518 4635 40
10518 4876 16
10518 4876 2
10518 4882 42
10518 4882 21
10568 4836 28
10568 4836 23
10568 4834 37
10568 4834 25
10568 4819 8
10568 4819 53
10568 4838 43
10568 4838 39
10568 4833 40
10568 4833 37
10568 4818 43
10568 4818 21
10568 4881 19
10568 4881 33
10568 4814 32
10568 4814 11
10568 4835 4
10568 4835 26
10568 4860 37
10568 4860 23
10568 4884 46
10568 4884 45
10568 4826 50
10568 4826 35
10568 4817 33
10568 4817 58
10568 4837 51
10568 4837 51
10568 4813 14
10568 4813 35
10568 4880 30
10568 4880 34
10568 4883 45
10568 4883 28
10568 4886 53
10568 4886 22
10568 4636 30
10568 4636 14
10568 4815 11
10568 4815 48
10568 4856 54
10568 4856 13
10568 4861 50
10568 4861 20
10568 4906 48
10568 4906 24
10568 4885 37
10568 4885 9
10568 4898 45
10568 4898 27
10568 4823 58
10568 4823 20
10568 4816 40
10568 4816 33
10568 4812 47
10568 4812 40
10568 4827 2
10568 4827 60
10568 4635 57
10568 4635 4
10568 4876 40
10568 4876 13
10568 4882 26
10568 4882 42
5126 4836 8
5126 4836 55
5126 4834 22
5126 4834 58
5126 4819 54
5126 4819 12
5126 4838 13
5126 4838 16
5126 4833 23
5126 4833 38
5126 4818 34
5126 4818 29
5126 4881 7
5126 4881 53
5126 4814 58
5126 4814 16
5126 4835 50
5126 4835 27
5126 4860 20
5126 4860 17
5126 4884 8
5126 4884 5
5126 4826 19
5126 4826 41
5126 4817 29
5126 4817 38
5126 4837 48
5126 4837 27
5126 4813 28
5126 4813 55
5126 4880 0
5126 4880 32
5126 4883 11
5126 4883 6
5126 4886 18
5126 4886 17
5126 4636 6
5126 4636 49
5126 4815 5
5126 4815 13
5126 4856 17
5126 4856 18
5126 4861 48
5126 4861 23
5126 4906 42
5126 4906 39
5126 4885 9
5126 4885 37
5126 4898 37
5126 4898 43
5126 4823 14
5126 4823 45
5126 4816 8
5126 4816 14
5126 4812 55
5126 4812 43
5126 4827 44
5126 4827 17
5126 4635 26
5126 4635 37
5126 4876 9
5126 4876 20
5126 4882 0
5126 4882 33
5132 4836 19
5132 4836 31
5132 4834 16
5132 4834 59
5132 4819 18
5132 4819 7
5132 4838 53
5132 4838 5
5132 4833 52
5132 4833 27
5132 4818 10
5132 4818 6
5132 4881 46
5132 4881 6
5132 4814 45
5132 4814 34
5132 4835 42
5132 4835 47
5132 4860 47
5132 4860 51
5132 4884 57
5132 4884 20
5132 4826 9
5132 4826 54
5132 4817 10
5132 4817 38
5132 4837 37
5132 4837 4
5132 4813 23
5132 4813 4
5132 4880 49
5132 4880 24
5132 4883 43
5132 4883 0
5132 4886 8
5132 4886 55
5132 4636 24
5132 4636 49
5132 4815 40
5132 4815 32
5132 4856 45
5132 4856 8
5132 4861 60
5132 4861 60
5132 4906 13
5132 4906 37
5132 4885 21
5132 4885 36
5132 4898 37
5132 4898 59
5132 4823 46
5132 4823 24
5132 4816 6
5132 4816 28
5132 4812 28
5132 4812 19
5132 4827 42
5132 4827 23
5132 4635 35
5132 4635 1
5132 4876 36
5132 4876 31
5132 4882 11
5132 4882 18
10569 4836 59
10569 4836 30
10569 4834 23
10569 4834 50
10569 4819 48
10569 4819 42
10569 4838 17
10569 4838 23
10569 4833 59
10569 4833 54
10569 4818 32
10569 4818 11
10569 4881 36
10569 4881 55
10569 4814 12
10569 4814 2
10569 4835 7
10569 4835 32
10569 4860 30
10569 4860 32
10569 4884 14
10569 4884 21
10569 4826 60
10569 4826 40
10569 4817 3
10569 4817 10
10569 4837 33
10569 4837 4
10569 4813 11
10569 4813 34
10569 4880 50
10569 4880 29
10569 4883 21
10569 4883 58
10569 4886 8
10569 4886 25
10569 4636 26
10569 4636 33
10569 4815 30
10569 4815 44
10569 4856 2
10569 4856 46
10569 4861 11
10569 4861 44
10569 4906 45
10569 4906 37
10569 4885 57
10569 4885 31
10569 4898 20
10569 4898 32
10569 4823 0
10569 4823 3
10569 4816 31
10569 4816 29
10569 4812 3
10569 4812 5
10569 4827 5
10569 4827 24
10569 4635 42
10569 4635 43
10569 4876 50
10569 4876 4
10569 4882 15
10569 4882 9
10583 4836 26
10583 4836 58
10583 4834 10
10583 4834 29
10583 4819 40
10583 4819 55
10583 4838 37
10583 4838 11
10583 4833 16
10583 4833 3
10583 4818 9
10583 4818 44
10583 4881 57
10583 4881 33
10583 4814 31
10583 4814 27
10583 4835 38
10583 4835 22
10583 4860 49
10583 4860 53
10583 4884 13
10583 4884 36
10583 4826 11
10583 4826 51
10583 4817 52
10583 4817 58
10583 4837 48
10583 4837 12
10583 4813 31
10583 4813 20
10583 4880 12
10583 4880 5
10583 4883 59
10583 4883 26
10583 4886 36
10583 4886 20
10583 4636 44
10583 4636 13
10583 4815 19
10583 4815 27
10583 4856 11
10583 4856 19
10583 4861 58
10583 4861 29
10583 4906 18
10583 4906 6
10583 4885 12
10583 4885 5
10583 4898 59
10583 4898 60
10583 4823 32
10583 4823 13
10583 4816 10
10583 4816 37
10583 4812 60
10583 4812 54
10583 4827 17
10583 4827 20
10583 4635 24
10583 4635 21
10583 4876 10
10583 4876 51
10583 4882 39
10583 4882 53
10566 4836 10
10566 4836 7
10566 4834 41
10566 4834 10
10566 4819 23
10566 4819 58
10566 4838 30
10566 4838 59
10566 4833 54
10566 4833 36
10566 4818 52
10566 4818 39
10566 4881 58
10566 4881 30
10566 4814 49
10566 4814 11
10566 4835 30
10566 4835 13
10566 4860 47
10566 4860 22
10566 4884 26
10566 4884 7
10566 4826 33
10566 4826 33
10566 4817 27
10566 4817 36
10566 4837 27
10566 4837 42
10566 4813 33
10566 4813 42
10566 4880 11
10566 4880 1
10566 4883 12
10566 4883 1
10566 4886 30
10566 4886 21
10566 4636 22
10566 4636 10
10566 4815 47
10566 4815 45
10566 4856 34
10566 4856 35
10566 4861 20
10566 4861 18
10566 4906 44
10566 4906 31
10566 4885 56
10566 4885 27
10566 4898 20
10566 4898 5
10566 4823 21
10566 4823 45
10566 4816 37
10566 4816 25
10566 4812 29
10566 4812 35
10566 4827 4
10566 4827 51
10566 4635 49
10566 4635 54
10566 4876 12
10566 4876 10
10566 4882 39
10566 4882 15
10577 4836 40
10577 4836 22
10577 4834 4
10577 4834 5
10577 4819 59
10577 4819 5
10577 4838 52
10577 4838 33
10577 4833 30
10577 4833 7
10577 4818 10
10577 4818 24
10577 4881 35
10577 4881 3
10577 4814 17
10577 4814 35
10577 4835 56
10577 4835 40
10577 4860 14
10577 4860 40
10577 4884 14
10577 4884 34
10577 4826 25
10577 4826 7
10577 4817 29
10577 4817 4
10577 4837 57
10577 4837 12
10577 4813 48
10577 4813 42
10577 4880 16
10577 4880 0
10577 4883 52
10577 4883 45
10577 4886 14
10577 4886 41
10577 4636 4
10577 4636 60
10577 4815 58
10577 4815 33
10577 4856 2
10577 4856 5
10577 4861 28
10577 4861 14
10577 4906 12
10577 4906 50
10577 4885 52
10577 4885 33
10577 4898 57
10577 4898 47
10577 4823 42
10577 4823 36
10577 4816 53
10577 4816 56
10577 4812 13
10577 4812 14
10577 4827 33
10577 4827 36
10577 4635 44
10577 4635 51
10577 4876 12
10577 4876 54
10577 4882 5
10577 4882 17
5123 4836 41
5123 4836 34
5123 4834 43
5123 4834 21
5123 4819 39
5123 4819 0
5123 4838 3
5123 4838 12
5123 4833 12
5123 4833 10
5123 4818 6
5123 4818 43
5123 4881 53
5123 4881 54
5123 4814 49
5123 4814 56
5123 4835 41
5123 4835 53
5123 4860 36
5123 4860 57
5123 4884 10
5123 4884 60
5123 4826 49
5123 4826 23
5123 4817 7
5123 4817 7
5123 4837 10
5123 4837 44
5123 4813 15
5123 4813 11
5123 4880 35
5123 4880 45
5123 4883 16
5123 4883 14
5123 4886 9
5123 4886 40
5123 4636 56
5123 4636 38
5123 4815 4
5123 4815 28
5123 4856 21
5123 4856 30
5123 4861 29
5123 4861 56
5123 4906 30
5123 4906 34
5123 4885 54
5123 4885 48
5123 4898 7
5123 4898 30
5123 4823 55
5123 4823 60
5123 4816 24
5123 4816 18
5123 4812 48
5123 4812 23
5123 4827 11
5123 4827 24
5123 4635 29
5123 4635 4
5123 4876 0
5123 4876 17
5123 4882 42
5123 4882 27
5112 4836 33
5112 4836 9
5112 4834 49
5112 4834 25
5112 4819 11
5112 4819 36
5112 4838 46
5112 4838 5
5112 4833 41
5112 4833 43
5112 4818 13
5112 4818 29
5112 4881 42
5112 4881 36
5112 4814 14
5112 4814 16
5112 4835 20
5112 4835 53
5112 4860 2
5112 4860 29
5112 4884 22
5112 4884 60
5112 4826 54
5112 4826 23
5112 4817 9
5112 4817 38
5112 4837 58
5112 4837 47
5112 4813 39
5112 4813 14
5112 4880 11
5112 4880 27
5112 4883 6
5112 4883 3
5112 4886 42
5112 4886 47
5112 4636 11
5112 4636 49
5112 4815 50
5112 4815 0
5112 4856 46
5112 4856 38
5112 4861 53
5112 4861 28
5112 4906 6
5112 4906 57
5112 4885 24
5112 4885 53
5112 4898 57
5112 4898 50
5112 4823 37
5112 4823 21
5112 4816 54
5112 4816 30
5112 4812 11
5112 4812 28
5112 4827 42
5112 4827 11
5112 4635 48
5112 4635 40
5112 4876 53
5112 4876 51
5112 4882 49
5112 4882 28
5116 4836 16
5116 4836 25
5116 4834 39
5116 4834 7
5116 4819 57
5116 4819 51
5116 4838 14
5116 4838 11
5116 4833 57
5116 4833 12
5116 4818 25
5116 4818 24
5116 4881 16
5116 4881 12
5116 4814 6
5116 4814 46
5116 4835 21
5116 4835 3
5116 4860 30
5116 4860 3
5116 4884 0
5116 4884 18
5116 4826 34
5116 4826 22
5116 4817 38
5116 4817 32
5116 4837 5
5116 4837 34
5116 4813 32
5116 4813 39
5116 4880 33
5116 4880 38
5116 4883 59
5116 4883 8
5116 4886 8
5116 4886 10
5116 4636 26
5116 4636 19
5116 4815 21
5116 4815 12
5116 4856 10
5116 4856 23
5116 4861 28
5116 4861 57
5116 4906 37
5116 4906 20
5116 4885 30
5116 4885 53
5116 4898 14
5116 4898 5
5116 4823 31
5116 4823 7
5116 4816 56
5116 4816 49
5116 4812 5
5116 4812 40
5116 4827 26
5116 4827 29
5116 4635 35
5116 4635 43
5116 4876 22
5116 4876 32
5116 4882 23
5116 4882 19
5117 4836 44
5117 4836 32
5117 4834 8
5117 4834 47
5117 4819 23
5117 4819 54
5117 4838 14
5117 4838 53
5117 4833 21
5117 4833 39
5117 4818 10
5117 4818 33
5117 4881 24
5117 4881 20
5117 4814 22
5117 4814 60
5117 4835 59
5117 4835 32
5117 4860 42
5117 4860 42
5117 4884 10
5117 4884 33
5117 4826 23
5117 4826 58
5117 4817 27
5117 4817 8
5117 4837 29
5117 4837 47
5117 4813 6
5117 4813 32
5117 4880 9
5117 4880 3
5117 4883 14
5117 4883 27
5117 4886 23
5117 4886 33
5117 4636 15
5117 4636 14
5117 4815 12
5117 4815 10
5117 4856 21
5117 4856 4
5117 4861 53
5117 4861 14
5117 4906 56
5117 4906 10
5117 4885 16
5117 4885 35
5117 4898 32
5117 4898 27
5117 4823 4
5117 4823 46
5117 4816 23
5117 4816 52
5117 4812 3
5117 4812 8
5117 4827 22
5117 4827 44
5117 4635 36
5117 4635 13
5117 4876 23
5117 4876 56
5117 4882 57
5117 4882 10
5105 4836 27
5105 4836 0
5105 4834 34
5105 4834 13
5105 4819 39
5105 4819 5
5105 4838 6
5105 4838 60
5105 4833 23
5105 4833 42
5105 4818 30
5105 4818 57
5105 4881 22
5105 4881 48
5105 4814 43
5105 4814 27
5105 4835 40
5105 4835 31
5105 4860 2
5105 4860 38
5105 4884 31
5105 4884 40
5105 4826 60
5105 4826 17
5105 4817 2
5105 4817 33
5105 4837 48
5105 4837 21
5105 4813 50
5105 4813 58
5105 4880 43
5105 4880 0
5105 4883 5
5105 4883 33
5105 4886 17
5105 4886 0
5105 4636 47
5105 4636 46
5105 4815 0
5105 4815 60
5105 4856 37
5105 4856 30
5105 4861 6
5105 4861 30
5105 4906 35
5105 4906 39
5105 4885 45
5105 4885 39
5105 4898 8
5105 4898 38
5105 4823 0
5105 4823 59
5105 4816 42
5105 4816 0
5105 4812 17
5105 4812 55
5105 4827 49
5105 4827 23
5105 4635 9
5105 4635 13
5105 4876 23
5105 4876 35
5105 4882 51
5105 4882 60
5086 4836 10
5086 4836 4
5086 4834 49
5086 4834 5
5086 4819 3
5086 4819 18
5086 4838 48
5086 4838 14
5086 4833 54
5086 4833 25
5086 4818 18
5086 4818 7
5086 4881 39
5086 4881 36
5086 4814 52
5086 4814 17
5086 4835 2
5086 4835 24
5086 4860 56
5086 4860 26
5086 4884 20
5086 4884 34
5086 4826 44
5086 4826 55
5086 4817 3
5086 4817 2
5086 4837 18
5086 4837 17
5086 4813 42
5086 4813 22
5086 4880 24
5086 4880 37
5086 4883 49
5086 4883 57
5086 4886 53
5086 4886 35
5086 4636 19
5086 4636 19
5086 4815 13
5086 4815 14
5086 4856 43
5086 4856 33
5086 4861 16
5086 4861 43
5086 4906 0
5086 4906 54
5086 4885 58
5086 4885 17
5086 4898 1
5086 4898 44
5086 4823 19
5086 4823 54
5086 4816 44
5086 4816 26
5086 4812 7
5086 4812 53
5086 4827 57
5086 4827 6
5086 4635 19
5086 4635 6
5086 4876 41
5086 4876 16
5086 4882 52
5086 4882 5
10564 4836 41
10564 4836 0
10564 4834 53
10564 4834 24
10564 4819 21
10564 4819 2
10564 4838 30
10564 4838 34
10564 4833 12
10564 4833 44
10564 4818 39
10564 4818 51
10564 4881 20
10564 4881 21
10564 4814 1
10564 4814 41
10564 4835 19
10564 4835 23
10564 4860 26
10564 4860 39
10564 4884 26
10564 4884 53
10564 4826 29
10564 4826 20
10564 4817 45
10564 4817 29
10564 4837 1
10564 4837 22
10564 4813 16
10564 4813 12
10564 4880 21
10564 4880 38
10564 4883 53
10564 4883 8
10564 4886 50
10564 4886 43
10564 4636 54
10564 4636 49
10564 4815 60
10564 4815 7
10564 4856 27
10564 4856 1
10564 4861 13
10564 4861 28
10564 4906 52
10564 4906 38
10564 4885 49
10564 4885 1
10564 4898 0
10564 4898 13
10564 4823 31
10564 4823 58
10564 4816 56
10564 4816 49
10564 4812 45
10564 4812 6
10564 4827 50
10564 4827 37
10564 4635 28
10564 4635 20
10564 4876 36
10564 4876 5
10564 4882 1
10564 4882 46
10515 4836 3
10515 4836 30
10515 4834 6
10515 4834 53
10515 4819 5
10515 4819 14
10515 4838 40
10515 4838 35
10515 4833 59
10515 4833 33
10515 4818 22
10515 4818 49
10515 4881 30
10515 4881 11
10515 4814 19
10515 4814 12
10515 4835 7
10515 4835 55
10515 4860 29
10515 4860 36
10515 4884 46
10515 4884 37
10515 4826 33
10515 4826 4
10515 4817 28
10515 4817 50
10515 4837 20
10515 4837 28
10515 4813 28
10515 4813 19
10515 4880 31
10515 4880 16
10515 4883 43
10515 4883 40
10515 4886 38
10515 4886 3
10515 4636 37
10515 4636 40
10515 4815 20
10515 4815 9
10515 4856 11
10515 4856 21
10515 4861 56
10515 4861 22
10515 4906 40
10515 4906 2
10515 4885 22
10515 4885 0
10515 4898 46
10515 4898 22
10515 4823 31
10515 4823 33
10515 4816 45
10515 4816 33
10515 4812 19
10515 4812 47
10515 4827 32
10515 4827 49
10515 4635 50
10515 4635 22
10515 4876 33
10515 4876 37
10515 4882 14
10515 4882 2
5124 4836 7
5124 4836 43
5124 4834 42
5124 4834 15
5124 4819 27
5124 4819 8
5124 4838 60
5124 4838 50
5124 4833 14
5124 4833 33
5124 4818 7
5124 4818 59
5124 4881 23
5124 4881 11
5124 4814 42
5124 4814 52
5124 4835 21
5124 4835 36
5124 4860 15
5124 4860 27
5124 4884 33
5124 4884 50
5124 4826 25
5124 4826 12
5124 4817 38
5124 4817 56
5124 4837 16
5124 4837 27
5124 4813 51
5124 4813 55
5124 4880 34
5124 4880 41
5124 4883 37
5124 4883 59
5124 4886 21
5124 4886 39
5124 4636 18
5124 4636 43
5124 4815 51
5124 4815 7
5124 4856 8
5124 4856 28
5124 4861 20
5124 4861 27
5124 4906 18
5124 4906 37
5124 4885 5
5124 4885 18
5124 4898 9
5124 4898 53
5124 4823 29
5124 4823 42
5124 4816 56
5124 4816 31
5124 4812 21
5124 4812 29
5124 4827 29
5124 4827 13
5124 4635 9
5124 4635 9
5124 4876 30
5124 4876 22
5124 4882 53
5124 4882 1
5127 4836 50
5127 4836 23
5127 4834 38
5127 4834 45
5127 4819 18
5127 4819 28
5127 4838 40
5127 4838 1
5127 4833 55
5127 4833 36
5127 4818 60
5127 4818 55
5127 4881 47
5127 4881 22
5127 4814 49
5127 4814 3
5127 4835 33
5127 4835 45
5127 4860 54
5127 4860 31
5127 4884 13
5127 4884 24
5127 4826 29
5127 4826 34
5127 4817 19
5127 4817 2
5127 4837 6
5127 4837 2
5127 4813 20
5127 4813 9
5127 4880 2
5127 4880 52
5127 4883 38
5127 4883 43
5127 4886 13
5127 4886 0
5127 4636 44
5127 4636 32
5127 4815 9
5127 4815 53
5127 4856 14
5127 4856 60
5127 4861 47
5127 4861 32
5127 4906 17
5127 4906 14
5127 4885 10
5127 4885 45
5127 4898 50
5127 4898 24
5127 4823 57
5127 4823 48
5127 4816 43
5127 4816 21
5127 4812 2
5127 4812 31
5127 4827 11
5127 4827 11
5127 4635 33
5127 4635 47
5127 4876 51
5127 4876 15
5127 4882 51
5127 4882 8
5134 4836 9
5134 4836 60
5134 4834 53
5134 4834 15
5134 4819 45
5134 4819 32
5134 4838 40
5134 4838 6
5134 4833 18
5134 4833 43
5134 4818 31
5134 4818 13
5134 4881 32
5134 4881 39
5134 4814 19
5134 4814 5
5134 4835 1
5134 4835 5
5134 4860 40
5134 4860 48
5134 4884 36
5134 4884 28
5134 4826 32
5134 4826 37
5134 4817 53
5134 4817 43
5134 4837 40
5134 4837 36
5134 4813 6
5134 4813 13
5134 4880 29
5134 4880 1
5134 4883 0
5134 4883 56
5134 4886 15
5134 4886 40
5134 4636 5
5134 4636 51
5134 4815 9
5134 4815 15
5134 4856 55
5134 4856 31
5134 4861 44
5134 4861 56
5134 4906 34
5134 4906 24
5134 4885 16
5134 4885 11
5134 4898 48
5134 4898 34
5134 4823 57
5134 4823 20
5134 4816 41
5134 4816 29
5134 4812 27
5134 4812 52
5134 4827 46
5134 4827 37
5134 4635 6
5134 4635 3
5134 4876 13
5134 4876 14
5134 4882 47
5134 4882 33
