2350 971 44
2350 971 58
2350 970 28
2350 970 51
2350 980 42
2350 980 59
2350 997 17
2350 997 54
2350 975 60
2350 975 18
2350 981 3
2350 981 54
2350 995 43
2350 995 58
2350 996 36
2350 996 59
2350 998 39
2350 998 18
2350 999 20
2350 999 0
2350 974 44
2350 974 2
2350 2210 44
2350 2210 41
2350 2212 40
2350 2212 18
2350 982 60
2350 982 48
2350 983 57
2350 983 47
2350 1002 2
2350 1002 30
2350 1001 10
2350 1001 8
2350 1000 27
2350 1000 11
2350 972 43
2350 972 39
2350 1005 44
2350 1005 47
2350 1006 35
2350 1006 54
2350 2213 45
2350 2213 19
2350 2211 18
2350 2211 3
2350 973 31
2350 973 36
2350 994 35
2350 994 22
2350 984 2
2350 984 45
2350 1126 54
2350 1126 60
2350 1129 34
2350 1129 0
2350 1003 45
2350 1003 26
2350 1122 50
2350 1122 51
2350 1004 18
2350 1004 8
2350 2243 29
2350 2243 32
2337 971 42
2337 971 35
2337 970 54
2337 970 3
2337 980 26
2337 980 4
2337 997 24
2337 997 58
2337 975 9
2337 975 59
2337 981 44
2337 981 39
2337 995 19
2337 995 44
2337 996 48
2337 996 26
2337 998 53
2337 998 19
2337 999 28
2337 999 40
2337 974 35
2337 974 12
2337 2210 31
2337 2210 48
2337 2212 47
2337 2212 27
2337 982 3
2337 982 57
2337 983 42
2337 983 47
2337 1002 51
2337 1002 49
2337 1001 36
2337 1001 0
2337 1000 7
2337 1000 19
2337 972 0
2337 972 45
2337 1005 38
2337 1005 24
2337 1006 8
2337 1006 11
2337 2213 6
2337 2213 40
2337 2211 10
2337 2211 42
2337 973 35
2337 973 28
2337 994 53
2337 994 55
2337 984 59
2337 984 23
2337 1126 53
2337 1126 47
2337 1129 36
2337 1129 10
2337 1003 60
2337 1003 5
2337 1122 58
2337 1122 37
2337 1004 27
2337 1004 17
2337 2243 31
2337 2243 49
2351 971 17
2351 971 48
2351 970 50
2351 970 15
2351 980 31
2351 980 49
2351 997 18
2351 997 33
2351 975 11
2351 975 39
2351 981 21
2351 981 3
2351 995 54
2351 995 0
2351 996 33
2351 996 53
2351 998 21
2351 998 45
2351 999 11
2351 999 49
2351 974 37
2351 974 39
2351 2210 21
2351 2210 47
2351 2212 2
2351 2212 7
2351 982 56
2351 982 5
2351 983 0
2351 983 53
2351 1002 18
2351 1002 28
2351 1001 17
2351 1001 55
2351 1000 17
2351 1000 44
2351 972 40
2351 972 24
2351 1005 6
2351 1005 5
2351 1006 2
2351 1006 37
2351 2213 60
2351 2213 56
2351 2211 12
2351 2211 20
2351 973 59
2351 973 20
2351 994 10
2351 994 56
2351 984 45
2351 984 16
2351 1126 56
2351 1126 21
2351 1129 12
2351 1129 18
2351 1003 20
2351 1003 28
2351 1122 5
2351 1122 24
2351 1004 31
2351 1004 30
2351 2243 41
2351 2243 45
2352 971 34
2352 971 10
2352 970 19
2352 970 49
2352 980 19
2352 980 20
2352 997 12
2352 997 2
2352 975 55
2352 975 40
2352 981 47
2352 981 51
2352 995 12
2352 995 39
2352 996 29
2352 996 54
2352 998 25
2352 998 7
2352 999 48
2352 999 20
2352 974 22
2352 974 26
2352 2210 37
2352 2210 1
2352 2212 23
2352 2212 57
2352 982 39
2352 982 51
2352 983 23
2352 983 44
2352 1002 58
2352 1002 2
2352 1001 55
2352 1001 41
2352 1000 45
2352 1000 34
2352 972 17
2352 972 33
2352 1005 9
2352 1005 55
2352 1006 60
2352 1006 49
2352 2213 3
2352 2213 30
2352 2211 13
2352 2211 49
2352 973 9
2352 973 48
2352 994 30
2352 994 9
2352 984 1
2352 984 17
2352 1126 17
2352 1126 29
2352 1129 33
2352 1129 36
2352 1003 11
2352 1003 26
2352 1122 42
2352 1122 56
2352 1004 39
2352 1004 29
2352 2243 0
2352 2243 57
2342 971 22
2342 971 33
2342 970 13
2342 970 24
2342 980 39
2342 980 41
2342 997 56
2342 997 9
2342 975 26
2342 975 46
2342 981 44
2342 981 13
2342 995 6
2342 995 57
2342 996 54
2342 996 26
2342 998 21
2342 998 53
2342 999 37
2342 999 35
2342 974 55
2342 974 27
2342 2210 46
2342 2210 54
2342 2212 9
2342 2212 49
2342 982 8
2342 982 12
2342 983 44
2342 983 14
2342 1002 24
2342 1002 2
2342 1001 32
2342 1001 27
2342 1000 5
2342 1000 56
2342 972 50
2342 972 36
2342 1005 5
2342 1005 8
2342 1006 8
2342 1006 49
2342 2213 49
2342 2213 26
2342 2211 12
2342 2211 46
2342 973 51
2342 973 57
2342 994 45
2342 994 44
2342 984 21
2342 984 6
2342 1126 60
2342 1126 15
2342 1129 25
2342 1129 4
2342 1003 4
2342 1003 45
2342 1122 42
2342 1122 53
2342 1004 43
2342 1004 13
2342 2243 23
2342 2243 18
2336 971 9
2336 971 52
2336 970 42
2336 970 56
2336 980 1
2336 980 27
2336 997 6
2336 997 57
2336 975 6
2336 975 40
2336 981 29
2336 981 48
2336 995 31
2336 995 47
2336 996 17
2336 996 40
2336 998 14
2336 998 48
2336 999 43
2336 999 22
2336 974 25
2336 974 57
2336 2210 34
2336 2210 60
2336 2212 8
2336 2212 8
2336 982 12
2336 982 42
2336 983 39
2336 983 46
2336 1002 57
2336 1002 1
2336 1001 29
2336 1001 57
2336 1000 3
2336 1000 13
2336 972 0
2336 972 4
2336 1005 16
2336 1005 39
2336 1006 10
2336 1006 13
2336 2213 17
2336 2213 46
2336 2211 52
2336 2211 46
2336 973 25
2336 973 44
2336 994 12
2336 994 44
2336 984 10
2336 984 38
2336 1126 37
2336 1126 48
2336 1129 34
2336 1129 35
2336 1003 39
2336 1003 48
2336 1122 3
2336 1122 36
2336 1004 23
2336 1004 7
2336 2243 5
2336 2243 29
2339 971 57
2339 971 28
2339 970 5
2339 970 10
2339 980 3
2339 980 39
2339 997 30
2339 997 60
2339 975 23
2339 975 20
2339 981 53
2339 981 12
2339 995 19
2339 995 45
2339 996 54
2339 996 15
2339 998 6
2339 998 16
2339 999 33
2339 999 50
2339 974 53
2339 974 34
2339 2210 14
2339 2210 58
2339 2212 54
2339 2212 44
2339 982 12
2339 982 15
2339 983 57
2339 983 33
2339 1002 52
2339 1002 56
2339 1001 24
2339 1001 59
2339 1000 53
2339 1000 50
2339 972 0
2339 972 25
2339 1005 9
2339 1005 45
2339 1006 58
2339 1006 54
2339 2213 45
2339 2213 13
2339 2211 32
2339 2211 47
2339 973 30
2339 973 10
2339 994 44
2339 994 57
2339 984 31
2339 984 38
2339 1126 58
2339 1126 53
2339 1129 1
2339 1129 4
2339 1003 60
2339 1003 22
2339 1122 9
2339 1122 35
2339 1004 39
2339 1004 47
2339 2243 24
2339 2243 41
2345 971 49
2345 971 40
2345 970 21
2345 970 55
2345 980 17
2345 980 60
2345 997 10
2345 997 10
2345 975 29
2345 975 48
2345 981 22
2345 981 31
2345 995 37
2345 995 23
2345 996 4
2345 996 44
2345 998 7
2345 998 59
2345 999 28
2345 999 26
2345 974 9
2345 974 54
2345 2210 2
2345 2210 29
2345 2212 2
2345 2212 21
2345 982 46
2345 982 21
2345 983 24
2345 983 18
2345 1002 5
2345 1002 31
2345 1001 8
2345 1001 19
2345 1000 55
2345 1000 5
2345 972 53
2345 972 42
2345 1005 36
2345 1005 40
2345 1006 42
2345 1006 30
2345 2213 9
2345 2213 10
2345 2211 53
2345 2211 33
2345 973 11
2345 973 29
2345 994 13
2345 994 59
2345 984 17
2345 984 60
2345 1126 1
2345 1126 10
2345 1129 26
2345 1129 27
2345 1003 9
2345 1003 29
2345 1122 36
2345 1122 18
2345 1004 24
2345 1004 13
2345 2243 48
2345 2243 1
2349 971 13
2349 971 40
2349 970 33
2349 970 53
2349 980 21
2349 980 47
2349 997 6
2349 997 50
2349 975 1
2349 975 20
2349 981 33
2349 981 15
2349 995 29
2349 995 43
2349 996 25
2349 996 3
2349 998 21
2349 998 33
2349 999 27
2349 999 47
2349 974 29
2349 974 34
2349 2210 9
2349 2210 2
2349 2212 6
2349 2212 49
2349 982 8
2349 982 35
2349 983 35
2349 983 28
2349 1002 45
2349 1002 16
2349 1001 10
2349 1001 9
2349 1000 10
2349 1000 34
2349 972 1
2349 972 56
2349 1005 54
2349 1005 15
2349 1006 52
2349 1006 54
2349 2213 30
2349 2213 23
2349 2211 1
2349 2211 55
2349 973 58
2349 973 6
2349 994 27
2349 994 24
2349 984 14
2349 984 9
2349 1126 13
2349 1126 39
2349 1129 36
2349 1129 15
2349 1003 6
2349 1003 43
2349 1122 19
2349 1122 52
2349 1004 60
2349 1004 40
2349 2243 42
2349 2243 25
2372 971 2
2372 971 14
2372 970 30
2372 970 6
2372 980 3
2372 980 16
2372 997 37
2372 997 7
2372 975 55
2372 975 39
2372 981 37
2372 981 49
2372 995 36
2372 995 15
2372 996 60
2372 996 5
2372 998 26
2372 998 6
2372 999 2
2372 999 21
2372 974 49
2372 974 38
2372 2210 20
2372 2210 7
2372 2212 21
2372 2212 57
2372 982 4
2372 982 20
2372 983 26
2372 983 20
2372 1002 60
2372 1002 1
2372 1001 0
2372 1001 25
2372 1000 58
2372 1000 54
2372 972 34
2372 972 4
2372 1005 39
2372 1005 53
2372 1006 59
2372 1006 52
2372 2213 60
2372 2213 32
2372 2211 53
2372 2211 5
2372 973 14
2372 973 27
2372 994 58
2372 994 47
2372 984 9
2372 984 57
2372 1126 56
2372 1126 59
2372 1129 57
2372 1129 25
2372 1003 39
2372 1003 11
2372 1122 56
2372 1122 22
2372 1004 60
2372 1004 24
2372 2243 23
2372 2243 43
2373 971 3
2373 971 22
2373 970 37
2373 970 29
2373 980 60
2373 980 60
2373 997 28
2373 997 29
2373 975 56
2373 975 34
2373 981 30
2373 981 16
2373 995 27
2373 995 17
2373 996 55
2373 996 18
2373 998 0
2373 998 23
2373 999 2
2373 999 9
2373 974 52
2373 974 21
2373 2210 53
2373 2210 17
2373 2212 40
2373 2212 36
2373 982 32
2373 982 40
2373 983 19
2373 983 57
2373 1002 15
2373 1002 8
2373 1001 28
2373 1001 29
2373 1000 1
2373 1000 52
2373 972 24
2373 972 35
2373 1005 60
2373 1005 19
2373 1006 47
2373 1006 56
2373 2213 14
2373 2213 45
2373 2211 37
2373 2211 10
2373 973 11
2373 973 5
2373 994 32
2373 994 38
2373 984 9
2373 984 57
2373 1126 31
2373 1126 40
2373 1129 55
2373 1129 60
2373 1003 45
2373 1003 2
2373 1122 28
2373 1122 37
2373 1004 22
2373 1004 1
2373 2243 0
2373 2243 12
2343 971 13
2343 971 8
2343 970 22
2343 970 41
2343 980 8
2343 980 13
2343 997 2
2343 997 50
2343 975 28
2343 975 5
2343 981 40
2343 981 25
2343 995 33
2343 995 12
2343 996 51
2343 996 4
2343 998 32
2343 998 39
2343 999 47
2343 999 49
2343 974 51
2343 974 3
2343 2210 33
2343 2210 11
2343 2212 4
2343 2212 38
2343 982 0
2343 982 32
2343 983 59
2343 983 53
2343 1002 43
2343 1002 0
2343 1001 23
2343 1001 38
2343 1000 50
2343 1000 53
2343 972 14
2343 972 57
2343 1005 1
2343 1005 9
2343 1006 40
2343 1006 19
2343 2213 13
2343 2213 40
2343 2211 50
2343 2211 7
2343 973 53
2343 973 42
2343 994 33
2343 994 21
2343 984 11
2343 984 12
2343 1126 35
2343 1126 35
2343 1129 54
2343 1129 44
2343 1003 32
2343 1003 57
2343 1122 53
2343 1122 14
2343 1004 25
2343 1004 31
2343 2243 21
2343 2243 21
2353 971 18
2353 971 8
2353 970 20
2353 970 24
2353 980 6
2353 980 18
2353 997 31
2353 997 11
2353 975 4
2353 975 49
2353 981 44
2353 981 27
2353 995 42
2353 995 23
2353 996 48
2353 996 44
2353 998 52
2353 998 38
2353 999 55
2353 999 3
2353 974 3
2353 974 59
2353 2210 32
2353 2210 42
2353 2212 36
2353 2212 15
2353 982 51
2353 982 46
2353 983 0
2353 983 37
2353 1002 39
2353 1002 42
2353 1001 7
2353 1001 21
2353 1000 22
2353 1000 53
2353 972 49
2353 972 46
2353 1005 12
2353 1005 58
2353 1006 0
2353 1006 44
2353 2213 53
2353 2213 40
2353 2211 45
2353 2211 55
2353 973 54
2353 973 10
2353 994 35
2353 994 44
2353 984 45
2353 984 58
2353 1126 53
2353 1126 3
2353 1129 54
2353 1129 22
2353 1003 49
2353 1003 59
2353 1122 58
2353 1122 27
2353 1004 12
2353 1004 27
2353 2243 8
2353 2243 54
2334 971 4
2334 971 12
2334 970 47
2334 970 22
2334 980 49
2334 980 17
2334 997 38
2334 997 45
2334 975 44
2334 975 5
2334 981 30
2334 981 17
2334 995 44
2334 995 10
2334 996 58
2334 996 56
2334 998 36
2334 998 0
2334 999 22
2334 999 12
2334 974 37
2334 974 45
2334 2210 32
2334 2210 57
2334 2212 32
2334 2212 39
2334 982 46
2334 982 4
2334 983 33
2334 983 22
2334 1002 57
2334 1002 26
2334 1001 39
2334 1001 41
2334 1000 47
2334 1000 26
2334 972 33
2334 972 0
2334 1005 54
2334 1005 30
2334 1006 44
2334 1006 40
2334 2213 14
2334 2213 21
2334 2211 19
2334 2211 60
2334 973 56
2334 973 5
2334 994 31
2334 994 2
2334 984 15
2334 984 4
2334 1126 14
2334 1126 17
2334 1129 52
2334 1129 4
2334 1003 51
2334 1003 6
2334 1122 22
2334 1122 15
2334 1004 46
2334 1004 44
2334 2243 42
2334 2243 32
1057 971 36
1057 971 38
1057 970 22
1057 970 50
1057 980 32
1057 980 11
1057 997 46
1057 997 47
1057 975 0
1057 975 57
1057 981 41
1057 981 17
1057 995 31
1057 995 20
1057 996 44
1057 996 56
1057 998 17
1057 998 7
1057 999 51
1057 999 53
1057 974 34
1057 974 43
1057 2210 40
1057 2210 29
1057 2212 59
1057 2212 3
1057 982 44
1057 982 44
1057 983 21
1057 983 30
1057 1002 34
1057 1002 29
1057 1001 52
1057 1001 28
1057 1000 16
1057 1000 24
1057 972 26
1057 972 14
1057 1005 38
1057 1005 7
1057 1006 19
1057 1006 38
1057 2213 51
1057 2213 49
1057 2211 36
1057 2211 22
1057 973 32
1057 973 7
1057 994 10
1057 994 40
1057 984 20
1057 984 17
1057 1126 32
1057 1126 8
1057 1129 40
1057 1129 48
1057 1003 14
1057 1003 0
1057 1122 35
1057 1122 14
1057 1004 47
1057 1004 29
1057 2243 15
1057 2243 44
2340 971 17
2340 971 58
2340 970 45
2340 970 19
2340 980 50
2340 980 50
2340 997 17
2340 997 36
2340 975 35
2340 975 44
2340 981 29
2340 981 16
2340 995 43
2340 995 48
2340 996 53
2340 996 57
2340 998 4
2340 998 30
2340 999 20
2340 999 40
2340 974 2
2340 974 48
2340 2210 28
2340 2210 19
2340 2212 0
2340 2212 49
2340 982 24
2340 982 44
2340 983 23
2340 983 43
2340 1002 51
2340 1002 44
2340 1001 58
2340 1001 23
2340 1000 24
2340 1000 24
2340 972 4
2340 972 30
2340 1005 43
2340 1005 23
2340 1006 49
2340 1006 20
2340 2213 9
2340 2213 0
2340 2211 43
2340 2211 38
2340 973 30
2340 973 0
2340 994 38
2340 994 23
2340 984 16
2340 984 26
2340 1126 18
2340 1126 23
2340 1129 42
2340 1129 7
2340 1003 16
2340 1003 59
2340 1122 42
2340 1122 46
2340 1004 55
2340 1004 45
2340 2243 52
2340 2243 34
2341 971 31
2341 971 1
2341 970 52
2341 970 29
2341 980 5
2341 980 55
2341 997 31
2341 997 57
2341 975 45
2341 975 52
2341 981 27
2341 981 18
2341 995 58
2341 995 54
2341 996 50
2341 996 24
2341 998 54
2341 998 17
2341 999 26
2341 999 32
2341 974 30
2341 974 60
2341 2210 40
2341 2210 23
2341 2212 59
2341 2212 38
2341 982 11
2341 982 3
2341 983 30
2341 983 30
2341 1002 11
2341 1002 11
2341 1001 10
2341 1001 52
2341 1000 50
2341 1000 58
2341 972 23
2341 972 26
2341 1005 57
2341 1005 40
2341 1006 29
2341 1006 46
2341 2213 6
2341 2213 2
2341 2211 5
2341 2211 44
2341 973 5
2341 973 8
2341 994 6
2341 994 28
2341 984 13
2341 984 23
2341 1126 4
2341 1126 39
2341 1129 53
2341 1129 11
2341 1003 45
2341 1003 47
2341 1122 41
2341 1122 27
2341 1004 52
2341 1004 33
2341 2243 57
2341 2243 44
2346 971 44
2346 971 35
2346 970 31
2346 970 2
2346 980 21
2346 980 27
2346 997 32
2346 997 2
2346 975 12
2346 975 32
2346 981 5
2346 981 41
2346 995 42
2346 995 3
2346 996 27
2346 996 25
2346 998 24
2346 998 26
2346 999 26
2346 999 6
2346 974 51
2346 974 48
2346 2210 3
2346 2210 8
2346 2212 50
2346 2212 50
2346 982 35
2346 982 29
2346 983 49
2346 983 7
2346 1002 46
2346 1002 53
2346 1001 39
2346 1001 33
2346 1000 55
2346 1000 50
2346 972 53
2346 972 18
2346 1005 14
2346 1005 25
2346 1006 42
2346 1006 36
2346 2213 36
2346 2213 60
2346 2211 48
2346 2211 51
2346 973 6
2346 973 31
2346 994 21
2346 994 58
2346 984 40
2346 984 5
2346 1126 1
2346 1126 39
2346 1129 24
2346 1129 43
2346 1003 14
2346 1003 32
2346 1122 12
2346 1122 6
2346 1004 49
2346 1004 22
2346 2243 53
2346 2243 58
3024 971 15
3024 971 3
3024 970 54
3024 970 53
3024 980 19
3024 980 37
3024 997 44
3024 997 12
3024 975 4
3024 975 16
3024 981 31
3024 981 53
3024 995 19
3024 995 32
3024 996 47
3024 996 27
3024 998 26
3024 998 0
3024 999 32
3024 999 7
3024 974 47
3024 974 3
3024 2210 36
3024 2210 4
3024 2212 44
3024 2212 15
3024 982 51
3024 982 24
3024 983 10
3024 983 57
3024 1002 36
3024 1002 30
3024 1001 29
3024 1001 33
3024 1000 22
3024 1000 0
3024 972 21
3024 972 12
3024 1005 37
3024 1005 31
3024 1006 9
3024 1006 1
3024 2213 7
3024 2213 27
3024 2211 56
3024 2211 3
3024 973 6
3024 973 12
3024 994 30
3024 994 27
3024 984 54
3024 984 26
3024 1126 26
3024 1126 37
3024 1129 58
3024 1129 49
3024 1003 30
3024 1003 24
3024 1122 35
3024 1122 1
3024 1004 13
3024 1004 20
3024 2243 1
3024 2243 13
3025 971 3
3025 971 40
3025 970 17
3025 970 45
3025 980 57
3025 980 47
3025 997 57
3025 997 32
3025 975 59
3025 975 25
3025 981 50
3025 981 43
3025 995 19
3025 995 34
3025 996 42
3025 996 25
3025 998 40
3025 998 41
3025 999 34
3025 999 16
3025 974 18
3025 974 30
3025 2210 34
3025 2210 7
3025 2212 12
3025 2212 29
3025 982 9
3025 982 14
3025 983 47
3025 983 51
3025 1002 4
3025 1002 53
3025 1001 39
3025 1001 50
3025 1000 14
3025 1000 41
3025 972 6
3025 972 11
3025 1005 34
3025 1005 45
3025 1006 14
3025 1006 46
3025 2213 35
3025 2213 2
3025 2211 48
3025 2211 50
3025 973 36
3025 973 7
3025 994 30
3025 994 9
3025 984 25
3025 984 20
3025 1126 18
3025 1126 50
3025 1129 40
3025 1129 31
3025 1003 39
3025 1003 45
3025 1122 39
3025 1122 13
3025 1004 37
3025 1004 53
3025 2243 42
3025 2243 21
2366 971 48
2366 971 52
2366 970 39
2366 970 21
2366 980 2
2366 980 35
2366 997 46
2366 997 0
2366 975 22
2366 975 39
2366 981 22
2366 981 18
2366 995 26
2366 995 59
2366 996 38
2366 996 46
2366 998 41
2366 998 1
2366 999 54
2366 999 2
2366 974 43
2366 974 7
2366 2210 32
2366 2210 45
2366 2212 40
2366 2212 26
2366 982 7
2366 982 13
2366 983 7
2366 983 39
2366 1002 46
2366 1002 1
2366 1001 42
2366 1001 45
2366 1000 52
2366 1000 27
2366 972 39
2366 972 51
2366 1005 1
2366 1005 24
2366 1006 52
2366 1006 18
2366 2213 10
2366 2213 45
2366 2211 23
2366 2211 17
2366 973 30
2366 973 25
2366 994 3
2366 994 50
2366 984 39
2366 984 32
2366 1126 56
2366 1126 19
2366 1129 60
2366 1129 8
2366 1003 1
2366 1003 52
2366 1122 31
2366 1122 38
2366 1004 42
2366 1004 50
2366 2243 48
2366 2243 47
2344 971 14
2344 971 46
2344 970 41
2344 970 6
2344 980 6
2344 980 47
2344 997 37
2344 997 50
2344 975 34
2344 975 36
2344 981 46
2344 981 23
2344 995 52
2344 995 40
2344 996 47
2344 996 46
2344 998 26
2344 998 21
2344 999 38
2344 999 21
2344 974 37
2344 974 23
2344 2210 12
2344 2210 44
2344 2212 14
2344 2212 18
2344 982 1
2344 982 49
2344 983 5
2344 983 13
2344 1002 41
2344 1002 13
2344 1001 40
2344 1001 13
2344 1000 48
2344 1000 56
2344 972 19
2344 972 20
2344 1005 0
2344 1005 13
2344 1006 35
2344 1006 46
2344 2213 2
2344 2213 3
2344 2211 51
2344 2211 45
2344 973 20
2344 973 5
2344 994 53
2344 994 35
2344 984 0
2344 984 0
2344 1126 21
2344 1126 3
2344 1129 13
2344 1129 3
2344 1003 41
2344 1003 9
2344 1122 24
2344 1122 39
2344 1004 24
2344 1004 29
2344 2243 34
2344 2243 24
2335 971 47
2335 971 29
2335 970 40
2335 970 12
2335 980 46
2335 980 20
2335 997 29
2335 997 2
2335 975 34
2335 975 43
2335 981 17
2335 981 18
2335 995 54
2335 995 6
2335 996 41
2335 996 57
2335 998 20
2335 998 53
2335 999 41
2335 999 15
2335 974 55
2335 974 1
2335 2210 50
2335 2210 50
2335 2212 59
2335 2212 37
2335 982 7
2335 982 36
2335 983 24
2335 983 0
2335 1002 42
2335 1002 14
2335 1001 14
2335 1001 26
2335 1000 14
2335 1000 4
2335 972 27
2335 972 17
2335 1005 6
2335 1005 51
2335 1006 18
2335 1006 32
2335 2213 39
2335 2213 41
2335 2211 36
2335 2211 3
2335 973 27
2335 973 2
2335 994 11
2335 994 39
2335 984 44
2335 984 21
2335 1126 32
2335 1126 28
2335 1129 54
2335 1129 31
2335 1003 14
2335 1003 19
2335 1122 0
2335 1122 59
2335 1004 15
2335 1004 26
2335 2243 48
2335 2243 31
2338 971 38
2338 971 40
2338 970 40
2338 970 24
2338 980 30
2338 980 16
2338 997 49
2338 997 13
2338 975 50
2338 975 52
2338 981 4
2338 981 39
2338 995 7
2338 995 36
2338 996 34
2338 996 6
2338 998 49
2338 998 9
2338 999 58
2338 999 59
2338 974 21
2338 974 10
2338 2210 26
2338 2210 19
2338 2212 25
2338 2212 34
2338 982 28
2338 982 0
2338 983 21
2338 983 43
2338 1002 32
2338 1002 46
2338 1001 54
2338 1001 3
2338 1000 21
2338 1000 0
2338 972 41
2338 972 27
2338 1005 41
2338 1005 56
2338 1006 47
2338 1006 28
2338 2213 34
2338 2213 41
2338 2211 33
2338 2211 16
2338 973 5
2338 973 15
2338 994 32
2338 994 42
2338 984 18
2338 984 50
2338 1126 2
2338 1126 39
2338 1129 46
2338 1129 17
2338 1003 16
2338 1003 10
2338 1122 21
2338 1122 60
2338 1004 60
2338 1004 39
2338 2243 23
2338 2243 22
1056 971 11
1056 971 26
1056 970 21
1056 970 3
1056 980 59
1056 980 51
1056 997 45
1056 997 42
1056 975 38
1056 975 51
1056 981 26
1056 981 52
1056 995 50
1056 995 48
1056 996 54
1056 996 52
1056 998 44
1056 998 8
1056 999 49
1056 999 55
1056 974 1
1056 974 43
1056 2210 11
1056 2210 5
1056 2212 57
1056 2212 34
1056 982 32
1056 982 50
1056 983 17
1056 983 53
1056 1002 16
1056 1002 1
1056 1001 35
1056 1001 42
1056 1000 20
1056 1000 13
1056 972 47
1056 972 25
1056 1005 10
1056 1005 53
1056 1006 42
1056 1006 0
1056 2213 60
1056 2213 7
1056 2211 35
1056 2211 48
1056 973 9
1056 973 6
1056 994 21
1056 994 33
1056 984 33
1056 984 58
1056 1126 7
1056 1126 6
1056 1129 19
1056 1129 22
1056 1003 42
1056 1003 45
1056 1122 24
1056 1122 41
1056 1004 36
1056 1004 41
1056 2243 55
1056 2243 12
1294 971 24
1294 971 7
1294 970 43
1294 970 41
1294 980 59
1294 980 13
1294 997 16
1294 997 57
1294 975 19
1294 975 49
1294 981 13
1294 981 43
1294 995 18
1294 995 8
1294 996 0
1294 996 30
1294 998 32
1294 998 36
1294 999 31
1294 999 1
1294 974 51
1294 974 52
1294 2210 26
1294 2210 10
1294 2212 45
1294 2212 29
1294 982 0
1294 982 51
1294 983 53
1294 983 41
1294 1002 3
1294 1002 46
1294 1001 11
1294 1001 38
1294 1000 53
1294 1000 47
1294 972 41
1294 972 47
1294 1005 32
1294 1005 49
1294 1006 2
1294 1006 34
1294 2213 23
1294 2213 8
1294 2211 43
1294 2211 30
1294 973 33
1294 973 46
1294 994 43
1294 994 59
1294 984 13
1294 984 44
1294 1126 56
1294 1126 1
1294 1129 7
1294 1129 26
1294 1003 58
1294 1003 20
1294 1122 8
1294 1122 35
1294 1004 40
1294 1004 2
1294 2243 53
1294 2243 21
2514 971 10
2514 971 13
2514 970 45
2514 970 4
2514 980 7
2514 980 45
2514 997 3
2514 997 9
2514 975 2
2514 975 32
2514 981 47
2514 981 37
2514 995 37
2514 995 46
2514 996 31
2514 996 3
2514 998 43
2514 998 23
2514 999 37
2514 999 48
2514 974 4
2514 974 8
2514 2210 41
2514 2210 7
2514 2212 19
2514 2212 15
2514 982 32
2514 982 31
2514 983 25
2514 983 57
2514 1002 21
2514 1002 19
2514 1001 17
2514 1001 14
2514 1000 17
2514 1000 29
2514 972 20
2514 972 55
2514 1005 42
2514 1005 15
2514 1006 26
2514 1006 41
2514 2213 59
2514 2213 13
2514 2211 0
2514 2211 1
2514 973 22
2514 973 47
2514 994 23
2514 994 15
2514 984 33
2514 984 4
2514 1126 9
2514 1126 38
2514 1129 50
2514 1129 29
2514 1003 28
2514 1003 40
2514 1122 23
2514 1122 30
2514 1004 26
2514 1004 36
2514 2243 50
2514 2243 9
2900 971 22
2900 971 20
2900 970 46
2900 970 37
2900 980 24
2900 980 50
2900 997 17
2900 997 46
2900 975 0
2900 975 55
2900 981 20
2900 981 40
2900 995 45
2900 995 17
2900 996 50
2900 996 28
2900 998 52
2900 998 38
2900 999 52
2900 999 8
2900 974 9
2900 974 1
2900 2210 6
2900 2210 23
2900 2212 18
2900 2212 10
2900 982 6
2900 982 16
2900 983 37
2900 983 35
2900 1002 1
2900 1002 34
2900 1001 53
2900 1001 12
2900 1000 26
2900 1000 60
2900 972 15
2900 972 26
2900 1005 58
2900 1005 17
2900 1006 59
2900 1006 48
2900 2213 38
2900 2213 12
2900 2211 26
2900 2211 58
2900 973 29
2900 973 52
2900 994 47
2900 994 11
2900 984 33
2900 984 32
2900 1126 15
2900 1126 6
2900 1129 58
2900 1129 42
2900 1003 42
2900 1003 37
2900 1122 6
2900 1122 23
2900 1004 51
2900 1004 9
2900 2243 32
2900 2243 6
3030 971 25
3030 971 16
3030 970 9
3030 970 57
3030 980 49
3030 980 51
3030 997 27
3030 997 30
3030 975 26
3030 975 58
3030 981 53
3030 981 23
3030 995 37
3030 995 48
3030 996 1
3030 996 22
3030 998 32
3030 998 60
3030 999 9
3030 999 45
3030 974 5
3030 974 60
3030 2210 33
3030 2210 6
3030 2212 49
3030 2212 32
3030 982 50
3030 982 32
3030 983 1
3030 983 56
3030 1002 6
3030 1002 15
3030 1001 38
3030 1001 2
3030 1000 24
3030 1000 39
3030 972 18
3030 972 14
3030 1005 37
3030 1005 49
3030 1006 58
3030 1006 60
3030 2213 50
3030 2213 54
3030 2211 4
3030 2211 38
3030 973 34
3030 973 18
3030 994 4
3030 994 20
3030 984 23
3030 984 12
3030 1126 8
3030 1126 6
3030 1129 15
3030 1129 47
3030 1003 42
3030 1003 11
3030 1122 9
3030 1122 23
3030 1004 53
3030 1004 51
3030 2243 6
3030 2243 15
3026 971 27
3026 971 18
3026 970 14
3026 970 14
3026 980 45
3026 980 21
3026 997 52
3026 997 25
3026 975 15
3026 975 47
3026 981 14
3026 981 39
3026 995 26
3026 995 34
3026 996 3
3026 996 50
3026 998 54
3026 998 60
3026 999 52
3026 999 56
3026 974 50
3026 974 4
3026 2210 1
3026 2210 31
3026 2212 1
3026 2212 12
3026 982 2
3026 982 60
3026 983 8
3026 983 32
3026 1002 49
3026 1002 51
3026 1001 9
3026 1001 35
3026 1000 21
3026 1000 56
3026 972 19
3026 972 39
3026 1005 1
3026 1005 9
3026 1006 8
3026 1006 15
3026 2213 29
3026 2213 45
3026 2211 17
3026 2211 51
3026 973 36
3026 973 41
3026 994 2
3026 994 25
3026 984 48
3026 984 24
3026 1126 9
3026 1126 20
3026 1129 51
3026 1129 39
3026 1003 37
3026 1003 36
3026 1122 10
3026 1122 19
3026 1004 53
3026 1004 6
3026 2243 19
3026 2243 47
3027 971 59
3027 971 45
3027 970 24
3027 970 57
3027 980 52
3027 980 44
3027 997 5
3027 997 22
3027 975 16
3027 975 11
3027 981 50
3027 981 56
3027 995 12
3027 995 39
3027 996 6
3027 996 58
3027 998 26
3027 998 46
3027 999 58
3027 999 3
3027 974 52
3027 974 32
3027 2210 55
3027 2210 27
3027 2212 41
3027 2212 44
3027 982 43
3027 982 5
3027 983 20
3027 983 46
3027 1002 41
3027 1002 6
3027 1001 53
3027 1001 34
3027 1000 1
3027 1000 26
3027 972 21
3027 972 56
3027 1005 36
3027 1005 2
3027 1006 21
3027 1006 21
3027 2213 48
3027 2213 32
3027 2211 19
3027 2211 14
3027 973 2
3027 973 9
3027 994 42
3027 994 1
3027 984 9
3027 984 59
3027 1126 24
3027 1126 7
3027 1129 16
3027 1129 47
3027 1003 32
3027 1003 19
3027 1122 1
3027 1122 36
3027 1004 48
3027 1004 21
3027 2243 33
3027 2243 20
2365 971 24
2365 971 44
2365 970 10
2365 970 25
2365 980 58
2365 980 56
2365 997 29
2365 997 9
2365 975 29
2365 975 16
2365 981 33
2365 981 43
2365 995 23
2365 995 2
2365 996 37
2365 996 16
2365 998 17
2365 998 57
2365 999 3
2365 999 26
2365 974 53
2365 974 55
2365 2210 32
2365 2210 25
2365 2212 52
2365 2212 47
2365 982 44
2365 982 15
2365 983 17
2365 983 60
2365 1002 12
2365 1002 26
2365 1001 45
2365 1001 59
2365 1000 53
2365 1000 53
2365 972 8
2365 972 42
2365 1005 20
2365 1005 32
2365 1006 1
2365 1006 59
2365 2213 10
2365 2213 13
2365 2211 31
2365 2211 5
2365 973 4
2365 973 40
2365 994 47
2365 994 28
2365 984 40
2365 984 6
2365 1126 17
2365 1126 31
2365 1129 31
2365 1129 30
2365 1003 46
2365 1003 34
2365 1122 36
2365 1122 12
2365 1004 45
2365 1004 24
2365 2243 47
2365 2243 26
