3992 6131 26
3992 6131 22
3992 6131 10
3992 6131 43
3992 6130 33
3992 6130 11
3992 6130 48
3992 6130 32
3992 4127 30
3992 4127 25
3992 4127 54
3992 4127 11
3992 6129 7
3992 6129 11
3992 6129 9
3992 6129 43
3992 6202 32
3992 6202 33
3992 6202 54
3992 6202 47
3992 9748 29
3992 9748 36
3992 9748 16
3992 9748 6
3992 4128 41
3992 4128 52
3992 4128 14
3992 4128 16
3992 6128 25
3992 6128 22
3992 6128 27
3992 6128 28
3992 6179 17
3992 6179 10
3992 6179 20
3992 6179 8
3992 6203 27
3992 6203 6
3992 6203 1
3992 6203 24
3992 6187 31
3992 6187 2
3992 6187 39
3992 6187 14
3992 9763 10
3992 9763 10
3992 9763 16
3992 9763 59
3992 6201 31
3992 6201 8
3992 6201 22
3992 6201 42
3992 4130 56
3992 4130 51
3992 4130 40
3992 4130 43
3992 4135 28
3992 4135 22
3992 4135 45
3992 4135 50
3992 5981 57
3992 5981 41
3992 5981 33
3992 5981 16
3992 6178 8
3992 6178 1
3992 6178 23
3992 6178 10
3992 6185 60
3992 6185 28
3992 6185 41
3992 6185 47
3992 6188 37
3992 6188 29
3992 6188 12
3992 6188 37
3992 9749 7
3992 9749 19
3992 9749 35
3992 9749 50
3992 6189 8
3992 6189 38
3992 6189 44
3992 6189 17
3992 9764 60
3992 9764 28
3992 9764 44
3992 9764 11
3992 6200 51
3992 6200 29
3992 6200 44
3992 6200 23
3992 6176 7
3992 6176 26
3992 6176 56
3992 6176 59
3992 4129 51
3992 4129 36
3992 4129 43
3992 4129 12
3992 4131 43
3992 4131 7
3992 4131 5
3992 4131 32
3992 4148 52
3992 4148 11
3992 4148 22
3992 4148 36
3992 4133 19
3992 4133 8
3992 4133 31
3992 4133 23
3992 4136 4
3992 4136 53
3992 4136 12
3992 4136 36
3992 5236 28
3992 5236 27
3992 5236 37
3992 5236 16
3992 5980 53
3992 5980 19
3992 5980 31
3992 5980 8
3992 6180 6
3992 6180 40
3992 6180 33
3992 6180 38
3991 6131 32
3991 6131 51
3991 6131 17
3991 6131 14
3991 6130 48
3991 6130 26
3991 6130 25
3991 6130 20
3991 4127 21
3991 4127 53
3991 4127 42
3991 4127 58
3991 6129 7
3991 6129 10
3991 6129 46
3991 6129 40
3991 6202 20
3991 6202 35
3991 6202 3
3991 6202 45
3991 9748 42
3991 9748 41
3991 9748 58
3991 9748 4
3991 4128 9
3991 4128 60
3991 4128 38
3991 4128 23
3991 6128 35
3991 6128 20
3991 6128 51
3991 6128 39
3991 6179 10
3991 6179 57
3991 6179 19
3991 6179 3
3991 6203 0
3991 6203 48
3991 6203 40
3991 6203 17
3991 6187 40
3991 6187 24
3991 6187 56
3991 6187 2
3991 9763 7
3991 9763 38
3991 9763 38
3991 9763 51
3991 6201 5
3991 6201 49
3991 6201 56
3991 6201 44
3991 4130 3
3991 4130 50
3991 4130 3
3991 4130 14
3991 4135 57
3991 4135 25
3991 4135 57
3991 4135 30
3991 5981 57
3991 5981 9
3991 5981 24
3991 5981 20
3991 6178 47
3991 6178 47
3991 6178 40
3991 6178 37
3991 6185 59
3991 6185 20
3991 6185 47
3991 6185 21
3991 6188 24
3991 6188 17
3991 6188 24
3991 6188 28
3991 9749 2
3991 9749 43
3991 9749 52
3991 9749 37
3991 6189 33
3991 6189 25
3991 6189 40
3991 6189 59
3991 9764 3
3991 9764 53
3991 9764 0
3991 9764 33
3991 6200 18
3991 6200 2
3991 6200 0
3991 6200 55
3991 6176 33
3991 6176 51
3991 6176 31
3991 6176 32
3991 4129 22
3991 4129 40
3991 4129 41
3991 4129 56
3991 4131 36
3991 4131 58
3991 4131 17
3991 4131 1
3991 4148 26
3991 4148 13
3991 4148 16
3991 4148 33
3991 4133 32
3991 4133 46
3991 4133 39
3991 4133 11
3991 4136 42
3991 4136 24
3991 4136 37
3991 4136 34
3991 5236 28
3991 5236 37
3991 5236 39
3991 5236 57
3991 5980 5
3991 5980 25
3991 5980 48
3991 5980 54
3991 6180 56
3991 6180 36
3991 6180 16
3991 6180 3
3989 6131 26
3989 6131 49
3989 6131 53
3989 6131 21
3989 6130 46
3989 6130 19
3989 6130 28
3989 6130 59
3989 4127 53
3989 4127 43
3989 4127 54
3989 4127 10
3989 6129 36
3989 6129 46
3989 6129 4
3989 6129 5
3989 6202 58
3989 6202 41
3989 6202 18
3989 6202 59
3989 9748 42
3989 9748 42
3989 9748 36
3989 9748 19
3989 4128 20
3989 4128 26
3989 4128 8
3989 4128 35
3989 6128 25
3989 6128 59
3989 6128 37
3989 6128 25
3989 6179 21
3989 6179 42
3989 6179 19
3989 6179 9
3989 6203 42
3989 6203 12
3989 6203 8
3989 6203 49
3989 6187 45
3989 6187 2
3989 6187 21
3989 6187 17
3989 9763 39
3989 9763 55
3989 9763 2
3989 9763 58
3989 6201 30
3989 6201 46
3989 6201 38
3989 6201 41
3989 4130 49
3989 4130 31
3989 4130 22
3989 4130 52
3989 4135 49
3989 4135 52
3989 4135 7
3989 4135 18
3989 5981 24
3989 5981 43
3989 5981 30
3989 5981 16
3989 6178 3
3989 6178 27
3989 6178 30
3989 6178 41
3989 6185 45
3989 6185 28
3989 6185 35
3989 6185 43
3989 6188 50
3989 6188 54
3989 6188 14
3989 6188 20
3989 9749 47
3989 9749 47
3989 9749 57
3989 9749 19
3989 6189 12
3989 6189 15
3989 6189 29
3989 6189 37
3989 9764 38
3989 9764 3
3989 9764 15
3989 9764 53
3989 6200 22
3989 6200 15
3989 6200 58
3989 6200 0
3989 6176 49
3989 6176 51
3989 6176 37
3989 6176 2
3989 4129 40
3989 4129 22
3989 4129 27
3989 4129 49
3989 4131 51
3989 4131 33
3989 4131 48
3989 4131 8
3989 4148 0
3989 4148 57
3989 4148 10
3989 4148 0
3989 4133 36
3989 4133 18
3989 4133 50
3989 4133 47
3989 4136 57
3989 4136 29
3989 4136 52
3989 4136 42
3989 5236 56
3989 5236 57
3989 5236 39
3989 5236 60
3989 5980 54
3989 5980 40
3989 5980 54
3989 5980 14
3989 6180 60
3989 6180 47
3989 6180 27
3989 6180 43
3990 6131 22
3990 6131 36
3990 6131 12
3990 6131 31
3990 6130 53
3990 6130 17
3990 6130 17
3990 6130 37
3990 4127 23
3990 4127 23
3990 4127 25
3990 4127 16
3990 6129 23
3990 6129 48
3990 6129 56
3990 6129 0
3990 6202 25
3990 6202 46
3990 6202 41
3990 6202 9
3990 9748 18
3990 9748 33
3990 9748 18
3990 9748 40
3990 4128 48
3990 4128 30
3990 4128 40
3990 4128 42
3990 6128 46
3990 6128 25
3990 6128 56
3990 6128 53
3990 6179 17
3990 6179 55
3990 6179 53
3990 6179 17
3990 6203 2
3990 6203 58
3990 6203 3
3990 6203 2
3990 6187 10
3990 6187 40
3990 6187 53
3990 6187 35
3990 9763 36
3990 9763 43
3990 9763 57
3990 9763 39
3990 6201 20
3990 6201 47
3990 6201 6
3990 6201 9
3990 4130 1
3990 4130 34
3990 4130 52
3990 4130 44
3990 4135 10
3990 4135 13
3990 4135 22
3990 4135 34
3990 5981 2
3990 5981 14
3990 5981 40
3990 5981 43
3990 6178 21
3990 6178 54
3990 6178 35
3990 6178 57
3990 6185 37
3990 6185 59
3990 6185 14
3990 6185 57
3990 6188 1
3990 6188 0
3990 6188 4
3990 6188 24
3990 9749 32
3990 9749 46
3990 9749 18
3990 9749 54
3990 6189 40
3990 6189 15
3990 6189 22
3990 6189 57
3990 9764 15
3990 9764 10
3990 9764 25
3990 9764 58
3990 6200 16
3990 6200 7
3990 6200 57
3990 6200 32
3990 6176 59
3990 6176 20
3990 6176 44
3990 6176 0
3990 4129 41
3990 4129 38
3990 4129 9
3990 4129 10
3990 4131 24
3990 4131 8
3990 4131 17
3990 4131 8
3990 4148 35
3990 4148 22
3990 4148 29
3990 4148 60
3990 4133 36
3990 4133 59
3990 4133 27
3990 4133 41
3990 4136 55
3990 4136 51
3990 4136 33
3990 4136 45
3990 5236 0
3990 5236 29
3990 5236 44
3990 5236 28
3990 5980 38
3990 5980 9
3990 5980 11
3990 5980 32
3990 6180 5
3990 6180 31
3990 6180 55
3990 6180 29
4034 6131 21
4034 6131 25
4034 6131 32
4034 6131 40
4034 6130 16
4034 6130 40
4034 6130 50
4034 6130 48
4034 4127 52
4034 4127 26
4034 4127 11
4034 4127 60
4034 6129 48
4034 6129 3
4034 6129 51
4034 6129 18
4034 6202 14
4034 6202 6
4034 6202 28
4034 6202 39
4034 9748 24
4034 9748 40
4034 9748 50
4034 9748 27
4034 4128 59
4034 4128 51
4034 4128 20
4034 4128 48
4034 6128 0
4034 6128 45
4034 6128 20
4034 6128 17
4034 6179 23
4034 6179 45
4034 6179 28
4034 6179 41
4034 6203 21
4034 6203 52
4034 6203 19
4034 6203 36
4034 6187 5
4034 6187 29
4034 6187 52
4034 6187 35
4034 9763 60
4034 9763 51
4034 9763 0
4034 9763 14
4034 6201 36
4034 6201 7
4034 6201 18
4034 6201 41
4034 4130 53
4034 4130 29
4034 4130 11
4034 4130 5
4034 4135 7
4034 4135 19
4034 4135 45
4034 4135 20
4034 5981 19
4034 5981 1
4034 5981 37
4034 5981 44
4034 6178 5
4034 6178 11
4034 6178 17
4034 6178 16
4034 6185 55
4034 6185 24
4034 6185 30
4034 6185 33
4034 6188 4
4034 6188 48
4034 6188 59
4034 6188 27
4034 9749 1
4034 9749 0
4034 9749 28
4034 9749 33
4034 6189 27
4034 6189 55
4034 6189 58
4034 6189 13
4034 9764 31
4034 9764 28
4034 9764 37
4034 9764 20
4034 6200 16
4034 6200 59
4034 6200 52
4034 6200 7
4034 6176 37
4034 6176 8
4034 6176 44
4034 6176 12
4034 4129 39
4034 4129 37
4034 4129 56
4034 4129 31
4034 4131 22
4034 4131 17
4034 4131 58
4034 4131 60
4034 4148 21
4034 4148 39
4034 4148 26
4034 4148 56
4034 4133 26
4034 4133 60
4034 4133 7
4034 4133 47
4034 4136 1
4034 4136 22
4034 4136 28
4034 4136 60
4034 5236 8
4034 5236 40
4034 5236 59
4034 5236 13
4034 5980 30
4034 5980 4
4034 5980 26
4034 5980 17
4034 6180 50
4034 6180 23
4034 6180 4
4034 6180 10
3987 6131 56
3987 6131 24
3987 6131 12
3987 6131 50
3987 6130 38
3987 6130 59
3987 6130 54
3987 6130 19
3987 4127 40
3987 4127 4
3987 4127 12
3987 4127 15
3987 6129 43
3987 6129 1
3987 6129 31
3987 6129 5
3987 6202 11
3987 6202 21
3987 6202 19
3987 6202 24
3987 9748 24
3987 9748 51
3987 9748 16
3987 9748 41
3987 4128 5
3987 4128 10
3987 4128 47
3987 4128 18
3987 6128 24
3987 6128 16
3987 6128 17
3987 6128 24
3987 6179 14
3987 6179 30
3987 6179 52
3987 6179 13
3987 6203 21
3987 6203 3
3987 6203 46
3987 6203 59
3987 6187 1
3987 6187 25
3987 6187 21
3987 6187 14
3987 9763 25
3987 9763 16
3987 9763 31
3987 9763 60
3987 6201 4
3987 6201 55
3987 6201 12
3987 6201 50
3987 4130 13
3987 4130 1
3987 4130 13
3987 4130 27
3987 4135 29
3987 4135 43
3987 4135 39
3987 4135 14
3987 5981 1
3987 5981 10
3987 5981 45
3987 5981 22
3987 6178 14
3987 6178 36
3987 6178 41
3987 6178 37
3987 6185 53
3987 6185 29
3987 6185 10
3987 6185 0
3987 6188 58
3987 6188 8
3987 6188 60
3987 6188 60
3987 9749 2
3987 9749 36
3987 9749 24
3987 9749 21
3987 6189 2
3987 6189 31
3987 6189 45
3987 6189 49
3987 9764 24
3987 9764 26
3987 9764 20
3987 9764 51
3987 6200 33
3987 6200 49
3987 6200 14
3987 6200 32
3987 6176 50
3987 6176 57
3987 6176 33
3987 6176 20
3987 4129 6
3987 4129 1
3987 4129 6
3987 4129 33
3987 4131 4
3987 4131 4
3987 4131 11
3987 4131 59
3987 4148 60
3987 4148 59
3987 4148 15
3987 4148 42
3987 4133 57
3987 4133 23
3987 4133 55
3987 4133 35
3987 4136 4
3987 4136 47
3987 4136 26
3987 4136 31
3987 5236 38
3987 5236 23
3987 5236 13
3987 5236 55
3987 5980 13
3987 5980 54
3987 5980 22
3987 5980 58
3987 6180 1
3987 6180 43
3987 6180 21
3987 6180 53
3993 6131 8
3993 6131 8
3993 6131 28
3993 6131 24
3993 6130 26
3993 6130 29
3993 6130 50
3993 6130 39
3993 4127 29
3993 4127 33
3993 4127 56
3993 4127 13
3993 6129 8
3993 6129 2
3993 6129 19
3993 6129 40
3993 6202 21
3993 6202 39
3993 6202 37
3993 6202 38
3993 9748 30
3993 9748 29
3993 9748 7
3993 9748 55
3993 4128 33
3993 4128 43
3993 4128 44
3993 4128 31
3993 6128 42
3993 6128 51
3993 6128 28
3993 6128 48
3993 6179 8
3993 6179 28
3993 6179 22
3993 6179 3
3993 6203 40
3993 6203 28
3993 6203 5
3993 6203 17
3993 6187 32
3993 6187 36
3993 6187 20
3993 6187 21
3993 9763 22
3993 9763 49
3993 9763 3
3993 9763 8
3993 6201 14
3993 6201 48
3993 6201 17
3993 6201 31
3993 4130 31
3993 4130 44
3993 4130 0
3993 4130 18
3993 4135 17
3993 4135 19
3993 4135 48
3993 4135 57
3993 5981 36
3993 5981 8
3993 5981 2
3993 5981 9
3993 6178 50
3993 6178 3
3993 6178 22
3993 6178 53
3993 6185 28
3993 6185 1
3993 6185 40
3993 6185 19
3993 6188 50
3993 6188 28
3993 6188 37
3993 6188 33
3993 9749 45
3993 9749 48
3993 9749 28
3993 9749 30
3993 6189 19
3993 6189 39
3993 6189 60
3993 6189 16
3993 9764 56
3993 9764 60
3993 9764 17
3993 9764 60
3993 6200 34
3993 6200 34
3993 6200 8
3993 6200 52
3993 6176 29
3993 6176 20
3993 6176 11
3993 6176 25
3993 4129 36
3993 4129 18
3993 4129 7
3993 4129 37
3993 4131 24
3993 4131 9
3993 4131 38
3993 4131 19
3993 4148 29
3993 4148 17
3993 4148 54
3993 4148 11
3993 4133 10
3993 4133 6
3993 4133 60
3993 4133 46
3993 4136 34
3993 4136 48
3993 4136 39
3993 4136 28
3993 5236 3
3993 5236 45
3993 5236 35
3993 5236 27
3993 5980 18
3993 5980 15
3993 5980 20
3993 5980 9
3993 6180 28
3993 6180 6
3993 6180 10
3993 6180 0
5225 6131 46
5225 6131 49
5225 6131 7
5225 6131 42
5225 6130 39
5225 6130 11
5225 6130 55
5225 6130 31
5225 4127 3
5225 4127 4
5225 4127 10
5225 4127 22
5225 6129 60
5225 6129 5
5225 6129 19
5225 6129 16
5225 6202 37
5225 6202 34
5225 6202 5
5225 6202 1
5225 9748 19
5225 9748 29
5225 9748 16
5225 9748 15
5225 4128 8
5225 4128 43
5225 4128 19
5225 4128 49
5225 6128 51
5225 6128 32
5225 6128 29
5225 6128 16
5225 6179 58
5225 6179 26
5225 6179 8
5225 6179 40
5225 6203 10
5225 6203 2
5225 6203 43
5225 6203 17
5225 6187 40
5225 6187 54
5225 6187 53
5225 6187 50
5225 9763 60
5225 9763 3
5225 9763 16
5225 9763 12
5225 6201 31
5225 6201 34
5225 6201 8
5225 6201 2
5225 4130 46
5225 4130 56
5225 4130 1
5225 4130 0
5225 4135 2
5225 4135 54
5225 4135 7
5225 4135 60
5225 5981 53
5225 5981 24
5225 5981 56
5225 5981 30
5225 6178 12
5225 6178 34
5225 6178 44
5225 6178 58
5225 6185 54
5225 6185 27
5225 6185 42
5225 6185 5
5225 6188 15
5225 6188 28
5225 6188 13
5225 6188 60
5225 9749 14
5225 9749 57
5225 9749 47
5225 9749 3
5225 6189 57
5225 6189 56
5225 6189 35
5225 6189 43
5225 9764 18
5225 9764 13
5225 9764 27
5225 9764 37
5225 6200 4
5225 6200 31
5225 6200 34
5225 6200 36
5225 6176 24
5225 6176 17
5225 6176 59
5225 6176 29
5225 4129 50
5225 4129 0
5225 4129 57
5225 4129 46
5225 4131 5
5225 4131 48
5225 4131 48
5225 4131 30
5225 4148 7
5225 4148 45
5225 4148 32
5225 4148 56
5225 4133 45
5225 4133 22
5225 4133 10
5225 4133 16
5225 4136 28
5225 4136 3
5225 4136 60
5225 4136 20
5225 5236 47
5225 5236 34
5225 5236 41
5225 5236 14
5225 5980 48
5225 5980 47
5225 5980 5
5225 5980 19
5225 6180 58
5225 6180 54
5225 6180 41
5225 6180 54
3988 6131 6
3988 6131 11
3988 6131 56
3988 6131 20
3988 6130 14
3988 6130 25
3988 6130 15
3988 6130 31
3988 4127 7
3988 4127 25
3988 4127 54
3988 4127 51
3988 6129 14
3988 6129 39
3988 6129 5
3988 6129 42
3988 6202 8
3988 6202 32
3988 6202 19
3988 6202 58
3988 9748 54
3988 9748 8
3988 9748 6
3988 9748 8
3988 4128 59
3988 4128 59
3988 4128 33
3988 4128 15
3988 6128 16
3988 6128 22
3988 6128 34
3988 6128 55
3988 6179 18
3988 6179 56
3988 6179 54
3988 6179 34
3988 6203 54
3988 6203 15
3988 6203 15
3988 6203 32
3988 6187 15
3988 6187 45
3988 6187 30
3988 6187 56
3988 9763 57
3988 9763 53
3988 9763 44
3988 9763 21
3988 6201 40
3988 6201 14
3988 6201 3
3988 6201 21
3988 4130 47
3988 4130 54
3988 4130 48
3988 4130 31
3988 4135 44
3988 4135 58
3988 4135 9
3988 4135 6
3988 5981 53
3988 5981 21
3988 5981 39
3988 5981 40
3988 6178 15
3988 6178 47
3988 6178 51
3988 6178 15
3988 6185 34
3988 6185 52
3988 6185 43
3988 6185 35
3988 6188 20
3988 6188 51
3988 6188 34
3988 6188 21
3988 9749 48
3988 9749 33
3988 9749 40
3988 9749 1
3988 6189 49
3988 6189 10
3988 6189 49
3988 6189 38
3988 9764 59
3988 9764 51
3988 9764 1
3988 9764 39
3988 6200 50
3988 6200 52
3988 6200 51
3988 6200 0
3988 6176 3
3988 6176 54
3988 6176 8
3988 6176 8
3988 4129 15
3988 4129 14
3988 4129 23
3988 4129 10
3988 4131 31
3988 4131 4
3988 4131 49
3988 4131 4
3988 4148 56
3988 4148 54
3988 4148 25
3988 4148 44
3988 4133 15
3988 4133 42
3988 4133 59
3988 4133 58
3988 4136 50
3988 4136 12
3988 4136 11
3988 4136 6
3988 5236 12
3988 5236 7
3988 5236 7
3988 5236 9
3988 5980 28
3988 5980 28
3988 5980 10
3988 5980 29
3988 6180 60
3988 6180 45
3988 6180 14
3988 6180 45
4029 6131 3
4029 6131 50
4029 6131 19
4029 6131 52
4029 6130 0
4029 6130 43
4029 6130 6
4029 6130 23
4029 4127 32
4029 4127 35
4029 4127 58
4029 4127 47
4029 6129 57
4029 6129 11
4029 6129 37
4029 6129 5
4029 6202 54
4029 6202 59
4029 6202 22
4029 6202 52
4029 9748 3
4029 9748 8
4029 9748 50
4029 9748 47
4029 4128 10
4029 4128 40
4029 4128 2
4029 4128 44
4029 6128 54
4029 6128 44
4029 6128 36
4029 6128 2
4029 6179 40
4029 6179 22
4029 6179 53
4029 6179 56
4029 6203 46
4029 6203 50
4029 6203 5
4029 6203 23
4029 6187 17
4029 6187 23
4029 6187 19
4029 6187 56
4029 9763 18
4029 9763 17
4029 9763 45
4029 9763 60
4029 6201 5
4029 6201 58
4029 6201 48
4029 6201 9
4029 4130 33
4029 4130 23
4029 4130 42
4029 4130 60
4029 4135 18
4029 4135 57
4029 4135 46
4029 4135 22
4029 5981 0
4029 5981 50
4029 5981 27
4029 5981 26
4029 6178 32
4029 6178 43
4029 6178 23
4029 6178 24
4029 6185 9
4029 6185 45
4029 6185 32
4029 6185 50
4029 6188 4
4029 6188 33
4029 6188 51
4029 6188 16
4029 9749 58
4029 9749 53
4029 9749 39
4029 9749 10
4029 6189 32
4029 6189 59
4029 6189 12
4029 6189 15
4029 9764 42
4029 9764 17
4029 9764 40
4029 9764 27
4029 6200 10
4029 6200 6
4029 6200 24
4029 6200 43
4029 6176 32
4029 6176 30
4029 6176 10
4029 6176 0
4029 4129 46
4029 4129 9
4029 4129 55
4029 4129 33
4029 4131 15
4029 4131 54
4029 4131 55
4029 4131 16
4029 4148 44
4029 4148 60
4029 4148 2
4029 4148 41
4029 4133 29
4029 4133 15
4029 4133 52
4029 4133 4
4029 4136 3
4029 4136 1
4029 4136 43
4029 4136 22
4029 5236 12
4029 5236 40
4029 5236 59
4029 5236 4
4029 5980 13
4029 5980 6
4029 5980 17
4029 5980 32
4029 6180 44
4029 6180 43
4029 6180 27
4029 6180 13
4030 6131 60
4030 6131 6
4030 6131 41
4030 6131 53
4030 6130 48
4030 6130 19
4030 6130 24
4030 6130 31
4030 4127 8
4030 4127 30
4030 4127 49
4030 4127 14
4030 6129 41
4030 6129 6
4030 6129 47
4030 6129 47
4030 6202 33
4030 6202 50
4030 6202 12
4030 6202 55
4030 9748 45
4030 9748 59
4030 9748 46
4030 9748 12
4030 4128 28
4030 4128 5
4030 4128 50
4030 4128 35
4030 6128 20
4030 6128 4
4030 6128 29
4030 6128 30
4030 6179 39
4030 6179 0
4030 6179 33
4030 6179 42
4030 6203 56
4030 6203 18
4030 6203 4
4030 6203 42
4030 6187 10
4030 6187 41
4030 6187 46
4030 6187 26
4030 9763 55
4030 9763 24
4030 9763 21
4030 9763 9
4030 6201 35
4030 6201 36
4030 6201 10
4030 6201 44
4030 4130 25
4030 4130 52
4030 4130 25
4030 4130 17
4030 4135 42
4030 4135 8
4030 4135 9
4030 4135 5
4030 5981 59
4030 5981 5
4030 5981 24
4030 5981 9
4030 6178 37
4030 6178 30
4030 6178 40
4030 6178 52
4030 6185 50
4030 6185 17
4030 6185 6
4030 6185 18
4030 6188 10
4030 6188 11
4030 6188 59
4030 6188 34
4030 9749 18
4030 9749 34
4030 9749 37
4030 9749 8
4030 6189 50
4030 6189 21
4030 6189 60
4030 6189 40
4030 9764 48
4030 9764 34
4030 9764 44
4030 9764 11
4030 6200 1
4030 6200 57
4030 6200 24
4030 6200 54
4030 6176 60
4030 6176 56
4030 6176 27
4030 6176 9
4030 4129 59
4030 4129 19
4030 4129 21
4030 4129 32
4030 4131 23
4030 4131 8
4030 4131 11
4030 4131 2
4030 4148 27
4030 4148 12
4030 4148 46
4030 4148 27
4030 4133 13
4030 4133 8
4030 4133 40
4030 4133 40
4030 4136 41
4030 4136 25
4030 4136 32
4030 4136 3
4030 5236 22
4030 5236 44
4030 5236 53
4030 5236 53
4030 5980 5
4030 5980 23
4030 5980 44
4030 5980 25
4030 6180 5
4030 6180 59
4030 6180 33
4030 6180 14
4025 6131 50
4025 6131 54
4025 6131 14
4025 6131 38
4025 6130 33
4025 6130 39
4025 6130 32
4025 6130 40
4025 4127 57
4025 4127 1
4025 4127 58
4025 4127 13
4025 6129 3
4025 6129 3
4025 6129 47
4025 6129 19
4025 6202 40
4025 6202 0
4025 6202 18
4025 6202 13
4025 9748 56
4025 9748 24
4025 9748 20
4025 9748 27
4025 4128 42
4025 4128 11
4025 4128 2
4025 4128 15
4025 6128 39
4025 6128 58
4025 6128 42
4025 6128 16
4025 6179 24
4025 6179 2
4025 6179 31
4025 6179 22
4025 6203 43
4025 6203 25
4025 6203 3
4025 6203 13
4025 6187 50
4025 6187 28
4025 6187 15
4025 6187 34
4025 9763 38
4025 9763 37
4025 9763 22
4025 9763 12
4025 6201 4
4025 6201 13
4025 6201 40
4025 6201 21
4025 4130 37
4025 4130 10
4025 4130 53
4025 4130 22
4025 4135 28
4025 4135 13
4025 4135 54
4025 4135 27
4025 5981 59
4025 5981 13
4025 5981 8
4025 5981 57
4025 6178 19
4025 6178 34
4025 6178 14
4025 6178 35
4025 6185 8
4025 6185 29
4025 6185 58
4025 6185 12
4025 6188 24
4025 6188 20
4025 6188 38
4025 6188 50
4025 9749 59
4025 9749 2
4025 9749 18
4025 9749 48
4025 6189 50
4025 6189 11
4025 6189 49
4025 6189 1
4025 9764 35
4025 9764 34
4025 9764 53
4025 9764 8
4025 6200 15
4025 6200 30
4025 6200 48
4025 6200 19
4025 6176 36
4025 6176 12
4025 6176 27
4025 6176 52
4025 4129 4
4025 4129 18
4025 4129 35
4025 4129 51
4025 4131 29
4025 4131 4
4025 4131 56
4025 4131 20
4025 4148 37
4025 4148 40
4025 4148 49
4025 4148 24
4025 4133 4
4025 4133 20
4025 4133 19
4025 4133 58
4025 4136 26
4025 4136 26
4025 4136 18
4025 4136 45
4025 5236 43
4025 5236 0
4025 5236 26
4025 5236 3
4025 5980 58
4025 5980 34
4025 5980 31
4025 5980 13
4025 6180 9
4025 6180 30
4025 6180 58
4025 6180 22
4036 6131 47
4036 6131 27
4036 6131 8
4036 6131 58
4036 6130 44
4036 6130 44
4036 6130 52
4036 6130 14
4036 4127 36
4036 4127 46
4036 4127 7
4036 4127 12
4036 6129 12
4036 6129 6
4036 6129 16
4036 6129 35
4036 6202 38
4036 6202 7
4036 6202 47
4036 6202 10
4036 9748 24
4036 9748 20
4036 9748 28
4036 9748 29
4036 4128 49
4036 4128 22
4036 4128 32
4036 4128 43
4036 6128 57
4036 6128 39
4036 6128 22
4036 6128 22
4036 6179 1
4036 6179 49
4036 6179 56
4036 6179 34
4036 6203 60
4036 6203 4
4036 6203 43
4036 6203 40
4036 6187 51
4036 6187 22
4036 6187 37
4036 6187 34
4036 9763 24
4036 9763 60
4036 9763 36
4036 9763 54
4036 6201 9
4036 6201 2
4036 6201 34
4036 6201 50
4036 4130 21
4036 4130 33
4036 4130 48
4036 4130 45
4036 4135 12
4036 4135 52
4036 4135 31
4036 4135 34
4036 5981 16
4036 5981 23
4036 5981 54
4036 5981 45
4036 6178 29
4036 6178 4
4036 6178 12
4036 6178 22
4036 6185 38
4036 6185 19
4036 6185 52
4036 6185 52
4036 6188 30
4036 6188 49
4036 6188 24
4036 6188 11
4036 9749 17
4036 9749 52
4036 9749 18
4036 9749 51
4036 6189 22
4036 6189 16
4036 6189 6
4036 6189 6
4036 9764 5
4036 9764 28
4036 9764 17
4036 9764 28
4036 6200 12
4036 6200 24
4036 6200 27
4036 6200 50
4036 6176 8
4036 6176 27
4036 6176 11
4036 6176 44
4036 4129 32
4036 4129 38
4036 4129 9
4036 4129 55
4036 4131 52
4036 4131 8
4036 4131 3
4036 4131 3
4036 4148 24
4036 4148 47
4036 4148 7
4036 4148 21
4036 4133 45
4036 4133 12
4036 4133 23
4036 4133 26
4036 4136 53
4036 4136 59
4036 4136 21
4036 4136 44
4036 5236 14
4036 5236 18
4036 5236 22
4036 5236 47
4036 5980 21
4036 5980 51
4036 5980 27
4036 5980 2
4036 6180 22
4036 6180 28
4036 6180 35
4036 6180 34
3984 6131 40
3984 6131 22
3984 6131 53
3984 6131 45
3984 6130 7
3984 6130 0
3984 6130 60
3984 6130 58
3984 4127 25
3984 4127 49
3984 4127 25
3984 4127 58
3984 6129 45
3984 6129 24
3984 6129 33
3984 6129 10
3984 6202 36
3984 6202 39
3984 6202 35
3984 6202 33
3984 9748 31
3984 9748 9
3984 9748 1
3984 9748 50
3984 4128 51
3984 4128 29
3984 4128 7
3984 4128 34
3984 6128 12
3984 6128 13
3984 6128 25
3984 6128 4
3984 6179 1
3984 6179 46
3984 6179 48
3984 6179 25
3984 6203 31
3984 6203 35
3984 6203 23
3984 6203 28
3984 6187 4
3984 6187 58
3984 6187 0
3984 6187 33
3984 9763 52
3984 9763 37
3984 9763 35
3984 9763 60
3984 6201 14
3984 6201 34
3984 6201 58
3984 6201 24
3984 4130 59
3984 4130 3
3984 4130 16
3984 4130 35
3984 4135 2
3984 4135 26
3984 4135 3
3984 4135 11
3984 5981 47
3984 5981 49
3984 5981 20
3984 5981 10
3984 6178 0
3984 6178 57
3984 6178 12
3984 6178 14
3984 6185 2
3984 6185 21
3984 6185 1
3984 6185 24
3984 6188 57
3984 6188 28
3984 6188 27
3984 6188 34
3984 9749 2
3984 9749 0
3984 9749 29
3984 9749 38
3984 6189 7
3984 6189 46
3984 6189 37
3984 6189 31
3984 9764 3
3984 9764 14
3984 9764 15
3984 9764 53
3984 6200 0
3984 6200 12
3984 6200 24
3984 6200 1
3984 6176 9
3984 6176 59
3984 6176 14
3984 6176 1
3984 4129 15
3984 4129 12
3984 4129 3
3984 4129 57
3984 4131 6
3984 4131 18
3984 4131 0
3984 4131 36
3984 4148 54
3984 4148 23
3984 4148 59
3984 4148 60
3984 4133 11
3984 4133 52
3984 4133 26
3984 4133 6
3984 4136 33
3984 4136 54
3984 4136 50
3984 4136 31
3984 5236 14
3984 5236 53
3984 5236 23
3984 5236 14
3984 5980 58
3984 5980 44
3984 5980 21
3984 5980 39
3984 6180 34
3984 6180 5
3984 6180 52
3984 6180 36
3994 6131 50
3994 6131 22
3994 6131 24
3994 6131 40
3994 6130 26
3994 6130 37
3994 6130 12
3994 6130 17
3994 4127 5
3994 4127 27
3994 4127 0
3994 4127 42
3994 6129 4
3994 6129 34
3994 6129 57
3994 6129 14
3994 6202 23
3994 6202 19
3994 6202 45
3994 6202 22
3994 9748 27
3994 9748 7
3994 9748 8
3994 9748 20
3994 4128 11
3994 4128 11
3994 4128 23
3994 4128 15
3994 6128 12
3994 6128 44
3994 6128 28
3994 6128 46
3994 6179 43
3994 6179 50
3994 6179 3
3994 6179 55
3994 6203 27
3994 6203 46
3994 6203 49
3994 6203 55
3994 6187 42
3994 6187 44
3994 6187 4
3994 6187 1
3994 9763 28
3994 9763 43
3994 9763 47
3994 9763 19
3994 6201 15
3994 6201 37
3994 6201 0
3994 6201 15
3994 4130 42
3994 4130 40
3994 4130 49
3994 4130 3
3994 4135 28
3994 4135 7
3994 4135 22
3994 4135 19
3994 5981 52
3994 5981 8
3994 5981 59
3994 5981 7
3994 6178 41
3994 6178 14
3994 6178 13
3994 6178 24
3994 6185 54
3994 6185 35
3994 6185 30
3994 6185 35
3994 6188 8
3994 6188 48
3994 6188 42
3994 6188 50
3994 9749 43
3994 9749 43
3994 9749 1
3994 9749 51
3994 6189 51
3994 6189 57
3994 6189 35
3994 6189 21
3994 9764 51
3994 9764 15
3994 9764 31
3994 9764 59
3994 6200 45
3994 6200 47
3994 6200 44
3994 6200 35
3994 6176 56
3994 6176 51
3994 6176 43
3994 6176 12
3994 4129 10
3994 4129 52
3994 4129 24
3994 4129 31
3994 4131 39
3994 4131 37
3994 4131 46
3994 4131 43
3994 4148 17
3994 4148 19
3994 4148 40
3994 4148 57
3994 4133 13
3994 4133 59
3994 4133 18
3994 4133 26
3994 4136 9
3994 4136 24
3994 4136 30
3994 4136 31
3994 5236 36
3994 5236 47
3994 5236 12
3994 5236 46
3994 5980 34
3994 5980 46
3994 5980 54
3994 5980 27
3994 6180 23
3994 6180 42
3994 6180 55
3994 6180 5
4035 6131 10
4035 6131 3
4035 6131 8
4035 6131 52
4035 6130 44
4035 6130 1
4035 6130 48
4035 6130 25
4035 4127 25
4035 4127 39
4035 4127 57
4035 4127 5
4035 6129 55
4035 6129 60
4035 6129 10
4035 6129 0
4035 6202 22
4035 6202 35
4035 6202 55
4035 6202 4
4035 9748 38
4035 9748 11
4035 9748 46
4035 9748 6
4035 4128 14
4035 4128 19
4035 4128 47
4035 4128 12
4035 6128 2
4035 6128 4
4035 6128 43
4035 6128 18
4035 6179 54
4035 6179 22
4035 6179 11
4035 6179 52
4035 6203 26
4035 6203 17
4035 6203 44
4035 6203 44
4035 6187 46
4035 6187 54
4035 6187 56
4035 6187 37
4035 9763 18
4035 9763 45
4035 9763 59
4035 9763 36
4035 6201 15
4035 6201 18
4035 6201 37
4035 6201 42
4035 4130 26
4035 4130 41
4035 4130 58
4035 4130 57
4035 4135 31
4035 4135 36
4035 4135 26
4035 4135 60
4035 5981 60
4035 5981 41
4035 5981 17
4035 5981 18
4035 6178 58
4035 6178 42
4035 6178 41
4035 6178 9
4035 6185 5
4035 6185 11
4035 6185 55
4035 6185 25
4035 6188 4
4035 6188 36
4035 6188 42
4035 6188 17
4035 9749 46
4035 9749 14
4035 9749 19
4035 9749 1
4035 6189 12
4035 6189 30
4035 6189 44
4035 6189 58
4035 9764 33
4035 9764 20
4035 9764 32
4035 9764 50
4035 6200 27
4035 6200 29
4035 6200 17
4035 6200 50
4035 6176 57
4035 6176 6
4035 6176 52
4035 6176 43
4035 4129 30
4035 4129 45
4035 4129 49
4035 4129 9
4035 4131 1
4035 4131 15
4035 4131 57
4035 4131 18
4035 4148 29
4035 4148 49
4035 4148 32
4035 4148 28
4035 4133 16
4035 4133 6
4035 4133 53
4035 4133 35
4035 4136 18
4035 4136 54
4035 4136 23
4035 4136 57
4035 5236 23
4035 5236 41
4035 5236 52
4035 5236 35
4035 5980 32
4035 5980 43
4035 5980 27
4035 5980 12
4035 6180 55
4035 6180 59
4035 6180 11
4035 6180 6
4022 6131 0
4022 6131 24
4022 6131 35
4022 6131 24
4022 6130 36
4022 6130 37
4022 6130 60
4022 6130 39
4022 4127 33
4022 4127 25
4022 4127 5
4022 4127 10
4022 6129 21
4022 6129 15
4022 6129 18
4022 6129 41
4022 6202 30
4022 6202 3
4022 6202 36
4022 6202 42
4022 9748 33
4022 9748 0
4022 9748 59
4022 9748 35
4022 4128 39
4022 4128 41
4022 4128 43
4022 4128 22
4022 6128 4
4022 6128 12
4022 6128 8
4022 6128 23
4022 6179 37
4022 6179 23
4022 6179 30
4022 6179 17
4022 6203 29
4022 6203 35
4022 6203 52
4022 6203 18
4022 6187 51
4022 6187 39
4022 6187 25
4022 6187 43
4022 9763 39
4022 9763 47
4022 9763 57
4022 9763 16
4022 6201 4
4022 6201 54
4022 6201 17
4022 6201 6
4022 4130 15
4022 4130 40
4022 4130 42
4022 4130 58
4022 4135 48
4022 4135 16
4022 4135 29
4022 4135 20
4022 5981 6
4022 5981 7
4022 5981 41
4022 5981 50
4022 6178 2
4022 6178 40
4022 6178 54
4022 6178 54
4022 6185 23
4022 6185 21
4022 6185 6
4022 6185 14
4022 6188 24
4022 6188 43
4022 6188 46
4022 6188 35
4022 9749 49
4022 9749 0
4022 9749 22
4022 9749 35
4022 6189 38
4022 6189 57
4022 6189 22
4022 6189 4
4022 9764 54
4022 9764 5
4022 9764 15
4022 9764 36
4022 6200 0
4022 6200 46
4022 6200 38
4022 6200 57
4022 6176 57
4022 6176 41
4022 6176 28
4022 6176 54
4022 4129 7
4022 4129 43
4022 4129 7
4022 4129 54
4022 4131 59
4022 4131 34
4022 4131 51
4022 4131 0
4022 4148 37
4022 4148 17
4022 4148 37
4022 4148 20
4022 4133 57
4022 4133 2
4022 4133 2
4022 4133 30
4022 4136 29
4022 4136 31
4022 4136 45
4022 4136 34
4022 5236 3
4022 5236 53
4022 5236 56
4022 5236 31
4022 5980 38
4022 5980 21
4022 5980 39
4022 5980 42
4022 6180 47
4022 6180 60
4022 6180 1
4022 6180 16
4032 6131 47
4032 6131 42
4032 6131 49
4032 6131 20
4032 6130 27
4032 6130 2
4032 6130 49
4032 6130 58
4032 4127 34
4032 4127 42
4032 4127 21
4032 4127 55
4032 6129 60
4032 6129 24
4032 6129 4
4032 6129 4
4032 6202 37
4032 6202 10
4032 6202 5
4032 6202 34
4032 9748 38
4032 9748 5
4032 9748 20
4032 9748 6
4032 4128 29
4032 4128 14
4032 4128 44
4032 4128 19
4032 6128 5
4032 6128 54
4032 6128 49
4032 6128 58
4032 6179 41
4032 6179 37
4032 6179 11
4032 6179 48
4032 6203 6
4032 6203 50
4032 6203 42
4032 6203 6
4032 6187 24
4032 6187 42
4032 6187 51
4032 6187 25
4032 9763 34
4032 9763 46
4032 9763 41
4032 9763 51
4032 6201 58
4032 6201 34
4032 6201 36
4032 6201 47
4032 4130 29
4032 4130 40
4032 4130 16
4032 4130 0
4032 4135 20
4032 4135 47
4032 4135 5
4032 4135 25
4032 5981 15
4032 5981 12
4032 5981 30
4032 5981 30
4032 6178 29
4032 6178 54
4032 6178 24
4032 6178 17
4032 6185 57
4032 6185 44
4032 6185 3
4032 6185 58
4032 6188 2
4032 6188 20
4032 6188 14
4032 6188 0
4032 9749 27
4032 9749 50
4032 9749 19
4032 9749 58
4032 6189 54
4032 6189 51
4032 6189 47
4032 6189 25
4032 9764 57
4032 9764 46
4032 9764 7
4032 9764 6
4032 6200 59
4032 6200 18
4032 6200 5
4032 6200 12
4032 6176 35
4032 6176 43
4032 6176 4
4032 6176 45
4032 4129 16
4032 4129 25
4032 4129 15
4032 4129 32
4032 4131 30
4032 4131 35
4032 4131 30
4032 4131 53
4032 4148 27
4032 4148 32
4032 4148 31
4032 4148 10
4032 4133 23
4032 4133 3
4032 4133 54
4032 4133 17
4032 4136 54
4032 4136 31
4032 4136 39
4032 4136 31
4032 5236 34
4032 5236 57
4032 5236 30
4032 5236 2
4032 5980 12
4032 5980 17
4032 5980 58
4032 5980 37
4032 6180 43
4032 6180 52
4032 6180 5
4032 6180 14
4031 6131 14
4031 6131 25
4031 6131 31
4031 6131 2
4031 6130 6
4031 6130 0
4031 6130 35
4031 6130 57
4031 4127 57
4031 4127 37
4031 4127 6
4031 4127 22
4031 6129 32
4031 6129 56
4031 6129 38
4031 6129 37
4031 6202 23
4031 6202 10
4031 6202 10
4031 6202 36
4031 9748 43
4031 9748 48
4031 9748 29
4031 9748 35
4031 4128 35
4031 4128 32
4031 4128 24
4031 4128 52
4031 6128 38
4031 6128 52
4031 6128 25
4031 6128 2
4031 6179 33
4031 6179 52
4031 6179 26
4031 6179 39
4031 6203 5
4031 6203 54
4031 6203 18
4031 6203 41
4031 6187 35
4031 6187 38
4031 6187 7
4031 6187 52
4031 9763 15
4031 9763 40
4031 9763 39
4031 9763 47
4031 6201 22
4031 6201 6
4031 6201 0
4031 6201 47
4031 4130 18
4031 4130 6
4031 4130 47
4031 4130 29
4031 4135 11
4031 4135 17
4031 4135 4
4031 4135 38
4031 5981 18
4031 5981 31
4031 5981 6
4031 5981 24
4031 6178 41
4031 6178 19
4031 6178 40
4031 6178 36
4031 6185 3
4031 6185 11
4031 6185 30
4031 6185 2
4031 6188 55
4031 6188 58
4031 6188 40
4031 6188 7
4031 9749 7
4031 9749 14
4031 9749 13
4031 9749 32
4031 6189 43
4031 6189 55
4031 6189 49
4031 6189 33
4031 9764 43
4031 9764 55
4031 9764 11
4031 9764 42
4031 6200 41
4031 6200 29
4031 6200 26
4031 6200 49
4031 6176 47
4031 6176 36
4031 6176 53
4031 6176 38
4031 4129 46
4031 4129 52
4031 4129 18
4031 4129 15
4031 4131 44
4031 4131 14
4031 4131 13
4031 4131 44
4031 4148 37
4031 4148 27
4031 4148 9
4031 4148 40
4031 4133 31
4031 4133 17
4031 4133 40
4031 4133 54
4031 4136 19
4031 4136 40
4031 4136 33
4031 4136 53
4031 5236 17
4031 5236 52
4031 5236 1
4031 5236 58
4031 5980 38
4031 5980 58
4031 5980 39
4031 5980 11
4031 6180 4
4031 6180 23
4031 6180 6
4031 6180 30
4028 6131 30
4028 6131 48
4028 6131 38
4028 6131 53
4028 6130 11
4028 6130 17
4028 6130 4
4028 6130 41
4028 4127 36
4028 4127 37
4028 4127 58
4028 4127 37
4028 6129 15
4028 6129 10
4028 6129 10
4028 6129 42
4028 6202 11
4028 6202 1
4028 6202 49
4028 6202 44
4028 9748 45
4028 9748 55
4028 9748 10
4028 9748 9
4028 4128 21
4028 4128 12
4028 4128 17
4028 4128 20
4028 6128 39
4028 6128 13
4028 6128 40
4028 6128 22
4028 6179 36
4028 6179 23
4028 6179 34
4028 6179 32
4028 6203 10
4028 6203 34
4028 6203 5
4028 6203 23
4028 6187 41
4028 6187 27
4028 6187 32
4028 6187 18
4028 9763 11
4028 9763 26
4028 9763 7
4028 9763 53
4028 6201 47
4028 6201 25
4028 6201 31
4028 6201 57
4028 4130 23
4028 4130 46
4028 4130 52
4028 4130 48
4028 4135 59
4028 4135 39
4028 4135 12
4028 4135 38
4028 5981 34
4028 5981 20
4028 5981 13
4028 5981 46
4028 6178 3
4028 6178 60
4028 6178 48
4028 6178 35
4028 6185 14
4028 6185 6
4028 6185 33
4028 6185 51
4028 6188 0
4028 6188 34
4028 6188 3
4028 6188 4
4028 9749 2
4028 9749 18
4028 9749 45
4028 9749 0
4028 6189 5
4028 6189 27
4028 6189 48
4028 6189 12
4028 9764 44
4028 9764 35
4028 9764 35
4028 9764 23
4028 6200 8
4028 6200 7
4028 6200 12
4028 6200 28
4028 6176 15
4028 6176 19
4028 6176 24
4028 6176 20
4028 4129 28
4028 4129 6
4028 4129 31
4028 4129 39
4028 4131 43
4028 4131 54
4028 4131 41
4028 4131 8
4028 4148 2
4028 4148 1
4028 4148 60
4028 4148 42
4028 4133 58
4028 4133 1
4028 4133 57
4028 4133 58
4028 4136 4
4028 4136 37
4028 4136 16
4028 4136 28
4028 5236 40
4028 5236 11
4028 5236 5
4028 5236 22
4028 5980 46
4028 5980 36
4028 5980 0
4028 5980 11
4028 6180 0
4028 6180 18
4028 6180 26
4028 6180 3
4038 6131 28
4038 6131 6
4038 6131 55
4038 6131 56
4038 6130 55
4038 6130 10
4038 6130 40
4038 6130 20
4038 4127 35
4038 4127 17
4038 4127 47
4038 4127 28
4038 6129 37
4038 6129 18
4038 6129 52
4038 6129 43
4038 6202 35
4038 6202 9
4038 6202 11
4038 6202 16
4038 9748 30
4038 9748 57
4038 9748 25
4038 9748 55
4038 4128 44
4038 4128 32
4038 4128 11
4038 4128 14
4038 6128 51
4038 6128 18
4038 6128 0
4038 6128 36
4038 6179 40
4038 6179 32
4038 6179 34
4038 6179 9
4038 6203 10
4038 6203 57
4038 6203 58
4038 6203 40
4038 6187 53
4038 6187 15
4038 6187 20
4038 6187 42
4038 9763 47
4038 9763 50
4038 9763 47
4038 9763 53
4038 6201 32
4038 6201 59
4038 6201 54
4038 6201 35
4038 4130 56
4038 4130 28
4038 4130 26
4038 4130 37
4038 4135 60
4038 4135 39
4038 4135 18
4038 4135 9
4038 5981 3
4038 5981 45
4038 5981 40
4038 5981 31
4038 6178 26
4038 6178 13
4038 6178 1
4038 6178 12
4038 6185 59
4038 6185 19
4038 6185 31
4038 6185 27
4038 6188 2
4038 6188 54
4038 6188 2
4038 6188 14
4038 9749 4
4038 9749 14
4038 9749 16
4038 9749 54
4038 6189 39
4038 6189 17
4038 6189 57
4038 6189 43
4038 9764 34
4038 9764 39
4038 9764 36
4038 9764 35
4038 6200 36
4038 6200 10
4038 6200 42
4038 6200 5
4038 6176 18
4038 6176 39
4038 6176 31
4038 6176 53
4038 4129 3
4038 4129 19
4038 4129 56
4038 4129 57
4038 4131 23
4038 4131 59
4038 4131 60
4038 4131 11
4038 4148 18
4038 4148 58
4038 4148 41
4038 4148 49
4038 4133 60
4038 4133 31
4038 4133 1
4038 4133 11
4038 4136 5
4038 4136 36
4038 4136 1
4038 4136 47
4038 5236 13
4038 5236 41
4038 5236 24
4038 5236 2
4038 5980 28
4038 5980 35
4038 5980 9
4038 5980 11
4038 6180 34
4038 6180 34
4038 6180 58
4038 6180 1
4023 6131 60
4023 6131 53
4023 6131 36
4023 6131 9
4023 6130 29
4023 6130 56
4023 6130 32
4023 6130 27
4023 4127 57
4023 4127 55
4023 4127 57
4023 4127 38
4023 6129 29
4023 6129 53
4023 6129 35
4023 6129 37
4023 6202 49
4023 6202 41
4023 6202 35
4023 6202 29
4023 9748 46
4023 9748 16
4023 9748 44
4023 9748 11
4023 4128 56
4023 4128 2
4023 4128 8
4023 4128 17
4023 6128 49
4023 6128 28
4023 6128 19
4023 6128 18
4023 6179 11
4023 6179 25
4023 6179 55
4023 6179 38
4023 6203 17
4023 6203 42
4023 6203 18
4023 6203 41
4023 6187 12
4023 6187 0
4023 6187 3
4023 6187 15
4023 9763 56
4023 9763 35
4023 9763 15
4023 9763 34
4023 6201 8
4023 6201 25
4023 6201 5
4023 6201 9
4023 4130 18
4023 4130 43
4023 4130 17
4023 4130 40
4023 4135 17
4023 4135 45
4023 4135 27
4023 4135 8
4023 5981 26
4023 5981 45
4023 5981 53
4023 5981 40
4023 6178 9
4023 6178 30
4023 6178 28
4023 6178 53
4023 6185 45
4023 6185 40
4023 6185 57
4023 6185 39
4023 6188 18
4023 6188 11
4023 6188 17
4023 6188 54
4023 9749 21
4023 9749 28
4023 9749 1
4023 9749 59
4023 6189 43
4023 6189 5
4023 6189 28
4023 6189 13
4023 9764 39
4023 9764 20
4023 9764 14
4023 9764 26
4023 6200 52
4023 6200 40
4023 6200 10
4023 6200 34
4023 6176 54
4023 6176 3
4023 6176 23
4023 6176 48
4023 4129 12
4023 4129 19
4023 4129 9
4023 4129 47
4023 4131 23
4023 4131 50
4023 4131 5
4023 4131 40
4023 4148 60
4023 4148 2
4023 4148 19
4023 4148 54
4023 4133 15
4023 4133 3
4023 4133 24
4023 4133 34
4023 4136 0
4023 4136 41
4023 4136 16
4023 4136 56
4023 5236 8
4023 5236 51
4023 5236 51
4023 5236 40
4023 5980 49
4023 5980 58
4023 5980 13
4023 5980 16
4023 6180 20
4023 6180 10
4023 6180 41
4023 6180 14
4021 6131 11
4021 6131 50
4021 6131 51
4021 6131 49
4021 6130 47
4021 6130 53
4021 6130 45
4021 6130 16
4021 4127 28
4021 4127 21
4021 4127 26
4021 4127 51
4021 6129 36
4021 6129 55
4021 6129 59
4021 6129 17
4021 6202 19
4021 6202 45
4021 6202 39
4021 6202 4
4021 9748 21
4021 9748 59
4021 9748 24
4021 9748 11
4021 4128 36
4021 4128 6
4021 4128 2
4021 4128 10
4021 6128 46
4021 6128 57
4021 6128 20
4021 6128 40
4021 6179 2
4021 6179 23
4021 6179 18
4021 6179 53
4021 6203 53
4021 6203 54
4021 6203 8
4021 6203 15
4021 6187 26
4021 6187 21
4021 6187 36
4021 6187 49
4021 9763 52
4021 9763 60
4021 9763 53
4021 9763 46
4021 6201 21
4021 6201 20
4021 6201 19
4021 6201 26
4021 4130 24
4021 4130 33
4021 4130 23
4021 4130 12
4021 4135 2
4021 4135 48
4021 4135 1
4021 4135 7
4021 5981 52
4021 5981 55
4021 5981 26
4021 5981 60
4021 6178 39
4021 6178 42
4021 6178 4
4021 6178 24
4021 6185 12
4021 6185 19
4021 6185 20
4021 6185 54
4021 6188 6
4021 6188 45
4021 6188 25
4021 6188 56
4021 9749 34
4021 9749 44
4021 9749 32
4021 9749 20
4021 6189 41
4021 6189 53
4021 6189 49
4021 6189 39
4021 9764 51
4021 9764 6
4021 9764 25
4021 9764 32
4021 6200 20
4021 6200 51
4021 6200 29
4021 6200 38
4021 6176 47
4021 6176 32
4021 6176 50
4021 6176 47
4021 4129 45
4021 4129 49
4021 4129 50
4021 4129 46
4021 4131 20
4021 4131 24
4021 4131 12
4021 4131 17
4021 4148 40
4021 4148 29
4021 4148 47
4021 4148 2
4021 4133 4
4021 4133 57
4021 4133 2
4021 4133 37
4021 4136 23
4021 4136 52
4021 4136 4
4021 4136 31
4021 5236 59
4021 5236 14
4021 5236 57
4021 5236 5
4021 5980 9
4021 5980 60
4021 5980 5
4021 5980 15
4021 6180 5
4021 6180 26
4021 6180 48
4021 6180 34
4936 6131 29
4936 6131 53
4936 6131 50
4936 6131 57
4936 6130 16
4936 6130 55
4936 6130 14
4936 6130 21
4936 4127 2
4936 4127 47
4936 4127 9
4936 4127 22
4936 6129 23
4936 6129 28
4936 6129 0
4936 6129 3
4936 6202 39
4936 6202 22
4936 6202 51
4936 6202 22
4936 9748 15
4936 9748 3
4936 9748 40
4936 9748 5
4936 4128 14
4936 4128 14
4936 4128 50
4936 4128 44
4936 6128 11
4936 6128 3
4936 6128 43
4936 6128 60
4936 6179 55
4936 6179 4
4936 6179 51
4936 6179 9
4936 6203 21
4936 6203 40
4936 6203 22
4936 6203 27
4936 6187 60
4936 6187 31
4936 6187 35
4936 6187 19
4936 9763 41
4936 9763 14
4936 9763 48
4936 9763 4
4936 6201 42
4936 6201 53
4936 6201 18
4936 6201 47
4936 4130 27
4936 4130 29
4936 4130 40
4936 4130 18
4936 4135 43
4936 4135 35
4936 4135 49
4936 4135 10
4936 5981 31
4936 5981 17
4936 5981 13
4936 5981 18
4936 6178 12
4936 6178 19
4936 6178 19
4936 6178 6
4936 6185 46
4936 6185 26
4936 6185 59
4936 6185 44
4936 6188 25
4936 6188 5
4936 6188 52
4936 6188 48
4936 9749 49
4936 9749 22
4936 9749 33
4936 9749 47
4936 6189 4
4936 6189 41
4936 6189 30
4936 6189 48
4936 9764 40
4936 9764 49
4936 9764 14
4936 9764 11
4936 6200 27
4936 6200 20
4936 6200 48
4936 6200 2
4936 6176 59
4936 6176 41
4936 6176 9
4936 6176 1
4936 4129 32
4936 4129 39
4936 4129 25
4936 4129 32
4936 4131 4
4936 4131 39
4936 4131 27
4936 4131 16
4936 4148 47
4936 4148 5
4936 4148 4
4936 4148 42
4936 4133 25
4936 4133 28
4936 4133 12
4936 4133 35
4936 4136 19
4936 4136 44
4936 4136 21
4936 4136 3
4936 5236 30
4936 5236 54
4936 5236 12
4936 5236 1
4936 5980 60
4936 5980 34
4936 5980 13
4936 5980 11
4936 6180 18
4936 6180 2
4936 6180 15
4936 6180 37
3983 6131 52
3983 6131 5
3983 6131 15
3983 6131 14
3983 6130 39
3983 6130 18
3983 6130 16
3983 6130 17
3983 4127 51
3983 4127 43
3983 4127 49
3983 4127 11
3983 6129 54
3983 6129 41
3983 6129 4
3983 6129 60
3983 6202 60
3983 6202 37
3983 6202 5
3983 6202 25
3983 9748 10
3983 9748 2
3983 9748 2
3983 9748 21
3983 4128 29
3983 4128 50
3983 4128 30
3983 4128 5
3983 6128 41
3983 6128 17
3983 6128 22
3983 6128 21
3983 6179 12
3983 6179 15
3983 6179 12
3983 6179 50
3983 6203 53
3983 6203 28
3983 6203 34
3983 6203 45
3983 6187 35
3983 6187 35
3983 6187 8
3983 6187 59
3983 9763 44
3983 9763 18
3983 9763 12
3983 9763 2
3983 6201 33
3983 6201 12
3983 6201 9
3983 6201 3
3983 4130 50
3983 4130 48
3983 4130 13
3983 4130 0
3983 4135 2
3983 4135 57
3983 4135 46
3983 4135 53
3983 5981 41
3983 5981 4
3983 5981 9
3983 5981 58
3983 6178 33
3983 6178 49
3983 6178 32
3983 6178 13
3983 6185 19
3983 6185 49
3983 6185 22
3983 6185 48
3983 6188 38
3983 6188 2
3983 6188 54
3983 6188 23
3983 9749 60
3983 9749 29
3983 9749 2
3983 9749 54
3983 6189 42
3983 6189 40
3983 6189 11
3983 6189 59
3983 9764 11
3983 9764 25
3983 9764 19
3983 9764 22
3983 6200 11
3983 6200 5
3983 6200 1
3983 6200 28
3983 6176 36
3983 6176 28
3983 6176 8
3983 6176 33
3983 4129 14
3983 4129 48
3983 4129 9
3983 4129 53
3983 4131 31
3983 4131 23
3983 4131 41
3983 4131 44
3983 4148 1
3983 4148 5
3983 4148 35
3983 4148 29
3983 4133 18
3983 4133 41
3983 4133 22
3983 4133 50
3983 4136 43
3983 4136 10
3983 4136 11
3983 4136 46
3983 5236 17
3983 5236 55
3983 5236 16
3983 5236 30
3983 5980 41
3983 5980 23
3983 5980 21
3983 5980 11
3983 6180 9
3983 6180 5
3983 6180 46
3983 6180 52
4037 6131 17
4037 6131 15
4037 6131 4
4037 6131 35
4037 6130 28
4037 6130 27
4037 6130 0
4037 6130 55
4037 4127 41
4037 4127 26
4037 4127 58
4037 4127 46
4037 6129 58
4037 6129 7
4037 6129 55
4037 6129 7
4037 6202 26
4037 6202 4
4037 6202 23
4037 6202 25
4037 9748 53
4037 9748 51
4037 9748 48
4037 9748 31
4037 4128 59
4037 4128 50
4037 4128 21
4037 4128 8
4037 6128 23
4037 6128 10
4037 6128 46
4037 6128 4
4037 6179 18
4037 6179 16
4037 6179 3
4037 6179 38
4037 6203 50
4037 6203 39
4037 6203 16
4037 6203 52
4037 6187 24
4037 6187 23
4037 6187 21
4037 6187 39
4037 9763 60
4037 9763 21
4037 9763 4
4037 9763 13
4037 6201 53
4037 6201 53
4037 6201 35
4037 6201 28
4037 4130 13
4037 4130 33
4037 4130 0
4037 4130 43
4037 4135 49
4037 4135 16
4037 4135 60
4037 4135 43
4037 5981 41
4037 5981 18
4037 5981 6
4037 5981 54
4037 6178 28
4037 6178 16
4037 6178 5
4037 6178 8
4037 6185 32
4037 6185 51
4037 6185 48
4037 6185 46
4037 6188 47
4037 6188 46
4037 6188 17
4037 6188 60
4037 9749 16
4037 9749 9
4037 9749 22
4037 9749 10
4037 6189 48
4037 6189 34
4037 6189 10
4037 6189 27
4037 9764 42
4037 9764 53
4037 9764 34
4037 9764 7
4037 6200 23
4037 6200 26
4037 6200 7
4037 6200 29
4037 6176 46
4037 6176 14
4037 6176 44
4037 6176 27
4037 4129 14
4037 4129 41
4037 4129 54
4037 4129 13
4037 4131 37
4037 4131 11
4037 4131 55
4037 4131 49
4037 4148 2
4037 4148 25
4037 4148 46
4037 4148 48
4037 4133 5
4037 4133 2
4037 4133 18
4037 4133 15
4037 4136 4
4037 4136 16
4037 4136 9
4037 4136 27
4037 5236 31
4037 5236 0
4037 5236 11
4037 5236 53
4037 5980 13
4037 5980 27
4037 5980 35
4037 5980 17
4037 6180 37
4037 6180 4
4037 6180 1
4037 6180 18
4033 6131 0
4033 6131 35
4033 6131 15
4033 6131 6
4033 6130 39
4033 6130 7
4033 6130 28
4033 6130 42
4033 4127 47
4033 4127 49
4033 4127 20
4033 4127 51
4033 6129 8
4033 6129 55
4033 6129 3
4033 6129 6
4033 6202 16
4033 6202 12
4033 6202 41
4033 6202 58
4033 9748 58
4033 9748 45
4033 9748 12
4033 9748 54
4033 4128 48
4033 4128 22
4033 4128 34
4033 4128 32
4033 6128 55
4033 6128 14
4033 6128 18
4033 6128 57
4033 6179 0
4033 6179 45
4033 6179 19
4033 6179 14
4033 6203 41
4033 6203 58
4033 6203 6
4033 6203 54
4033 6187 60
4033 6187 57
4033 6187 4
4033 6187 57
4033 9763 12
4033 9763 21
4033 9763 52
4033 9763 6
4033 6201 54
4033 6201 30
4033 6201 35
4033 6201 50
4033 4130 15
4033 4130 58
4033 4130 57
4033 4130 17
4033 4135 26
4033 4135 48
4033 4135 1
4033 4135 29
4033 5981 6
4033 5981 20
4033 5981 33
4033 5981 48
4033 6178 15
4033 6178 13
4033 6178 38
4033 6178 32
4033 6185 34
4033 6185 56
4033 6185 17
4033 6185 41
4033 6188 18
4033 6188 27
4033 6188 34
4033 6188 43
4033 9749 38
4033 9749 27
4033 9749 42
4033 9749 20
4033 6189 50
4033 6189 53
4033 6189 9
4033 6189 14
4033 9764 20
4033 9764 30
4033 9764 22
4033 9764 47
4033 6200 54
4033 6200 14
4033 6200 5
4033 6200 33
4033 6176 8
4033 6176 36
4033 6176 38
4033 6176 20
4033 4129 25
4033 4129 16
4033 4129 51
4033 4129 20
4033 4131 17
4033 4131 22
4033 4131 8
4033 4131 32
4033 4148 57
4033 4148 15
4033 4148 53
4033 4148 17
4033 4133 4
4033 4133 31
4033 4133 32
4033 4133 25
4033 4136 14
4033 4136 51
4033 4136 4
4033 4136 12
4033 5236 52
4033 5236 25
4033 5236 1
4033 5236 11
4033 5980 56
4033 5980 45
4033 5980 29
4033 5980 38
4033 6180 14
4033 6180 18
4033 6180 21
4033 6180 45
4024 6131 57
4024 6131 31
4024 6131 20
4024 6131 14
4024 6130 38
4024 6130 14
4024 6130 41
4024 6130 14
4024 4127 1
4024 4127 44
4024 4127 21
4024 4127 7
4024 6129 16
4024 6129 15
4024 6129 16
4024 6129 3
4024 6202 19
4024 6202 40
4024 6202 28
4024 6202 30
4024 9748 42
4024 9748 12
4024 9748 56
4024 9748 5
4024 4128 3
4024 4128 24
4024 4128 8
4024 4128 4
4024 6128 3
4024 6128 23
4024 6128 25
4024 6128 59
4024 6179 7
4024 6179 23
4024 6179 0
4024 6179 44
4024 6203 12
4024 6203 46
4024 6203 52
4024 6203 23
4024 6187 10
4024 6187 17
4024 6187 36
4024 6187 55
4024 9763 4
4024 9763 44
4024 9763 50
4024 9763 19
4024 6201 34
4024 6201 53
4024 6201 38
4024 6201 47
4024 4130 23
4024 4130 41
4024 4130 53
4024 4130 6
4024 4135 9
4024 4135 46
4024 4135 39
4024 4135 13
4024 5981 41
4024 5981 39
4024 5981 4
4024 5981 37
4024 6178 59
4024 6178 1
4024 6178 39
4024 6178 53
4024 6185 15
4024 6185 36
4024 6185 35
4024 6185 58
4024 6188 29
4024 6188 58
4024 6188 4
4024 6188 23
4024 9749 32
4024 9749 38
4024 9749 40
4024 9749 49
4024 6189 55
4024 6189 3
4024 6189 20
4024 6189 20
4024 9764 40
4024 9764 47
4024 9764 41
4024 9764 60
4024 6200 27
4024 6200 24
4024 6200 32
4024 6200 39
4024 6176 56
4024 6176 1
4024 6176 58
4024 6176 22
4024 4129 59
4024 4129 51
4024 4129 52
4024 4129 21
4024 4131 57
4024 4131 34
4024 4131 37
4024 4131 45
4024 4148 35
4024 4148 55
4024 4148 23
4024 4148 40
4024 4133 53
4024 4133 54
4024 4133 13
4024 4133 6
4024 4136 15
4024 4136 9
4024 4136 29
4024 4136 59
4024 5236 12
4024 5236 22
4024 5236 56
4024 5236 52
4024 5980 31
4024 5980 48
4024 5980 39
4024 5980 25
4024 6180 60
4024 6180 24
4024 6180 41
4024 6180 29
4039 6131 23
4039 6131 7
4039 6131 46
4039 6131 8
4039 6130 52
4039 6130 56
4039 6130 56
4039 6130 9
4039 4127 58
4039 4127 20
4039 4127 16
4039 4127 12
4039 6129 46
4039 6129 8
4039 6129 41
4039 6129 16
4039 6202 48
4039 6202 27
4039 6202 13
4039 6202 28
4039 9748 7
4039 9748 30
4039 9748 40
4039 9748 53
4039 4128 3
4039 4128 57
4039 4128 30
4039 4128 32
4039 6128 40
4039 6128 27
4039 6128 59
4039 6128 14
4039 6179 12
4039 6179 57
4039 6179 49
4039 6179 13
4039 6203 52
4039 6203 2
4039 6203 12
4039 6203 10
4039 6187 24
4039 6187 47
4039 6187 29
4039 6187 12
4039 9763 42
4039 9763 29
4039 9763 4
4039 9763 33
4039 6201 4
4039 6201 49
4039 6201 11
4039 6201 52
4039 4130 28
4039 4130 28
4039 4130 29
4039 4130 30
4039 4135 5
4039 4135 52
4039 4135 6
4039 4135 9
4039 5981 43
4039 5981 6
4039 5981 54
4039 5981 17
4039 6178 33
4039 6178 23
4039 6178 26
4039 6178 2
4039 6185 60
4039 6185 15
4039 6185 51
4039 6185 25
4039 6188 21
4039 6188 58
4039 6188 33
4039 6188 38
4039 9749 36
4039 9749 3
4039 9749 1
4039 9749 25
4039 6189 1
4039 6189 1
4039 6189 22
4039 6189 8
4039 9764 25
4039 9764 7
4039 9764 51
4039 9764 4
4039 6200 45
4039 6200 9
4039 6200 2
4039 6200 49
4039 6176 5
4039 6176 59
4039 6176 42
4039 6176 36
4039 4129 16
4039 4129 2
4039 4129 11
4039 4129 12
4039 4131 53
4039 4131 51
4039 4131 36
4039 4131 53
4039 4148 47
4039 4148 49
4039 4148 35
4039 4148 6
4039 4133 23
4039 4133 40
4039 4133 57
4039 4133 51
4039 4136 25
4039 4136 23
4039 4136 6
4039 4136 12
4039 5236 10
4039 5236 13
4039 5236 35
4039 5236 41
4039 5980 26
4039 5980 10
4039 5980 29
4039 5980 42
4039 6180 57
4039 6180 46
4039 6180 33
4039 6180 41
4015 6131 52
4015 6131 56
4015 6131 34
4015 6131 24
4015 6130 26
4015 6130 2
4015 6130 10
4015 6130 35
4015 4127 39
4015 4127 52
4015 4127 23
4015 4127 27
4015 6129 20
4015 6129 56
4015 6129 31
4015 6129 41
4015 6202 13
4015 6202 27
4015 6202 16
4015 6202 42
4015 9748 25
4015 9748 60
4015 9748 17
4015 9748 56
4015 4128 42
4015 4128 46
4015 4128 36
4015 4128 13
4015 6128 39
4015 6128 44
4015 6128 27
4015 6128 44
4015 6179 56
4015 6179 26
4015 6179 48
4015 6179 37
4015 6203 34
4015 6203 33
4015 6203 39
4015 6203 42
4015 6187 39
4015 6187 42
4015 6187 17
4015 6187 11
4015 9763 55
4015 9763 12
4015 9763 16
4015 9763 47
4015 6201 58
4015 6201 38
4015 6201 45
4015 6201 59
4015 4130 60
4015 4130 5
4015 4130 31
4015 4130 11
4015 4135 9
4015 4135 18
4015 4135 20
4015 4135 31
4015 5981 40
4015 5981 52
4015 5981 18
4015 5981 8
4015 6178 52
4015 6178 23
4015 6178 43
4015 6178 47
4015 6185 42
4015 6185 11
4015 6185 27
4015 6185 36
4015 6188 48
4015 6188 29
4015 6188 58
4015 6188 44
4015 9749 52
4015 9749 6
4015 9749 11
4015 9749 56
4015 6189 4
4015 6189 52
4015 6189 44
4015 6189 49
4015 9764 14
4015 9764 0
4015 9764 58
4015 9764 9
4015 6200 39
4015 6200 34
4015 6200 21
4015 6200 20
4015 6176 40
4015 6176 37
4015 6176 39
4015 6176 6
4015 4129 16
4015 4129 55
4015 4129 43
4015 4129 22
4015 4131 55
4015 4131 22
4015 4131 42
4015 4131 26
4015 4148 19
4015 4148 55
4015 4148 37
4015 4148 4
4015 4133 29
4015 4133 8
4015 4133 44
4015 4133 59
4015 4136 0
4015 4136 43
4015 4136 12
4015 4136 15
4015 5236 54
4015 5236 48
4015 5236 13
4015 5236 47
4015 5980 3
4015 5980 11
4015 5980 52
4015 5980 2
4015 6180 50
4015 6180 32
4015 6180 7
4015 6180 26
3986 6131 22
3986 6131 15
3986 6131 26
3986 6131 15
3986 6130 41
3986 6130 47
3986 6130 22
3986 6130 5
3986 4127 55
3986 4127 45
3986 4127 29
3986 4127 31
3986 6129 52
3986 6129 40
3986 6129 1
3986 6129 20
3986 6202 41
3986 6202 60
3986 6202 22
3986 6202 23
3986 9748 42
3986 9748 21
3986 9748 3
3986 9748 8
3986 4128 19
3986 4128 3
3986 4128 3
3986 4128 4
3986 6128 23
3986 6128 43
3986 6128 31
3986 6128 1
3986 6179 27
3986 6179 55
3986 6179 13
3986 6179 29
3986 6203 15
3986 6203 49
3986 6203 17
3986 6203 44
3986 6187 40
3986 6187 12
3986 6187 23
3986 6187 39
3986 9763 53
3986 9763 22
3986 9763 36
3986 9763 25
3986 6201 8
3986 6201 25
3986 6201 52
3986 6201 22
3986 4130 8
3986 4130 5
3986 4130 39
3986 4130 25
3986 4135 17
3986 4135 56
3986 4135 24
3986 4135 33
3986 5981 41
3986 5981 27
3986 5981 2
3986 5981 53
3986 6178 42
3986 6178 38
3986 6178 47
3986 6178 29
3986 6185 60
3986 6185 43
3986 6185 51
3986 6185 29
3986 6188 22
3986 6188 20
3986 6188 17
3986 6188 46
3986 9749 40
3986 9749 50
3986 9749 3
3986 9749 18
3986 6189 20
3986 6189 38
3986 6189 35
3986 6189 47
3986 9764 29
3986 9764 4
3986 9764 37
3986 9764 26
3986 6200 60
3986 6200 52
3986 6200 18
3986 6200 6
3986 6176 17
3986 6176 59
3986 6176 60
3986 6176 34
3986 4129 58
3986 4129 49
3986 4129 50
3986 4129 8
3986 4131 59
3986 4131 60
3986 4131 14
3986 4131 0
3986 4148 53
3986 4148 41
3986 4148 17
3986 4148 14
3986 4133 55
3986 4133 31
3986 4133 18
3986 4133 7
3986 4136 12
3986 4136 21
3986 4136 43
3986 4136 50
3986 5236 48
3986 5236 11
3986 5236 32
3986 5236 32
3986 5980 46
3986 5980 60
3986 5980 54
3986 5980 27
3986 6180 27
3986 6180 15
3986 6180 34
3986 6180 14
4937 6131 54
4937 6131 9
4937 6131 49
4937 6131 31
4937 6130 57
4937 6130 55
4937 6130 10
4937 6130 21
4937 4127 6
4937 4127 0
4937 4127 17
4937 4127 34
4937 6129 37
4937 6129 58
4937 6129 2
4937 6129 2
4937 6202 37
4937 6202 50
4937 6202 0
4937 6202 22
4937 9748 24
4937 9748 21
4937 9748 6
4937 9748 41
4937 4128 48
4937 4128 40
4937 4128 4
4937 4128 14
4937 6128 15
4937 6128 21
4937 6128 22
4937 6128 13
4937 6179 8
4937 6179 23
4937 6179 39
4937 6179 41
4937 6203 52
4937 6203 37
4937 6203 29
4937 6203 13
4937 6187 49
4937 6187 21
4937 6187 47
4937 6187 0
4937 9763 29
4937 9763 9
4937 9763 27
4937 9763 47
4937 6201 10
4937 6201 43
4937 6201 7
4937 6201 50
4937 4130 49
4937 4130 11
4937 4130 15
4937 4130 13
4937 4135 38
4937 4135 57
4937 4135 7
4937 4135 5
4937 5981 12
4937 5981 40
4937 5981 53
4937 5981 48
4937 6178 51
4937 6178 7
4937 6178 2
4937 6178 35
4937 6185 10
4937 6185 49
4937 6185 0
4937 6185 42
4937 6188 30
4937 6188 49
4937 6188 43
4937 6188 46
4937 9749 49
4937 9749 0
4937 9749 26
4937 9749 5
4937 6189 60
4937 6189 25
4937 6189 42
4937 6189 18
4937 9764 6
4937 9764 54
4937 9764 43
4937 9764 16
4937 6200 37
4937 6200 25
4937 6200 27
4937 6200 49
4937 6176 60
4937 6176 5
4937 6176 50
4937 6176 28
4937 4129 35
4937 4129 1
4937 4129 12
4937 4129 48
4937 4131 25
4937 4131 13
4937 4131 27
4937 4131 36
4937 4148 43
4937 4148 0
4937 4148 8
4937 4148 45
4937 4133 0
4937 4133 24
4937 4133 34
4937 4133 52
4937 4136 50
4937 4136 29
4937 4136 23
4937 4136 5
4937 5236 4
4937 5236 19
4937 5236 40
4937 5236 36
4937 5980 29
4937 5980 25
4937 5980 53
4937 5980 26
4937 6180 5
4937 6180 18
4937 6180 46
4937 6180 7
