4323 9980 19
4323 9980 27
4323 9980 3
4323 9980 42
4323 9979 28
4323 9979 25
4323 9979 19
4323 9979 43
4323 9982 28
4323 9982 4
4323 9982 53
4323 9982 50
4323 9951 12
4323 9951 54
4323 9951 18
4323 9951 3
4323 10142 39
4323 10142 45
4323 10142 35
4323 10142 25
4323 10030 54
4323 10030 34
4323 10030 24
4323 10030 19
4323 9981 39
4323 9981 23
4323 9981 35
4323 9981 3
4323 10140 7
4323 10140 49
4323 10140 48
4323 10140 18
4323 9950 23
4323 9950 18
4323 9950 26
4323 9950 10
4323 9965 58
4323 9965 3
4323 9965 7
4323 9965 22
4323 10147 6
4323 10147 28
4323 10147 54
4323 10147 31
4323 10029 41
4323 10029 57
4323 10029 53
4323 10029 45
4323 10031 28
4323 10031 60
4323 10031 7
4323 10031 25
4323 10139 1
4323 10139 48
4323 10139 32
4323 10139 14
4323 9984 31
4323 9984 9
4323 9984 35
4323 9984 56
4323 10141 43
4323 10141 2
4323 10141 60
4323 10141 19
4323 10074 33
4323 10074 23
4323 10074 16
4323 10074 27
4323 9964 59
4323 9964 8
4323 9964 15
4323 9964 29
4323 10143 58
4323 10143 33
4323 10143 45
4323 10143 2
4323 10148 55
4323 10148 25
4323 10148 43
4323 10148 5
4323 10026 44
4323 10026 5
4323 10026 42
4323 10026 23
4323 10023 38
4323 10023 1
4323 10023 19
4323 10023 56
4323 10032 39
4323 10032 4
4323 10032 23
4323 10032 18
4323 10033 22
4323 10033 33
4323 10033 47
4323 10033 24
4323 9983 45
4323 9983 31
4323 9983 1
4323 9983 54
4323 10071 26
4323 10071 41
4323 10071 46
4323 10071 21
4323 10149 58
4323 10149 46
4323 10149 34
4323 10149 43
4323 10073 1
4323 10073 12
4323 10073 20
4323 10073 50
4323 10146 39
4323 10146 33
4323 10146 22
4323 10146 40
4323 10153 46
4323 10153 37
4323 10153 19
4323 10153 26
4323 9999 3
4323 9999 50
4323 9999 55
4323 9999 55
4323 10025 27
4323 10025 54
4323 10025 57
4323 10025 6
4322 9980 22
4322 9980 10
4322 9980 36
4322 9980 37
4322 9979 57
4322 9979 23
4322 9979 13
4322 9979 0
4322 9982 0
4322 9982 41
4322 9982 57
4322 9982 45
4322 9951 13
4322 9951 54
4322 9951 60
4322 9951 32
4322 10142 42
4322 10142 49
4322 10142 18
4322 10142 3
4322 10030 51
4322 10030 55
4322 10030 27
4322 10030 14
4322 9981 27
4322 9981 35
4322 9981 31
4322 9981 58
4322 10140 23
4322 10140 46
4322 10140 2
4322 10140 13
4322 9950 3
4322 9950 39
4322 9950 12
4322 9950 36
4322 9965 11
4322 9965 28
4322 9965 47
4322 9965 39
4322 10147 50
4322 10147 15
4322 10147 12
4322 10147 47
4322 10029 11
4322 10029 50
4322 10029 9
4322 10029 38
4322 10031 24
4322 10031 57
4322 10031 28
4322 10031 33
4322 10139 9
4322 10139 36
4322 10139 43
4322 10139 50
4322 9984 27
4322 9984 25
4322 9984 15
4322 9984 60
4322 10141 34
4322 10141 32
4322 10141 39
4322 10141 9
4322 10074 50
4322 10074 7
4322 10074 42
4322 10074 2
4322 9964 42
4322 9964 16
4322 9964 29
4322 9964 57
4322 10143 36
4322 10143 16
4322 10143 47
4322 10143 43
4322 10148 39
4322 10148 31
4322 10148 49
4322 10148 23
4322 10026 31
4322 10026 15
4322 10026 1
4322 10026 41
4322 10023 45
4322 10023 52
4322 10023 23
4322 10023 14
4322 10032 22
4322 10032 45
4322 10032 21
4322 10032 36
4322 10033 0
4322 10033 38
4322 10033 29
4322 10033 60
4322 9983 17
4322 9983 39
4322 9983 54
4322 9983 5
4322 10071 11
4322 10071 51
4322 10071 6
4322 10071 31
4322 10149 52
4322 10149 36
4322 10149 5
4322 10149 57
4322 10073 13
4322 10073 46
4322 10073 9
4322 10073 32
4322 10146 59
4322 10146 16
4322 10146 54
4322 10146 8
4322 10153 23
4322 10153 48
4322 10153 59
4322 10153 15
4322 9999 0
4322 9999 16
4322 9999 36
4322 9999 14
4322 10025 50
4322 10025 5
4322 10025 42
4322 10025 19
4300 9980 24
4300 9980 50
4300 9980 36
4300 9980 50
4300 9979 34
4300 9979 18
4300 9979 58
4300 9979 3
4300 9982 8
4300 9982 43
4300 9982 53
4300 9982 44
4300 9951 28
4300 9951 60
4300 9951 15
4300 9951 34
4300 10142 43
4300 10142 32
4300 10142 6
4300 10142 19
4300 10030 11
4300 10030 37
4300 10030 34
4300 10030 9
4300 9981 22
4300 9981 31
4300 9981 43
4300 9981 57
4300 10140 28
4300 10140 8
4300 10140 3
4300 10140 26
4300 9950 22
4300 9950 1
4300 9950 53
4300 9950 28
4300 9965 11
4300 9965 10
4300 9965 28
4300 9965 57
4300 10147 34
4300 10147 43
4300 10147 37
4300 10147 9
4300 10029 57
4300 10029 6
4300 10029 57
4300 10029 35
4300 10031 8
4300 10031 35
4300 10031 54
4300 10031 34
4300 10139 10
4300 10139 7
4300 10139 42
4300 10139 44
4300 9984 23
4300 9984 55
4300 9984 36
4300 9984 30
4300 10141 38
4300 10141 3
4300 10141 8
4300 10141 42
4300 10074 37
4300 10074 41
4300 10074 23
4300 10074 0
4300 9964 15
4300 9964 43
4300 9964 33
4300 9964 42
4300 10143 54
4300 10143 40
4300 10143 8
4300 10143 11
4300 10148 6
4300 10148 14
4300 10148 52
4300 10148 51
4300 10026 48
4300 10026 44
4300 10026 26
4300 10026 58
4300 10023 14
4300 10023 1
4300 10023 24
4300 10023 59
4300 10032 7
4300 10032 47
4300 10032 15
4300 10032 38
4300 10033 27
4300 10033 23
4300 10033 16
4300 10033 25
4300 9983 39
4300 9983 52
4300 9983 30
4300 9983 8
4300 10071 60
4300 10071 20
4300 10071 40
4300 10071 3
4300 10149 7
4300 10149 38
4300 10149 25
4300 10149 50
4300 10073 39
4300 10073 39
4300 10073 59
4300 10073 12
4300 10146 18
4300 10146 41
4300 10146 0
4300 10146 19
4300 10153 40
4300 10153 56
4300 10153 47
4300 10153 37
4300 9999 47
4300 9999 55
4300 9999 16
4300 9999 43
4300 10025 10
4300 10025 48
4300 10025 32
4300 10025 22
4324 9980 44
4324 9980 29
4324 9980 38
4324 9980 17
4324 9979 48
4324 9979 39
4324 9979 33
4324 9979 24
4324 9982 17
4324 9982 0
4324 9982 29
4324 9982 18
4324 9951 23
4324 9951 25
4324 9951 59
4324 9951 41
4324 10142 41
4324 10142 27
4324 10142 28
4324 10142 47
4324 10030 30
4324 10030 6
4324 10030 53
4324 10030 58
4324 9981 4
4324 9981 50
4324 9981 29
4324 9981 4
4324 10140 39
4324 10140 10
4324 10140 25
4324 10140 17
4324 9950 14
4324 9950 51
4324 9950 27
4324 9950 23
4324 9965 4
4324 9965 60
4324 9965 57
4324 9965 26
4324 10147 8
4324 10147 58
4324 10147 40
4324 10147 4
4324 10029 1
4324 10029 40
4324 10029 25
4324 10029 3
4324 10031 52
4324 10031 10
4324 10031 14
4324 10031 27
4324 10139 54
4324 10139 32
4324 10139 16
4324 10139 25
4324 9984 18
4324 9984 12
4324 9984 36
4324 9984 0
4324 10141 52
4324 10141 2
4324 10141 53
4324 10141 4
4324 10074 20
4324 10074 12
4324 10074 58
4324 10074 9
4324 9964 6
4324 9964 40
4324 9964 27
4324 9964 31
4324 10143 16
4324 10143 4
4324 10143 54
4324 10143 46
4324 10148 31
4324 10148 38
4324 10148 12
4324 10148 56
4324 10026 26
4324 10026 23
4324 10026 54
4324 10026 20
4324 10023 47
4324 10023 53
4324 10023 32
4324 10023 29
4324 10032 7
4324 10032 11
4324 10032 21
4324 10032 40
4324 10033 52
4324 10033 23
4324 10033 24
4324 10033 22
4324 9983 9
4324 9983 14
4324 9983 26
4324 9983 54
4324 10071 28
4324 10071 38
4324 10071 28
4324 10071 46
4324 10149 22
4324 10149 36
4324 10149 3
4324 10149 43
4324 10073 18
4324 10073 58
4324 10073 8
4324 10073 25
4324 10146 6
4324 10146 39
4324 10146 8
4324 10146 2
4324 10153 16
4324 10153 13
4324 10153 40
4324 10153 3
4324 9999 59
4324 9999 60
4324 9999 10
4324 9999 33
4324 10025 25
4324 10025 22
4324 10025 1
4324 10025 33
4335 9980 34
4335 9980 60
4335 9980 17
4335 9980 53
4335 9979 30
4335 9979 25
4335 9979 1
4335 9979 5
4335 9982 39
4335 9982 58
4335 9982 29
4335 9982 9
4335 9951 12
4335 9951 14
4335 9951 38
4335 9951 0
4335 10142 23
4335 10142 16
4335 10142 15
4335 10142 30
4335 10030 51
4335 10030 55
4335 10030 5
4335 10030 32
4335 9981 2
4335 9981 11
4335 9981 51
4335 9981 43
4335 10140 25
4335 10140 58
4335 10140 2
4335 10140 48
4335 9950 39
4335 9950 52
4335 9950 48
4335 9950 43
4335 9965 16
4335 9965 34
4335 9965 16
4335 9965 27
4335 10147 42
4335 10147 54
4335 10147 8
4335 10147 1
4335 10029 42
4335 10029 25
4335 10029 4
4335 10029 55
4335 10031 22
4335 10031 10
4335 10031 26
4335 10031 4
4335 10139 57
4335 10139 37
4335 10139 0
4335 10139 1
4335 9984 7
4335 9984 33
4335 9984 17
4335 9984 38
4335 10141 7
4335 10141 30
4335 10141 22
4335 10141 0
4335 10074 12
4335 10074 16
4335 10074 35
4335 10074 8
4335 9964 2
4335 9964 18
4335 9964 40
4335 9964 20
4335 10143 2
4335 10143 39
4335 10143 20
4335 10143 16
4335 10148 56
4335 10148 39
4335 10148 44
4335 10148 47
4335 10026 4
4335 10026 25
4335 10026 51
4335 10026 58
4335 10023 11
4335 10023 48
4335 10023 53
4335 10023 34
4335 10032 42
4335 10032 44
4335 10032 48
4335 10032 17
4335 10033 32
4335 10033 46
4335 10033 6
4335 10033 6
4335 9983 48
4335 9983 10
4335 9983 46
4335 9983 18
4335 10071 51
4335 10071 50
4335 10071 19
4335 10071 28
4335 10149 56
4335 10149 25
4335 10149 6
4335 10149 27
4335 10073 8
4335 10073 37
4335 10073 1
4335 10073 14
4335 10146 2
4335 10146 46
4335 10146 44
4335 10146 1
4335 10153 41
4335 10153 30
4335 10153 10
4335 10153 28
4335 9999 35
4335 9999 2
4335 9999 30
4335 9999 24
4335 10025 26
4335 10025 48
4335 10025 53
4335 10025 36
4319 9980 13
4319 9980 42
4319 9980 43
4319 9980 29
4319 9979 41
4319 9979 56
4319 9979 48
4319 9979 35
4319 9982 3
4319 9982 8
4319 9982 50
4319 9982 59
4319 9951 18
4319 9951 1
4319 9951 3
4319 9951 6
4319 10142 48
4319 10142 50
4319 10142 54
4319 10142 57
4319 10030 54
4319 10030 2
4319 10030 25
4319 10030 8
4319 9981 19
4319 9981 50
4319 9981 27
4319 9981 33
4319 10140 44
4319 10140 21
4319 10140 30
4319 10140 20
4319 9950 31
4319 9950 46
4319 9950 43
4319 9950 17
4319 9965 27
4319 9965 54
4319 9965 15
4319 9965 1
4319 10147 15
4319 10147 39
4319 10147 56
4319 10147 55
4319 10029 10
4319 10029 21
4319 10029 24
4319 10029 29
4319 10031 50
4319 10031 33
4319 10031 20
4319 10031 19
4319 10139 48
4319 10139 55
4319 10139 49
4319 10139 11
4319 9984 35
4319 9984 6
4319 9984 32
4319 9984 33
4319 10141 14
4319 10141 55
4319 10141 24
4319 10141 5
4319 10074 16
4319 10074 11
4319 10074 51
4319 10074 13
4319 9964 33
4319 9964 4
4319 9964 32
4319 9964 2
4319 10143 7
4319 10143 5
4319 10143 22
4319 10143 43
4319 10148 4
4319 10148 12
4319 10148 2
4319 10148 56
4319 10026 41
4319 10026 46
4319 10026 19
4319 10026 13
4319 10023 42
4319 10023 45
4319 10023 48
4319 10023 48
4319 10032 9
4319 10032 13
4319 10032 17
4319 10032 54
4319 10033 21
4319 10033 20
4319 10033 40
4319 10033 8
4319 9983 32
4319 9983 19
4319 9983 28
4319 9983 60
4319 10071 5
4319 10071 60
4319 10071 46
4319 10071 9
4319 10149 47
4319 10149 54
4319 10149 18
4319 10149 53
4319 10073 9
4319 10073 5
4319 10073 10
4319 10073 32
4319 10146 21
4319 10146 33
4319 10146 12
4319 10146 37
4319 10153 1
4319 10153 50
4319 10153 30
4319 10153 12
4319 9999 37
4319 9999 22
4319 9999 40
4319 9999 13
4319 10025 45
4319 10025 4
4319 10025 35
4319 10025 0
4299 9980 15
4299 9980 22
4299 9980 8
4299 9980 18
4299 9979 24
4299 9979 4
4299 9979 15
4299 9979 59
4299 9982 17
4299 9982 10
4299 9982 48
4299 9982 6
4299 9951 15
4299 9951 15
4299 9951 18
4299 9951 33
4299 10142 1
4299 10142 29
4299 10142 52
4299 10142 17
4299 10030 38
4299 10030 53
4299 10030 4
4299 10030 57
4299 9981 13
4299 9981 19
4299 9981 21
4299 9981 50
4299 10140 38
4299 10140 1
4299 10140 36
4299 10140 18
4299 9950 53
4299 9950 44
4299 9950 7
4299 9950 33
4299 9965 37
4299 9965 14
4299 9965 17
4299 9965 36
4299 10147 12
4299 10147 46
4299 10147 14
4299 10147 30
4299 10029 42
4299 10029 11
4299 10029 13
4299 10029 31
4299 10031 19
4299 10031 49
4299 10031 16
4299 10031 7
4299 10139 54
4299 10139 13
4299 10139 25
4299 10139 18
4299 9984 39
4299 9984 25
4299 9984 11
4299 9984 32
4299 10141 31
4299 10141 24
4299 10141 5
4299 10141 25
4299 10074 34
4299 10074 55
4299 10074 59
4299 10074 7
4299 9964 20
4299 9964 57
4299 9964 15
4299 9964 5
4299 10143 43
4299 10143 6
4299 10143 12
4299 10143 43
4299 10148 13
4299 10148 7
4299 10148 17
4299 10148 1
4299 10026 24
4299 10026 30
4299 10026 36
4299 10026 13
4299 10023 55
4299 10023 54
4299 10023 24
4299 10023 18
4299 10032 40
4299 10032 51
4299 10032 5
4299 10032 24
4299 10033 41
4299 10033 47
4299 10033 43
4299 10033 31
4299 9983 55
4299 9983 56
4299 9983 54
4299 9983 14
4299 10071 54
4299 10071 25
4299 10071 55
4299 10071 41
4299 10149 60
4299 10149 29
4299 10149 51
4299 10149 36
4299 10073 49
4299 10073 55
4299 10073 47
4299 10073 30
4299 10146 54
4299 10146 59
4299 10146 4
4299 10146 37
4299 10153 22
4299 10153 34
4299 10153 32
4299 10153 24
4299 9999 20
4299 9999 43
4299 9999 32
4299 9999 59
4299 10025 5
4299 10025 60
4299 10025 57
4299 10025 1
4293 9980 37
4293 9980 24
4293 9980 4
4293 9980 35
4293 9979 49
4293 9979 19
4293 9979 38
4293 9979 60
4293 9982 2
4293 9982 7
4293 9982 23
4293 9982 15
4293 9951 28
4293 9951 27
4293 9951 59
4293 9951 5
4293 10142 54
4293 10142 7
4293 10142 41
4293 10142 29
4293 10030 60
4293 10030 23
4293 10030 60
4293 10030 42
4293 9981 36
4293 9981 17
4293 9981 58
4293 9981 39
4293 10140 34
4293 10140 45
4293 10140 38
4293 10140 20
4293 9950 41
4293 9950 24
4293 9950 37
4293 9950 12
4293 9965 56
4293 9965 18
4293 9965 59
4293 9965 33
4293 10147 19
4293 10147 31
4293 10147 25
4293 10147 24
4293 10029 54
4293 10029 53
4293 10029 56
4293 10029 42
4293 10031 43
4293 10031 13
4293 10031 8
4293 10031 45
4293 10139 43
4293 10139 48
4293 10139 60
4293 10139 55
4293 9984 15
4293 9984 55
4293 9984 45
4293 9984 35
4293 10141 35
4293 10141 36
4293 10141 40
4293 10141 23
4293 10074 29
4293 10074 54
4293 10074 45
4293 10074 27
4293 9964 13
4293 9964 3
4293 9964 41
4293 9964 7
4293 10143 25
4293 10143 18
4293 10143 42
4293 10143 23
4293 10148 55
4293 10148 41
4293 10148 2
4293 10148 10
4293 10026 2
4293 10026 35
4293 10026 24
4293 10026 4
4293 10023 36
4293 10023 16
4293 10023 12
4293 10023 4
4293 10032 26
4293 10032 5
4293 10032 24
4293 10032 10
4293 10033 42
4293 10033 29
4293 10033 14
4293 10033 29
4293 9983 13
4293 9983 22
4293 9983 49
4293 9983 3
4293 10071 15
4293 10071 25
4293 10071 59
4293 10071 34
4293 10149 7
4293 10149 4
4293 10149 51
4293 10149 1
4293 10073 54
4293 10073 25
4293 10073 9
4293 10073 45
4293 10146 17
4293 10146 15
4293 10146 28
4293 10146 18
4293 10153 6
4293 10153 38
4293 10153 39
4293 10153 17
4293 9999 1
4293 9999 27
4293 9999 47
4293 9999 44
4293 10025 59
4293 10025 55
4293 10025 16
4293 10025 21
4301 9980 18
4301 9980 37
4301 9980 45
4301 9980 7
4301 9979 20
4301 9979 51
4301 9979 8
4301 9979 28
4301 9982 30
4301 9982 1
4301 9982 40
4301 9982 55
4301 9951 14
4301 9951 44
4301 9951 13
4301 9951 49
4301 10142 15
4301 10142 10
4301 10142 3
4301 10142 3
4301 10030 37
4301 10030 42
4301 10030 48
4301 10030 6
4301 9981 38
4301 9981 35
4301 9981 38
4301 9981 32
4301 10140 1
4301 10140 42
4301 10140 56
4301 10140 16
4301 9950 8
4301 9950 36
4301 9950 26
4301 9950 54
4301 9965 9
4301 9965 49
4301 9965 35
4301 9965 56
4301 10147 6
4301 10147 16
4301 10147 23
4301 10147 49
4301 10029 18
4301 10029 57
4301 10029 31
4301 10029 8
4301 10031 30
4301 10031 37
4301 10031 2
4301 10031 28
4301 10139 4
4301 10139 35
4301 10139 52
4301 10139 3
4301 9984 57
4301 9984 2
4301 9984 46
4301 9984 2
4301 10141 29
4301 10141 20
4301 10141 52
4301 10141 17
4301 10074 19
4301 10074 41
4301 10074 56
4301 10074 34
4301 9964 26
4301 9964 19
4301 9964 18
4301 9964 3
4301 10143 22
4301 10143 2
4301 10143 47
4301 10143 51
4301 10148 36
4301 10148 16
4301 10148 32
4301 10148 55
4301 10026 56
4301 10026 33
4301 10026 2
4301 10026 48
4301 10023 13
4301 10023 29
4301 10023 46
4301 10023 25
4301 10032 6
4301 10032 9
4301 10032 52
4301 10032 15
4301 10033 59
4301 10033 26
4301 10033 2
4301 10033 27
4301 9983 35
4301 9983 44
4301 9983 3
4301 9983 11
4301 10071 38
4301 10071 24
4301 10071 18
4301 10071 57
4301 10149 34
4301 10149 50
4301 10149 56
4301 10149 30
4301 10073 25
4301 10073 31
4301 10073 33
4301 10073 0
4301 10146 20
4301 10146 12
4301 10146 11
4301 10146 9
4301 10153 39
4301 10153 24
4301 10153 34
4301 10153 48
4301 9999 44
4301 9999 43
4301 9999 5
4301 9999 21
4301 10025 1
4301 10025 14
4301 10025 34
4301 10025 31
4325 9980 33
4325 9980 50
4325 9980 43
4325 9980 10
4325 9979 37
4325 9979 26
4325 9979 43
4325 9979 37
4325 9982 4
4325 9982 41
4325 9982 19
4325 9982 46
4325 9951 0
4325 9951 10
4325 9951 18
4325 9951 33
4325 10142 13
4325 10142 11
4325 10142 25
4325 10142 13
4325 10030 39
4325 10030 51
4325 10030 39
4325 10030 60
4325 9981 24
4325 9981 4
4325 9981 33
4325 9981 27
4325 10140 23
4325 10140 13
4325 10140 59
4325 10140 20
4325 9950 29
4325 9950 16
4325 9950 24
4325 9950 19
4325 9965 21
4325 9965 7
4325 9965 32
4325 9965 59
4325 10147 58
4325 10147 56
4325 10147 37
4325 10147 57
4325 10029 18
4325 10029 41
4325 10029 55
4325 10029 7
4325 10031 54
4325 10031 29
4325 10031 9
4325 10031 18
4325 10139 52
4325 10139 25
4325 10139 18
4325 10139 32
4325 9984 38
4325 9984 39
4325 9984 10
4325 9984 59
4325 10141 49
4325 10141 51
4325 10141 34
4325 10141 6
4325 10074 7
4325 10074 20
4325 10074 39
4325 10074 3
4325 9964 53
4325 9964 26
4325 9964 34
4325 9964 14
4325 10143 47
4325 10143 3
4325 10143 11
4325 10143 28
4325 10148 57
4325 10148 7
4325 10148 5
4325 10148 57
4325 10026 2
4325 10026 30
4325 10026 38
4325 10026 58
4325 10023 52
4325 10023 25
4325 10023 53
4325 10023 56
4325 10032 28
4325 10032 8
4325 10032 36
4325 10032 24
4325 10033 14
4325 10033 2
4325 10033 22
4325 10033 26
4325 9983 5
4325 9983 29
4325 9983 16
4325 9983 12
4325 10071 56
4325 10071 23
4325 10071 46
4325 10071 19
4325 10149 5
4325 10149 48
4325 10149 35
4325 10149 14
4325 10073 4
4325 10073 30
4325 10073 52
4325 10073 17
4325 10146 54
4325 10146 3
4325 10146 38
4325 10146 28
4325 10153 34
4325 10153 3
4325 10153 59
4325 10153 35
4325 9999 43
4325 9999 36
4325 9999 33
4325 9999 5
4325 10025 32
4325 10025 14
4325 10025 34
4325 10025 54
4336 9980 51
4336 9980 21
4336 9980 48
4336 9980 23
4336 9979 50
4336 9979 53
4336 9979 55
4336 9979 35
4336 9982 0
4336 9982 5
4336 9982 25
4336 9982 58
4336 9951 59
4336 9951 38
4336 9951 46
4336 9951 12
4336 10142 53
4336 10142 18
4336 10142 24
4336 10142 16
4336 10030 44
4336 10030 25
4336 10030 38
4336 10030 40
4336 9981 29
4336 9981 53
4336 9981 39
4336 9981 38
4336 10140 51
4336 10140 1
4336 10140 26
4336 10140 30
4336 9950 11
4336 9950 17
4336 9950 11
4336 9950 9
4336 9965 20
4336 9965 28
4336 9965 50
4336 9965 20
4336 10147 53
4336 10147 55
4336 10147 7
4336 10147 60
4336 10029 32
4336 10029 36
4336 10029 5
4336 10029 29
4336 10031 40
4336 10031 14
4336 10031 8
4336 10031 15
4336 10139 18
4336 10139 43
4336 10139 35
4336 10139 10
4336 9984 52
4336 9984 51
4336 9984 40
4336 9984 6
4336 10141 47
4336 10141 1
4336 10141 51
4336 10141 41
4336 10074 12
4336 10074 1
4336 10074 23
4336 10074 49
4336 9964 47
4336 9964 36
4336 9964 60
4336 9964 25
4336 10143 30
4336 10143 46
4336 10143 11
4336 10143 29
4336 10148 33
4336 10148 53
4336 10148 35
4336 10148 41
4336 10026 21
4336 10026 40
4336 10026 60
4336 10026 52
4336 10023 5
4336 10023 12
4336 10023 44
4336 10023 13
4336 10032 58
4336 10032 11
4336 10032 6
4336 10032 11
4336 10033 22
4336 10033 47
4336 10033 15
4336 10033 25
4336 9983 22
4336 9983 3
4336 9983 49
4336 9983 55
4336 10071 8
4336 10071 35
4336 10071 31
4336 10071 1
4336 10149 4
4336 10149 32
4336 10149 28
4336 10149 14
4336 10073 54
4336 10073 16
4336 10073 45
4336 10073 8
4336 10146 29
4336 10146 2
4336 10146 30
4336 10146 22
4336 10153 49
4336 10153 0
4336 10153 46
4336 10153 37
4336 9999 32
4336 9999 25
4336 9999 13
4336 9999 5
4336 10025 26
4336 10025 15
4336 10025 46
4336 10025 34
4318 9980 12
4318 9980 29
4318 9980 25
4318 9980 24
4318 9979 3
4318 9979 5
4318 9979 54
4318 9979 41
4318 9982 51
4318 9982 18
4318 9982 12
4318 9982 43
4318 9951 33
4318 9951 39
4318 9951 46
4318 9951 38
4318 10142 24
4318 10142 25
4318 10142 13
4318 10142 28
4318 10030 18
4318 10030 6
4318 10030 43
4318 10030 19
4318 9981 13
4318 9981 55
4318 9981 18
4318 9981 9
4318 10140 36
4318 10140 36
4318 10140 10
4318 10140 22
4318 9950 32
4318 9950 5
4318 9950 20
4318 9950 59
4318 9965 40
4318 9965 5
4318 9965 18
4318 9965 50
4318 10147 32
4318 10147 58
4318 10147 17
4318 10147 1
4318 10029 5
4318 10029 56
4318 10029 27
4318 10029 10
4318 10031 39
4318 10031 46
4318 10031 37
4318 10031 35
4318 10139 9
4318 10139 25
4318 10139 50
4318 10139 23
4318 9984 18
4318 9984 5
4318 9984 60
4318 9984 27
4318 10141 31
4318 10141 50
4318 10141 18
4318 10141 49
4318 10074 11
4318 10074 15
4318 10074 27
4318 10074 49
4318 9964 25
4318 9964 50
4318 9964 15
4318 9964 7
4318 10143 8
4318 10143 43
4318 10143 15
4318 10143 21
4318 10148 1
4318 10148 14
4318 10148 36
4318 10148 9
4318 10026 56
4318 10026 60
4318 10026 53
4318 10026 2
4318 10023 36
4318 10023 12
4318 10023 50
4318 10023 36
4318 10032 14
4318 10032 56
4318 10032 4
4318 10032 20
4318 10033 34
4318 10033 6
4318 10033 37
4318 10033 35
4318 9983 15
4318 9983 31
4318 9983 45
4318 9983 53
4318 10071 43
4318 10071 44
4318 10071 48
4318 10071 45
4318 10149 8
4318 10149 39
4318 10149 43
4318 10149 31
4318 10073 24
4318 10073 54
4318 10073 40
4318 10073 5
4318 10146 18
4318 10146 38
4318 10146 48
4318 10146 5
4318 10153 23
4318 10153 15
4318 10153 27
4318 10153 26
4318 9999 58
4318 9999 39
4318 9999 5
4318 9999 42
4318 10025 33
4318 10025 9
4318 10025 56
4318 10025 31
5212 9980 10
5212 9980 43
5212 9980 44
5212 9980 23
5212 9979 54
5212 9979 38
5212 9979 16
5212 9979 37
5212 9982 6
5212 9982 37
5212 9982 44
5212 9982 57
5212 9951 43
5212 9951 17
5212 9951 60
5212 9951 40
5212 10142 27
5212 10142 25
5212 10142 9
5212 10142 20
5212 10030 38
5212 10030 15
5212 10030 10
5212 10030 2
5212 9981 32
5212 9981 37
5212 9981 38
5212 9981 4
5212 10140 23
5212 10140 16
5212 10140 45
5212 10140 28
5212 9950 44
5212 9950 22
5212 9950 54
5212 9950 45
5212 9965 48
5212 9965 20
5212 9965 50
5212 9965 52
5212 10147 40
5212 10147 11
5212 10147 10
5212 10147 45
5212 10029 41
5212 10029 40
5212 10029 25
5212 10029 38
5212 10031 10
5212 10031 10
5212 10031 58
5212 10031 52
5212 10139 38
5212 10139 41
5212 10139 49
5212 10139 48
5212 9984 56
5212 9984 51
5212 9984 4
5212 9984 44
5212 10141 43
5212 10141 44
5212 10141 37
5212 10141 17
5212 10074 43
5212 10074 34
5212 10074 12
5212 10074 56
5212 9964 35
5212 9964 1
5212 9964 39
5212 9964 17
5212 10143 60
5212 10143 25
5212 10143 9
5212 10143 34
5212 10148 30
5212 10148 58
5212 10148 7
5212 10148 10
5212 10026 54
5212 10026 40
5212 10026 53
5212 10026 47
5212 10023 39
5212 10023 39
5212 10023 20
5212 10023 26
5212 10032 10
5212 10032 43
5212 10032 3
5212 10032 12
5212 10033 44
5212 10033 4
5212 10033 42
5212 10033 55
5212 9983 36
5212 9983 41
5212 9983 44
5212 9983 47
5212 10071 15
5212 10071 14
5212 10071 28
5212 10071 30
5212 10149 56
5212 10149 37
5212 10149 43
5212 10149 49
5212 10073 0
5212 10073 9
5212 10073 14
5212 10073 16
5212 10146 25
5212 10146 54
5212 10146 27
5212 10146 14
5212 10153 34
5212 10153 35
5212 10153 38
5212 10153 39
5212 9999 12
5212 9999 21
5212 9999 36
5212 9999 39
5212 10025 58
5212 10025 7
5212 10025 40
5212 10025 11
4291 9980 18
4291 9980 56
4291 9980 59
4291 9980 24
4291 9979 3
4291 9979 10
4291 9979 38
4291 9979 8
4291 9982 34
4291 9982 30
4291 9982 13
4291 9982 26
4291 9951 2
4291 9951 53
4291 9951 0
4291 9951 14
4291 10142 29
4291 10142 11
4291 10142 9
4291 10142 45
4291 10030 6
4291 10030 16
4291 10030 9
4291 10030 17
4291 9981 48
4291 9981 44
4291 9981 59
4291 9981 22
4291 10140 31
4291 10140 44
4291 10140 42
4291 10140 32
4291 9950 52
4291 9950 38
4291 9950 35
4291 9950 9
4291 9965 21
4291 9965 24
4291 9965 6
4291 9965 1
4291 10147 12
4291 10147 0
4291 10147 20
4291 10147 12
4291 10029 30
4291 10029 6
4291 10029 20
4291 10029 47
4291 10031 35
4291 10031 2
4291 10031 22
4291 10031 9
4291 10139 44
4291 10139 16
4291 10139 0
4291 10139 0
4291 9984 10
4291 9984 37
4291 9984 25
4291 9984 16
4291 10141 36
4291 10141 10
4291 10141 28
4291 10141 17
4291 10074 40
4291 10074 18
4291 10074 54
4291 10074 9
4291 9964 45
4291 9964 33
4291 9964 55
4291 9964 46
4291 10143 19
4291 10143 19
4291 10143 24
4291 10143 26
4291 10148 46
4291 10148 55
4291 10148 18
4291 10148 31
4291 10026 47
4291 10026 19
4291 10026 57
4291 10026 45
4291 10023 27
4291 10023 6
4291 10023 47
4291 10023 43
4291 10032 11
4291 10032 41
4291 10032 2
4291 10032 45
4291 10033 26
4291 10033 45
4291 10033 46
4291 10033 39
4291 9983 2
4291 9983 36
4291 9983 39
4291 9983 24
4291 10071 24
4291 10071 22
4291 10071 49
4291 10071 11
4291 10149 17
4291 10149 36
4291 10149 15
4291 10149 29
4291 10073 3
4291 10073 56
4291 10073 51
4291 10073 36
4291 10146 60
4291 10146 9
4291 10146 26
4291 10146 48
4291 10153 3
4291 10153 51
4291 10153 57
4291 10153 0
4291 9999 7
4291 9999 15
4291 9999 22
4291 9999 18
4291 10025 22
4291 10025 57
4291 10025 6
4291 10025 40
4292 9980 12
4292 9980 2
4292 9980 8
4292 9980 11
4292 9979 17
4292 9979 27
4292 9979 30
4292 9979 40
4292 9982 48
4292 9982 50
4292 9982 19
4292 9982 25
4292 9951 20
4292 9951 2
4292 9951 34
4292 9951 21
4292 10142 39
4292 10142 27
4292 10142 10
4292 10142 29
4292 10030 20
4292 10030 3
4292 10030 40
4292 10030 36
4292 9981 50
4292 9981 24
4292 9981 5
4292 9981 49
4292 10140 3
4292 10140 20
4292 10140 56
4292 10140 38
4292 9950 31
4292 9950 51
4292 9950 5
4292 9950 39
4292 9965 19
4292 9965 19
4292 9965 49
4292 9965 6
4292 10147 29
4292 10147 51
4292 10147 29
4292 10147 60
4292 10029 26
4292 10029 26
4292 10029 20
4292 10029 58
4292 10031 3
4292 10031 31
4292 10031 11
4292 10031 13
4292 10139 26
4292 10139 53
4292 10139 56
4292 10139 9
4292 9984 23
4292 9984 60
4292 9984 18
4292 9984 35
4292 10141 38
4292 10141 31
4292 10141 37
4292 10141 35
4292 10074 24
4292 10074 54
4292 10074 9
4292 10074 56
4292 9964 34
4292 9964 12
4292 9964 57
4292 9964 47
4292 10143 25
4292 10143 17
4292 10143 14
4292 10143 45
4292 10148 11
4292 10148 27
4292 10148 57
4292 10148 11
4292 10026 0
4292 10026 27
4292 10026 36
4292 10026 25
4292 10023 32
4292 10023 33
4292 10023 5
4292 10023 9
4292 10032 38
4292 10032 14
4292 10032 54
4292 10032 23
4292 10033 52
4292 10033 58
4292 10033 53
4292 10033 44
4292 9983 3
4292 9983 37
4292 9983 44
4292 9983 18
4292 10071 7
4292 10071 44
4292 10071 32
4292 10071 37
4292 10149 31
4292 10149 11
4292 10149 44
4292 10149 11
4292 10073 23
4292 10073 47
4292 10073 37
4292 10073 11
4292 10146 37
4292 10146 17
4292 10146 16
4292 10146 18
4292 10153 44
4292 10153 55
4292 10153 11
4292 10153 35
4292 9999 26
4292 9999 50
4292 9999 22
4292 9999 58
4292 10025 40
4292 10025 34
4292 10025 24
4292 10025 18
4321 9980 15
4321 9980 37
4321 9980 32
4321 9980 52
4321 9979 50
4321 9979 24
4321 9979 48
4321 9979 50
4321 9982 56
4321 9982 56
4321 9982 31
4321 9982 40
4321 9951 56
4321 9951 47
4321 9951 26
4321 9951 37
4321 10142 20
4321 10142 6
4321 10142 9
4321 10142 47
4321 10030 21
4321 10030 39
4321 10030 9
4321 10030 11
4321 9981 41
4321 9981 17
4321 9981 16
4321 9981 20
4321 10140 32
4321 10140 39
4321 10140 41
4321 10140 31
4321 9950 34
4321 9950 6
4321 9950 17
4321 9950 27
4321 9965 50
4321 9965 55
4321 9965 39
4321 9965 58
4321 10147 10
4321 10147 47
4321 10147 5
4321 10147 21
4321 10029 33
4321 10029 40
4321 10029 30
4321 10029 22
4321 10031 58
4321 10031 56
4321 10031 23
4321 10031 22
4321 10139 60
4321 10139 46
4321 10139 42
4321 10139 14
4321 9984 60
4321 9984 4
4321 9984 59
4321 9984 10
4321 10141 47
4321 10141 23
4321 10141 20
4321 10141 9
4321 10074 28
4321 10074 5
4321 10074 3
4321 10074 7
4321 9964 3
4321 9964 46
4321 9964 1
4321 9964 59
4321 10143 44
4321 10143 23
4321 10143 40
4321 10143 24
4321 10148 0
4321 10148 23
4321 10148 32
4321 10148 47
4321 10026 55
4321 10026 11
4321 10026 0
4321 10026 3
4321 10023 31
4321 10023 49
4321 10023 22
4321 10023 46
4321 10032 47
4321 10032 2
4321 10032 42
4321 10032 51
4321 10033 59
4321 10033 20
4321 10033 53
4321 10033 2
4321 9983 9
4321 9983 7
4321 9983 55
4321 9983 49
4321 10071 36
4321 10071 44
4321 10071 49
4321 10071 52
4321 10149 43
4321 10149 45
4321 10149 14
4321 10149 5
4321 10073 7
4321 10073 15
4321 10073 28
4321 10073 32
4321 10146 9
4321 10146 34
4321 10146 6
4321 10146 53
4321 10153 23
4321 10153 49
4321 10153 53
4321 10153 37
4321 9999 32
4321 9999 40
4321 9999 29
4321 9999 5
4321 10025 38
4321 10025 43
4321 10025 58
4321 10025 20
4052 9980 50
4052 9980 40
4052 9980 38
4052 9980 46
4052 9979 59
4052 9979 30
4052 9979 38
4052 9979 55
4052 9982 15
4052 9982 60
4052 9982 0
4052 9982 55
4052 9951 9
4052 9951 16
4052 9951 31
4052 9951 60
4052 10142 4
4052 10142 52
4052 10142 55
4052 10142 52
4052 10030 20
4052 10030 51
4052 10030 49
4052 10030 60
4052 9981 46
4052 9981 23
4052 9981 25
4052 9981 1
4052 10140 40
4052 10140 3
4052 10140 23
4052 10140 50
4052 9950 8
4052 9950 49
4052 9950 33
4052 9950 2
4052 9965 34
4052 9965 38
4052 9965 56
4052 9965 37
4052 10147 25
4052 10147 23
4052 10147 10
4052 10147 35
4052 10029 3
4052 10029 39
4052 10029 36
4052 10029 0
4052 10031 52
4052 10031 28
4052 10031 55
4052 10031 13
4052 10139 28
4052 10139 17
4052 10139 33
4052 10139 51
4052 9984 34
4052 9984 30
4052 9984 38
4052 9984 30
4052 10141 22
4052 10141 55
4052 10141 52
4052 10141 2
4052 10074 3
4052 10074 2
4052 10074 28
4052 10074 46
4052 9964 52
4052 9964 14
4052 9964 15
4052 9964 60
4052 10143 44
4052 10143 37
4052 10143 7
4052 10143 16
4052 10148 31
4052 10148 44
4052 10148 43
4052 10148 9
4052 10026 17
4052 10026 58
4052 10026 23
4052 10026 29
4052 10023 4
4052 10023 53
4052 10023 19
4052 10023 20
4052 10032 6
4052 10032 11
4052 10032 23
4052 10032 2
4052 10033 33
4052 10033 7
4052 10033 25
4052 10033 5
4052 9983 10
4052 9983 3
4052 9983 24
4052 9983 33
4052 10071 23
4052 10071 57
4052 10071 18
4052 10071 42
4052 10149 6
4052 10149 17
4052 10149 23
4052 10149 8
4052 10073 47
4052 10073 47
4052 10073 14
4052 10073 45
4052 10146 58
4052 10146 23
4052 10146 39
4052 10146 57
4052 10153 36
4052 10153 60
4052 10153 11
4052 10153 20
4052 9999 59
4052 9999 39
4052 9999 22
4052 9999 58
4052 10025 26
4052 10025 33
4052 10025 34
4052 10025 26
4294 9980 59
4294 9980 2
4294 9980 34
4294 9980 18
4294 9979 16
4294 9979 29
4294 9979 1
4294 9979 60
4294 9982 5
4294 9982 43
4294 9982 16
4294 9982 7
4294 9951 33
4294 9951 59
4294 9951 16
4294 9951 0
4294 10142 59
4294 10142 7
4294 10142 26
4294 10142 28
4294 10030 7
4294 10030 23
4294 10030 14
4294 10030 0
4294 9981 45
4294 9981 40
4294 9981 32
4294 9981 0
4294 10140 48
4294 10140 8
4294 10140 35
4294 10140 6
4294 9950 15
4294 9950 1
4294 9950 11
4294 9950 19
4294 9965 36
4294 9965 26
4294 9965 8
4294 9965 16
4294 10147 57
4294 10147 12
4294 10147 37
4294 10147 22
4294 10029 29
4294 10029 8
4294 10029 27
4294 10029 56
4294 10031 29
4294 10031 37
4294 10031 27
4294 10031 31
4294 10139 5
4294 10139 4
4294 10139 3
4294 10139 45
4294 9984 11
4294 9984 28
4294 9984 1
4294 9984 19
4294 10141 21
4294 10141 31
4294 10141 43
4294 10141 24
4294 10074 52
4294 10074 47
4294 10074 46
4294 10074 39
4294 9964 58
4294 9964 27
4294 9964 19
4294 9964 13
4294 10143 0
4294 10143 34
4294 10143 34
4294 10143 32
4294 10148 13
4294 10148 47
4294 10148 23
4294 10148 19
4294 10026 31
4294 10026 36
4294 10026 53
4294 10026 40
4294 10023 30
4294 10023 33
4294 10023 6
4294 10023 18
4294 10032 0
4294 10032 31
4294 10032 38
4294 10032 0
4294 10033 0
4294 10033 46
4294 10033 29
4294 10033 8
4294 9983 44
4294 9983 36
4294 9983 42
4294 9983 56
4294 10071 46
4294 10071 48
4294 10071 56
4294 10071 24
4294 10149 37
4294 10149 55
4294 10149 52
4294 10149 53
4294 10073 36
4294 10073 55
4294 10073 13
4294 10073 12
4294 10146 14
4294 10146 41
4294 10146 12
4294 10146 1
4294 10153 45
4294 10153 39
4294 10153 33
4294 10153 35
4294 9999 13
4294 9999 19
4294 9999 42
4294 9999 20
4294 10025 23
4294 10025 51
4294 10025 11
4294 10025 50
4302 9980 47
4302 9980 8
4302 9980 12
4302 9980 15
4302 9979 27
4302 9979 6
4302 9979 11
4302 9979 3
4302 9982 53
4302 9982 46
4302 9982 59
4302 9982 40
4302 9951 39
4302 9951 35
4302 9951 49
4302 9951 27
4302 10142 13
4302 10142 13
4302 10142 16
4302 10142 19
4302 10030 37
4302 10030 20
4302 10030 20
4302 10030 16
4302 9981 50
4302 9981 8
4302 9981 35
4302 9981 29
4302 10140 37
4302 10140 58
4302 10140 13
4302 10140 38
4302 9950 4
4302 9950 48
4302 9950 58
4302 9950 59
4302 9965 55
4302 9965 19
4302 9965 51
4302 9965 22
4302 10147 5
4302 10147 20
4302 10147 38
4302 10147 8
4302 10029 16
4302 10029 31
4302 10029 28
4302 10029 8
4302 10031 53
4302 10031 24
4302 10031 0
4302 10031 51
4302 10139 51
4302 10139 48
4302 10139 5
4302 10139 33
4302 9984 48
4302 9984 10
4302 9984 51
4302 9984 23
4302 10141 58
4302 10141 51
4302 10141 27
4302 10141 13
4302 10074 41
4302 10074 20
4302 10074 5
4302 10074 14
4302 9964 45
4302 9964 42
4302 9964 48
4302 9964 12
4302 10143 36
4302 10143 41
4302 10143 19
4302 10143 27
4302 10148 45
4302 10148 39
4302 10148 34
4302 10148 21
4302 10026 11
4302 10026 25
4302 10026 31
4302 10026 24
4302 10023 50
4302 10023 36
4302 10023 58
4302 10023 13
4302 10032 3
4302 10032 2
4302 10032 58
4302 10032 27
4302 10033 0
4302 10033 38
4302 10033 18
4302 10033 36
4302 9983 22
4302 9983 48
4302 9983 6
4302 9983 58
4302 10071 60
4302 10071 58
4302 10071 33
4302 10071 21
4302 10149 38
4302 10149 46
4302 10149 53
4302 10149 54
4302 10073 6
4302 10073 32
4302 10073 18
4302 10073 51
4302 10146 30
4302 10146 5
4302 10146 30
4302 10146 21
4302 10153 44
4302 10153 45
4302 10153 32
4302 10153 3
4302 9999 56
4302 9999 48
4302 9999 12
4302 9999 18
4302 10025 25
4302 10025 2
4302 10025 56
4302 10025 40
4326 9980 9
4326 9980 21
4326 9980 25
4326 9980 28
4326 9979 7
4326 9979 29
4326 9979 52
4326 9979 38
4326 9982 53
4326 9982 6
4326 9982 14
4326 9982 8
4326 9951 60
4326 9951 10
4326 9951 4
4326 9951 10
4326 10142 12
4326 10142 8
4326 10142 13
4326 10142 55
4326 10030 55
4326 10030 3
4326 10030 50
4326 10030 0
4326 9981 23
4326 9981 51
4326 9981 51
4326 9981 16
4326 10140 16
4326 10140 39
4326 10140 28
4326 10140 49
4326 9950 42
4326 9950 16
4326 9950 18
4326 9950 43
4326 9965 25
4326 9965 51
4326 9965 36
4326 9965 5
4326 10147 55
4326 10147 45
4326 10147 35
4326 10147 51
4326 10029 14
4326 10029 13
4326 10029 34
4326 10029 1
4326 10031 23
4326 10031 24
4326 10031 52
4326 10031 50
4326 10139 29
4326 10139 1
4326 10139 15
4326 10139 47
4326 9984 12
4326 9984 15
4326 9984 16
4326 9984 33
4326 10141 30
4326 10141 13
4326 10141 32
4326 10141 4
4326 10074 33
4326 10074 50
4326 10074 13
4326 10074 10
4326 9964 24
4326 9964 38
4326 9964 55
4326 9964 28
4326 10143 50
4326 10143 36
4326 10143 32
4326 10143 18
4326 10148 5
4326 10148 29
4326 10148 58
4326 10148 18
4326 10026 8
4326 10026 7
4326 10026 27
4326 10026 55
4326 10023 24
4326 10023 1
4326 10023 28
4326 10023 16
4326 10032 36
4326 10032 5
4326 10032 60
4326 10032 43
4326 10033 24
4326 10033 38
4326 10033 10
4326 10033 53
4326 9983 22
4326 9983 23
4326 9983 44
4326 9983 3
4326 10071 37
4326 10071 3
4326 10071 1
4326 10071 45
4326 10149 0
4326 10149 22
4326 10149 58
4326 10149 37
4326 10073 45
4326 10073 36
4326 10073 5
4326 10073 4
4326 10146 25
4326 10146 10
4326 10146 55
4326 10146 49
4326 10153 6
4326 10153 11
4326 10153 32
4326 10153 53
4326 9999 41
4326 9999 59
4326 9999 53
4326 9999 21
4326 10025 53
4326 10025 33
4326 10025 8
4326 10025 51
4317 9980 14
4317 9980 19
4317 9980 45
4317 9980 27
4317 9979 59
4317 9979 32
4317 9979 22
4317 9979 16
4317 9982 36
4317 9982 56
4317 9982 28
4317 9982 19
4317 9951 37
4317 9951 35
4317 9951 30
4317 9951 50
4317 10142 42
4317 10142 44
4317 10142 46
4317 10142 55
4317 10030 16
4317 10030 51
4317 10030 48
4317 10030 13
4317 9981 57
4317 9981 59
4317 9981 55
4317 9981 46
4317 10140 40
4317 10140 52
4317 10140 22
4317 10140 48
4317 9950 31
4317 9950 0
4317 9950 21
4317 9950 1
4317 9965 42
4317 9965 51
4317 9965 54
4317 9965 5
4317 10147 0
4317 10147 49
4317 10147 7
4317 10147 1
4317 10029 24
4317 10029 42
4317 10029 60
4317 10029 39
4317 10031 24
4317 10031 7
4317 10031 34
4317 10031 46
4317 10139 0
4317 10139 17
4317 10139 29
4317 10139 29
4317 9984 15
4317 9984 12
4317 9984 46
4317 9984 8
4317 10141 5
4317 10141 28
4317 10141 46
4317 10141 1
4317 10074 15
4317 10074 58
4317 10074 22
4317 10074 60
4317 9964 15
4317 9964 17
4317 9964 37
4317 9964 47
4317 10143 57
4317 10143 34
4317 10143 3
4317 10143 7
4317 10148 7
4317 10148 12
4317 10148 14
4317 10148 16
4317 10026 15
4317 10026 3
4317 10026 54
4317 10026 5
4317 10023 6
4317 10023 45
4317 10023 41
4317 10023 56
4317 10032 10
4317 10032 56
4317 10032 1
4317 10032 28
4317 10033 36
4317 10033 5
4317 10033 38
4317 10033 58
4317 9983 9
4317 9983 57
4317 9983 39
4317 9983 15
4317 10071 10
4317 10071 38
4317 10071 5
4317 10071 17
4317 10149 51
4317 10149 22
4317 10149 29
4317 10149 46
4317 10073 60
4317 10073 9
4317 10073 2
4317 10073 51
4317 10146 46
4317 10146 47
4317 10146 52
4317 10146 8
4317 10153 38
4317 10153 6
4317 10153 39
4317 10153 19
4317 9999 18
4317 9999 1
4317 9999 53
4317 9999 24
4317 10025 33
4317 10025 20
4317 10025 53
4317 10025 33
4320 9980 48
4320 9980 36
4320 9980 13
4320 9980 51
4320 9979 22
4320 9979 8
4320 9979 5
4320 9979 49
4320 9982 32
4320 9982 23
4320 9982 57
4320 9982 39
4320 9951 16
4320 9951 14
4320 9951 48
4320 9951 24
4320 10142 30
4320 10142 18
4320 10142 27
4320 10142 25
4320 10030 43
4320 10030 35
4320 10030 59
4320 10030 1
4320 9981 29
4320 9981 32
4320 9981 59
4320 9981 32
4320 10140 8
4320 10140 44
4320 10140 60
4320 10140 40
4320 9950 17
4320 9950 49
4320 9950 52
4320 9950 45
4320 9965 6
4320 9965 9
4320 9965 59
4320 9965 54
4320 10147 38
4320 10147 8
4320 10147 22
4320 10147 55
4320 10029 36
4320 10029 19
4320 10029 3
4320 10029 22
4320 10031 28
4320 10031 36
4320 10031 4
4320 10031 8
4320 10139 56
4320 10139 56
4320 10139 2
4320 10139 24
4320 9984 7
4320 9984 1
4320 9984 36
4320 9984 7
4320 10141 5
4320 10141 51
4320 10141 19
4320 10141 4
4320 10074 7
4320 10074 12
4320 10074 25
4320 10074 11
4320 9964 31
4320 9964 41
4320 9964 53
4320 9964 11
4320 10143 21
4320 10143 34
4320 10143 16
4320 10143 3
4320 10148 11
4320 10148 44
4320 10148 60
4320 10148 57
4320 10026 41
4320 10026 7
4320 10026 10
4320 10026 35
4320 10023 21
4320 10023 23
4320 10023 49
4320 10023 1
4320 10032 27
4320 10032 20
4320 10032 2
4320 10032 36
4320 10033 19
4320 10033 8
4320 10033 12
4320 10033 25
4320 9983 26
4320 9983 23
4320 9983 34
4320 9983 22
4320 10071 18
4320 10071 40
4320 10071 18
4320 10071 13
4320 10149 15
4320 10149 12
4320 10149 20
4320 10149 16
4320 10073 3
4320 10073 34
4320 10073 13
4320 10073 54
4320 10146 13
4320 10146 9
4320 10146 46
4320 10146 37
4320 10153 6
4320 10153 5
4320 10153 1
4320 10153 8
4320 9999 0
4320 9999 29
4320 9999 49
4320 9999 44
4320 10025 20
4320 10025 53
4320 10025 32
4320 10025 39
5213 9980 21
5213 9980 14
5213 9980 54
5213 9980 55
5213 9979 36
5213 9979 42
5213 9979 24
5213 9979 39
5213 9982 49
5213 9982 13
5213 9982 44
5213 9982 45
5213 9951 10
5213 9951 57
5213 9951 31
5213 9951 25
5213 10142 23
5213 10142 23
5213 10142 5
5213 10142 60
5213 10030 22
5213 10030 27
5213 10030 37
5213 10030 44
5213 9981 15
5213 9981 30
5213 9981 14
5213 9981 37
5213 10140 19
5213 10140 42
5213 10140 36
5213 10140 55
5213 9950 50
5213 9950 13
5213 9950 21
5213 9950 39
5213 9965 60
5213 9965 14
5213 9965 34
5213 9965 16
5213 10147 60
5213 10147 41
5213 10147 7
5213 10147 52
5213 10029 13
5213 10029 41
5213 10029 59
5213 10029 13
5213 10031 5
5213 10031 25
5213 10031 4
5213 10031 25
5213 10139 24
5213 10139 23
5213 10139 29
5213 10139 2
5213 9984 52
5213 9984 52
5213 9984 18
5213 9984 44
5213 10141 5
5213 10141 31
5213 10141 13
5213 10141 52
5213 10074 31
5213 10074 44
5213 10074 46
5213 10074 22
5213 9964 14
5213 9964 16
5213 9964 31
5213 9964 9
5213 10143 51
5213 10143 60
5213 10143 60
5213 10143 7
5213 10148 44
5213 10148 18
5213 10148 29
5213 10148 10
5213 10026 37
5213 10026 0
5213 10026 24
5213 10026 25
5213 10023 18
5213 10023 52
5213 10023 28
5213 10023 59
5213 10032 10
5213 10032 8
5213 10032 3
5213 10032 53
5213 10033 41
5213 10033 27
5213 10033 11
5213 10033 43
5213 9983 54
5213 9983 25
5213 9983 38
5213 9983 3
5213 10071 53
5213 10071 2
5213 10071 22
5213 10071 3
5213 10149 4
5213 10149 43
5213 10149 31
5213 10149 50
5213 10073 44
5213 10073 36
5213 10073 42
5213 10073 2
5213 10146 7
5213 10146 33
5213 10146 47
5213 10146 50
5213 10153 10
5213 10153 32
5213 10153 24
5213 10153 43
5213 9999 42
5213 9999 49
5213 9999 48
5213 9999 33
5213 10025 12
5213 10025 20
5213 10025 15
5213 10025 37
4290 9980 7
4290 9980 1
4290 9980 30
4290 9980 30
4290 9979 10
4290 9979 49
4290 9979 34
4290 9979 56
4290 9982 15
4290 9982 8
4290 9982 6
4290 9982 11
4290 9951 28
4290 9951 0
4290 9951 36
4290 9951 47
4290 10142 7
4290 10142 8
4290 10142 3
4290 10142 39
4290 10030 0
4290 10030 2
4290 10030 11
4290 10030 20
4290 9981 59
4290 9981 31
4290 9981 40
4290 9981 5
4290 10140 58
4290 10140 18
4290 10140 52
4290 10140 47
4290 9950 17
4290 9950 24
4290 9950 18
4290 9950 51
4290 9965 7
4290 9965 41
4290 9965 36
4290 9965 35
4290 10147 45
4290 10147 41
4290 10147 5
4290 10147 43
4290 10029 29
4290 10029 37
4290 10029 28
4290 10029 39
4290 10031 27
4290 10031 26
4290 10031 56
4290 10031 18
4290 10139 36
4290 10139 57
4290 10139 11
4290 10139 40
4290 9984 1
4290 9984 44
4290 9984 35
4290 9984 33
4290 10141 52
4290 10141 54
4290 10141 25
4290 10141 40
4290 10074 2
4290 10074 53
4290 10074 13
4290 10074 1
4290 9964 28
4290 9964 23
4290 9964 17
4290 9964 58
4290 10143 7
4290 10143 28
4290 10143 48
4290 10143 46
4290 10148 4
4290 10148 60
4290 10148 6
4290 10148 18
4290 10026 30
4290 10026 1
4290 10026 25
4290 10026 33
4290 10023 12
4290 10023 52
4290 10023 16
4290 10023 24
4290 10032 7
4290 10032 2
4290 10032 33
4290 10032 39
4290 10033 57
4290 10033 11
4290 10033 38
4290 10033 22
4290 9983 41
4290 9983 34
4290 9983 5
4290 9983 8
4290 10071 52
4290 10071 37
4290 10071 11
4290 10071 34
4290 10149 38
4290 10149 54
4290 10149 28
4290 10149 29
4290 10073 23
4290 10073 2
4290 10073 47
4290 10073 52
4290 10146 58
4290 10146 37
4290 10146 11
4290 10146 48
4290 10153 18
4290 10153 44
4290 10153 60
4290 10153 44
4290 9999 2
4290 9999 37
4290 9999 7
4290 9999 20
4290 10025 12
4290 10025 49
4290 10025 54
4290 10025 59
4284 9980 15
4284 9980 14
4284 9980 31
4284 9980 40
4284 9979 31
4284 9979 52
4284 9979 3
4284 9979 1
4284 9982 48
4284 9982 49
4284 9982 59
4284 9982 10
4284 9951 3
4284 9951 36
4284 9951 18
4284 9951 16
4284 10142 18
4284 10142 37
4284 10142 29
4284 10142 16
4284 10030 44
4284 10030 15
4284 10030 32
4284 10030 56
4284 9981 10
4284 9981 40
4284 9981 24
4284 9981 33
4284 10140 29
4284 10140 47
4284 10140 24
4284 10140 52
4284 9950 39
4284 9950 36
4284 9950 12
4284 9950 11
4284 9965 15
4284 9965 31
4284 9965 24
4284 9965 4
4284 10147 46
4284 10147 37
4284 10147 11
4284 10147 38
4284 10029 1
4284 10029 33
4284 10029 0
4284 10029 15
4284 10031 32
4284 10031 13
4284 10031 24
4284 10031 23
4284 10139 25
4284 10139 19
4284 10139 41
4284 10139 21
4284 9984 60
4284 9984 60
4284 9984 45
4284 9984 12
4284 10141 18
4284 10141 19
4284 10141 4
4284 10141 17
4284 10074 24
4284 10074 46
4284 10074 46
4284 10074 33
4284 9964 34
4284 9964 44
4284 9964 26
4284 9964 28
4284 10143 52
4284 10143 3
4284 10143 37
4284 10143 56
4284 10148 6
4284 10148 48
4284 10148 45
4284 10148 53
4284 10026 34
4284 10026 10
4284 10026 5
4284 10026 28
4284 10023 38
4284 10023 40
4284 10023 2
4284 10023 53
4284 10032 51
4284 10032 40
4284 10032 13
4284 10032 16
4284 10033 52
4284 10033 51
4284 10033 52
4284 10033 58
4284 9983 37
4284 9983 4
4284 9983 13
4284 9983 40
4284 10071 35
4284 10071 27
4284 10071 7
4284 10071 53
4284 10149 8
4284 10149 33
4284 10149 3
4284 10149 31
4284 10073 19
4284 10073 44
4284 10073 54
4284 10073 54
4284 10146 18
4284 10146 14
4284 10146 41
4284 10146 30
4284 10153 52
4284 10153 23
4284 10153 23
4284 10153 34
4284 9999 15
4284 9999 28
4284 9999 41
4284 9999 56
4284 10025 26
4284 10025 55
4284 10025 45
4284 10025 28
4051 9980 31
4051 9980 59
4051 9980 4
4051 9980 23
4051 9979 40
4051 9979 37
4051 9979 52
4051 9979 23
4051 9982 54
4051 9982 12
4051 9982 13
4051 9982 35
4051 9951 55
4051 9951 42
4051 9951 25
4051 9951 49
4051 10142 43
4051 10142 31
4051 10142 43
4051 10142 9
4051 10030 53
4051 10030 47
4051 10030 57
4051 10030 7
4051 9981 6
4051 9981 48
4051 9981 39
4051 9981 22
4051 10140 11
4051 10140 30
4051 10140 54
4051 10140 14
4051 9950 33
4051 9950 33
4051 9950 54
4051 9950 12
4051 9965 6
4051 9965 47
4051 9965 52
4051 9965 39
4051 10147 30
4051 10147 24
4051 10147 34
4051 10147 47
4051 10029 49
4051 10029 35
4051 10029 19
4051 10029 58
4051 10031 24
4051 10031 57
4051 10031 23
4051 10031 5
4051 10139 37
4051 10139 60
4051 10139 10
4051 10139 6
4051 9984 52
4051 9984 59
4051 9984 13
4051 9984 2
4051 10141 51
4051 10141 17
4051 10141 36
4051 10141 34
4051 10074 22
4051 10074 26
4051 10074 44
4051 10074 2
4051 9964 12
4051 9964 30
4051 9964 14
4051 9964 56
4051 10143 28
4051 10143 51
4051 10143 55
4051 10143 26
4051 10148 43
4051 10148 23
4051 10148 19
4051 10148 50
4051 10026 60
4051 10026 22
4051 10026 26
4051 10026 46
4051 10023 53
4051 10023 39
4051 10023 53
4051 10023 26
4051 10032 37
4051 10032 43
4051 10032 4
4051 10032 54
4051 10033 22
4051 10033 54
4051 10033 11
4051 10033 28
4051 9983 18
4051 9983 57
4051 9983 54
4051 9983 14
4051 10071 22
4051 10071 14
4051 10071 15
4051 10071 6
4051 10149 30
4051 10149 20
4051 10149 49
4051 10149 27
4051 10073 44
4051 10073 7
4051 10073 58
4051 10073 35
4051 10146 8
4051 10146 49
4051 10146 50
4051 10146 34
4051 10153 6
4051 10153 29
4051 10153 51
4051 10153 59
4051 9999 43
4051 9999 32
4051 9999 37
4051 9999 29
4051 10025 27
4051 10025 12
4051 10025 44
4051 10025 54
4316 9980 37
4316 9980 44
4316 9980 19
4316 9980 52
4316 9979 38
4316 9979 50
4316 9979 58
4316 9979 53
4316 9982 30
4316 9982 42
4316 9982 30
4316 9982 6
4316 9951 30
4316 9951 38
4316 9951 41
4316 9951 4
4316 10142 37
4316 10142 17
4316 10142 0
4316 10142 40
4316 10030 22
4316 10030 16
4316 10030 35
4316 10030 20
4316 9981 12
4316 9981 13
4316 9981 53
4316 9981 27
4316 10140 37
4316 10140 57
4316 10140 16
4316 10140 29
4316 9950 48
4316 9950 31
4316 9950 4
4316 9950 34
4316 9965 3
4316 9965 14
4316 9965 17
4316 9965 5
4316 10147 39
4316 10147 18
4316 10147 26
4316 10147 56
4316 10029 41
4316 10029 10
4316 10029 35
4316 10029 14
4316 10031 18
4316 10031 35
4316 10031 23
4316 10031 50
4316 10139 9
4316 10139 37
4316 10139 27
4316 10139 39
4316 9984 22
4316 9984 58
4316 9984 30
4316 9984 38
4316 10141 24
4316 10141 24
4316 10141 28
4316 10141 50
4316 10074 23
4316 10074 47
4316 10074 39
4316 10074 44
4316 9964 33
4316 9964 4
4316 9964 29
4316 9964 26
4316 10143 42
4316 10143 25
4316 10143 11
4316 10143 0
4316 10148 50
4316 10148 27
4316 10148 56
4316 10148 8
4316 10026 18
4316 10026 44
4316 10026 36
4316 10026 25
4316 10023 25
4316 10023 24
4316 10023 53
4316 10023 48
4316 10032 19
4316 10032 55
4316 10032 5
4316 10032 0
4316 10033 58
4316 10033 47
4316 10033 56
4316 10033 36
4316 9983 41
4316 9983 39
4316 9983 11
4316 9983 30
4316 10071 47
4316 10071 8
4316 10071 16
4316 10071 40
4316 10149 17
4316 10149 48
4316 10149 32
4316 10149 20
4316 10073 18
4316 10073 59
4316 10073 0
4316 10073 28
4316 10146 55
4316 10146 3
4316 10146 50
4316 10146 57
4316 10153 52
4316 10153 2
4316 10153 28
4316 10153 3
4316 9999 50
4316 9999 0
4316 9999 51
4316 9999 46
4316 10025 7
4316 10025 30
4316 10025 6
4316 10025 29
4043 9980 21
4043 9980 50
4043 9980 7
4043 9980 37
4043 9979 39
4043 9979 39
4043 9979 57
4043 9979 27
4043 9982 25
4043 9982 50
4043 9982 40
4043 9982 56
4043 9951 32
4043 9951 18
4043 9951 17
4043 9951 55
4043 10142 39
4043 10142 40
4043 10142 24
4043 10142 31
4043 10030 28
4043 10030 51
4043 10030 55
4043 10030 58
4043 9981 56
4043 9981 28
4043 9981 45
4043 9981 56
4043 10140 27
4043 10140 57
4043 10140 4
4043 10140 21
4043 9950 54
4043 9950 18
4043 9950 9
4043 9950 48
4043 9965 4
4043 9965 20
4043 9965 43
4043 9965 59
4043 10147 16
4043 10147 12
4043 10147 53
4043 10147 29
4043 10029 4
4043 10029 2
4043 10029 20
4043 10029 10
4043 10031 18
4043 10031 28
4043 10031 41
4043 10031 39
4043 10139 42
4043 10139 13
4043 10139 26
4043 10139 49
4043 9984 15
4043 9984 10
4043 9984 55
4043 9984 35
4043 10141 31
4043 10141 46
4043 10141 11
4043 10141 34
4043 10074 47
4043 10074 20
4043 10074 48
4043 10074 35
4043 9964 30
4043 9964 22
4043 9964 21
4043 9964 53
4043 10143 12
4043 10143 38
4043 10143 48
4043 10143 29
4043 10148 24
4043 10148 47
4043 10148 5
4043 10148 31
4043 10026 43
4043 10026 45
4043 10026 39
4043 10026 17
4043 10023 42
4043 10023 4
4043 10023 40
4043 10023 10
4043 10032 54
4043 10032 43
4043 10032 12
4043 10032 42
4043 10033 51
4043 10033 53
4043 10033 52
4043 10033 33
4043 9983 49
4043 9983 51
4043 9983 38
4043 9983 58
4043 10071 33
4043 10071 13
4043 10071 14
4043 10071 8
4043 10149 13
4043 10149 16
4043 10149 10
4043 10149 20
4043 10073 39
4043 10073 26
4043 10073 36
4043 10073 41
4043 10146 29
4043 10146 12
4043 10146 35
4043 10146 30
4043 10153 15
4043 10153 31
4043 10153 46
4043 10153 23
4043 9999 48
4043 9999 5
4043 9999 37
4043 9999 40
4043 10025 12
4043 10025 8
4043 10025 0
4043 10025 54
4053 9980 43
4053 9980 30
4053 9980 27
4053 9980 38
4053 9979 14
4053 9979 37
4053 9979 55
4053 9979 25
4053 9982 37
4053 9982 37
4053 9982 9
4053 9982 26
4053 9951 20
4053 9951 38
4053 9951 44
4053 9951 6
4053 10142 23
4053 10142 21
4053 10142 22
4053 10142 7
4053 10030 20
4053 10030 45
4053 10030 52
4053 10030 0
4053 9981 36
4053 9981 37
4053 9981 45
4053 9981 2
4053 10140 43
4053 10140 22
4053 10140 53
4053 10140 31
4053 9950 14
4053 9950 36
4053 9950 12
4053 9950 45
4053 9965 60
4053 9965 59
4053 9965 59
4053 9965 44
4053 10147 44
4053 10147 44
4053 10147 6
4053 10147 14
4053 10029 21
4053 10029 55
4053 10029 5
4053 10029 22
4053 10031 34
4053 10031 45
4053 10031 48
4053 10031 23
4053 10139 20
4053 10139 31
4053 10139 33
4053 10139 35
4053 9984 30
4053 9984 42
4053 9984 6
4053 9984 35
4053 10141 11
4053 10141 54
4053 10141 27
4053 10141 20
4053 10074 24
4053 10074 15
4053 10074 13
4053 10074 58
4053 9964 58
4053 9964 11
4053 9964 41
4053 9964 55
4053 10143 25
4053 10143 46
4053 10143 25
4053 10143 26
4053 10148 28
4053 10148 31
4053 10148 52
4053 10148 37
4053 10026 24
4053 10026 29
4053 10026 19
4053 10026 27
4053 10023 52
4053 10023 11
4053 10023 44
4053 10023 1
4053 10032 22
4053 10032 53
4053 10032 2
4053 10032 60
4053 10033 0
4053 10033 48
4053 10033 29
4053 10033 3
4053 9983 44
4053 9983 31
4053 9983 37
4053 9983 4
4053 10071 13
4053 10071 37
4053 10071 22
4053 10071 52
4053 10149 19
4053 10149 59
4053 10149 33
4053 10149 49
4053 10073 52
4053 10073 50
4053 10073 46
4053 10073 55
4053 10146 47
4053 10146 26
4053 10146 42
4053 10146 41
4053 10153 15
4053 10153 37
4053 10153 60
4053 10153 59
4053 9999 25
4053 9999 24
4053 9999 19
4053 9999 51
4053 10025 36
4053 10025 10
4053 10025 46
4053 10025 38
4298 9980 55
4298 9980 44
4298 9980 34
4298 9980 17
4298 9979 37
4298 9979 24
4298 9979 52
4298 9979 24
4298 9982 49
4298 9982 59
4298 9982 43
4298 9982 38
4298 9951 40
4298 9951 37
4298 9951 17
4298 9951 42
4298 10142 38
4298 10142 8
4298 10142 18
4298 10142 7
4298 10030 25
4298 10030 10
4298 10030 32
4298 10030 17
4298 9981 39
4298 9981 12
4298 9981 24
4298 9981 56
4298 10140 50
4298 10140 35
4298 10140 18
4298 10140 21
4298 9950 35
4298 9950 14
4298 9950 9
4298 9950 26
4298 9965 6
4298 9965 9
4298 9965 27
4298 9965 44
4298 10147 40
4298 10147 35
4298 10147 13
4298 10147 4
4298 10029 48
4298 10029 25
4298 10029 30
4298 10029 33
4298 10031 37
4298 10031 58
4298 10031 59
4298 10031 7
4298 10139 58
4298 10139 32
4298 10139 45
4298 10139 33
4298 9984 28
4298 9984 8
4298 9984 7
4298 9984 36
4298 10141 5
4298 10141 43
4298 10141 54
4298 10141 42
4298 10074 9
4298 10074 27
4298 10074 45
4298 10074 41
4298 9964 51
4298 9964 16
4298 9964 8
4298 9964 28
4298 10143 11
4298 10143 13
4298 10143 23
4298 10143 43
4298 10148 17
4298 10148 48
4298 10148 8
4298 10148 59
4298 10026 40
4298 10026 53
4298 10026 48
4298 10026 57
4298 10023 48
4298 10023 46
4298 10023 36
4298 10023 60
4298 10032 39
4298 10032 23
4298 10032 47
4298 10032 57
4298 10033 46
4298 10033 2
4298 10033 57
4298 10033 39
4298 9983 40
4298 9983 52
4298 9983 36
4298 9983 30
4298 10071 39
4298 10071 41
4298 10071 57
4298 10071 36
4298 10149 31
4298 10149 21
4298 10149 19
4298 10149 52
4298 10073 17
4298 10073 34
4298 10073 44
4298 10073 5
4298 10146 28
4298 10146 53
4298 10146 28
4298 10146 53
4298 10153 54
4298 10153 48
4298 10153 13
4298 10153 17
4298 9999 53
4298 9999 27
4298 9999 15
4298 9999 8
4298 10025 16
4298 10025 19
4298 10025 33
4298 10025 12
4303 9980 21
4303 9980 4
4303 9980 46
4303 9980 0
4303 9979 54
4303 9979 36
4303 9979 18
4303 9979 34
4303 9982 33
4303 9982 43
4303 9982 9
4303 9982 43
4303 9951 2
4303 9951 14
4303 9951 52
4303 9951 38
4303 10142 0
4303 10142 55
4303 10142 44
4303 10142 6
4303 10030 26
4303 10030 8
4303 10030 54
4303 10030 57
4303 9981 21
4303 9981 37
4303 9981 25
4303 9981 30
4303 10140 22
4303 10140 59
4303 10140 59
4303 10140 38
4303 9950 36
4303 9950 38
4303 9950 19
4303 9950 39
4303 9965 5
4303 9965 45
4303 9965 46
4303 9965 12
4303 10147 31
4303 10147 13
4303 10147 6
4303 10147 53
4303 10029 46
4303 10029 28
4303 10029 34
4303 10029 29
4303 10031 2
4303 10031 53
4303 10031 56
4303 10031 18
4303 10139 42
4303 10139 17
4303 10139 60
4303 10139 45
4303 9984 53
4303 9984 3
4303 9984 14
4303 9984 28
4303 10141 57
4303 10141 47
4303 10141 58
4303 10141 46
4303 10074 41
4303 10074 23
4303 10074 5
4303 10074 6
4303 9964 6
4303 9964 26
4303 9964 9
4303 9964 44
4303 10143 45
4303 10143 35
4303 10143 49
4303 10143 53
4303 10148 54
4303 10148 7
4303 10148 42
4303 10148 55
4303 10026 43
4303 10026 3
4303 10026 10
4303 10026 40
4303 10023 43
4303 10023 34
4303 10023 40
4303 10023 27
4303 10032 60
4303 10032 54
4303 10032 32
4303 10032 46
4303 10033 40
4303 10033 1
4303 10033 55
4303 10033 34
4303 9983 52
4303 9983 56
4303 9983 10
4303 9983 22
4303 10071 10
4303 10071 50
4303 10071 2
4303 10071 15
4303 10149 17
4303 10149 51
4303 10149 21
4303 10149 58
4303 10073 21
4303 10073 42
4303 10073 7
4303 10073 6
4303 10146 56
4303 10146 13
4303 10146 54
4303 10146 17
4303 10153 7
4303 10153 51
4303 10153 12
4303 10153 0
4303 9999 15
4303 9999 35
4303 9999 33
4303 9999 17
4303 10025 19
4303 10025 55
4303 10025 27
4303 10025 26
4330 9980 60
4330 9980 10
4330 9980 30
4330 9980 6
4330 9979 50
4330 9979 12
4330 9979 19
4330 9979 28
4330 9982 50
4330 9982 59
4330 9982 40
4330 9982 37
4330 9951 19
4330 9951 15
4330 9951 58
4330 9951 0
4330 10142 30
4330 10142 53
4330 10142 4
4330 10142 20
4330 10030 59
4330 10030 40
4330 10030 16
4330 10030 6
4330 9981 31
4330 9981 25
4330 9981 8
4330 9981 36
4330 10140 5
4330 10140 42
4330 10140 56
4330 10140 40
4330 9950 9
4330 9950 13
4330 9950 17
4330 9950 34
4330 9965 42
4330 9965 22
4330 9965 17
4330 9965 29
4330 10147 38
4330 10147 30
4330 10147 60
4330 10147 26
4330 10029 29
4330 10029 4
4330 10029 49
4330 10029 51
4330 10031 43
4330 10031 19
4330 10031 6
4330 10031 30
4330 10139 55
4330 10139 21
4330 10139 60
4330 10139 55
4330 9984 18
4330 9984 48
4330 9984 44
4330 9984 34
4330 10141 33
4330 10141 38
4330 10141 52
4330 10141 13
4330 10074 58
4330 10074 52
4330 10074 58
4330 10074 41
4330 9964 49
4330 9964 1
4330 9964 56
4330 9964 37
4330 10143 59
4330 10143 27
4330 10143 54
4330 10143 55
4330 10148 7
4330 10148 34
4330 10148 30
4330 10148 27
4330 10026 11
4330 10026 1
4330 10026 24
4330 10026 16
4330 10023 36
4330 10023 16
4330 10023 54
4330 10023 32
4330 10032 17
4330 10032 41
4330 10032 22
4330 10032 7
4330 10033 33
4330 10033 24
4330 10033 34
4330 10033 57
4330 9983 46
4330 9983 16
4330 9983 29
4330 9983 11
4330 10071 9
4330 10071 24
4330 10071 8
4330 10071 50
4330 10149 47
4330 10149 54
4330 10149 56
4330 10149 9
4330 10073 43
4330 10073 46
4330 10073 6
4330 10073 6
4330 10146 5
4330 10146 29
4330 10146 35
4330 10146 35
4330 10153 46
4330 10153 17
4330 10153 31
4330 10153 23
4330 9999 37
4330 9999 22
4330 9999 4
4330 9999 37
4330 10025 12
4330 10025 44
4330 10025 24
4330 10025 10
