8245 6678 37
8245 6677 34
8245 6679 13
8245 6685 34
8245 6676 31
8245 6642 41
8245 6687 55
8245 6675 27
8245 9843 46
8245 6643 47
8245 9165 54
8245 6674 3
8245 6684 44
8245 6632 39
8245 6641 7
8245 6686 28
8245 6639 19
8245 6689 19
8245 6630 15
8245 9700 8
8245 9701 11
8245 6634 52
8245 9166 31
8245 6672 32
8245 6683 56
8245 6631 42
8245 6640 3
8245 6635 51
8245 6688 60
8245 6638 2
8245 6698 44
8245 6629 7
8244 6678 4
8244 6677 54
8244 6679 45
8244 6685 28
8244 6676 13
8244 6642 17
8244 6687 28
8244 6675 46
8244 9843 35
8244 6643 12
8244 9165 25
8244 6674 42
8244 6684 60
8244 6632 58
8244 6641 1
8244 6686 46
8244 6639 27
8244 6689 59
8244 6630 32
8244 9700 14
8244 9701 59
8244 6634 12
8244 9166 14
8244 6672 38
8244 6683 4
8244 6631 10
8244 6640 34
8244 6635 33
8244 6688 13
8244 6638 43
8244 6698 25
8244 6629 9
8229 6678 56
8229 6677 3
8229 6679 45
8229 6685 47
8229 6676 7
8229 6642 24
8229 6687 50
8229 6675 21
8229 9843 38
8229 6643 16
8229 9165 26
8229 6674 39
8229 6684 20
8229 6632 58
8229 6641 23
8229 6686 48
8229 6639 14
8229 6689 33
8229 6630 13
8229 9700 56
8229 9701 41
8229 6634 18
8229 9166 20
8229 6672 55
8229 6683 36
8229 6631 51
8229 6640 6
8229 6635 26
8229 6688 8
8229 6638 10
8229 6698 30
8229 6629 11
8247 6678 54
8247 6677 53
8247 6679 46
8247 6685 4
8247 6676 6
8247 6642 12
8247 6687 37
8247 6675 34
8247 9843 49
8247 6643 33
8247 9165 10
8247 6674 15
8247 6684 39
8247 6632 25
8247 6641 7
8247 6686 0
8247 6639 25
8247 6689 44
8247 6630 7
8247 9700 45
8247 9701 11
8247 6634 26
8247 9166 9
8247 6672 3
8247 6683 3
8247 6631 12
8247 6640 10
8247 6635 38
8247 6688 3
8247 6638 21
8247 6698 36
8247 6629 29
8248 6678 28
8248 6677 13
8248 6679 44
8248 6685 18
8248 6676 5
8248 6642 30
8248 6687 41
8248 6675 13
8248 9843 53
8248 6643 14
8248 9165 19
8248 6674 57
8248 6684 11
8248 6632 33
8248 6641 14
8248 6686 56
8248 6639 48
8248 6689 22
8248 6630 5
8248 9700 58
8248 9701 1
8248 6634 30
8248 9166 20
8248 6672 13
8248 6683 41
8248 6631 5
8248 6640 37
8248 6635 27
8248 6688 7
8248 6638 60
8248 6698 59
8248 6629 37
8233 6678 21
8233 6677 36
8233 6679 11
8233 6685 32
8233 6676 21
8233 6642 33
8233 6687 0
8233 6675 43
8233 9843 9
8233 6643 2
8233 9165 58
8233 6674 59
8233 6684 33
8233 6632 16
8233 6641 47
8233 6686 28
8233 6639 56
8233 6689 56
8233 6630 29
8233 9700 0
8233 9701 44
8233 6634 60
8233 9166 23
8233 6672 24
8233 6683 39
8233 6631 24
8233 6640 23
8233 6635 59
8233 6688 57
8233 6638 8
8233 6698 6
8233 6629 38
8246 6678 53
8246 6677 28
8246 6679 1
8246 6685 51
8246 6676 2
8246 6642 31
8246 6687 13
8246 6675 3
8246 9843 26
8246 6643 57
8246 9165 26
8246 6674 36
8246 6684 38
8246 6632 47
8246 6641 1
8246 6686 28
8246 6639 25
8246 6689 1
8246 6630 54
8246 9700 0
8246 9701 56
8246 6634 30
8246 9166 35
8246 6672 46
8246 6683 8
8246 6631 32
8246 6640 57
8246 6635 16
8246 6688 40
8246 6638 32
8246 6698 12
8246 6629 29
8227 6678 8
8227 6677 46
8227 6679 15
8227 6685 53
8227 6676 1
8227 6642 25
8227 6687 39
8227 6675 37
8227 9843 24
8227 6643 5
8227 9165 54
8227 6674 36
8227 6684 38
8227 6632 51
8227 6641 41
8227 6686 59
8227 6639 29
8227 6689 31
8227 6630 3
8227 9700 45
8227 9701 26
8227 6634 42
8227 9166 45
8227 6672 36
8227 6683 14
8227 6631 11
8227 6640 36
8227 6635 45
8227 6688 3
8227 6638 23
8227 6698 19
8227 6629 60
8224 6678 11
8224 6677 9
8224 6679 22
8224 6685 34
8224 6676 43
8224 6642 58
8224 6687 45
8224 6675 26
8224 9843 7
8224 6643 3
8224 9165 35
8224 6674 2
8224 6684 1
8224 6632 26
8224 6641 49
8224 6686 25
8224 6639 36
8224 6689 29
8224 6630 49
8224 9700 44
8224 9701 3
8224 6634 2
8224 9166 46
8224 6672 6
8224 6683 14
8224 6631 44
8224 6640 26
8224 6635 26
8224 6688 7
8224 6638 16
8224 6698 12
8224 6629 50
8242 6678 22
8242 6677 4
8242 6679 6
8242 6685 37
8242 6676 51
8242 6642 20
8242 6687 13
8242 6675 2
8242 9843 55
8242 6643 54
8242 9165 42
8242 6674 49
8242 6684 38
8242 6632 57
8242 6641 46
8242 6686 8
8242 6639 8
8242 6689 54
8242 6630 39
8242 9700 29
8242 9701 29
8242 6634 45
8242 9166 11
8242 6672 43
8242 6683 32
8242 6631 58
8242 6640 29
8242 6635 52
8242 6688 45
8242 6638 48
8242 6698 51
8242 6629 17
8251 6678 1
8251 6677 9
8251 6679 53
8251 6685 24
8251 6676 36
8251 6642 28
8251 6687 7
8251 6675 15
8251 9843 36
8251 6643 12
8251 9165 59
8251 6674 13
8251 6684 39
8251 6632 60
8251 6641 40
8251 6686 19
8251 6639 53
8251 6689 5
8251 6630 36
8251 9700 4
8251 9701 2
8251 6634 36
8251 9166 58
8251 6672 39
8251 6683 15
8251 6631 30
8251 6640 32
8251 6635 31
8251 6688 4
8251 6638 36
8251 6698 19
8251 6629 38
8223 6678 2
8223 6677 57
8223 6679 21
8223 6685 28
8223 6676 18
8223 6642 8
8223 6687 32
8223 6675 48
8223 9843 19
8223 6643 3
8223 9165 51
8223 6674 24
8223 6684 40
8223 6632 45
8223 6641 58
8223 6686 50
8223 6639 59
8223 6689 37
8223 6630 39
8223 9700 12
8223 9701 17
8223 6634 1
8223 9166 32
8223 6672 46
8223 6683 38
8223 6631 19
8223 6640 30
8223 6635 27
8223 6688 31
8223 6638 35
8223 6698 14
8223 6629 35
8232 6678 40
8232 6677 28
8232 6679 53
8232 6685 7
8232 6676 3
8232 6642 57
8232 6687 22
8232 6675 48
8232 9843 28
8232 6643 39
8232 9165 3
8232 6674 55
8232 6684 30
8232 6632 26
8232 6641 18
8232 6686 42
8232 6639 45
8232 6689 23
8232 6630 5
8232 9700 5
8232 9701 60
8232 6634 49
8232 9166 30
8232 6672 23
8232 6683 23
8232 6631 44
8232 6640 55
8232 6635 18
8232 6688 31
8232 6638 13
8232 6698 7
8232 6629 18
8235 6678 6
8235 6677 17
8235 6679 8
8235 6685 51
8235 6676 25
8235 6642 20
8235 6687 5
8235 6675 48
8235 9843 42
8235 6643 40
8235 9165 5
8235 6674 57
8235 6684 12
8235 6632 44
8235 6641 23
8235 6686 57
8235 6639 13
8235 6689 37
8235 6630 15
8235 9700 19
8235 9701 44
8235 6634 17
8235 9166 38
8235 6672 13
8235 6683 44
8235 6631 1
8235 6640 58
8235 6635 57
8235 6688 38
8235 6638 58
8235 6698 1
8235 6629 35
8253 6678 45
8253 6677 60
8253 6679 0
8253 6685 34
8253 6676 55
8253 6642 33
8253 6687 11
8253 6675 32
8253 9843 14
8253 6643 38
8253 9165 55
8253 6674 43
8253 6684 44
8253 6632 28
8253 6641 49
8253 6686 45
8253 6639 31
8253 6689 38
8253 6630 8
8253 9700 51
8253 9701 56
8253 6634 1
8253 9166 60
8253 6672 21
8253 6683 50
8253 6631 57
8253 6640 9
8253 6635 4
8253 6688 37
8253 6638 2
8253 6698 13
8253 6629 51
8228 6678 57
8228 6677 17
8228 6679 5
8228 6685 39
8228 6676 53
8228 6642 29
8228 6687 40
8228 6675 56
8228 9843 30
8228 6643 14
8228 9165 31
8228 6674 1
8228 6684 21
8228 6632 3
8228 6641 26
8228 6686 9
8228 6639 30
8228 6689 40
8228 6630 9
8228 9700 0
8228 9701 56
8228 6634 41
8228 9166 17
8228 6672 8
8228 6683 8
8228 6631 12
8228 6640 3
8228 6635 1
8228 6688 1
8228 6638 38
8228 6698 44
8228 6629 59
8226 6678 36
8226 6677 10
8226 6679 37
8226 6685 53
8226 6676 50
8226 6642 6
8226 6687 40
8226 6675 20
8226 9843 47
8226 6643 15
8226 9165 23
8226 6674 38
8226 6684 10
8226 6632 42
8226 6641 6
8226 6686 5
8226 6639 21
8226 6689 55
8226 6630 60
8226 9700 51
8226 9701 9
8226 6634 14
8226 9166 11
8226 6672 9
8226 6683 10
8226 6631 56
8226 6640 0
8226 6635 54
8226 6688 36
8226 6638 25
8226 6698 52
8226 6629 34
8243 6678 46
8243 6677 58
8243 6679 22
8243 6685 25
8243 6676 19
8243 6642 44
8243 6687 12
8243 6675 20
8243 9843 57
8243 6643 44
8243 9165 20
8243 6674 43
8243 6684 5
8243 6632 5
8243 6641 5
8243 6686 26
8243 6639 31
8243 6689 19
8243 6630 25
8243 9700 17
8243 9701 6
8243 6634 19
8243 9166 12
8243 6672 53
8243 6683 11
8243 6631 39
8243 6640 58
8243 6635 19
8243 6688 40
8243 6638 20
8243 6698 45
8243 6629 52
7252 6678 31
7252 6677 7
7252 6679 42
7252 6685 24
7252 6676 24
7252 6642 49
7252 6687 43
7252 6675 7
7252 9843 14
7252 6643 33
7252 9165 29
7252 6674 39
7252 6684 19
7252 6632 34
7252 6641 25
7252 6686 55
7252 6639 51
7252 6689 55
7252 6630 15
7252 9700 10
7252 9701 56
7252 6634 31
7252 9166 19
7252 6672 8
7252 6683 51
7252 6631 54
7252 6640 42
7252 6635 15
7252 6688 12
7252 6638 58
7252 6698 31
7252 6629 17
8241 6678 16
8241 6677 58
8241 6679 11
8241 6685 35
8241 6676 40
8241 6642 0
8241 6687 4
8241 6675 39
8241 9843 45
8241 6643 46
8241 9165 55
8241 6674 51
8241 6684 25
8241 6632 38
8241 6641 45
8241 6686 33
8241 6639 58
8241 6689 41
8241 6630 24
8241 9700 52
8241 9701 10
8241 6634 28
8241 9166 49
8241 6672 5
8241 6683 42
8241 6631 57
8241 6640 19
8241 6635 49
8241 6688 24
8241 6638 27
8241 6698 50
8241 6629 23
8249 6678 22
8249 6677 9
8249 6679 52
8249 6685 39
8249 6676 43
8249 6642 27
8249 6687 58
8249 6675 2
8249 9843 38
8249 6643 21
8249 9165 16
8249 6674 58
8249 6684 12
8249 6632 52
8249 6641 58
8249 6686 46
8249 6639 55
8249 6689 46
8249 6630 43
8249 9700 23
8249 9701 42
8249 6634 14
8249 9166 45
8249 6672 13
8249 6683 14
8249 6631 57
8249 6640 53
8249 6635 29
8249 6688 14
8249 6638 31
8249 6698 7
8249 6629 12
7253 6678 1
7253 6677 43
7253 6679 39
7253 6685 6
7253 6676 31
7253 6642 55
7253 6687 42
7253 6675 46
7253 9843 43
7253 6643 5
7253 9165 10
7253 6674 43
7253 6684 46
7253 6632 49
7253 6641 28
7253 6686 38
7253 6639 0
7253 6689 3
7253 6630 38
7253 9700 33
7253 9701 2
7253 6634 16
7253 9166 59
7253 6672 34
7253 6683 20
7253 6631 1
7253 6640 1
7253 6635 15
7253 6688 31
7253 6638 5
7253 6698 37
7253 6629 32
8081 6678 30
8081 6677 53
8081 6679 44
8081 6685 48
8081 6676 10
8081 6642 48
8081 6687 51
8081 6675 41
8081 9843 4
8081 6643 58
8081 9165 33
8081 6674 14
8081 6684 48
8081 6632 52
8081 6641 2
8081 6686 43
8081 6639 4
8081 6689 52
8081 6630 44
8081 9700 16
8081 9701 23
8081 6634 3
8081 9166 49
8081 6672 2
8081 6683 60
8081 6631 55
8081 6640 37
8081 6635 22
8081 6688 30
8081 6638 7
8081 6698 41
8081 6629 42
8231 6678 0
8231 6677 29
8231 6679 50
8231 6685 14
8231 6676 42
8231 6642 28
8231 6687 49
8231 6675 23
8231 9843 44
8231 6643 20
8231 9165 32
8231 6674 4
8231 6684 10
8231 6632 51
8231 6641 20
8231 6686 25
8231 6639 13
8231 6689 40
8231 6630 19
8231 9700 11
8231 9701 43
8231 6634 7
8231 9166 30
8231 6672 6
8231 6683 0
8231 6631 55
8231 6640 25
8231 6635 7
8231 6688 16
8231 6638 26
8231 6698 25
8231 6629 59
8234 6678 20
8234 6677 5
8234 6679 15
8234 6685 35
8234 6676 11
8234 6642 2
8234 6687 6
8234 6675 28
8234 9843 21
8234 6643 12
8234 9165 23
8234 6674 43
8234 6684 8
8234 6632 38
8234 6641 9
8234 6686 4
8234 6639 21
8234 6689 21
8234 6630 56
8234 9700 38
8234 9701 18
8234 6634 22
8234 9166 16
8234 6672 24
8234 6683 6
8234 6631 28
8234 6640 51
8234 6635 23
8234 6688 49
8234 6638 55
8234 6698 56
8234 6629 41
8252 6678 4
8252 6677 15
8252 6679 20
8252 6685 35
8252 6676 52
8252 6642 0
8252 6687 45
8252 6675 6
8252 9843 5
8252 6643 44
8252 9165 20
8252 6674 3
8252 6684 2
8252 6632 40
8252 6641 42
8252 6686 17
8252 6639 44
8252 6689 29
8252 6630 1
8252 9700 36
8252 9701 13
8252 6634 24
8252 9166 24
8252 6672 53
8252 6683 11
8252 6631 48
8252 6640 2
8252 6635 38
8252 6688 16
8252 6638 19
8252 6698 56
8252 6629 57
8293 6678 29
8293 6677 38
8293 6679 19
8293 6685 37
8293 6676 25
8293 6642 17
8293 6687 34
8293 6675 37
8293 9843 52
8293 6643 21
8293 9165 59
8293 6674 25
8293 6684 30
8293 6632 45
8293 6641 44
8293 6686 46
8293 6639 60
8293 6689 0
8293 6630 25
8293 9700 4
8293 9701 46
8293 6634 5
8293 9166 55
8293 6672 53
8293 6683 25
8293 6631 49
8293 6640 26
8293 6635 53
8293 6688 6
8293 6638 9
8293 6698 0
8293 6629 8
8225 6678 23
8225 6677 4
8225 6679 6
8225 6685 35
8225 6676 32
8225 6642 44
8225 6687 24
8225 6675 37
8225 9843 21
8225 6643 10
8225 9165 39
8225 6674 17
8225 6684 57
8225 6632 3
8225 6641 30
8225 6686 33
8225 6639 13
8225 6689 28
8225 6630 7
8225 9700 42
8225 9701 6
8225 6634 58
8225 9166 47
8225 6672 21
8225 6683 20
8225 6631 48
8225 6640 8
8225 6635 48
8225 6688 57
8225 6638 15
8225 6698 15
8225 6629 58
8237 6678 45
8237 6677 17
8237 6679 27
8237 6685 4
8237 6676 59
8237 6642 47
8237 6687 26
8237 6675 47
8237 9843 49
8237 6643 4
8237 9165 34
8237 6674 60
8237 6684 12
8237 6632 18
8237 6641 6
8237 6686 17
8237 6639 27
8237 6689 29
8237 6630 35
8237 9700 38
8237 9701 33
8237 6634 58
8237 9166 25
8237 6672 20
8237 6683 51
8237 6631 45
8237 6640 37
8237 6635 56
8237 6688 38
8237 6638 58
8237 6698 60
8237 6629 37
7251 6678 23
7251 6677 33
7251 6679 2
7251 6685 52
7251 6676 46
7251 6642 32
7251 6687 60
7251 6675 27
7251 9843 53
7251 6643 11
7251 9165 59
7251 6674 36
7251 6684 33
7251 6632 7
7251 6641 8
7251 6686 51
7251 6639 51
7251 6689 17
7251 6630 21
7251 9700 46
7251 9701 59
7251 6634 13
7251 9166 16
7251 6672 17
7251 6683 25
7251 6631 30
7251 6640 12
7251 6635 53
7251 6688 30
7251 6638 21
7251 6698 16
7251 6629 15
8240 6678 41
8240 6677 39
8240 6679 30
8240 6685 7
8240 6676 8
8240 6642 47
8240 6687 0
8240 6675 8
8240 9843 58
8240 6643 0
8240 9165 3
8240 6674 44
8240 6684 6
8240 6632 32
8240 6641 19
8240 6686 16
8240 6639 10
8240 6689 36
8240 6630 4
8240 9700 14
8240 9701 6
8240 6634 4
8240 9166 24
8240 6672 49
8240 6683 54
8240 6631 11
8240 6640 46
8240 6635 42
8240 6688 13
8240 6638 12
8240 6698 11
8240 6629 28
8250 6678 50
8250 6677 2
8250 6679 7
8250 6685 43
8250 6676 52
8250 6642 58
8250 6687 57
8250 6675 9
8250 9843 27
8250 6643 26
8250 9165 47
8250 6674 51
8250 6684 46
8250 6632 1
8250 6641 36
8250 6686 44
8250 6639 10
8250 6689 4
8250 6630 42
8250 9700 27
8250 9701 27
8250 6634 3
8250 9166 5
8250 6672 60
8250 6683 18
8250 6631 38
8250 6640 4
8250 6635 57
8250 6688 46
8250 6638 10
8250 6698 12
8250 6629 5
