4323 9980 51
4323 9979 50
4323 9982 28
4323 9951 22
4323 10142 58
4323 10030 50
4323 9981 48
4323 10140 41
4323 9950 13
4323 9965 60
4323 10147 47
4323 10029 46
4323 10031 1
4323 10139 8
4323 9984 37
4323 10141 13
4323 10074 16
4323 9964 6
4323 10143 16
4323 10148 19
4323 10026 27
4323 10023 51
4323 10032 28
4323 10033 6
4323 9983 45
4323 10071 57
4323 10149 47
4323 10073 0
4323 10146 27
4323 10153 48
4323 9999 2
4323 10025 59
4322 9980 45
4322 9979 36
4322 9982 53
4322 9951 44
4322 10142 9
4322 10030 26
4322 9981 9
4322 10140 45
4322 9950 1
4322 9965 5
4322 10147 48
4322 10029 47
4322 10031 12
4322 10139 32
4322 9984 26
4322 10141 38
4322 10074 3
4322 9964 33
4322 10143 58
4322 10148 8
4322 10026 15
4322 10023 42
4322 10032 32
4322 10033 36
4322 9983 21
4322 10071 58
4322 10149 13
4322 10073 43
4322 10146 38
4322 10153 7
4322 9999 26
4322 10025 9
4300 9980 45
4300 9979 56
4300 9982 46
4300 9951 15
4300 10142 8
4300 10030 39
4300 9981 17
4300 10140 55
4300 9950 29
4300 9965 2
4300 10147 33
4300 10029 40
4300 10031 39
4300 10139 29
4300 9984 56
4300 10141 55
4300 10074 30
4300 9964 38
4300 10143 47
4300 10148 45
4300 10026 47
4300 10023 28
4300 10032 31
4300 10033 54
4300 9983 21
4300 10071 43
4300 10149 49
4300 10073 9
4300 10146 36
4300 10153 29
4300 9999 17
4300 10025 0
4324 9980 4
4324 9979 37
4324 9982 26
4324 9951 21
4324 10142 1
4324 10030 2
4324 9981 43
4324 10140 41
4324 9950 26
4324 9965 59
4324 10147 22
4324 10029 43
4324 10031 2
4324 10139 19
4324 9984 31
4324 10141 41
4324 10074 22
4324 9964 45
4324 10143 45
4324 10148 8
4324 10026 26
4324 10023 46
4324 10032 54
4324 10033 23
4324 9983 45
4324 10071 3
4324 10149 36
4324 10073 58
4324 10146 4
4324 10153 18
4324 9999 17
4324 10025 57
4335 9980 25
4335 9979 45
4335 9982 29
4335 9951 27
4335 10142 3
4335 10030 50
4335 9981 54
4335 10140 40
4335 9950 38
4335 9965 35
4335 10147 51
4335 10029 21
4335 10031 8
4335 10139 39
4335 9984 38
4335 10141 56
4335 10074 2
4335 9964 32
4335 10143 17
4335 10148 57
4335 10026 49
4335 10023 42
4335 10032 2
4335 10033 42
4335 9983 2
4335 10071 4
4335 10149 15
4335 10073 59
4335 10146 12
4335 10153 41
4335 9999 0
4335 10025 0
4319 9980 6
4319 9979 41
4319 9982 28
4319 9951 8
4319 10142 51
4319 10030 54
4319 9981 49
4319 10140 9
4319 9950 24
4319 9965 33
4319 10147 10
4319 10029 11
4319 10031 12
4319 10139 11
4319 9984 48
4319 10141 40
4319 10074 24
4319 9964 36
4319 10143 52
4319 10148 21
4319 10026 44
4319 10023 0
4319 10032 25
4319 10033 36
4319 9983 5
4319 10071 24
4319 10149 42
4319 10073 33
4319 10146 46
4319 10153 56
4319 9999 26
4319 10025 15
4299 9980 31
4299 9979 11
4299 9982 16
4299 9951 56
4299 10142 18
4299 10030 40
4299 9981 54
4299 10140 8
4299 9950 34
4299 9965 56
4299 10147 48
4299 10029 56
4299 10031 41
4299 10139 40
4299 9984 28
4299 10141 11
4299 10074 21
4299 9964 13
4299 10143 0
4299 10148 39
4299 10026 48
4299 10023 18
4299 10032 15
4299 10033 45
4299 9983 33
4299 10071 39
4299 10149 43
4299 10073 21
4299 10146 23
4299 10153 6
4299 9999 2
4299 10025 27
4293 9980 12
4293 9979 16
4293 9982 6
4293 9951 34
4293 10142 19
4293 10030 43
4293 9981 53
4293 10140 12
4293 9950 2
4293 9965 6
4293 10147 40
4293 10029 53
4293 10031 18
4293 10139 11
4293 9984 13
4293 10141 54
4293 10074 54
4293 9964 51
4293 10143 38
4293 10148 51
4293 10026 51
4293 10023 33
4293 10032 28
4293 10033 49
4293 9983 0
4293 10071 12
4293 10149 28
4293 10073 59
4293 10146 43
4293 10153 36
4293 9999 56
4293 10025 10
4301 9980 1
4301 9979 13
4301 9982 10
4301 9951 58
4301 10142 4
4301 10030 33
4301 9981 8
4301 10140 56
4301 9950 36
4301 9965 56
4301 10147 39
4301 10029 56
4301 10031 56
4301 10139 15
4301 9984 46
4301 10141 10
4301 10074 10
4301 9964 22
4301 10143 4
4301 10148 43
4301 10026 27
4301 10023 10
4301 10032 22
4301 10033 53
4301 9983 25
4301 10071 26
4301 10149 9
4301 10073 29
4301 10146 54
4301 10153 30
4301 9999 37
4301 10025 38
4325 9980 11
4325 9979 23
4325 9982 28
4325 9951 42
4325 10142 23
4325 10030 16
4325 9981 28
4325 10140 11
4325 9950 5
4325 9965 42
4325 10147 42
4325 10029 31
4325 10031 60
4325 10139 41
4325 9984 42
4325 10141 3
4325 10074 10
4325 9964 12
4325 10143 40
4325 10148 18
4325 10026 18
4325 10023 58
4325 10032 50
4325 10033 46
4325 9983 23
4325 10071 54
4325 10149 51
4325 10073 3
4325 10146 60
4325 10153 31
4325 9999 9
4325 10025 24
4336 9980 26
4336 9979 52
4336 9982 43
4336 9951 4
4336 10142 26
4336 10030 57
4336 9981 60
4336 10140 48
4336 9950 59
4336 9965 47
4336 10147 26
4336 10029 16
4336 10031 30
4336 10139 39
4336 9984 33
4336 10141 45
4336 10074 1
4336 9964 33
4336 10143 5
4336 10148 46
4336 10026 40
4336 10023 25
4336 10032 31
4336 10033 56
4336 9983 42
4336 10071 57
4336 10149 56
4336 10073 6
4336 10146 0
4336 10153 29
4336 9999 7
4336 10025 17
4318 9980 42
4318 9979 2
4318 9982 51
4318 9951 24
4318 10142 34
4318 10030 11
4318 9981 12
4318 10140 49
4318 9950 22
4318 9965 58
4318 10147 16
4318 10029 27
4318 10031 51
4318 10139 19
4318 9984 30
4318 10141 54
4318 10074 27
4318 9964 45
4318 10143 17
4318 10148 28
4318 10026 48
4318 10023 9
4318 10032 6
4318 10033 44
4318 9983 60
4318 10071 3
4318 10149 4
4318 10073 10
4318 10146 16
4318 10153 50
4318 9999 28
4318 10025 28
5212 9980 31
5212 9979 13
5212 9982 42
5212 9951 47
5212 10142 16
5212 10030 24
5212 9981 43
5212 10140 59
5212 9950 42
5212 9965 54
5212 10147 58
5212 10029 3
5212 10031 39
5212 10139 7
5212 9984 0
5212 10141 35
5212 10074 53
5212 9964 35
5212 10143 47
5212 10148 51
5212 10026 6
5212 10023 9
5212 10032 60
5212 10033 45
5212 9983 45
5212 10071 32
5212 10149 43
5212 10073 44
5212 10146 13
5212 10153 43
5212 9999 20
5212 10025 45
4291 9980 51
4291 9979 0
4291 9982 17
4291 9951 26
4291 10142 50
4291 10030 56
4291 9981 12
4291 10140 11
4291 9950 42
4291 9965 12
4291 10147 28
4291 10029 24
4291 10031 17
4291 10139 51
4291 9984 3
4291 10141 50
4291 10074 16
4291 9964 60
4291 10143 45
4291 10148 54
4291 10026 23
4291 10023 10
4291 10032 40
4291 10033 27
4291 9983 31
4291 10071 10
4291 10149 3
4291 10073 22
4291 10146 32
4291 10153 54
4291 9999 53
4291 10025 4
4292 9980 20
4292 9979 18
4292 9982 45
4292 9951 42
4292 10142 59
4292 10030 33
4292 9981 45
4292 10140 10
4292 9950 4
4292 9965 38
4292 10147 27
4292 10029 42
4292 10031 52
4292 10139 20
4292 9984 5
4292 10141 46
4292 10074 25
4292 9964 44
4292 10143 18
4292 10148 0
4292 10026 13
4292 10023 54
4292 10032 1
4292 10033 40
4292 9983 12
4292 10071 23
4292 10149 60
4292 10073 60
4292 10146 23
4292 10153 30
4292 9999 46
4292 10025 45
4321 9980 55
4321 9979 29
4321 9982 24
4321 9951 58
4321 10142 29
4321 10030 18
4321 9981 37
4321 10140 43
4321 9950 51
4321 9965 8
4321 10147 10
4321 10029 27
4321 10031 5
4321 10139 17
4321 9984 42
4321 10141 35
4321 10074 42
4321 9964 51
4321 10143 3
4321 10148 44
4321 10026 21
4321 10023 33
4321 10032 13
4321 10033 39
4321 9983 28
4321 10071 13
4321 10149 5
4321 10073 20
4321 10146 60
4321 10153 6
4321 9999 13
4321 10025 34
4052 9980 51
4052 9979 34
4052 9982 44
4052 9951 31
4052 10142 8
4052 10030 13
4052 9981 39
4052 10140 10
4052 9950 9
4052 9965 28
4052 10147 50
4052 10029 46
4052 10031 15
4052 10139 57
4052 9984 33
4052 10141 55
4052 10074 58
4052 9964 10
4052 10143 29
4052 10148 44
4052 10026 55
4052 10023 58
4052 10032 21
4052 10033 13
4052 9983 39
4052 10071 1
4052 10149 47
4052 10073 9
4052 10146 10
4052 10153 38
4052 9999 33
4052 10025 42
4294 9980 50
4294 9979 15
4294 9982 16
4294 9951 21
4294 10142 48
4294 10030 33
4294 9981 55
4294 10140 7
4294 9950 29
4294 9965 4
4294 10147 55
4294 10029 33
4294 10031 46
4294 10139 19
4294 9984 48
4294 10141 25
4294 10074 49
4294 9964 47
4294 10143 9
4294 10148 7
4294 10026 18
4294 10023 4
4294 10032 48
4294 10033 5
4294 9983 2
4294 10071 29
4294 10149 31
4294 10073 54
4294 10146 17
4294 10153 13
4294 9999 31
4294 10025 51
4302 9980 27
4302 9979 14
4302 9982 46
4302 9951 9
4302 10142 36
4302 10030 57
4302 9981 47
4302 10140 3
4302 9950 57
4302 9965 45
4302 10147 55
4302 10029 45
4302 10031 34
4302 10139 50
4302 9984 9
4302 10141 34
4302 10074 16
4302 9964 23
4302 10143 56
4302 10148 6
4302 10026 54
4302 10023 35
4302 10032 41
4302 10033 52
4302 9983 32
4302 10071 35
4302 10149 15
4302 10073 32
4302 10146 18
4302 10153 21
4302 9999 54
4302 10025 20
4326 9980 55
4326 9979 46
4326 9982 55
4326 9951 27
4326 10142 6
4326 10030 53
4326 9981 47
4326 10140 12
4326 9950 50
4326 9965 14
4326 10147 6
4326 10029 4
4326 10031 35
4326 10139 41
4326 9984 41
4326 10141 53
4326 10074 53
4326 9964 36
4326 10143 8
4326 10148 34
4326 10026 55
4326 10023 20
4326 10032 44
4326 10033 43
4326 9983 12
4326 10071 39
4326 10149 19
4326 10073 37
4326 10146 58
4326 10153 15
4326 9999 45
4326 10025 12
4317 9980 10
4317 9979 55
4317 9982 13
4317 9951 39
4317 10142 50
4317 10030 17
4317 9981 54
4317 10140 47
4317 9950 52
4317 9965 54
4317 10147 55
4317 10029 18
4317 10031 6
4317 10139 33
4317 9984 24
4317 10141 1
4317 10074 23
4317 9964 45
4317 10143 4
4317 10148 10
4317 10026 17
4317 10023 18
4317 10032 58
4317 10033 14
4317 9983 33
4317 10071 41
4317 10149 25
4317 10073 48
4317 10146 5
4317 10153 8
4317 9999 38
4317 10025 14
4320 9980 36
4320 9979 13
4320 9982 28
4320 9951 10
4320 10142 37
4320 10030 0
4320 9981 29
4320 10140 56
4320 9950 41
4320 9965 35
4320 10147 17
4320 10029 49
4320 10031 24
4320 10139 2
4320 9984 22
4320 10141 36
4320 10074 10
4320 9964 11
4320 10143 55
4320 10148 56
4320 10026 56
4320 10023 48
4320 10032 55
4320 10033 42
4320 9983 26
4320 10071 51
4320 10149 2
4320 10073 55
4320 10146 23
4320 10153 24
4320 9999 47
4320 10025 54
5213 9980 32
5213 9979 8
5213 9982 9
5213 9951 27
5213 10142 46
5213 10030 56
5213 9981 12
5213 10140 42
5213 9950 58
5213 9965 5
5213 10147 32
5213 10029 8
5213 10031 25
5213 10139 0
5213 9984 21
5213 10141 12
5213 10074 11
5213 9964 40
5213 10143 8
5213 10148 17
5213 10026 10
5213 10023 58
5213 10032 47
5213 10033 23
5213 9983 33
5213 10071 23
5213 10149 0
5213 10073 28
5213 10146 46
5213 10153 9
5213 9999 14
5213 10025 44
4290 9980 56
4290 9979 38
4290 9982 48
4290 9951 23
4290 10142 43
4290 10030 13
4290 9981 34
4290 10140 28
4290 9950 58
4290 9965 35
4290 10147 6
4290 10029 2
4290 10031 59
4290 10139 15
4290 9984 28
4290 10141 25
4290 10074 19
4290 9964 54
4290 10143 30
4290 10148 48
4290 10026 59
4290 10023 39
4290 10032 32
4290 10033 40
4290 9983 0
4290 10071 60
4290 10149 45
4290 10073 44
4290 10146 32
4290 10153 26
4290 9999 49
4290 10025 8
4284 9980 27
4284 9979 35
4284 9982 14
4284 9951 33
4284 10142 6
4284 10030 13
4284 9981 22
4284 10140 31
4284 9950 44
4284 9965 60
4284 10147 39
4284 10029 35
4284 10031 9
4284 10139 9
4284 9984 42
4284 10141 35
4284 10074 60
4284 9964 9
4284 10143 0
4284 10148 22
4284 10026 25
4284 10023 33
4284 10032 21
4284 10033 33
4284 9983 28
4284 10071 45
4284 10149 44
4284 10073 6
4284 10146 33
4284 10153 4
4284 9999 29
4284 10025 22
4051 9980 60
4051 9979 36
4051 9982 4
4051 9951 34
4051 10142 43
4051 10030 33
4051 9981 55
4051 10140 20
4051 9950 31
4051 9965 53
4051 10147 54
4051 10029 9
4051 10031 26
4051 10139 35
4051 9984 21
4051 10141 19
4051 10074 10
4051 9964 48
4051 10143 5
4051 10148 27
4051 10026 50
4051 10023 47
4051 10032 25
4051 10033 45
4051 9983 40
4051 10071 41
4051 10149 14
4051 10073 25
4051 10146 41
4051 10153 11
4051 9999 37
4051 10025 0
4316 9980 7
4316 9979 23
4316 9982 4
4316 9951 33
4316 10142 47
4316 10030 43
4316 9981 0
4316 10140 41
4316 9950 13
4316 9965 25
4316 10147 9
4316 10029 27
4316 10031 20
4316 10139 11
4316 9984 35
4316 10141 32
4316 10074 7
4316 9964 40
4316 10143 36
4316 10148 43
4316 10026 13
4316 10023 5
4316 10032 32
4316 10033 37
4316 9983 27
4316 10071 9
4316 10149 17
4316 10073 16
4316 10146 18
4316 10153 43
4316 9999 13
4316 10025 58
4043 9980 45
4043 9979 11
4043 9982 24
4043 9951 19
4043 10142 45
4043 10030 8
4043 9981 42
4043 10140 51
4043 9950 41
4043 9965 23
4043 10147 52
4043 10029 33
4043 10031 43
4043 10139 7
4043 9984 11
4043 10141 14
4043 10074 59
4043 9964 2
4043 10143 49
4043 10148 9
4043 10026 13
4043 10023 59
4043 10032 30
4043 10033 39
4043 9983 36
4043 10071 3
4043 10149 45
4043 10073 11
4043 10146 46
4043 10153 26
4043 9999 42
4043 10025 52
4053 9980 59
4053 9979 24
4053 9982 54
4053 9951 5
4053 10142 2
4053 10030 1
4053 9981 17
4053 10140 44
4053 9950 53
4053 9965 55
4053 10147 47
4053 10029 47
4053 10031 49
4053 10139 59
4053 9984 30
4053 10141 29
4053 10074 21
4053 9964 42
4053 10143 33
4053 10148 43
4053 10026 11
4053 10023 30
4053 10032 42
4053 10033 11
4053 9983 26
4053 10071 15
4053 10149 3
4053 10073 43
4053 10146 41
4053 10153 30
4053 9999 54
4053 10025 24
4298 9980 58
4298 9979 31
4298 9982 31
4298 9951 39
4298 10142 47
4298 10030 47
4298 9981 60
4298 10140 13
4298 9950 19
4298 9965 29
4298 10147 15
4298 10029 28
4298 10031 1
4298 10139 12
4298 9984 17
4298 10141 2
4298 10074 23
4298 9964 38
4298 10143 6
4298 10148 34
4298 10026 26
4298 10023 33
4298 10032 49
4298 10033 51
4298 9983 4
4298 10071 29
4298 10149 9
4298 10073 45
4298 10146 35
4298 10153 29
4298 9999 36
4298 10025 52
4303 9980 48
4303 9979 60
4303 9982 2
4303 9951 46
4303 10142 14
4303 10030 42
4303 9981 45
4303 10140 31
4303 9950 38
4303 9965 5
4303 10147 52
4303 10029 44
4303 10031 49
4303 10139 33
4303 9984 28
4303 10141 60
4303 10074 22
4303 9964 12
4303 10143 55
4303 10148 60
4303 10026 2
4303 10023 19
4303 10032 30
4303 10033 25
4303 9983 16
4303 10071 7
4303 10149 49
4303 10073 24
4303 10146 7
4303 10153 19
4303 9999 49
4303 10025 28
4330 9980 10
4330 9979 0
4330 9982 44
4330 9951 6
4330 10142 15
4330 10030 37
4330 9981 17
4330 10140 9
4330 9950 19
4330 9965 50
4330 10147 3
4330 10029 15
4330 10031 57
4330 10139 0
4330 9984 18
4330 10141 23
4330 10074 38
4330 9964 55
4330 10143 15
4330 10148 2
4330 10026 30
4330 10023 51
4330 10032 33
4330 10033 45
4330 9983 37
4330 10071 39
4330 10149 27
4330 10073 55
4330 10146 30
4330 10153 37
4330 9999 47
4330 10025 19
