5985 2868 0
5985 2868 54
5985 2869 21
5985 2869 54
5985 2870 42
5985 2870 36
5985 3009 8
5985 3009 24
5985 3010 0
5985 3010 56
5985 2871 58
5985 2871 6
5985 2872 55
5985 2872 56
5985 3048 26
5985 3048 47
5985 8778 40
5985 8778 46
5985 3008 5
5985 3008 35
5985 2985 14
5985 2985 0
5985 8687 38
5985 8687 35
5985 2867 18
5985 2867 54
5985 8688 36
5985 8688 50
5985 8685 13
5985 8685 57
5985 9517 39
5985 9517 31
5985 2835 21
5985 2835 27
5985 6397 4
5985 6397 53
5985 8686 6
5985 8686 25
5985 8681 29
5985 8681 17
5985 8677 36
5985 8677 28
5985 9519 12
5985 9519 42
5985 2828 52
5985 2828 20
5985 2836 6
5985 2836 20
5985 2866 50
5985 2866 0
5985 6396 17
5985 6396 13
5985 6398 13
5985 6398 28
5985 9636 25
5985 9636 10
5985 8679 41
5985 8679 54
5985 8682 5
5985 8682 35
5985 8676 22
5985 8676 11
5985 9518 51
5985 9518 23
5986 2868 29
5986 2868 18
5986 2869 5
5986 2869 37
5986 2870 16
5986 2870 34
5986 3009 14
5986 3009 48
5986 3010 55
5986 3010 19
5986 2871 11
5986 2871 52
5986 2872 3
5986 2872 27
5986 3048 47
5986 3048 46
5986 8778 47
5986 8778 39
5986 3008 46
5986 3008 29
5986 2985 13
5986 2985 12
5986 8687 16
5986 8687 19
5986 2867 41
5986 2867 21
5986 8688 39
5986 8688 20
5986 8685 60
5986 8685 59
5986 9517 21
5986 9517 29
5986 2835 41
5986 2835 14
5986 6397 54
5986 6397 22
5986 8686 38
5986 8686 11
5986 8681 18
5986 8681 41
5986 8677 53
5986 8677 19
5986 9519 19
5986 9519 32
5986 2828 23
5986 2828 41
5986 2836 8
5986 2836 44
5986 2866 48
5986 2866 31
5986 6396 33
5986 6396 38
5986 6398 46
5986 6398 25
5986 9636 30
5986 9636 39
5986 8679 37
5986 8679 22
5986 8682 44
5986 8682 40
5986 8676 47
5986 8676 5
5986 9518 24
5986 9518 23
5385 2868 32
5385 2868 45
5385 2869 44
5385 2869 16
5385 2870 37
5385 2870 25
5385 3009 0
5385 3009 48
5385 3010 37
5385 3010 54
5385 2871 31
5385 2871 10
5385 2872 20
5385 2872 11
5385 3048 1
5385 3048 36
5385 8778 40
5385 8778 48
5385 3008 7
5385 3008 43
5385 2985 45
5385 2985 36
5385 8687 6
5385 8687 55
5385 2867 5
5385 2867 19
5385 8688 32
5385 8688 24
5385 8685 49
5385 8685 14
5385 9517 30
5385 9517 46
5385 2835 18
5385 2835 16
5385 6397 45
5385 6397 33
5385 8686 39
5385 8686 45
5385 8681 37
5385 8681 10
5385 8677 13
5385 8677 32
5385 9519 33
5385 9519 52
5385 2828 20
5385 2828 39
5385 2836 33
5385 2836 1
5385 2866 20
5385 2866 23
5385 6396 58
5385 6396 52
5385 6398 55
5385 6398 17
5385 9636 26
5385 9636 31
5385 8679 24
5385 8679 46
5385 8682 28
5385 8682 17
5385 8676 22
5385 8676 26
5385 9518 50
5385 9518 45
5396 2868 35
5396 2868 39
5396 2869 39
5396 2869 19
5396 2870 21
5396 2870 32
5396 3009 14
5396 3009 37
5396 3010 0
5396 3010 43
5396 2871 4
5396 2871 13
5396 2872 23
5396 2872 57
5396 3048 19
5396 3048 1
5396 8778 26
5396 8778 3
5396 3008 10
5396 3008 32
5396 2985 16
5396 2985 3
5396 8687 52
5396 8687 29
5396 2867 17
5396 2867 18
5396 8688 56
5396 8688 41
5396 8685 53
5396 8685 34
5396 9517 31
5396 9517 25
5396 2835 52
5396 2835 57
5396 6397 25
5396 6397 27
5396 8686 45
5396 8686 28
5396 8681 17
5396 8681 2
5396 8677 58
5396 8677 49
5396 9519 39
5396 9519 34
5396 2828 36
5396 2828 1
5396 2836 57
5396 2836 46
5396 2866 24
5396 2866 52
5396 6396 33
5396 6396 16
5396 6398 39
5396 6398 14
5396 9636 50
5396 9636 32
5396 8679 17
5396 8679 26
5396 8682 7
5396 8682 13
5396 8676 4
5396 8676 11
5396 9518 32
5396 9518 16
5991 2868 23
5991 2868 45
5991 2869 0
5991 2869 31
5991 2870 49
5991 2870 40
5991 3009 3
5991 3009 50
5991 3010 39
5991 3010 20
5991 2871 43
5991 2871 23
5991 2872 2
5991 2872 14
5991 3048 27
5991 3048 29
5991 8778 18
5991 8778 42
5991 3008 13
5991 3008 59
5991 2985 53
5991 2985 29
5991 8687 47
5991 8687 7
5991 2867 59
5991 2867 33
5991 8688 23
5991 8688 45
5991 8685 8
5991 8685 16
5991 9517 6
5991 9517 45
5991 2835 47
5991 2835 12
5991 6397 15
5991 6397 49
5991 8686 41
5991 8686 10
5991 8681 6
5991 8681 31
5991 8677 3
5991 8677 42
5991 9519 53
5991 9519 49
5991 2828 44
5991 2828 36
5991 2836 49
5991 2836 20
5991 2866 33
5991 2866 51
5991 6396 35
5991 6396 25
5991 6398 18
5991 6398 28
5991 9636 43
5991 9636 16
5991 8679 50
5991 8679 11
5991 8682 3
5991 8682 52
5991 8676 6
5991 8676 13
5991 9518 43
5991 9518 33
5987 2868 54
5987 2868 35
5987 2869 42
5987 2869 3
5987 2870 23
5987 2870 17
5987 3009 26
5987 3009 7
5987 3010 59
5987 3010 55
5987 2871 23
5987 2871 25
5987 2872 41
5987 2872 20
5987 3048 58
5987 3048 41
5987 8778 39
5987 8778 19
5987 3008 0
5987 3008 12
5987 2985 28
5987 2985 32
5987 8687 18
5987 8687 13
5987 2867 32
5987 2867 2
5987 8688 6
5987 8688 58
5987 8685 18
5987 8685 59
5987 9517 49
5987 9517 6
5987 2835 24
5987 2835 8
5987 6397 49
5987 6397 44
5987 8686 29
5987 8686 4
5987 8681 55
5987 8681 22
5987 8677 38
5987 8677 24
5987 9519 54
5987 9519 52
5987 2828 22
5987 2828 34
5987 2836 12
5987 2836 15
5987 2866 8
5987 2866 58
5987 6396 32
5987 6396 36
5987 6398 16
5987 6398 49
5987 9636 49
5987 9636 46
5987 8679 6
5987 8679 35
5987 8682 34
5987 8682 55
5987 8676 11
5987 8676 10
5987 9518 27
5987 9518 55
5988 2868 54
5988 2868 45
5988 2869 33
5988 2869 24
5988 2870 34
5988 2870 46
5988 3009 24
5988 3009 56
5988 3010 1
5988 3010 46
5988 2871 47
5988 2871 10
5988 2872 17
5988 2872 30
5988 3048 18
5988 3048 17
5988 8778 8
5988 8778 27
5988 3008 54
5988 3008 0
5988 2985 19
5988 2985 52
5988 8687 55
5988 8687 50
5988 2867 31
5988 2867 47
5988 8688 7
5988 8688 1
5988 8685 43
5988 8685 15
5988 9517 33
5988 9517 7
5988 2835 48
5988 2835 5
5988 6397 16
5988 6397 59
5988 8686 38
5988 8686 44
5988 8681 12
5988 8681 56
5988 8677 31
5988 8677 9
5988 9519 21
5988 9519 22
5988 2828 5
5988 2828 23
5988 2836 28
5988 2836 2
5988 2866 24
5988 2866 52
5988 6396 39
5988 6396 28
5988 6398 41
5988 6398 43
5988 9636 56
5988 9636 37
5988 8679 47
5988 8679 42
5988 8682 32
5988 8682 52
5988 8676 22
5988 8676 57
5988 9518 14
5988 9518 47
5990 2868 35
5990 2868 54
5990 2869 21
5990 2869 57
5990 2870 46
5990 2870 20
5990 3009 15
5990 3009 3
5990 3010 43
5990 3010 17
5990 2871 46
5990 2871 20
5990 2872 51
5990 2872 43
5990 3048 57
5990 3048 42
5990 8778 57
5990 8778 57
5990 3008 37
5990 3008 7
5990 2985 38
5990 2985 50
5990 8687 18
5990 8687 24
5990 2867 38
5990 2867 28
5990 8688 46
5990 8688 60
5990 8685 12
5990 8685 58
5990 9517 37
5990 9517 4
5990 2835 51
5990 2835 35
5990 6397 42
5990 6397 47
5990 8686 37
5990 8686 12
5990 8681 52
5990 8681 16
5990 8677 53
5990 8677 50
5990 9519 40
5990 9519 46
5990 2828 26
5990 2828 28
5990 2836 60
5990 2836 0
5990 2866 39
5990 2866 8
5990 6396 12
5990 6396 36
5990 6398 3
5990 6398 41
5990 9636 56
5990 9636 8
5990 8679 10
5990 8679 12
5990 8682 21
5990 8682 52
5990 8676 9
5990 8676 14
5990 9518 29
5990 9518 13
5384 2868 23
5384 2868 20
5384 2869 30
5384 2869 6
5384 2870 0
5384 2870 52
5384 3009 7
5384 3009 30
5384 3010 51
5384 3010 57
5384 2871 42
5384 2871 55
5384 2872 20
5384 2872 4
5384 3048 3
5384 3048 36
5384 8778 27
5384 8778 15
5384 3008 4
5384 3008 51
5384 2985 24
5384 2985 54
5384 8687 57
5384 8687 5
5384 2867 0
5384 2867 56
5384 8688 25
5384 8688 56
5384 8685 7
5384 8685 8
5384 9517 52
5384 9517 53
5384 2835 21
5384 2835 7
5384 6397 24
5384 6397 57
5384 8686 19
5384 8686 35
5384 8681 28
5384 8681 49
5384 8677 7
5384 8677 1
5384 9519 17
5384 9519 3
5384 2828 51
5384 2828 31
5384 2836 15
5384 2836 56
5384 2866 16
5384 2866 24
5384 6396 44
5384 6396 2
5384 6398 18
5384 6398 55
5384 9636 21
5384 9636 41
5384 8679 4
5384 8679 11
5384 8682 34
5384 8682 47
5384 8676 0
5384 8676 41
5384 9518 38
5384 9518 4
5387 2868 48
5387 2868 8
5387 2869 48
5387 2869 46
5387 2870 19
5387 2870 13
5387 3009 56
5387 3009 50
5387 3010 52
5387 3010 17
5387 2871 17
5387 2871 37
5387 2872 36
5387 2872 4
5387 3048 24
5387 3048 58
5387 8778 53
5387 8778 1
5387 3008 39
5387 3008 30
5387 2985 51
5387 2985 56
5387 8687 22
5387 8687 52
5387 2867 56
5387 2867 57
5387 8688 6
5387 8688 38
5387 8685 14
5387 8685 33
5387 9517 37
5387 9517 5
5387 2835 52
5387 2835 32
5387 6397 30
5387 6397 55
5387 8686 30
5387 8686 20
5387 8681 44
5387 8681 17
5387 8677 56
5387 8677 44
5387 9519 16
5387 9519 36
5387 2828 32
5387 2828 26
5387 2836 42
5387 2836 13
5387 2866 50
5387 2866 31
5387 6396 18
5387 6396 44
5387 6398 19
5387 6398 9
5387 9636 17
5387 9636 25
5387 8679 30
5387 8679 18
5387 8682 58
5387 8682 37
5387 8676 6
5387 8676 49
5387 9518 54
5387 9518 28
5395 2868 26
5395 2868 17
5395 2869 28
5395 2869 55
5395 2870 53
5395 2870 16
5395 3009 6
5395 3009 58
5395 3010 0
5395 3010 50
5395 2871 25
5395 2871 47
5395 2872 20
5395 2872 37
5395 3048 24
5395 3048 2
5395 8778 60
5395 8778 29
5395 3008 47
5395 3008 33
5395 2985 53
5395 2985 13
5395 8687 16
5395 8687 2
5395 2867 14
5395 2867 24
5395 8688 46
5395 8688 33
5395 8685 28
5395 8685 46
5395 9517 29
5395 9517 30
5395 2835 18
5395 2835 6
5395 6397 42
5395 6397 6
5395 8686 56
5395 8686 37
5395 8681 9
5395 8681 42
5395 8677 12
5395 8677 20
5395 9519 42
5395 9519 5
5395 2828 42
5395 2828 50
5395 2836 41
5395 2836 31
5395 2866 52
5395 2866 17
5395 6396 23
5395 6396 54
5395 6398 11
5395 6398 36
5395 9636 25
5395 9636 16
5395 8679 49
5395 8679 37
5395 8682 50
5395 8682 9
5395 8676 20
5395 8676 30
5395 9518 34
5395 9518 38
5992 2868 6
5992 2868 13
5992 2869 28
5992 2869 1
5992 2870 27
5992 2870 58
5992 3009 44
5992 3009 31
5992 3010 0
5992 3010 41
5992 2871 30
5992 2871 43
5992 2872 17
5992 2872 58
5992 3048 31
5992 3048 59
5992 8778 36
5992 8778 45
5992 3008 2
5992 3008 38
5992 2985 41
5992 2985 13
5992 8687 57
5992 8687 54
5992 2867 58
5992 2867 49
5992 8688 11
5992 8688 50
5992 8685 3
5992 8685 48
5992 9517 0
5992 9517 48
5992 2835 53
5992 2835 18
5992 6397 34
5992 6397 21
5992 8686 23
5992 8686 38
5992 8681 15
5992 8681 30
5992 8677 45
5992 8677 48
5992 9519 60
5992 9519 7
5992 2828 45
5992 2828 8
5992 2836 53
5992 2836 15
5992 2866 12
5992 2866 32
5992 6396 13
5992 6396 51
5992 6398 50
5992 6398 56
5992 9636 9
5992 9636 21
5992 8679 38
5992 8679 44
5992 8682 15
5992 8682 20
5992 8676 33
5992 8676 49
5992 9518 49
5992 9518 1
5998 2868 47
5998 2868 37
5998 2869 10
5998 2869 57
5998 2870 23
5998 2870 9
5998 3009 58
5998 3009 8
5998 3010 7
5998 3010 25
5998 2871 26
5998 2871 58
5998 2872 20
5998 2872 50
5998 3048 26
5998 3048 7
5998 8778 53
5998 8778 46
5998 3008 33
5998 3008 17
5998 2985 24
5998 2985 7
5998 8687 34
5998 8687 8
5998 2867 32
5998 2867 39
5998 8688 56
5998 8688 53
5998 8685 3
5998 8685 59
5998 9517 36
5998 9517 17
5998 2835 1
5998 2835 45
5998 6397 20
5998 6397 22
5998 8686 56
5998 8686 44
5998 8681 25
5998 8681 17
5998 8677 57
5998 8677 43
5998 9519 22
5998 9519 53
5998 2828 2
5998 2828 21
5998 2836 37
5998 2836 46
5998 2866 16
5998 2866 22
5998 6396 56
5998 6396 20
5998 6398 0
5998 6398 41
5998 9636 46
5998 9636 24
5998 8679 30
5998 8679 37
5998 8682 45
5998 8682 56
5998 8676 14
5998 8676 60
5998 9518 21
5998 9518 18
8448 2868 51
8448 2868 3
8448 2869 56
8448 2869 17
8448 2870 41
8448 2870 34
8448 3009 49
8448 3009 19
8448 3010 0
8448 3010 57
8448 2871 15
8448 2871 5
8448 2872 17
8448 2872 26
8448 3048 17
8448 3048 44
8448 8778 16
8448 8778 51
8448 3008 8
8448 3008 54
8448 2985 22
8448 2985 50
8448 8687 27
8448 8687 35
8448 2867 59
8448 2867 14
8448 8688 39
8448 8688 14
8448 8685 57
8448 8685 3
8448 9517 49
8448 9517 13
8448 2835 55
8448 2835 33
8448 6397 19
8448 6397 31
8448 8686 10
8448 8686 1
8448 8681 21
8448 8681 27
8448 8677 43
8448 8677 50
8448 9519 38
8448 9519 5
8448 2828 57
8448 2828 16
8448 2836 45
8448 2836 37
8448 2866 14
8448 2866 41
8448 6396 39
8448 6396 14
8448 6398 13
8448 6398 23
8448 9636 15
8448 9636 31
8448 8679 40
8448 8679 17
8448 8682 45
8448 8682 22
8448 8676 59
8448 8676 25
8448 9518 3
8448 9518 55
8449 2868 56
8449 2868 57
8449 2869 20
8449 2869 46
8449 2870 7
8449 2870 0
8449 3009 40
8449 3009 42
8449 3010 34
8449 3010 58
8449 2871 48
8449 2871 8
8449 2872 23
8449 2872 46
8449 3048 43
8449 3048 30
8449 8778 51
8449 8778 15
8449 3008 32
8449 3008 58
8449 2985 29
8449 2985 9
8449 8687 30
8449 8687 54
8449 2867 36
8449 2867 16
8449 8688 30
8449 8688 59
8449 8685 17
8449 8685 45
8449 9517 11
8449 9517 4
8449 2835 0
8449 2835 1
8449 6397 1
8449 6397 28
8449 8686 20
8449 8686 50
8449 8681 38
8449 8681 50
8449 8677 20
8449 8677 30
8449 9519 26
8449 9519 57
8449 2828 15
8449 2828 49
8449 2836 30
8449 2836 25
8449 2866 45
8449 2866 23
8449 6396 21
8449 6396 51
8449 6398 25
8449 6398 7
8449 9636 13
8449 9636 60
8449 8679 59
8449 8679 33
8449 8682 43
8449 8682 28
8449 8676 19
8449 8676 39
8449 9518 60
8449 9518 2
5989 2868 26
5989 2868 60
5989 2869 7
5989 2869 31
5989 2870 48
5989 2870 35
5989 3009 50
5989 3009 39
5989 3010 2
5989 3010 8
5989 2871 6
5989 2871 16
5989 2872 50
5989 2872 37
5989 3048 20
5989 3048 21
5989 8778 6
5989 8778 8
5989 3008 18
5989 3008 44
5989 2985 43
5989 2985 21
5989 8687 9
5989 8687 45
5989 2867 1
5989 2867 0
5989 8688 29
5989 8688 5
5989 8685 60
5989 8685 27
5989 9517 30
5989 9517 39
5989 2835 29
5989 2835 47
5989 6397 56
5989 6397 31
5989 8686 5
5989 8686 32
5989 8681 14
5989 8681 33
5989 8677 10
5989 8677 10
5989 9519 48
5989 9519 14
5989 2828 6
5989 2828 1
5989 2836 21
5989 2836 13
5989 2866 10
5989 2866 33
5989 6396 54
5989 6396 21
5989 6398 49
5989 6398 59
5989 9636 36
5989 9636 23
5989 8679 60
5989 8679 14
5989 8682 49
5989 8682 28
5989 8676 34
5989 8676 48
5989 9518 18
5989 9518 1
5996 2868 56
5996 2868 49
5996 2869 38
5996 2869 10
5996 2870 23
5996 2870 21
5996 3009 38
5996 3009 38
5996 3010 20
5996 3010 21
5996 2871 37
5996 2871 38
5996 2872 3
5996 2872 59
5996 3048 29
5996 3048 12
5996 8778 18
5996 8778 35
5996 3008 52
5996 3008 48
5996 2985 19
5996 2985 48
5996 8687 39
5996 8687 4
5996 2867 53
5996 2867 18
5996 8688 34
5996 8688 49
5996 8685 40
5996 8685 0
5996 9517 24
5996 9517 31
5996 2835 47
5996 2835 47
5996 6397 0
5996 6397 59
5996 8686 7
5996 8686 18
5996 8681 19
5996 8681 2
5996 8677 25
5996 8677 51
5996 9519 5
5996 9519 53
5996 2828 15
5996 2828 31
5996 2836 49
5996 2836 15
5996 2866 20
5996 2866 48
5996 6396 5
5996 6396 22
5996 6398 60
5996 6398 58
5996 9636 15
5996 9636 30
5996 8679 50
5996 8679 30
5996 8682 0
5996 8682 6
5996 8676 9
5996 8676 20
5996 9518 28
5996 9518 11
8457 2868 7
8457 2868 12
8457 2869 14
8457 2869 27
8457 2870 59
8457 2870 10
8457 3009 60
8457 3009 13
8457 3010 34
8457 3010 0
8457 2871 10
8457 2871 55
8457 2872 29
8457 2872 10
8457 3048 44
8457 3048 22
8457 8778 56
8457 8778 20
8457 3008 28
8457 3008 58
8457 2985 33
8457 2985 41
8457 8687 13
8457 8687 21
8457 2867 28
8457 2867 32
8457 8688 15
8457 8688 30
8457 8685 14
8457 8685 20
8457 9517 44
8457 9517 18
8457 2835 8
8457 2835 51
8457 6397 53
8457 6397 57
8457 8686 1
8457 8686 48
8457 8681 7
8457 8681 59
8457 8677 39
8457 8677 3
8457 9519 48
8457 9519 58
8457 2828 43
8457 2828 5
8457 2836 23
8457 2836 40
8457 2866 47
8457 2866 23
8457 6396 59
8457 6396 12
8457 6398 12
8457 6398 23
8457 9636 0
8457 9636 7
8457 8679 0
8457 8679 56
8457 8682 39
8457 8682 48
8457 8676 48
8457 8676 13
8457 9518 44
8457 9518 32
5386 2868 38
5386 2868 34
5386 2869 36
5386 2869 39
5386 2870 41
5386 2870 45
5386 3009 37
5386 3009 53
5386 3010 34
5386 3010 18
5386 2871 59
5386 2871 19
5386 2872 12
5386 2872 17
5386 3048 6
5386 3048 57
5386 8778 25
5386 8778 4
5386 3008 12
5386 3008 57
5386 2985 2
5386 2985 7
5386 8687 11
5386 8687 54
5386 2867 6
5386 2867 20
5386 8688 33
5386 8688 5
5386 8685 54
5386 8685 60
5386 9517 40
5386 9517 3
5386 2835 60
5386 2835 8
5386 6397 57
5386 6397 40
5386 8686 54
5386 8686 54
5386 8681 39
5386 8681 58
5386 8677 42
5386 8677 44
5386 9519 37
5386 9519 50
5386 2828 6
5386 2828 54
5386 2836 56
5386 2836 51
5386 2866 14
5386 2866 6
5386 6396 41
5386 6396 58
5386 6398 14
5386 6398 33
5386 9636 49
5386 9636 60
5386 8679 10
5386 8679 45
5386 8682 60
5386 8682 17
5386 8676 55
5386 8676 46
5386 9518 20
5386 9518 24
5388 2868 6
5388 2868 30
5388 2869 47
5388 2869 28
5388 2870 35
5388 2870 58
5388 3009 40
5388 3009 23
5388 3010 32
5388 3010 21
5388 2871 15
5388 2871 4
5388 2872 30
5388 2872 18
5388 3048 43
5388 3048 23
5388 8778 1
5388 8778 41
5388 3008 31
5388 3008 35
5388 2985 35
5388 2985 15
5388 8687 46
5388 8687 60
5388 2867 57
5388 2867 9
5388 8688 30
5388 8688 50
5388 8685 45
5388 8685 32
5388 9517 27
5388 9517 59
5388 2835 25
5388 2835 47
5388 6397 13
5388 6397 19
5388 8686 59
5388 8686 51
5388 8681 18
5388 8681 8
5388 8677 56
5388 8677 42
5388 9519 51
5388 9519 3
5388 2828 41
5388 2828 53
5388 2836 48
5388 2836 46
5388 2866 21
5388 2866 28
5388 6396 18
5388 6396 49
5388 6398 34
5388 6398 51
5388 9636 11
5388 9636 54
5388 8679 50
5388 8679 13
5388 8682 60
5388 8682 28
5388 8676 6
5388 8676 37
5388 9518 29
5388 9518 27
8447 2868 32
8447 2868 8
8447 2869 40
8447 2869 10
8447 2870 48
8447 2870 3
8447 3009 52
8447 3009 12
8447 3010 6
8447 3010 9
8447 2871 45
8447 2871 18
8447 2872 13
8447 2872 5
8447 3048 9
8447 3048 48
8447 8778 59
8447 8778 12
8447 3008 52
8447 3008 27
8447 2985 47
8447 2985 24
8447 8687 2
8447 8687 48
8447 2867 25
8447 2867 6
8447 8688 15
8447 8688 33
8447 8685 53
8447 8685 38
8447 9517 58
8447 9517 53
8447 2835 4
8447 2835 28
8447 6397 29
8447 6397 37
8447 8686 2
8447 8686 46
8447 8681 10
8447 8681 21
8447 8677 8
8447 8677 58
8447 9519 18
8447 9519 44
8447 2828 37
8447 2828 6
8447 2836 15
8447 2836 43
8447 2866 1
8447 2866 15
8447 6396 8
8447 6396 45
8447 6398 12
8447 6398 54
8447 9636 29
8447 9636 49
8447 8679 46
8447 8679 1
8447 8682 58
8447 8682 52
8447 8676 18
8447 8676 22
8447 9518 9
8447 9518 51
5397 2868 36
5397 2868 1
5397 2869 14
5397 2869 25
5397 2870 47
5397 2870 8
5397 3009 14
5397 3009 10
5397 3010 57
5397 3010 0
5397 2871 21
5397 2871 47
5397 2872 10
5397 2872 59
5397 3048 7
5397 3048 22
5397 8778 53
5397 8778 52
5397 3008 54
5397 3008 31
5397 2985 48
5397 2985 29
5397 8687 30
5397 8687 37
5397 2867 2
5397 2867 55
5397 8688 6
5397 8688 28
5397 8685 42
5397 8685 13
5397 9517 13
5397 9517 44
5397 2835 42
5397 2835 41
5397 6397 51
5397 6397 3
5397 8686 42
5397 8686 38
5397 8681 4
5397 8681 55
5397 8677 9
5397 8677 59
5397 9519 27
5397 9519 52
5397 2828 12
5397 2828 18
5397 2836 49
5397 2836 57
5397 2866 33
5397 2866 55
5397 6396 32
5397 6396 15
5397 6398 20
5397 6398 58
5397 9636 6
5397 9636 10
5397 8679 36
5397 8679 46
5397 8682 58
5397 8682 45
5397 8676 6
5397 8676 8
5397 9518 26
5397 9518 12
6003 2868 54
6003 2868 25
6003 2869 7
6003 2869 17
6003 2870 49
6003 2870 15
6003 3009 17
6003 3009 25
6003 3010 0
6003 3010 55
6003 2871 54
6003 2871 42
6003 2872 3
6003 2872 9
6003 3048 48
6003 3048 40
6003 8778 55
6003 8778 16
6003 3008 58
6003 3008 59
6003 2985 49
6003 2985 41
6003 8687 48
6003 8687 23
6003 2867 41
6003 2867 46
6003 8688 29
6003 8688 50
6003 8685 26
6003 8685 17
6003 9517 40
6003 9517 49
6003 2835 44
6003 2835 56
6003 6397 34
6003 6397 42
6003 8686 56
6003 8686 19
6003 8681 58
6003 8681 0
6003 8677 2
6003 8677 40
6003 9519 31
6003 9519 53
6003 2828 31
6003 2828 57
6003 2836 37
6003 2836 37
6003 2866 42
6003 2866 4
6003 6396 15
6003 6396 57
6003 6398 36
6003 6398 1
6003 9636 6
6003 9636 39
6003 8679 13
6003 8679 33
6003 8682 18
6003 8682 0
6003 8676 13
6003 8676 25
6003 9518 8
6003 9518 4
6004 2868 51
6004 2868 38
6004 2869 7
6004 2869 4
6004 2870 27
6004 2870 42
6004 3009 22
6004 3009 27
6004 3010 30
6004 3010 19
6004 2871 29
6004 2871 10
6004 2872 4
6004 2872 43
6004 3048 48
6004 3048 12
6004 8778 20
6004 8778 2
6004 3008 36
6004 3008 11
6004 2985 27
6004 2985 59
6004 8687 34
6004 8687 41
6004 2867 54
6004 2867 34
6004 8688 3
6004 8688 19
6004 8685 30
6004 8685 24
6004 9517 47
6004 9517 51
6004 2835 31
6004 2835 59
6004 6397 22
6004 6397 33
6004 8686 20
6004 8686 17
6004 8681 55
6004 8681 15
6004 8677 6
6004 8677 28
6004 9519 47
6004 9519 54
6004 2828 14
6004 2828 45
6004 2836 58
6004 2836 19
6004 2866 49
6004 2866 41
6004 6396 19
6004 6396 27
6004 6398 36
6004 6398 55
6004 9636 10
6004 9636 18
6004 8679 29
6004 8679 38
6004 8682 37
6004 8682 9
6004 8676 46
6004 8676 13
6004 9518 39
6004 9518 5
5997 2868 37
5997 2868 39
5997 2869 27
5997 2869 23
5997 2870 49
5997 2870 4
5997 3009 45
5997 3009 14
5997 3010 25
5997 3010 7
5997 2871 45
5997 2871 42
5997 2872 4
5997 2872 28
5997 3048 14
5997 3048 38
5997 8778 2
5997 8778 47
5997 3008 43
5997 3008 42
5997 2985 1
5997 2985 8
5997 8687 17
5997 8687 21
5997 2867 54
5997 2867 24
5997 8688 8
5997 8688 42
5997 8685 37
5997 8685 17
5997 9517 45
5997 9517 28
5997 2835 15
5997 2835 11
5997 6397 53
5997 6397 30
5997 8686 42
5997 8686 25
5997 8681 56
5997 8681 60
5997 8677 15
5997 8677 53
5997 9519 43
5997 9519 37
5997 2828 15
5997 2828 32
5997 2836 0
5997 2836 17
5997 2866 37
5997 2866 53
5997 6396 60
5997 6396 39
5997 6398 29
5997 6398 55
5997 9636 60
5997 9636 50
5997 8679 15
5997 8679 19
5997 8682 33
5997 8682 25
5997 8676 34
5997 8676 29
5997 9518 56
5997 9518 60
6005 2868 28
6005 2868 56
6005 2869 36
6005 2869 40
6005 2870 9
6005 2870 39
6005 3009 29
6005 3009 38
6005 3010 24
6005 3010 41
6005 2871 49
6005 2871 46
6005 2872 37
6005 2872 49
6005 3048 21
6005 3048 22
6005 8778 17
6005 8778 25
6005 3008 3
6005 3008 9
6005 2985 59
6005 2985 40
6005 8687 31
6005 8687 23
6005 2867 5
6005 2867 60
6005 8688 36
6005 8688 30
6005 8685 31
6005 8685 3
6005 9517 44
6005 9517 50
6005 2835 37
6005 2835 2
6005 6397 59
6005 6397 13
6005 8686 7
6005 8686 7
6005 8681 8
6005 8681 4
6005 8677 33
6005 8677 34
6005 9519 32
6005 9519 20
6005 2828 22
6005 2828 44
6005 2836 6
6005 2836 33
6005 2866 4
6005 2866 13
6005 6396 33
6005 6396 31
6005 6398 23
6005 6398 39
6005 9636 0
6005 9636 37
6005 8679 58
6005 8679 12
6005 8682 26
6005 8682 35
6005 8676 53
6005 8676 13
6005 9518 8
6005 9518 60
9536 2868 31
9536 2868 18
9536 2869 17
9536 2869 27
9536 2870 26
9536 2870 6
9536 3009 19
9536 3009 33
9536 3010 54
9536 3010 26
9536 2871 58
9536 2871 54
9536 2872 57
9536 2872 11
9536 3048 59
9536 3048 25
9536 8778 43
9536 8778 7
9536 3008 60
9536 3008 52
9536 2985 23
9536 2985 47
9536 8687 3
9536 8687 50
9536 2867 5
9536 2867 11
9536 8688 6
9536 8688 23
9536 8685 33
9536 8685 17
9536 9517 0
9536 9517 1
9536 2835 6
9536 2835 35
9536 6397 54
9536 6397 31
9536 8686 44
9536 8686 22
9536 8681 22
9536 8681 49
9536 8677 25
9536 8677 25
9536 9519 0
9536 9519 59
9536 2828 24
9536 2828 6
9536 2836 13
9536 2836 19
9536 2866 4
9536 2866 26
9536 6396 31
9536 6396 3
9536 6398 31
9536 6398 49
9536 9636 35
9536 9636 1
9536 8679 49
9536 8679 55
9536 8682 36
9536 8682 16
9536 8676 11
9536 8676 19
9536 9518 57
9536 9518 37
8450 2868 6
8450 2868 14
8450 2869 6
8450 2869 19
8450 2870 22
8450 2870 36
8450 3009 34
8450 3009 10
8450 3010 8
8450 3010 18
8450 2871 39
8450 2871 48
8450 2872 29
8450 2872 34
8450 3048 17
8450 3048 58
8450 8778 3
8450 8778 14
8450 3008 48
8450 3008 15
8450 2985 25
8450 2985 19
8450 8687 3
8450 8687 60
8450 2867 59
8450 2867 5
8450 8688 32
8450 8688 46
8450 8685 23
8450 8685 52
8450 9517 13
8450 9517 0
8450 2835 10
8450 2835 9
8450 6397 10
8450 6397 12
8450 8686 44
8450 8686 38
8450 8681 53
8450 8681 60
8450 8677 42
8450 8677 15
8450 9519 6
8450 9519 45
8450 2828 39
8450 2828 7
8450 2836 22
8450 2836 33
8450 2866 13
8450 2866 5
8450 6396 25
8450 6396 55
8450 6398 37
8450 6398 16
8450 9636 32
8450 9636 58
8450 8679 7
8450 8679 9
8450 8682 43
8450 8682 38
8450 8676 36
8450 8676 43
8450 9518 3
8450 9518 28
8451 2868 13
8451 2868 46
8451 2869 15
8451 2869 47
8451 2870 37
8451 2870 20
8451 3009 22
8451 3009 17
8451 3010 0
8451 3010 57
8451 2871 15
8451 2871 5
8451 2872 3
8451 2872 45
8451 3048 18
8451 3048 53
8451 8778 58
8451 8778 13
8451 3008 28
8451 3008 56
8451 2985 32
8451 2985 46
8451 8687 41
8451 8687 25
8451 2867 3
8451 2867 47
8451 8688 56
8451 8688 27
8451 8685 59
8451 8685 28
8451 9517 32
8451 9517 25
8451 2835 30
8451 2835 1
8451 6397 8
8451 6397 51
8451 8686 19
8451 8686 13
8451 8681 14
8451 8681 16
8451 8677 56
8451 8677 6
8451 9519 30
8451 9519 52
8451 2828 21
8451 2828 39
8451 2836 0
8451 2836 12
8451 2866 44
8451 2866 41
8451 6396 16
8451 6396 43
8451 6398 54
8451 6398 48
8451 9636 24
8451 9636 38
8451 8679 53
8451 8679 24
8451 8682 9
8451 8682 54
8451 8676 58
8451 8676 55
8451 9518 19
8451 9518 36
8445 2868 35
8445 2868 35
8445 2869 56
8445 2869 7
8445 2870 50
8445 2870 3
8445 3009 39
8445 3009 32
8445 3010 1
8445 3010 39
8445 2871 40
8445 2871 48
8445 2872 39
8445 2872 60
8445 3048 12
8445 3048 0
8445 8778 8
8445 8778 41
8445 3008 24
8445 3008 9
8445 2985 60
8445 2985 28
8445 8687 16
8445 8687 45
8445 2867 2
8445 2867 46
8445 8688 12
8445 8688 8
8445 8685 37
8445 8685 8
8445 9517 27
8445 9517 17
8445 2835 41
8445 2835 59
8445 6397 26
8445 6397 3
8445 8686 10
8445 8686 16
8445 8681 3
8445 8681 32
8445 8677 26
8445 8677 46
8445 9519 20
8445 9519 2
8445 2828 16
8445 2828 23
8445 2836 33
8445 2836 11
8445 2866 3
8445 2866 31
8445 6396 21
8445 6396 36
8445 6398 46
8445 6398 10
8445 9636 2
8445 9636 52
8445 8679 39
8445 8679 20
8445 8682 16
8445 8682 4
8445 8676 57
8445 8676 4
8445 9518 2
8445 9518 5
5993 2868 24
5993 2868 13
5993 2869 15
5993 2869 3
5993 2870 60
5993 2870 12
5993 3009 21
5993 3009 0
5993 3010 43
5993 3010 19
5993 2871 9
5993 2871 20
5993 2872 14
5993 2872 47
5993 3048 27
5993 3048 18
5993 8778 16
5993 8778 18
5993 3008 5
5993 3008 32
5993 2985 10
5993 2985 15
5993 8687 52
5993 8687 15
5993 2867 59
5993 2867 2
5993 8688 9
5993 8688 28
5993 8685 11
5993 8685 23
5993 9517 9
5993 9517 12
5993 2835 38
5993 2835 40
5993 6397 41
5993 6397 42
5993 8686 46
5993 8686 33
5993 8681 25
5993 8681 53
5993 8677 50
5993 8677 35
5993 9519 27
5993 9519 1
5993 2828 40
5993 2828 46
5993 2836 28
5993 2836 36
5993 2866 22
5993 2866 3
5993 6396 11
5993 6396 28
5993 6398 36
5993 6398 1
5993 9636 31
5993 9636 24
5993 8679 22
5993 8679 18
5993 8682 25
5993 8682 27
5993 8676 44
5993 8676 20
5993 9518 49
5993 9518 35
5995 2868 14
5995 2868 4
5995 2869 19
5995 2869 39
5995 2870 4
5995 2870 1
5995 3009 14
5995 3009 32
5995 3010 15
5995 3010 54
5995 2871 42
5995 2871 13
5995 2872 6
5995 2872 33
5995 3048 53
5995 3048 58
5995 8778 15
5995 8778 22
5995 3008 41
5995 3008 34
5995 2985 21
5995 2985 44
5995 8687 11
5995 8687 37
5995 2867 34
5995 2867 27
5995 8688 48
5995 8688 26
5995 8685 51
5995 8685 11
5995 9517 11
5995 9517 7
5995 2835 20
5995 2835 53
5995 6397 36
5995 6397 38
5995 8686 27
5995 8686 6
5995 8681 51
5995 8681 44
5995 8677 25
5995 8677 42
5995 9519 39
5995 9519 43
5995 2828 17
5995 2828 21
5995 2836 35
5995 2836 43
5995 2866 3
5995 2866 28
5995 6396 52
5995 6396 22
5995 6398 1
5995 6398 6
5995 9636 2
5995 9636 33
5995 8679 11
5995 8679 27
5995 8682 53
5995 8682 10
5995 8676 48
5995 8676 59
5995 9518 27
5995 9518 38
