2644 2400 54
2644 2400 15
2644 2399 8
2644 2399 52
2644 2401 18
2644 2401 59
2644 2391 15
2644 2391 23
2644 2397 43
2644 2397 60
2644 2402 57
2644 2402 12
2644 2429 41
2644 2429 42
2644 2392 57
2644 2392 55
2644 2419 13
2644 2419 53
2644 2420 14
2644 2420 13
2644 2396 4
2644 2396 16
2644 2398 6
2644 2398 25
2644 2422 47
2644 2422 48
2644 2430 53
2644 2430 59
2644 2427 19
2644 2427 54
2644 2417 34
2644 2417 57
2644 2395 32
2644 2395 8
2644 2526 0
2644 2526 30
2644 2527 11
2644 2527 35
2644 2536 39
2644 2536 31
2644 2579 21
2644 2579 23
2644 2598 31
2644 2598 58
2644 2487 52
2644 2487 39
2644 2432 34
2644 2432 16
2644 2423 10
2644 2423 54
2644 2431 25
2644 2431 36
2644 2416 24
2644 2416 60
2644 2421 47
2644 2421 56
2644 2393 21
2644 2393 36
2644 2414 32
2644 2414 13
2644 2529 41
2644 2529 26
2644 2531 48
2644 2531 15
2639 2400 0
2639 2400 44
2639 2399 43
2639 2399 12
2639 2401 46
2639 2401 42
2639 2391 21
2639 2391 3
2639 2397 36
2639 2397 34
2639 2402 19
2639 2402 43
2639 2429 1
2639 2429 30
2639 2392 9
2639 2392 26
2639 2419 56
2639 2419 10
2639 2420 24
2639 2420 60
2639 2396 13
2639 2396 9
2639 2398 40
2639 2398 48
2639 2422 56
2639 2422 25
2639 2430 24
2639 2430 14
2639 2427 0
2639 2427 16
2639 2417 38
2639 2417 1
2639 2395 15
2639 2395 37
2639 2526 3
2639 2526 38
2639 2527 31
2639 2527 32
2639 2536 4
2639 2536 37
2639 2579 45
2639 2579 55
2639 2598 41
2639 2598 48
2639 2487 34
2639 2487 32
2639 2432 58
2639 2432 60
2639 2423 48
2639 2423 19
2639 2431 28
2639 2431 48
2639 2416 55
2639 2416 13
2639 2421 6
2639 2421 31
2639 2393 22
2639 2393 19
2639 2414 19
2639 2414 43
2639 2529 6
2639 2529 33
2639 2531 16
2639 2531 23
2663 2400 16
2663 2400 57
2663 2399 26
2663 2399 21
2663 2401 53
2663 2401 24
2663 2391 27
2663 2391 5
2663 2397 32
2663 2397 40
2663 2402 21
2663 2402 51
2663 2429 57
2663 2429 24
2663 2392 26
2663 2392 31
2663 2419 26
2663 2419 30
2663 2420 13
2663 2420 0
2663 2396 22
2663 2396 48
2663 2398 42
2663 2398 25
2663 2422 39
2663 2422 51
2663 2430 43
2663 2430 52
2663 2427 38
2663 2427 23
2663 2417 17
2663 2417 21
2663 2395 46
2663 2395 5
2663 2526 39
2663 2526 50
2663 2527 42
2663 2527 2
2663 2536 39
2663 2536 21
2663 2579 30
2663 2579 29
2663 2598 39
2663 2598 58
2663 2487 22
2663 2487 3
2663 2432 60
2663 2432 0
2663 2423 1
2663 2423 37
2663 2431 23
2663 2431 25
2663 2416 24
2663 2416 15
2663 2421 25
2663 2421 15
2663 2393 30
2663 2393 19
2663 2414 40
2663 2414 24
2663 2529 28
2663 2529 53
2663 2531 17
2663 2531 28
2666 2400 10
2666 2400 46
2666 2399 56
2666 2399 1
2666 2401 48
2666 2401 35
2666 2391 14
2666 2391 49
2666 2397 47
2666 2397 33
2666 2402 37
2666 2402 52
2666 2429 34
2666 2429 14
2666 2392 58
2666 2392 23
2666 2419 24
2666 2419 2
2666 2420 49
2666 2420 42
2666 2396 34
2666 2396 39
2666 2398 26
2666 2398 39
2666 2422 24
2666 2422 57
2666 2430 50
2666 2430 31
2666 2427 48
2666 2427 43
2666 2417 18
2666 2417 36
2666 2395 38
2666 2395 55
2666 2526 48
2666 2526 56
2666 2527 47
2666 2527 4
2666 2536 54
2666 2536 34
2666 2579 46
2666 2579 20
2666 2598 60
2666 2598 17
2666 2487 1
2666 2487 32
2666 2432 58
2666 2432 54
2666 2423 33
2666 2423 46
2666 2431 12
2666 2431 33
2666 2416 46
2666 2416 7
2666 2421 2
2666 2421 38
2666 2393 44
2666 2393 18
2666 2414 4
2666 2414 43
2666 2529 23
2666 2529 13
2666 2531 40
2666 2531 39
2667 2400 39
2667 2400 19
2667 2399 27
2667 2399 56
2667 2401 46
2667 2401 40
2667 2391 37
2667 2391 57
2667 2397 27
2667 2397 2
2667 2402 40
2667 2402 49
2667 2429 43
2667 2429 33
2667 2392 25
2667 2392 5
2667 2419 5
2667 2419 4
2667 2420 57
2667 2420 9
2667 2396 33
2667 2396 25
2667 2398 54
2667 2398 49
2667 2422 34
2667 2422 43
2667 2430 10
2667 2430 31
2667 2427 42
2667 2427 4
2667 2417 29
2667 2417 43
2667 2395 31
2667 2395 47
2667 2526 10
2667 2526 41
2667 2527 46
2667 2527 5
2667 2536 1
2667 2536 17
2667 2579 19
2667 2579 59
2667 2598 15
2667 2598 25
2667 2487 5
2667 2487 11
2667 2432 51
2667 2432 22
2667 2423 11
2667 2423 38
2667 2431 30
2667 2431 33
2667 2416 34
2667 2416 16
2667 2421 2
2667 2421 37
2667 2393 16
2667 2393 1
2667 2414 58
2667 2414 5
2667 2529 46
2667 2529 50
2667 2531 2
2667 2531 19
2633 2400 60
2633 2400 58
2633 2399 24
2633 2399 19
2633 2401 12
2633 2401 50
2633 2391 26
2633 2391 52
2633 2397 23
2633 2397 30
2633 2402 53
2633 2402 38
2633 2429 21
2633 2429 9
2633 2392 24
2633 2392 43
2633 2419 23
2633 2419 18
2633 2420 36
2633 2420 24
2633 2396 23
2633 2396 43
2633 2398 45
2633 2398 12
2633 2422 42
2633 2422 9
2633 2430 45
2633 2430 50
2633 2427 57
2633 2427 47
2633 2417 25
2633 2417 36
2633 2395 38
2633 2395 11
2633 2526 44
2633 2526 15
2633 2527 56
2633 2527 58
2633 2536 21
2633 2536 45
2633 2579 36
2633 2579 51
2633 2598 60
2633 2598 3
2633 2487 24
2633 2487 40
2633 2432 36
2633 2432 37
2633 2423 4
2633 2423 57
2633 2431 58
2633 2431 60
2633 2416 37
2633 2416 50
2633 2421 15
2633 2421 12
2633 2393 50
2633 2393 42
2633 2414 9
2633 2414 35
2633 2529 29
2633 2529 53
2633 2531 13
2633 2531 24
2643 2400 11
2643 2400 21
2643 2399 7
2643 2399 1
2643 2401 3
2643 2401 19
2643 2391 33
2643 2391 45
2643 2397 0
2643 2397 48
2643 2402 12
2643 2402 21
2643 2429 9
2643 2429 0
2643 2392 34
2643 2392 44
2643 2419 50
2643 2419 15
2643 2420 11
2643 2420 47
2643 2396 41
2643 2396 23
2643 2398 53
2643 2398 52
2643 2422 18
2643 2422 58
2643 2430 42
2643 2430 21
2643 2427 6
2643 2427 7
2643 2417 6
2643 2417 27
2643 2395 12
2643 2395 34
2643 2526 60
2643 2526 59
2643 2527 2
2643 2527 59
2643 2536 9
2643 2536 8
2643 2579 23
2643 2579 4
2643 2598 1
2643 2598 51
2643 2487 58
2643 2487 15
2643 2432 16
2643 2432 37
2643 2423 58
2643 2423 55
2643 2431 46
2643 2431 1
2643 2416 47
2643 2416 15
2643 2421 29
2643 2421 42
2643 2393 18
2643 2393 21
2643 2414 3
2643 2414 49
2643 2529 3
2643 2529 32
2643 2531 15
2643 2531 54
2650 2400 51
2650 2400 28
2650 2399 12
2650 2399 37
2650 2401 46
2650 2401 12
2650 2391 53
2650 2391 42
2650 2397 18
2650 2397 41
2650 2402 43
2650 2402 34
2650 2429 44
2650 2429 8
2650 2392 32
2650 2392 31
2650 2419 35
2650 2419 47
2650 2420 56
2650 2420 52
2650 2396 51
2650 2396 43
2650 2398 38
2650 2398 36
2650 2422 53
2650 2422 18
2650 2430 42
2650 2430 32
2650 2427 37
2650 2427 2
2650 2417 23
2650 2417 7
2650 2395 35
2650 2395 0
2650 2526 34
2650 2526 11
2650 2527 60
2650 2527 56
2650 2536 36
2650 2536 37
2650 2579 21
2650 2579 53
2650 2598 7
2650 2598 57
2650 2487 17
2650 2487 21
2650 2432 27
2650 2432 14
2650 2423 42
2650 2423 45
2650 2431 26
2650 2431 19
2650 2416 5
2650 2416 9
2650 2421 43
2650 2421 10
2650 2393 14
2650 2393 48
2650 2414 40
2650 2414 6
2650 2529 31
2650 2529 47
2650 2531 59
2650 2531 0
2661 2400 4
2661 2400 23
2661 2399 9
2661 2399 29
2661 2401 7
2661 2401 16
2661 2391 58
2661 2391 40
2661 2397 1
2661 2397 48
2661 2402 46
2661 2402 54
2661 2429 36
2661 2429 50
2661 2392 32
2661 2392 15
2661 2419 28
2661 2419 34
2661 2420 4
2661 2420 23
2661 2396 11
2661 2396 35
2661 2398 44
2661 2398 23
2661 2422 15
2661 2422 43
2661 2430 27
2661 2430 2
2661 2427 21
2661 2427 29
2661 2417 43
2661 2417 45
2661 2395 47
2661 2395 59
2661 2526 54
2661 2526 40
2661 2527 9
2661 2527 5
2661 2536 29
2661 2536 11
2661 2579 44
2661 2579 33
2661 2598 52
2661 2598 1
2661 2487 9
2661 2487 10
2661 2432 59
2661 2432 7
2661 2423 57
2661 2423 51
2661 2431 1
2661 2431 15
2661 2416 42
2661 2416 32
2661 2421 24
2661 2421 51
2661 2393 23
2661 2393 48
2661 2414 47
2661 2414 33
2661 2529 26
2661 2529 22
2661 2531 9
2661 2531 57
2665 2400 41
2665 2400 57
2665 2399 34
2665 2399 7
2665 2401 59
2665 2401 20
2665 2391 37
2665 2391 13
2665 2397 16
2665 2397 42
2665 2402 27
2665 2402 58
2665 2429 15
2665 2429 38
2665 2392 23
2665 2392 19
2665 2419 10
2665 2419 26
2665 2420 1
2665 2420 44
2665 2396 11
2665 2396 29
2665 2398 20
2665 2398 53
2665 2422 39
2665 2422 47
2665 2430 12
2665 2430 45
2665 2427 35
2665 2427 44
2665 2417 47
2665 2417 40
2665 2395 29
2665 2395 31
2665 2526 5
2665 2526 50
2665 2527 27
2665 2527 13
2665 2536 58
2665 2536 2
2665 2579 49
2665 2579 18
2665 2598 4
2665 2598 53
2665 2487 48
2665 2487 6
2665 2432 25
2665 2432 55
2665 2423 40
2665 2423 43
2665 2431 36
2665 2431 9
2665 2416 46
2665 2416 53
2665 2421 27
2665 2421 59
2665 2393 13
2665 2393 32
2665 2414 50
2665 2414 18
2665 2529 60
2665 2529 8
2665 2531 47
2665 2531 33
2645 2400 14
2645 2400 16
2645 2399 16
2645 2399 15
2645 2401 19
2645 2401 45
2645 2391 13
2645 2391 11
2645 2397 12
2645 2397 7
2645 2402 1
2645 2402 1
2645 2429 10
2645 2429 43
2645 2392 33
2645 2392 18
2645 2419 47
2645 2419 22
2645 2420 57
2645 2420 58
2645 2396 34
2645 2396 18
2645 2398 53
2645 2398 16
2645 2422 18
2645 2422 36
2645 2430 41
2645 2430 41
2645 2427 47
2645 2427 42
2645 2417 43
2645 2417 25
2645 2395 11
2645 2395 21
2645 2526 47
2645 2526 54
2645 2527 54
2645 2527 22
2645 2536 42
2645 2536 20
2645 2579 56
2645 2579 14
2645 2598 7
2645 2598 24
2645 2487 23
2645 2487 38
2645 2432 3
2645 2432 48
2645 2423 36
2645 2423 45
2645 2431 33
2645 2431 33
2645 2416 12
2645 2416 4
2645 2421 13
2645 2421 1
2645 2393 52
2645 2393 24
2645 2414 59
2645 2414 37
2645 2529 49
2645 2529 42
2645 2531 14
2645 2531 17
2670 2400 1
2670 2400 36
2670 2399 31
2670 2399 4
2670 2401 15
2670 2401 18
2670 2391 13
2670 2391 60
2670 2397 23
2670 2397 58
2670 2402 52
2670 2402 5
2670 2429 28
2670 2429 15
2670 2392 35
2670 2392 11
2670 2419 27
2670 2419 15
2670 2420 35
2670 2420 8
2670 2396 40
2670 2396 46
2670 2398 37
2670 2398 10
2670 2422 41
2670 2422 54
2670 2430 22
2670 2430 52
2670 2427 46
2670 2427 4
2670 2417 33
2670 2417 31
2670 2395 18
2670 2395 40
2670 2526 7
2670 2526 18
2670 2527 1
2670 2527 4
2670 2536 42
2670 2536 1
2670 2579 26
2670 2579 20
2670 2598 6
2670 2598 9
2670 2487 40
2670 2487 43
2670 2432 28
2670 2432 51
2670 2423 41
2670 2423 42
2670 2431 45
2670 2431 12
2670 2416 33
2670 2416 37
2670 2421 52
2670 2421 9
2670 2393 14
2670 2393 22
2670 2414 11
2670 2414 31
2670 2529 12
2670 2529 27
2670 2531 26
2670 2531 55
2671 2400 16
2671 2400 11
2671 2399 23
2671 2399 22
2671 2401 39
2671 2401 48
2671 2391 0
2671 2391 40
2671 2397 6
2671 2397 3
2671 2402 44
2671 2402 52
2671 2429 40
2671 2429 1
2671 2392 43
2671 2392 23
2671 2419 3
2671 2419 47
2671 2420 46
2671 2420 49
2671 2396 35
2671 2396 41
2671 2398 11
2671 2398 6
2671 2422 32
2671 2422 15
2671 2430 4
2671 2430 41
2671 2427 46
2671 2427 3
2671 2417 46
2671 2417 11
2671 2395 52
2671 2395 57
2671 2526 60
2671 2526 49
2671 2527 25
2671 2527 48
2671 2536 3
2671 2536 29
2671 2579 15
2671 2579 0
2671 2598 13
2671 2598 15
2671 2487 35
2671 2487 22
2671 2432 0
2671 2432 9
2671 2423 20
2671 2423 24
2671 2431 29
2671 2431 33
2671 2416 30
2671 2416 29
2671 2421 13
2671 2421 54
2671 2393 17
2671 2393 10
2671 2414 28
2671 2414 47
2671 2529 3
2671 2529 33
2671 2531 59
2671 2531 49
2629 2400 28
2629 2400 50
2629 2399 38
2629 2399 43
2629 2401 48
2629 2401 19
2629 2391 20
2629 2391 46
2629 2397 48
2629 2397 32
2629 2402 35
2629 2402 23
2629 2429 22
2629 2429 20
2629 2392 57
2629 2392 34
2629 2419 13
2629 2419 42
2629 2420 11
2629 2420 49
2629 2396 52
2629 2396 54
2629 2398 13
2629 2398 1
2629 2422 39
2629 2422 25
2629 2430 11
2629 2430 7
2629 2427 12
2629 2427 10
2629 2417 35
2629 2417 2
2629 2395 13
2629 2395 52
2629 2526 32
2629 2526 52
2629 2527 54
2629 2527 1
2629 2536 8
2629 2536 51
2629 2579 7
2629 2579 32
2629 2598 38
2629 2598 40
2629 2487 15
2629 2487 14
2629 2432 35
2629 2432 43
2629 2423 22
2629 2423 29
2629 2431 16
2629 2431 40
2629 2416 6
2629 2416 47
2629 2421 22
2629 2421 4
2629 2393 31
2629 2393 38
2629 2414 4
2629 2414 10
2629 2529 49
2629 2529 33
2629 2531 15
2629 2531 28
2638 2400 45
2638 2400 23
2638 2399 56
2638 2399 36
2638 2401 17
2638 2401 40
2638 2391 15
2638 2391 38
2638 2397 30
2638 2397 34
2638 2402 10
2638 2402 23
2638 2429 22
2638 2429 57
2638 2392 60
2638 2392 42
2638 2419 17
2638 2419 42
2638 2420 60
2638 2420 56
2638 2396 29
2638 2396 43
2638 2398 36
2638 2398 3
2638 2422 29
2638 2422 44
2638 2430 28
2638 2430 5
2638 2427 30
2638 2427 38
2638 2417 60
2638 2417 10
2638 2395 10
2638 2395 59
2638 2526 17
2638 2526 3
2638 2527 56
2638 2527 32
2638 2536 26
2638 2536 5
2638 2579 27
2638 2579 37
2638 2598 42
2638 2598 56
2638 2487 17
2638 2487 32
2638 2432 0
2638 2432 6
2638 2423 3
2638 2423 31
2638 2431 0
2638 2431 6
2638 2416 2
2638 2416 43
2638 2421 24
2638 2421 16
2638 2393 27
2638 2393 13
2638 2414 42
2638 2414 59
2638 2529 40
2638 2529 32
2638 2531 3
2638 2531 26
2630 2400 11
2630 2400 43
2630 2399 0
2630 2399 0
2630 2401 55
2630 2401 45
2630 2391 28
2630 2391 34
2630 2397 40
2630 2397 17
2630 2402 33
2630 2402 32
2630 2429 42
2630 2429 3
2630 2392 58
2630 2392 30
2630 2419 1
2630 2419 22
2630 2420 35
2630 2420 55
2630 2396 10
2630 2396 22
2630 2398 43
2630 2398 35
2630 2422 18
2630 2422 3
2630 2430 48
2630 2430 29
2630 2427 7
2630 2427 18
2630 2417 4
2630 2417 56
2630 2395 48
2630 2395 15
2630 2526 53
2630 2526 9
2630 2527 53
2630 2527 17
2630 2536 4
2630 2536 31
2630 2579 42
2630 2579 0
2630 2598 57
2630 2598 35
2630 2487 7
2630 2487 56
2630 2432 59
2630 2432 14
2630 2423 18
2630 2423 51
2630 2431 10
2630 2431 28
2630 2416 51
2630 2416 17
2630 2421 18
2630 2421 60
2630 2393 14
2630 2393 19
2630 2414 50
2630 2414 59
2630 2529 18
2630 2529 3
2630 2531 2
2630 2531 46
2653 2400 58
2653 2400 32
2653 2399 4
2653 2399 60
2653 2401 22
2653 2401 36
2653 2391 23
2653 2391 9
2653 2397 44
2653 2397 45
2653 2402 12
2653 2402 59
2653 2429 24
2653 2429 37
2653 2392 23
2653 2392 12
2653 2419 8
2653 2419 19
2653 2420 51
2653 2420 6
2653 2396 0
2653 2396 45
2653 2398 7
2653 2398 47
2653 2422 58
2653 2422 2
2653 2430 13
2653 2430 21
2653 2427 42
2653 2427 52
2653 2417 5
2653 2417 4
2653 2395 39
2653 2395 1
2653 2526 44
2653 2526 51
2653 2527 9
2653 2527 31
2653 2536 9
2653 2536 38
2653 2579 27
2653 2579 58
2653 2598 22
2653 2598 48
2653 2487 45
2653 2487 2
2653 2432 12
2653 2432 29
2653 2423 43
2653 2423 53
2653 2431 55
2653 2431 34
2653 2416 13
2653 2416 33
2653 2421 5
2653 2421 4
2653 2393 5
2653 2393 9
2653 2414 21
2653 2414 53
2653 2529 32
2653 2529 38
2653 2531 17
2653 2531 27
2662 2400 31
2662 2400 18
2662 2399 6
2662 2399 14
2662 2401 55
2662 2401 23
2662 2391 37
2662 2391 54
2662 2397 10
2662 2397 55
2662 2402 2
2662 2402 7
2662 2429 56
2662 2429 56
2662 2392 37
2662 2392 41
2662 2419 49
2662 2419 37
2662 2420 11
2662 2420 54
2662 2396 46
2662 2396 44
2662 2398 11
2662 2398 35
2662 2422 57
2662 2422 13
2662 2430 19
2662 2430 28
2662 2427 21
2662 2427 29
2662 2417 19
2662 2417 38
2662 2395 54
2662 2395 42
2662 2526 45
2662 2526 24
2662 2527 5
2662 2527 40
2662 2536 28
2662 2536 3
2662 2579 38
2662 2579 48
2662 2598 25
2662 2598 48
2662 2487 6
2662 2487 45
2662 2432 56
2662 2432 45
2662 2423 34
2662 2423 50
2662 2431 29
2662 2431 14
2662 2416 23
2662 2416 27
2662 2421 25
2662 2421 5
2662 2393 5
2662 2393 18
2662 2414 21
2662 2414 27
2662 2529 54
2662 2529 15
2662 2531 23
2662 2531 52
2664 2400 39
2664 2400 55
2664 2399 26
2664 2399 31
2664 2401 25
2664 2401 30
2664 2391 33
2664 2391 52
2664 2397 36
2664 2397 52
2664 2402 4
2664 2402 19
2664 2429 57
2664 2429 8
2664 2392 16
2664 2392 14
2664 2419 40
2664 2419 3
2664 2420 48
2664 2420 36
2664 2396 18
2664 2396 4
2664 2398 12
2664 2398 26
2664 2422 12
2664 2422 14
2664 2430 10
2664 2430 9
2664 2427 15
2664 2427 19
2664 2417 60
2664 2417 26
2664 2395 18
2664 2395 56
2664 2526 51
2664 2526 38
2664 2527 52
2664 2527 28
2664 2536 15
2664 2536 28
2664 2579 55
2664 2579 13
2664 2598 43
2664 2598 24
2664 2487 36
2664 2487 22
2664 2432 55
2664 2432 47
2664 2423 60
2664 2423 19
2664 2431 53
2664 2431 14
2664 2416 20
2664 2416 10
2664 2421 51
2664 2421 0
2664 2393 43
2664 2393 49
2664 2414 30
2664 2414 43
2664 2529 1
2664 2529 28
2664 2531 43
2664 2531 4
2672 2400 43
2672 2400 30
2672 2399 29
2672 2399 25
2672 2401 58
2672 2401 33
2672 2391 22
2672 2391 39
2672 2397 49
2672 2397 11
2672 2402 38
2672 2402 26
2672 2429 34
2672 2429 10
2672 2392 9
2672 2392 28
2672 2419 54
2672 2419 44
2672 2420 41
2672 2420 59
2672 2396 23
2672 2396 4
2672 2398 6
2672 2398 38
2672 2422 35
2672 2422 50
2672 2430 13
2672 2430 16
2672 2427 1
2672 2427 13
2672 2417 56
2672 2417 8
2672 2395 46
2672 2395 55
2672 2526 10
2672 2526 46
2672 2527 25
2672 2527 36
2672 2536 16
2672 2536 7
2672 2579 40
2672 2579 29
2672 2598 47
2672 2598 26
2672 2487 19
2672 2487 52
2672 2432 40
2672 2432 24
2672 2423 4
2672 2423 19
2672 2431 41
2672 2431 48
2672 2416 33
2672 2416 59
2672 2421 60
2672 2421 58
2672 2393 24
2672 2393 39
2672 2414 60
2672 2414 19
2672 2529 28
2672 2529 37
2672 2531 33
2672 2531 31
2640 2400 47
2640 2400 46
2640 2399 2
2640 2399 26
2640 2401 22
2640 2401 50
2640 2391 13
2640 2391 42
2640 2397 43
2640 2397 34
2640 2402 44
2640 2402 21
2640 2429 17
2640 2429 38
2640 2392 55
2640 2392 31
2640 2419 50
2640 2419 15
2640 2420 28
2640 2420 58
2640 2396 13
2640 2396 55
2640 2398 13
2640 2398 58
2640 2422 56
2640 2422 54
2640 2430 20
2640 2430 40
2640 2427 38
2640 2427 8
2640 2417 14
2640 2417 32
2640 2395 17
2640 2395 1
2640 2526 39
2640 2526 20
2640 2527 29
2640 2527 31
2640 2536 15
2640 2536 21
2640 2579 4
2640 2579 54
2640 2598 3
2640 2598 47
2640 2487 27
2640 2487 22
2640 2432 45
2640 2432 39
2640 2423 9
2640 2423 45
2640 2431 42
2640 2431 35
2640 2416 22
2640 2416 12
2640 2421 16
2640 2421 32
2640 2393 19
2640 2393 5
2640 2414 4
2640 2414 46
2640 2529 2
2640 2529 13
2640 2531 51
2640 2531 50
2646 2400 41
2646 2400 0
2646 2399 55
2646 2399 31
2646 2401 51
2646 2401 25
2646 2391 21
2646 2391 15
2646 2397 8
2646 2397 29
2646 2402 34
2646 2402 32
2646 2429 53
2646 2429 35
2646 2392 50
2646 2392 30
2646 2419 45
2646 2419 10
2646 2420 40
2646 2420 8
2646 2396 31
2646 2396 59
2646 2398 34
2646 2398 11
2646 2422 51
2646 2422 25
2646 2430 1
2646 2430 8
2646 2427 40
2646 2427 12
2646 2417 23
2646 2417 29
2646 2395 9
2646 2395 42
2646 2526 12
2646 2526 39
2646 2527 38
2646 2527 45
2646 2536 60
2646 2536 4
2646 2579 12
2646 2579 47
2646 2598 58
2646 2598 5
2646 2487 11
2646 2487 37
2646 2432 48
2646 2432 9
2646 2423 40
2646 2423 41
2646 2431 36
2646 2431 27
2646 2416 4
2646 2416 1
2646 2421 28
2646 2421 51
2646 2393 24
2646 2393 43
2646 2414 5
2646 2414 33
2646 2529 18
2646 2529 14
2646 2531 12
2646 2531 27
2939 2400 27
2939 2400 47
2939 2399 29
2939 2399 23
2939 2401 38
2939 2401 35
2939 2391 1
2939 2391 2
2939 2397 22
2939 2397 23
2939 2402 29
2939 2402 21
2939 2429 26
2939 2429 34
2939 2392 40
2939 2392 36
2939 2419 31
2939 2419 17
2939 2420 42
2939 2420 18
2939 2396 45
2939 2396 25
2939 2398 41
2939 2398 10
2939 2422 11
2939 2422 45
2939 2430 50
2939 2430 38
2939 2427 0
2939 2427 50
2939 2417 26
2939 2417 8
2939 2395 23
2939 2395 43
2939 2526 37
2939 2526 33
2939 2527 52
2939 2527 25
2939 2536 22
2939 2536 46
2939 2579 40
2939 2579 18
2939 2598 14
2939 2598 23
2939 2487 7
2939 2487 0
2939 2432 28
2939 2432 14
2939 2423 5
2939 2423 49
2939 2431 16
2939 2431 4
2939 2416 8
2939 2416 0
2939 2421 4
2939 2421 17
2939 2393 13
2939 2393 44
2939 2414 53
2939 2414 14
2939 2529 9
2939 2529 31
2939 2531 33
2939 2531 26
2627 2400 18
2627 2400 28
2627 2399 26
2627 2399 41
2627 2401 57
2627 2401 9
2627 2391 59
2627 2391 25
2627 2397 32
2627 2397 44
2627 2402 57
2627 2402 28
2627 2429 46
2627 2429 28
2627 2392 5
2627 2392 9
2627 2419 60
2627 2419 58
2627 2420 17
2627 2420 10
2627 2396 26
2627 2396 42
2627 2398 51
2627 2398 13
2627 2422 10
2627 2422 30
2627 2430 20
2627 2430 54
2627 2427 6
2627 2427 41
2627 2417 5
2627 2417 51
2627 2395 28
2627 2395 17
2627 2526 38
2627 2526 11
2627 2527 10
2627 2527 39
2627 2536 21
2627 2536 12
2627 2579 3
2627 2579 40
2627 2598 37
2627 2598 36
2627 2487 22
2627 2487 27
2627 2432 45
2627 2432 54
2627 2423 37
2627 2423 18
2627 2431 13
2627 2431 2
2627 2416 42
2627 2416 58
2627 2421 5
2627 2421 37
2627 2393 20
2627 2393 55
2627 2414 18
2627 2414 23
2627 2529 33
2627 2529 10
2627 2531 39
2627 2531 32
2569 2400 51
2569 2400 26
2569 2399 2
2569 2399 13
2569 2401 19
2569 2401 22
2569 2391 43
2569 2391 18
2569 2397 37
2569 2397 8
2569 2402 51
2569 2402 7
2569 2429 19
2569 2429 57
2569 2392 37
2569 2392 48
2569 2419 12
2569 2419 8
2569 2420 53
2569 2420 25
2569 2396 2
2569 2396 30
2569 2398 1
2569 2398 35
2569 2422 31
2569 2422 4
2569 2430 0
2569 2430 42
2569 2427 39
2569 2427 16
2569 2417 50
2569 2417 16
2569 2395 32
2569 2395 40
2569 2526 26
2569 2526 40
2569 2527 1
2569 2527 46
2569 2536 40
2569 2536 26
2569 2579 16
2569 2579 19
2569 2598 46
2569 2598 42
2569 2487 59
2569 2487 0
2569 2432 35
2569 2432 20
2569 2423 59
2569 2423 12
2569 2431 4
2569 2431 20
2569 2416 41
2569 2416 58
2569 2421 32
2569 2421 14
2569 2393 11
2569 2393 42
2569 2414 20
2569 2414 58
2569 2529 2
2569 2529 13
2569 2531 18
2569 2531 40
2632 2400 8
2632 2400 57
2632 2399 6
2632 2399 27
2632 2401 46
2632 2401 29
2632 2391 15
2632 2391 32
2632 2397 13
2632 2397 34
2632 2402 20
2632 2402 42
2632 2429 8
2632 2429 56
2632 2392 7
2632 2392 40
2632 2419 21
2632 2419 4
2632 2420 56
2632 2420 25
2632 2396 36
2632 2396 54
2632 2398 46
2632 2398 0
2632 2422 14
2632 2422 42
2632 2430 60
2632 2430 18
2632 2427 10
2632 2427 58
2632 2417 47
2632 2417 13
2632 2395 52
2632 2395 28
2632 2526 12
2632 2526 16
2632 2527 50
2632 2527 60
2632 2536 46
2632 2536 39
2632 2579 15
2632 2579 50
2632 2598 15
2632 2598 0
2632 2487 37
2632 2487 27
2632 2432 47
2632 2432 23
2632 2423 54
2632 2423 25
2632 2431 5
2632 2431 57
2632 2416 56
2632 2416 50
2632 2421 24
2632 2421 23
2632 2393 30
2632 2393 14
2632 2414 7
2632 2414 42
2632 2529 22
2632 2529 49
2632 2531 48
2632 2531 19
2635 2400 36
2635 2400 23
2635 2399 50
2635 2399 49
2635 2401 39
2635 2401 26
2635 2391 35
2635 2391 33
2635 2397 49
2635 2397 43
2635 2402 18
2635 2402 38
2635 2429 22
2635 2429 23
2635 2392 14
2635 2392 1
2635 2419 1
2635 2419 57
2635 2420 41
2635 2420 32
2635 2396 29
2635 2396 4
2635 2398 58
2635 2398 19
2635 2422 6
2635 2422 1
2635 2430 22
2635 2430 11
2635 2427 44
2635 2427 43
2635 2417 29
2635 2417 49
2635 2395 24
2635 2395 42
2635 2526 40
2635 2526 20
2635 2527 44
2635 2527 56
2635 2536 9
2635 2536 22
2635 2579 36
2635 2579 28
2635 2598 12
2635 2598 59
2635 2487 4
2635 2487 38
2635 2432 14
2635 2432 36
2635 2423 10
2635 2423 5
2635 2431 50
2635 2431 56
2635 2416 0
2635 2416 36
2635 2421 55
2635 2421 19
2635 2393 50
2635 2393 6
2635 2414 6
2635 2414 53
2635 2529 8
2635 2529 15
2635 2531 24
2635 2531 31
2649 2400 55
2649 2400 16
2649 2399 17
2649 2399 10
2649 2401 24
2649 2401 6
2649 2391 47
2649 2391 1
2649 2397 52
2649 2397 38
2649 2402 8
2649 2402 47
2649 2429 7
2649 2429 52
2649 2392 14
2649 2392 8
2649 2419 42
2649 2419 20
2649 2420 10
2649 2420 48
2649 2396 57
2649 2396 32
2649 2398 58
2649 2398 51
2649 2422 22
2649 2422 6
2649 2430 19
2649 2430 39
2649 2427 24
2649 2427 45
2649 2417 40
2649 2417 2
2649 2395 12
2649 2395 17
2649 2526 37
2649 2526 3
2649 2527 16
2649 2527 54
2649 2536 39
2649 2536 19
2649 2579 23
2649 2579 19
2649 2598 34
2649 2598 23
2649 2487 49
2649 2487 11
2649 2432 51
2649 2432 12
2649 2423 28
2649 2423 59
2649 2431 59
2649 2431 54
2649 2416 21
2649 2416 60
2649 2421 21
2649 2421 38
2649 2393 5
2649 2393 60
2649 2414 40
2649 2414 37
2649 2529 2
2649 2529 8
2649 2531 9
2649 2531 38
2652 2400 23
2652 2400 41
2652 2399 59
2652 2399 58
2652 2401 34
2652 2401 17
2652 2391 6
2652 2391 22
2652 2397 24
2652 2397 60
2652 2402 53
2652 2402 58
2652 2429 36
2652 2429 42
2652 2392 1
2652 2392 28
2652 2419 14
2652 2419 49
2652 2420 13
2652 2420 24
2652 2396 8
2652 2396 32
2652 2398 17
2652 2398 49
2652 2422 52
2652 2422 2
2652 2430 52
2652 2430 28
2652 2427 27
2652 2427 20
2652 2417 4
2652 2417 22
2652 2395 42
2652 2395 26
2652 2526 40
2652 2526 58
2652 2527 40
2652 2527 60
2652 2536 43
2652 2536 23
2652 2579 34
2652 2579 22
2652 2598 32
2652 2598 3
2652 2487 55
2652 2487 0
2652 2432 16
2652 2432 13
2652 2423 54
2652 2423 20
2652 2431 29
2652 2431 12
2652 2416 37
2652 2416 5
2652 2421 24
2652 2421 23
2652 2393 24
2652 2393 11
2652 2414 58
2652 2414 33
2652 2529 11
2652 2529 36
2652 2531 28
2652 2531 3
2668 2400 43
2668 2400 14
2668 2399 36
2668 2399 43
2668 2401 26
2668 2401 60
2668 2391 3
2668 2391 45
2668 2397 47
2668 2397 42
2668 2402 51
2668 2402 6
2668 2429 10
2668 2429 15
2668 2392 12
2668 2392 5
2668 2419 45
2668 2419 55
2668 2420 6
2668 2420 54
2668 2396 32
2668 2396 18
2668 2398 8
2668 2398 52
2668 2422 27
2668 2422 33
2668 2430 9
2668 2430 26
2668 2427 17
2668 2427 37
2668 2417 59
2668 2417 4
2668 2395 35
2668 2395 46
2668 2526 12
2668 2526 57
2668 2527 60
2668 2527 1
2668 2536 25
2668 2536 12
2668 2579 49
2668 2579 51
2668 2598 16
2668 2598 17
2668 2487 7
2668 2487 17
2668 2432 24
2668 2432 7
2668 2423 48
2668 2423 46
2668 2431 29
2668 2431 33
2668 2416 23
2668 2416 30
2668 2421 12
2668 2421 40
2668 2393 33
2668 2393 23
2668 2414 33
2668 2414 13
2668 2529 42
2668 2529 41
2668 2531 45
2668 2531 47
2910 2400 17
2910 2400 52
2910 2399 5
2910 2399 60
2910 2401 50
2910 2401 53
2910 2391 8
2910 2391 0
2910 2397 2
2910 2397 41
2910 2402 16
2910 2402 22
2910 2429 39
2910 2429 59
2910 2392 21
2910 2392 31
2910 2419 17
2910 2419 31
2910 2420 53
2910 2420 31
2910 2396 22
2910 2396 18
2910 2398 39
2910 2398 55
2910 2422 44
2910 2422 20
2910 2430 18
2910 2430 38
2910 2427 16
2910 2427 37
2910 2417 26
2910 2417 46
2910 2395 45
2910 2395 46
2910 2526 48
2910 2526 18
2910 2527 48
2910 2527 4
2910 2536 16
2910 2536 0
2910 2579 48
2910 2579 39
2910 2598 29
2910 2598 4
2910 2487 1
2910 2487 54
2910 2432 43
2910 2432 3
2910 2423 54
2910 2423 37
2910 2431 52
2910 2431 31
2910 2416 50
2910 2416 35
2910 2421 5
2910 2421 54
2910 2393 43
2910 2393 49
2910 2414 35
2910 2414 21
2910 2529 17
2910 2529 17
2910 2531 60
2910 2531 18
2911 2400 25
2911 2400 28
2911 2399 17
2911 2399 25
2911 2401 5
2911 2401 21
2911 2391 30
2911 2391 2
2911 2397 21
2911 2397 10
2911 2402 54
2911 2402 34
2911 2429 18
2911 2429 50
2911 2392 29
2911 2392 26
2911 2419 28
2911 2419 54
2911 2420 50
2911 2420 42
2911 2396 14
2911 2396 58
2911 2398 19
2911 2398 53
2911 2422 34
2911 2422 18
2911 2430 12
2911 2430 17
2911 2427 52
2911 2427 57
2911 2417 49
2911 2417 43
2911 2395 21
2911 2395 33
2911 2526 5
2911 2526 25
2911 2527 54
2911 2527 32
2911 2536 13
2911 2536 53
2911 2579 60
2911 2579 26
2911 2598 47
2911 2598 6
2911 2487 58
2911 2487 31
2911 2432 43
2911 2432 54
2911 2423 37
2911 2423 27
2911 2431 4
2911 2431 32
2911 2416 30
2911 2416 44
2911 2421 41
2911 2421 55
2911 2393 36
2911 2393 39
2911 2414 6
2911 2414 1
2911 2529 31
2911 2529 20
2911 2531 12
2911 2531 54
