1927 1811 2
1927 1811 41
1927 1809 7
1927 1809 22
1927 1812 49
1927 1812 23
1927 1808 12
1927 1808 24
1927 1810 7
1927 1810 29
1927 6 33
1927 6 29
1927 1878 4
1927 1878 9
1927 1806 7
1927 1806 14
1927 1807 27
1927 1807 23
1927 1804 19
1927 1804 32
1927 1865 18
1927 1865 18
1927 0 32
1927 0 39
1927 1883 59
1927 1883 13
1927 1893 41
1927 1893 9
1927 1805 41
1927 1805 50
1927 1801 54
1927 1801 47
1927 1860 6
1927 1860 36
1927 1803 54
1927 1803 3
1927 1863 44
1927 1863 20
1927 1 37
1927 1 2
1927 2 5
1927 2 14
1927 1884 40
1927 1884 44
1927 1874 47
1927 1874 21
1927 1897 48
1927 1897 18
1927 1800 15
1927 1800 34
1927 1799 20
1927 1799 29
1927 1825 38
1927 1825 56
1927 1861 43
1927 1861 47
1927 1802 25
1927 1802 17
1927 1862 30
1927 1862 9
1927 1864 18
1927 1864 1
1927 2325 12
1927 2325 33
1877 1811 29
1877 1811 27
1877 1809 46
1877 1809 50
1877 1812 56
1877 1812 38
1877 1808 17
1877 1808 9
1877 1810 43
1877 1810 31
1877 6 26
1877 6 13
1877 1878 12
1877 1878 58
1877 1806 21
1877 1806 3
1877 1807 29
1877 1807 6
1877 1804 45
1877 1804 57
1877 1865 24
1877 1865 36
1877 0 27
1877 0 12
1877 1883 3
1877 1883 59
1877 1893 51
1877 1893 52
1877 1805 28
1877 1805 60
1877 1801 5
1877 1801 54
1877 1860 20
1877 1860 49
1877 1803 20
1877 1803 22
1877 1863 8
1877 1863 14
1877 1 34
1877 1 56
1877 2 21
1877 2 38
1877 1884 45
1877 1884 53
1877 1874 2
1877 1874 14
1877 1897 8
1877 1897 5
1877 1800 50
1877 1800 51
1877 1799 14
1877 1799 35
1877 1825 22
1877 1825 1
1877 1861 5
1877 1861 12
1877 1802 6
1877 1802 23
1877 1862 1
1877 1862 26
1877 1864 54
1877 1864 33
1877 2325 28
1877 2325 24
1922 1811 12
1922 1811 42
1922 1809 4
1922 1809 34
1922 1812 47
1922 1812 56
1922 1808 38
1922 1808 34
1922 1810 14
1922 1810 19
1922 6 29
1922 6 19
1922 1878 33
1922 1878 3
1922 1806 4
1922 1806 36
1922 1807 54
1922 1807 28
1922 1804 12
1922 1804 58
1922 1865 49
1922 1865 30
1922 0 11
1922 0 23
1922 1883 32
1922 1883 23
1922 1893 37
1922 1893 46
1922 1805 8
1922 1805 47
1922 1801 9
1922 1801 7
1922 1860 18
1922 1860 50
1922 1803 25
1922 1803 12
1922 1863 36
1922 1863 24
1922 1 6
1922 1 49
1922 2 19
1922 2 28
1922 1884 1
1922 1884 25
1922 1874 18
1922 1874 7
1922 1897 24
1922 1897 48
1922 1800 43
1922 1800 15
1922 1799 54
1922 1799 3
1922 1825 47
1922 1825 14
1922 1861 5
1922 1861 3
1922 1802 29
1922 1802 16
1922 1862 57
1922 1862 28
1922 1864 24
1922 1864 45
1922 2325 43
1922 2325 3
1928 1811 10
1928 1811 18
1928 1809 20
1928 1809 16
1928 1812 19
1928 1812 20
1928 1808 30
1928 1808 39
1928 1810 31
1928 1810 59
1928 6 9
1928 6 32
1928 1878 39
1928 1878 53
1928 1806 23
1928 1806 8
1928 1807 33
1928 1807 25
1928 1804 19
1928 1804 43
1928 1865 53
1928 1865 4
1928 0 21
1928 0 37
1928 1883 29
1928 1883 41
1928 1893 50
1928 1893 49
1928 1805 38
1928 1805 13
1928 1801 9
1928 1801 25
1928 1860 2
1928 1860 9
1928 1803 41
1928 1803 58
1928 1863 0
1928 1863 34
1928 1 57
1928 1 58
1928 2 49
1928 2 14
1928 1884 57
1928 1884 51
1928 1874 52
1928 1874 28
1928 1897 27
1928 1897 42
1928 1800 48
1928 1800 45
1928 1799 7
1928 1799 49
1928 1825 20
1928 1825 9
1928 1861 18
1928 1861 18
1928 1802 51
1928 1802 5
1928 1862 45
1928 1862 27
1928 1864 30
1928 1864 32
1928 2325 59
1928 2325 7
1933 1811 9
1933 1811 35
1933 1809 38
1933 1809 43
1933 1812 50
1933 1812 44
1933 1808 20
1933 1808 38
1933 1810 7
1933 1810 39
1933 6 49
1933 6 46
1933 1878 10
1933 1878 16
1933 1806 50
1933 1806 47
1933 1807 40
1933 1807 10
1933 1804 42
1933 1804 43
1933 1865 49
1933 1865 43
1933 0 29
1933 0 20
1933 1883 37
1933 1883 39
1933 1893 0
1933 1893 31
1933 1805 18
1933 1805 56
1933 1801 1
1933 1801 43
1933 1860 44
1933 1860 12
1933 1803 41
1933 1803 30
1933 1863 46
1933 1863 27
1933 1 15
1933 1 27
1933 2 40
1933 2 40
1933 1884 60
1933 1884 21
1933 1874 6
1933 1874 15
1933 1897 4
1933 1897 26
1933 1800 30
1933 1800 44
1933 1799 20
1933 1799 15
1933 1825 17
1933 1825 11
1933 1861 46
1933 1861 17
1933 1802 29
1933 1802 36
1933 1862 10
1933 1862 19
1933 1864 37
1933 1864 40
1933 2325 36
1933 2325 1
1858 1811 50
1858 1811 22
1858 1809 29
1858 1809 39
1858 1812 50
1858 1812 45
1858 1808 44
1858 1808 5
1858 1810 17
1858 1810 22
1858 6 56
1858 6 36
1858 1878 44
1858 1878 55
1858 1806 44
1858 1806 0
1858 1807 41
1858 1807 7
1858 1804 10
1858 1804 41
1858 1865 58
1858 1865 2
1858 0 10
1858 0 58
1858 1883 55
1858 1883 12
1858 1893 16
1858 1893 48
1858 1805 42
1858 1805 2
1858 1801 13
1858 1801 5
1858 1860 16
1858 1860 57
1858 1803 8
1858 1803 24
1858 1863 13
1858 1863 13
1858 1 15
1858 1 35
1858 2 11
1858 2 44
1858 1884 42
1858 1884 29
1858 1874 25
1858 1874 16
1858 1897 42
1858 1897 20
1858 1800 57
1858 1800 38
1858 1799 12
1858 1799 13
1858 1825 52
1858 1825 23
1858 1861 59
1858 1861 48
1858 1802 23
1858 1802 39
1858 1862 35
1858 1862 1
1858 1864 6
1858 1864 57
1858 2325 52
1858 2325 37
1923 1811 36
1923 1811 50
1923 1809 40
1923 1809 21
1923 1812 28
1923 1812 52
1923 1808 11
1923 1808 57
1923 1810 0
1923 1810 30
1923 6 40
1923 6 28
1923 1878 33
1923 1878 13
1923 1806 49
1923 1806 12
1923 1807 21
1923 1807 10
1923 1804 4
1923 1804 7
1923 1865 11
1923 1865 21
1923 0 7
1923 0 48
1923 1883 19
1923 1883 35
1923 1893 45
1923 1893 49
1923 1805 59
1923 1805 37
1923 1801 32
1923 1801 46
1923 1860 14
1923 1860 18
1923 1803 17
1923 1803 15
1923 1863 55
1923 1863 55
1923 1 15
1923 1 49
1923 2 25
1923 2 39
1923 1884 36
1923 1884 27
1923 1874 19
1923 1874 56
1923 1897 17
1923 1897 35
1923 1800 47
1923 1800 12
1923 1799 7
1923 1799 43
1923 1825 44
1923 1825 19
1923 1861 55
1923 1861 35
1923 1802 22
1923 1802 23
1923 1862 54
1923 1862 31
1923 1864 7
1923 1864 33
1923 2325 49
1923 2325 38
1926 1811 35
1926 1811 20
1926 1809 46
1926 1809 0
1926 1812 19
1926 1812 9
1926 1808 30
1926 1808 15
1926 1810 5
1926 1810 13
1926 6 33
1926 6 10
1926 1878 31
1926 1878 21
1926 1806 34
1926 1806 22
1926 1807 50
1926 1807 27
1926 1804 41
1926 1804 48
1926 1865 43
1926 1865 13
1926 0 19
1926 0 11
1926 1883 12
1926 1883 7
1926 1893 14
1926 1893 36
1926 1805 53
1926 1805 60
1926 1801 40
1926 1801 12
1926 1860 27
1926 1860 52
1926 1803 39
1926 1803 3
1926 1863 5
1926 1863 58
1926 1 56
1926 1 16
1926 2 3
1926 2 22
1926 1884 37
1926 1884 8
1926 1874 52
1926 1874 5
1926 1897 21
1926 1897 45
1926 1800 55
1926 1800 30
1926 1799 15
1926 1799 43
1926 1825 47
1926 1825 59
1926 1861 51
1926 1861 17
1926 1802 35
1926 1802 16
1926 1862 23
1926 1862 56
1926 1864 32
1926 1864 6
1926 2325 15
1926 2325 24
1929 1811 40
1929 1811 41
1929 1809 29
1929 1809 7
1929 1812 41
1929 1812 30
1929 1808 57
1929 1808 3
1929 1810 17
1929 1810 29
1929 6 38
1929 6 11
1929 1878 49
1929 1878 10
1929 1806 29
1929 1806 25
1929 1807 29
1929 1807 59
1929 1804 57
1929 1804 46
1929 1865 54
1929 1865 10
1929 0 40
1929 0 23
1929 1883 19
1929 1883 8
1929 1893 57
1929 1893 59
1929 1805 22
1929 1805 30
1929 1801 32
1929 1801 15
1929 1860 56
1929 1860 34
1929 1803 19
1929 1803 27
1929 1863 3
1929 1863 29
1929 1 27
1929 1 55
1929 2 11
1929 2 38
1929 1884 6
1929 1884 18
1929 1874 13
1929 1874 33
1929 1897 15
1929 1897 60
1929 1800 58
1929 1800 33
1929 1799 59
1929 1799 18
1929 1825 44
1929 1825 57
1929 1861 4
1929 1861 40
1929 1802 20
1929 1802 57
1929 1862 2
1929 1862 6
1929 1864 51
1929 1864 31
1929 2325 9
1929 2325 10
1930 1811 34
1930 1811 20
1930 1809 27
1930 1809 23
1930 1812 49
1930 1812 45
1930 1808 1
1930 1808 53
1930 1810 48
1930 1810 33
1930 6 25
1930 6 58
1930 1878 36
1930 1878 54
1930 1806 23
1930 1806 5
1930 1807 40
1930 1807 5
1930 1804 31
1930 1804 27
1930 1865 56
1930 1865 15
1930 0 57
1930 0 11
1930 1883 11
1930 1883 7
1930 1893 31
1930 1893 16
1930 1805 17
1930 1805 53
1930 1801 0
1930 1801 19
1930 1860 9
1930 1860 17
1930 1803 54
1930 1803 43
1930 1863 23
1930 1863 13
1930 1 24
1930 1 59
1930 2 32
1930 2 18
1930 1884 0
1930 1884 17
1930 1874 48
1930 1874 5
1930 1897 19
1930 1897 58
1930 1800 30
1930 1800 15
1930 1799 51
1930 1799 22
1930 1825 3
1930 1825 53
1930 1861 1
1930 1861 31
1930 1802 32
1930 1802 28
1930 1862 7
1930 1862 4
1930 1864 37
1930 1864 51
1930 2325 48
1930 2325 53
2283 1811 19
2283 1811 60
2283 1809 9
2283 1809 15
2283 1812 3
2283 1812 26
2283 1808 32
2283 1808 16
2283 1810 26
2283 1810 58
2283 6 52
2283 6 32
2283 1878 55
2283 1878 9
2283 1806 22
2283 1806 22
2283 1807 43
2283 1807 29
2283 1804 48
2283 1804 36
2283 1865 55
2283 1865 34
2283 0 44
2283 0 52
2283 1883 36
2283 1883 37
2283 1893 41
2283 1893 54
2283 1805 35
2283 1805 32
2283 1801 26
2283 1801 55
2283 1860 49
2283 1860 41
2283 1803 54
2283 1803 28
2283 1863 4
2283 1863 24
2283 1 15
2283 1 26
2283 2 22
2283 2 23
2283 1884 51
2283 1884 7
2283 1874 17
2283 1874 41
2283 1897 41
2283 1897 30
2283 1800 16
2283 1800 18
2283 1799 19
2283 1799 47
2283 1825 7
2283 1825 31
2283 1861 37
2283 1861 11
2283 1802 3
2283 1802 38
2283 1862 10
2283 1862 39
2283 1864 38
2283 1864 2
2283 2325 27
2283 2325 5
1859 1811 49
1859 1811 51
1859 1809 41
1859 1809 43
1859 1812 32
1859 1812 59
1859 1808 41
1859 1808 39
1859 1810 38
1859 1810 2
1859 6 40
1859 6 33
1859 1878 17
1859 1878 28
1859 1806 58
1859 1806 44
1859 1807 30
1859 1807 56
1859 1804 21
1859 1804 33
1859 1865 41
1859 1865 45
1859 0 21
1859 0 35
1859 1883 5
1859 1883 38
1859 1893 52
1859 1893 32
1859 1805 57
1859 1805 39
1859 1801 41
1859 1801 57
1859 1860 43
1859 1860 58
1859 1803 30
1859 1803 20
1859 1863 36
1859 1863 13
1859 1 3
1859 1 55
1859 2 22
1859 2 3
1859 1884 5
1859 1884 53
1859 1874 28
1859 1874 23
1859 1897 51
1859 1897 15
1859 1800 18
1859 1800 6
1859 1799 0
1859 1799 17
1859 1825 40
1859 1825 49
1859 1861 33
1859 1861 2
1859 1802 46
1859 1802 55
1859 1862 14
1859 1862 42
1859 1864 44
1859 1864 4
1859 2325 53
1859 2325 43
1925 1811 36
1925 1811 25
1925 1809 41
1925 1809 32
1925 1812 57
1925 1812 3
1925 1808 25
1925 1808 22
1925 1810 22
1925 1810 14
1925 6 17
1925 6 13
1925 1878 52
1925 1878 50
1925 1806 43
1925 1806 60
1925 1807 23
1925 1807 12
1925 1804 12
1925 1804 40
1925 1865 35
1925 1865 58
1925 0 47
1925 0 59
1925 1883 52
1925 1883 35
1925 1893 12
1925 1893 5
1925 1805 0
1925 1805 36
1925 1801 40
1925 1801 43
1925 1860 31
1925 1860 38
1925 1803 16
1925 1803 24
1925 1863 7
1925 1863 21
1925 1 39
1925 1 39
1925 2 43
1925 2 23
1925 1884 52
1925 1884 24
1925 1874 37
1925 1874 6
1925 1897 11
1925 1897 36
1925 1800 5
1925 1800 35
1925 1799 15
1925 1799 50
1925 1825 28
1925 1825 17
1925 1861 25
1925 1861 28
1925 1802 20
1925 1802 46
1925 1862 13
1925 1862 52
1925 1864 22
1925 1864 16
1925 2325 0
1925 2325 1
1931 1811 41
1931 1811 25
1931 1809 30
1931 1809 46
1931 1812 9
1931 1812 8
1931 1808 22
1931 1808 52
1931 1810 38
1931 1810 18
1931 6 24
1931 6 11
1931 1878 56
1931 1878 24
1931 1806 47
1931 1806 19
1931 1807 17
1931 1807 4
1931 1804 12
1931 1804 39
1931 1865 18
1931 1865 57
1931 0 50
1931 0 19
1931 1883 41
1931 1883 57
1931 1893 10
1931 1893 45
1931 1805 8
1931 1805 40
1931 1801 20
1931 1801 48
1931 1860 10
1931 1860 44
1931 1803 9
1931 1803 16
1931 1863 33
1931 1863 51
1931 1 37
1931 1 27
1931 2 3
1931 2 57
1931 1884 42
1931 1884 2
1931 1874 32
1931 1874 53
1931 1897 53
1931 1897 15
1931 1800 12
1931 1800 0
1931 1799 19
1931 1799 20
1931 1825 3
1931 1825 51
1931 1861 20
1931 1861 26
1931 1802 40
1931 1802 45
1931 1862 51
1931 1862 33
1931 1864 21
1931 1864 38
1931 2325 36
1931 2325 15
1934 1811 39
1934 1811 43
1934 1809 53
1934 1809 50
1934 1812 48
1934 1812 54
1934 1808 10
1934 1808 46
1934 1810 50
1934 1810 26
1934 6 12
1934 6 36
1934 1878 13
1934 1878 22
1934 1806 40
1934 1806 39
1934 1807 1
1934 1807 46
1934 1804 25
1934 1804 48
1934 1865 55
1934 1865 38
1934 0 50
1934 0 24
1934 1883 23
1934 1883 23
1934 1893 57
1934 1893 37
1934 1805 15
1934 1805 39
1934 1801 29
1934 1801 36
1934 1860 39
1934 1860 47
1934 1803 56
1934 1803 55
1934 1863 53
1934 1863 24
1934 1 15
1934 1 17
1934 2 8
1934 2 14
1934 1884 51
1934 1884 45
1934 1874 39
1934 1874 31
1934 1897 45
1934 1897 8
1934 1800 53
1934 1800 41
1934 1799 31
1934 1799 15
1934 1825 44
1934 1825 20
1934 1861 42
1934 1861 25
1934 1802 53
1934 1802 21
1934 1862 25
1934 1862 39
1934 1864 16
1934 1864 40
1934 2325 20
1934 2325 27
2284 1811 56
2284 1811 24
2284 1809 46
2284 1809 13
2284 1812 21
2284 1812 13
2284 1808 12
2284 1808 39
2284 1810 3
2284 1810 27
2284 6 26
2284 6 18
2284 1878 57
2284 1878 56
2284 1806 18
2284 1806 59
2284 1807 24
2284 1807 21
2284 1804 10
2284 1804 14
2284 1865 47
2284 1865 59
2284 0 8
2284 0 54
2284 1883 37
2284 1883 13
2284 1893 36
2284 1893 40
2284 1805 45
2284 1805 26
2284 1801 39
2284 1801 31
2284 1860 20
2284 1860 34
2284 1803 48
2284 1803 29
2284 1863 5
2284 1863 18
2284 1 57
2284 1 3
2284 2 10
2284 2 40
2284 1884 30
2284 1884 11
2284 1874 18
2284 1874 48
2284 1897 57
2284 1897 41
2284 1800 38
2284 1800 32
2284 1799 9
2284 1799 4
2284 1825 53
2284 1825 52
2284 1861 38
2284 1861 0
2284 1802 38
2284 1802 23
2284 1862 31
2284 1862 54
2284 1864 56
2284 1864 29
2284 2325 56
2284 2325 21
2285 1811 6
2285 1811 44
2285 1809 10
2285 1809 44
2285 1812 3
2285 1812 47
2285 1808 9
2285 1808 27
2285 1810 1
2285 1810 10
2285 6 29
2285 6 57
2285 1878 60
2285 1878 44
2285 1806 49
2285 1806 16
2285 1807 53
2285 1807 52
2285 1804 25
2285 1804 46
2285 1865 5
2285 1865 8
2285 0 33
2285 0 40
2285 1883 17
2285 1883 33
2285 1893 28
2285 1893 23
2285 1805 9
2285 1805 23
2285 1801 55
2285 1801 60
2285 1860 6
2285 1860 35
2285 1803 23
2285 1803 59
2285 1863 58
2285 1863 45
2285 1 34
2285 1 24
2285 2 0
2285 2 33
2285 1884 0
2285 1884 43
2285 1874 6
2285 1874 36
2285 1897 24
2285 1897 29
2285 1800 40
2285 1800 44
2285 1799 4
2285 1799 20
2285 1825 31
2285 1825 56
2285 1861 6
2285 1861 33
2285 1802 45
2285 1802 25
2285 1862 26
2285 1862 16
2285 1864 17
2285 1864 12
2285 2325 17
2285 2325 19
1924 1811 31
1924 1811 41
1924 1809 55
1924 1809 12
1924 1812 23
1924 1812 52
1924 1808 45
1924 1808 45
1924 1810 14
1924 1810 22
1924 6 11
1924 6 33
1924 1878 20
1924 1878 43
1924 1806 6
1924 1806 20
1924 1807 48
1924 1807 0
1924 1804 24
1924 1804 17
1924 1865 38
1924 1865 32
1924 0 44
1924 0 52
1924 1883 52
1924 1883 38
1924 1893 37
1924 1893 21
1924 1805 3
1924 1805 55
1924 1801 24
1924 1801 29
1924 1860 25
1924 1860 22
1924 1803 11
1924 1803 19
1924 1863 41
1924 1863 44
1924 1 36
1924 1 59
1924 2 32
1924 2 1
1924 1884 52
1924 1884 12
1924 1874 23
1924 1874 27
1924 1897 7
1924 1897 49
1924 1800 25
1924 1800 33
1924 1799 10
1924 1799 32
1924 1825 19
1924 1825 42
1924 1861 3
1924 1861 2
1924 1802 37
1924 1802 13
1924 1862 34
1924 1862 13
1924 1864 52
1924 1864 50
1924 2325 56
1924 2325 24
1949 1811 17
1949 1811 38
1949 1809 10
1949 1809 19
1949 1812 58
1949 1812 4
1949 1808 22
1949 1808 18
1949 1810 51
1949 1810 31
1949 6 49
1949 6 44
1949 1878 42
1949 1878 34
1949 1806 41
1949 1806 17
1949 1807 45
1949 1807 49
1949 1804 31
1949 1804 50
1949 1865 22
1949 1865 59
1949 0 8
1949 0 37
1949 1883 21
1949 1883 18
1949 1893 4
1949 1893 59
1949 1805 46
1949 1805 59
1949 1801 10
1949 1801 0
1949 1860 6
1949 1860 34
1949 1803 56
1949 1803 45
1949 1863 33
1949 1863 4
1949 1 33
1949 1 24
1949 2 15
1949 2 28
1949 1884 36
1949 1884 38
1949 1874 49
1949 1874 19
1949 1897 5
1949 1897 56
1949 1800 54
1949 1800 4
1949 1799 6
1949 1799 50
1949 1825 11
1949 1825 37
1949 1861 5
1949 1861 30
1949 1802 47
1949 1802 32
1949 1862 55
1949 1862 38
1949 1864 26
1949 1864 24
1949 2325 32
1949 2325 43
1932 1811 59
1932 1811 1
1932 1809 37
1932 1809 19
1932 1812 3
1932 1812 34
1932 1808 54
1932 1808 21
1932 1810 8
1932 1810 41
1932 6 41
1932 6 45
1932 1878 44
1932 1878 29
1932 1806 44
1932 1806 23
1932 1807 16
1932 1807 29
1932 1804 8
1932 1804 2
1932 1865 56
1932 1865 1
1932 0 30
1932 0 57
1932 1883 14
1932 1883 17
1932 1893 57
1932 1893 21
1932 1805 37
1932 1805 42
1932 1801 55
1932 1801 46
1932 1860 20
1932 1860 48
1932 1803 27
1932 1803 46
1932 1863 30
1932 1863 18
1932 1 55
1932 1 27
1932 2 11
1932 2 48
1932 1884 46
1932 1884 30
1932 1874 13
1932 1874 60
1932 1897 38
1932 1897 58
1932 1800 13
1932 1800 47
1932 1799 52
1932 1799 3
1932 1825 28
1932 1825 8
1932 1861 27
1932 1861 59
1932 1802 60
1932 1802 59
1932 1862 47
1932 1862 1
1932 1864 32
1932 1864 38
1932 2325 3
1932 2325 3
1876 1811 5
1876 1811 47
1876 1809 35
1876 1809 58
1876 1812 7
1876 1812 58
1876 1808 60
1876 1808 49
1876 1810 50
1876 1810 30
1876 6 37
1876 6 33
1876 1878 51
1876 1878 33
1876 1806 33
1876 1806 39
1876 1807 58
1876 1807 37
1876 1804 43
1876 1804 54
1876 1865 57
1876 1865 1
1876 0 2
1876 0 13
1876 1883 48
1876 1883 2
1876 1893 6
1876 1893 47
1876 1805 13
1876 1805 1
1876 1801 55
1876 1801 40
1876 1860 41
1876 1860 47
1876 1803 56
1876 1803 30
1876 1863 26
1876 1863 42
1876 1 18
1876 1 10
1876 2 33
1876 2 40
1876 1884 30
1876 1884 25
1876 1874 24
1876 1874 11
1876 1897 38
1876 1897 40
1876 1800 43
1876 1800 47
1876 1799 30
1876 1799 52
1876 1825 17
1876 1825 21
1876 1861 32
1876 1861 26
1876 1802 54
1876 1802 35
1876 1862 31
1876 1862 12
1876 1864 35
1876 1864 4
1876 2325 26
1876 2325 48
1950 1811 8
1950 1811 12
1950 1809 15
1950 1809 57
1950 1812 52
1950 1812 58
1950 1808 4
1950 1808 45
1950 1810 15
1950 1810 57
1950 6 1
1950 6 22
1950 1878 43
1950 1878 21
1950 1806 0
1950 1806 2
1950 1807 23
1950 1807 52
1950 1804 54
1950 1804 24
1950 1865 51
1950 1865 17
1950 0 11
1950 0 15
1950 1883 31
1950 1883 12
1950 1893 43
1950 1893 14
1950 1805 40
1950 1805 37
1950 1801 31
1950 1801 0
1950 1860 11
1950 1860 15
1950 1803 54
1950 1803 53
1950 1863 15
1950 1863 58
1950 1 8
1950 1 30
1950 2 36
1950 2 42
1950 1884 24
1950 1884 17
1950 1874 2
1950 1874 33
1950 1897 23
1950 1897 13
1950 1800 25
1950 1800 17
1950 1799 8
1950 1799 25
1950 1825 8
1950 1825 8
1950 1861 8
1950 1861 28
1950 1802 9
1950 1802 1
1950 1862 50
1950 1862 52
1950 1864 53
1950 1864 34
1950 2325 7
1950 2325 43
1937 1811 6
1937 1811 23
1937 1809 53
1937 1809 19
1937 1812 8
1937 1812 19
1937 1808 60
1937 1808 24
1937 1810 32
1937 1810 0
1937 6 44
1937 6 35
1937 1878 20
1937 1878 20
1937 1806 52
1937 1806 4
1937 1807 48
1937 1807 57
1937 1804 13
1937 1804 20
1937 1865 1
1937 1865 41
1937 0 39
1937 0 45
1937 1883 38
1937 1883 18
1937 1893 57
1937 1893 36
1937 1805 5
1937 1805 18
1937 1801 32
1937 1801 55
1937 1860 34
1937 1860 47
1937 1803 43
1937 1803 4
1937 1863 44
1937 1863 24
1937 1 11
1937 1 40
1937 2 20
1937 2 22
1937 1884 11
1937 1884 13
1937 1874 41
1937 1874 31
1937 1897 48
1937 1897 55
1937 1800 7
1937 1800 1
1937 1799 36
1937 1799 15
1937 1825 42
1937 1825 41
1937 1861 51
1937 1861 0
1937 1802 3
1937 1802 54
1937 1862 24
1937 1862 2
1937 1864 31
1937 1864 11
1937 2325 8
1937 2325 4
1936 1811 59
1936 1811 18
1936 1809 47
1936 1809 40
1936 1812 38
1936 1812 19
1936 1808 16
1936 1808 56
1936 1810 21
1936 1810 7
1936 6 45
1936 6 37
1936 1878 14
1936 1878 22
1936 1806 15
1936 1806 23
1936 1807 13
1936 1807 30
1936 1804 23
1936 1804 55
1936 1865 35
1936 1865 39
1936 0 2
1936 0 4
1936 1883 55
1936 1883 7
1936 1893 32
1936 1893 44
1936 1805 55
1936 1805 17
1936 1801 3
1936 1801 12
1936 1860 7
1936 1860 51
1936 1803 29
1936 1803 23
1936 1863 24
1936 1863 50
1936 1 51
1936 1 17
1936 2 14
1936 2 14
1936 1884 30
1936 1884 7
1936 1874 57
1936 1874 1
1936 1897 20
1936 1897 43
1936 1800 47
1936 1800 32
1936 1799 18
1936 1799 29
1936 1825 24
1936 1825 49
1936 1861 42
1936 1861 30
1936 1802 1
1936 1802 16
1936 1862 52
1936 1862 54
1936 1864 39
1936 1864 33
1936 2325 2
1936 2325 4
1875 1811 37
1875 1811 30
1875 1809 47
1875 1809 44
1875 1812 16
1875 1812 24
1875 1808 4
1875 1808 9
1875 1810 31
1875 1810 18
1875 6 43
1875 6 35
1875 1878 52
1875 1878 18
1875 1806 59
1875 1806 16
1875 1807 16
1875 1807 43
1875 1804 28
1875 1804 20
1875 1865 16
1875 1865 33
1875 0 51
1875 0 24
1875 1883 33
1875 1883 48
1875 1893 0
1875 1893 26
1875 1805 31
1875 1805 29
1875 1801 24
1875 1801 19
1875 1860 22
1875 1860 46
1875 1803 46
1875 1803 48
1875 1863 18
1875 1863 35
1875 1 47
1875 1 22
1875 2 25
1875 2 8
1875 1884 54
1875 1884 13
1875 1874 11
1875 1874 60
1875 1897 37
1875 1897 48
1875 1800 31
1875 1800 36
1875 1799 4
1875 1799 14
1875 1825 11
1875 1825 47
1875 1861 9
1875 1861 51
1875 1802 7
1875 1802 58
1875 1862 22
1875 1862 39
1875 1864 48
1875 1864 36
1875 2325 1
1875 2325 60
1951 1811 32
1951 1811 59
1951 1809 29
1951 1809 59
1951 1812 58
1951 1812 33
1951 1808 11
1951 1808 10
1951 1810 51
1951 1810 50
1951 6 24
1951 6 23
1951 1878 15
1951 1878 1
1951 1806 3
1951 1806 25
1951 1807 54
1951 1807 27
1951 1804 34
1951 1804 11
1951 1865 3
1951 1865 21
1951 0 23
1951 0 56
1951 1883 50
1951 1883 43
1951 1893 16
1951 1893 36
1951 1805 13
1951 1805 45
1951 1801 20
1951 1801 29
1951 1860 36
1951 1860 40
1951 1803 27
1951 1803 1
1951 1863 26
1951 1863 56
1951 1 27
1951 1 17
1951 2 7
1951 2 58
1951 1884 3
1951 1884 16
1951 1874 11
1951 1874 34
1951 1897 47
1951 1897 39
1951 1800 52
1951 1800 42
1951 1799 16
1951 1799 51
1951 1825 43
1951 1825 27
1951 1861 41
1951 1861 36
1951 1802 35
1951 1802 47
1951 1862 2
1951 1862 23
1951 1864 15
1951 1864 30
1951 2325 42
1951 2325 15
1939 1811 23
1939 1811 31
1939 1809 0
1939 1809 7
1939 1812 21
1939 1812 46
1939 1808 11
1939 1808 22
1939 1810 12
1939 1810 31
1939 6 4
1939 6 17
1939 1878 3
1939 1878 57
1939 1806 51
1939 1806 60
1939 1807 55
1939 1807 15
1939 1804 26
1939 1804 1
1939 1865 51
1939 1865 16
1939 0 28
1939 0 12
1939 1883 37
1939 1883 13
1939 1893 15
1939 1893 10
1939 1805 45
1939 1805 17
1939 1801 16
1939 1801 38
1939 1860 27
1939 1860 40
1939 1803 30
1939 1803 29
1939 1863 23
1939 1863 39
1939 1 49
1939 1 7
1939 2 52
1939 2 2
1939 1884 51
1939 1884 44
1939 1874 30
1939 1874 30
1939 1897 27
1939 1897 3
1939 1800 49
1939 1800 17
1939 1799 42
1939 1799 37
1939 1825 16
1939 1825 9
1939 1861 58
1939 1861 46
1939 1802 19
1939 1802 57
1939 1862 56
1939 1862 25
1939 1864 30
1939 1864 41
1939 2325 59
1939 2325 49
1935 1811 35
1935 1811 19
1935 1809 49
1935 1809 43
1935 1812 25
1935 1812 40
1935 1808 31
1935 1808 36
1935 1810 25
1935 1810 51
1935 6 56
1935 6 3
1935 1878 16
1935 1878 52
1935 1806 19
1935 1806 35
1935 1807 45
1935 1807 35
1935 1804 14
1935 1804 39
1935 1865 57
1935 1865 18
1935 0 50
1935 0 31
1935 1883 44
1935 1883 17
1935 1893 50
1935 1893 22
1935 1805 4
1935 1805 31
1935 1801 49
1935 1801 15
1935 1860 19
1935 1860 4
1935 1803 13
1935 1803 16
1935 1863 6
1935 1863 44
1935 1 37
1935 1 33
1935 2 10
1935 2 36
1935 1884 18
1935 1884 38
1935 1874 39
1935 1874 5
1935 1897 9
1935 1897 6
1935 1800 8
1935 1800 37
1935 1799 32
1935 1799 18
1935 1825 15
1935 1825 0
1935 1861 8
1935 1861 24
1935 1802 59
1935 1802 34
1935 1862 49
1935 1862 10
1935 1864 13
1935 1864 6
1935 2325 34
1935 2325 9
1870 1811 15
1870 1811 23
1870 1809 20
1870 1809 41
1870 1812 20
1870 1812 11
1870 1808 34
1870 1808 25
1870 1810 13
1870 1810 45
1870 6 43
1870 6 50
1870 1878 23
1870 1878 2
1870 1806 2
1870 1806 58
1870 1807 32
1870 1807 12
1870 1804 41
1870 1804 10
1870 1865 46
1870 1865 56
1870 0 17
1870 0 47
1870 1883 53
1870 1883 11
1870 1893 39
1870 1893 48
1870 1805 7
1870 1805 51
1870 1801 14
1870 1801 25
1870 1860 11
1870 1860 20
1870 1803 36
1870 1803 60
1870 1863 12
1870 1863 32
1870 1 36
1870 1 49
1870 2 6
1870 2 48
1870 1884 36
1870 1884 36
1870 1874 18
1870 1874 0
1870 1897 41
1870 1897 15
1870 1800 43
1870 1800 47
1870 1799 23
1870 1799 43
1870 1825 43
1870 1825 7
1870 1861 7
1870 1861 35
1870 1802 53
1870 1802 22
1870 1862 26
1870 1862 42
1870 1864 51
1870 1864 38
1870 2325 19
1870 2325 15
1952 1811 44
1952 1811 59
1952 1809 34
1952 1809 47
1952 1812 19
1952 1812 56
1952 1808 56
1952 1808 51
1952 1810 10
1952 1810 60
1952 6 55
1952 6 16
1952 1878 51
1952 1878 37
1952 1806 21
1952 1806 5
1952 1807 11
1952 1807 27
1952 1804 2
1952 1804 41
1952 1865 40
1952 1865 28
1952 0 13
1952 0 27
1952 1883 40
1952 1883 50
1952 1893 11
1952 1893 37
1952 1805 27
1952 1805 34
1952 1801 52
1952 1801 38
1952 1860 0
1952 1860 53
1952 1803 7
1952 1803 21
1952 1863 39
1952 1863 32
1952 1 20
1952 1 2
1952 2 28
1952 2 18
1952 1884 4
1952 1884 59
1952 1874 4
1952 1874 26
1952 1897 57
1952 1897 37
1952 1800 60
1952 1800 56
1952 1799 32
1952 1799 4
1952 1825 1
1952 1825 39
1952 1861 24
1952 1861 38
1952 1802 23
1952 1802 32
1952 1862 36
1952 1862 33
1952 1864 24
1952 1864 32
1952 2325 46
1952 2325 25
1940 1811 3
1940 1811 46
1940 1809 39
1940 1809 14
1940 1812 32
1940 1812 24
1940 1808 2
1940 1808 27
1940 1810 57
1940 1810 23
1940 6 49
1940 6 6
1940 1878 53
1940 1878 8
1940 1806 39
1940 1806 24
1940 1807 44
1940 1807 26
1940 1804 59
1940 1804 32
1940 1865 18
1940 1865 4
1940 0 20
1940 0 22
1940 1883 5
1940 1883 22
1940 1893 52
1940 1893 6
1940 1805 29
1940 1805 19
1940 1801 24
1940 1801 48
1940 1860 1
1940 1860 24
1940 1803 23
1940 1803 35
1940 1863 5
1940 1863 54
1940 1 23
1940 1 52
1940 2 29
1940 2 50
1940 1884 50
1940 1884 31
1940 1874 24
1940 1874 0
1940 1897 5
1940 1897 33
1940 1800 49
1940 1800 11
1940 1799 40
1940 1799 17
1940 1825 36
1940 1825 53
1940 1861 37
1940 1861 4
1940 1802 25
1940 1802 37
1940 1862 3
1940 1862 27
1940 1864 57
1940 1864 21
1940 2325 35
1940 2325 56
1938 1811 59
1938 1811 54
1938 1809 1
1938 1809 52
1938 1812 21
1938 1812 45
1938 1808 15
1938 1808 10
1938 1810 20
1938 1810 2
1938 6 59
1938 6 11
1938 1878 40
1938 1878 24
1938 1806 35
1938 1806 54
1938 1807 38
1938 1807 36
1938 1804 53
1938 1804 55
1938 1865 19
1938 1865 48
1938 0 14
1938 0 36
1938 1883 43
1938 1883 31
1938 1893 33
1938 1893 42
1938 1805 46
1938 1805 15
1938 1801 59
1938 1801 28
1938 1860 11
1938 1860 38
1938 1803 24
1938 1803 13
1938 1863 45
1938 1863 41
1938 1 21
1938 1 32
1938 2 24
1938 2 52
1938 1884 2
1938 1884 5
1938 1874 57
1938 1874 16
1938 1897 50
1938 1897 15
1938 1800 28
1938 1800 43
1938 1799 29
1938 1799 52
1938 1825 0
1938 1825 40
1938 1861 27
1938 1861 34
1938 1802 28
1938 1802 7
1938 1862 57
1938 1862 6
1938 1864 2
1938 1864 21
1938 2325 4
1938 2325 37
