8888 9735 57
8888 8811 2
8888 8801 34
8888 8812 6
8888 8800 7
8888 8799 28
8888 9569 30
8888 8810 10
8888 9162 34
8888 8798 42
8888 8809 50
8888 8814 41
8888 8816 17
8888 9163 46
8888 8796 58
8888 8794 48
8888 8813 3
8888 8807 14
8888 8808 27
8888 9181 11
8888 9164 27
8888 9161 43
8888 8797 40
8888 8793 22
8888 8815 29
8888 9182 44
8888 8806 2
8888 8818 55
8888 9180 38
8888 8785 30
8888 8784 22
8888 9156 17
8889 9735 20
8889 8811 4
8889 8801 41
8889 8812 2
8889 8800 54
8889 8799 1
8889 9569 33
8889 8810 56
8889 9162 33
8889 8798 46
8889 8809 49
8889 8814 42
8889 8816 59
8889 9163 48
8889 8796 32
8889 8794 56
8889 8813 40
8889 8807 35
8889 8808 23
8889 9181 16
8889 9164 36
8889 9161 8
8889 8797 33
8889 8793 13
8889 8815 12
8889 9182 3
8889 8806 58
8889 8818 55
8889 9180 34
8889 8785 31
8889 8784 17
8889 9156 46
8848 9735 44
8848 8811 47
8848 8801 18
8848 8812 9
8848 8800 46
8848 8799 29
8848 9569 12
8848 8810 19
8848 9162 11
8848 8798 50
8848 8809 51
8848 8814 44
8848 8816 7
8848 9163 29
8848 8796 53
8848 8794 54
8848 8813 19
8848 8807 0
8848 8808 18
8848 9181 58
8848 9164 17
8848 9161 39
8848 8797 44
8848 8793 52
8848 8815 39
8848 9182 51
8848 8806 49
8848 8818 4
8848 9180 24
8848 8785 35
8848 8784 23
8848 9156 44
8890 9735 46
8890 8811 15
8890 8801 42
8890 8812 12
8890 8800 5
8890 8799 27
8890 9569 44
8890 8810 60
8890 9162 45
8890 8798 47
8890 8809 44
8890 8814 50
8890 8816 48
8890 9163 5
8890 8796 58
8890 8794 56
8890 8813 44
8890 8807 29
8890 8808 0
8890 9181 58
8890 9164 22
8890 9161 60
8890 8797 20
8890 8793 52
8890 8815 37
8890 9182 20
8890 8806 1
8890 8818 18
8890 9180 3
8890 8785 51
8890 8784 22
8890 9156 37
9244 9735 2
9244 8811 3
9244 8801 39
9244 8812 23
9244 8800 45
9244 8799 30
9244 9569 39
9244 8810 53
9244 9162 22
9244 8798 44
9244 8809 36
9244 8814 21
9244 8816 4
9244 9163 16
9244 8796 37
9244 8794 20
9244 8813 39
9244 8807 49
9244 8808 38
9244 9181 39
9244 9164 25
9244 9161 4
9244 8797 36
9244 8793 26
9244 8815 23
9244 9182 28
9244 8806 13
9244 8818 15
9244 9180 26
9244 8785 30
9244 8784 38
9244 9156 13
8845 9735 16
8845 8811 27
8845 8801 8
8845 8812 32
8845 8800 10
8845 8799 49
8845 9569 45
8845 8810 33
8845 9162 53
8845 8798 1
8845 8809 33
8845 8814 14
8845 8816 36
8845 9163 22
8845 8796 48
8845 8794 0
8845 8813 26
8845 8807 39
8845 8808 56
8845 9181 18
8845 9164 34
8845 9161 51
8845 8797 21
8845 8793 32
8845 8815 35
8845 9182 15
8845 8806 49
8845 8818 23
8845 9180 59
8845 8785 1
8845 8784 43
8845 9156 16
9233 9735 13
9233 8811 20
9233 8801 39
9233 8812 39
9233 8800 12
9233 8799 24
9233 9569 33
9233 8810 39
9233 9162 57
9233 8798 44
9233 8809 9
9233 8814 47
9233 8816 47
9233 9163 31
9233 8796 25
9233 8794 47
9233 8813 9
9233 8807 24
9233 8808 23
9233 9181 28
9233 9164 54
9233 9161 50
9233 8797 33
9233 8793 39
9233 8815 48
9233 9182 25
9233 8806 38
9233 8818 58
9233 9180 15
9233 8785 38
9233 8784 13
9233 9156 24
9241 9735 37
9241 8811 58
9241 8801 11
9241 8812 17
9241 8800 4
9241 8799 35
9241 9569 40
9241 8810 37
9241 9162 38
9241 8798 57
9241 8809 50
9241 8814 9
9241 8816 44
9241 9163 46
9241 8796 42
9241 8794 44
9241 8813 29
9241 8807 54
9241 8808 59
9241 9181 32
9241 9164 16
9241 9161 40
9241 8797 50
9241 8793 0
9241 8815 23
9241 9182 40
9241 8806 3
9241 8818 55
9241 9180 16
9241 8785 7
9241 8784 27
9241 9156 36
8843 9735 46
8843 8811 11
8843 8801 52
8843 8812 5
8843 8800 39
8843 8799 37
8843 9569 52
8843 8810 15
8843 9162 39
8843 8798 19
8843 8809 22
8843 8814 52
8843 8816 34
8843 9163 20
8843 8796 5
8843 8794 1
8843 8813 1
8843 8807 21
8843 8808 55
8843 9181 53
8843 9164 9
8843 9161 32
8843 8797 40
8843 8793 13
8843 8815 14
8843 9182 34
8843 8806 54
8843 8818 23
8843 9180 17
8843 8785 20
8843 8784 18
8843 9156 60
8884 9735 4
8884 8811 58
8884 8801 1
8884 8812 39
8884 8800 59
8884 8799 32
8884 9569 7
8884 8810 8
8884 9162 13
8884 8798 59
8884 8809 59
8884 8814 56
8884 8816 34
8884 9163 18
8884 8796 33
8884 8794 49
8884 8813 31
8884 8807 30
8884 8808 15
8884 9181 55
8884 9164 31
8884 9161 28
8884 8797 49
8884 8793 30
8884 8815 7
8884 9182 45
8884 8806 11
8884 8818 46
8884 9180 59
8884 8785 51
8884 8784 20
8884 9156 48
8891 9735 31
8891 8811 32
8891 8801 18
8891 8812 37
8891 8800 28
8891 8799 40
8891 9569 35
8891 8810 56
8891 9162 47
8891 8798 14
8891 8809 10
8891 8814 1
8891 8816 36
8891 9163 26
8891 8796 45
8891 8794 20
8891 8813 5
8891 8807 20
8891 8808 28
8891 9181 6
8891 9164 44
8891 9161 51
8891 8797 32
8891 8793 59
8891 8815 1
8891 9182 32
8891 8806 1
8891 8818 1
8891 9180 40
8891 8785 49
8891 8784 50
8891 9156 9
9247 9735 19
9247 8811 19
9247 8801 3
9247 8812 58
9247 8800 15
9247 8799 8
9247 9569 35
9247 8810 4
9247 9162 43
9247 8798 52
9247 8809 37
9247 8814 55
9247 8816 46
9247 9163 36
9247 8796 12
9247 8794 3
9247 8813 48
9247 8807 15
9247 8808 3
9247 9181 30
9247 9164 53
9247 9161 44
9247 8797 17
9247 8793 49
9247 8815 48
9247 9182 22
9247 8806 25
9247 8818 22
9247 9180 41
9247 8785 12
9247 8784 15
9247 9156 48
9242 9735 16
9242 8811 3
9242 8801 46
9242 8812 28
9242 8800 17
9242 8799 19
9242 9569 3
9242 8810 9
9242 9162 40
9242 8798 14
9242 8809 20
9242 8814 34
9242 8816 24
9242 9163 11
9242 8796 38
9242 8794 60
9242 8813 55
9242 8807 17
9242 8808 1
9242 9181 8
9242 9164 5
9242 9161 13
9242 8797 28
9242 8793 27
9242 8815 33
9242 9182 5
9242 8806 20
9242 8818 59
9242 9180 6
9242 8785 56
9242 8784 27
9242 9156 38
9246 9735 34
9246 8811 5
9246 8801 21
9246 8812 4
9246 8800 39
9246 8799 15
9246 9569 24
9246 8810 27
9246 9162 27
9246 8798 11
9246 8809 25
9246 8814 44
9246 8816 57
9246 9163 13
9246 8796 32
9246 8794 43
9246 8813 4
9246 8807 34
9246 8808 0
9246 9181 4
9246 9164 26
9246 9161 59
9246 8797 48
9246 8793 60
9246 8815 58
9246 9182 20
9246 8806 11
9246 8818 28
9246 9180 46
9246 8785 12
9246 8784 43
9246 9156 45
8842 9735 11
8842 8811 50
8842 8801 23
8842 8812 58
8842 8800 16
8842 8799 8
8842 9569 55
8842 8810 9
8842 9162 57
8842 8798 23
8842 8809 43
8842 8814 51
8842 8816 32
8842 9163 34
8842 8796 29
8842 8794 33
8842 8813 1
8842 8807 6
8842 8808 17
8842 9181 39
8842 9164 1
8842 9161 40
8842 8797 46
8842 8793 51
8842 8815 20
8842 9182 7
8842 8806 20
8842 8818 34
8842 9180 23
8842 8785 29
8842 8784 50
8842 9156 2
8838 9735 32
8838 8811 24
8838 8801 13
8838 8812 42
8838 8800 38
8838 8799 18
8838 9569 30
8838 8810 38
8838 9162 30
8838 8798 36
8838 8809 48
8838 8814 43
8838 8816 51
8838 9163 18
8838 8796 41
8838 8794 35
8838 8813 51
8838 8807 47
8838 8808 19
8838 9181 30
8838 9164 54
8838 9161 57
8838 8797 26
8838 8793 17
8838 8815 50
8838 9182 19
8838 8806 39
8838 8818 44
8838 9180 0
8838 8785 44
8838 8784 20
8838 9156 25
9228 9735 19
9228 8811 20
9228 8801 59
9228 8812 52
9228 8800 44
9228 8799 47
9228 9569 13
9228 8810 5
9228 9162 9
9228 8798 13
9228 8809 55
9228 8814 29
9228 8816 58
9228 9163 39
9228 8796 34
9228 8794 7
9228 8813 11
9228 8807 28
9228 8808 2
9228 9181 59
9228 9164 55
9228 9161 0
9228 8797 23
9228 8793 40
9228 8815 13
9228 9182 5
9228 8806 24
9228 8818 47
9228 9180 32
9228 8785 17
9228 8784 54
9228 9156 48
9236 9735 49
9236 8811 35
9236 8801 36
9236 8812 8
9236 8800 12
9236 8799 13
9236 9569 13
9236 8810 32
9236 9162 42
9236 8798 5
9236 8809 12
9236 8814 14
9236 8816 21
9236 9163 15
9236 8796 28
9236 8794 20
9236 8813 36
9236 8807 55
9236 8808 11
9236 9181 51
9236 9164 47
9236 9161 21
9236 8797 38
9236 8793 49
9236 8815 51
9236 9182 51
9236 8806 52
9236 8818 37
9236 9180 39
9236 8785 6
9236 8784 7
9236 9156 27
9240 9735 7
9240 8811 59
9240 8801 4
9240 8812 1
9240 8800 21
9240 8799 5
9240 9569 18
9240 8810 37
9240 9162 50
9240 8798 3
9240 8809 57
9240 8814 47
9240 8816 18
9240 9163 15
9240 8796 10
9240 8794 17
9240 8813 25
9240 8807 22
9240 8808 25
9240 9181 55
9240 9164 50
9240 9161 35
9240 8797 0
9240 8793 55
9240 8815 56
9240 9182 47
9240 8806 0
9240 8818 39
9240 9180 43
9240 8785 18
9240 8784 36
9240 9156 4
8844 9735 2
8844 8811 54
8844 8801 12
8844 8812 38
8844 8800 54
8844 8799 31
8844 9569 51
8844 8810 55
8844 9162 36
8844 8798 52
8844 8809 36
8844 8814 2
8844 8816 33
8844 9163 42
8844 8796 16
8844 8794 27
8844 8813 20
8844 8807 47
8844 8808 0
8844 9181 47
8844 9164 58
8844 9161 20
8844 8797 52
8844 8793 22
8844 8815 3
8844 9182 7
8844 8806 51
8844 8818 26
8844 9180 58
8844 8785 14
8844 8784 10
8844 9156 24
8846 9735 40
8846 8811 1
8846 8801 16
8846 8812 32
8846 8800 31
8846 8799 50
8846 9569 33
8846 8810 54
8846 9162 47
8846 8798 19
8846 8809 55
8846 8814 28
8846 8816 60
8846 9163 2
8846 8796 34
8846 8794 38
8846 8813 39
8846 8807 15
8846 8808 32
8846 9181 3
8846 9164 43
8846 9161 49
8846 8797 31
8846 8793 16
8846 8815 53
8846 9182 36
8846 8806 60
8846 8818 15
8846 9180 17
8846 8785 21
8846 8784 1
8846 9156 20
8885 9735 11
8885 8811 42
8885 8801 3
8885 8812 31
8885 8800 31
8885 8799 47
8885 9569 56
8885 8810 54
8885 9162 44
8885 8798 59
8885 8809 6
8885 8814 46
8885 8816 40
8885 9163 39
8885 8796 42
8885 8794 4
8885 8813 53
8885 8807 59
8885 8808 26
8885 9181 35
8885 9164 47
8885 9161 14
8885 8797 14
8885 8793 8
8885 8815 60
8885 9182 31
8885 8806 32
8885 8818 15
8885 9180 14
8885 8785 58
8885 8784 60
8885 9156 33
9296 9735 15
9296 8811 32
9296 8801 46
9296 8812 15
9296 8800 27
9296 8799 46
9296 9569 0
9296 8810 8
9296 9162 29
9296 8798 21
9296 8809 60
9296 8814 59
9296 8816 58
9296 9163 57
9296 8796 2
9296 8794 28
9296 8813 51
9296 8807 31
9296 8808 0
9296 9181 53
9296 9164 24
9296 9161 52
9296 8797 1
9296 8793 34
9296 8815 37
9296 9182 36
9296 8806 21
9296 8818 16
9296 9180 38
9296 8785 13
9296 8784 58
9296 9156 23
9298 9735 9
9298 8811 17
9298 8801 38
9298 8812 22
9298 8800 15
9298 8799 42
9298 9569 49
9298 8810 0
9298 9162 49
9298 8798 50
9298 8809 5
9298 8814 5
9298 8816 13
9298 9163 50
9298 8796 46
9298 8794 56
9298 8813 60
9298 8807 48
9298 8808 11
9298 9181 18
9298 9164 27
9298 9161 43
9298 8797 13
9298 8793 9
9298 8815 48
9298 9182 44
9298 8806 42
9298 8818 21
9298 9180 9
9298 8785 25
9298 8784 15
9298 9156 57
9301 9735 43
9301 8811 48
9301 8801 38
9301 8812 33
9301 8800 48
9301 8799 40
9301 9569 5
9301 8810 49
9301 9162 42
9301 8798 36
9301 8809 6
9301 8814 1
9301 8816 42
9301 9163 7
9301 8796 32
9301 8794 7
9301 8813 37
9301 8807 13
9301 8808 50
9301 9181 50
9301 9164 50
9301 9161 1
9301 8797 37
9301 8793 12
9301 8815 57
9301 9182 31
9301 8806 27
9301 8818 15
9301 9180 22
9301 8785 17
9301 8784 18
9301 9156 50
9243 9735 57
9243 8811 2
9243 8801 52
9243 8812 19
9243 8800 20
9243 8799 36
9243 9569 35
9243 8810 16
9243 9162 54
9243 8798 20
9243 8809 36
9243 8814 22
9243 8816 42
9243 9163 23
9243 8796 10
9243 8794 54
9243 8813 37
9243 8807 5
9243 8808 10
9243 9181 21
9243 9164 13
9243 9161 43
9243 8797 36
9243 8793 35
9243 8815 39
9243 9182 8
9243 8806 9
9243 8818 48
9243 9180 47
9243 8785 26
9243 8784 16
9243 9156 34
9259 9735 6
9259 8811 42
9259 8801 6
9259 8812 2
9259 8800 6
9259 8799 38
9259 9569 23
9259 8810 2
9259 9162 44
9259 8798 52
9259 8809 16
9259 8814 31
9259 8816 41
9259 9163 23
9259 8796 32
9259 8794 40
9259 8813 28
9259 8807 6
9259 8808 29
9259 9181 2
9259 9164 6
9259 9161 9
9259 8797 40
9259 8793 45
9259 8815 2
9259 9182 53
9259 8806 15
9259 8818 41
9259 9180 0
9259 8785 49
9259 8784 31
9259 9156 36
9269 9735 53
9269 8811 37
9269 8801 28
9269 8812 22
9269 8800 40
9269 8799 37
9269 9569 36
9269 8810 57
9269 9162 59
9269 8798 15
9269 8809 9
9269 8814 59
9269 8816 48
9269 9163 48
9269 8796 49
9269 8794 50
9269 8813 42
9269 8807 38
9269 8808 3
9269 9181 39
9269 9164 38
9269 9161 4
9269 8797 16
9269 8793 1
9269 8815 22
9269 9182 50
9269 8806 50
9269 8818 54
9269 9180 11
9269 8785 19
9269 8784 7
9269 9156 19
8840 9735 55
8840 8811 41
8840 8801 52
8840 8812 43
8840 8800 45
8840 8799 42
8840 9569 38
8840 8810 50
8840 9162 14
8840 8798 1
8840 8809 45
8840 8814 16
8840 8816 26
8840 9163 44
8840 8796 36
8840 8794 51
8840 8813 60
8840 8807 58
8840 8808 10
8840 9181 13
8840 9164 11
8840 9161 57
8840 8797 58
8840 8793 45
8840 8815 41
8840 9182 35
8840 8806 11
8840 8818 53
8840 9180 5
8840 8785 48
8840 8784 7
8840 9156 33
8836 9735 25
8836 8811 46
8836 8801 60
8836 8812 31
8836 8800 4
8836 8799 41
8836 9569 31
8836 8810 24
8836 9162 46
8836 8798 57
8836 8809 7
8836 8814 9
8836 8816 30
8836 9163 18
8836 8796 14
8836 8794 38
8836 8813 1
8836 8807 25
8836 8808 29
8836 9181 54
8836 9164 25
8836 9161 7
8836 8797 37
8836 8793 59
8836 8815 42
8836 9182 18
8836 8806 45
8836 8818 14
8836 9180 38
8836 8785 7
8836 8784 27
8836 9156 4
8839 9735 28
8839 8811 9
8839 8801 18
8839 8812 50
8839 8800 10
8839 8799 55
8839 9569 15
8839 8810 20
8839 9162 39
8839 8798 58
8839 8809 18
8839 8814 27
8839 8816 5
8839 9163 55
8839 8796 59
8839 8794 12
8839 8813 30
8839 8807 13
8839 8808 35
8839 9181 16
8839 9164 36
8839 9161 38
8839 8797 19
8839 8793 21
8839 8815 15
8839 9182 8
8839 8806 37
8839 8818 4
8839 9180 11
8839 8785 6
8839 8784 23
8839 9156 44
9227 9735 11
9227 8811 13
9227 8801 39
9227 8812 15
9227 8800 51
9227 8799 1
9227 9569 7
9227 8810 28
9227 9162 0
9227 8798 31
9227 8809 40
9227 8814 59
9227 8816 25
9227 9163 39
9227 8796 39
9227 8794 12
9227 8813 44
9227 8807 16
9227 8808 1
9227 9181 26
9227 9164 40
9227 9161 24
9227 8797 36
9227 8793 55
9227 8815 11
9227 9182 1
9227 8806 35
9227 8818 20
9227 9180 51
9227 8785 46
9227 8784 28
9227 9156 44
