5750 5557 19
5750 5557 7
5750 5557 38
5750 5557 35
5750 5528 13
5750 5528 31
5750 5528 20
5750 5528 54
5750 5486 26
5750 5486 35
5750 5486 0
5750 5486 56
5750 5488 24
5750 5488 17
5750 5488 29
5750 5488 46
5750 5559 12
5750 5559 45
5750 5559 47
5750 5559 9
5750 5526 45
5750 5526 34
5750 5526 29
5750 5526 34
5750 5458 0
5750 5458 19
5750 5458 7
5750 5458 46
5750 5561 12
5750 5561 48
5750 5561 12
5750 5561 24
5750 5485 46
5750 5485 15
5750 5485 34
5750 5485 54
5750 5449 8
5750 5449 15
5750 5449 11
5750 5449 48
5750 5487 56
5750 5487 6
5750 5487 31
5750 5487 21
5750 5558 2
5750 5558 48
5750 5558 26
5750 5558 28
5750 5560 1
5750 5560 39
5750 5560 24
5750 5560 19
5750 5527 19
5750 5527 53
5750 5527 29
5750 5527 41
5750 5457 45
5750 5457 52
5750 5457 1
5750 5457 4
5750 5539 30
5750 5539 60
5750 5539 59
5750 5539 25
5750 5448 58
5750 5448 56
5750 5448 32
5750 5448 23
5750 5484 36
5750 5484 49
5750 5484 15
5750 5484 32
5750 5450 16
5750 5450 47
5750 5450 55
5750 5450 16
5750 5483 6
5750 5483 18
5750 5483 6
5750 5483 22
5750 5489 44
5750 5489 20
5750 5489 40
5750 5489 32
5750 5503 52
5750 5503 4
5750 5503 54
5750 5503 27
5750 5564 36
5750 5564 54
5750 5564 37
5750 5564 25
5750 5562 3
5750 5562 48
5750 5562 2
5750 5562 39
5750 5538 43
5750 5538 20
5750 5538 23
5750 5538 56
5750 5456 8
5750 5456 31
5750 5456 28
5750 5456 27
5750 5529 60
5750 5529 44
5750 5529 43
5750 5529 30
5750 5536 13
5750 5536 19
5750 5536 24
5750 5536 20
5750 5446 34
5750 5446 51
5750 5446 58
5750 5446 6
5750 5464 55
5750 5464 26
5750 5464 49
5750 5464 43
5750 5451 20
5750 5451 31
5750 5451 18
5750 5451 37
5750 5463 21
5750 5463 24
5750 5463 10
5750 5463 51
5740 5557 51
5740 5557 41
5740 5557 28
5740 5557 15
5740 5528 19
5740 5528 21
5740 5528 30
5740 5528 2
5740 5486 57
5740 5486 17
5740 5486 29
5740 5486 21
5740 5488 49
5740 5488 38
5740 5488 29
5740 5488 44
5740 5559 32
5740 5559 10
5740 5559 5
5740 5559 57
5740 5526 7
5740 5526 13
5740 5526 54
5740 5526 52
5740 5458 3
5740 5458 22
5740 5458 26
5740 5458 22
5740 5561 12
5740 5561 40
5740 5561 13
5740 5561 26
5740 5485 16
5740 5485 43
5740 5485 5
5740 5485 19
5740 5449 43
5740 5449 14
5740 5449 15
5740 5449 16
5740 5487 28
5740 5487 38
5740 5487 25
5740 5487 7
5740 5558 44
5740 5558 7
5740 5558 47
5740 5558 12
5740 5560 6
5740 5560 31
5740 5560 5
5740 5560 11
5740 5527 3
5740 5527 30
5740 5527 58
5740 5527 58
5740 5457 13
5740 5457 7
5740 5457 59
5740 5457 12
5740 5539 0
5740 5539 3
5740 5539 46
5740 5539 16
5740 5448 9
5740 5448 56
5740 5448 54
5740 5448 4
5740 5484 28
5740 5484 51
5740 5484 18
5740 5484 27
5740 5450 44
5740 5450 30
5740 5450 41
5740 5450 34
5740 5483 17
5740 5483 52
5740 5483 1
5740 5483 23
5740 5489 60
5740 5489 23
5740 5489 56
5740 5489 38
5740 5503 53
5740 5503 35
5740 5503 33
5740 5503 41
5740 5564 16
5740 5564 42
5740 5564 5
5740 5564 9
5740 5562 35
5740 5562 32
5740 5562 47
5740 5562 33
5740 5538 46
5740 5538 10
5740 5538 42
5740 5538 38
5740 5456 42
5740 5456 0
5740 5456 24
5740 5456 25
5740 5529 14
5740 5529 32
5740 5529 14
5740 5529 5
5740 5536 3
5740 5536 24
5740 5536 8
5740 5536 11
5740 5446 2
5740 5446 19
5740 5446 37
5740 5446 55
5740 5464 7
5740 5464 9
5740 5464 42
5740 5464 5
5740 5451 17
5740 5451 14
5740 5451 11
5740 5451 48
5740 5463 50
5740 5463 25
5740 5463 59
5740 5463 46
5736 5557 37
5736 5557 54
5736 5557 52
5736 5557 59
5736 5528 46
5736 5528 39
5736 5528 52
5736 5528 52
5736 5486 9
5736 5486 43
5736 5486 7
5736 5486 28
5736 5488 1
5736 5488 57
5736 5488 13
5736 5488 54
5736 5559 52
5736 5559 29
5736 5559 54
5736 5559 43
5736 5526 33
5736 5526 14
5736 5526 15
5736 5526 17
5736 5458 9
5736 5458 2
5736 5458 6
5736 5458 7
5736 5561 12
5736 5561 1
5736 5561 23
5736 5561 34
5736 5485 45
5736 5485 1
5736 5485 60
5736 5485 27
5736 5449 39
5736 5449 37
5736 5449 26
5736 5449 23
5736 5487 22
5736 5487 37
5736 5487 46
5736 5487 29
5736 5558 10
5736 5558 23
5736 5558 34
5736 5558 5
5736 5560 33
5736 5560 29
5736 5560 16
5736 5560 38
5736 5527 17
5736 5527 23
5736 5527 11
5736 5527 40
5736 5457 43
5736 5457 36
5736 5457 10
5736 5457 10
5736 5539 3
5736 5539 34
5736 5539 54
5736 5539 34
5736 5448 19
5736 5448 30
5736 5448 39
5736 5448 57
5736 5484 13
5736 5484 22
5736 5484 30
5736 5484 45
5736 5450 43
5736 5450 54
5736 5450 42
5736 5450 58
5736 5483 33
5736 5483 32
5736 5483 49
5736 5483 22
5736 5489 51
5736 5489 0
5736 5489 35
5736 5489 57
5736 5503 58
5736 5503 8
5736 5503 47
5736 5503 33
5736 5564 10
5736 5564 5
5736 5564 22
5736 5564 27
5736 5562 0
5736 5562 35
5736 5562 18
5736 5562 16
5736 5538 37
5736 5538 47
5736 5538 26
5736 5538 26
5736 5456 25
5736 5456 3
5736 5456 52
5736 5456 2
5736 5529 37
5736 5529 22
5736 5529 50
5736 5529 52
5736 5536 32
5736 5536 8
5736 5536 27
5736 5536 11
5736 5446 44
5736 5446 59
5736 5446 25
5736 5446 8
5736 5464 3
5736 5464 7
5736 5464 5
5736 5464 57
5736 5451 58
5736 5451 47
5736 5451 53
5736 5451 27
5736 5463 57
5736 5463 53
5736 5463 8
5736 5463 10
5757 5557 22
5757 5557 26
5757 5557 55
5757 5557 43
5757 5528 2
5757 5528 11
5757 5528 44
5757 5528 60
5757 5486 43
5757 5486 26
5757 5486 44
5757 5486 10
5757 5488 22
5757 5488 2
5757 5488 25
5757 5488 44
5757 5559 16
5757 5559 39
5757 5559 19
5757 5559 22
5757 5526 18
5757 5526 10
5757 5526 34
5757 5526 48
5757 5458 59
5757 5458 42
5757 5458 54
5757 5458 38
5757 5561 58
5757 5561 24
5757 5561 51
5757 5561 17
5757 5485 13
5757 5485 48
5757 5485 59
5757 5485 21
5757 5449 48
5757 5449 50
5757 5449 17
5757 5449 31
5757 5487 28
5757 5487 57
5757 5487 33
5757 5487 5
5757 5558 29
5757 5558 4
5757 5558 43
5757 5558 6
5757 5560 50
5757 5560 26
5757 5560 22
5757 5560 51
5757 5527 3
5757 5527 50
5757 5527 0
5757 5527 1
5757 5457 32
5757 5457 31
5757 5457 8
5757 5457 7
5757 5539 58
5757 5539 2
5757 5539 35
5757 5539 54
5757 5448 46
5757 5448 35
5757 5448 35
5757 5448 46
5757 5484 57
5757 5484 47
5757 5484 11
5757 5484 10
5757 5450 59
5757 5450 39
5757 5450 21
5757 5450 6
5757 5483 21
5757 5483 20
5757 5483 19
5757 5483 2
5757 5489 31
5757 5489 5
5757 5489 6
5757 5489 10
5757 5503 54
5757 5503 58
5757 5503 1
5757 5503 45
5757 5564 3
5757 5564 17
5757 5564 47
5757 5564 10
5757 5562 25
5757 5562 34
5757 5562 16
5757 5562 8
5757 5538 30
5757 5538 9
5757 5538 56
5757 5538 17
5757 5456 24
5757 5456 7
5757 5456 7
5757 5456 16
5757 5529 43
5757 5529 29
5757 5529 17
5757 5529 14
5757 5536 42
5757 5536 54
5757 5536 43
5757 5536 28
5757 5446 38
5757 5446 53
5757 5446 44
5757 5446 38
5757 5464 38
5757 5464 44
5757 5464 31
5757 5464 37
5757 5451 49
5757 5451 10
5757 5451 34
5757 5451 27
5757 5463 56
5757 5463 25
5757 5463 17
5757 5463 14
5759 5557 56
5759 5557 6
5759 5557 45
5759 5557 45
5759 5528 49
5759 5528 46
5759 5528 6
5759 5528 30
5759 5486 36
5759 5486 28
5759 5486 53
5759 5486 27
5759 5488 59
5759 5488 48
5759 5488 31
5759 5488 41
5759 5559 52
5759 5559 14
5759 5559 18
5759 5559 19
5759 5526 13
5759 5526 45
5759 5526 56
5759 5526 60
5759 5458 34
5759 5458 58
5759 5458 52
5759 5458 29
5759 5561 16
5759 5561 56
5759 5561 24
5759 5561 54
5759 5485 3
5759 5485 28
5759 5485 11
5759 5485 41
5759 5449 35
5759 5449 19
5759 5449 3
5759 5449 44
5759 5487 23
5759 5487 19
5759 5487 54
5759 5487 22
5759 5558 20
5759 5558 52
5759 5558 0
5759 5558 47
5759 5560 9
5759 5560 58
5759 5560 8
5759 5560 13
5759 5527 33
5759 5527 41
5759 5527 14
5759 5527 53
5759 5457 34
5759 5457 49
5759 5457 58
5759 5457 33
5759 5539 16
5759 5539 34
5759 5539 26
5759 5539 55
5759 5448 38
5759 5448 19
5759 5448 22
5759 5448 44
5759 5484 30
5759 5484 46
5759 5484 3
5759 5484 49
5759 5450 20
5759 5450 47
5759 5450 12
5759 5450 48
5759 5483 1
5759 5483 50
5759 5483 39
5759 5483 13
5759 5489 16
5759 5489 24
5759 5489 11
5759 5489 41
5759 5503 31
5759 5503 32
5759 5503 10
5759 5503 3
5759 5564 17
5759 5564 20
5759 5564 22
5759 5564 6
5759 5562 6
5759 5562 17
5759 5562 38
5759 5562 48
5759 5538 34
5759 5538 21
5759 5538 25
5759 5538 40
5759 5456 41
5759 5456 48
5759 5456 58
5759 5456 5
5759 5529 29
5759 5529 57
5759 5529 2
5759 5529 32
5759 5536 55
5759 5536 56
5759 5536 43
5759 5536 45
5759 5446 9
5759 5446 60
5759 5446 6
5759 5446 27
5759 5464 31
5759 5464 23
5759 5464 18
5759 5464 27
5759 5451 12
5759 5451 33
5759 5451 37
5759 5451 21
5759 5463 21
5759 5463 50
5759 5463 29
5759 5463 53
5739 5557 14
5739 5557 51
5739 5557 41
5739 5557 37
5739 5528 42
5739 5528 29
5739 5528 59
5739 5528 3
5739 5486 49
5739 5486 43
5739 5486 58
5739 5486 17
5739 5488 52
5739 5488 42
5739 5488 14
5739 5488 1
5739 5559 51
5739 5559 50
5739 5559 23
5739 5559 26
5739 5526 54
5739 5526 31
5739 5526 8
5739 5526 57
5739 5458 38
5739 5458 7
5739 5458 42
5739 5458 51
5739 5561 56
5739 5561 31
5739 5561 43
5739 5561 22
5739 5485 39
5739 5485 28
5739 5485 9
5739 5485 49
5739 5449 60
5739 5449 40
5739 5449 26
5739 5449 3
5739 5487 9
5739 5487 38
5739 5487 5
5739 5487 31
5739 5558 23
5739 5558 60
5739 5558 16
5739 5558 15
5739 5560 20
5739 5560 14
5739 5560 48
5739 5560 31
5739 5527 12
5739 5527 26
5739 5527 3
5739 5527 53
5739 5457 29
5739 5457 0
5739 5457 49
5739 5457 28
5739 5539 38
5739 5539 24
5739 5539 56
5739 5539 32
5739 5448 57
5739 5448 10
5739 5448 32
5739 5448 36
5739 5484 40
5739 5484 0
5739 5484 37
5739 5484 0
5739 5450 33
5739 5450 52
5739 5450 29
5739 5450 57
5739 5483 43
5739 5483 25
5739 5483 10
5739 5483 16
5739 5489 27
5739 5489 18
5739 5489 48
5739 5489 37
5739 5503 51
5739 5503 39
5739 5503 6
5739 5503 23
5739 5564 42
5739 5564 39
5739 5564 15
5739 5564 43
5739 5562 20
5739 5562 21
5739 5562 54
5739 5562 18
5739 5538 48
5739 5538 12
5739 5538 31
5739 5538 36
5739 5456 17
5739 5456 29
5739 5456 35
5739 5456 22
5739 5529 25
5739 5529 27
5739 5529 6
5739 5529 2
5739 5536 40
5739 5536 12
5739 5536 52
5739 5536 5
5739 5446 40
5739 5446 55
5739 5446 59
5739 5446 50
5739 5464 21
5739 5464 5
5739 5464 29
5739 5464 30
5739 5451 51
5739 5451 17
5739 5451 52
5739 5451 37
5739 5463 6
5739 5463 18
5739 5463 0
5739 5463 30
5734 5557 49
5734 5557 28
5734 5557 11
5734 5557 29
5734 5528 11
5734 5528 14
5734 5528 3
5734 5528 55
5734 5486 51
5734 5486 27
5734 5486 10
5734 5486 25
5734 5488 14
5734 5488 46
5734 5488 29
5734 5488 3
5734 5559 50
5734 5559 23
5734 5559 45
5734 5559 43
5734 5526 46
5734 5526 9
5734 5526 59
5734 5526 54
5734 5458 12
5734 5458 60
5734 5458 48
5734 5458 28
5734 5561 58
5734 5561 35
5734 5561 35
5734 5561 28
5734 5485 8
5734 5485 8
5734 5485 51
5734 5485 0
5734 5449 2
5734 5449 1
5734 5449 11
5734 5449 30
5734 5487 1
5734 5487 4
5734 5487 59
5734 5487 1
5734 5558 0
5734 5558 49
5734 5558 38
5734 5558 44
5734 5560 14
5734 5560 55
5734 5560 9
5734 5560 52
5734 5527 27
5734 5527 12
5734 5527 31
5734 5527 7
5734 5457 53
5734 5457 8
5734 5457 27
5734 5457 16
5734 5539 48
5734 5539 59
5734 5539 39
5734 5539 54
5734 5448 59
5734 5448 49
5734 5448 17
5734 5448 1
5734 5484 37
5734 5484 49
5734 5484 40
5734 5484 6
5734 5450 46
5734 5450 55
5734 5450 34
5734 5450 26
5734 5483 27
5734 5483 49
5734 5483 23
5734 5483 24
5734 5489 25
5734 5489 30
5734 5489 19
5734 5489 20
5734 5503 47
5734 5503 30
5734 5503 12
5734 5503 13
5734 5564 15
5734 5564 29
5734 5564 47
5734 5564 12
5734 5562 59
5734 5562 54
5734 5562 31
5734 5562 18
5734 5538 15
5734 5538 59
5734 5538 36
5734 5538 48
5734 5456 42
5734 5456 12
5734 5456 3
5734 5456 0
5734 5529 34
5734 5529 2
5734 5529 35
5734 5529 3
5734 5536 28
5734 5536 6
5734 5536 2
5734 5536 55
5734 5446 34
5734 5446 47
5734 5446 11
5734 5446 21
5734 5464 28
5734 5464 27
5734 5464 49
5734 5464 12
5734 5451 35
5734 5451 48
5734 5451 20
5734 5451 41
5734 5463 7
5734 5463 22
5734 5463 45
5734 5463 1
5758 5557 7
5758 5557 53
5758 5557 51
5758 5557 4
5758 5528 43
5758 5528 51
5758 5528 10
5758 5528 26
5758 5486 15
5758 5486 34
5758 5486 58
5758 5486 18
5758 5488 10
5758 5488 7
5758 5488 28
5758 5488 1
5758 5559 24
5758 5559 40
5758 5559 41
5758 5559 47
5758 5526 0
5758 5526 11
5758 5526 33
5758 5526 15
5758 5458 56
5758 5458 11
5758 5458 10
5758 5458 24
5758 5561 26
5758 5561 24
5758 5561 58
5758 5561 52
5758 5485 52
5758 5485 29
5758 5485 51
5758 5485 53
5758 5449 35
5758 5449 9
5758 5449 29
5758 5449 53
5758 5487 32
5758 5487 15
5758 5487 32
5758 5487 29
5758 5558 60
5758 5558 53
5758 5558 26
5758 5558 56
5758 5560 54
5758 5560 42
5758 5560 57
5758 5560 19
5758 5527 55
5758 5527 38
5758 5527 49
5758 5527 37
5758 5457 2
5758 5457 27
5758 5457 45
5758 5457 16
5758 5539 29
5758 5539 26
5758 5539 38
5758 5539 3
5758 5448 32
5758 5448 58
5758 5448 20
5758 5448 42
5758 5484 13
5758 5484 45
5758 5484 8
5758 5484 23
5758 5450 15
5758 5450 44
5758 5450 14
5758 5450 10
5758 5483 32
5758 5483 1
5758 5483 51
5758 5483 50
5758 5489 8
5758 5489 26
5758 5489 12
5758 5489 30
5758 5503 31
5758 5503 36
5758 5503 28
5758 5503 55
5758 5564 26
5758 5564 53
5758 5564 27
5758 5564 52
5758 5562 38
5758 5562 35
5758 5562 22
5758 5562 48
5758 5538 38
5758 5538 52
5758 5538 34
5758 5538 55
5758 5456 13
5758 5456 32
5758 5456 6
5758 5456 40
5758 5529 8
5758 5529 20
5758 5529 52
5758 5529 5
5758 5536 13
5758 5536 44
5758 5536 59
5758 5536 40
5758 5446 27
5758 5446 18
5758 5446 21
5758 5446 45
5758 5464 29
5758 5464 12
5758 5464 5
5758 5464 56
5758 5451 51
5758 5451 8
5758 5451 5
5758 5451 23
5758 5463 8
5758 5463 46
5758 5463 37
5758 5463 39
5737 5557 45
5737 5557 6
5737 5557 30
5737 5557 58
5737 5528 56
5737 5528 59
5737 5528 39
5737 5528 25
5737 5486 23
5737 5486 41
5737 5486 51
5737 5486 15
5737 5488 35
5737 5488 17
5737 5488 34
5737 5488 25
5737 5559 30
5737 5559 27
5737 5559 59
5737 5559 17
5737 5526 14
5737 5526 29
5737 5526 9
5737 5526 17
5737 5458 32
5737 5458 24
5737 5458 35
5737 5458 10
5737 5561 18
5737 5561 44
5737 5561 9
5737 5561 37
5737 5485 35
5737 5485 38
5737 5485 32
5737 5485 0
5737 5449 38
5737 5449 34
5737 5449 49
5737 5449 51
5737 5487 33
5737 5487 10
5737 5487 45
5737 5487 4
5737 5558 43
5737 5558 57
5737 5558 35
5737 5558 4
5737 5560 51
5737 5560 8
5737 5560 53
5737 5560 57
5737 5527 6
5737 5527 19
5737 5527 36
5737 5527 48
5737 5457 50
5737 5457 6
5737 5457 17
5737 5457 11
5737 5539 5
5737 5539 3
5737 5539 25
5737 5539 6
5737 5448 31
5737 5448 48
5737 5448 49
5737 5448 45
5737 5484 33
5737 5484 58
5737 5484 58
5737 5484 38
5737 5450 1
5737 5450 19
5737 5450 23
5737 5450 20
5737 5483 35
5737 5483 46
5737 5483 40
5737 5483 42
5737 5489 13
5737 5489 31
5737 5489 26
5737 5489 10
5737 5503 3
5737 5503 36
5737 5503 13
5737 5503 18
5737 5564 4
5737 5564 17
5737 5564 27
5737 5564 47
5737 5562 11
5737 5562 6
5737 5562 20
5737 5562 17
5737 5538 58
5737 5538 23
5737 5538 40
5737 5538 42
5737 5456 37
5737 5456 56
5737 5456 28
5737 5456 29
5737 5529 37
5737 5529 55
5737 5529 37
5737 5529 22
5737 5536 16
5737 5536 12
5737 5536 35
5737 5536 58
5737 5446 54
5737 5446 33
5737 5446 26
5737 5446 18
5737 5464 25
5737 5464 26
5737 5464 12
5737 5464 2
5737 5451 45
5737 5451 28
5737 5451 52
5737 5451 26
5737 5463 58
5737 5463 45
5737 5463 40
5737 5463 34
5748 5557 6
5748 5557 48
5748 5557 27
5748 5557 12
5748 5528 35
5748 5528 43
5748 5528 49
5748 5528 49
5748 5486 10
5748 5486 29
5748 5486 33
5748 5486 16
5748 5488 51
5748 5488 55
5748 5488 53
5748 5488 2
5748 5559 43
5748 5559 52
5748 5559 1
5748 5559 45
5748 5526 49
5748 5526 14
5748 5526 29
5748 5526 26
5748 5458 51
5748 5458 15
5748 5458 15
5748 5458 60
5748 5561 4
5748 5561 31
5748 5561 57
5748 5561 31
5748 5485 2
5748 5485 8
5748 5485 20
5748 5485 42
5748 5449 14
5748 5449 31
5748 5449 43
5748 5449 28
5748 5487 22
5748 5487 46
5748 5487 6
5748 5487 3
5748 5558 35
5748 5558 18
5748 5558 3
5748 5558 44
5748 5560 34
5748 5560 45
5748 5560 18
5748 5560 23
5748 5527 42
5748 5527 1
5748 5527 9
5748 5527 33
5748 5457 52
5748 5457 40
5748 5457 27
5748 5457 15
5748 5539 21
5748 5539 15
5748 5539 38
5748 5539 26
5748 5448 47
5748 5448 14
5748 5448 39
5748 5448 43
5748 5484 40
5748 5484 35
5748 5484 37
5748 5484 40
5748 5450 13
5748 5450 14
5748 5450 20
5748 5450 8
5748 5483 49
5748 5483 4
5748 5483 49
5748 5483 29
5748 5489 20
5748 5489 11
5748 5489 54
5748 5489 9
5748 5503 19
5748 5503 55
5748 5503 1
5748 5503 27
5748 5564 17
5748 5564 0
5748 5564 30
5748 5564 0
5748 5562 58
5748 5562 36
5748 5562 60
5748 5562 9
5748 5538 17
5748 5538 16
5748 5538 26
5748 5538 2
5748 5456 19
5748 5456 7
5748 5456 17
5748 5456 25
5748 5529 42
5748 5529 3
5748 5529 54
5748 5529 21
5748 5536 55
5748 5536 8
5748 5536 19
5748 5536 4
5748 5446 19
5748 5446 55
5748 5446 45
5748 5446 40
5748 5464 30
5748 5464 60
5748 5464 10
5748 5464 10
5748 5451 37
5748 5451 42
5748 5451 28
5748 5451 12
5748 5463 21
5748 5463 39
5748 5463 31
5748 5463 44
5760 5557 20
5760 5557 6
5760 5557 60
5760 5557 18
5760 5528 43
5760 5528 36
5760 5528 60
5760 5528 20
5760 5486 13
5760 5486 18
5760 5486 30
5760 5486 7
5760 5488 2
5760 5488 49
5760 5488 41
5760 5488 40
5760 5559 58
5760 5559 49
5760 5559 2
5760 5559 9
5760 5526 6
5760 5526 0
5760 5526 51
5760 5526 46
5760 5458 18
5760 5458 10
5760 5458 40
5760 5458 8
5760 5561 0
5760 5561 53
5760 5561 4
5760 5561 17
5760 5485 26
5760 5485 16
5760 5485 27
5760 5485 23
5760 5449 49
5760 5449 24
5760 5449 58
5760 5449 16
5760 5487 5
5760 5487 5
5760 5487 31
5760 5487 45
5760 5558 57
5760 5558 60
5760 5558 44
5760 5558 10
5760 5560 0
5760 5560 34
5760 5560 52
5760 5560 16
5760 5527 41
5760 5527 13
5760 5527 11
5760 5527 56
5760 5457 10
5760 5457 11
5760 5457 53
5760 5457 9
5760 5539 32
5760 5539 14
5760 5539 18
5760 5539 53
5760 5448 1
5760 5448 7
5760 5448 30
5760 5448 32
5760 5484 25
5760 5484 35
5760 5484 37
5760 5484 58
5760 5450 52
5760 5450 59
5760 5450 35
5760 5450 8
5760 5483 18
5760 5483 42
5760 5483 54
5760 5483 22
5760 5489 14
5760 5489 43
5760 5489 6
5760 5489 22
5760 5503 10
5760 5503 33
5760 5503 18
5760 5503 52
5760 5564 25
5760 5564 38
5760 5564 33
5760 5564 55
5760 5562 45
5760 5562 6
5760 5562 2
5760 5562 25
5760 5538 15
5760 5538 25
5760 5538 32
5760 5538 39
5760 5456 30
5760 5456 14
5760 5456 50
5760 5456 0
5760 5529 20
5760 5529 30
5760 5529 24
5760 5529 37
5760 5536 1
5760 5536 9
5760 5536 34
5760 5536 10
5760 5446 42
5760 5446 0
5760 5446 34
5760 5446 49
5760 5464 1
5760 5464 16
5760 5464 8
5760 5464 4
5760 5451 8
5760 5451 27
5760 5451 5
5760 5451 15
5760 5463 19
5760 5463 4
5760 5463 45
5760 5463 34
5753 5557 56
5753 5557 47
5753 5557 33
5753 5557 55
5753 5528 45
5753 5528 59
5753 5528 16
5753 5528 39
5753 5486 24
5753 5486 55
5753 5486 47
5753 5486 50
5753 5488 48
5753 5488 44
5753 5488 27
5753 5488 10
5753 5559 44
5753 5559 59
5753 5559 17
5753 5559 48
5753 5526 26
5753 5526 33
5753 5526 56
5753 5526 45
5753 5458 30
5753 5458 6
5753 5458 10
5753 5458 13
5753 5561 42
5753 5561 50
5753 5561 24
5753 5561 55
5753 5485 51
5753 5485 17
5753 5485 52
5753 5485 8
5753 5449 2
5753 5449 44
5753 5449 2
5753 5449 9
5753 5487 21
5753 5487 10
5753 5487 43
5753 5487 1
5753 5558 57
5753 5558 20
5753 5558 10
5753 5558 1
5753 5560 41
5753 5560 11
5753 5560 12
5753 5560 29
5753 5527 55
5753 5527 19
5753 5527 44
5753 5527 34
5753 5457 13
5753 5457 42
5753 5457 44
5753 5457 37
5753 5539 55
5753 5539 48
5753 5539 6
5753 5539 57
5753 5448 43
5753 5448 50
5753 5448 25
5753 5448 5
5753 5484 2
5753 5484 43
5753 5484 16
5753 5484 10
5753 5450 58
5753 5450 31
5753 5450 60
5753 5450 6
5753 5483 22
5753 5483 20
5753 5483 34
5753 5483 17
5753 5489 18
5753 5489 18
5753 5489 60
5753 5489 18
5753 5503 30
5753 5503 40
5753 5503 57
5753 5503 38
5753 5564 57
5753 5564 35
5753 5564 48
5753 5564 44
5753 5562 8
5753 5562 36
5753 5562 48
5753 5562 29
5753 5538 44
5753 5538 3
5753 5538 7
5753 5538 41
5753 5456 52
5753 5456 53
5753 5456 47
5753 5456 39
5753 5529 50
5753 5529 26
5753 5529 14
5753 5529 5
5753 5536 17
5753 5536 56
5753 5536 46
5753 5536 29
5753 5446 26
5753 5446 12
5753 5446 10
5753 5446 49
5753 5464 58
5753 5464 45
5753 5464 47
5753 5464 7
5753 5451 0
5753 5451 29
5753 5451 4
5753 5451 44
5753 5463 42
5753 5463 28
5753 5463 21
5753 5463 30
5762 5557 45
5762 5557 15
5762 5557 2
5762 5557 48
5762 5528 42
5762 5528 33
5762 5528 56
5762 5528 39
5762 5486 2
5762 5486 35
5762 5486 2
5762 5486 38
5762 5488 19
5762 5488 34
5762 5488 17
5762 5488 11
5762 5559 4
5762 5559 5
5762 5559 10
5762 5559 34
5762 5526 5
5762 5526 14
5762 5526 24
5762 5526 22
5762 5458 28
5762 5458 13
5762 5458 14
5762 5458 26
5762 5561 47
5762 5561 29
5762 5561 52
5762 5561 46
5762 5485 14
5762 5485 9
5762 5485 46
5762 5485 11
5762 5449 27
5762 5449 22
5762 5449 35
5762 5449 47
5762 5487 20
5762 5487 13
5762 5487 34
5762 5487 10
5762 5558 48
5762 5558 54
5762 5558 21
5762 5558 45
5762 5560 3
5762 5560 38
5762 5560 39
5762 5560 23
5762 5527 52
5762 5527 27
5762 5527 3
5762 5527 0
5762 5457 56
5762 5457 25
5762 5457 22
5762 5457 17
5762 5539 45
5762 5539 3
5762 5539 60
5762 5539 14
5762 5448 28
5762 5448 13
5762 5448 35
5762 5448 13
5762 5484 11
5762 5484 20
5762 5484 26
5762 5484 29
5762 5450 13
5762 5450 55
5762 5450 15
5762 5450 27
5762 5483 46
5762 5483 34
5762 5483 34
5762 5483 23
5762 5489 28
5762 5489 33
5762 5489 0
5762 5489 44
5762 5503 35
5762 5503 10
5762 5503 58
5762 5503 19
5762 5564 44
5762 5564 0
5762 5564 15
5762 5564 8
5762 5562 45
5762 5562 28
5762 5562 59
5762 5562 18
5762 5538 35
5762 5538 39
5762 5538 52
5762 5538 34
5762 5456 22
5762 5456 21
5762 5456 6
5762 5456 35
5762 5529 5
5762 5529 25
5762 5529 60
5762 5529 25
5762 5536 53
5762 5536 43
5762 5536 19
5762 5536 52
5762 5446 14
5762 5446 6
5762 5446 51
5762 5446 28
5762 5464 51
5762 5464 23
5762 5464 6
5762 5464 37
5762 5451 46
5762 5451 24
5762 5451 31
5762 5451 38
5762 5463 43
5762 5463 46
5762 5463 44
5762 5463 38
5738 5557 44
5738 5557 34
5738 5557 28
5738 5557 48
5738 5528 52
5738 5528 49
5738 5528 0
5738 5528 21
5738 5486 11
5738 5486 20
5738 5486 44
5738 5486 26
5738 5488 7
5738 5488 58
5738 5488 50
5738 5488 20
5738 5559 17
5738 5559 53
5738 5559 55
5738 5559 34
5738 5526 55
5738 5526 23
5738 5526 0
5738 5526 38
5738 5458 42
5738 5458 26
5738 5458 47
5738 5458 9
5738 5561 1
5738 5561 31
5738 5561 51
5738 5561 27
5738 5485 38
5738 5485 7
5738 5485 25
5738 5485 56
5738 5449 20
5738 5449 58
5738 5449 49
5738 5449 17
5738 5487 9
5738 5487 21
5738 5487 3
5738 5487 36
5738 5558 23
5738 5558 24
5738 5558 44
5738 5558 60
5738 5560 17
5738 5560 55
5738 5560 12
5738 5560 7
5738 5527 29
5738 5527 53
5738 5527 55
5738 5527 52
5738 5457 19
5738 5457 28
5738 5457 37
5738 5457 4
5738 5539 28
5738 5539 4
5738 5539 4
5738 5539 41
5738 5448 60
5738 5448 14
5738 5448 15
5738 5448 43
5738 5484 32
5738 5484 49
5738 5484 48
5738 5484 30
5738 5450 39
5738 5450 60
5738 5450 12
5738 5450 0
5738 5483 4
5738 5483 38
5738 5483 7
5738 5483 36
5738 5489 17
5738 5489 34
5738 5489 30
5738 5489 36
5738 5503 48
5738 5503 4
5738 5503 4
5738 5503 18
5738 5564 11
5738 5564 13
5738 5564 10
5738 5564 46
5738 5562 27
5738 5562 57
5738 5562 30
5738 5562 13
5738 5538 36
5738 5538 18
5738 5538 21
5738 5538 12
5738 5456 42
5738 5456 59
5738 5456 29
5738 5456 57
5738 5529 17
5738 5529 18
5738 5529 7
5738 5529 52
5738 5536 0
5738 5536 20
5738 5536 26
5738 5536 59
5738 5446 52
5738 5446 20
5738 5446 28
5738 5446 55
5738 5464 60
5738 5464 58
5738 5464 20
5738 5464 18
5738 5451 47
5738 5451 45
5738 5451 23
5738 5451 10
5738 5463 30
5738 5463 40
5738 5463 4
5738 5463 7
5735 5557 23
5735 5557 33
5735 5557 44
5735 5557 51
5735 5528 26
5735 5528 45
5735 5528 23
5735 5528 3
5735 5486 25
5735 5486 5
5735 5486 20
5735 5486 16
5735 5488 8
5735 5488 32
5735 5488 41
5735 5488 0
5735 5559 37
5735 5559 56
5735 5559 26
5735 5559 22
5735 5526 27
5735 5526 35
5735 5526 59
5735 5526 26
5735 5458 21
5735 5458 33
5735 5458 45
5735 5458 35
5735 5561 55
5735 5561 23
5735 5561 47
5735 5561 43
5735 5485 21
5735 5485 53
5735 5485 57
5735 5485 34
5735 5449 23
5735 5449 50
5735 5449 44
5735 5449 57
5735 5487 48
5735 5487 53
5735 5487 48
5735 5487 55
5735 5558 52
5735 5558 2
5735 5558 55
5735 5558 15
5735 5560 7
5735 5560 35
5735 5560 40
5735 5560 5
5735 5527 1
5735 5527 55
5735 5527 24
5735 5527 32
5735 5457 4
5735 5457 31
5735 5457 53
5735 5457 13
5735 5539 24
5735 5539 53
5735 5539 21
5735 5539 50
5735 5448 10
5735 5448 35
5735 5448 31
5735 5448 30
5735 5484 17
5735 5484 28
5735 5484 55
5735 5484 35
5735 5450 57
5735 5450 8
5735 5450 51
5735 5450 7
5735 5483 49
5735 5483 34
5735 5483 45
5735 5483 1
5735 5489 51
5735 5489 14
5735 5489 34
5735 5489 28
5735 5503 9
5735 5503 40
5735 5503 39
5735 5503 24
5735 5564 12
5735 5564 51
5735 5564 25
5735 5564 4
5735 5562 48
5735 5562 7
5735 5562 58
5735 5562 16
5735 5538 21
5735 5538 29
5735 5538 20
5735 5538 26
5735 5456 24
5735 5456 36
5735 5456 22
5735 5456 31
5735 5529 3
5735 5529 1
5735 5529 0
5735 5529 31
5735 5536 16
5735 5536 37
5735 5536 23
5735 5536 16
5735 5446 19
5735 5446 29
5735 5446 31
5735 5446 45
5735 5464 8
5735 5464 2
5735 5464 42
5735 5464 10
5735 5451 5
5735 5451 42
5735 5451 56
5735 5451 23
5735 5463 5
5735 5463 52
5735 5463 40
5735 5463 5
5761 5557 49
5761 5557 52
5761 5557 15
5761 5557 40
5761 5528 15
5761 5528 54
5761 5528 13
5761 5528 30
5761 5486 5
5761 5486 36
5761 5486 38
5761 5486 10
5761 5488 53
5761 5488 43
5761 5488 23
5761 5488 25
5761 5559 8
5761 5559 22
5761 5559 27
5761 5559 19
5761 5526 46
5761 5526 45
5761 5526 13
5761 5526 34
5761 5458 3
5761 5458 17
5761 5458 44
5761 5458 2
5761 5561 48
5761 5561 2
5761 5561 12
5761 5561 53
5761 5485 24
5761 5485 3
5761 5485 50
5761 5485 14
5761 5449 27
5761 5449 20
5761 5449 8
5761 5449 31
5761 5487 2
5761 5487 57
5761 5487 48
5761 5487 60
5761 5558 19
5761 5558 34
5761 5558 25
5761 5558 47
5761 5560 0
5761 5560 11
5761 5560 13
5761 5560 57
5761 5527 38
5761 5527 27
5761 5527 24
5761 5527 12
5761 5457 39
5761 5457 43
5761 5457 35
5761 5457 9
5761 5539 38
5761 5539 48
5761 5539 45
5761 5539 3
5761 5448 29
5761 5448 48
5761 5448 27
5761 5448 8
5761 5484 5
5761 5484 9
5761 5484 26
5761 5484 44
5761 5450 15
5761 5450 16
5761 5450 20
5761 5450 46
5761 5483 47
5761 5483 32
5761 5483 42
5761 5483 20
5761 5489 46
5761 5489 13
5761 5489 53
5761 5489 44
5761 5503 13
5761 5503 43
5761 5503 24
5761 5503 18
5761 5564 47
5761 5564 54
5761 5564 0
5761 5564 37
5761 5562 16
5761 5562 0
5761 5562 4
5761 5562 28
5761 5538 35
5761 5538 29
5761 5538 22
5761 5538 18
5761 5456 43
5761 5456 14
5761 5456 6
5761 5456 2
5761 5529 11
5761 5529 27
5761 5529 60
5761 5529 8
5761 5536 58
5761 5536 37
5761 5536 33
5761 5536 44
5761 5446 39
5761 5446 1
5761 5446 50
5761 5446 7
5761 5464 38
5761 5464 53
5761 5464 22
5761 5464 41
5761 5451 37
5761 5451 30
5761 5451 37
5761 5451 21
5761 5463 56
5761 5463 36
5761 5463 51
5761 5463 27
5731 5557 24
5731 5557 22
5731 5557 5
5731 5557 31
5731 5528 55
5731 5528 47
5731 5528 35
5731 5528 29
5731 5486 13
5731 5486 44
5731 5486 55
5731 5486 24
5731 5488 49
5731 5488 25
5731 5488 53
5731 5488 30
5731 5559 31
5731 5559 23
5731 5559 24
5731 5559 33
5731 5526 14
5731 5526 30
5731 5526 17
5731 5526 26
5731 5458 56
5731 5458 57
5731 5458 33
5731 5458 27
5731 5561 56
5731 5561 36
5731 5561 49
5731 5561 53
5731 5485 52
5731 5485 19
5731 5485 55
5731 5485 26
5731 5449 43
5731 5449 12
5731 5449 9
5731 5449 7
5731 5487 48
5731 5487 40
5731 5487 17
5731 5487 56
5731 5558 0
5731 5558 1
5731 5558 17
5731 5558 33
5731 5560 44
5731 5560 8
5731 5560 44
5731 5560 27
5731 5527 43
5731 5527 43
5731 5527 11
5731 5527 8
5731 5457 53
5731 5457 34
5731 5457 6
5731 5457 25
5731 5539 53
5731 5539 11
5731 5539 5
5731 5539 21
5731 5448 48
5731 5448 53
5731 5448 40
5731 5448 35
5731 5484 40
5731 5484 56
5731 5484 49
5731 5484 44
5731 5450 36
5731 5450 50
5731 5450 35
5731 5450 43
5731 5483 35
5731 5483 17
5731 5483 44
5731 5483 50
5731 5489 21
5731 5489 48
5731 5489 53
5731 5489 40
5731 5503 57
5731 5503 52
5731 5503 52
5731 5503 33
5731 5564 23
5731 5564 51
5731 5564 32
5731 5564 18
5731 5562 5
5731 5562 56
5731 5562 54
5731 5562 18
5731 5538 37
5731 5538 54
5731 5538 2
5731 5538 13
5731 5456 15
5731 5456 20
5731 5456 2
5731 5456 31
5731 5529 46
5731 5529 41
5731 5529 16
5731 5529 29
5731 5536 46
5731 5536 36
5731 5536 51
5731 5536 36
5731 5446 29
5731 5446 56
5731 5446 2
5731 5446 39
5731 5464 11
5731 5464 50
5731 5464 19
5731 5464 21
5731 5451 22
5731 5451 35
5731 5451 25
5731 5451 29
5731 5463 41
5731 5463 11
5731 5463 14
5731 5463 20
5732 5557 19
5732 5557 54
5732 5557 46
5732 5557 48
5732 5528 46
5732 5528 20
5732 5528 30
5732 5528 10
5732 5486 19
5732 5486 3
5732 5486 39
5732 5486 7
5732 5488 3
5732 5488 2
5732 5488 12
5732 5488 40
5732 5559 38
5732 5559 51
5732 5559 24
5732 5559 34
5732 5526 35
5732 5526 59
5732 5526 29
5732 5526 43
5732 5458 43
5732 5458 57
5732 5458 3
5732 5458 51
5732 5561 28
5732 5561 32
5732 5561 16
5732 5561 22
5732 5485 58
5732 5485 26
5732 5485 23
5732 5485 41
5732 5449 40
5732 5449 44
5732 5449 3
5732 5449 19
5732 5487 30
5732 5487 20
5732 5487 0
5732 5487 20
5732 5558 34
5732 5558 35
5732 5558 52
5732 5558 26
5732 5560 25
5732 5560 33
5732 5560 54
5732 5560 19
5732 5527 2
5732 5527 53
5732 5527 16
5732 5527 7
5732 5457 21
5732 5457 21
5732 5457 34
5732 5457 15
5732 5539 58
5732 5539 54
5732 5539 7
5732 5539 10
5732 5448 1
5732 5448 51
5732 5448 48
5732 5448 11
5732 5484 58
5732 5484 2
5732 5484 47
5732 5484 9
5732 5450 32
5732 5450 19
5732 5450 50
5732 5450 60
5732 5483 12
5732 5483 20
5732 5483 53
5732 5483 7
5732 5489 25
5732 5489 31
5732 5489 18
5732 5489 55
5732 5503 47
5732 5503 26
5732 5503 51
5732 5503 6
5732 5564 43
5732 5564 10
5732 5564 9
5732 5564 1
5732 5562 47
5732 5562 50
5732 5562 44
5732 5562 60
5732 5538 40
5732 5538 40
5732 5538 43
5732 5538 46
5732 5456 10
5732 5456 36
5732 5456 1
5732 5456 59
5732 5529 24
5732 5529 3
5732 5529 3
5732 5529 19
5732 5536 55
5732 5536 14
5732 5536 1
5732 5536 26
5732 5446 35
5732 5446 10
5732 5446 24
5732 5446 50
5732 5464 5
5732 5464 14
5732 5464 1
5732 5464 58
5732 5451 13
5732 5451 26
5732 5451 16
5732 5451 10
5732 5463 55
5732 5463 6
5732 5463 6
5732 5463 32
5746 5557 36
5746 5557 32
5746 5557 44
5746 5557 28
5746 5528 33
5746 5528 19
5746 5528 43
5746 5528 35
5746 5486 45
5746 5486 5
5746 5486 8
5746 5486 6
5746 5488 24
5746 5488 49
5746 5488 22
5746 5488 17
5746 5559 34
5746 5559 14
5746 5559 47
5746 5559 47
5746 5526 31
5746 5526 38
5746 5526 41
5746 5526 60
5746 5458 55
5746 5458 36
5746 5458 29
5746 5458 56
5746 5561 24
5746 5561 18
5746 5561 0
5746 5561 29
5746 5485 8
5746 5485 1
5746 5485 10
5746 5485 19
5746 5449 10
5746 5449 4
5746 5449 10
5746 5449 49
5746 5487 60
5746 5487 1
5746 5487 10
5746 5487 13
5746 5558 50
5746 5558 60
5746 5558 14
5746 5558 56
5746 5560 14
5746 5560 34
5746 5560 19
5746 5560 1
5746 5527 4
5746 5527 34
5746 5527 31
5746 5527 45
5746 5457 6
5746 5457 29
5746 5457 35
5746 5457 34
5746 5539 15
5746 5539 42
5746 5539 60
5746 5539 16
5746 5448 36
5746 5448 10
5746 5448 13
5746 5448 51
5746 5484 60
5746 5484 53
5746 5484 24
5746 5484 44
5746 5450 17
5746 5450 58
5746 5450 48
5746 5450 50
5746 5483 60
5746 5483 59
5746 5483 12
5746 5483 1
5746 5489 34
5746 5489 34
5746 5489 21
5746 5489 60
5746 5503 58
5746 5503 38
5746 5503 18
5746 5503 33
5746 5564 58
5746 5564 55
5746 5564 17
5746 5564 10
5746 5562 46
5746 5562 18
5746 5562 38
5746 5562 26
5746 5538 14
5746 5538 10
5746 5538 32
5746 5538 0
5746 5456 24
5746 5456 43
5746 5456 48
5746 5456 0
5746 5529 58
5746 5529 25
5746 5529 6
5746 5529 16
5746 5536 17
5746 5536 26
5746 5536 11
5746 5536 18
5746 5446 25
5746 5446 10
5746 5446 2
5746 5446 8
5746 5464 1
5746 5464 49
5746 5464 7
5746 5464 51
5746 5451 9
5746 5451 49
5746 5451 27
5746 5451 2
5746 5463 10
5746 5463 58
5746 5463 57
5746 5463 42
5749 5557 54
5749 5557 12
5749 5557 52
5749 5557 58
5749 5528 10
5749 5528 6
5749 5528 33
5749 5528 4
5749 5486 53
5749 5486 0
5749 5486 52
5749 5486 3
5749 5488 46
5749 5488 15
5749 5488 36
5749 5488 29
5749 5559 56
5749 5559 59
5749 5559 41
5749 5559 59
5749 5526 19
5749 5526 34
5749 5526 13
5749 5526 9
5749 5458 60
5749 5458 41
5749 5458 31
5749 5458 37
5749 5561 55
5749 5561 37
5749 5561 1
5749 5561 46
5749 5485 41
5749 5485 48
5749 5485 21
5749 5485 9
5749 5449 25
5749 5449 59
5749 5449 50
5749 5449 33
5749 5487 22
5749 5487 29
5749 5487 19
5749 5487 1
5749 5558 23
5749 5558 5
5749 5558 32
5749 5558 0
5749 5560 27
5749 5560 5
5749 5560 13
5749 5560 20
5749 5527 33
5749 5527 34
5749 5527 50
5749 5527 55
5749 5457 16
5749 5457 55
5749 5457 8
5749 5457 45
5749 5539 47
5749 5539 34
5749 5539 55
5749 5539 20
5749 5448 18
5749 5448 41
5749 5448 58
5749 5448 36
5749 5484 27
5749 5484 40
5749 5484 7
5749 5484 53
5749 5450 45
5749 5450 20
5749 5450 34
5749 5450 9
5749 5483 34
5749 5483 2
5749 5483 19
5749 5483 42
5749 5489 12
5749 5489 16
5749 5489 54
5749 5489 18
5749 5503 54
5749 5503 56
5749 5503 40
5749 5503 3
5749 5564 20
5749 5564 13
5749 5564 31
5749 5564 38
5749 5562 28
5749 5562 34
5749 5562 22
5749 5562 59
5749 5538 2
5749 5538 18
5749 5538 9
5749 5538 52
5749 5456 18
5749 5456 6
5749 5456 33
5749 5456 49
5749 5529 14
5749 5529 40
5749 5529 36
5749 5529 35
5749 5536 56
5749 5536 46
5749 5536 34
5749 5536 20
5749 5446 3
5749 5446 60
5749 5446 6
5749 5446 58
5749 5464 44
5749 5464 20
5749 5464 16
5749 5464 6
5749 5451 35
5749 5451 60
5749 5451 48
5749 5451 22
5749 5463 21
5749 5463 37
5749 5463 19
5749 5463 6
5763 5557 17
5763 5557 9
5763 5557 0
5763 5557 15
5763 5528 20
5763 5528 11
5763 5528 45
5763 5528 45
5763 5486 17
5763 5486 39
5763 5486 55
5763 5486 29
5763 5488 58
5763 5488 0
5763 5488 0
5763 5488 23
5763 5559 0
5763 5559 32
5763 5559 60
5763 5559 32
5763 5526 33
5763 5526 26
5763 5526 29
5763 5526 31
5763 5458 51
5763 5458 48
5763 5458 35
5763 5458 41
5763 5561 51
5763 5561 42
5763 5561 5
5763 5561 0
5763 5485 59
5763 5485 16
5763 5485 9
5763 5485 0
5763 5449 27
5763 5449 57
5763 5449 1
5763 5449 51
5763 5487 30
5763 5487 19
5763 5487 59
5763 5487 21
5763 5558 50
5763 5558 44
5763 5558 45
5763 5558 11
5763 5560 19
5763 5560 37
5763 5560 41
5763 5560 60
5763 5527 34
5763 5527 39
5763 5527 42
5763 5527 22
5763 5457 10
5763 5457 27
5763 5457 21
5763 5457 20
5763 5539 39
5763 5539 38
5763 5539 44
5763 5539 53
5763 5448 53
5763 5448 21
5763 5448 58
5763 5448 17
5763 5484 34
5763 5484 59
5763 5484 54
5763 5484 1
5763 5450 32
5763 5450 11
5763 5450 32
5763 5450 17
5763 5483 19
5763 5483 6
5763 5483 48
5763 5483 30
5763 5489 55
5763 5489 58
5763 5489 46
5763 5489 58
5763 5503 51
5763 5503 53
5763 5503 47
5763 5503 1
5763 5564 28
5763 5564 18
5763 5564 44
5763 5564 51
5763 5562 34
5763 5562 23
5763 5562 38
5763 5562 24
5763 5538 37
5763 5538 16
5763 5538 38
5763 5538 43
5763 5456 28
5763 5456 26
5763 5456 34
5763 5456 1
5763 5529 24
5763 5529 41
5763 5529 9
5763 5529 52
5763 5536 39
5763 5536 50
5763 5536 18
5763 5536 52
5763 5446 19
5763 5446 56
5763 5446 56
5763 5446 43
5763 5464 0
5763 5464 38
5763 5464 52
5763 5464 52
5763 5451 19
5763 5451 47
5763 5451 15
5763 5451 29
5763 5463 37
5763 5463 36
5763 5463 22
5763 5463 43
5764 5557 16
5764 5557 7
5764 5557 17
5764 5557 39
5764 5528 55
5764 5528 58
5764 5528 9
5764 5528 2
5764 5486 6
5764 5486 27
5764 5486 31
5764 5486 37
5764 5488 57
5764 5488 17
5764 5488 43
5764 5488 17
5764 5559 56
5764 5559 2
5764 5559 15
5764 5559 11
5764 5526 48
5764 5526 60
5764 5526 31
5764 5526 50
5764 5458 23
5764 5458 43
5764 5458 38
5764 5458 33
5764 5561 28
5764 5561 41
5764 5561 16
5764 5561 46
5764 5485 49
5764 5485 53
5764 5485 25
5764 5485 49
5764 5449 8
5764 5449 7
5764 5449 2
5764 5449 30
5764 5487 49
5764 5487 44
5764 5487 3
5764 5487 34
5764 5558 12
5764 5558 0
5764 5558 31
5764 5558 4
5764 5560 7
5764 5560 57
5764 5560 33
5764 5560 42
5764 5527 45
5764 5527 18
5764 5527 9
5764 5527 3
5764 5457 0
5764 5457 30
5764 5457 3
5764 5457 22
5764 5539 26
5764 5539 58
5764 5539 12
5764 5539 43
5764 5448 56
5764 5448 6
5764 5448 7
5764 5448 39
5764 5484 11
5764 5484 8
5764 5484 20
5764 5484 49
5764 5450 51
5764 5450 10
5764 5450 9
5764 5450 18
5764 5483 47
5764 5483 25
5764 5483 13
5764 5483 42
5764 5489 24
5764 5489 34
5764 5489 9
5764 5489 14
5764 5503 20
5764 5503 58
5764 5503 25
5764 5503 33
5764 5564 6
5764 5564 55
5764 5564 32
5764 5564 27
5764 5562 50
5764 5562 32
5764 5562 27
5764 5562 15
5764 5538 19
5764 5538 49
5764 5538 18
5764 5538 21
5764 5456 5
5764 5456 38
5764 5456 16
5764 5456 55
5764 5529 49
5764 5529 32
5764 5529 1
5764 5529 32
5764 5536 54
5764 5536 8
5764 5536 42
5764 5536 35
5764 5446 55
5764 5446 27
5764 5446 37
5764 5446 16
5764 5464 30
5764 5464 40
5764 5464 57
5764 5464 17
5764 5451 59
5764 5451 57
5764 5451 26
5764 5451 60
5764 5463 48
5764 5463 38
5764 5463 28
5764 5463 45
5752 5557 13
5752 5557 17
5752 5557 32
5752 5557 39
5752 5528 59
5752 5528 6
5752 5528 8
5752 5528 2
5752 5486 5
5752 5486 35
5752 5486 48
5752 5486 8
5752 5488 25
5752 5488 35
5752 5488 56
5752 5488 52
5752 5559 8
5752 5559 38
5752 5559 24
5752 5559 1
5752 5526 54
5752 5526 55
5752 5526 40
5752 5526 36
5752 5458 37
5752 5458 5
5752 5458 57
5752 5458 56
5752 5561 2
5752 5561 26
5752 5561 58
5752 5561 4
5752 5485 49
5752 5485 27
5752 5485 21
5752 5485 23
5752 5449 60
5752 5449 30
5752 5449 48
5752 5449 7
5752 5487 10
5752 5487 36
5752 5487 12
5752 5487 19
5752 5558 31
5752 5558 30
5752 5558 30
5752 5558 58
5752 5560 20
5752 5560 19
5752 5560 9
5752 5560 52
5752 5527 3
5752 5527 55
5752 5527 13
5752 5527 44
5752 5457 8
5752 5457 4
5752 5457 17
5752 5457 58
5752 5539 24
5752 5539 56
5752 5539 17
5752 5539 55
5752 5448 38
5752 5448 3
5752 5448 0
5752 5448 27
5752 5484 22
5752 5484 11
5752 5484 27
5752 5484 55
5752 5450 59
5752 5450 10
5752 5450 43
5752 5450 9
5752 5483 36
5752 5483 1
5752 5483 30
5752 5483 47
5752 5489 17
5752 5489 42
5752 5489 20
5752 5489 45
5752 5503 33
5752 5503 50
5752 5503 50
5752 5503 52
5752 5564 45
5752 5564 6
5752 5564 52
5752 5564 34
5752 5562 26
5752 5562 42
5752 5562 26
5752 5562 39
5752 5538 26
5752 5538 15
5752 5538 54
5752 5538 17
5752 5456 39
5752 5456 13
5752 5456 13
5752 5456 24
5752 5529 55
5752 5529 23
5752 5529 60
5752 5529 29
5752 5536 51
5752 5536 34
5752 5536 35
5752 5536 24
5752 5446 12
5752 5446 40
5752 5446 59
5752 5446 44
5752 5464 40
5752 5464 12
5752 5464 16
5752 5464 23
5752 5451 3
5752 5451 28
5752 5451 30
5752 5451 27
5752 5463 48
5752 5463 51
5752 5463 16
5752 5463 31
5772 5557 38
5772 5557 15
5772 5557 0
5772 5557 14
5772 5528 7
5772 5528 8
5772 5528 9
5772 5528 29
5772 5486 22
5772 5486 22
5772 5486 54
5772 5486 17
5772 5488 29
5772 5488 38
5772 5488 7
5772 5488 31
5772 5559 20
5772 5559 56
5772 5559 6
5772 5559 17
5772 5526 0
5772 5526 54
5772 5526 44
5772 5526 41
5772 5458 31
5772 5458 45
5772 5458 4
5772 5458 24
5772 5561 44
5772 5561 28
5772 5561 17
5772 5561 49
5772 5485 1
5772 5485 51
5772 5485 11
5772 5485 49
5772 5449 21
5772 5449 58
5772 5449 3
5772 5449 0
5772 5487 2
5772 5487 55
5772 5487 11
5772 5487 42
5772 5558 41
5772 5558 42
5772 5558 8
5772 5558 29
5772 5560 45
5772 5560 20
5772 5560 45
5772 5560 18
5772 5527 4
5772 5527 5
5772 5527 54
5772 5527 40
5772 5457 56
5772 5457 60
5772 5457 30
5772 5457 34
5772 5539 7
5772 5539 12
5772 5539 49
5772 5539 41
5772 5448 54
5772 5448 13
5772 5448 56
5772 5448 32
5772 5484 33
5772 5484 44
5772 5484 21
5772 5484 0
5772 5450 56
5772 5450 11
5772 5450 49
5772 5450 30
5772 5483 31
5772 5483 18
5772 5483 22
5772 5483 40
5772 5489 20
5772 5489 55
5772 5489 57
5772 5489 43
5772 5503 15
5772 5503 48
5772 5503 30
5772 5503 19
5772 5564 42
5772 5564 19
5772 5564 9
5772 5564 26
5772 5562 16
5772 5562 0
5772 5562 37
5772 5562 44
5772 5538 10
5772 5538 56
5772 5538 44
5772 5538 4
5772 5456 59
5772 5456 36
5772 5456 6
5772 5456 22
5772 5529 18
5772 5529 53
5772 5529 17
5772 5529 23
5772 5536 0
5772 5536 0
5772 5536 56
5772 5536 5
5772 5446 4
5772 5446 60
5772 5446 21
5772 5446 7
5772 5464 26
5772 5464 18
5772 5464 55
5772 5464 14
5772 5451 37
5772 5451 26
5772 5451 6
5772 5451 28
5772 5463 25
5772 5463 51
5772 5463 3
5772 5463 37
5722 5557 45
5722 5557 21
5722 5557 44
5722 5557 54
5722 5528 14
5722 5528 59
5722 5528 48
5722 5528 60
5722 5486 47
5722 5486 18
5722 5486 17
5722 5486 3
5722 5488 43
5722 5488 28
5722 5488 23
5722 5488 3
5722 5559 52
5722 5559 13
5722 5559 19
5722 5559 58
5722 5526 30
5722 5526 51
5722 5526 1
5722 5526 29
5722 5458 55
5722 5458 19
5722 5458 22
5722 5458 29
5722 5561 24
5722 5561 14
5722 5561 26
5722 5561 20
5722 5485 41
5722 5485 11
5722 5485 52
5722 5485 28
5722 5449 50
5722 5449 39
5722 5449 22
5722 5449 39
5722 5487 49
5722 5487 39
5722 5487 0
5722 5487 15
5722 5558 29
5722 5558 26
5722 5558 23
5722 5558 14
5722 5560 40
5722 5560 28
5722 5560 17
5722 5560 26
5722 5527 26
5722 5527 39
5722 5527 33
5722 5527 51
5722 5457 58
5722 5457 52
5722 5457 19
5722 5457 31
5722 5539 46
5722 5539 3
5722 5539 46
5722 5539 20
5722 5448 48
5722 5448 11
5722 5448 10
5722 5448 31
5722 5484 8
5722 5484 46
5722 5484 45
5722 5484 54
5722 5450 23
5722 5450 28
5722 5450 1
5722 5450 11
5722 5483 48
5722 5483 8
5722 5483 17
5722 5483 37
5722 5489 6
5722 5489 6
5722 5489 56
5722 5489 57
5722 5503 38
5722 5503 15
5722 5503 1
5722 5503 39
5722 5564 5
5722 5564 15
5722 5564 49
5722 5564 44
5722 5562 10
5722 5562 54
5722 5562 22
5722 5562 24
5722 5538 2
5722 5538 13
5722 5538 32
5722 5538 47
5722 5456 32
5722 5456 30
5722 5456 15
5722 5456 1
5722 5529 9
5722 5529 46
5722 5529 26
5722 5529 45
5722 5536 14
5722 5536 12
5722 5536 13
5722 5536 17
5722 5446 24
5722 5446 19
5722 5446 15
5722 5446 0
5722 5464 40
5722 5464 24
5722 5464 29
5722 5464 51
5722 5451 58
5722 5451 21
5722 5451 4
5722 5451 37
5722 5463 2
5722 5463 28
5722 5463 1
5722 5463 8
5814 5557 24
5814 5557 28
5814 5557 24
5814 5557 9
5814 5528 31
5814 5528 23
5814 5528 26
5814 5528 34
5814 5486 46
5814 5486 32
5814 5486 43
5814 5486 23
5814 5488 10
5814 5488 19
5814 5488 3
5814 5488 16
5814 5559 2
5814 5559 58
5814 5559 13
5814 5559 43
5814 5526 2
5814 5526 46
5814 5526 53
5814 5526 35
5814 5458 24
5814 5458 59
5814 5458 17
5814 5458 26
5814 5561 40
5814 5561 52
5814 5561 46
5814 5561 43
5814 5485 13
5814 5485 52
5814 5485 5
5814 5485 16
5814 5449 31
5814 5449 37
5814 5449 27
5814 5449 33
5814 5487 38
5814 5487 12
5814 5487 47
5814 5487 51
5814 5558 14
5814 5558 15
5814 5558 24
5814 5558 60
5814 5560 7
5814 5560 44
5814 5560 43
5814 5560 8
5814 5527 43
5814 5527 12
5814 5527 37
5814 5527 27
5814 5457 22
5814 5457 31
5814 5457 14
5814 5457 37
5814 5539 4
5814 5539 33
5814 5539 37
5814 5539 16
5814 5448 11
5814 5448 59
5814 5448 38
5814 5448 50
5814 5484 11
5814 5484 46
5814 5484 59
5814 5484 23
5814 5450 15
5814 5450 0
5814 5450 46
5814 5450 27
5814 5483 18
5814 5483 60
5814 5483 24
5814 5483 23
5814 5489 44
5814 5489 42
5814 5489 50
5814 5489 28
5814 5503 30
5814 5503 17
5814 5503 26
5814 5503 45
5814 5564 45
5814 5564 29
5814 5564 47
5814 5564 50
5814 5562 31
5814 5562 6
5814 5562 52
5814 5562 33
5814 5538 53
5814 5538 11
5814 5538 56
5814 5538 15
5814 5456 15
5814 5456 39
5814 5456 53
5814 5456 29
5814 5529 17
5814 5529 33
5814 5529 37
5814 5529 42
5814 5536 6
5814 5536 13
5814 5536 38
5814 5536 39
5814 5446 32
5814 5446 54
5814 5446 44
5814 5446 29
5814 5464 30
5814 5464 7
5814 5464 33
5814 5464 14
5814 5451 57
5814 5451 37
5814 5451 1
5814 5451 26
5814 5463 48
5814 5463 60
5814 5463 30
5814 5463 24
5728 5557 5
5728 5557 51
5728 5557 32
5728 5557 2
5728 5528 34
5728 5528 26
5728 5528 31
5728 5528 41
5728 5486 51
5728 5486 37
5728 5486 54
5728 5486 20
5728 5488 52
5728 5488 40
5728 5488 53
5728 5488 37
5728 5559 11
5728 5559 36
5728 5559 55
5728 5559 10
5728 5526 15
5728 5526 48
5728 5526 52
5728 5526 2
5728 5458 14
5728 5458 43
5728 5458 29
5728 5458 56
5728 5561 15
5728 5561 16
5728 5561 41
5728 5561 3
5728 5485 38
5728 5485 30
5728 5485 11
5728 5485 34
5728 5449 13
5728 5449 20
5728 5449 4
5728 5449 3
5728 5487 60
5728 5487 7
5728 5487 55
5728 5487 49
5728 5558 41
5728 5558 48
5728 5558 42
5728 5558 12
5728 5560 49
5728 5560 32
5728 5560 55
5728 5560 39
5728 5527 33
5728 5527 55
5728 5527 12
5728 5527 7
5728 5457 22
5728 5457 19
5728 5457 55
5728 5457 52
5728 5539 28
5728 5539 34
5728 5539 54
5728 5539 25
5728 5448 31
5728 5448 22
5728 5448 25
5728 5448 51
5728 5484 42
5728 5484 2
5728 5484 17
5728 5484 28
5728 5450 53
5728 5450 42
5728 5450 23
5728 5450 44
5728 5483 1
5728 5483 57
5728 5483 47
5728 5483 0
5728 5489 11
5728 5489 18
5728 5489 57
5728 5489 57
5728 5503 31
5728 5503 13
5728 5503 4
5728 5503 33
5728 5564 50
5728 5564 26
5728 5564 38
5728 5564 43
5728 5562 39
5728 5562 6
5728 5562 32
5728 5562 4
5728 5538 45
5728 5538 8
5728 5538 19
5728 5538 10
5728 5456 57
5728 5456 27
5728 5456 15
5728 5456 20
5728 5529 54
5728 5529 57
5728 5529 20
5728 5529 49
5728 5536 58
5728 5536 27
5728 5536 30
5728 5536 12
5728 5446 32
5728 5446 22
5728 5446 26
5728 5446 31
5728 5464 56
5728 5464 24
5728 5464 20
5728 5464 17
5728 5451 10
5728 5451 30
5728 5451 53
5728 5451 38
5728 5463 37
5728 5463 47
5728 5463 26
5728 5463 48
5813 5557 46
5813 5557 41
5813 5557 58
5813 5557 3
5813 5528 37
5813 5528 21
5813 5528 41
5813 5528 59
5813 5486 50
5813 5486 10
5813 5486 43
5813 5486 36
5813 5488 51
5813 5488 29
5813 5488 30
5813 5488 15
5813 5559 41
5813 5559 16
5813 5559 36
5813 5559 39
5813 5526 33
5813 5526 27
5813 5526 56
5813 5526 60
5813 5458 34
5813 5458 16
5813 5458 22
5813 5458 4
5813 5561 43
5813 5561 21
5813 5561 40
5813 5561 56
5813 5485 0
5813 5485 60
5813 5485 15
5813 5485 51
5813 5449 19
5813 5449 20
5813 5449 29
5813 5449 1
5813 5487 7
5813 5487 5
5813 5487 36
5813 5487 31
5813 5558 2
5813 5558 26
5813 5558 16
5813 5558 0
5813 5560 24
5813 5560 4
5813 5560 1
5813 5560 49
5813 5527 2
5813 5527 30
5813 5527 17
5813 5527 40
5813 5457 36
5813 5457 56
5813 5457 34
5813 5457 42
5813 5539 23
5813 5539 50
5813 5539 7
5813 5539 36
5813 5448 58
5813 5448 1
5813 5448 36
5813 5448 1
5813 5484 29
5813 5484 6
5813 5484 51
5813 5484 20
5813 5450 31
5813 5450 28
5813 5450 29
5813 5450 37
5813 5483 51
5813 5483 3
5813 5483 49
5813 5483 31
5813 5489 15
5813 5489 18
5813 5489 6
5813 5489 13
5813 5503 15
5813 5503 15
5813 5503 59
5813 5503 46
5813 5564 48
5813 5564 30
5813 5564 22
5813 5564 0
5813 5562 39
5813 5562 48
5813 5562 54
5813 5562 57
5813 5538 26
5813 5538 43
5813 5538 19
5813 5538 25
5813 5456 53
5813 5456 8
5813 5456 12
5813 5456 23
5813 5529 48
5813 5529 57
5813 5529 36
5813 5529 5
5813 5536 2
5813 5536 53
5813 5536 54
5813 5536 29
5813 5446 57
5813 5446 22
5813 5446 47
5813 5446 7
5813 5464 52
5813 5464 9
5813 5464 54
5813 5464 1
5813 5451 38
5813 5451 49
5813 5451 54
5813 5451 20
5813 5463 29
5813 5463 32
5813 5463 21
5813 5463 12
5729 5557 22
5729 5557 12
5729 5557 39
5729 5557 59
5729 5528 13
5729 5528 16
5729 5528 13
5729 5528 2
5729 5486 51
5729 5486 6
5729 5486 28
5729 5486 40
5729 5488 25
5729 5488 48
5729 5488 32
5729 5488 53
5729 5559 60
5729 5559 55
5729 5559 33
5729 5559 51
5729 5526 46
5729 5526 40
5729 5526 45
5729 5526 30
5729 5458 52
5729 5458 25
5729 5458 48
5729 5458 53
5729 5561 43
5729 5561 5
5729 5561 9
5729 5561 53
5729 5485 41
5729 5485 12
5729 5485 59
5729 5485 43
5729 5449 24
5729 5449 60
5729 5449 18
5729 5449 34
5729 5487 45
5729 5487 1
5729 5487 56
5729 5487 24
5729 5558 59
5729 5558 27
5729 5558 24
5729 5558 22
5729 5560 15
5729 5560 11
5729 5560 13
5729 5560 57
5729 5527 45
5729 5527 59
5729 5527 1
5729 5527 43
5729 5457 27
5729 5457 24
5729 5457 8
5729 5457 2
5729 5539 35
5729 5539 54
5729 5539 23
5729 5539 36
5729 5448 20
5729 5448 5
5729 5448 54
5729 5448 27
5729 5484 19
5729 5484 43
5729 5484 60
5729 5484 21
5729 5450 4
5729 5450 49
5729 5450 60
5729 5450 13
5729 5483 29
5729 5483 44
5729 5483 7
5729 5483 41
5729 5489 12
5729 5489 38
5729 5489 47
5729 5489 28
5729 5503 56
5729 5503 37
5729 5503 48
5729 5503 14
5729 5564 10
5729 5564 27
5729 5564 11
5729 5564 43
5729 5562 22
5729 5562 0
5729 5562 2
5729 5562 35
5729 5538 32
5729 5538 40
5729 5538 10
5729 5538 19
5729 5456 12
5729 5456 23
5729 5456 57
5729 5456 31
5729 5529 13
5729 5529 56
5729 5529 44
5729 5529 56
5729 5536 12
5729 5536 23
5729 5536 20
5729 5536 6
5729 5446 3
5729 5446 15
5729 5446 0
5729 5446 9
5729 5464 43
5729 5464 5
5729 5464 9
5729 5464 28
5729 5451 31
5729 5451 43
5729 5451 5
5729 5451 18
5729 5463 57
5729 5463 53
5729 5463 42
5729 5463 10
5733 5557 1
5733 5557 43
5733 5557 41
5733 5557 4
5733 5528 52
5733 5528 56
5733 5528 19
5733 5528 29
5733 5486 54
5733 5486 48
5733 5486 46
5733 5486 53
5733 5488 22
5733 5488 58
5733 5488 25
5733 5488 8
5733 5559 47
5733 5559 39
5733 5559 45
5733 5559 57
5733 5526 41
5733 5526 26
5733 5526 55
5733 5526 14
5733 5458 27
5733 5458 40
5733 5458 2
5733 5458 35
5733 5561 35
5733 5561 46
5733 5561 21
5733 5561 14
5733 5485 28
5733 5485 38
5733 5485 45
5733 5485 52
5733 5449 15
5733 5449 4
5733 5449 46
5733 5449 9
5733 5487 2
5733 5487 7
5733 5487 15
5733 5487 22
5733 5558 57
5733 5558 14
5733 5558 2
5733 5558 35
5733 5560 27
5733 5560 33
5733 5560 53
5733 5560 27
5733 5527 18
5733 5527 4
5733 5527 27
5733 5527 31
5733 5457 57
5733 5457 18
5733 5457 32
5733 5457 33
5733 5539 36
5733 5539 7
5733 5539 44
5733 5539 15
5733 5448 43
5733 5448 0
5733 5448 32
5733 5448 50
5733 5484 59
5733 5484 24
5733 5484 6
5733 5484 37
5733 5450 12
5733 5450 42
5733 5450 31
5733 5450 41
5733 5483 59
5733 5483 49
5733 5483 45
5733 5483 57
5733 5489 24
5733 5489 20
5733 5489 60
5733 5489 25
5733 5503 32
5733 5503 10
5733 5503 14
5733 5503 24
5733 5564 42
5733 5564 40
5733 5564 54
5733 5564 58
5733 5562 11
5733 5562 5
5733 5562 36
5733 5562 10
5733 5538 9
5733 5538 42
5733 5538 3
5733 5538 11
5733 5456 53
5733 5456 33
5733 5456 41
5733 5456 60
5733 5529 41
5733 5529 30
5733 5529 57
5733 5529 13
5733 5536 44
5733 5536 8
5733 5536 14
5733 5536 2
5733 5446 29
5733 5446 11
5733 5446 6
5733 5446 1
5733 5464 40
5733 5464 17
5733 5464 9
5733 5464 1
5733 5451 48
5733 5451 41
5733 5451 55
5733 5451 42
5733 5463 33
5733 5463 44
5733 5463 4
5733 5463 24
5711 5557 33
5711 5557 52
5711 5557 53
5711 5557 29
5711 5528 8
5711 5528 8
5711 5528 46
5711 5528 13
5711 5486 2
5711 5486 31
5711 5486 53
5711 5486 48
5711 5488 51
5711 5488 52
5711 5488 45
5711 5488 30
5711 5559 15
5711 5559 42
5711 5559 43
5711 5559 10
5711 5526 36
5711 5526 54
5711 5526 45
5711 5526 32
5711 5458 49
5711 5458 47
5711 5458 51
5711 5458 40
5711 5561 48
5711 5561 55
5711 5561 23
5711 5561 49
5711 5485 36
5711 5485 27
5711 5485 28
5711 5485 58
5711 5449 24
5711 5449 28
5711 5449 54
5711 5449 11
5711 5487 53
5711 5487 44
5711 5487 7
5711 5487 41
5711 5558 36
5711 5558 26
5711 5558 44
5711 5558 4
5711 5560 19
5711 5560 34
5711 5560 60
5711 5560 39
5711 5527 24
5711 5527 25
5711 5527 39
5711 5527 5
5711 5457 16
5711 5457 52
5711 5457 51
5711 5457 17
5711 5539 0
5711 5539 0
5711 5539 19
5711 5539 47
5711 5448 52
5711 5448 35
5711 5448 5
5711 5448 5
5711 5484 45
5711 5484 14
5711 5484 16
5711 5484 42
5711 5450 45
5711 5450 50
5711 5450 49
5711 5450 10
5711 5483 31
5711 5483 50
5711 5483 4
5711 5483 54
5711 5489 59
5711 5489 37
5711 5489 24
5711 5489 10
5711 5503 50
5711 5503 29
5711 5503 20
5711 5503 6
5711 5564 21
5711 5564 58
5711 5564 42
5711 5564 15
5711 5562 32
5711 5562 52
5711 5562 23
5711 5562 15
5711 5538 44
5711 5538 10
5711 5538 25
5711 5538 16
5711 5456 2
5711 5456 42
5711 5456 38
5711 5456 23
5711 5529 44
5711 5529 41
5711 5529 55
5711 5529 16
5711 5536 2
5711 5536 46
5711 5536 36
5711 5536 28
5711 5446 6
5711 5446 18
5711 5446 43
5711 5446 26
5711 5464 4
5711 5464 8
5711 5464 39
5711 5464 10
5711 5451 47
5711 5451 4
5711 5451 9
5711 5451 43
5711 5463 53
5711 5463 51
5711 5463 36
5711 5463 47
5745 5557 8
5745 5557 24
5745 5557 15
5745 5557 8
5745 5528 0
5745 5528 31
5745 5528 37
5745 5528 34
5745 5486 15
5745 5486 10
5745 5486 20
5745 5486 59
5745 5488 30
5745 5488 55
5745 5488 41
5745 5488 53
5745 5559 56
5745 5559 15
5745 5559 39
5745 5559 56
5745 5526 27
5745 5526 57
5745 5526 14
5745 5526 53
5745 5458 47
5745 5458 10
5745 5458 4
5745 5458 11
5745 5561 5
5745 5561 12
5745 5561 50
5745 5561 29
5745 5485 53
5745 5485 49
5745 5485 18
5745 5485 28
5745 5449 51
5745 5449 6
5745 5449 27
5745 5449 12
5745 5487 11
5745 5487 10
5745 5487 57
5745 5487 5
5745 5558 9
5745 5558 45
5745 5558 23
5745 5558 59
5745 5560 9
5745 5560 38
5745 5560 14
5745 5560 21
5745 5527 4
5745 5527 22
5745 5527 53
5745 5527 28
5745 5457 54
5745 5457 51
5745 5457 11
5745 5457 33
5745 5539 41
5745 5539 30
5745 5539 15
5745 5539 32
5745 5448 2
5745 5448 51
5745 5448 23
5745 5448 48
5745 5484 22
5745 5484 40
5745 5484 49
5745 5484 33
5745 5450 31
5745 5450 38
5745 5450 38
5745 5450 10
5745 5483 23
5745 5483 57
5745 5483 33
5745 5483 26
5745 5489 60
5745 5489 45
5745 5489 24
5745 5489 52
5745 5503 57
5745 5503 55
5745 5503 28
5745 5503 33
5745 5564 30
5745 5564 59
5745 5564 11
5745 5564 35
5745 5562 16
5745 5562 11
5745 5562 41
5745 5562 2
5745 5538 27
5745 5538 22
5745 5538 44
5745 5538 37
5745 5456 53
5745 5456 13
5745 5456 54
5745 5456 33
5745 5529 57
5745 5529 41
5745 5529 57
5745 5529 59
5745 5536 46
5745 5536 13
5745 5536 31
5745 5536 12
5745 5446 47
5745 5446 11
5745 5446 59
5745 5446 29
5745 5464 38
5745 5464 58
5745 5464 29
5745 5464 40
5745 5451 3
5745 5451 51
5745 5451 22
5745 5451 27
5745 5463 39
5745 5463 55
5745 5463 42
5745 5463 8
