2350 971 8
2350 970 15
2350 980 10
2350 997 39
2350 975 26
2350 981 53
2350 995 33
2350 996 21
2350 998 31
2350 999 35
2350 974 49
2350 2210 45
2350 2212 32
2350 982 53
2350 983 47
2350 1002 50
2350 1001 16
2350 1000 48
2350 972 31
2350 1005 15
2350 1006 33
2350 2213 35
2350 2211 16
2350 973 40
2350 994 9
2350 984 42
2350 1126 22
2350 1129 6
2350 1003 29
2350 1122 31
2350 1004 48
2350 2243 26
2337 971 54
2337 970 10
2337 980 18
2337 997 50
2337 975 45
2337 981 4
2337 995 40
2337 996 42
2337 998 19
2337 999 32
2337 974 38
2337 2210 6
2337 2212 39
2337 982 12
2337 983 41
2337 1002 16
2337 1001 41
2337 1000 54
2337 972 40
2337 1005 37
2337 1006 55
2337 2213 10
2337 2211 56
2337 973 32
2337 994 22
2337 984 46
2337 1126 48
2337 1129 10
2337 1003 28
2337 1122 36
2337 1004 48
2337 2243 23
2351 971 41
2351 970 27
2351 980 8
2351 997 18
2351 975 60
2351 981 30
2351 995 44
2351 996 1
2351 998 45
2351 999 37
2351 974 26
2351 2210 37
2351 2212 39
2351 982 56
2351 983 24
2351 1002 29
2351 1001 37
2351 1000 32
2351 972 50
2351 1005 55
2351 1006 42
2351 2213 47
2351 2211 30
2351 973 35
2351 994 21
2351 984 38
2351 1126 33
2351 1129 38
2351 1003 48
2351 1122 6
2351 1004 54
2351 2243 41
2352 971 36
2352 970 36
2352 980 9
2352 997 55
2352 975 1
2352 981 32
2352 995 13
2352 996 28
2352 998 7
2352 999 39
2352 974 6
2352 2210 35
2352 2212 59
2352 982 52
2352 983 29
2352 1002 27
2352 1001 29
2352 1000 7
2352 972 46
2352 1005 30
2352 1006 24
2352 2213 4
2352 2211 8
2352 973 21
2352 994 36
2352 984 51
2352 1126 49
2352 1129 2
2352 1003 49
2352 1122 18
2352 1004 40
2352 2243 31
2342 971 34
2342 970 15
2342 980 42
2342 997 13
2342 975 46
2342 981 27
2342 995 60
2342 996 2
2342 998 41
2342 999 0
2342 974 13
2342 2210 60
2342 2212 50
2342 982 2
2342 983 58
2342 1002 41
2342 1001 60
2342 1000 42
2342 972 41
2342 1005 11
2342 1006 50
2342 2213 49
2342 2211 0
2342 973 54
2342 994 37
2342 984 46
2342 1126 45
2342 1129 19
2342 1003 33
2342 1122 29
2342 1004 6
2342 2243 43
2336 971 26
2336 970 29
2336 980 37
2336 997 9
2336 975 3
2336 981 52
2336 995 21
2336 996 57
2336 998 25
2336 999 55
2336 974 11
2336 2210 45
2336 2212 3
2336 982 32
2336 983 57
2336 1002 47
2336 1001 36
2336 1000 60
2336 972 11
2336 1005 7
2336 1006 31
2336 2213 41
2336 2211 47
2336 973 56
2336 994 49
2336 984 26
2336 1126 39
2336 1129 36
2336 1003 9
2336 1122 11
2336 1004 52
2336 2243 7
2339 971 17
2339 970 29
2339 980 52
2339 997 16
2339 975 57
2339 981 46
2339 995 5
2339 996 3
2339 998 43
2339 999 55
2339 974 22
2339 2210 31
2339 2212 0
2339 982 11
2339 983 21
2339 1002 36
2339 1001 50
2339 1000 8
2339 972 35
2339 1005 46
2339 1006 34
2339 2213 0
2339 2211 60
2339 973 33
2339 994 52
2339 984 49
2339 1126 60
2339 1129 24
2339 1003 52
2339 1122 45
2339 1004 34
2339 2243 13
2345 971 32
2345 970 42
2345 980 54
2345 997 21
2345 975 26
2345 981 25
2345 995 23
2345 996 31
2345 998 42
2345 999 51
2345 974 25
2345 2210 30
2345 2212 6
2345 982 35
2345 983 31
2345 1002 47
2345 1001 11
2345 1000 32
2345 972 31
2345 1005 55
2345 1006 8
2345 2213 37
2345 2211 50
2345 973 55
2345 994 13
2345 984 3
2345 1126 27
2345 1129 5
2345 1003 51
2345 1122 34
2345 1004 5
2345 2243 50
2349 971 9
2349 970 52
2349 980 30
2349 997 48
2349 975 15
2349 981 10
2349 995 37
2349 996 57
2349 998 43
2349 999 3
2349 974 20
2349 2210 6
2349 2212 5
2349 982 60
2349 983 50
2349 1002 21
2349 1001 4
2349 1000 52
2349 972 53
2349 1005 19
2349 1006 40
2349 2213 54
2349 2211 46
2349 973 56
2349 994 22
2349 984 57
2349 1126 53
2349 1129 28
2349 1003 29
2349 1122 59
2349 1004 30
2349 2243 7
2372 971 11
2372 970 14
2372 980 24
2372 997 17
2372 975 8
2372 981 33
2372 995 25
2372 996 39
2372 998 32
2372 999 27
2372 974 57
2372 2210 44
2372 2212 28
2372 982 0
2372 983 46
2372 1002 55
2372 1001 33
2372 1000 30
2372 972 55
2372 1005 49
2372 1006 38
2372 2213 17
2372 2211 3
2372 973 47
2372 994 56
2372 984 15
2372 1126 51
2372 1129 54
2372 1003 16
2372 1122 58
2372 1004 27
2372 2243 24
2373 971 44
2373 970 38
2373 980 27
2373 997 35
2373 975 26
2373 981 13
2373 995 8
2373 996 57
2373 998 3
2373 999 42
2373 974 38
2373 2210 60
2373 2212 35
2373 982 7
2373 983 6
2373 1002 58
2373 1001 55
2373 1000 32
2373 972 49
2373 1005 29
2373 1006 45
2373 2213 43
2373 2211 45
2373 973 37
2373 994 35
2373 984 43
2373 1126 9
2373 1129 40
2373 1003 43
2373 1122 35
2373 1004 44
2373 2243 49
2343 971 43
2343 970 49
2343 980 39
2343 997 58
2343 975 13
2343 981 1
2343 995 55
2343 996 31
2343 998 28
2343 999 39
2343 974 23
2343 2210 23
2343 2212 45
2343 982 21
2343 983 46
2343 1002 3
2343 1001 10
2343 1000 33
2343 972 22
2343 1005 12
2343 1006 39
2343 2213 9
2343 2211 36
2343 973 3
2343 994 39
2343 984 37
2343 1126 0
2343 1129 33
2343 1003 41
2343 1122 31
2343 1004 56
2343 2243 13
2353 971 16
2353 970 21
2353 980 10
2353 997 2
2353 975 14
2353 981 16
2353 995 50
2353 996 16
2353 998 32
2353 999 52
2353 974 45
2353 2210 36
2353 2212 21
2353 982 31
2353 983 12
2353 1002 54
2353 1001 47
2353 1000 16
2353 972 20
2353 1005 2
2353 1006 0
2353 2213 30
2353 2211 23
2353 973 39
2353 994 56
2353 984 31
2353 1126 43
2353 1129 8
2353 1003 27
2353 1122 31
2353 1004 45
2353 2243 37
2334 971 34
2334 970 10
2334 980 11
2334 997 3
2334 975 39
2334 981 45
2334 995 15
2334 996 1
2334 998 0
2334 999 3
2334 974 48
2334 2210 37
2334 2212 12
2334 982 15
2334 983 32
2334 1002 25
2334 1001 35
2334 1000 27
2334 972 27
2334 1005 11
2334 1006 23
2334 2213 11
2334 2211 25
2334 973 36
2334 994 2
2334 984 56
2334 1126 18
2334 1129 58
2334 1003 39
2334 1122 31
2334 1004 0
2334 2243 43
1057 971 4
1057 970 39
1057 980 33
1057 997 20
1057 975 40
1057 981 21
1057 995 57
1057 996 14
1057 998 39
1057 999 58
1057 974 33
1057 2210 31
1057 2212 6
1057 982 55
1057 983 22
1057 1002 0
1057 1001 41
1057 1000 17
1057 972 29
1057 1005 43
1057 1006 48
1057 2213 36
1057 2211 25
1057 973 56
1057 994 1
1057 984 50
1057 1126 1
1057 1129 42
1057 1003 21
1057 1122 17
1057 1004 35
1057 2243 24
2340 971 54
2340 970 29
2340 980 58
2340 997 14
2340 975 38
2340 981 51
2340 995 29
2340 996 28
2340 998 38
2340 999 10
2340 974 11
2340 2210 51
2340 2212 3
2340 982 26
2340 983 32
2340 1002 28
2340 1001 22
2340 1000 47
2340 972 15
2340 1005 43
2340 1006 47
2340 2213 2
2340 2211 1
2340 973 41
2340 994 29
2340 984 31
2340 1126 2
2340 1129 13
2340 1003 49
2340 1122 9
2340 1004 15
2340 2243 15
2341 971 50
2341 970 7
2341 980 51
2341 997 25
2341 975 48
2341 981 54
2341 995 40
2341 996 8
2341 998 5
2341 999 9
2341 974 20
2341 2210 43
2341 2212 17
2341 982 46
2341 983 42
2341 1002 52
2341 1001 10
2341 1000 30
2341 972 23
2341 1005 39
2341 1006 30
2341 2213 49
2341 2211 32
2341 973 60
2341 994 19
2341 984 10
2341 1126 44
2341 1129 8
2341 1003 49
2341 1122 13
2341 1004 24
2341 2243 54
2346 971 57
2346 970 9
2346 980 14
2346 997 6
2346 975 24
2346 981 1
2346 995 16
2346 996 24
2346 998 6
2346 999 40
2346 974 5
2346 2210 43
2346 2212 5
2346 982 59
2346 983 39
2346 1002 41
2346 1001 54
2346 1000 47
2346 972 36
2346 1005 38
2346 1006 23
2346 2213 48
2346 2211 25
2346 973 13
2346 994 19
2346 984 56
2346 1126 24
2346 1129 45
2346 1003 27
2346 1122 52
2346 1004 45
2346 2243 16
3024 971 4
3024 970 7
3024 980 59
3024 997 19
3024 975 9
3024 981 34
3024 995 7
3024 996 39
3024 998 15
3024 999 25
3024 974 20
3024 2210 21
3024 2212 12
3024 982 44
3024 983 57
3024 1002 15
3024 1001 32
3024 1000 26
3024 972 47
3024 1005 6
3024 1006 43
3024 2213 21
3024 2211 34
3024 973 51
3024 994 24
3024 984 32
3024 1126 52
3024 1129 32
3024 1003 27
3024 1122 16
3024 1004 53
3024 2243 24
3025 971 37
3025 970 2
3025 980 51
3025 997 29
3025 975 55
3025 981 34
3025 995 4
3025 996 23
3025 998 15
3025 999 30
3025 974 16
3025 2210 40
3025 2212 27
3025 982 16
3025 983 7
3025 1002 46
3025 1001 18
3025 1000 8
3025 972 13
3025 1005 23
3025 1006 1
3025 2213 24
3025 2211 30
3025 973 14
3025 994 11
3025 984 22
3025 1126 39
3025 1129 21
3025 1003 28
3025 1122 31
3025 1004 23
3025 2243 51
2366 971 8
2366 970 56
2366 980 35
2366 997 32
2366 975 1
2366 981 38
2366 995 24
2366 996 41
2366 998 60
2366 999 32
2366 974 30
2366 2210 10
2366 2212 25
2366 982 24
2366 983 17
2366 1002 19
2366 1001 45
2366 1000 36
2366 972 22
2366 1005 44
2366 1006 4
2366 2213 54
2366 2211 47
2366 973 28
2366 994 32
2366 984 9
2366 1126 39
2366 1129 59
2366 1003 42
2366 1122 3
2366 1004 16
2366 2243 22
2344 971 11
2344 970 56
2344 980 34
2344 997 50
2344 975 33
2344 981 16
2344 995 37
2344 996 20
2344 998 40
2344 999 20
2344 974 43
2344 2210 15
2344 2212 50
2344 982 41
2344 983 17
2344 1002 22
2344 1001 32
2344 1000 37
2344 972 8
2344 1005 47
2344 1006 46
2344 2213 13
2344 2211 52
2344 973 22
2344 994 24
2344 984 14
2344 1126 11
2344 1129 52
2344 1003 34
2344 1122 22
2344 1004 19
2344 2243 0
2335 971 13
2335 970 8
2335 980 33
2335 997 10
2335 975 33
2335 981 60
2335 995 5
2335 996 48
2335 998 9
2335 999 17
2335 974 20
2335 2210 40
2335 2212 59
2335 982 32
2335 983 17
2335 1002 4
2335 1001 21
2335 1000 42
2335 972 25
2335 1005 53
2335 1006 56
2335 2213 5
2335 2211 21
2335 973 51
2335 994 59
2335 984 42
2335 1126 29
2335 1129 47
2335 1003 36
2335 1122 23
2335 1004 21
2335 2243 41
2338 971 17
2338 970 38
2338 980 52
2338 997 42
2338 975 53
2338 981 17
2338 995 24
2338 996 55
2338 998 57
2338 999 1
2338 974 7
2338 2210 37
2338 2212 30
2338 982 15
2338 983 17
2338 1002 26
2338 1001 33
2338 1000 4
2338 972 46
2338 1005 46
2338 1006 21
2338 2213 8
2338 2211 47
2338 973 58
2338 994 16
2338 984 22
2338 1126 20
2338 1129 18
2338 1003 3
2338 1122 47
2338 1004 23
2338 2243 16
1056 971 33
1056 970 45
1056 980 6
1056 997 53
1056 975 14
1056 981 24
1056 995 23
1056 996 16
1056 998 51
1056 999 56
1056 974 44
1056 2210 58
1056 2212 49
1056 982 13
1056 983 31
1056 1002 15
1056 1001 21
1056 1000 0
1056 972 55
1056 1005 59
1056 1006 36
1056 2213 59
1056 2211 28
1056 973 0
1056 994 45
1056 984 8
1056 1126 35
1056 1129 17
1056 1003 43
1056 1122 8
1056 1004 34
1056 2243 30
1294 971 31
1294 970 50
1294 980 59
1294 997 38
1294 975 26
1294 981 54
1294 995 38
1294 996 40
1294 998 46
1294 999 16
1294 974 1
1294 2210 27
1294 2212 2
1294 982 34
1294 983 43
1294 1002 32
1294 1001 3
1294 1000 23
1294 972 25
1294 1005 0
1294 1006 54
1294 2213 58
1294 2211 59
1294 973 57
1294 994 13
1294 984 53
1294 1126 17
1294 1129 43
1294 1003 7
1294 1122 41
1294 1004 8
1294 2243 11
2514 971 54
2514 970 14
2514 980 45
2514 997 32
2514 975 22
2514 981 10
2514 995 25
2514 996 49
2514 998 12
2514 999 10
2514 974 4
2514 2210 14
2514 2212 57
2514 982 1
2514 983 46
2514 1002 43
2514 1001 36
2514 1000 52
2514 972 48
2514 1005 39
2514 1006 38
2514 2213 49
2514 2211 25
2514 973 34
2514 994 53
2514 984 45
2514 1126 33
2514 1129 36
2514 1003 45
2514 1122 6
2514 1004 16
2514 2243 11
2900 971 22
2900 970 47
2900 980 12
2900 997 45
2900 975 3
2900 981 22
2900 995 25
2900 996 43
2900 998 54
2900 999 43
2900 974 45
2900 2210 48
2900 2212 56
2900 982 2
2900 983 22
2900 1002 14
2900 1001 9
2900 1000 14
2900 972 48
2900 1005 44
2900 1006 0
2900 2213 9
2900 2211 36
2900 973 33
2900 994 19
2900 984 54
2900 1126 13
2900 1129 9
2900 1003 39
2900 1122 23
2900 1004 14
2900 2243 11
3030 971 28
3030 970 9
3030 980 34
3030 997 17
3030 975 32
3030 981 1
3030 995 13
3030 996 51
3030 998 39
3030 999 59
3030 974 39
3030 2210 31
3030 2212 17
3030 982 40
3030 983 37
3030 1002 21
3030 1001 27
3030 1000 28
3030 972 55
3030 1005 53
3030 1006 44
3030 2213 15
3030 2211 7
3030 973 7
3030 994 14
3030 984 5
3030 1126 23
3030 1129 26
3030 1003 15
3030 1122 46
3030 1004 8
3030 2243 12
3026 971 42
3026 970 49
3026 980 43
3026 997 59
3026 975 22
3026 981 38
3026 995 19
3026 996 30
3026 998 35
3026 999 31
3026 974 52
3026 2210 36
3026 2212 24
3026 982 2
3026 983 20
3026 1002 41
3026 1001 9
3026 1000 56
3026 972 26
3026 1005 44
3026 1006 19
3026 2213 53
3026 2211 55
3026 973 25
3026 994 33
3026 984 35
3026 1126 11
3026 1129 6
3026 1003 59
3026 1122 25
3026 1004 24
3026 2243 47
3027 971 13
3027 970 30
3027 980 57
3027 997 14
3027 975 17
3027 981 3
3027 995 17
3027 996 8
3027 998 45
3027 999 50
3027 974 45
3027 2210 53
3027 2212 13
3027 982 40
3027 983 1
3027 1002 56
3027 1001 48
3027 1000 36
3027 972 5
3027 1005 12
3027 1006 1
3027 2213 0
3027 2211 17
3027 973 55
3027 994 47
3027 984 1
3027 1126 20
3027 1129 37
3027 1003 48
3027 1122 31
3027 1004 36
3027 2243 50
2365 971 15
2365 970 1
2365 980 53
2365 997 32
2365 975 5
2365 981 13
2365 995 48
2365 996 24
2365 998 34
2365 999 41
2365 974 18
2365 2210 11
2365 2212 60
2365 982 3
2365 983 53
2365 1002 58
2365 1001 27
2365 1000 20
2365 972 46
2365 1005 58
2365 1006 49
2365 2213 30
2365 2211 22
2365 973 38
2365 994 6
2365 984 35
2365 1126 21
2365 1129 4
2365 1003 16
2365 1122 17
2365 1004 50
2365 2243 20
