10521 4836 50
10521 4834 44
10521 4819 8
10521 4838 57
10521 4833 10
10521 4818 3
10521 4881 37
10521 4814 47
10521 4835 13
10521 4860 9
10521 4884 22
10521 4826 25
10521 4817 56
10521 4837 30
10521 4813 53
10521 4880 0
10521 4883 44
10521 4886 59
10521 4636 12
10521 4815 20
10521 4856 11
10521 4861 44
10521 4906 40
10521 4885 58
10521 4898 10
10521 4823 23
10521 4816 45
10521 4812 38
10521 4827 53
10521 4635 51
10521 4876 55
10521 4882 60
10520 4836 58
10520 4834 60
10520 4819 33
10520 4838 11
10520 4833 26
10520 4818 53
10520 4881 50
10520 4814 46
10520 4835 13
10520 4860 32
10520 4884 60
10520 4826 19
10520 4817 14
10520 4837 27
10520 4813 53
10520 4880 23
10520 4883 36
10520 4886 0
10520 4636 43
10520 4815 30
10520 4856 41
10520 4861 51
10520 4906 53
10520 4885 34
10520 4898 3
10520 4823 18
10520 4816 51
10520 4812 57
10520 4827 46
10520 4635 1
10520 4876 26
10520 4882 30
10582 4836 9
10582 4834 3
10582 4819 59
10582 4838 7
10582 4833 12
10582 4818 7
10582 4881 33
10582 4814 32
10582 4835 46
10582 4860 26
10582 4884 56
10582 4826 1
10582 4817 60
10582 4837 26
10582 4813 31
10582 4880 28
10582 4883 41
10582 4886 7
10582 4636 40
10582 4815 22
10582 4856 9
10582 4861 22
10582 4906 0
10582 4885 45
10582 4898 47
10582 4823 2
10582 4816 60
10582 4812 25
10582 4827 27
10582 4635 36
10582 4876 30
10582 4882 21
10570 4836 50
10570 4834 47
10570 4819 23
10570 4838 13
10570 4833 45
10570 4818 59
10570 4881 15
10570 4814 60
10570 4835 36
10570 4860 31
10570 4884 10
10570 4826 29
10570 4817 6
10570 4837 31
10570 4813 18
10570 4880 1
10570 4883 5
10570 4886 3
10570 4636 46
10570 4815 25
10570 4856 1
10570 4861 13
10570 4906 37
10570 4885 40
10570 4898 17
10570 4823 53
10570 4816 52
10570 4812 26
10570 4827 14
10570 4635 9
10570 4876 16
10570 4882 43
5121 4836 33
5121 4834 11
5121 4819 39
5121 4838 20
5121 4833 10
5121 4818 47
5121 4881 14
5121 4814 14
5121 4835 15
5121 4860 31
5121 4884 5
5121 4826 51
5121 4817 3
5121 4837 11
5121 4813 24
5121 4880 33
5121 4883 51
5121 4886 36
5121 4636 13
5121 4815 3
5121 4856 33
5121 4861 34
5121 4906 7
5121 4885 36
5121 4898 43
5121 4823 41
5121 4816 38
5121 4812 51
5121 4827 26
5121 4635 6
5121 4876 59
5121 4882 31
5119 4836 43
5119 4834 18
5119 4819 53
5119 4838 26
5119 4833 22
5119 4818 4
5119 4881 3
5119 4814 11
5119 4835 11
5119 4860 50
5119 4884 43
5119 4826 50
5119 4817 23
5119 4837 17
5119 4813 52
5119 4880 8
5119 4883 20
5119 4886 2
5119 4636 39
5119 4815 53
5119 4856 11
5119 4861 44
5119 4906 40
5119 4885 58
5119 4898 26
5119 4823 9
5119 4816 20
5119 4812 30
5119 4827 23
5119 4635 12
5119 4876 32
5119 4882 28
10519 4836 2
10519 4834 0
10519 4819 42
10519 4838 35
10519 4833 48
10519 4818 5
10519 4881 60
10519 4814 8
10519 4835 27
10519 4860 0
10519 4884 12
10519 4826 17
10519 4817 44
10519 4837 39
10519 4813 23
10519 4880 58
10519 4883 1
10519 4886 24
10519 4636 4
10519 4815 57
10519 4856 10
10519 4861 6
10519 4906 50
10519 4885 50
10519 4898 13
10519 4823 55
10519 4816 35
10519 4812 54
10519 4827 53
10519 4635 21
10519 4876 38
10519 4882 16
5122 4836 42
5122 4834 27
5122 4819 3
5122 4838 43
5122 4833 44
5122 4818 25
5122 4881 20
5122 4814 49
5122 4835 48
5122 4860 22
5122 4884 44
5122 4826 31
5122 4817 51
5122 4837 56
5122 4813 37
5122 4880 11
5122 4883 42
5122 4886 9
5122 4636 10
5122 4815 34
5122 4856 17
5122 4861 59
5122 4906 11
5122 4885 10
5122 4898 48
5122 4823 1
5122 4816 37
5122 4812 13
5122 4827 37
5122 4635 1
5122 4876 1
5122 4882 26
10578 4836 42
10578 4834 38
10578 4819 38
10578 4838 21
10578 4833 51
10578 4818 55
10578 4881 12
10578 4814 3
10578 4835 32
10578 4860 54
10578 4884 31
10578 4826 54
10578 4817 49
10578 4837 50
10578 4813 57
10578 4880 28
10578 4883 58
10578 4886 3
10578 4636 44
10578 4815 40
10578 4856 13
10578 4861 18
10578 4906 17
10578 4885 15
10578 4898 11
10578 4823 23
10578 4816 12
10578 4812 39
10578 4827 19
10578 4635 29
10578 4876 51
10578 4882 7
10567 4836 31
10567 4834 26
10567 4819 60
10567 4838 43
10567 4833 17
10567 4818 16
10567 4881 27
10567 4814 44
10567 4835 41
10567 4860 16
10567 4884 36
10567 4826 54
10567 4817 7
10567 4837 40
10567 4813 29
10567 4880 46
10567 4883 10
10567 4886 21
10567 4636 27
10567 4815 28
10567 4856 2
10567 4861 15
10567 4906 38
10567 4885 51
10567 4898 36
10567 4823 38
10567 4816 2
10567 4812 5
10567 4827 23
10567 4635 41
10567 4876 34
10567 4882 9
5120 4836 33
5120 4834 27
5120 4819 13
5120 4838 51
5120 4833 52
5120 4818 19
5120 4881 56
5120 4814 60
5120 4835 27
5120 4860 34
5120 4884 4
5120 4826 40
5120 4817 44
5120 4837 55
5120 4813 48
5120 4880 41
5120 4883 37
5120 4886 8
5120 4636 50
5120 4815 37
5120 4856 28
5120 4861 48
5120 4906 43
5120 4885 20
5120 4898 22
5120 4823 50
5120 4816 7
5120 4812 37
5120 4827 6
5120 4635 6
5120 4876 35
5120 4882 10
5113 4836 53
5113 4834 25
5113 4819 18
5113 4838 24
5113 4833 13
5113 4818 51
5113 4881 45
5113 4814 34
5113 4835 49
5113 4860 32
5113 4884 15
5113 4826 10
5113 4817 42
5113 4837 22
5113 4813 19
5113 4880 23
5113 4883 29
5113 4886 40
5113 4636 27
5113 4815 17
5113 4856 54
5113 4861 28
5113 4906 54
5113 4885 59
5113 4898 9
5113 4823 7
5113 4816 60
5113 4812 25
5113 4827 0
5113 4635 25
5113 4876 46
5113 4882 14
5118 4836 31
5118 4834 2
5118 4819 32
5118 4838 6
5118 4833 54
5118 4818 56
5118 4881 52
5118 4814 29
5118 4835 44
5118 4860 14
5118 4884 25
5118 4826 53
5118 4817 30
5118 4837 26
5118 4813 48
5118 4880 17
5118 4883 34
5118 4886 43
5118 4636 32
5118 4815 16
5118 4856 37
5118 4861 18
5118 4906 36
5118 4885 12
5118 4898 7
5118 4823 35
5118 4816 41
5118 4812 35
5118 4827 17
5118 4635 1
5118 4876 57
5118 4882 14
10518 4836 28
10518 4834 23
10518 4819 52
10518 4838 22
10518 4833 12
10518 4818 16
10518 4881 35
10518 4814 39
10518 4835 48
10518 4860 39
10518 4884 45
10518 4826 25
10518 4817 9
10518 4837 13
10518 4813 25
10518 4880 53
10518 4883 54
10518 4886 21
10518 4636 32
10518 4815 46
10518 4856 15
10518 4861 16
10518 4906 15
10518 4885 13
10518 4898 33
10518 4823 13
10518 4816 18
10518 4812 11
10518 4827 15
10518 4635 26
10518 4876 6
10518 4882 40
10568 4836 53
10568 4834 22
10568 4819 48
10568 4838 56
10568 4833 43
10568 4818 19
10568 4881 6
10568 4814 43
10568 4835 49
10568 4860 20
10568 4884 20
10568 4826 18
10568 4817 30
10568 4837 34
10568 4813 15
10568 4880 37
10568 4883 30
10568 4886 0
10568 4636 25
10568 4815 52
10568 4856 50
10568 4861 51
10568 4906 5
10568 4885 40
10568 4898 32
10568 4823 26
10568 4816 58
10568 4812 18
10568 4827 35
10568 4635 48
10568 4876 34
10568 4882 43
5126 4836 17
5126 4834 39
5126 4819 43
5126 4838 46
5126 4833 56
5126 4818 21
5126 4881 42
5126 4814 31
5126 4835 1
5126 4860 16
5126 4884 21
5126 4826 6
5126 4817 60
5126 4837 20
5126 4813 48
5126 4880 23
5126 4883 30
5126 4886 13
5126 4636 21
5126 4815 0
5126 4856 60
5126 4861 7
5126 4906 29
5126 4885 49
5126 4898 56
5126 4823 41
5126 4816 16
5126 4812 28
5126 4827 17
5126 4635 43
5126 4876 3
5126 4882 41
5132 4836 28
5132 4834 36
5132 4819 50
5132 4838 0
5132 4833 25
5132 4818 0
5132 4881 19
5132 4814 27
5132 4835 7
5132 4860 46
5132 4884 21
5132 4826 36
5132 4817 24
5132 4837 60
5132 4813 44
5132 4880 29
5132 4883 11
5132 4886 6
5132 4636 60
5132 4815 23
5132 4856 27
5132 4861 6
5132 4906 52
5132 4885 59
5132 4898 44
5132 4823 36
5132 4816 54
5132 4812 50
5132 4827 1
5132 4635 33
5132 4876 31
5132 4882 46
10569 4836 58
10569 4834 19
10569 4819 21
10569 4838 23
10569 4833 42
10569 4818 39
10569 4881 10
10569 4814 53
10569 4835 35
10569 4860 54
10569 4884 48
10569 4826 58
10569 4817 25
10569 4837 25
10569 4813 2
10569 4880 33
10569 4883 29
10569 4886 44
10569 4636 59
10569 4815 43
10569 4856 40
10569 4861 32
10569 4906 48
10569 4885 42
10569 4898 3
10569 4823 47
10569 4816 2
10569 4812 30
10569 4827 2
10569 4635 56
10569 4876 11
10569 4882 45
10583 4836 48
10583 4834 9
10583 4819 32
10583 4838 27
10583 4833 27
10583 4818 0
10583 4881 10
10583 4814 16
10583 4835 45
10583 4860 36
10583 4884 1
10583 4826 20
10583 4817 40
10583 4837 12
10583 4813 14
10583 4880 50
10583 4883 12
10583 4886 21
10583 4636 16
10583 4815 24
10583 4856 18
10583 4861 40
10583 4906 39
10583 4885 0
10583 4898 8
10583 4823 41
10583 4816 24
10583 4812 42
10583 4827 46
10583 4635 52
10583 4876 12
10583 4882 46
10566 4836 28
10566 4834 32
10566 4819 20
10566 4838 9
10566 4833 1
10566 4818 57
10566 4881 10
10566 4814 49
10566 4835 44
10566 4860 52
10566 4884 0
10566 4826 0
10566 4817 25
10566 4837 34
10566 4813 29
10566 4880 33
10566 4883 47
10566 4886 8
10566 4636 45
10566 4815 11
10566 4856 59
10566 4861 28
10566 4906 58
10566 4885 59
10566 4898 55
10566 4823 9
10566 4816 15
10566 4812 16
10566 4827 25
10566 4635 13
10566 4876 37
10566 4882 54
10577 4836 58
10577 4834 20
10577 4819 29
10577 4838 25
10577 4833 23
10577 4818 56
10577 4881 40
10577 4814 7
10577 4835 53
10577 4860 3
10577 4884 6
10577 4826 16
10577 4817 52
10577 4837 36
10577 4813 35
10577 4880 7
10577 4883 58
10577 4886 11
10577 4636 5
10577 4815 39
10577 4856 56
10577 4861 54
10577 4906 52
10577 4885 28
10577 4898 40
10577 4823 40
10577 4816 49
10577 4812 23
10577 4827 17
10577 4635 30
10577 4876 45
10577 4882 58
5123 4836 7
5123 4834 5
5123 4819 58
5123 4838 16
5123 4833 44
5123 4818 54
5123 4881 41
5123 4814 54
5123 4835 16
5123 4860 37
5123 4884 38
5123 4826 45
5123 4817 41
5123 4837 0
5123 4813 32
5123 4880 10
5123 4883 26
5123 4886 23
5123 4636 7
5123 4815 21
5123 4856 43
5123 4861 51
5123 4906 50
5123 4885 44
5123 4898 27
5123 4823 26
5123 4816 35
5123 4812 57
5123 4827 50
5123 4635 48
5123 4876 29
5123 4882 4
5112 4836 46
5112 4834 17
5112 4819 16
5112 4838 40
5112 4833 9
5112 4818 31
5112 4881 30
5112 4814 51
5112 4835 38
5112 4860 53
5112 4884 40
5112 4826 55
5112 4817 13
5112 4837 55
5112 4813 22
5112 4880 56
5112 4883 33
5112 4886 17
5112 4636 60
5112 4815 33
5112 4856 29
5112 4861 60
5112 4906 35
5112 4885 4
5112 4898 46
5112 4823 31
5112 4816 38
5112 4812 13
5112 4827 4
5112 4635 35
5112 4876 45
5112 4882 8
5116 4836 10
5116 4834 8
5116 4819 25
5116 4838 25
5116 4833 20
5116 4818 40
5116 4881 50
5116 4814 3
5116 4835 6
5116 4860 40
5116 4884 6
5116 4826 60
5116 4817 57
5116 4837 12
5116 4813 15
5116 4880 1
5116 4883 5
5116 4886 5
5116 4636 12
5116 4815 38
5116 4856 39
5116 4861 29
5116 4906 25
5116 4885 42
5116 4898 17
5116 4823 52
5116 4816 4
5116 4812 25
5116 4827 10
5116 4635 8
5116 4876 50
5116 4882 19
5117 4836 0
5117 4834 42
5117 4819 41
5117 4838 10
5117 4833 44
5117 4818 1
5117 4881 12
5117 4814 7
5117 4835 16
5117 4860 18
5117 4884 39
5117 4826 36
5117 4817 19
5117 4837 37
5117 4813 59
5117 4880 15
5117 4883 32
5117 4886 26
5117 4636 2
5117 4815 56
5117 4856 40
5117 4861 32
5117 4906 47
5117 4885 29
5117 4898 22
5117 4823 2
5117 4816 55
5117 4812 6
5117 4827 44
5117 4635 10
5117 4876 0
5117 4882 7
5105 4836 38
5105 4834 24
5105 4819 23
5105 4838 26
5105 4833 49
5105 4818 60
5105 4881 17
5105 4814 9
5105 4835 15
5105 4860 37
5105 4884 23
5105 4826 20
5105 4817 13
5105 4837 55
5105 4813 8
5105 4880 50
5105 4883 26
5105 4886 15
5105 4636 17
5105 4815 45
5105 4856 19
5105 4861 52
5105 4906 7
5105 4885 42
5105 4898 46
5105 4823 37
5105 4816 54
5105 4812 47
5105 4827 3
5105 4635 31
5105 4876 3
5105 4882 43
5086 4836 15
5086 4834 16
5086 4819 24
5086 4838 31
5086 4833 28
5086 4818 49
5086 4881 13
5086 4814 51
5086 4835 30
5086 4860 48
5086 4884 57
5086 4826 60
5086 4817 38
5086 4837 22
5086 4813 27
5086 4880 23
5086 4883 3
5086 4886 58
5086 4636 29
5086 4815 15
5086 4856 21
5086 4861 52
5086 4906 28
5086 4885 60
5086 4898 13
5086 4823 43
5086 4816 40
5086 4812 13
5086 4827 43
5086 4635 34
5086 4876 41
5086 4882 15
10564 4836 39
10564 4834 1
10564 4819 53
10564 4838 58
10564 4833 26
10564 4818 26
10564 4881 46
10564 4814 58
10564 4835 13
10564 4860 24
10564 4884 55
10564 4826 21
10564 4817 52
10564 4837 18
10564 4813 59
10564 4880 26
10564 4883 11
10564 4886 36
10564 4636 47
10564 4815 41
10564 4856 48
10564 4861 30
10564 4906 33
10564 4885 28
10564 4898 28
10564 4823 38
10564 4816 20
10564 4812 48
10564 4827 44
10564 4635 10
10564 4876 39
10564 4882 39
10515 4836 0
10515 4834 18
10515 4819 40
10515 4838 38
10515 4833 11
10515 4818 5
10515 4881 16
10515 4814 28
10515 4835 23
10515 4860 3
10515 4884 3
10515 4826 35
10515 4817 34
10515 4837 50
10515 4813 4
10515 4880 25
10515 4883 50
10515 4886 19
10515 4636 1
10515 4815 23
10515 4856 59
10515 4861 47
10515 4906 57
10515 4885 60
10515 4898 47
10515 4823 13
10515 4816 24
10515 4812 0
10515 4827 33
10515 4635 7
10515 4876 31
10515 4882 42
5124 4836 16
5124 4834 31
5124 4819 54
5124 4838 40
5124 4833 21
5124 4818 60
5124 4881 5
5124 4814 21
5124 4835 17
5124 4860 27
5124 4884 23
5124 4826 4
5124 4817 30
5124 4837 24
5124 4813 28
5124 4880 23
5124 4883 54
5124 4886 23
5124 4636 46
5124 4815 20
5124 4856 14
5124 4861 27
5124 4906 60
5124 4885 47
5124 4898 23
5124 4823 9
5124 4816 15
5124 4812 17
5124 4827 53
5124 4635 12
5124 4876 18
5124 4882 44
5127 4836 16
5127 4834 8
5127 4819 22
5127 4838 4
5127 4833 41
5127 4818 55
5127 4881 51
5127 4814 34
5127 4835 2
5127 4860 49
5127 4884 52
5127 4826 42
5127 4817 52
5127 4837 7
5127 4813 17
5127 4880 41
5127 4883 39
5127 4886 27
5127 4636 8
5127 4815 38
5127 4856 56
5127 4861 13
5127 4906 48
5127 4885 33
5127 4898 44
5127 4823 20
5127 4816 26
5127 4812 52
5127 4827 26
5127 4635 50
5127 4876 42
5127 4882 31
5134 4836 42
5134 4834 6
5134 4819 45
5134 4838 14
5134 4833 32
5134 4818 37
5134 4881 46
5134 4814 16
5134 4835 39
5134 4860 55
5134 4884 52
5134 4826 47
5134 4817 52
5134 4837 6
5134 4813 32
5134 4880 42
5134 4883 53
5134 4886 48
5134 4636 20
5134 4815 5
5134 4856 11
5134 4861 30
5134 4906 49
5134 4885 30
5134 4898 43
5134 4823 9
5134 4816 25
5134 4812 5
5134 4827 41
5134 4635 5
5134 4876 21
5134 4882 35
