5985 2868 42
5985 2869 26
5985 2870 40
5985 3009 54
5985 3010 58
5985 2871 37
5985 2872 52
5985 3048 47
5985 8778 58
5985 3008 26
5985 2985 26
5985 8687 4
5985 2867 17
5985 8688 40
5985 8685 36
5985 9517 52
5985 2835 54
5985 6397 6
5985 8686 14
5985 8681 44
5985 8677 57
5985 9519 3
5985 2828 10
5985 2836 33
5985 2866 56
5985 6396 53
5985 6398 12
5985 9636 48
5985 8679 47
5985 8682 15
5985 8676 15
5985 9518 37
5986 2868 40
5986 2869 1
5986 2870 10
5986 3009 49
5986 3010 35
5986 2871 10
5986 2872 7
5986 3048 56
5986 8778 51
5986 3008 20
5986 2985 34
5986 8687 35
5986 2867 37
5986 8688 60
5986 8685 16
5986 9517 5
5986 2835 40
5986 6397 7
5986 8686 55
5986 8681 33
5986 8677 9
5986 9519 17
5986 2828 51
5986 2836 34
5986 2866 2
5986 6396 2
5986 6398 17
5986 9636 54
5986 8679 33
5986 8682 30
5986 8676 18
5986 9518 25
5385 2868 24
5385 2869 54
5385 2870 10
5385 3009 23
5385 3010 0
5385 2871 41
5385 2872 0
5385 3048 56
5385 8778 28
5385 3008 53
5385 2985 47
5385 8687 18
5385 2867 16
5385 8688 0
5385 8685 18
5385 9517 38
5385 2835 27
5385 6397 47
5385 8686 5
5385 8681 8
5385 8677 56
5385 9519 15
5385 2828 48
5385 2836 36
5385 2866 8
5385 6396 42
5385 6398 7
5385 9636 46
5385 8679 51
5385 8682 17
5385 8676 12
5385 9518 33
5396 2868 4
5396 2869 3
5396 2870 14
5396 3009 20
5396 3010 43
5396 2871 4
5396 2872 49
5396 3048 46
5396 8778 45
5396 3008 21
5396 2985 10
5396 8687 25
5396 2867 38
5396 8688 51
5396 8685 19
5396 9517 38
5396 2835 43
5396 6397 11
5396 8686 30
5396 8681 22
5396 8677 13
5396 9519 57
5396 2828 1
5396 2836 12
5396 2866 18
5396 6396 24
5396 6398 24
5396 9636 48
5396 8679 49
5396 8682 51
5396 8676 31
5396 9518 23
5991 2868 43
5991 2869 51
5991 2870 59
5991 3009 18
5991 3010 23
5991 2871 19
5991 2872 45
5991 3048 51
5991 8778 30
5991 3008 11
5991 2985 38
5991 8687 5
5991 2867 1
5991 8688 40
5991 8685 50
5991 9517 12
5991 2835 32
5991 6397 51
5991 8686 40
5991 8681 30
5991 8677 44
5991 9519 4
5991 2828 53
5991 2836 26
5991 2866 11
5991 6396 42
5991 6398 49
5991 9636 10
5991 8679 30
5991 8682 40
5991 8676 7
5991 9518 12
5987 2868 34
5987 2869 5
5987 2870 36
5987 3009 33
5987 3010 7
5987 2871 7
5987 2872 3
5987 3048 2
5987 8778 59
5987 3008 17
5987 2985 49
5987 8687 53
5987 2867 45
5987 8688 12
5987 8685 5
5987 9517 24
5987 2835 57
5987 6397 17
5987 8686 22
5987 8681 16
5987 8677 53
5987 9519 55
5987 2828 30
5987 2836 38
5987 2866 30
5987 6396 41
5987 6398 11
5987 9636 6
5987 8679 34
5987 8682 25
5987 8676 51
5987 9518 44
5988 2868 40
5988 2869 25
5988 2870 59
5988 3009 15
5988 3010 23
5988 2871 2
5988 2872 51
5988 3048 25
5988 8778 53
5988 3008 22
5988 2985 33
5988 8687 53
5988 2867 59
5988 8688 43
5988 8685 29
5988 9517 53
5988 2835 3
5988 6397 3
5988 8686 7
5988 8681 11
5988 8677 10
5988 9519 40
5988 2828 16
5988 2836 59
5988 2866 54
5988 6396 37
5988 6398 35
5988 9636 21
5988 8679 18
5988 8682 25
5988 8676 46
5988 9518 37
5990 2868 47
5990 2869 50
5990 2870 59
5990 3009 30
5990 3010 4
5990 2871 0
5990 2872 40
5990 3048 44
5990 8778 4
5990 3008 16
5990 2985 1
5990 8687 33
5990 2867 40
5990 8688 17
5990 8685 39
5990 9517 20
5990 2835 49
5990 6397 6
5990 8686 39
5990 8681 3
5990 8677 8
5990 9519 8
5990 2828 20
5990 2836 50
5990 2866 22
5990 6396 56
5990 6398 26
5990 9636 46
5990 8679 60
5990 8682 34
5990 8676 58
5990 9518 56
5384 2868 38
5384 2869 39
5384 2870 21
5384 3009 20
5384 3010 29
5384 2871 31
5384 2872 32
5384 3048 49
5384 8778 45
5384 3008 48
5384 2985 10
5384 8687 30
5384 2867 34
5384 8688 36
5384 8685 44
5384 9517 0
5384 2835 16
5384 6397 3
5384 8686 54
5384 8681 4
5384 8677 15
5384 9519 31
5384 2828 53
5384 2836 3
5384 2866 57
5384 6396 44
5384 6398 35
5384 9636 5
5384 8679 48
5384 8682 18
5384 8676 29
5384 9518 53
5387 2868 3
5387 2869 21
5387 2870 60
5387 3009 0
5387 3010 12
5387 2871 50
5387 2872 18
5387 3048 57
5387 8778 42
5387 3008 18
5387 2985 12
5387 8687 1
5387 2867 8
5387 8688 36
5387 8685 35
5387 9517 13
5387 2835 45
5387 6397 53
5387 8686 25
5387 8681 7
5387 8677 39
5387 9519 24
5387 2828 31
5387 2836 58
5387 2866 18
5387 6396 2
5387 6398 53
5387 9636 10
5387 8679 27
5387 8682 16
5387 8676 55
5387 9518 52
5395 2868 17
5395 2869 30
5395 2870 20
5395 3009 2
5395 3010 2
5395 2871 48
5395 2872 0
5395 3048 49
5395 8778 31
5395 3008 33
5395 2985 19
5395 8687 2
5395 2867 13
5395 8688 17
5395 8685 23
5395 9517 24
5395 2835 59
5395 6397 51
5395 8686 42
5395 8681 27
5395 8677 17
5395 9519 21
5395 2828 19
5395 2836 17
5395 2866 17
5395 6396 35
5395 6398 18
5395 9636 28
5395 8679 41
5395 8682 58
5395 8676 44
5395 9518 33
5992 2868 44
5992 2869 42
5992 2870 14
5992 3009 42
5992 3010 18
5992 2871 38
5992 2872 9
5992 3048 43
5992 8778 55
5992 3008 57
5992 2985 37
5992 8687 1
5992 2867 48
5992 8688 8
5992 8685 12
5992 9517 24
5992 2835 42
5992 6397 20
5992 8686 20
5992 8681 21
5992 8677 8
5992 9519 26
5992 2828 13
5992 2836 52
5992 2866 19
5992 6396 12
5992 6398 20
5992 9636 16
5992 8679 45
5992 8682 35
5992 8676 11
5992 9518 25
5998 2868 22
5998 2869 13
5998 2870 2
5998 3009 28
5998 3010 40
5998 2871 2
5998 2872 22
5998 3048 9
5998 8778 3
5998 3008 14
5998 2985 30
5998 8687 24
5998 2867 35
5998 8688 6
5998 8685 23
5998 9517 29
5998 2835 46
5998 6397 45
5998 8686 58
5998 8681 18
5998 8677 16
5998 9519 39
5998 2828 38
5998 2836 51
5998 2866 45
5998 6396 34
5998 6398 36
5998 9636 56
5998 8679 7
5998 8682 47
5998 8676 46
5998 9518 34
8448 2868 46
8448 2869 6
8448 2870 49
8448 3009 32
8448 3010 39
8448 2871 46
8448 2872 54
8448 3048 60
8448 8778 13
8448 3008 51
8448 2985 33
8448 8687 53
8448 2867 35
8448 8688 24
8448 8685 37
8448 9517 46
8448 2835 34
8448 6397 50
8448 8686 59
8448 8681 13
8448 8677 52
8448 9519 35
8448 2828 18
8448 2836 1
8448 2866 48
8448 6396 55
8448 6398 25
8448 9636 27
8448 8679 58
8448 8682 13
8448 8676 18
8448 9518 46
8449 2868 9
8449 2869 1
8449 2870 19
8449 3009 52
8449 3010 32
8449 2871 53
8449 2872 28
8449 3048 31
8449 8778 4
8449 3008 21
8449 2985 41
8449 8687 1
8449 2867 14
8449 8688 12
8449 8685 53
8449 9517 11
8449 2835 0
8449 6397 48
8449 8686 21
8449 8681 15
8449 8677 57
8449 9519 43
8449 2828 22
8449 2836 39
8449 2866 9
8449 6396 28
8449 6398 25
8449 9636 21
8449 8679 32
8449 8682 23
8449 8676 56
8449 9518 9
5989 2868 32
5989 2869 19
5989 2870 43
5989 3009 47
5989 3010 22
5989 2871 38
5989 2872 57
5989 3048 5
5989 8778 42
5989 3008 57
5989 2985 59
5989 8687 21
5989 2867 25
5989 8688 46
5989 8685 8
5989 9517 35
5989 2835 1
5989 6397 20
5989 8686 3
5989 8681 8
5989 8677 18
5989 9519 55
5989 2828 38
5989 2836 27
5989 2866 16
5989 6396 43
5989 6398 13
5989 9636 40
5989 8679 12
5989 8682 36
5989 8676 47
5989 9518 41
5996 2868 8
5996 2869 13
5996 2870 23
5996 3009 56
5996 3010 27
5996 2871 59
5996 2872 31
5996 3048 19
5996 8778 4
5996 3008 40
5996 2985 8
5996 8687 49
5996 2867 22
5996 8688 37
5996 8685 43
5996 9517 37
5996 2835 30
5996 6397 54
5996 8686 30
5996 8681 0
5996 8677 12
5996 9519 27
5996 2828 13
5996 2836 55
5996 2866 60
5996 6396 22
5996 6398 17
5996 9636 26
5996 8679 46
5996 8682 58
5996 8676 17
5996 9518 59
8457 2868 35
8457 2869 55
8457 2870 44
8457 3009 38
8457 3010 33
8457 2871 21
8457 2872 0
8457 3048 59
8457 8778 45
8457 3008 47
8457 2985 51
8457 8687 19
8457 2867 33
8457 8688 5
8457 8685 39
8457 9517 31
8457 2835 60
8457 6397 30
8457 8686 47
8457 8681 2
8457 8677 4
8457 9519 49
8457 2828 18
8457 2836 44
8457 2866 35
8457 6396 53
8457 6398 51
8457 9636 48
8457 8679 57
8457 8682 4
8457 8676 17
8457 9518 5
5386 2868 9
5386 2869 33
5386 2870 17
5386 3009 33
5386 3010 43
5386 2871 58
5386 2872 59
5386 3048 5
5386 8778 31
5386 3008 23
5386 2985 12
5386 8687 43
5386 2867 6
5386 8688 40
5386 8685 18
5386 9517 56
5386 2835 18
5386 6397 57
5386 8686 19
5386 8681 57
5386 8677 53
5386 9519 51
5386 2828 52
5386 2836 29
5386 2866 0
5386 6396 48
5386 6398 48
5386 9636 17
5386 8679 49
5386 8682 11
5386 8676 34
5386 9518 40
5388 2868 21
5388 2869 40
5388 2870 9
5388 3009 26
5388 3010 27
5388 2871 30
5388 2872 52
5388 3048 17
5388 8778 40
5388 3008 11
5388 2985 14
5388 8687 39
5388 2867 25
5388 8688 55
5388 8685 52
5388 9517 60
5388 2835 41
5388 6397 48
5388 8686 51
5388 8681 32
5388 8677 29
5388 9519 46
5388 2828 27
5388 2836 44
5388 2866 6
5388 6396 47
5388 6398 30
5388 9636 11
5388 8679 16
5388 8682 53
5388 8676 10
5388 9518 53
8447 2868 36
8447 2869 16
8447 2870 8
8447 3009 30
8447 3010 54
8447 2871 52
8447 2872 13
8447 3048 57
8447 8778 34
8447 3008 51
8447 2985 54
8447 8687 58
8447 2867 27
8447 8688 11
8447 8685 37
8447 9517 3
8447 2835 34
8447 6397 9
8447 8686 0
8447 8681 30
8447 8677 14
8447 9519 58
8447 2828 23
8447 2836 16
8447 2866 32
8447 6396 30
8447 6398 14
8447 9636 7
8447 8679 55
8447 8682 25
8447 8676 20
8447 9518 51
5397 2868 39
5397 2869 25
5397 2870 21
5397 3009 24
5397 3010 28
5397 2871 21
5397 2872 22
5397 3048 8
5397 8778 32
5397 3008 9
5397 2985 6
5397 8687 25
5397 2867 44
5397 8688 8
5397 8685 12
5397 9517 15
5397 2835 21
5397 6397 6
5397 8686 26
5397 8681 55
5397 8677 59
5397 9519 51
5397 2828 48
5397 2836 20
5397 2866 28
5397 6396 34
5397 6398 30
5397 9636 50
5397 8679 13
5397 8682 4
5397 8676 14
5397 9518 58
6003 2868 15
6003 2869 50
6003 2870 50
6003 3009 37
6003 3010 37
6003 2871 9
6003 2872 13
6003 3048 49
6003 8778 53
6003 3008 5
6003 2985 58
6003 8687 29
6003 2867 30
6003 8688 45
6003 8685 13
6003 9517 47
6003 2835 14
6003 6397 22
6003 8686 4
6003 8681 24
6003 8677 10
6003 9519 45
6003 2828 6
6003 2836 52
6003 2866 39
6003 6396 1
6003 6398 54
6003 9636 30
6003 8679 26
6003 8682 23
6003 8676 30
6003 9518 5
6004 2868 15
6004 2869 39
6004 2870 26
6004 3009 28
6004 3010 24
6004 2871 58
6004 2872 5
6004 3048 19
6004 8778 10
6004 3008 38
6004 2985 3
6004 8687 27
6004 2867 9
6004 8688 60
6004 8685 52
6004 9517 16
6004 2835 1
6004 6397 20
6004 8686 58
6004 8681 40
6004 8677 29
6004 9519 25
6004 2828 31
6004 2836 51
6004 2866 18
6004 6396 58
6004 6398 22
6004 9636 53
6004 8679 1
6004 8682 53
6004 8676 39
6004 9518 4
5997 2868 11
5997 2869 24
5997 2870 53
5997 3009 30
5997 3010 40
5997 2871 11
5997 2872 30
5997 3048 58
5997 8778 58
5997 3008 25
5997 2985 20
5997 8687 39
5997 2867 55
5997 8688 28
5997 8685 13
5997 9517 56
5997 2835 15
5997 6397 25
5997 8686 1
5997 8681 38
5997 8677 12
5997 9519 38
5997 2828 57
5997 2836 21
5997 2866 43
5997 6396 2
5997 6398 29
5997 9636 48
5997 8679 26
5997 8682 8
5997 8676 23
5997 9518 59
6005 2868 31
6005 2869 11
6005 2870 44
6005 3009 60
6005 3010 21
6005 2871 28
6005 2872 48
6005 3048 37
6005 8778 12
6005 3008 56
6005 2985 23
6005 8687 6
6005 2867 37
6005 8688 50
6005 8685 50
6005 9517 59
6005 2835 55
6005 6397 55
6005 8686 48
6005 8681 42
6005 8677 38
6005 9519 53
6005 2828 48
6005 2836 6
6005 2866 40
6005 6396 57
6005 6398 48
6005 9636 46
6005 8679 52
6005 8682 56
6005 8676 3
6005 9518 57
9536 2868 37
9536 2869 20
9536 2870 41
9536 3009 5
9536 3010 53
9536 2871 32
9536 2872 25
9536 3048 0
9536 8778 55
9536 3008 48
9536 2985 10
9536 8687 29
9536 2867 52
9536 8688 60
9536 8685 42
9536 9517 56
9536 2835 15
9536 6397 7
9536 8686 60
9536 8681 34
9536 8677 9
9536 9519 28
9536 2828 38
9536 2836 5
9536 2866 52
9536 6396 25
9536 6398 15
9536 9636 39
9536 8679 9
9536 8682 3
9536 8676 45
9536 9518 55
8450 2868 37
8450 2869 23
8450 2870 41
8450 3009 17
8450 3010 18
8450 2871 13
8450 2872 1
8450 3048 31
8450 8778 39
8450 3008 16
8450 2985 24
8450 8687 41
8450 2867 51
8450 8688 37
8450 8685 37
8450 9517 49
8450 2835 45
8450 6397 36
8450 8686 54
8450 8681 16
8450 8677 50
8450 9519 38
8450 2828 51
8450 2836 10
8450 2866 60
8450 6396 24
8450 6398 32
8450 9636 25
8450 8679 37
8450 8682 16
8450 8676 20
8450 9518 0
8451 2868 18
8451 2869 15
8451 2870 37
8451 3009 31
8451 3010 5
8451 2871 33
8451 2872 52
8451 3048 45
8451 8778 54
8451 3008 36
8451 2985 44
8451 8687 9
8451 2867 17
8451 8688 17
8451 8685 37
8451 9517 54
8451 2835 57
8451 6397 57
8451 8686 10
8451 8681 53
8451 8677 12
8451 9519 46
8451 2828 47
8451 2836 42
8451 2866 31
8451 6396 60
8451 6398 44
8451 9636 52
8451 8679 10
8451 8682 33
8451 8676 39
8451 9518 43
8445 2868 48
8445 2869 49
8445 2870 46
8445 3009 55
8445 3010 50
8445 2871 28
8445 2872 26
8445 3048 41
8445 8778 41
8445 3008 38
8445 2985 26
8445 8687 6
8445 2867 23
8445 8688 4
8445 8685 11
8445 9517 44
8445 2835 51
8445 6397 43
8445 8686 49
8445 8681 37
8445 8677 3
8445 9519 44
8445 2828 38
8445 2836 8
8445 2866 20
8445 6396 6
8445 6398 16
8445 9636 38
8445 8679 1
8445 8682 2
8445 8676 25
8445 9518 3
5993 2868 2
5993 2869 53
5993 2870 56
5993 3009 39
5993 3010 23
5993 2871 20
5993 2872 1
5993 3048 21
5993 8778 48
5993 3008 14
5993 2985 36
5993 8687 49
5993 2867 14
5993 8688 50
5993 8685 36
5993 9517 59
5993 2835 27
5993 6397 56
5993 8686 49
5993 8681 54
5993 8677 7
5993 9519 14
5993 2828 47
5993 2836 30
5993 2866 56
5993 6396 52
5993 6398 54
5993 9636 24
5993 8679 35
5993 8682 10
5993 8676 57
5993 9518 46
5995 2868 34
5995 2869 53
5995 2870 52
5995 3009 59
5995 3010 43
5995 2871 15
5995 2872 40
5995 3048 46
5995 8778 54
5995 3008 0
5995 2985 38
5995 8687 40
5995 2867 0
5995 8688 29
5995 8685 47
5995 9517 16
5995 2835 47
5995 6397 5
5995 8686 9
5995 8681 28
5995 8677 9
5995 9519 49
5995 2828 5
5995 2836 20
5995 2866 18
5995 6396 59
5995 6398 21
5995 9636 32
5995 8679 14
5995 8682 48
5995 8676 2
5995 9518 5
