4869 4738 39
4869 4737 46
4869 4736 44
4869 4739 28
4869 4727 42
4869 4735 60
4869 4723 14
4869 4712 0
4869 4743 43
4869 4740 24
4869 4744 52
4869 4726 24
4869 4734 47
4869 4781 47
4869 4722 29
4869 4704 38
4869 4707 27
4869 4787 24
4869 4711 54
4869 4741 4
4869 4745 41
4869 4725 57
4869 4733 52
4869 4780 4
4869 4785 0
4869 4703 37
4869 4719 21
4869 5217 59
4869 4706 59
4869 4705 19
4869 4788 32
4869 4786 8
4864 4738 57
4864 4737 26
4864 4736 14
4864 4739 10
4864 4727 3
4864 4735 52
4864 4723 54
4864 4712 29
4864 4743 30
4864 4740 42
4864 4744 36
4864 4726 7
4864 4734 51
4864 4781 19
4864 4722 13
4864 4704 23
4864 4707 37
4864 4787 58
4864 4711 6
4864 4741 14
4864 4745 3
4864 4725 44
4864 4733 40
4864 4780 28
4864 4785 9
4864 4703 45
4864 4719 48
4864 5217 26
4864 4706 53
4864 4705 23
4864 4788 55
4864 4786 45
4866 4738 46
4866 4737 6
4866 4736 2
4866 4739 37
4866 4727 38
4866 4735 35
4866 4723 22
4866 4712 6
4866 4743 19
4866 4740 2
4866 4744 16
4866 4726 16
4866 4734 51
4866 4781 6
4866 4722 1
4866 4704 24
4866 4707 35
4866 4787 9
4866 4711 24
4866 4741 10
4866 4745 22
4866 4725 3
4866 4733 1
4866 4780 12
4866 4785 52
4866 4703 32
4866 4719 24
4866 5217 7
4866 4706 7
4866 4705 47
4866 4788 18
4866 4786 53
4870 4738 35
4870 4737 4
4870 4736 5
4870 4739 36
4870 4727 51
4870 4735 38
4870 4723 25
4870 4712 49
4870 4743 57
4870 4740 43
4870 4744 7
4870 4726 27
4870 4734 51
4870 4781 10
4870 4722 54
4870 4704 35
4870 4707 1
4870 4787 30
4870 4711 58
4870 4741 5
4870 4745 24
4870 4725 51
4870 4733 16
4870 4780 17
4870 4785 29
4870 4703 2
4870 4719 39
4870 5217 25
4870 4706 41
4870 4705 25
4870 4788 1
4870 4786 36
4909 4738 51
4909 4737 48
4909 4736 45
4909 4739 42
4909 4727 56
4909 4735 28
4909 4723 30
4909 4712 6
4909 4743 8
4909 4740 2
4909 4744 27
4909 4726 37
4909 4734 42
4909 4781 53
4909 4722 2
4909 4704 2
4909 4707 18
4909 4787 56
4909 4711 43
4909 4741 29
4909 4745 35
4909 4725 36
4909 4733 28
4909 4780 11
4909 4785 37
4909 4703 25
4909 4719 44
4909 5217 8
4909 4706 58
4909 4705 30
4909 4788 52
4909 4786 2
4863 4738 53
4863 4737 10
4863 4736 1
4863 4739 38
4863 4727 29
4863 4735 16
4863 4723 9
4863 4712 0
4863 4743 49
4863 4740 34
4863 4744 29
4863 4726 33
4863 4734 14
4863 4781 17
4863 4722 31
4863 4704 2
4863 4707 44
4863 4787 43
4863 4711 39
4863 4741 17
4863 4745 19
4863 4725 34
4863 4733 28
4863 4780 43
4863 4785 27
4863 4703 10
4863 4719 53
4863 5217 52
4863 4706 59
4863 4705 47
4863 4788 19
4863 4786 31
4865 4738 19
4865 4737 7
4865 4736 5
4865 4739 5
4865 4727 36
4865 4735 58
4865 4723 10
4865 4712 48
4865 4743 32
4865 4740 25
4865 4744 46
4865 4726 2
4865 4734 56
4865 4781 4
4865 4722 6
4865 4704 18
4865 4707 15
4865 4787 2
4865 4711 53
4865 4741 25
4865 4745 32
4865 4725 3
4865 4733 26
4865 4780 43
4865 4785 47
4865 4703 32
4865 4719 27
4865 5217 55
4865 4706 27
4865 4705 57
4865 4788 40
4865 4786 38
4905 4738 45
4905 4737 42
4905 4736 55
4905 4739 55
4905 4727 44
4905 4735 55
4905 4723 41
4905 4712 15
4905 4743 12
4905 4740 34
4905 4744 31
4905 4726 53
4905 4734 41
4905 4781 47
4905 4722 2
4905 4704 28
4905 4707 1
4905 4787 53
4905 4711 4
4905 4741 22
4905 4745 15
4905 4725 50
4905 4733 21
4905 4780 23
4905 4785 2
4905 4703 47
4905 4719 7
4905 5217 43
4905 4706 5
4905 4705 2
4905 4788 56
4905 4786 30
4852 4738 42
4852 4737 20
4852 4736 18
4852 4739 57
4852 4727 18
4852 4735 33
4852 4723 43
4852 4712 13
4852 4743 26
4852 4740 11
4852 4744 20
4852 4726 25
4852 4734 57
4852 4781 42
4852 4722 12
4852 4704 21
4852 4707 47
4852 4787 59
4852 4711 24
4852 4741 45
4852 4745 25
4852 4725 37
4852 4733 24
4852 4780 36
4852 4785 58
4852 4703 49
4852 4719 46
4852 5217 39
4852 4706 30
4852 4705 54
4852 4788 26
4852 4786 34
4867 4738 34
4867 4737 19
4867 4736 31
4867 4739 9
4867 4727 48
4867 4735 23
4867 4723 13
4867 4712 53
4867 4743 15
4867 4740 16
4867 4744 6
4867 4726 7
4867 4734 33
4867 4781 3
4867 4722 19
4867 4704 36
4867 4707 38
4867 4787 53
4867 4711 12
4867 4741 49
4867 4745 48
4867 4725 37
4867 4733 9
4867 4780 37
4867 4785 16
4867 4703 0
4867 4719 35
4867 5217 12
4867 4706 36
4867 4705 29
4867 4788 42
4867 4786 30
4871 4738 21
4871 4737 55
4871 4736 54
4871 4739 21
4871 4727 0
4871 4735 24
4871 4723 45
4871 4712 37
4871 4743 9
4871 4740 22
4871 4744 1
4871 4726 38
4871 4734 12
4871 4781 60
4871 4722 60
4871 4704 39
4871 4707 10
4871 4787 29
4871 4711 32
4871 4741 11
4871 4745 54
4871 4725 1
4871 4733 35
4871 4780 13
4871 4785 31
4871 4703 45
4871 4719 12
4871 5217 0
4871 4706 32
4871 4705 23
4871 4788 46
4871 4786 39
4921 4738 8
4921 4737 29
4921 4736 21
4921 4739 5
4921 4727 0
4921 4735 28
4921 4723 10
4921 4712 34
4921 4743 50
4921 4740 10
4921 4744 43
4921 4726 10
4921 4734 16
4921 4781 9
4921 4722 15
4921 4704 26
4921 4707 58
4921 4787 57
4921 4711 11
4921 4741 8
4921 4745 47
4921 4725 55
4921 4733 27
4921 4780 40
4921 4785 54
4921 4703 17
4921 4719 55
4921 5217 21
4921 4706 4
4921 4705 59
4921 4788 31
4921 4786 41
4919 4738 16
4919 4737 55
4919 4736 46
4919 4739 41
4919 4727 31
4919 4735 14
4919 4723 34
4919 4712 9
4919 4743 16
4919 4740 39
4919 4744 41
4919 4726 35
4919 4734 36
4919 4781 44
4919 4722 46
4919 4704 23
4919 4707 27
4919 4787 55
4919 4711 50
4919 4741 33
4919 4745 28
4919 4725 22
4919 4733 3
4919 4780 38
4919 4785 23
4919 4703 49
4919 4719 24
4919 5217 40
4919 4706 0
4919 4705 21
4919 4788 36
4919 4786 51
4862 4738 44
4862 4737 37
4862 4736 52
4862 4739 7
4862 4727 34
4862 4735 31
4862 4723 4
4862 4712 10
4862 4743 16
4862 4740 5
4862 4744 23
4862 4726 57
4862 4734 38
4862 4781 24
4862 4722 26
4862 4704 31
4862 4707 27
4862 4787 9
4862 4711 4
4862 4741 48
4862 4745 23
4862 4725 26
4862 4733 18
4862 4780 21
4862 4785 24
4862 4703 40
4862 4719 42
4862 5217 4
4862 4706 32
4862 4705 13
4862 4788 53
4862 4786 42
4859 4738 59
4859 4737 49
4859 4736 18
4859 4739 53
4859 4727 10
4859 4735 35
4859 4723 36
4859 4712 46
4859 4743 31
4859 4740 55
4859 4744 47
4859 4726 8
4859 4734 30
4859 4781 15
4859 4722 50
4859 4704 18
4859 4707 3
4859 4787 39
4859 4711 35
4859 4741 27
4859 4745 47
4859 4725 24
4859 4733 35
4859 4780 49
4859 4785 13
4859 4703 4
4859 4719 36
4859 5217 23
4859 4706 50
4859 4705 8
4859 4788 52
4859 4786 2
4904 4738 10
4904 4737 8
4904 4736 42
4904 4739 0
4904 4727 42
4904 4735 36
4904 4723 7
4904 4712 37
4904 4743 49
4904 4740 18
4904 4744 1
4904 4726 36
4904 4734 37
4904 4781 47
4904 4722 40
4904 4704 45
4904 4707 7
4904 4787 35
4904 4711 16
4904 4741 0
4904 4745 56
4904 4725 29
4904 4733 21
4904 4780 40
4904 4785 22
4904 4703 60
4904 4719 17
4904 5217 20
4904 4706 45
4904 4705 44
4904 4788 54
4904 4786 25
4851 4738 13
4851 4737 60
4851 4736 43
4851 4739 46
4851 4727 12
4851 4735 14
4851 4723 14
4851 4712 30
4851 4743 12
4851 4740 15
4851 4744 35
4851 4726 13
4851 4734 60
4851 4781 19
4851 4722 26
4851 4704 59
4851 4707 24
4851 4787 6
4851 4711 17
4851 4741 34
4851 4745 21
4851 4725 43
4851 4733 4
4851 4780 18
4851 4785 31
4851 4703 24
4851 4719 15
4851 5217 39
4851 4706 28
4851 4705 10
4851 4788 48
4851 4786 42
4918 4738 46
4918 4737 32
4918 4736 25
4918 4739 55
4918 4727 46
4918 4735 12
4918 4723 7
4918 4712 58
4918 4743 17
4918 4740 34
4918 4744 37
4918 4726 42
4918 4734 21
4918 4781 56
4918 4722 0
4918 4704 39
4918 4707 27
4918 4787 22
4918 4711 13
4918 4741 0
4918 4745 21
4918 4725 50
4918 4733 28
4918 4780 38
4918 4785 1
4918 4703 46
4918 4719 9
4918 5217 48
4918 4706 27
4918 4705 0
4918 4788 9
4918 4786 58
4848 4738 57
4848 4737 17
4848 4736 17
4848 4739 42
4848 4727 11
4848 4735 14
4848 4723 11
4848 4712 36
4848 4743 34
4848 4740 28
4848 4744 0
4848 4726 28
4848 4734 57
4848 4781 18
4848 4722 27
4848 4704 8
4848 4707 20
4848 4787 40
4848 4711 21
4848 4741 52
4848 4745 14
4848 4725 16
4848 4733 20
4848 4780 4
4848 4785 25
4848 4703 26
4848 4719 20
4848 5217 4
4848 4706 33
4848 4705 14
4848 4788 57
4848 4786 57
4853 4738 25
4853 4737 42
4853 4736 38
4853 4739 1
4853 4727 12
4853 4735 44
4853 4723 11
4853 4712 34
4853 4743 46
4853 4740 10
4853 4744 16
4853 4726 14
4853 4734 30
4853 4781 49
4853 4722 47
4853 4704 40
4853 4707 40
4853 4787 10
4853 4711 26
4853 4741 47
4853 4745 35
4853 4725 17
4853 4733 25
4853 4780 19
4853 4785 55
4853 4703 7
4853 4719 43
4853 5217 19
4853 4706 44
4853 4705 48
4853 4788 3
4853 4786 28
4855 4738 32
4855 4737 30
4855 4736 4
4855 4739 36
4855 4727 38
4855 4735 26
4855 4723 18
4855 4712 60
4855 4743 55
4855 4740 1
4855 4744 21
4855 4726 0
4855 4734 53
4855 4781 5
4855 4722 50
4855 4704 2
4855 4707 37
4855 4787 11
4855 4711 23
4855 4741 49
4855 4745 57
4855 4725 21
4855 4733 49
4855 4780 2
4855 4785 1
4855 4703 27
4855 4719 0
4855 5217 18
4855 4706 50
4855 4705 18
4855 4788 46
4855 4786 25
4868 4738 3
4868 4737 30
4868 4736 41
4868 4739 3
4868 4727 3
4868 4735 44
4868 4723 51
4868 4712 59
4868 4743 51
4868 4740 35
4868 4744 29
4868 4726 24
4868 4734 57
4868 4781 4
4868 4722 54
4868 4704 13
4868 4707 2
4868 4787 5
4868 4711 28
4868 4741 0
4868 4745 32
4868 4725 58
4868 4733 37
4868 4780 34
4868 4785 5
4868 4703 12
4868 4719 8
4868 5217 60
4868 4706 35
4868 4705 32
4868 4788 28
4868 4786 23
4872 4738 49
4872 4737 35
4872 4736 43
4872 4739 21
4872 4727 19
4872 4735 22
4872 4723 13
4872 4712 35
4872 4743 34
4872 4740 37
4872 4744 45
4872 4726 2
4872 4734 34
4872 4781 26
4872 4722 35
4872 4704 21
4872 4707 33
4872 4787 23
4872 4711 9
4872 4741 60
4872 4745 11
4872 4725 46
4872 4733 15
4872 4780 35
4872 4785 19
4872 4703 51
4872 4719 20
4872 5217 32
4872 4706 39
4872 4705 16
4872 4788 12
4872 4786 4
4998 4738 40
4998 4737 31
4998 4736 53
4998 4739 57
4998 4727 6
4998 4735 47
4998 4723 10
4998 4712 48
4998 4743 42
4998 4740 28
4998 4744 11
4998 4726 58
4998 4734 8
4998 4781 51
4998 4722 46
4998 4704 29
4998 4707 6
4998 4787 40
4998 4711 47
4998 4741 28
4998 4745 43
4998 4725 31
4998 4733 56
4998 4780 55
4998 4785 43
4998 4703 45
4998 4719 0
4998 5217 27
4998 4706 54
4998 4705 47
4998 4788 2
4998 4786 45
4923 4738 47
4923 4737 28
4923 4736 37
4923 4739 34
4923 4727 47
4923 4735 6
4923 4723 6
4923 4712 18
4923 4743 46
4923 4740 57
4923 4744 36
4923 4726 43
4923 4734 4
4923 4781 22
4923 4722 37
4923 4704 8
4923 4707 17
4923 4787 29
4923 4711 50
4923 4741 46
4923 4745 49
4923 4725 26
4923 4733 60
4923 4780 37
4923 4785 36
4923 4703 2
4923 4719 35
4923 5217 46
4923 4706 21
4923 4705 57
4923 4788 15
4923 4786 8
4920 4738 41
4920 4737 18
4920 4736 22
4920 4739 4
4920 4727 38
4920 4735 14
4920 4723 5
4920 4712 40
4920 4743 17
4920 4740 26
4920 4744 52
4920 4726 27
4920 4734 9
4920 4781 55
4920 4722 40
4920 4704 15
4920 4707 52
4920 4787 32
4920 4711 7
4920 4741 16
4920 4745 18
4920 4725 48
4920 4733 34
4920 4780 19
4920 4785 49
4920 4703 54
4920 4719 18
4920 5217 30
4920 4706 48
4920 4705 47
4920 4788 1
4920 4786 1
4927 4738 15
4927 4737 25
4927 4736 34
4927 4739 37
4927 4727 29
4927 4735 39
4927 4723 17
4927 4712 37
4927 4743 37
4927 4740 16
4927 4744 56
4927 4726 14
4927 4734 29
4927 4781 54
4927 4722 53
4927 4704 35
4927 4707 3
4927 4787 32
4927 4711 25
4927 4741 19
4927 4745 8
4927 4725 36
4927 4733 15
4927 4780 5
4927 4785 17
4927 4703 56
4927 4719 20
4927 5217 22
4927 4706 26
4927 4705 2
4927 4788 3
4927 4786 12
4861 4738 45
4861 4737 33
4861 4736 50
4861 4739 54
4861 4727 7
4861 4735 44
4861 4723 30
4861 4712 50
4861 4743 45
4861 4740 40
4861 4744 60
4861 4726 39
4861 4734 32
4861 4781 22
4861 4722 15
4861 4704 4
4861 4707 0
4861 4787 3
4861 4711 43
4861 4741 49
4861 4745 21
4861 4725 36
4861 4733 7
4861 4780 56
4861 4785 0
4861 4703 27
4861 4719 20
4861 5217 31
4861 4706 32
4861 4705 45
4861 4788 14
4861 4786 12
4858 4738 13
4858 4737 29
4858 4736 37
4858 4739 59
4858 4727 29
4858 4735 42
4858 4723 24
4858 4712 28
4858 4743 17
4858 4740 50
4858 4744 33
4858 4726 26
4858 4734 14
4858 4781 53
4858 4722 19
4858 4704 9
4858 4707 7
4858 4787 41
4858 4711 55
4858 4741 45
4858 4745 29
4858 4725 10
4858 4733 3
4858 4780 44
4858 4785 37
4858 4703 45
4858 4719 8
4858 5217 43
4858 4706 42
4858 4705 53
4858 4788 6
4858 4786 23
4903 4738 58
4903 4737 22
4903 4736 58
4903 4739 19
4903 4727 29
4903 4735 25
4903 4723 6
4903 4712 41
4903 4743 24
4903 4740 48
4903 4744 18
4903 4726 26
4903 4734 46
4903 4781 30
4903 4722 50
4903 4704 51
4903 4707 50
4903 4787 14
4903 4711 1
4903 4741 2
4903 4745 41
4903 4725 59
4903 4733 57
4903 4780 8
4903 4785 20
4903 4703 59
4903 4719 26
4903 5217 31
4903 4706 28
4903 4705 17
4903 4788 40
4903 4786 13
4846 4738 43
4846 4737 46
4846 4736 13
4846 4739 9
4846 4727 10
4846 4735 27
4846 4723 43
4846 4712 8
4846 4743 3
4846 4740 0
4846 4744 37
4846 4726 28
4846 4734 19
4846 4781 1
4846 4722 23
4846 4704 14
4846 4707 22
4846 4787 3
4846 4711 58
4846 4741 17
4846 4745 1
4846 4725 26
4846 4733 24
4846 4780 33
4846 4785 21
4846 4703 50
4846 4719 30
4846 5217 48
4846 4706 38
4846 4705 49
4846 4788 37
4846 4786 50
4847 4738 54
4847 4737 51
4847 4736 58
4847 4739 11
4847 4727 6
4847 4735 2
4847 4723 44
4847 4712 28
4847 4743 47
4847 4740 18
4847 4744 7
4847 4726 60
4847 4734 29
4847 4781 46
4847 4722 5
4847 4704 50
4847 4707 33
4847 4787 18
4847 4711 60
4847 4741 44
4847 4745 1
4847 4725 55
4847 4733 22
4847 4780 8
4847 4785 29
4847 4703 42
4847 4719 31
4847 5217 20
4847 4706 50
4847 4705 0
4847 4788 1
4847 4786 47
