10521 4836 60
10521 4836 55
10521 4836 30
10521 4836 22
10521 4834 21
10521 4834 16
10521 4834 24
10521 4834 56
10521 4819 58
10521 4819 36
10521 4819 10
10521 4819 18
10521 4838 2
10521 4838 1
10521 4838 54
10521 4838 55
10521 4833 3
10521 4833 32
10521 4833 45
10521 4833 12
10521 4818 12
10521 4818 7
10521 4818 18
10521 4818 12
10521 4881 26
10521 4881 55
10521 4881 19
10521 4881 0
10521 4814 48
10521 4814 32
10521 4814 57
10521 4814 4
10521 4835 50
10521 4835 21
10521 4835 27
10521 4835 50
10521 4860 36
10521 4860 2
10521 4860 2
10521 4860 51
10521 4884 28
10521 4884 17
10521 4884 47
10521 4884 21
10521 4826 59
10521 4826 47
10521 4826 39
10521 4826 52
10521 4817 3
10521 4817 29
10521 4817 27
10521 4817 34
10521 4837 54
10521 4837 52
10521 4837 6
10521 4837 4
10521 4813 5
10521 4813 50
10521 4813 39
10521 4813 44
10521 4880 11
10521 4880 18
10521 4880 40
10521 4880 9
10521 4883 20
10521 4883 21
10521 4883 20
10521 4883 0
10521 4886 8
10521 4886 46
10521 4886 33
10521 4886 34
10521 4636 29
10521 4636 16
10521 4636 27
10521 4636 37
10521 4815 54
10521 4815 24
10521 4815 42
10521 4815 0
10521 4856 26
10521 4856 55
10521 4856 6
10521 4856 12
10521 4861 15
10521 4861 43
10521 4861 56
10521 4861 54
10521 4906 20
10521 4906 47
10521 4906 12
10521 4906 39
10521 4885 57
10521 4885 24
10521 4885 12
10521 4885 55
10521 4898 49
10521 4898 56
10521 4898 32
10521 4898 3
10521 4823 36
10521 4823 48
10521 4823 16
10521 4823 2
10521 4816 8
10521 4816 38
10521 4816 28
10521 4816 49
10521 4812 51
10521 4812 23
10521 4812 58
10521 4812 59
10521 4827 51
10521 4827 30
10521 4827 10
10521 4827 44
10521 4635 29
10521 4635 40
10521 4635 22
10521 4635 5
10521 4876 3
10521 4876 21
10521 4876 2
10521 4876 55
10521 4882 23
10521 4882 42
10521 4882 12
10521 4882 27
10520 4836 28
10520 4836 22
10520 4836 7
10520 4836 18
10520 4834 33
10520 4834 1
10520 4834 18
10520 4834 60
10520 4819 22
10520 4819 39
10520 4819 33
10520 4819 5
10520 4838 54
10520 4838 23
10520 4838 18
10520 4838 51
10520 4833 57
10520 4833 58
10520 4833 53
10520 4833 53
10520 4818 59
10520 4818 23
10520 4818 0
10520 4818 8
10520 4881 32
10520 4881 57
10520 4881 21
10520 4881 55
10520 4814 45
10520 4814 39
10520 4814 37
10520 4814 1
10520 4835 6
10520 4835 54
10520 4835 8
10520 4835 8
10520 4860 0
10520 4860 3
10520 4860 45
10520 4860 59
10520 4884 54
10520 4884 1
10520 4884 60
10520 4884 17
10520 4826 40
10520 4826 17
10520 4826 0
10520 4826 47
10520 4817 24
10520 4817 50
10520 4817 50
10520 4817 56
10520 4837 42
10520 4837 37
10520 4837 33
10520 4837 1
10520 4813 25
10520 4813 12
10520 4813 50
10520 4813 36
10520 4880 51
10520 4880 50
10520 4880 9
10520 4880 48
10520 4883 42
10520 4883 31
10520 4883 28
10520 4883 56
10520 4886 25
10520 4886 26
10520 4886 27
10520 4886 32
10520 4636 8
10520 4636 37
10520 4636 26
10520 4636 52
10520 4815 9
10520 4815 35
10520 4815 39
10520 4815 39
10520 4856 34
10520 4856 50
10520 4856 21
10520 4856 57
10520 4861 42
10520 4861 30
10520 4861 6
10520 4861 20
10520 4906 57
10520 4906 35
10520 4906 17
10520 4906 32
10520 4885 36
10520 4885 52
10520 4885 8
10520 4885 39
10520 4898 2
10520 4898 2
10520 4898 31
10520 4898 42
10520 4823 53
10520 4823 53
10520 4823 53
10520 4823 15
10520 4816 55
10520 4816 15
10520 4816 25
10520 4816 6
10520 4812 57
10520 4812 59
10520 4812 28
10520 4812 7
10520 4827 33
10520 4827 37
10520 4827 58
10520 4827 47
10520 4635 37
10520 4635 47
10520 4635 51
10520 4635 54
10520 4876 17
10520 4876 36
10520 4876 20
10520 4876 2
10520 4882 58
10520 4882 20
10520 4882 32
10520 4882 11
10582 4836 10
10582 4836 1
10582 4836 18
10582 4836 18
10582 4834 25
10582 4834 4
10582 4834 24
10582 4834 50
10582 4819 35
10582 4819 48
10582 4819 37
10582 4819 44
10582 4838 21
10582 4838 10
10582 4838 30
10582 4838 38
10582 4833 57
10582 4833 13
10582 4833 16
10582 4833 29
10582 4818 30
10582 4818 5
10582 4818 13
10582 4818 11
10582 4881 1
10582 4881 26
10582 4881 58
10582 4881 37
10582 4814 8
10582 4814 28
10582 4814 3
10582 4814 32
10582 4835 12
10582 4835 16
10582 4835 1
10582 4835 17
10582 4860 21
10582 4860 44
10582 4860 2
10582 4860 50
10582 4884 52
10582 4884 52
10582 4884 30
10582 4884 43
10582 4826 57
10582 4826 4
10582 4826 26
10582 4826 10
10582 4817 2
10582 4817 22
10582 4817 54
10582 4817 2
10582 4837 43
10582 4837 24
10582 4837 11
10582 4837 25
10582 4813 9
10582 4813 31
10582 4813 34
10582 4813 13
10582 4880 58
10582 4880 60
10582 4880 34
10582 4880 41
10582 4883 19
10582 4883 54
10582 4883 13
10582 4883 34
10582 4886 46
10582 4886 8
10582 4886 59
10582 4886 45
10582 4636 50
10582 4636 40
10582 4636 34
10582 4636 1
10582 4815 47
10582 4815 51
10582 4815 25
10582 4815 59
10582 4856 9
10582 4856 43
10582 4856 27
10582 4856 36
10582 4861 17
10582 4861 5
10582 4861 11
10582 4861 2
10582 4906 18
10582 4906 6
10582 4906 58
10582 4906 18
10582 4885 4
10582 4885 46
10582 4885 3
10582 4885 20
10582 4898 48
10582 4898 38
10582 4898 41
10582 4898 34
10582 4823 28
10582 4823 19
10582 4823 40
10582 4823 4
10582 4816 2
10582 4816 14
10582 4816 24
10582 4816 37
10582 4812 40
10582 4812 12
10582 4812 46
10582 4812 37
10582 4827 52
10582 4827 17
10582 4827 31
10582 4827 54
10582 4635 32
10582 4635 4
10582 4635 42
10582 4635 29
10582 4876 36
10582 4876 2
10582 4876 19
10582 4876 58
10582 4882 50
10582 4882 14
10582 4882 3
10582 4882 45
10570 4836 47
10570 4836 35
10570 4836 55
10570 4836 40
10570 4834 47
10570 4834 20
10570 4834 55
10570 4834 39
10570 4819 32
10570 4819 10
10570 4819 14
10570 4819 4
10570 4838 10
10570 4838 11
10570 4838 1
10570 4838 28
10570 4833 31
10570 4833 9
10570 4833 4
10570 4833 3
10570 4818 17
10570 4818 21
10570 4818 56
10570 4818 35
10570 4881 47
10570 4881 6
10570 4881 0
10570 4881 25
10570 4814 17
10570 4814 4
10570 4814 9
10570 4814 36
10570 4835 46
10570 4835 11
10570 4835 55
10570 4835 56
10570 4860 21
10570 4860 4
10570 4860 51
10570 4860 32
10570 4884 23
10570 4884 12
10570 4884 50
10570 4884 15
10570 4826 10
10570 4826 31
10570 4826 10
10570 4826 30
10570 4817 25
10570 4817 58
10570 4817 9
10570 4817 40
10570 4837 12
10570 4837 48
10570 4837 9
10570 4837 11
10570 4813 29
10570 4813 40
10570 4813 17
10570 4813 5
10570 4880 17
10570 4880 10
10570 4880 36
10570 4880 11
10570 4883 10
10570 4883 42
10570 4883 25
10570 4883 30
10570 4886 9
10570 4886 60
10570 4886 58
10570 4886 25
10570 4636 59
10570 4636 35
10570 4636 58
10570 4636 35
10570 4815 1
10570 4815 41
10570 4815 53
10570 4815 44
10570 4856 44
10570 4856 59
10570 4856 59
10570 4856 44
10570 4861 41
10570 4861 50
10570 4861 27
10570 4861 40
10570 4906 14
10570 4906 13
10570 4906 43
10570 4906 57
10570 4885 36
10570 4885 56
10570 4885 52
10570 4885 46
10570 4898 7
10570 4898 49
10570 4898 1
10570 4898 44
10570 4823 60
10570 4823 53
10570 4823 8
10570 4823 13
10570 4816 41
10570 4816 17
10570 4816 50
10570 4816 40
10570 4812 27
10570 4812 30
10570 4812 50
10570 4812 12
10570 4827 24
10570 4827 47
10570 4827 2
10570 4827 2
10570 4635 3
10570 4635 30
10570 4635 25
10570 4635 39
10570 4876 45
10570 4876 23
10570 4876 45
10570 4876 38
10570 4882 27
10570 4882 26
10570 4882 25
10570 4882 31
5121 4836 19
5121 4836 27
5121 4836 9
5121 4836 19
5121 4834 7
5121 4834 0
5121 4834 52
5121 4834 6
5121 4819 51
5121 4819 54
5121 4819 19
5121 4819 15
5121 4838 30
5121 4838 11
5121 4838 10
5121 4838 54
5121 4833 25
5121 4833 20
5121 4833 5
5121 4833 55
5121 4818 48
5121 4818 24
5121 4818 50
5121 4818 3
5121 4881 12
5121 4881 16
5121 4881 24
5121 4881 5
5121 4814 1
5121 4814 49
5121 4814 6
5121 4814 27
5121 4835 50
5121 4835 35
5121 4835 53
5121 4835 20
5121 4860 54
5121 4860 18
5121 4860 56
5121 4860 1
5121 4884 40
5121 4884 14
5121 4884 45
5121 4884 31
5121 4826 15
5121 4826 3
5121 4826 46
5121 4826 48
5121 4817 16
5121 4817 35
5121 4817 12
5121 4817 53
5121 4837 20
5121 4837 33
5121 4837 41
5121 4837 55
5121 4813 7
5121 4813 51
5121 4813 13
5121 4813 46
5121 4880 44
5121 4880 6
5121 4880 0
5121 4880 30
5121 4883 14
5121 4883 46
5121 4883 17
5121 4883 11
5121 4886 51
5121 4886 47
5121 4886 50
5121 4886 51
5121 4636 4
5121 4636 54
5121 4636 31
5121 4636 32
5121 4815 42
5121 4815 41
5121 4815 42
5121 4815 36
5121 4856 26
5121 4856 10
5121 4856 49
5121 4856 21
5121 4861 39
5121 4861 13
5121 4861 60
5121 4861 21
5121 4906 58
5121 4906 48
5121 4906 21
5121 4906 34
5121 4885 60
5121 4885 36
5121 4885 7
5121 4885 27
5121 4898 9
5121 4898 29
5121 4898 18
5121 4898 43
5121 4823 15
5121 4823 42
5121 4823 35
5121 4823 55
5121 4816 30
5121 4816 16
5121 4816 13
5121 4816 28
5121 4812 27
5121 4812 31
5121 4812 15
5121 4812 43
5121 4827 30
5121 4827 11
5121 4827 38
5121 4827 52
5121 4635 37
5121 4635 4
5121 4635 28
5121 4635 13
5121 4876 16
5121 4876 5
5121 4876 13
5121 4876 49
5121 4882 1
5121 4882 49
5121 4882 0
5121 4882 55
5119 4836 32
5119 4836 7
5119 4836 34
5119 4836 28
5119 4834 10
5119 4834 1
5119 4834 8
5119 4834 2
5119 4819 2
5119 4819 37
5119 4819 56
5119 4819 18
5119 4838 12
5119 4838 7
5119 4838 16
5119 4838 42
5119 4833 15
5119 4833 33
5119 4833 60
5119 4833 42
5119 4818 60
5119 4818 51
5119 4818 7
5119 4818 10
5119 4881 58
5119 4881 50
5119 4881 38
5119 4881 41
5119 4814 53
5119 4814 23
5119 4814 0
5119 4814 24
5119 4835 39
5119 4835 23
5119 4835 50
5119 4835 17
5119 4860 56
5119 4860 8
5119 4860 39
5119 4860 52
5119 4884 51
5119 4884 7
5119 4884 2
5119 4884 55
5119 4826 45
5119 4826 39
5119 4826 13
5119 4826 0
5119 4817 33
5119 4817 60
5119 4817 3
5119 4817 21
5119 4837 32
5119 4837 46
5119 4837 58
5119 4837 32
5119 4813 59
5119 4813 27
5119 4813 47
5119 4813 10
5119 4880 6
5119 4880 46
5119 4880 27
5119 4880 17
5119 4883 25
5119 4883 5
5119 4883 9
5119 4883 27
5119 4886 1
5119 4886 12
5119 4886 56
5119 4886 23
5119 4636 31
5119 4636 5
5119 4636 31
5119 4636 27
5119 4815 7
5119 4815 30
5119 4815 37
5119 4815 37
5119 4856 23
5119 4856 23
5119 4856 60
5119 4856 28
5119 4861 21
5119 4861 23
5119 4861 55
5119 4861 48
5119 4906 27
5119 4906 11
5119 4906 38
5119 4906 0
5119 4885 50
5119 4885 14
5119 4885 39
5119 4885 39
5119 4898 36
5119 4898 9
5119 4898 35
5119 4898 39
5119 4823 26
5119 4823 2
5119 4823 13
5119 4823 12
5119 4816 45
5119 4816 7
5119 4816 24
5119 4816 39
5119 4812 55
5119 4812 8
5119 4812 35
5119 4812 3
5119 4827 19
5119 4827 7
5119 4827 22
5119 4827 60
5119 4635 19
5119 4635 26
5119 4635 16
5119 4635 48
5119 4876 23
5119 4876 6
5119 4876 32
5119 4876 28
5119 4882 35
5119 4882 33
5119 4882 58
5119 4882 16
10519 4836 59
10519 4836 44
10519 4836 23
10519 4836 27
10519 4834 4
10519 4834 28
10519 4834 60
10519 4834 57
10519 4819 15
10519 4819 21
10519 4819 35
10519 4819 52
10519 4838 21
10519 4838 3
10519 4838 31
10519 4838 58
10519 4833 58
10519 4833 33
10519 4833 17
10519 4833 59
10519 4818 19
10519 4818 4
10519 4818 45
10519 4818 15
10519 4881 20
10519 4881 60
10519 4881 3
10519 4881 34
10519 4814 58
10519 4814 4
10519 4814 55
10519 4814 27
10519 4835 10
10519 4835 33
10519 4835 48
10519 4835 26
10519 4860 16
10519 4860 20
10519 4860 18
10519 4860 15
10519 4884 11
10519 4884 8
10519 4884 0
10519 4884 11
10519 4826 22
10519 4826 23
10519 4826 1
10519 4826 17
10519 4817 13
10519 4817 34
10519 4817 14
10519 4817 26
10519 4837 46
10519 4837 21
10519 4837 27
10519 4837 0
10519 4813 1
10519 4813 14
10519 4813 50
10519 4813 0
10519 4880 3
10519 4880 0
10519 4880 41
10519 4880 58
10519 4883 14
10519 4883 56
10519 4883 0
10519 4883 58
10519 4886 39
10519 4886 53
10519 4886 60
10519 4886 17
10519 4636 13
10519 4636 50
10519 4636 14
10519 4636 25
10519 4815 2
10519 4815 38
10519 4815 23
10519 4815 55
10519 4856 10
10519 4856 23
10519 4856 60
10519 4856 49
10519 4861 39
10519 4861 34
10519 4861 3
10519 4861 26
10519 4906 0
10519 4906 58
10519 4906 7
10519 4906 53
10519 4885 60
10519 4885 53
10519 4885 29
10519 4885 44
10519 4898 32
10519 4898 56
10519 4898 39
10519 4898 21
10519 4823 23
10519 4823 2
10519 4823 11
10519 4823 6
10519 4816 24
10519 4816 52
10519 4816 33
10519 4816 33
10519 4812 38
10519 4812 36
10519 4812 36
10519 4812 26
10519 4827 40
10519 4827 19
10519 4827 27
10519 4827 51
10519 4635 17
10519 4635 52
10519 4635 6
10519 4635 55
10519 4876 47
10519 4876 58
10519 4876 21
10519 4876 3
10519 4882 10
10519 4882 47
10519 4882 8
10519 4882 50
5122 4836 12
5122 4836 24
5122 4836 1
5122 4836 17
5122 4834 37
5122 4834 58
5122 4834 50
5122 4834 52
5122 4819 21
5122 4819 22
5122 4819 43
5122 4819 27
5122 4838 47
5122 4838 2
5122 4838 12
5122 4838 40
5122 4833 25
5122 4833 7
5122 4833 59
5122 4833 42
5122 4818 56
5122 4818 59
5122 4818 19
5122 4818 10
5122 4881 22
5122 4881 34
5122 4881 54
5122 4881 26
5122 4814 17
5122 4814 45
5122 4814 52
5122 4814 37
5122 4835 9
5122 4835 41
5122 4835 18
5122 4835 2
5122 4860 30
5122 4860 34
5122 4860 57
5122 4860 16
5122 4884 39
5122 4884 3
5122 4884 36
5122 4884 55
5122 4826 19
5122 4826 51
5122 4826 55
5122 4826 35
5122 4817 21
5122 4817 37
5122 4817 46
5122 4817 9
5122 4837 6
5122 4837 39
5122 4837 54
5122 4837 53
5122 4813 37
5122 4813 9
5122 4813 38
5122 4813 6
5122 4880 18
5122 4880 27
5122 4880 26
5122 4880 59
5122 4883 4
5122 4883 0
5122 4883 38
5122 4883 40
5122 4886 6
5122 4886 11
5122 4886 52
5122 4886 28
5122 4636 58
5122 4636 31
5122 4636 59
5122 4636 51
5122 4815 30
5122 4815 55
5122 4815 35
5122 4815 2
5122 4856 12
5122 4856 15
5122 4856 4
5122 4856 56
5122 4861 11
5122 4861 51
5122 4861 13
5122 4861 20
5122 4906 8
5122 4906 14
5122 4906 52
5122 4906 41
5122 4885 10
5122 4885 33
5122 4885 47
5122 4885 26
5122 4898 15
5122 4898 25
5122 4898 12
5122 4898 51
5122 4823 0
5122 4823 0
5122 4823 50
5122 4823 51
5122 4816 53
5122 4816 4
5122 4816 58
5122 4816 13
5122 4812 57
5122 4812 56
5122 4812 9
5122 4812 19
5122 4827 37
5122 4827 2
5122 4827 30
5122 4827 32
5122 4635 3
5122 4635 42
5122 4635 35
5122 4635 59
5122 4876 28
5122 4876 60
5122 4876 36
5122 4876 41
5122 4882 18
5122 4882 10
5122 4882 35
5122 4882 19
10578 4836 38
10578 4836 3
10578 4836 22
10578 4836 4
10578 4834 47
10578 4834 15
10578 4834 30
10578 4834 12
10578 4819 30
10578 4819 57
10578 4819 40
10578 4819 39
10578 4838 16
10578 4838 34
10578 4838 26
10578 4838 42
10578 4833 40
10578 4833 37
10578 4833 33
10578 4833 47
10578 4818 12
10578 4818 40
10578 4818 13
10578 4818 44
10578 4881 6
10578 4881 45
10578 4881 58
10578 4881 44
10578 4814 56
10578 4814 28
10578 4814 5
10578 4814 26
10578 4835 33
10578 4835 60
10578 4835 4
10578 4835 4
10578 4860 34
10578 4860 12
10578 4860 31
10578 4860 51
10578 4884 55
10578 4884 1
10578 4884 54
10578 4884 29
10578 4826 24
10578 4826 39
10578 4826 19
10578 4826 36
10578 4817 10
10578 4817 11
10578 4817 17
10578 4817 51
10578 4837 40
10578 4837 39
10578 4837 37
10578 4837 17
10578 4813 8
10578 4813 37
10578 4813 22
10578 4813 28
10578 4880 8
10578 4880 16
10578 4880 48
10578 4880 16
10578 4883 37
10578 4883 52
10578 4883 25
10578 4883 33
10578 4886 47
10578 4886 60
10578 4886 28
10578 4886 56
10578 4636 53
10578 4636 52
10578 4636 49
10578 4636 36
10578 4815 44
10578 4815 48
10578 4815 56
10578 4815 14
10578 4856 13
10578 4856 50
10578 4856 47
10578 4856 51
10578 4861 57
10578 4861 17
10578 4861 3
10578 4861 5
10578 4906 32
10578 4906 28
10578 4906 55
10578 4906 57
10578 4885 24
10578 4885 0
10578 4885 30
10578 4885 54
10578 4898 42
10578 4898 40
10578 4898 7
10578 4898 15
10578 4823 25
10578 4823 45
10578 4823 58
10578 4823 23
10578 4816 58
10578 4816 22
10578 4816 25
10578 4816 4
10578 4812 29
10578 4812 33
10578 4812 0
10578 4812 36
10578 4827 0
10578 4827 26
10578 4827 49
10578 4827 32
10578 4635 26
10578 4635 33
10578 4635 27
10578 4635 20
10578 4876 35
10578 4876 1
10578 4876 39
10578 4876 33
10578 4882 18
10578 4882 43
10578 4882 34
10578 4882 20
10567 4836 31
10567 4836 1
10567 4836 16
10567 4836 56
10567 4834 23
10567 4834 6
10567 4834 32
10567 4834 47
10567 4819 52
10567 4819 14
10567 4819 5
10567 4819 48
10567 4838 14
10567 4838 47
10567 4838 35
10567 4838 0
10567 4833 53
10567 4833 42
10567 4833 52
10567 4833 25
10567 4818 35
10567 4818 36
10567 4818 19
10567 4818 49
10567 4881 49
10567 4881 26
10567 4881 26
10567 4881 15
10567 4814 1
10567 4814 13
10567 4814 26
10567 4814 21
10567 4835 34
10567 4835 44
10567 4835 30
10567 4835 21
10567 4860 49
10567 4860 50
10567 4860 49
10567 4860 55
10567 4884 24
10567 4884 7
10567 4884 13
10567 4884 25
10567 4826 24
10567 4826 2
10567 4826 11
10567 4826 34
10567 4817 6
10567 4817 24
10567 4817 43
10567 4817 18
10567 4837 20
10567 4837 13
10567 4837 59
10567 4837 50
10567 4813 36
10567 4813 44
10567 4813 18
10567 4813 40
10567 4880 57
10567 4880 0
10567 4880 38
10567 4880 59
10567 4883 17
10567 4883 11
10567 4883 11
10567 4883 60
10567 4886 39
10567 4886 9
10567 4886 26
10567 4886 8
10567 4636 6
10567 4636 2
10567 4636 47
10567 4636 53
10567 4815 46
10567 4815 51
10567 4815 39
10567 4815 33
10567 4856 13
10567 4856 6
10567 4856 19
10567 4856 0
10567 4861 42
10567 4861 14
10567 4861 37
10567 4861 33
10567 4906 50
10567 4906 2
10567 4906 31
10567 4906 28
10567 4885 44
10567 4885 38
10567 4885 43
10567 4885 7
10567 4898 9
10567 4898 11
10567 4898 49
10567 4898 31
10567 4823 58
10567 4823 37
10567 4823 36
10567 4823 40
10567 4816 5
10567 4816 32
10567 4816 15
10567 4816 36
10567 4812 60
10567 4812 43
10567 4812 58
10567 4812 49
10567 4827 37
10567 4827 37
10567 4827 31
10567 4827 59
10567 4635 49
10567 4635 49
10567 4635 34
10567 4635 29
10567 4876 6
10567 4876 1
10567 4876 11
10567 4876 22
10567 4882 16
10567 4882 49
10567 4882 36
10567 4882 3
5120 4836 14
5120 4836 24
5120 4836 47
5120 4836 55
5120 4834 0
5120 4834 56
5120 4834 55
5120 4834 2
5120 4819 32
5120 4819 31
5120 4819 21
5120 4819 56
5120 4838 36
5120 4838 45
5120 4838 53
5120 4838 28
5120 4833 36
5120 4833 19
5120 4833 0
5120 4833 13
5120 4818 17
5120 4818 7
5120 4818 46
5120 4818 39
5120 4881 33
5120 4881 19
5120 4881 38
5120 4881 38
5120 4814 48
5120 4814 7
5120 4814 58
5120 4814 57
5120 4835 34
5120 4835 49
5120 4835 54
5120 4835 50
5120 4860 46
5120 4860 37
5120 4860 47
5120 4860 59
5120 4884 54
5120 4884 8
5120 4884 47
5120 4884 6
5120 4826 9
5120 4826 29
5120 4826 52
5120 4826 9
5120 4817 18
5120 4817 43
5120 4817 38
5120 4817 40
5120 4837 6
5120 4837 31
5120 4837 56
5120 4837 52
5120 4813 12
5120 4813 57
5120 4813 56
5120 4813 50
5120 4880 0
5120 4880 57
5120 4880 36
5120 4880 37
5120 4883 17
5120 4883 5
5120 4883 35
5120 4883 49
5120 4886 19
5120 4886 59
5120 4886 40
5120 4886 44
5120 4636 21
5120 4636 59
5120 4636 17
5120 4636 36
5120 4815 29
5120 4815 26
5120 4815 14
5120 4815 22
5120 4856 15
5120 4856 24
5120 4856 54
5120 4856 6
5120 4861 43
5120 4861 52
5120 4861 10
5120 4861 24
5120 4906 11
5120 4906 11
5120 4906 22
5120 4906 8
5120 4885 11
5120 4885 39
5120 4885 24
5120 4885 55
5120 4898 22
5120 4898 42
5120 4898 20
5120 4898 56
5120 4823 51
5120 4823 60
5120 4823 23
5120 4823 50
5120 4816 53
5120 4816 52
5120 4816 26
5120 4816 36
5120 4812 3
5120 4812 44
5120 4812 15
5120 4812 60
5120 4827 52
5120 4827 48
5120 4827 3
5120 4827 15
5120 4635 58
5120 4635 9
5120 4635 6
5120 4635 19
5120 4876 24
5120 4876 43
5120 4876 8
5120 4876 23
5120 4882 2
5120 4882 1
5120 4882 34
5120 4882 28
5113 4836 51
5113 4836 12
5113 4836 23
5113 4836 48
5113 4834 21
5113 4834 2
5113 4834 21
5113 4834 49
5113 4819 48
5113 4819 36
5113 4819 29
5113 4819 40
5113 4838 7
5113 4838 45
5113 4838 30
5113 4838 35
5113 4833 37
5113 4833 14
5113 4833 23
5113 4833 9
5113 4818 12
5113 4818 27
5113 4818 54
5113 4818 38
5113 4881 9
5113 4881 8
5113 4881 56
5113 4881 26
5113 4814 48
5113 4814 24
5113 4814 44
5113 4814 2
5113 4835 37
5113 4835 30
5113 4835 3
5113 4835 35
5113 4860 35
5113 4860 47
5113 4860 50
5113 4860 56
5113 4884 37
5113 4884 12
5113 4884 42
5113 4884 0
5113 4826 52
5113 4826 24
5113 4826 57
5113 4826 23
5113 4817 21
5113 4817 21
5113 4817 28
5113 4817 19
5113 4837 16
5113 4837 60
5113 4837 42
5113 4837 49
5113 4813 36
5113 4813 22
5113 4813 44
5113 4813 56
5113 4880 10
5113 4880 1
5113 4880 36
5113 4880 2
5113 4883 52
5113 4883 51
5113 4883 5
5113 4883 16
5113 4886 55
5113 4886 33
5113 4886 59
5113 4886 48
5113 4636 2
5113 4636 52
5113 4636 54
5113 4636 2
5113 4815 39
5113 4815 51
5113 4815 29
5113 4815 47
5113 4856 3
5113 4856 31
5113 4856 56
5113 4856 53
5113 4861 38
5113 4861 58
5113 4861 44
5113 4861 22
5113 4906 20
5113 4906 22
5113 4906 27
5113 4906 40
5113 4885 46
5113 4885 54
5113 4885 41
5113 4885 56
5113 4898 49
5113 4898 40
5113 4898 60
5113 4898 1
5113 4823 4
5113 4823 60
5113 4823 54
5113 4823 51
5113 4816 57
5113 4816 15
5113 4816 44
5113 4816 57
5113 4812 22
5113 4812 51
5113 4812 59
5113 4812 12
5113 4827 51
5113 4827 43
5113 4827 36
5113 4827 4
5113 4635 25
5113 4635 24
5113 4635 51
5113 4635 20
5113 4876 29
5113 4876 35
5113 4876 1
5113 4876 50
5113 4882 0
5113 4882 0
5113 4882 34
5113 4882 2
5118 4836 14
5118 4836 43
5118 4836 10
5118 4836 34
5118 4834 41
5118 4834 56
5118 4834 28
5118 4834 55
5118 4819 16
5118 4819 13
5118 4819 16
5118 4819 60
5118 4838 26
5118 4838 5
5118 4838 36
5118 4838 49
5118 4833 23
5118 4833 16
5118 4833 12
5118 4833 46
5118 4818 46
5118 4818 18
5118 4818 50
5118 4818 40
5118 4881 39
5118 4881 36
5118 4881 16
5118 4881 1
5118 4814 39
5118 4814 51
5118 4814 47
5118 4814 11
5118 4835 34
5118 4835 37
5118 4835 30
5118 4835 33
5118 4860 27
5118 4860 0
5118 4860 7
5118 4860 47
5118 4884 2
5118 4884 46
5118 4884 46
5118 4884 5
5118 4826 9
5118 4826 53
5118 4826 40
5118 4826 32
5118 4817 9
5118 4817 16
5118 4817 6
5118 4817 2
5118 4837 33
5118 4837 41
5118 4837 56
5118 4837 42
5118 4813 9
5118 4813 13
5118 4813 51
5118 4813 12
5118 4880 58
5118 4880 34
5118 4880 43
5118 4880 13
5118 4883 52
5118 4883 10
5118 4883 49
5118 4883 38
5118 4886 5
5118 4886 22
5118 4886 14
5118 4886 54
5118 4636 45
5118 4636 50
5118 4636 1
5118 4636 13
5118 4815 42
5118 4815 16
5118 4815 0
5118 4815 37
5118 4856 35
5118 4856 57
5118 4856 40
5118 4856 37
5118 4861 10
5118 4861 38
5118 4861 15
5118 4861 16
5118 4906 19
5118 4906 45
5118 4906 30
5118 4906 22
5118 4885 1
5118 4885 44
5118 4885 41
5118 4885 3
5118 4898 11
5118 4898 38
5118 4898 37
5118 4898 45
5118 4823 50
5118 4823 32
5118 4823 55
5118 4823 40
5118 4816 46
5118 4816 7
5118 4816 49
5118 4816 58
5118 4812 15
5118 4812 15
5118 4812 39
5118 4812 1
5118 4827 1
5118 4827 25
5118 4827 56
5118 4827 15
5118 4635 41
5118 4635 53
5118 4635 19
5118 4635 21
5118 4876 21
5118 4876 21
5118 4876 55
5118 4876 12
5118 4882 35
5118 4882 50
5118 4882 7
5118 4882 18
10518 4836 31
10518 4836 57
10518 4836 21
10518 4836 3
10518 4834 49
10518 4834 31
10518 4834 19
10518 4834 13
10518 4819 46
10518 4819 45
10518 4819 18
10518 4819 10
10518 4838 38
10518 4838 33
10518 4838 52
10518 4838 35
10518 4833 50
10518 4833 52
10518 4833 8
10518 4833 4
10518 4818 28
10518 4818 31
10518 4818 20
10518 4818 59
10518 4881 57
10518 4881 48
10518 4881 38
10518 4881 48
10518 4814 43
10518 4814 29
10518 4814 47
10518 4814 30
10518 4835 6
10518 4835 60
10518 4835 23
10518 4835 27
10518 4860 42
10518 4860 21
10518 4860 12
10518 4860 57
10518 4884 12
10518 4884 28
10518 4884 18
10518 4884 47
10518 4826 11
10518 4826 59
10518 4826 18
10518 4826 47
10518 4817 53
10518 4817 12
10518 4817 36
10518 4817 53
10518 4837 6
10518 4837 52
10518 4837 4
10518 4837 41
10518 4813 18
10518 4813 6
10518 4813 4
10518 4813 35
10518 4880 48
10518 4880 37
10518 4880 2
10518 4880 52
10518 4883 0
10518 4883 50
10518 4883 58
10518 4883 11
10518 4886 0
10518 4886 23
10518 4886 46
10518 4886 50
10518 4636 52
10518 4636 48
10518 4636 1
10518 4636 35
10518 4815 30
10518 4815 13
10518 4815 25
10518 4815 8
10518 4856 9
10518 4856 45
10518 4856 13
10518 4856 46
10518 4861 29
10518 4861 47
10518 4861 40
10518 4861 56
10518 4906 18
10518 4906 57
10518 4906 39
10518 4906 22
10518 4885 53
10518 4885 5
10518 4885 45
10518 4885 28
10518 4898 0
10518 4898 48
10518 4898 36
10518 4898 19
10518 4823 52
10518 4823 1
10518 4823 39
10518 4823 36
10518 4816 22
10518 4816 6
10518 4816 2
10518 4816 33
10518 4812 4
10518 4812 42
10518 4812 41
10518 4812 15
10518 4827 12
10518 4827 16
10518 4827 16
10518 4827 20
10518 4635 47
10518 4635 16
10518 4635 50
10518 4635 18
10518 4876 42
10518 4876 18
10518 4876 16
10518 4876 42
10518 4882 36
10518 4882 9
10518 4882 55
10518 4882 42
10568 4836 33
10568 4836 49
10568 4836 55
10568 4836 38
10568 4834 0
10568 4834 32
10568 4834 6
10568 4834 24
10568 4819 56
10568 4819 46
10568 4819 54
10568 4819 24
10568 4838 5
10568 4838 5
10568 4838 26
10568 4838 8
10568 4833 1
10568 4833 59
10568 4833 7
10568 4833 33
10568 4818 35
10568 4818 35
10568 4818 47
10568 4818 17
10568 4881 47
10568 4881 18
10568 4881 6
10568 4881 43
10568 4814 42
10568 4814 41
10568 4814 8
10568 4814 59
10568 4835 13
10568 4835 53
10568 4835 46
10568 4835 17
10568 4860 28
10568 4860 12
10568 4860 21
10568 4860 21
10568 4884 1
10568 4884 34
10568 4884 1
10568 4884 48
10568 4826 47
10568 4826 3
10568 4826 55
10568 4826 2
10568 4817 1
10568 4817 50
10568 4817 47
10568 4817 59
10568 4837 58
10568 4837 27
10568 4837 50
10568 4837 51
10568 4813 37
10568 4813 53
10568 4813 39
10568 4813 0
10568 4880 56
10568 4880 24
10568 4880 59
10568 4880 49
10568 4883 51
10568 4883 23
10568 4883 5
10568 4883 30
10568 4886 2
10568 4886 11
10568 4886 28
10568 4886 57
10568 4636 26
10568 4636 29
10568 4636 32
10568 4636 44
10568 4815 22
10568 4815 27
10568 4815 13
10568 4815 22
10568 4856 6
10568 4856 8
10568 4856 53
10568 4856 56
10568 4861 14
10568 4861 51
10568 4861 27
10568 4861 18
10568 4906 60
10568 4906 23
10568 4906 29
10568 4906 27
10568 4885 22
10568 4885 53
10568 4885 45
10568 4885 21
10568 4898 10
10568 4898 12
10568 4898 17
10568 4898 27
10568 4823 57
10568 4823 22
10568 4823 40
10568 4823 42
10568 4816 34
10568 4816 53
10568 4816 10
10568 4816 52
10568 4812 5
10568 4812 18
10568 4812 25
10568 4812 59
10568 4827 36
10568 4827 36
10568 4827 51
10568 4827 55
10568 4635 32
10568 4635 45
10568 4635 15
10568 4635 39
10568 4876 56
10568 4876 4
10568 4876 43
10568 4876 33
10568 4882 49
10568 4882 21
10568 4882 5
10568 4882 58
5126 4836 13
5126 4836 19
5126 4836 57
5126 4836 0
5126 4834 55
5126 4834 35
5126 4834 6
5126 4834 40
5126 4819 40
5126 4819 50
5126 4819 40
5126 4819 23
5126 4838 55
5126 4838 9
5126 4838 17
5126 4838 18
5126 4833 30
5126 4833 50
5126 4833 57
5126 4833 57
5126 4818 39
5126 4818 39
5126 4818 4
5126 4818 42
5126 4881 52
5126 4881 30
5126 4881 6
5126 4881 30
5126 4814 18
5126 4814 11
5126 4814 50
5126 4814 55
5126 4835 21
5126 4835 46
5126 4835 43
5126 4835 0
5126 4860 31
5126 4860 46
5126 4860 35
5126 4860 14
5126 4884 22
5126 4884 11
5126 4884 1
5126 4884 20
5126 4826 37
5126 4826 35
5126 4826 28
5126 4826 23
5126 4817 21
5126 4817 46
5126 4817 20
5126 4817 4
5126 4837 54
5126 4837 55
5126 4837 52
5126 4837 1
5126 4813 0
5126 4813 40
5126 4813 18
5126 4813 6
5126 4880 52
5126 4880 59
5126 4880 47
5126 4880 36
5126 4883 53
5126 4883 5
5126 4883 44
5126 4883 29
5126 4886 52
5126 4886 40
5126 4886 60
5126 4886 45
5126 4636 41
5126 4636 43
5126 4636 52
5126 4636 5
5126 4815 38
5126 4815 55
5126 4815 13
5126 4815 42
5126 4856 40
5126 4856 27
5126 4856 48
5126 4856 34
5126 4861 20
5126 4861 2
5126 4861 13
5126 4861 50
5126 4906 23
5126 4906 11
5126 4906 40
5126 4906 19
5126 4885 28
5126 4885 10
5126 4885 6
5126 4885 37
5126 4898 40
5126 4898 60
5126 4898 29
5126 4898 59
5126 4823 42
5126 4823 60
5126 4823 11
5126 4823 0
5126 4816 44
5126 4816 10
5126 4816 14
5126 4816 33
5126 4812 59
5126 4812 26
5126 4812 25
5126 4812 37
5126 4827 29
5126 4827 54
5126 4827 38
5126 4827 58
5126 4635 3
5126 4635 48
5126 4635 6
5126 4635 33
5126 4876 2
5126 4876 39
5126 4876 52
5126 4876 28
5126 4882 20
5126 4882 56
5126 4882 30
5126 4882 34
5132 4836 38
5132 4836 45
5132 4836 57
5132 4836 58
5132 4834 60
5132 4834 7
5132 4834 54
5132 4834 23
5132 4819 24
5132 4819 46
5132 4819 51
5132 4819 7
5132 4838 43
5132 4838 6
5132 4838 22
5132 4838 54
5132 4833 21
5132 4833 15
5132 4833 7
5132 4833 54
5132 4818 46
5132 4818 20
5132 4818 16
5132 4818 29
5132 4881 37
5132 4881 35
5132 4881 27
5132 4881 20
5132 4814 15
5132 4814 4
5132 4814 0
5132 4814 37
5132 4835 56
5132 4835 9
5132 4835 48
5132 4835 24
5132 4860 16
5132 4860 52
5132 4860 54
5132 4860 7
5132 4884 11
5132 4884 56
5132 4884 22
5132 4884 25
5132 4826 53
5132 4826 39
5132 4826 55
5132 4826 22
5132 4817 2
5132 4817 39
5132 4817 43
5132 4817 17
5132 4837 47
5132 4837 42
5132 4837 0
5132 4837 34
5132 4813 42
5132 4813 48
5132 4813 43
5132 4813 55
5132 4880 55
5132 4880 19
5132 4880 26
5132 4880 38
5132 4883 23
5132 4883 12
5132 4883 0
5132 4883 13
5132 4886 16
5132 4886 47
5132 4886 42
5132 4886 52
5132 4636 19
5132 4636 43
5132 4636 55
5132 4636 28
5132 4815 44
5132 4815 54
5132 4815 36
5132 4815 12
5132 4856 53
5132 4856 39
5132 4856 46
5132 4856 50
5132 4861 55
5132 4861 31
5132 4861 8
5132 4861 31
5132 4906 30
5132 4906 58
5132 4906 35
5132 4906 46
5132 4885 50
5132 4885 55
5132 4885 24
5132 4885 30
5132 4898 58
5132 4898 23
5132 4898 43
5132 4898 38
5132 4823 10
5132 4823 42
5132 4823 39
5132 4823 10
5132 4816 15
5132 4816 0
5132 4816 28
5132 4816 47
5132 4812 24
5132 4812 2
5132 4812 23
5132 4812 57
5132 4827 24
5132 4827 28
5132 4827 3
5132 4827 46
5132 4635 59
5132 4635 37
5132 4635 14
5132 4635 23
5132 4876 4
5132 4876 12
5132 4876 51
5132 4876 17
5132 4882 33
5132 4882 22
5132 4882 4
5132 4882 56
10569 4836 22
10569 4836 6
10569 4836 57
10569 4836 37
10569 4834 7
10569 4834 46
10569 4834 48
10569 4834 10
10569 4819 23
10569 4819 43
10569 4819 52
10569 4819 52
10569 4838 0
10569 4838 11
10569 4838 10
10569 4838 1
10569 4833 51
10569 4833 13
10569 4833 16
10569 4833 11
10569 4818 56
10569 4818 46
10569 4818 32
10569 4818 24
10569 4881 53
10569 4881 9
10569 4881 0
10569 4881 56
10569 4814 0
10569 4814 20
10569 4814 9
10569 4814 42
10569 4835 1
10569 4835 41
10569 4835 2
10569 4835 48
10569 4860 28
10569 4860 30
10569 4860 42
10569 4860 47
10569 4884 29
10569 4884 33
10569 4884 15
10569 4884 57
10569 4826 26
10569 4826 21
10569 4826 0
10569 4826 56
10569 4817 39
10569 4817 6
10569 4817 33
10569 4817 26
10569 4837 58
10569 4837 27
10569 4837 19
10569 4837 34
10569 4813 34
10569 4813 44
10569 4813 26
10569 4813 0
10569 4880 53
10569 4880 12
10569 4880 25
10569 4880 11
10569 4883 13
10569 4883 57
10569 4883 19
10569 4883 29
10569 4886 52
10569 4886 36
10569 4886 43
10569 4886 11
10569 4636 6
10569 4636 51
10569 4636 55
10569 4636 28
10569 4815 0
10569 4815 38
10569 4815 24
10569 4815 56
10569 4856 46
10569 4856 54
10569 4856 36
10569 4856 59
10569 4861 6
10569 4861 25
10569 4861 11
10569 4861 48
10569 4906 33
10569 4906 33
10569 4906 54
10569 4906 0
10569 4885 35
10569 4885 22
10569 4885 23
10569 4885 47
10569 4898 24
10569 4898 1
10569 4898 39
10569 4898 5
10569 4823 58
10569 4823 12
10569 4823 33
10569 4823 54
10569 4816 5
10569 4816 42
10569 4816 27
10569 4816 7
10569 4812 44
10569 4812 58
10569 4812 1
10569 4812 19
10569 4827 12
10569 4827 12
10569 4827 32
10569 4827 55
10569 4635 59
10569 4635 13
10569 4635 37
10569 4635 50
10569 4876 35
10569 4876 22
10569 4876 16
10569 4876 16
10569 4882 40
10569 4882 55
10569 4882 52
10569 4882 3
10583 4836 40
10583 4836 13
10583 4836 44
10583 4836 57
10583 4834 13
10583 4834 33
10583 4834 13
10583 4834 54
10583 4819 55
10583 4819 39
10583 4819 49
10583 4819 57
10583 4838 43
10583 4838 44
10583 4838 9
10583 4838 60
10583 4833 28
10583 4833 56
10583 4833 39
10583 4833 37
10583 4818 4
10583 4818 52
10583 4818 15
10583 4818 17
10583 4881 13
10583 4881 24
10583 4881 8
10583 4881 42
10583 4814 17
10583 4814 40
10583 4814 1
10583 4814 36
10583 4835 43
10583 4835 10
10583 4835 59
10583 4835 39
10583 4860 39
10583 4860 49
10583 4860 32
10583 4860 57
10583 4884 43
10583 4884 53
10583 4884 23
10583 4884 42
10583 4826 28
10583 4826 1
10583 4826 36
10583 4826 32
10583 4817 6
10583 4817 6
10583 4817 36
10583 4817 42
10583 4837 9
10583 4837 38
10583 4837 44
10583 4837 39
10583 4813 8
10583 4813 56
10583 4813 2
10583 4813 38
10583 4880 12
10583 4880 3
10583 4880 17
10583 4880 39
10583 4883 20
10583 4883 20
10583 4883 16
10583 4883 29
10583 4886 34
10583 4886 22
10583 4886 37
10583 4886 39
10583 4636 53
10583 4636 9
10583 4636 49
10583 4636 18
10583 4815 6
10583 4815 30
10583 4815 47
10583 4815 49
10583 4856 16
10583 4856 1
10583 4856 1
10583 4856 26
10583 4861 39
10583 4861 47
10583 4861 1
10583 4861 9
10583 4906 50
10583 4906 39
10583 4906 6
10583 4906 9
10583 4885 14
10583 4885 60
10583 4885 32
10583 4885 55
10583 4898 57
10583 4898 19
10583 4898 0
10583 4898 17
10583 4823 32
10583 4823 18
10583 4823 52
10583 4823 60
10583 4816 53
10583 4816 57
10583 4816 20
10583 4816 4
10583 4812 43
10583 4812 19
10583 4812 53
10583 4812 31
10583 4827 60
10583 4827 33
10583 4827 46
10583 4827 1
10583 4635 15
10583 4635 52
10583 4635 31
10583 4635 23
10583 4876 20
10583 4876 14
10583 4876 25
10583 4876 41
10583 4882 8
10583 4882 1
10583 4882 48
10583 4882 51
10566 4836 21
10566 4836 36
10566 4836 3
10566 4836 0
10566 4834 16
10566 4834 40
10566 4834 45
10566 4834 58
10566 4819 18
10566 4819 25
10566 4819 35
10566 4819 13
10566 4838 6
10566 4838 7
10566 4838 32
10566 4838 5
10566 4833 38
10566 4833 22
10566 4833 40
10566 4833 46
10566 4818 24
10566 4818 23
10566 4818 45
10566 4818 54
10566 4881 40
10566 4881 6
10566 4881 7
10566 4881 59
10566 4814 2
10566 4814 35
10566 4814 23
10566 4814 31
10566 4835 23
10566 4835 27
10566 4835 34
10566 4835 29
10566 4860 24
10566 4860 36
10566 4860 32
10566 4860 31
10566 4884 51
10566 4884 48
10566 4884 59
10566 4884 29
10566 4826 8
10566 4826 57
10566 4826 22
10566 4826 48
10566 4817 45
10566 4817 39
10566 4817 3
10566 4817 1
10566 4837 42
10566 4837 39
10566 4837 22
10566 4837 28
10566 4813 34
10566 4813 37
10566 4813 11
10566 4813 9
10566 4880 41
10566 4880 31
10566 4880 42
10566 4880 10
10566 4883 27
10566 4883 40
10566 4883 6
10566 4883 17
10566 4886 26
10566 4886 58
10566 4886 12
10566 4886 6
10566 4636 43
10566 4636 16
10566 4636 45
10566 4636 52
10566 4815 49
10566 4815 23
10566 4815 2
10566 4815 42
10566 4856 16
10566 4856 58
10566 4856 31
10566 4856 36
10566 4861 43
10566 4861 54
10566 4861 30
10566 4861 10
10566 4906 54
10566 4906 10
10566 4906 9
10566 4906 7
10566 4885 34
10566 4885 22
10566 4885 39
10566 4885 43
10566 4898 6
10566 4898 36
10566 4898 44
10566 4898 11
10566 4823 31
10566 4823 22
10566 4823 3
10566 4823 12
10566 4816 18
10566 4816 8
10566 4816 37
10566 4816 3
10566 4812 35
10566 4812 42
10566 4812 22
10566 4812 14
10566 4827 33
10566 4827 54
10566 4827 30
10566 4827 15
10566 4635 38
10566 4635 37
10566 4635 53
10566 4635 53
10566 4876 59
10566 4876 22
10566 4876 26
10566 4876 39
10566 4882 56
10566 4882 43
10566 4882 14
10566 4882 40
10577 4836 47
10577 4836 19
10577 4836 60
10577 4836 13
10577 4834 11
10577 4834 9
10577 4834 49
10577 4834 45
10577 4819 46
10577 4819 17
10577 4819 12
10577 4819 11
10577 4838 45
10577 4838 33
10577 4838 37
10577 4838 55
10577 4833 54
10577 4833 57
10577 4833 7
10577 4833 55
10577 4818 1
10577 4818 13
10577 4818 24
10577 4818 3
10577 4881 32
10577 4881 22
10577 4881 2
10577 4881 39
10577 4814 7
10577 4814 9
10577 4814 49
10577 4814 22
10577 4835 46
10577 4835 19
10577 4835 20
10577 4835 54
10577 4860 4
10577 4860 25
10577 4860 28
10577 4860 56
10577 4884 11
10577 4884 53
10577 4884 50
10577 4884 43
10577 4826 36
10577 4826 42
10577 4826 27
10577 4826 13
10577 4817 37
10577 4817 44
10577 4817 38
10577 4817 53
10577 4837 3
10577 4837 28
10577 4837 5
10577 4837 57
10577 4813 26
10577 4813 11
10577 4813 17
10577 4813 18
10577 4880 3
10577 4880 27
10577 4880 39
10577 4880 44
10577 4883 16
10577 4883 26
10577 4883 41
10577 4883 8
10577 4886 41
10577 4886 50
10577 4886 50
10577 4886 20
10577 4636 48
10577 4636 15
10577 4636 16
10577 4636 53
10577 4815 33
10577 4815 55
10577 4815 50
10577 4815 40
10577 4856 46
10577 4856 41
10577 4856 3
10577 4856 31
10577 4861 39
10577 4861 57
10577 4861 14
10577 4861 33
10577 4906 14
10577 4906 29
10577 4906 56
10577 4906 48
10577 4885 17
10577 4885 8
10577 4885 40
10577 4885 9
10577 4898 37
10577 4898 3
10577 4898 51
10577 4898 44
10577 4823 1
10577 4823 17
10577 4823 31
10577 4823 8
10577 4816 20
10577 4816 19
10577 4816 60
10577 4816 23
10577 4812 39
10577 4812 14
10577 4812 46
10577 4812 42
10577 4827 54
10577 4827 28
10577 4827 46
10577 4827 46
10577 4635 8
10577 4635 1
10577 4635 1
10577 4635 43
10577 4876 14
10577 4876 24
10577 4876 33
10577 4876 1
10577 4882 34
10577 4882 17
10577 4882 34
10577 4882 53
5123 4836 25
5123 4836 36
5123 4836 47
5123 4836 38
5123 4834 42
5123 4834 36
5123 4834 14
5123 4834 33
5123 4819 48
5123 4819 48
5123 4819 4
5123 4819 56
5123 4838 42
5123 4838 25
5123 4838 45
5123 4838 36
5123 4833 15
5123 4833 33
5123 4833 15
5123 4833 2
5123 4818 41
5123 4818 37
5123 4818 60
5123 4818 30
5123 4881 27
5123 4881 57
5123 4881 53
5123 4881 56
5123 4814 47
5123 4814 15
5123 4814 32
5123 4814 22
5123 4835 30
5123 4835 9
5123 4835 41
5123 4835 49
5123 4860 6
5123 4860 16
5123 4860 10
5123 4860 17
5123 4884 0
5123 4884 10
5123 4884 49
5123 4884 58
5123 4826 29
5123 4826 31
5123 4826 32
5123 4826 32
5123 4817 34
5123 4817 32
5123 4817 25
5123 4817 44
5123 4837 6
5123 4837 7
5123 4837 34
5123 4837 6
5123 4813 28
5123 4813 14
5123 4813 1
5123 4813 32
5123 4880 53
5123 4880 18
5123 4880 33
5123 4880 43
5123 4883 20
5123 4883 47
5123 4883 33
5123 4883 50
5123 4886 58
5123 4886 6
5123 4886 60
5123 4886 19
5123 4636 25
5123 4636 9
5123 4636 4
5123 4636 32
5123 4815 27
5123 4815 44
5123 4815 55
5123 4815 23
5123 4856 28
5123 4856 10
5123 4856 44
5123 4856 40
5123 4861 38
5123 4861 40
5123 4861 10
5123 4861 31
5123 4906 47
5123 4906 18
5123 4906 51
5123 4906 25
5123 4885 48
5123 4885 54
5123 4885 45
5123 4885 0
5123 4898 41
5123 4898 56
5123 4898 33
5123 4898 38
5123 4823 25
5123 4823 54
5123 4823 47
5123 4823 58
5123 4816 16
5123 4816 6
5123 4816 29
5123 4816 43
5123 4812 34
5123 4812 24
5123 4812 37
5123 4812 59
5123 4827 52
5123 4827 42
5123 4827 10
5123 4827 27
5123 4635 9
5123 4635 3
5123 4635 10
5123 4635 60
5123 4876 43
5123 4876 28
5123 4876 40
5123 4876 2
5123 4882 10
5123 4882 24
5123 4882 4
5123 4882 34
5112 4836 57
5112 4836 38
5112 4836 44
5112 4836 53
5112 4834 24
5112 4834 7
5112 4834 12
5112 4834 19
5112 4819 21
5112 4819 30
5112 4819 24
5112 4819 38
5112 4838 8
5112 4838 17
5112 4838 22
5112 4838 56
5112 4833 45
5112 4833 4
5112 4833 35
5112 4833 27
5112 4818 30
5112 4818 53
5112 4818 8
5112 4818 15
5112 4881 38
5112 4881 10
5112 4881 43
5112 4881 13
5112 4814 44
5112 4814 26
5112 4814 45
5112 4814 56
5112 4835 32
5112 4835 36
5112 4835 15
5112 4835 50
5112 4860 48
5112 4860 49
5112 4860 2
5112 4860 40
5112 4884 6
5112 4884 12
5112 4884 36
5112 4884 53
5112 4826 10
5112 4826 7
5112 4826 25
5112 4826 20
5112 4817 43
5112 4817 19
5112 4817 56
5112 4817 39
5112 4837 9
5112 4837 16
5112 4837 3
5112 4837 36
5112 4813 50
5112 4813 37
5112 4813 42
5112 4813 2
5112 4880 12
5112 4880 44
5112 4880 15
5112 4880 16
5112 4883 18
5112 4883 31
5112 4883 15
5112 4883 12
5112 4886 17
5112 4886 40
5112 4886 34
5112 4886 50
5112 4636 19
5112 4636 9
5112 4636 6
5112 4636 46
5112 4815 4
5112 4815 53
5112 4815 8
5112 4815 35
5112 4856 5
5112 4856 29
5112 4856 52
5112 4856 31
5112 4861 53
5112 4861 50
5112 4861 26
5112 4861 3
5112 4906 41
5112 4906 24
5112 4906 28
5112 4906 23
5112 4885 50
5112 4885 28
5112 4885 27
5112 4885 14
5112 4898 14
5112 4898 5
5112 4898 44
5112 4898 18
5112 4823 6
5112 4823 41
5112 4823 48
5112 4823 6
5112 4816 5
5112 4816 54
5112 4816 49
5112 4816 34
5112 4812 35
5112 4812 16
5112 4812 23
5112 4812 13
5112 4827 17
5112 4827 13
5112 4827 9
5112 4827 4
5112 4635 21
5112 4635 56
5112 4635 17
5112 4635 40
5112 4876 34
5112 4876 29
5112 4876 14
5112 4876 30
5112 4882 3
5112 4882 48
5112 4882 41
5112 4882 13
5116 4836 2
5116 4836 24
5116 4836 6
5116 4836 25
5116 4834 22
5116 4834 18
5116 4834 35
5116 4834 31
5116 4819 49
5116 4819 34
5116 4819 59
5116 4819 47
5116 4838 17
5116 4838 50
5116 4838 52
5116 4838 58
5116 4833 56
5116 4833 13
5116 4833 13
5116 4833 6
5116 4818 14
5116 4818 2
5116 4818 48
5116 4818 13
5116 4881 37
5116 4881 54
5116 4881 30
5116 4881 23
5116 4814 12
5116 4814 33
5116 4814 27
5116 4814 20
5116 4835 22
5116 4835 16
5116 4835 48
5116 4835 28
5116 4860 59
5116 4860 10
5116 4860 44
5116 4860 21
5116 4884 49
5116 4884 14
5116 4884 29
5116 4884 47
5116 4826 41
5116 4826 34
5116 4826 41
5116 4826 37
5116 4817 36
5116 4817 52
5116 4817 19
5116 4817 18
5116 4837 10
5116 4837 21
5116 4837 28
5116 4837 21
5116 4813 7
5116 4813 4
5116 4813 20
5116 4813 23
5116 4880 51
5116 4880 58
5116 4880 7
5116 4880 37
5116 4883 40
5116 4883 58
5116 4883 47
5116 4883 22
5116 4886 2
5116 4886 54
5116 4886 53
5116 4886 37
5116 4636 27
5116 4636 26
5116 4636 27
5116 4636 41
5116 4815 17
5116 4815 21
5116 4815 49
5116 4815 39
5116 4856 33
5116 4856 52
5116 4856 15
5116 4856 3
5116 4861 0
5116 4861 35
5116 4861 56
5116 4861 31
5116 4906 10
5116 4906 26
5116 4906 53
5116 4906 1
5116 4885 48
5116 4885 38
5116 4885 51
5116 4885 43
5116 4898 6
5116 4898 50
5116 4898 50
5116 4898 15
5116 4823 16
5116 4823 10
5116 4823 3
5116 4823 35
5116 4816 29
5116 4816 6
5116 4816 21
5116 4816 11
5116 4812 50
5116 4812 46
5116 4812 39
5116 4812 40
5116 4827 4
5116 4827 13
5116 4827 44
5116 4827 52
5116 4635 38
5116 4635 15
5116 4635 31
5116 4635 26
5116 4876 6
5116 4876 2
5116 4876 59
5116 4876 24
5116 4882 10
5116 4882 6
5116 4882 29
5116 4882 11
5117 4836 48
5117 4836 17
5117 4836 5
5117 4836 4
5117 4834 33
5117 4834 19
5117 4834 46
5117 4834 6
5117 4819 2
5117 4819 18
5117 4819 27
5117 4819 3
5117 4838 22
5117 4838 0
5117 4838 7
5117 4838 48
5117 4833 3
5117 4833 13
5117 4833 11
5117 4833 53
5117 4818 2
5117 4818 37
5117 4818 50
5117 4818 24
5117 4881 47
5117 4881 31
5117 4881 57
5117 4881 34
5117 4814 39
5117 4814 3
5117 4814 43
5117 4814 45
5117 4835 15
5117 4835 4
5117 4835 31
5117 4835 26
5117 4860 14
5117 4860 13
5117 4860 46
5117 4860 57
5117 4884 5
5117 4884 0
5117 4884 12
5117 4884 13
5117 4826 18
5117 4826 50
5117 4826 34
5117 4826 51
5117 4817 29
5117 4817 9
5117 4817 50
5117 4817 26
5117 4837 12
5117 4837 44
5117 4837 57
5117 4837 20
5117 4813 43
5117 4813 39
5117 4813 46
5117 4813 60
5117 4880 59
5117 4880 28
5117 4880 11
5117 4880 41
5117 4883 40
5117 4883 56
5117 4883 0
5117 4883 14
5117 4886 56
5117 4886 44
5117 4886 24
5117 4886 28
5117 4636 8
5117 4636 5
5117 4636 25
5117 4636 7
5117 4815 7
5117 4815 36
5117 4815 9
5117 4815 30
5117 4856 30
5117 4856 60
5117 4856 38
5117 4856 18
5117 4861 43
5117 4861 25
5117 4861 36
5117 4861 34
5117 4906 26
5117 4906 36
5117 4906 44
5117 4906 17
5117 4885 55
5117 4885 31
5117 4885 42
5117 4885 22
5117 4898 52
5117 4898 40
5117 4898 17
5117 4898 23
5117 4823 17
5117 4823 7
5117 4823 5
5117 4823 45
5117 4816 47
5117 4816 52
5117 4816 10
5117 4816 8
5117 4812 4
5117 4812 49
5117 4812 44
5117 4812 22
5117 4827 51
5117 4827 0
5117 4827 32
5117 4827 20
5117 4635 3
5117 4635 42
5117 4635 27
5117 4635 3
5117 4876 31
5117 4876 37
5117 4876 42
5117 4876 55
5117 4882 60
5117 4882 41
5117 4882 59
5117 4882 18
5105 4836 58
5105 4836 53
5105 4836 45
5105 4836 12
5105 4834 23
5105 4834 16
5105 4834 35
5105 4834 43
5105 4819 25
5105 4819 52
5105 4819 45
5105 4819 15
5105 4838 12
5105 4838 9
5105 4838 54
5105 4838 29
5105 4833 55
5105 4833 5
5105 4833 58
5105 4833 33
5105 4818 33
5105 4818 26
5105 4818 18
5105 4818 55
5105 4881 48
5105 4881 37
5105 4881 56
5105 4881 20
5105 4814 20
5105 4814 22
5105 4814 6
5105 4814 17
5105 4835 0
5105 4835 39
5105 4835 36
5105 4835 46
5105 4860 12
5105 4860 52
5105 4860 51
5105 4860 25
5105 4884 52
5105 4884 59
5105 4884 48
5105 4884 7
5105 4826 2
5105 4826 40
5105 4826 26
5105 4826 51
5105 4817 24
5105 4817 31
5105 4817 39
5105 4817 39
5105 4837 50
5105 4837 40
5105 4837 36
5105 4837 8
5105 4813 18
5105 4813 54
5105 4813 44
5105 4813 16
5105 4880 21
5105 4880 35
5105 4880 38
5105 4880 4
5105 4883 38
5105 4883 35
5105 4883 36
5105 4883 2
5105 4886 50
5105 4886 18
5105 4886 10
5105 4886 30
5105 4636 41
5105 4636 28
5105 4636 9
5105 4636 11
5105 4815 50
5105 4815 19
5105 4815 56
5105 4815 56
5105 4856 13
5105 4856 20
5105 4856 36
5105 4856 41
5105 4861 15
5105 4861 29
5105 4861 8
5105 4861 48
5105 4906 25
5105 4906 38
5105 4906 19
5105 4906 35
5105 4885 3
5105 4885 24
5105 4885 59
5105 4885 30
5105 4898 25
5105 4898 22
5105 4898 30
5105 4898 15
5105 4823 44
5105 4823 37
5105 4823 48
5105 4823 10
5105 4816 4
5105 4816 22
5105 4816 30
5105 4816 23
5105 4812 38
5105 4812 58
5105 4812 10
5105 4812 24
5105 4827 49
5105 4827 9
5105 4827 58
5105 4827 29
5105 4635 35
5105 4635 8
5105 4635 10
5105 4635 60
5105 4876 12
5105 4876 5
5105 4876 42
5105 4876 51
5105 4882 3
5105 4882 1
5105 4882 15
5105 4882 39
5086 4836 29
5086 4836 15
5086 4836 45
5086 4836 28
5086 4834 41
5086 4834 41
5086 4834 29
5086 4834 48
5086 4819 44
5086 4819 30
5086 4819 29
5086 4819 19
5086 4838 3
5086 4838 32
5086 4838 24
5086 4838 6
5086 4833 38
5086 4833 54
5086 4833 10
5086 4833 6
5086 4818 21
5086 4818 8
5086 4818 27
5086 4818 45
5086 4881 28
5086 4881 50
5086 4881 9
5086 4881 44
5086 4814 20
5086 4814 16
5086 4814 59
5086 4814 12
5086 4835 42
5086 4835 46
5086 4835 40
5086 4835 57
5086 4860 3
5086 4860 22
5086 4860 37
5086 4860 6
5086 4884 16
5086 4884 23
5086 4884 30
5086 4884 24
5086 4826 8
5086 4826 58
5086 4826 7
5086 4826 38
5086 4817 59
5086 4817 50
5086 4817 45
5086 4817 56
5086 4837 31
5086 4837 36
5086 4837 24
5086 4837 17
5086 4813 30
5086 4813 33
5086 4813 5
5086 4813 55
5086 4880 3
5086 4880 35
5086 4880 16
5086 4880 6
5086 4883 37
5086 4883 57
5086 4883 50
5086 4883 56
5086 4886 43
5086 4886 57
5086 4886 1
5086 4886 53
5086 4636 5
5086 4636 45
5086 4636 13
5086 4636 19
5086 4815 56
5086 4815 47
5086 4815 28
5086 4815 52
5086 4856 4
5086 4856 32
5086 4856 8
5086 4856 33
5086 4861 27
5086 4861 36
5086 4861 1
5086 4861 23
5086 4906 13
5086 4906 50
5086 4906 59
5086 4906 25
5086 4885 38
5086 4885 22
5086 4885 6
5086 4885 3
5086 4898 9
5086 4898 11
5086 4898 32
5086 4898 38
5086 4823 16
5086 4823 59
5086 4823 32
5086 4823 33
5086 4816 13
5086 4816 48
5086 4816 41
5086 4816 7
5086 4812 22
5086 4812 29
5086 4812 26
5086 4812 58
5086 4827 4
5086 4827 35
5086 4827 9
5086 4827 0
5086 4635 49
5086 4635 31
5086 4635 27
5086 4635 31
5086 4876 33
5086 4876 39
5086 4876 44
5086 4876 60
5086 4882 3
5086 4882 51
5086 4882 46
5086 4882 43
10564 4836 56
10564 4836 6
10564 4836 54
10564 4836 54
10564 4834 60
10564 4834 21
10564 4834 28
10564 4834 4
10564 4819 12
10564 4819 13
10564 4819 26
10564 4819 1
10564 4838 39
10564 4838 1
10564 4838 23
10564 4838 52
10564 4833 28
10564 4833 58
10564 4833 9
10564 4833 46
10564 4818 39
10564 4818 52
10564 4818 36
10564 4818 22
10564 4881 0
10564 4881 58
10564 4881 10
10564 4881 20
10564 4814 9
10564 4814 12
10564 4814 30
10564 4814 27
10564 4835 16
10564 4835 42
10564 4835 6
10564 4835 37
10564 4860 51
10564 4860 59
10564 4860 30
10564 4860 54
10564 4884 48
10564 4884 6
10564 4884 14
10564 4884 19
10564 4826 57
10564 4826 53
10564 4826 0
10564 4826 42
10564 4817 54
10564 4817 1
10564 4817 6
10564 4817 21
10564 4837 3
10564 4837 0
10564 4837 26
10564 4837 47
10564 4813 48
10564 4813 31
10564 4813 31
10564 4813 10
10564 4880 50
10564 4880 21
10564 4880 22
10564 4880 28
10564 4883 59
10564 4883 59
10564 4883 36
10564 4883 25
10564 4886 24
10564 4886 10
10564 4886 14
10564 4886 53
10564 4636 57
10564 4636 46
10564 4636 42
10564 4636 10
10564 4815 56
10564 4815 23
10564 4815 32
10564 4815 18
10564 4856 42
10564 4856 2
10564 4856 14
10564 4856 41
10564 4861 15
10564 4861 20
10564 4861 2
10564 4861 54
10564 4906 49
10564 4906 2
10564 4906 3
10564 4906 27
10564 4885 38
10564 4885 58
10564 4885 54
10564 4885 48
10564 4898 44
10564 4898 31
10564 4898 20
10564 4898 34
10564 4823 44
10564 4823 31
10564 4823 1
10564 4823 43
10564 4816 20
10564 4816 20
10564 4816 32
10564 4816 22
10564 4812 49
10564 4812 43
10564 4812 23
10564 4812 0
10564 4827 21
10564 4827 38
10564 4827 30
10564 4827 46
10564 4635 50
10564 4635 34
10564 4635 41
10564 4635 39
10564 4876 6
10564 4876 16
10564 4876 17
10564 4876 28
10564 4882 60
10564 4882 20
10564 4882 28
10564 4882 53
10515 4836 15
10515 4836 35
10515 4836 48
10515 4836 42
10515 4834 34
10515 4834 36
10515 4834 52
10515 4834 35
10515 4819 60
10515 4819 2
10515 4819 40
10515 4819 54
10515 4838 6
10515 4838 28
10515 4838 22
10515 4838 46
10515 4833 18
10515 4833 54
10515 4833 0
10515 4833 19
10515 4818 54
10515 4818 38
10515 4818 27
10515 4818 44
10515 4881 49
10515 4881 50
10515 4881 6
10515 4881 6
10515 4814 60
10515 4814 39
10515 4814 7
10515 4814 21
10515 4835 28
10515 4835 30
10515 4835 16
10515 4835 37
10515 4860 40
10515 4860 59
10515 4860 27
10515 4860 25
10515 4884 17
10515 4884 8
10515 4884 52
10515 4884 59
10515 4826 55
10515 4826 52
10515 4826 44
10515 4826 53
10515 4817 5
10515 4817 13
10515 4817 35
10515 4817 43
10515 4837 47
10515 4837 31
10515 4837 49
10515 4837 40
10515 4813 16
10515 4813 17
10515 4813 34
10515 4813 28
10515 4880 16
10515 4880 23
10515 4880 50
10515 4880 31
10515 4883 18
10515 4883 6
10515 4883 4
10515 4883 6
10515 4886 3
10515 4886 43
10515 4886 24
10515 4886 42
10515 4636 38
10515 4636 0
10515 4636 49
10515 4636 24
10515 4815 48
10515 4815 53
10515 4815 35
10515 4815 56
10515 4856 10
10515 4856 6
10515 4856 6
10515 4856 3
10515 4861 42
10515 4861 17
10515 4861 57
10515 4861 8
10515 4906 41
10515 4906 52
10515 4906 29
10515 4906 22
10515 4885 39
10515 4885 35
10515 4885 9
10515 4885 34
10515 4898 34
10515 4898 49
10515 4898 37
10515 4898 4
10515 4823 36
10515 4823 34
10515 4823 40
10515 4823 13
10515 4816 17
10515 4816 53
10515 4816 48
10515 4816 30
10515 4812 58
10515 4812 21
10515 4812 58
10515 4812 4
10515 4827 36
10515 4827 38
10515 4827 31
10515 4827 14
10515 4635 47
10515 4635 33
10515 4635 39
10515 4635 31
10515 4876 59
10515 4876 0
10515 4876 30
10515 4876 16
10515 4882 33
10515 4882 40
10515 4882 16
10515 4882 10
5124 4836 32
5124 4836 31
5124 4836 34
5124 4836 37
5124 4834 22
5124 4834 4
5124 4834 33
5124 4834 51
5124 4819 26
5124 4819 33
5124 4819 56
5124 4819 42
5124 4838 23
5124 4838 51
5124 4838 47
5124 4838 52
5124 4833 47
5124 4833 30
5124 4833 18
5124 4833 52
5124 4818 7
5124 4818 58
5124 4818 6
5124 4818 9
5124 4881 30
5124 4881 57
5124 4881 50
5124 4881 33
5124 4814 13
5124 4814 34
5124 4814 39
5124 4814 14
5124 4835 7
5124 4835 1
5124 4835 30
5124 4835 14
5124 4860 6
5124 4860 22
5124 4860 36
5124 4860 36
5124 4884 53
5124 4884 49
5124 4884 46
5124 4884 23
5124 4826 4
5124 4826 0
5124 4826 47
5124 4826 31
5124 4817 42
5124 4817 56
5124 4817 1
5124 4817 26
5124 4837 31
5124 4837 8
5124 4837 46
5124 4837 5
5124 4813 41
5124 4813 18
5124 4813 3
5124 4813 27
5124 4880 34
5124 4880 2
5124 4880 53
5124 4880 25
5124 4883 50
5124 4883 16
5124 4883 60
5124 4883 7
5124 4886 13
5124 4886 52
5124 4886 34
5124 4886 46
5124 4636 59
5124 4636 58
5124 4636 30
5124 4636 34
5124 4815 41
5124 4815 39
5124 4815 10
5124 4815 35
5124 4856 33
5124 4856 35
5124 4856 41
5124 4856 4
5124 4861 49
5124 4861 55
5124 4861 59
5124 4861 21
5124 4906 13
5124 4906 22
5124 4906 18
5124 4906 20
5124 4885 37
5124 4885 1
5124 4885 22
5124 4885 16
5124 4898 37
5124 4898 49
5124 4898 24
5124 4898 24
5124 4823 48
5124 4823 24
5124 4823 21
5124 4823 51
5124 4816 32
5124 4816 16
5124 4816 54
5124 4816 43
5124 4812 16
5124 4812 21
5124 4812 60
5124 4812 47
5124 4827 32
5124 4827 11
5124 4827 2
5124 4827 2
5124 4635 34
5124 4635 41
5124 4635 1
5124 4635 48
5124 4876 51
5124 4876 56
5124 4876 46
5124 4876 35
5124 4882 21
5124 4882 4
5124 4882 38
5124 4882 52
5127 4836 35
5127 4836 45
5127 4836 26
5127 4836 57
5127 4834 59
5127 4834 17
5127 4834 24
5127 4834 29
5127 4819 24
5127 4819 25
5127 4819 43
5127 4819 58
5127 4838 0
5127 4838 3
5127 4838 58
5127 4838 34
5127 4833 48
5127 4833 0
5127 4833 38
5127 4833 33
5127 4818 7
5127 4818 57
5127 4818 21
5127 4818 19
5127 4881 24
5127 4881 22
5127 4881 22
5127 4881 33
5127 4814 39
5127 4814 59
5127 4814 60
5127 4814 25
5127 4835 56
5127 4835 6
5127 4835 54
5127 4835 8
5127 4860 9
5127 4860 60
5127 4860 10
5127 4860 46
5127 4884 32
5127 4884 56
5127 4884 36
5127 4884 59
5127 4826 58
5127 4826 22
5127 4826 46
5127 4826 58
5127 4817 56
5127 4817 26
5127 4817 1
5127 4817 14
5127 4837 33
5127 4837 52
5127 4837 33
5127 4837 7
5127 4813 18
5127 4813 6
5127 4813 3
5127 4813 36
5127 4880 46
5127 4880 38
5127 4880 17
5127 4880 25
5127 4883 12
5127 4883 44
5127 4883 52
5127 4883 58
5127 4886 30
5127 4886 21
5127 4886 25
5127 4886 39
5127 4636 60
5127 4636 32
5127 4636 47
5127 4636 53
5127 4815 4
5127 4815 51
5127 4815 29
5127 4815 31
5127 4856 5
5127 4856 33
5127 4856 36
5127 4856 16
5127 4861 25
5127 4861 31
5127 4861 8
5127 4861 12
5127 4906 25
5127 4906 21
5127 4906 58
5127 4906 45
5127 4885 3
5127 4885 11
5127 4885 43
5127 4885 42
5127 4898 10
5127 4898 41
5127 4898 33
5127 4898 9
5127 4823 47
5127 4823 58
5127 4823 25
5127 4823 44
5127 4816 21
5127 4816 47
5127 4816 54
5127 4816 52
5127 4812 17
5127 4812 30
5127 4812 31
5127 4812 49
5127 4827 45
5127 4827 17
5127 4827 23
5127 4827 54
5127 4635 5
5127 4635 50
5127 4635 46
5127 4635 16
5127 4876 34
5127 4876 36
5127 4876 55
5127 4876 4
5127 4882 1
5127 4882 33
5127 4882 24
5127 4882 60
5134 4836 2
5134 4836 58
5134 4836 6
5134 4836 50
5134 4834 27
5134 4834 24
5134 4834 1
5134 4834 24
5134 4819 20
5134 4819 27
5134 4819 33
5134 4819 59
5134 4838 38
5134 4838 32
5134 4838 41
5134 4838 25
5134 4833 23
5134 4833 1
5134 4833 47
5134 4833 15
5134 4818 31
5134 4818 53
5134 4818 33
5134 4818 20
5134 4881 22
5134 4881 30
5134 4881 40
5134 4881 30
5134 4814 14
5134 4814 22
5134 4814 18
5134 4814 57
5134 4835 20
5134 4835 58
5134 4835 45
5134 4835 2
5134 4860 2
5134 4860 51
5134 4860 6
5134 4860 26
5134 4884 60
5134 4884 56
5134 4884 24
5134 4884 20
5134 4826 21
5134 4826 19
5134 4826 37
5134 4826 56
5134 4817 18
5134 4817 57
5134 4817 50
5134 4817 38
5134 4837 30
5134 4837 20
5134 4837 14
5134 4837 40
5134 4813 2
5134 4813 18
5134 4813 32
5134 4813 30
5134 4880 35
5134 4880 49
5134 4880 19
5134 4880 7
5134 4883 44
5134 4883 6
5134 4883 22
5134 4883 11
5134 4886 33
5134 4886 42
5134 4886 0
5134 4886 3
5134 4636 36
5134 4636 29
5134 4636 22
5134 4636 20
5134 4815 37
5134 4815 2
5134 4815 57
5134 4815 14
5134 4856 2
5134 4856 14
5134 4856 39
5134 4856 32
5134 4861 55
5134 4861 14
5134 4861 21
5134 4861 59
5134 4906 33
5134 4906 52
5134 4906 57
5134 4906 54
5134 4885 39
5134 4885 19
5134 4885 31
5134 4885 6
5134 4898 54
5134 4898 39
5134 4898 2
5134 4898 35
5134 4823 44
5134 4823 6
5134 4823 33
5134 4823 60
5134 4816 57
5134 4816 35
5134 4816 42
5134 4816 59
5134 4812 50
5134 4812 45
5134 4812 18
5134 4812 9
5134 4827 18
5134 4827 16
5134 4827 28
5134 4827 36
5134 4635 0
5134 4635 36
5134 4635 39
5134 4635 45
5134 4876 23
5134 4876 34
5134 4876 20
5134 4876 48
5134 4882 28
5134 4882 51
5134 4882 42
5134 4882 37
