10804 8001 18
10804 8001 35
10804 7999 38
10804 7999 22
10804 7966 23
10804 7966 59
10804 7993 23
10804 7993 33
10804 7953 15
10804 7953 2
10804 7992 13
10804 7992 42
10804 7952 50
10804 7952 48
10804 7954 31
10804 7954 9
10804 7964 21
10804 7964 10
10804 7991 9
10804 7991 59
10804 7988 29
10804 7988 18
10804 7946 27
10804 7946 44
10804 7955 46
10804 7955 28
10804 7947 39
10804 7947 34
10804 7962 51
10804 7962 43
10804 7943 6
10804 7943 45
10804 7990 28
10804 7990 52
10804 7987 36
10804 7987 24
10804 7989 53
10804 7989 44
10804 7785 46
10804 7785 33
10804 7948 42
10804 7948 7
10804 8572 35
10804 8572 58
10804 7786 5
10804 7786 56
10804 7963 19
10804 7963 60
10804 7941 48
10804 7941 32
10804 8002 40
10804 8002 20
10804 7787 52
10804 7787 21
10804 7985 27
10804 7985 17
10804 7960 41
10804 7960 32
10804 7965 31
10804 7965 17
10804 7982 54
10804 7982 43
10804 8005 46
10804 8005 18
10803 8001 18
10803 8001 47
10803 7999 57
10803 7999 60
10803 7966 27
10803 7966 16
10803 7993 48
10803 7993 25
10803 7953 39
10803 7953 6
10803 7992 13
10803 7992 45
10803 7952 3
10803 7952 12
10803 7954 44
10803 7954 5
10803 7964 35
10803 7964 33
10803 7991 14
10803 7991 48
10803 7988 22
10803 7988 24
10803 7946 39
10803 7946 13
10803 7955 14
10803 7955 13
10803 7947 15
10803 7947 32
10803 7962 18
10803 7962 60
10803 7943 12
10803 7943 48
10803 7990 17
10803 7990 52
10803 7987 34
10803 7987 27
10803 7989 20
10803 7989 33
10803 7785 54
10803 7785 56
10803 7948 30
10803 7948 48
10803 8572 12
10803 8572 19
10803 7786 6
10803 7786 24
10803 7963 20
10803 7963 23
10803 7941 40
10803 7941 52
10803 8002 32
10803 8002 14
10803 7787 17
10803 7787 45
10803 7985 18
10803 7985 18
10803 7960 44
10803 7960 54
10803 7965 24
10803 7965 32
10803 7982 13
10803 7982 10
10803 8005 52
10803 8005 40
10806 8001 13
10806 8001 48
10806 7999 49
10806 7999 21
10806 7966 10
10806 7966 24
10806 7993 59
10806 7993 22
10806 7953 31
10806 7953 49
10806 7992 36
10806 7992 17
10806 7952 1
10806 7952 59
10806 7954 26
10806 7954 19
10806 7964 44
10806 7964 51
10806 7991 50
10806 7991 56
10806 7988 22
10806 7988 1
10806 7946 44
10806 7946 47
10806 7955 30
10806 7955 1
10806 7947 32
10806 7947 36
10806 7962 15
10806 7962 24
10806 7943 55
10806 7943 53
10806 7990 0
10806 7990 14
10806 7987 23
10806 7987 8
10806 7989 52
10806 7989 50
10806 7785 0
10806 7785 30
10806 7948 40
10806 7948 59
10806 8572 41
10806 8572 2
10806 7786 26
10806 7786 34
10806 7963 47
10806 7963 33
10806 7941 58
10806 7941 54
10806 8002 60
10806 8002 10
10806 7787 55
10806 7787 14
10806 7985 38
10806 7985 5
10806 7960 57
10806 7960 3
10806 7965 39
10806 7965 48
10806 7982 20
10806 7982 32
10806 8005 54
10806 8005 41
10807 8001 30
10807 8001 51
10807 7999 24
10807 7999 38
10807 7966 17
10807 7966 9
10807 7993 25
10807 7993 4
10807 7953 13
10807 7953 55
10807 7992 6
10807 7992 24
10807 7952 53
10807 7952 12
10807 7954 42
10807 7954 37
10807 7964 9
10807 7964 23
10807 7991 27
10807 7991 55
10807 7988 33
10807 7988 27
10807 7946 0
10807 7946 26
10807 7955 20
10807 7955 37
10807 7947 41
10807 7947 17
10807 7962 30
10807 7962 55
10807 7943 35
10807 7943 14
10807 7990 41
10807 7990 37
10807 7987 32
10807 7987 52
10807 7989 59
10807 7989 4
10807 7785 16
10807 7785 57
10807 7948 17
10807 7948 50
10807 8572 5
10807 8572 43
10807 7786 55
10807 7786 33
10807 7963 38
10807 7963 40
10807 7941 18
10807 7941 37
10807 8002 32
10807 8002 35
10807 7787 37
10807 7787 54
10807 7985 40
10807 7985 4
10807 7960 27
10807 7960 12
10807 7965 13
10807 7965 31
10807 7982 46
10807 7982 43
10807 8005 19
10807 8005 46
10805 8001 47
10805 8001 4
10805 7999 51
10805 7999 25
10805 7966 55
10805 7966 14
10805 7993 47
10805 7993 56
10805 7953 37
10805 7953 22
10805 7992 23
10805 7992 27
10805 7952 14
10805 7952 1
10805 7954 4
10805 7954 11
10805 7964 58
10805 7964 45
10805 7991 39
10805 7991 22
10805 7988 57
10805 7988 44
10805 7946 1
10805 7946 57
10805 7955 0
10805 7955 60
10805 7947 11
10805 7947 10
10805 7962 21
10805 7962 9
10805 7943 42
10805 7943 47
10805 7990 33
10805 7990 39
10805 7987 42
10805 7987 40
10805 7989 19
10805 7989 29
10805 7785 31
10805 7785 3
10805 7948 33
10805 7948 33
10805 8572 27
10805 8572 21
10805 7786 52
10805 7786 9
10805 7963 45
10805 7963 24
10805 7941 53
10805 7941 60
10805 8002 34
10805 8002 52
10805 7787 7
10805 7787 51
10805 7985 14
10805 7985 17
10805 7960 52
10805 7960 13
10805 7965 0
10805 7965 53
10805 7982 54
10805 7982 37
10805 8005 19
10805 8005 17
10791 8001 7
10791 8001 29
10791 7999 56
10791 7999 58
10791 7966 43
10791 7966 5
10791 7993 13
10791 7993 21
10791 7953 20
10791 7953 10
10791 7992 39
10791 7992 13
10791 7952 22
10791 7952 28
10791 7954 24
10791 7954 11
10791 7964 7
10791 7964 41
10791 7991 56
10791 7991 20
10791 7988 39
10791 7988 48
10791 7946 12
10791 7946 32
10791 7955 31
10791 7955 54
10791 7947 56
10791 7947 56
10791 7962 7
10791 7962 19
10791 7943 39
10791 7943 0
10791 7990 15
10791 7990 17
10791 7987 47
10791 7987 8
10791 7989 55
10791 7989 9
10791 7785 49
10791 7785 57
10791 7948 23
10791 7948 31
10791 8572 35
10791 8572 15
10791 7786 23
10791 7786 30
10791 7963 29
10791 7963 29
10791 7941 52
10791 7941 50
10791 8002 6
10791 8002 28
10791 7787 29
10791 7787 32
10791 7985 47
10791 7985 28
10791 7960 17
10791 7960 33
10791 7965 60
10791 7965 15
10791 7982 10
10791 7982 30
10791 8005 8
10791 8005 27
10799 8001 0
10799 8001 25
10799 7999 21
10799 7999 21
10799 7966 10
10799 7966 26
10799 7993 20
10799 7993 8
10799 7953 9
10799 7953 2
10799 7992 32
10799 7992 16
10799 7952 2
10799 7952 21
10799 7954 5
10799 7954 39
10799 7964 14
10799 7964 17
10799 7991 35
10799 7991 57
10799 7988 26
10799 7988 18
10799 7946 56
10799 7946 46
10799 7955 48
10799 7955 33
10799 7947 14
10799 7947 19
10799 7962 60
10799 7962 41
10799 7943 43
10799 7943 29
10799 7990 12
10799 7990 54
10799 7987 45
10799 7987 55
10799 7989 0
10799 7989 58
10799 7785 59
10799 7785 20
10799 7948 8
10799 7948 21
10799 8572 40
10799 8572 20
10799 7786 5
10799 7786 27
10799 7963 41
10799 7963 43
10799 7941 50
10799 7941 14
10799 8002 40
10799 8002 60
10799 7787 45
10799 7787 40
10799 7985 60
10799 7985 1
10799 7960 26
10799 7960 5
10799 7965 31
10799 7965 53
10799 7982 29
10799 7982 23
10799 8005 39
10799 8005 5
10740 8001 3
10740 8001 57
10740 7999 19
10740 7999 42
10740 7966 22
10740 7966 43
10740 7993 42
10740 7993 41
10740 7953 26
10740 7953 41
10740 7992 26
10740 7992 20
10740 7952 57
10740 7952 35
10740 7954 53
10740 7954 25
10740 7964 2
10740 7964 50
10740 7991 52
10740 7991 35
10740 7988 32
10740 7988 15
10740 7946 30
10740 7946 56
10740 7955 6
10740 7955 7
10740 7947 27
10740 7947 0
10740 7962 22
10740 7962 0
10740 7943 8
10740 7943 33
10740 7990 56
10740 7990 38
10740 7987 32
10740 7987 58
10740 7989 30
10740 7989 27
10740 7785 48
10740 7785 40
10740 7948 58
10740 7948 43
10740 8572 43
10740 8572 1
10740 7786 15
10740 7786 43
10740 7963 7
10740 7963 45
10740 7941 42
10740 7941 52
10740 8002 9
10740 8002 58
10740 7787 37
10740 7787 60
10740 7985 35
10740 7985 49
10740 7960 11
10740 7960 19
10740 7965 35
10740 7965 56
10740 7982 20
10740 7982 39
10740 8005 23
10740 8005 17
10810 8001 56
10810 8001 33
10810 7999 39
10810 7999 40
10810 7966 44
10810 7966 29
10810 7993 19
10810 7993 34
10810 7953 32
10810 7953 8
10810 7992 7
10810 7992 48
10810 7952 18
10810 7952 5
10810 7954 4
10810 7954 28
10810 7964 28
10810 7964 56
10810 7991 30
10810 7991 32
10810 7988 49
10810 7988 13
10810 7946 5
10810 7946 58
10810 7955 51
10810 7955 18
10810 7947 4
10810 7947 42
10810 7962 0
10810 7962 3
10810 7943 24
10810 7943 17
10810 7990 57
10810 7990 17
10810 7987 54
10810 7987 47
10810 7989 38
10810 7989 28
10810 7785 17
10810 7785 33
10810 7948 4
10810 7948 38
10810 8572 13
10810 8572 10
10810 7786 49
10810 7786 21
10810 7963 20
10810 7963 45
10810 7941 19
10810 7941 18
10810 8002 22
10810 8002 52
10810 7787 10
10810 7787 29
10810 7985 57
10810 7985 55
10810 7960 32
10810 7960 46
10810 7965 33
10810 7965 28
10810 7982 39
10810 7982 24
10810 8005 23
10810 8005 13
10812 8001 11
10812 8001 57
10812 7999 23
10812 7999 59
10812 7966 39
10812 7966 1
10812 7993 21
10812 7993 2
10812 7953 15
10812 7953 31
10812 7992 56
10812 7992 20
10812 7952 36
10812 7952 0
10812 7954 37
10812 7954 42
10812 7964 8
10812 7964 49
10812 7991 8
10812 7991 9
10812 7988 18
10812 7988 10
10812 7946 57
10812 7946 3
10812 7955 54
10812 7955 50
10812 7947 12
10812 7947 43
10812 7962 1
10812 7962 59
10812 7943 58
10812 7943 2
10812 7990 21
10812 7990 8
10812 7987 2
10812 7987 38
10812 7989 18
10812 7989 10
10812 7785 13
10812 7785 35
10812 7948 44
10812 7948 59
10812 8572 8
10812 8572 5
10812 7786 27
10812 7786 7
10812 7963 54
10812 7963 40
10812 7941 50
10812 7941 18
10812 8002 24
10812 8002 35
10812 7787 19
10812 7787 19
10812 7985 14
10812 7985 47
10812 7960 22
10812 7960 51
10812 7965 48
10812 7965 40
10812 7982 57
10812 7982 36
10812 8005 20
10812 8005 25
10813 8001 20
10813 8001 23
10813 7999 19
10813 7999 27
10813 7966 21
10813 7966 37
10813 7993 40
10813 7993 36
10813 7953 26
10813 7953 23
10813 7992 33
10813 7992 25
10813 7952 14
10813 7952 48
10813 7954 21
10813 7954 41
10813 7964 41
10813 7964 60
10813 7991 53
10813 7991 53
10813 7988 30
10813 7988 47
10813 7946 33
10813 7946 34
10813 7955 50
10813 7955 3
10813 7947 45
10813 7947 53
10813 7962 3
10813 7962 28
10813 7943 40
10813 7943 58
10813 7990 59
10813 7990 57
10813 7987 24
10813 7987 19
10813 7989 33
10813 7989 31
10813 7785 48
10813 7785 59
10813 7948 36
10813 7948 3
10813 8572 0
10813 8572 60
10813 7786 23
10813 7786 57
10813 7963 23
10813 7963 16
10813 7941 48
10813 7941 34
10813 8002 18
10813 8002 11
10813 7787 39
10813 7787 56
10813 7985 22
10813 7985 43
10813 7960 26
10813 7960 9
10813 7965 28
10813 7965 49
10813 7982 43
10813 7982 5
10813 8005 55
10813 8005 12
10741 8001 5
10741 8001 46
10741 7999 23
10741 7999 23
10741 7966 58
10741 7966 43
10741 7993 55
10741 7993 8
10741 7953 43
10741 7953 22
10741 7992 54
10741 7992 38
10741 7952 52
10741 7952 59
10741 7954 26
10741 7954 37
10741 7964 25
10741 7964 30
10741 7991 45
10741 7991 48
10741 7988 50
10741 7988 13
10741 7946 29
10741 7946 13
10741 7955 30
10741 7955 19
10741 7947 10
10741 7947 37
10741 7962 19
10741 7962 19
10741 7943 10
10741 7943 31
10741 7990 40
10741 7990 32
10741 7987 53
10741 7987 21
10741 7989 7
10741 7989 50
10741 7785 30
10741 7785 11
10741 7948 31
10741 7948 32
10741 8572 30
10741 8572 18
10741 7786 15
10741 7786 53
10741 7963 6
10741 7963 31
10741 7941 23
10741 7941 36
10741 8002 26
10741 8002 20
10741 7787 7
10741 7787 19
10741 7985 11
10741 7985 41
10741 7960 13
10741 7960 8
10741 7965 18
10741 7965 7
10741 7982 50
10741 7982 36
10741 8005 22
10741 8005 39
10786 8001 6
10786 8001 14
10786 7999 40
10786 7999 49
10786 7966 41
10786 7966 35
10786 7993 58
10786 7993 35
10786 7953 54
10786 7953 16
10786 7992 14
10786 7992 12
10786 7952 42
10786 7952 48
10786 7954 8
10786 7954 22
10786 7964 0
10786 7964 57
10786 7991 6
10786 7991 22
10786 7988 49
10786 7988 54
10786 7946 51
10786 7946 35
10786 7955 42
10786 7955 22
10786 7947 51
10786 7947 52
10786 7962 34
10786 7962 5
10786 7943 42
10786 7943 53
10786 7990 16
10786 7990 49
10786 7987 18
10786 7987 40
10786 7989 15
10786 7989 13
10786 7785 45
10786 7785 46
10786 7948 35
10786 7948 50
10786 8572 44
10786 8572 16
10786 7786 4
10786 7786 12
10786 7963 3
10786 7963 37
10786 7941 40
10786 7941 33
10786 8002 31
10786 8002 18
10786 7787 51
10786 7787 49
10786 7985 1
10786 7985 58
10786 7960 35
10786 7960 16
10786 7965 20
10786 7965 23
10786 7982 6
10786 7982 38
10786 8005 36
10786 8005 37
10790 8001 60
10790 8001 39
10790 7999 42
10790 7999 25
10790 7966 26
10790 7966 45
10790 7993 26
10790 7993 24
10790 7953 46
10790 7953 41
10790 7992 15
10790 7992 12
10790 7952 42
10790 7952 56
10790 7954 23
10790 7954 19
10790 7964 21
10790 7964 24
10790 7991 56
10790 7991 28
10790 7988 46
10790 7988 14
10790 7946 10
10790 7946 43
10790 7955 54
10790 7955 13
10790 7947 22
10790 7947 45
10790 7962 5
10790 7962 27
10790 7943 16
10790 7943 16
10790 7990 54
10790 7990 35
10790 7987 52
10790 7987 37
10790 7989 16
10790 7989 20
10790 7785 42
10790 7785 43
10790 7948 43
10790 7948 52
10790 8572 46
10790 8572 31
10790 7786 16
10790 7786 26
10790 7963 51
10790 7963 8
10790 7941 53
10790 7941 1
10790 8002 34
10790 8002 8
10790 7787 42
10790 7787 25
10790 7985 12
10790 7985 6
10790 7960 42
10790 7960 20
10790 7965 25
10790 7965 52
10790 7982 59
10790 7982 49
10790 8005 6
10790 8005 28
10703 8001 37
10703 8001 5
10703 7999 60
10703 7999 12
10703 7966 15
10703 7966 31
10703 7993 52
10703 7993 21
10703 7953 7
10703 7953 49
10703 7992 23
10703 7992 6
10703 7952 23
10703 7952 6
10703 7954 14
10703 7954 27
10703 7964 31
10703 7964 47
10703 7991 52
10703 7991 33
10703 7988 17
10703 7988 54
10703 7946 4
10703 7946 49
10703 7955 0
10703 7955 18
10703 7947 44
10703 7947 12
10703 7962 22
10703 7962 3
10703 7943 0
10703 7943 51
10703 7990 7
10703 7990 8
10703 7987 5
10703 7987 54
10703 7989 44
10703 7989 0
10703 7785 16
10703 7785 2
10703 7948 50
10703 7948 29
10703 8572 13
10703 8572 43
10703 7786 7
10703 7786 43
10703 7963 49
10703 7963 17
10703 7941 52
10703 7941 56
10703 8002 26
10703 8002 50
10703 7787 32
10703 7787 6
10703 7985 15
10703 7985 60
10703 7960 28
10703 7960 22
10703 7965 54
10703 7965 51
10703 7982 6
10703 7982 41
10703 8005 35
10703 8005 43
10808 8001 51
10808 8001 24
10808 7999 3
10808 7999 46
10808 7966 9
10808 7966 3
10808 7993 39
10808 7993 50
10808 7953 28
10808 7953 28
10808 7992 50
10808 7992 13
10808 7952 0
10808 7952 38
10808 7954 60
10808 7954 51
10808 7964 7
10808 7964 46
10808 7991 30
10808 7991 49
10808 7988 42
10808 7988 0
10808 7946 32
10808 7946 24
10808 7955 1
10808 7955 9
10808 7947 11
10808 7947 10
10808 7962 18
10808 7962 18
10808 7943 15
10808 7943 46
10808 7990 33
10808 7990 36
10808 7987 36
10808 7987 54
10808 7989 45
10808 7989 52
10808 7785 9
10808 7785 35
10808 7948 30
10808 7948 31
10808 8572 54
10808 8572 24
10808 7786 8
10808 7786 32
10808 7963 31
10808 7963 45
10808 7941 12
10808 7941 4
10808 8002 31
10808 8002 1
10808 7787 47
10808 7787 23
10808 7985 56
10808 7985 52
10808 7960 9
10808 7960 54
10808 7965 20
10808 7965 49
10808 7982 30
10808 7982 34
10808 8005 60
10808 8005 38
10702 8001 26
10702 8001 21
10702 7999 8
10702 7999 44
10702 7966 59
10702 7966 60
10702 7993 19
10702 7993 7
10702 7953 32
10702 7953 36
10702 7992 9
10702 7992 3
10702 7952 28
10702 7952 56
10702 7954 28
10702 7954 28
10702 7964 48
10702 7964 46
10702 7991 31
10702 7991 4
10702 7988 37
10702 7988 24
10702 7946 9
10702 7946 53
10702 7955 2
10702 7955 6
10702 7947 26
10702 7947 16
10702 7962 50
10702 7962 42
10702 7943 1
10702 7943 51
10702 7990 47
10702 7990 44
10702 7987 2
10702 7987 60
10702 7989 24
10702 7989 17
10702 7785 60
10702 7785 28
10702 7948 3
10702 7948 30
10702 8572 17
10702 8572 22
10702 7786 33
10702 7786 13
10702 7963 43
10702 7963 58
10702 7941 18
10702 7941 8
10702 8002 55
10702 8002 23
10702 7787 15
10702 7787 50
10702 7985 24
10702 7985 15
10702 7960 44
10702 7960 15
10702 7965 29
10702 7965 60
10702 7982 60
10702 7982 22
10702 8005 13
10702 8005 7
10811 8001 5
10811 8001 21
10811 7999 2
10811 7999 57
10811 7966 49
10811 7966 27
10811 7993 54
10811 7993 55
10811 7953 31
10811 7953 37
10811 7992 53
10811 7992 12
10811 7952 52
10811 7952 44
10811 7954 23
10811 7954 48
10811 7964 10
10811 7964 31
10811 7991 46
10811 7991 18
10811 7988 14
10811 7988 6
10811 7946 9
10811 7946 39
10811 7955 14
10811 7955 50
10811 7947 54
10811 7947 60
10811 7962 41
10811 7962 14
10811 7943 48
10811 7943 23
10811 7990 59
10811 7990 40
10811 7987 19
10811 7987 3
10811 7989 0
10811 7989 53
10811 7785 7
10811 7785 13
10811 7948 7
10811 7948 23
10811 8572 52
10811 8572 31
10811 7786 10
10811 7786 16
10811 7963 29
10811 7963 16
10811 7941 35
10811 7941 44
10811 8002 0
10811 8002 36
10811 7787 2
10811 7787 14
10811 7985 55
10811 7985 34
10811 7960 35
10811 7960 38
10811 7965 43
10811 7965 14
10811 7982 43
10811 7982 43
10811 8005 46
10811 8005 7
10814 8001 42
10814 8001 31
10814 7999 53
10814 7999 32
10814 7966 48
10814 7966 12
10814 7993 2
10814 7993 45
10814 7953 53
10814 7953 8
10814 7992 10
10814 7992 29
10814 7952 17
10814 7952 28
10814 7954 60
10814 7954 60
10814 7964 60
10814 7964 59
10814 7991 52
10814 7991 32
10814 7988 5
10814 7988 8
10814 7946 1
10814 7946 33
10814 7955 60
10814 7955 36
10814 7947 11
10814 7947 60
10814 7962 2
10814 7962 36
10814 7943 53
10814 7943 11
10814 7990 26
10814 7990 23
10814 7987 18
10814 7987 24
10814 7989 35
10814 7989 48
10814 7785 43
10814 7785 33
10814 7948 31
10814 7948 0
10814 8572 33
10814 8572 29
10814 7786 27
10814 7786 52
10814 7963 50
10814 7963 13
10814 7941 40
10814 7941 39
10814 8002 10
10814 8002 11
10814 7787 47
10814 7787 6
10814 7985 21
10814 7985 37
10814 7960 58
10814 7960 57
10814 7965 37
10814 7965 44
10814 7982 52
10814 7982 21
10814 8005 0
10814 8005 55
10818 8001 31
10818 8001 42
10818 7999 46
10818 7999 60
10818 7966 31
10818 7966 1
10818 7993 1
10818 7993 8
10818 7953 38
10818 7953 28
10818 7992 57
10818 7992 50
10818 7952 6
10818 7952 29
10818 7954 33
10818 7954 32
10818 7964 24
10818 7964 55
10818 7991 16
10818 7991 43
10818 7988 45
10818 7988 18
10818 7946 24
10818 7946 6
10818 7955 36
10818 7955 25
10818 7947 7
10818 7947 53
10818 7962 49
10818 7962 4
10818 7943 23
10818 7943 2
10818 7990 24
10818 7990 29
10818 7987 7
10818 7987 34
10818 7989 19
10818 7989 49
10818 7785 57
10818 7785 17
10818 7948 33
10818 7948 43
10818 8572 23
10818 8572 15
10818 7786 34
10818 7786 58
10818 7963 9
10818 7963 31
10818 7941 42
10818 7941 20
10818 8002 34
10818 8002 49
10818 7787 23
10818 7787 25
10818 7985 28
10818 7985 16
10818 7960 50
10818 7960 38
10818 7965 8
10818 7965 29
10818 7982 18
10818 7982 2
10818 8005 20
10818 8005 40
10746 8001 2
10746 8001 29
10746 7999 15
10746 7999 4
10746 7966 3
10746 7966 56
10746 7993 47
10746 7993 57
10746 7953 50
10746 7953 22
10746 7992 14
10746 7992 51
10746 7952 10
10746 7952 30
10746 7954 35
10746 7954 18
10746 7964 48
10746 7964 2
10746 7991 31
10746 7991 53
10746 7988 32
10746 7988 7
10746 7946 18
10746 7946 30
10746 7955 15
10746 7955 35
10746 7947 4
10746 7947 30
10746 7962 16
10746 7962 15
10746 7943 52
10746 7943 34
10746 7990 57
10746 7990 32
10746 7987 51
10746 7987 43
10746 7989 34
10746 7989 53
10746 7785 18
10746 7785 39
10746 7948 14
10746 7948 44
10746 8572 25
10746 8572 32
10746 7786 55
10746 7786 54
10746 7963 30
10746 7963 13
10746 7941 10
10746 7941 14
10746 8002 3
10746 8002 28
10746 7787 5
10746 7787 19
10746 7985 12
10746 7985 57
10746 7960 24
10746 7960 13
10746 7965 60
10746 7965 35
10746 7982 43
10746 7982 44
10746 8005 21
10746 8005 14
10742 8001 50
10742 8001 18
10742 7999 5
10742 7999 44
10742 7966 33
10742 7966 47
10742 7993 6
10742 7993 7
10742 7953 43
10742 7953 51
10742 7992 39
10742 7992 3
10742 7952 13
10742 7952 45
10742 7954 56
10742 7954 57
10742 7964 52
10742 7964 45
10742 7991 9
10742 7991 20
10742 7988 31
10742 7988 16
10742 7946 41
10742 7946 38
10742 7955 2
10742 7955 17
10742 7947 48
10742 7947 50
10742 7962 55
10742 7962 35
10742 7943 51
10742 7943 24
10742 7990 56
10742 7990 16
10742 7987 8
10742 7987 60
10742 7989 24
10742 7989 32
10742 7785 4
10742 7785 47
10742 7948 23
10742 7948 35
10742 8572 37
10742 8572 44
10742 7786 23
10742 7786 55
10742 7963 24
10742 7963 28
10742 7941 33
10742 7941 20
10742 8002 33
10742 8002 37
10742 7787 22
10742 7787 44
10742 7985 15
10742 7985 29
10742 7960 47
10742 7960 30
10742 7965 13
10742 7965 39
10742 7982 44
10742 7982 53
10742 8005 16
10742 8005 20
10625 8001 25
10625 8001 29
10625 7999 30
10625 7999 14
10625 7966 2
10625 7966 10
10625 7993 21
10625 7993 44
10625 7953 58
10625 7953 21
10625 7992 21
10625 7992 57
10625 7952 8
10625 7952 18
10625 7954 47
10625 7954 40
10625 7964 15
10625 7964 53
10625 7991 18
10625 7991 13
10625 7988 6
10625 7988 38
10625 7946 19
10625 7946 58
10625 7955 58
10625 7955 34
10625 7947 16
10625 7947 54
10625 7962 27
10625 7962 19
10625 7943 5
10625 7943 20
10625 7990 3
10625 7990 27
10625 7987 45
10625 7987 35
10625 7989 47
10625 7989 14
10625 7785 2
10625 7785 44
10625 7948 20
10625 7948 24
10625 8572 24
10625 8572 35
10625 7786 10
10625 7786 28
10625 7963 44
10625 7963 41
10625 7941 47
10625 7941 44
10625 8002 55
10625 8002 18
10625 7787 21
10625 7787 53
10625 7985 30
10625 7985 25
10625 7960 42
10625 7960 32
10625 7965 7
10625 7965 57
10625 7982 60
10625 7982 23
10625 8005 38
10625 8005 44
10788 8001 17
10788 8001 44
10788 7999 13
10788 7999 9
10788 7966 52
10788 7966 50
10788 7993 20
10788 7993 37
10788 7953 17
10788 7953 11
10788 7992 45
10788 7992 60
10788 7952 59
10788 7952 8
10788 7954 27
10788 7954 4
10788 7964 48
10788 7964 30
10788 7991 13
10788 7991 30
10788 7988 45
10788 7988 19
10788 7946 39
10788 7946 53
10788 7955 27
10788 7955 36
10788 7947 14
10788 7947 28
10788 7962 23
10788 7962 39
10788 7943 11
10788 7943 58
10788 7990 0
10788 7990 39
10788 7987 49
10788 7987 2
10788 7989 34
10788 7989 25
10788 7785 41
10788 7785 31
10788 7948 12
10788 7948 50
10788 8572 39
10788 8572 59
10788 7786 52
10788 7786 25
10788 7963 45
10788 7963 7
10788 7941 28
10788 7941 22
10788 8002 59
10788 8002 57
10788 7787 4
10788 7787 1
10788 7985 44
10788 7985 20
10788 7960 30
10788 7960 2
10788 7965 31
10788 7965 26
10788 7982 15
10788 7982 59
10788 8005 45
10788 8005 9
10697 8001 23
10697 8001 32
10697 7999 47
10697 7999 40
10697 7966 11
10697 7966 30
10697 7993 31
10697 7993 8
10697 7953 54
10697 7953 10
10697 7992 2
10697 7992 53
10697 7952 34
10697 7952 53
10697 7954 18
10697 7954 22
10697 7964 49
10697 7964 53
10697 7991 14
10697 7991 5
10697 7988 6
10697 7988 27
10697 7946 59
10697 7946 28
10697 7955 15
10697 7955 58
10697 7947 19
10697 7947 44
10697 7962 44
10697 7962 38
10697 7943 2
10697 7943 52
10697 7990 56
10697 7990 57
10697 7987 36
10697 7987 23
10697 7989 48
10697 7989 16
10697 7785 2
10697 7785 49
10697 7948 53
10697 7948 13
10697 8572 23
10697 8572 55
10697 7786 1
10697 7786 4
10697 7963 14
10697 7963 8
10697 7941 46
10697 7941 42
10697 8002 60
10697 8002 52
10697 7787 44
10697 7787 28
10697 7985 40
10697 7985 20
10697 7960 16
10697 7960 42
10697 7965 24
10697 7965 55
10697 7982 4
10697 7982 49
10697 8005 1
10697 8005 59
10798 8001 46
10798 8001 11
10798 7999 51
10798 7999 10
10798 7966 37
10798 7966 27
10798 7993 11
10798 7993 11
10798 7953 1
10798 7953 53
10798 7992 56
10798 7992 35
10798 7952 35
10798 7952 21
10798 7954 12
10798 7954 49
10798 7964 37
10798 7964 5
10798 7991 48
10798 7991 57
10798 7988 7
10798 7988 30
10798 7946 1
10798 7946 54
10798 7955 6
10798 7955 59
10798 7947 41
10798 7947 40
10798 7962 53
10798 7962 1
10798 7943 4
10798 7943 58
10798 7990 56
10798 7990 24
10798 7987 28
10798 7987 52
10798 7989 2
10798 7989 19
10798 7785 7
10798 7785 13
10798 7948 18
10798 7948 7
10798 8572 45
10798 8572 50
10798 7786 25
10798 7786 30
10798 7963 47
10798 7963 49
10798 7941 52
10798 7941 37
10798 8002 29
10798 8002 32
10798 7787 44
10798 7787 54
10798 7985 49
10798 7985 35
10798 7960 24
10798 7960 42
10798 7965 40
10798 7965 51
10798 7982 45
10798 7982 10
10798 8005 7
10798 8005 1
10701 8001 10
10701 8001 58
10701 7999 17
10701 7999 44
10701 7966 26
10701 7966 21
10701 7993 47
10701 7993 13
10701 7953 10
10701 7953 60
10701 7992 12
10701 7992 40
10701 7952 30
10701 7952 25
10701 7954 48
10701 7954 22
10701 7964 3
10701 7964 12
10701 7991 21
10701 7991 11
10701 7988 46
10701 7988 19
10701 7946 10
10701 7946 50
10701 7955 29
10701 7955 24
10701 7947 58
10701 7947 3
10701 7962 32
10701 7962 6
10701 7943 32
10701 7943 46
10701 7990 49
10701 7990 54
10701 7987 10
10701 7987 23
10701 7989 25
10701 7989 33
10701 7785 16
10701 7785 20
10701 7948 22
10701 7948 25
10701 8572 51
10701 8572 33
10701 7786 22
10701 7786 4
10701 7963 52
10701 7963 50
10701 7941 9
10701 7941 30
10701 8002 36
10701 8002 8
10701 7787 38
10701 7787 23
10701 7985 57
10701 7985 15
10701 7960 47
10701 7960 47
10701 7965 13
10701 7965 22
10701 7982 21
10701 7982 22
10701 8005 38
10701 8005 12
10800 8001 32
10800 8001 33
10800 7999 28
10800 7999 58
10800 7966 59
10800 7966 39
10800 7993 60
10800 7993 55
10800 7953 32
10800 7953 56
10800 7992 22
10800 7992 22
10800 7952 21
10800 7952 16
10800 7954 37
10800 7954 55
10800 7964 40
10800 7964 14
10800 7991 57
10800 7991 5
10800 7988 48
10800 7988 26
10800 7946 13
10800 7946 52
10800 7955 40
10800 7955 10
10800 7947 2
10800 7947 46
10800 7962 38
10800 7962 20
10800 7943 32
10800 7943 58
10800 7990 60
10800 7990 48
10800 7987 32
10800 7987 24
10800 7989 20
10800 7989 16
10800 7785 40
10800 7785 7
10800 7948 0
10800 7948 47
10800 8572 11
10800 8572 50
10800 7786 28
10800 7786 51
10800 7963 7
10800 7963 7
10800 7941 36
10800 7941 50
10800 8002 23
10800 8002 54
10800 7787 45
10800 7787 44
10800 7985 3
10800 7985 33
10800 7960 38
10800 7960 37
10800 7965 11
10800 7965 55
10800 7982 18
10800 7982 0
10800 8005 52
10800 8005 54
10051 8001 16
10051 8001 51
10051 7999 26
10051 7999 24
10051 7966 32
10051 7966 55
10051 7993 18
10051 7993 5
10051 7953 32
10051 7953 27
10051 7992 4
10051 7992 57
10051 7952 41
10051 7952 35
10051 7954 42
10051 7954 0
10051 7964 0
10051 7964 29
10051 7991 52
10051 7991 1
10051 7988 43
10051 7988 52
10051 7946 5
10051 7946 34
10051 7955 7
10051 7955 13
10051 7947 13
10051 7947 39
10051 7962 15
10051 7962 25
10051 7943 51
10051 7943 13
10051 7990 13
10051 7990 51
10051 7987 3
10051 7987 59
10051 7989 55
10051 7989 13
10051 7785 3
10051 7785 37
10051 7948 27
10051 7948 37
10051 8572 33
10051 8572 52
10051 7786 53
10051 7786 31
10051 7963 1
10051 7963 44
10051 7941 18
10051 7941 18
10051 8002 17
10051 8002 53
10051 7787 43
10051 7787 25
10051 7985 21
10051 7985 15
10051 7960 6
10051 7960 2
10051 7965 6
10051 7965 25
10051 7982 5
10051 7982 55
10051 8005 43
10051 8005 28
10739 8001 55
10739 8001 44
10739 7999 34
10739 7999 42
10739 7966 17
10739 7966 13
10739 7993 7
10739 7993 15
10739 7953 11
10739 7953 3
10739 7992 23
10739 7992 44
10739 7952 59
10739 7952 48
10739 7954 41
10739 7954 1
10739 7964 24
10739 7964 1
10739 7991 41
10739 7991 6
10739 7988 27
10739 7988 57
10739 7946 37
10739 7946 34
10739 7955 46
10739 7955 8
10739 7947 42
10739 7947 18
10739 7962 15
10739 7962 51
10739 7943 15
10739 7943 31
10739 7990 24
10739 7990 24
10739 7987 43
10739 7987 30
10739 7989 12
10739 7989 35
10739 7785 18
10739 7785 14
10739 7948 14
10739 7948 6
10739 8572 34
10739 8572 3
10739 7786 35
10739 7786 27
10739 7963 29
10739 7963 28
10739 7941 54
10739 7941 35
10739 8002 20
10739 8002 26
10739 7787 32
10739 7787 56
10739 7985 31
10739 7985 33
10739 7960 53
10739 7960 23
10739 7965 21
10739 7965 56
10739 7982 57
10739 7982 36
10739 8005 21
10739 8005 54
10099 8001 60
10099 8001 44
10099 7999 14
10099 7999 15
10099 7966 40
10099 7966 1
10099 7993 58
10099 7993 43
10099 7953 18
10099 7953 22
10099 7992 51
10099 7992 51
10099 7952 56
10099 7952 23
10099 7954 42
10099 7954 6
10099 7964 2
10099 7964 58
10099 7991 40
10099 7991 44
10099 7988 27
10099 7988 55
10099 7946 31
10099 7946 32
10099 7955 21
10099 7955 36
10099 7947 7
10099 7947 53
10099 7962 47
10099 7962 14
10099 7943 41
10099 7943 21
10099 7990 0
10099 7990 54
10099 7987 9
10099 7987 13
10099 7989 37
10099 7989 48
10099 7785 43
10099 7785 49
10099 7948 35
10099 7948 60
10099 8572 24
10099 8572 43
10099 7786 23
10099 7786 60
10099 7963 37
10099 7963 12
10099 7941 34
10099 7941 51
10099 8002 21
10099 8002 9
10099 7787 50
10099 7787 31
10099 7985 46
10099 7985 27
10099 7960 36
10099 7960 38
10099 7965 46
10099 7965 43
10099 7982 25
10099 7982 12
10099 8005 45
10099 8005 6
10815 8001 0
10815 8001 37
10815 7999 18
10815 7999 1
10815 7966 52
10815 7966 36
10815 7993 13
10815 7993 25
10815 7953 36
10815 7953 60
10815 7992 47
10815 7992 30
10815 7952 49
10815 7952 11
10815 7954 51
10815 7954 18
10815 7964 22
10815 7964 2
10815 7991 56
10815 7991 43
10815 7988 43
10815 7988 24
10815 7946 43
10815 7946 32
10815 7955 2
10815 7955 3
10815 7947 26
10815 7947 42
10815 7962 60
10815 7962 13
10815 7943 45
10815 7943 18
10815 7990 46
10815 7990 41
10815 7987 23
10815 7987 6
10815 7989 39
10815 7989 40
10815 7785 12
10815 7785 15
10815 7948 41
10815 7948 25
10815 8572 41
10815 8572 15
10815 7786 22
10815 7786 22
10815 7963 9
10815 7963 3
10815 7941 55
10815 7941 52
10815 8002 44
10815 8002 46
10815 7787 24
10815 7787 55
10815 7985 42
10815 7985 54
10815 7960 17
10815 7960 13
10815 7965 54
10815 7965 57
10815 7982 14
10815 7982 17
10815 8005 9
10815 8005 55
