7472 6689 60
7472 6689 0
7472 6688 29
7472 6688 48
7472 6687 36
7472 6687 44
7472 6638 12
7472 6638 19
7472 6698 9
7472 6698 9
7472 6683 52
7472 6683 25
7472 6686 60
7472 6686 20
7472 6692 7
7472 6692 48
7472 6677 14
7472 6677 44
7472 6639 38
7472 6639 15
7472 6640 53
7472 6640 49
7472 6696 6
7472 6696 22
7472 6682 52
7472 6682 22
7472 6684 48
7472 6684 23
7472 6690 49
7472 6690 24
7472 7144 15
7472 7144 52
7472 7148 6
7472 7148 43
7472 6676 33
7472 6676 56
7472 6678 23
7472 6678 15
7472 6642 44
7472 6642 3
7472 6641 45
7472 6641 7
7472 6648 51
7472 6648 54
7472 6695 10
7472 6695 59
7472 6681 33
7472 6681 50
7472 6693 35
7472 6693 56
7472 6694 35
7472 6694 3
7472 6672 49
7472 6672 54
7472 6691 9
7472 6691 17
7472 7146 10
7472 7146 44
7472 7145 50
7472 7145 39
7472 7147 51
7472 7147 43
7472 7153 23
7472 7153 44
7471 6689 33
7471 6689 48
7471 6688 29
7471 6688 51
7471 6687 40
7471 6687 42
7471 6638 12
7471 6638 44
7471 6698 17
7471 6698 4
7471 6683 15
7471 6683 17
7471 6686 59
7471 6686 41
7471 6692 60
7471 6692 24
7471 6677 26
7471 6677 41
7471 6639 12
7471 6639 16
7471 6640 46
7471 6640 13
7471 6696 23
7471 6696 59
7471 6682 49
7471 6682 30
7471 6684 16
7471 6684 45
7471 6690 25
7471 6690 21
7471 7144 26
7471 7144 45
7471 7148 37
7471 7148 31
7471 6676 32
7471 6676 60
7471 6678 32
7471 6678 28
7471 6642 45
7471 6642 13
7471 6641 26
7471 6641 22
7471 6648 39
7471 6648 14
7471 6695 47
7471 6695 15
7471 6681 11
7471 6681 8
7471 6693 12
7471 6693 27
7471 6694 12
7471 6694 42
7471 6672 30
7471 6672 54
7471 6691 2
7471 6691 10
7471 7146 21
7471 7146 4
7471 7145 8
7471 7145 32
7471 7147 18
7471 7147 20
7471 7153 21
7471 7153 29
7469 6689 40
7469 6689 20
7469 6688 38
7469 6688 10
7469 6687 39
7469 6687 53
7469 6638 41
7469 6638 13
7469 6698 41
7469 6698 22
7469 6683 22
7469 6683 38
7469 6686 51
7469 6686 47
7469 6692 39
7469 6692 32
7469 6677 18
7469 6677 49
7469 6639 4
7469 6639 0
7469 6640 28
7469 6640 57
7469 6696 5
7469 6696 13
7469 6682 31
7469 6682 1
7469 6684 47
7469 6684 15
7469 6690 4
7469 6690 45
7469 7144 3
7469 7144 28
7469 7148 6
7469 7148 0
7469 6676 31
7469 6676 44
7469 6678 14
7469 6678 27
7469 6642 35
7469 6642 43
7469 6641 22
7469 6641 37
7469 6648 31
7469 6648 8
7469 6695 47
7469 6695 46
7469 6681 47
7469 6681 44
7469 6693 54
7469 6693 56
7469 6694 22
7469 6694 24
7469 6672 42
7469 6672 40
7469 6691 13
7469 6691 54
7469 7146 50
7469 7146 36
7469 7145 49
7469 7145 9
7469 7147 57
7469 7147 44
7469 7153 60
7469 7153 47
7392 6689 48
7392 6689 29
7392 6688 2
7392 6688 2
7392 6687 51
7392 6687 60
7392 6638 57
7392 6638 20
7392 6698 31
7392 6698 41
7392 6683 8
7392 6683 49
7392 6686 1
7392 6686 6
7392 6692 15
7392 6692 15
7392 6677 31
7392 6677 59
7392 6639 32
7392 6639 48
7392 6640 29
7392 6640 20
7392 6696 28
7392 6696 21
7392 6682 0
7392 6682 27
7392 6684 46
7392 6684 5
7392 6690 35
7392 6690 47
7392 7144 46
7392 7144 49
7392 7148 13
7392 7148 28
7392 6676 29
7392 6676 7
7392 6678 53
7392 6678 53
7392 6642 48
7392 6642 44
7392 6641 45
7392 6641 2
7392 6648 1
7392 6648 55
7392 6695 50
7392 6695 9
7392 6681 50
7392 6681 49
7392 6693 34
7392 6693 35
7392 6694 60
7392 6694 20
7392 6672 26
7392 6672 31
7392 6691 24
7392 6691 33
7392 7146 35
7392 7146 5
7392 7145 49
7392 7145 28
7392 7147 48
7392 7147 32
7392 7153 48
7392 7153 15
7507 6689 52
7507 6689 7
7507 6688 4
7507 6688 8
7507 6687 31
7507 6687 11
7507 6638 10
7507 6638 52
7507 6698 47
7507 6698 40
7507 6683 21
7507 6683 11
7507 6686 2
7507 6686 43
7507 6692 57
7507 6692 16
7507 6677 3
7507 6677 11
7507 6639 28
7507 6639 42
7507 6640 10
7507 6640 48
7507 6696 21
7507 6696 37
7507 6682 34
7507 6682 5
7507 6684 50
7507 6684 8
7507 6690 11
7507 6690 42
7507 7144 44
7507 7144 55
7507 7148 53
7507 7148 35
7507 6676 55
7507 6676 28
7507 6678 43
7507 6678 3
7507 6642 23
7507 6642 51
7507 6641 26
7507 6641 37
7507 6648 14
7507 6648 6
7507 6695 24
7507 6695 28
7507 6681 25
7507 6681 9
7507 6693 31
7507 6693 25
7507 6694 55
7507 6694 4
7507 6672 32
7507 6672 6
7507 6691 2
7507 6691 33
7507 7146 54
7507 7146 3
7507 7145 36
7507 7145 46
7507 7147 21
7507 7147 38
7507 7153 13
7507 7153 55
7467 6689 25
7467 6689 25
7467 6688 2
7467 6688 17
7467 6687 55
7467 6687 54
7467 6638 36
7467 6638 12
7467 6698 59
7467 6698 38
7467 6683 24
7467 6683 11
7467 6686 38
7467 6686 54
7467 6692 8
7467 6692 52
7467 6677 48
7467 6677 25
7467 6639 52
7467 6639 36
7467 6640 14
7467 6640 6
7467 6696 27
7467 6696 29
7467 6682 55
7467 6682 30
7467 6684 16
7467 6684 0
7467 6690 6
7467 6690 22
7467 7144 15
7467 7144 35
7467 7148 46
7467 7148 55
7467 6676 44
7467 6676 45
7467 6678 40
7467 6678 1
7467 6642 23
7467 6642 31
7467 6641 14
7467 6641 47
7467 6648 22
7467 6648 17
7467 6695 20
7467 6695 55
7467 6681 46
7467 6681 27
7467 6693 19
7467 6693 47
7467 6694 49
7467 6694 45
7467 6672 49
7467 6672 28
7467 6691 28
7467 6691 44
7467 7146 32
7467 7146 23
7467 7145 56
7467 7145 14
7467 7147 38
7467 7147 24
7467 7153 31
7467 7153 15
7466 6689 35
7466 6689 16
7466 6688 27
7466 6688 20
7466 6687 9
7466 6687 48
7466 6638 28
7466 6638 19
7466 6698 60
7466 6698 26
7466 6683 7
7466 6683 1
7466 6686 60
7466 6686 32
7466 6692 6
7466 6692 5
7466 6677 1
7466 6677 34
7466 6639 43
7466 6639 57
7466 6640 45
7466 6640 59
7466 6696 53
7466 6696 46
7466 6682 58
7466 6682 50
7466 6684 47
7466 6684 40
7466 6690 28
7466 6690 18
7466 7144 8
7466 7144 5
7466 7148 20
7466 7148 41
7466 6676 32
7466 6676 20
7466 6678 47
7466 6678 38
7466 6642 36
7466 6642 47
7466 6641 41
7466 6641 47
7466 6648 24
7466 6648 52
7466 6695 35
7466 6695 52
7466 6681 9
7466 6681 33
7466 6693 47
7466 6693 57
7466 6694 6
7466 6694 8
7466 6672 25
7466 6672 55
7466 6691 47
7466 6691 53
7466 7146 25
7466 7146 36
7466 7145 26
7466 7145 20
7466 7147 13
7466 7147 52
7466 7153 5
7466 7153 25
7508 6689 30
7508 6689 51
7508 6688 4
7508 6688 33
7508 6687 56
7508 6687 50
7508 6638 38
7508 6638 42
7508 6698 7
7508 6698 54
7508 6683 12
7508 6683 23
7508 6686 31
7508 6686 7
7508 6692 41
7508 6692 46
7508 6677 47
7508 6677 48
7508 6639 32
7508 6639 24
7508 6640 48
7508 6640 17
7508 6696 33
7508 6696 14
7508 6682 28
7508 6682 25
7508 6684 49
7508 6684 0
7508 6690 12
7508 6690 34
7508 7144 5
7508 7144 17
7508 7148 45
7508 7148 44
7508 6676 44
7508 6676 10
7508 6678 32
7508 6678 44
7508 6642 1
7508 6642 19
7508 6641 58
7508 6641 27
7508 6648 12
7508 6648 29
7508 6695 2
7508 6695 42
7508 6681 10
7508 6681 3
7508 6693 54
7508 6693 34
7508 6694 12
7508 6694 33
7508 6672 16
7508 6672 9
7508 6691 53
7508 6691 35
7508 7146 35
7508 7146 24
7508 7145 11
7508 7145 29
7508 7147 43
7508 7147 18
7508 7153 17
7508 7153 41
7470 6689 42
7470 6689 19
7470 6688 26
7470 6688 31
7470 6687 28
7470 6687 16
7470 6638 38
7470 6638 4
7470 6698 49
7470 6698 39
7470 6683 15
7470 6683 11
7470 6686 60
7470 6686 50
7470 6692 59
7470 6692 46
7470 6677 4
7470 6677 42
7470 6639 25
7470 6639 4
7470 6640 17
7470 6640 57
7470 6696 37
7470 6696 44
7470 6682 53
7470 6682 28
7470 6684 45
7470 6684 54
7470 6690 22
7470 6690 48
7470 7144 14
7470 7144 24
7470 7148 29
7470 7148 3
7470 6676 7
7470 6676 48
7470 6678 18
7470 6678 29
7470 6642 2
7470 6642 28
7470 6641 27
7470 6641 4
7470 6648 45
7470 6648 36
7470 6695 36
7470 6695 28
7470 6681 36
7470 6681 21
7470 6693 6
7470 6693 49
7470 6694 46
7470 6694 8
7470 6672 60
7470 6672 31
7470 6691 22
7470 6691 31
7470 7146 19
7470 7146 22
7470 7145 18
7470 7145 0
7470 7147 0
7470 7147 5
7470 7153 41
7470 7153 35
7394 6689 5
7394 6689 19
7394 6688 43
7394 6688 22
7394 6687 35
7394 6687 60
7394 6638 29
7394 6638 34
7394 6698 34
7394 6698 57
7394 6683 11
7394 6683 10
7394 6686 59
7394 6686 31
7394 6692 24
7394 6692 36
7394 6677 47
7394 6677 38
7394 6639 22
7394 6639 44
7394 6640 1
7394 6640 9
7394 6696 46
7394 6696 46
7394 6682 29
7394 6682 5
7394 6684 3
7394 6684 9
7394 6690 1
7394 6690 46
7394 7144 6
7394 7144 21
7394 7148 44
7394 7148 37
7394 6676 50
7394 6676 3
7394 6678 53
7394 6678 13
7394 6642 46
7394 6642 13
7394 6641 25
7394 6641 36
7394 6648 9
7394 6648 24
7394 6695 42
7394 6695 2
7394 6681 17
7394 6681 10
7394 6693 60
7394 6693 4
7394 6694 31
7394 6694 39
7394 6672 1
7394 6672 45
7394 6691 30
7394 6691 47
7394 7146 29
7394 7146 24
7394 7145 9
7394 7145 17
7394 7147 41
7394 7147 4
7394 7153 3
7394 7153 55
7393 6689 28
7393 6689 22
7393 6688 2
7393 6688 5
7393 6687 57
7393 6687 30
7393 6638 50
7393 6638 42
7393 6698 60
7393 6698 29
7393 6683 11
7393 6683 26
7393 6686 38
7393 6686 43
7393 6692 46
7393 6692 50
7393 6677 6
7393 6677 2
7393 6639 11
7393 6639 9
7393 6640 35
7393 6640 49
7393 6696 9
7393 6696 57
7393 6682 25
7393 6682 31
7393 6684 10
7393 6684 6
7393 6690 25
7393 6690 32
7393 7144 7
7393 7144 1
7393 7148 34
7393 7148 54
7393 6676 17
7393 6676 36
7393 6678 8
7393 6678 38
7393 6642 32
7393 6642 9
7393 6641 51
7393 6641 21
7393 6648 0
7393 6648 30
7393 6695 41
7393 6695 48
7393 6681 30
7393 6681 19
7393 6693 17
7393 6693 8
7393 6694 14
7393 6694 54
7393 6672 51
7393 6672 51
7393 6691 40
7393 6691 5
7393 7146 13
7393 7146 8
7393 7145 24
7393 7145 10
7393 7147 12
7393 7147 49
7393 7153 12
7393 7153 23
7505 6689 40
7505 6689 56
7505 6688 46
7505 6688 15
7505 6687 2
7505 6687 30
7505 6638 47
7505 6638 31
7505 6698 48
7505 6698 16
7505 6683 17
7505 6683 20
7505 6686 6
7505 6686 24
7505 6692 54
7505 6692 29
7505 6677 21
7505 6677 8
7505 6639 58
7505 6639 47
7505 6640 51
7505 6640 20
7505 6696 24
7505 6696 59
7505 6682 39
7505 6682 58
7505 6684 42
7505 6684 26
7505 6690 15
7505 6690 13
7505 7144 27
7505 7144 26
7505 7148 41
7505 7148 21
7505 6676 25
7505 6676 30
7505 6678 24
7505 6678 2
7505 6642 11
7505 6642 1
7505 6641 20
7505 6641 50
7505 6648 12
7505 6648 29
7505 6695 46
7505 6695 60
7505 6681 33
7505 6681 2
7505 6693 3
7505 6693 35
7505 6694 56
7505 6694 25
7505 6672 48
7505 6672 26
7505 6691 50
7505 6691 34
7505 7146 9
7505 7146 45
7505 7145 2
7505 7145 11
7505 7147 48
7505 7147 41
7505 7153 46
7505 7153 52
7511 6689 1
7511 6689 5
7511 6688 7
7511 6688 55
7511 6687 11
7511 6687 50
7511 6638 11
7511 6638 55
7511 6698 15
7511 6698 3
7511 6683 4
7511 6683 6
7511 6686 56
7511 6686 16
7511 6692 7
7511 6692 14
7511 6677 49
7511 6677 17
7511 6639 54
7511 6639 17
7511 6640 7
7511 6640 53
7511 6696 16
7511 6696 6
7511 6682 35
7511 6682 21
7511 6684 46
7511 6684 42
7511 6690 33
7511 6690 53
7511 7144 7
7511 7144 9
7511 7148 14
7511 7148 58
7511 6676 54
7511 6676 33
7511 6678 51
7511 6678 2
7511 6642 13
7511 6642 52
7511 6641 22
7511 6641 6
7511 6648 17
7511 6648 52
7511 6695 29
7511 6695 52
7511 6681 29
7511 6681 50
7511 6693 22
7511 6693 25
7511 6694 60
7511 6694 18
7511 6672 30
7511 6672 32
7511 6691 57
7511 6691 17
7511 7146 28
7511 7146 45
7511 7145 18
7511 7145 40
7511 7147 40
7511 7147 12
7511 7153 27
7511 7153 55
7464 6689 22
7464 6689 12
7464 6688 13
7464 6688 41
7464 6687 18
7464 6687 45
7464 6638 8
7464 6638 45
7464 6698 23
7464 6698 41
7464 6683 5
7464 6683 25
7464 6686 17
7464 6686 15
7464 6692 38
7464 6692 51
7464 6677 59
7464 6677 38
7464 6639 40
7464 6639 24
7464 6640 59
7464 6640 4
7464 6696 9
7464 6696 25
7464 6682 53
7464 6682 37
7464 6684 49
7464 6684 15
7464 6690 36
7464 6690 28
7464 7144 35
7464 7144 20
7464 7148 6
7464 7148 4
7464 6676 58
7464 6676 13
7464 6678 27
7464 6678 44
7464 6642 20
7464 6642 6
7464 6641 50
7464 6641 53
7464 6648 41
7464 6648 12
7464 6695 31
7464 6695 49
7464 6681 47
7464 6681 40
7464 6693 31
7464 6693 59
7464 6694 33
7464 6694 28
7464 6672 40
7464 6672 34
7464 6691 34
7464 6691 39
7464 7146 38
7464 7146 39
7464 7145 45
7464 7145 50
7464 7147 25
7464 7147 39
7464 7153 60
7464 7153 44
7468 6689 48
7468 6689 15
7468 6688 17
7468 6688 58
7468 6687 22
7468 6687 48
7468 6638 57
7468 6638 51
7468 6698 16
7468 6698 13
7468 6683 59
7468 6683 26
7468 6686 7
7468 6686 48
7468 6692 13
7468 6692 46
7468 6677 16
7468 6677 14
7468 6639 15
7468 6639 45
7468 6640 13
7468 6640 39
7468 6696 34
7468 6696 31
7468 6682 2
7468 6682 41
7468 6684 57
7468 6684 8
7468 6690 36
7468 6690 2
7468 7144 14
7468 7144 13
7468 7148 28
7468 7148 12
7468 6676 41
7468 6676 59
7468 6678 15
7468 6678 43
7468 6642 18
7468 6642 40
7468 6641 55
7468 6641 11
7468 6648 25
7468 6648 12
7468 6695 32
7468 6695 58
7468 6681 18
7468 6681 57
7468 6693 49
7468 6693 15
7468 6694 8
7468 6694 59
7468 6672 55
7468 6672 50
7468 6691 38
7468 6691 18
7468 7146 13
7468 7146 17
7468 7145 26
7468 7145 30
7468 7147 0
7468 7147 59
7468 7153 51
7468 7153 41
7459 6689 31
7459 6689 55
7459 6688 34
7459 6688 30
7459 6687 40
7459 6687 22
7459 6638 14
7459 6638 43
7459 6698 23
7459 6698 43
7459 6683 27
7459 6683 4
7459 6686 8
7459 6686 37
7459 6692 7
7459 6692 8
7459 6677 42
7459 6677 48
7459 6639 3
7459 6639 55
7459 6640 27
7459 6640 59
7459 6696 12
7459 6696 35
7459 6682 13
7459 6682 15
7459 6684 35
7459 6684 35
7459 6690 8
7459 6690 17
7459 7144 55
7459 7144 16
7459 7148 13
7459 7148 12
7459 6676 32
7459 6676 2
7459 6678 24
7459 6678 9
7459 6642 45
7459 6642 8
7459 6641 20
7459 6641 33
7459 6648 32
7459 6648 25
7459 6695 16
7459 6695 25
7459 6681 52
7459 6681 29
7459 6693 50
7459 6693 29
7459 6694 5
7459 6694 41
7459 6672 36
7459 6672 37
7459 6691 8
7459 6691 39
7459 7146 35
7459 7146 19
7459 7145 35
7459 7145 25
7459 7147 23
7459 7147 46
7459 7153 30
7459 7153 35
7477 6689 52
7477 6689 4
7477 6688 35
7477 6688 55
7477 6687 35
7477 6687 9
7477 6638 50
7477 6638 35
7477 6698 34
7477 6698 30
7477 6683 57
7477 6683 47
7477 6686 30
7477 6686 1
7477 6692 60
7477 6692 3
7477 6677 16
7477 6677 0
7477 6639 47
7477 6639 18
7477 6640 27
7477 6640 20
7477 6696 22
7477 6696 16
7477 6682 35
7477 6682 57
7477 6684 49
7477 6684 4
7477 6690 48
7477 6690 60
7477 7144 32
7477 7144 32
7477 7148 52
7477 7148 1
7477 6676 24
7477 6676 18
7477 6678 56
7477 6678 27
7477 6642 33
7477 6642 16
7477 6641 40
7477 6641 41
7477 6648 20
7477 6648 23
7477 6695 0
7477 6695 10
7477 6681 4
7477 6681 18
7477 6693 43
7477 6693 16
7477 6694 39
7477 6694 33
7477 6672 5
7477 6672 45
7477 6691 39
7477 6691 59
7477 7146 18
7477 7146 11
7477 7145 42
7477 7145 55
7477 7147 2
7477 7147 37
7477 7153 6
7477 7153 33
7512 6689 55
7512 6689 27
7512 6688 50
7512 6688 60
7512 6687 37
7512 6687 35
7512 6638 43
7512 6638 28
7512 6698 55
7512 6698 47
7512 6683 25
7512 6683 32
7512 6686 55
7512 6686 44
7512 6692 54
7512 6692 38
7512 6677 49
7512 6677 11
7512 6639 0
7512 6639 17
7512 6640 52
7512 6640 52
7512 6696 38
7512 6696 44
7512 6682 39
7512 6682 29
7512 6684 41
7512 6684 25
7512 6690 14
7512 6690 47
7512 7144 32
7512 7144 10
7512 7148 9
7512 7148 9
7512 6676 10
7512 6676 53
7512 6678 3
7512 6678 2
7512 6642 41
7512 6642 8
7512 6641 7
7512 6641 31
7512 6648 18
7512 6648 60
7512 6695 18
7512 6695 49
7512 6681 49
7512 6681 7
7512 6693 16
7512 6693 46
7512 6694 19
7512 6694 51
7512 6672 22
7512 6672 21
7512 6691 56
7512 6691 42
7512 7146 13
7512 7146 51
7512 7145 5
7512 7145 0
7512 7147 14
7512 7147 13
7512 7153 29
7512 7153 35
7422 6689 29
7422 6689 49
7422 6688 15
7422 6688 24
7422 6687 44
7422 6687 14
7422 6638 43
7422 6638 5
7422 6698 1
7422 6698 53
7422 6683 58
7422 6683 53
7422 6686 28
7422 6686 24
7422 6692 60
7422 6692 54
7422 6677 43
7422 6677 27
7422 6639 47
7422 6639 47
7422 6640 2
7422 6640 41
7422 6696 3
7422 6696 58
7422 6682 2
7422 6682 8
7422 6684 1
7422 6684 24
7422 6690 3
7422 6690 22
7422 7144 14
7422 7144 7
7422 7148 1
7422 7148 55
7422 6676 25
7422 6676 0
7422 6678 15
7422 6678 57
7422 6642 58
7422 6642 41
7422 6641 53
7422 6641 34
7422 6648 19
7422 6648 19
7422 6695 18
7422 6695 15
7422 6681 33
7422 6681 55
7422 6693 33
7422 6693 3
7422 6694 2
7422 6694 48
7422 6672 24
7422 6672 17
7422 6691 6
7422 6691 23
7422 7146 1
7422 7146 50
7422 7145 36
7422 7145 60
7422 7147 26
7422 7147 57
7422 7153 56
7422 7153 39
7395 6689 3
7395 6689 47
7395 6688 47
7395 6688 16
7395 6687 28
7395 6687 20
7395 6638 2
7395 6638 8
7395 6698 30
7395 6698 17
7395 6683 38
7395 6683 59
7395 6686 48
7395 6686 25
7395 6692 55
7395 6692 55
7395 6677 7
7395 6677 26
7395 6639 26
7395 6639 25
7395 6640 45
7395 6640 49
7395 6696 24
7395 6696 37
7395 6682 5
7395 6682 41
7395 6684 25
7395 6684 0
7395 6690 23
7395 6690 38
7395 7144 29
7395 7144 9
7395 7148 28
7395 7148 6
7395 6676 5
7395 6676 52
7395 6678 20
7395 6678 42
7395 6642 3
7395 6642 51
7395 6641 48
7395 6641 36
7395 6648 22
7395 6648 30
7395 6695 35
7395 6695 52
7395 6681 52
7395 6681 4
7395 6693 12
7395 6693 40
7395 6694 45
7395 6694 16
7395 6672 58
7395 6672 19
7395 6691 40
7395 6691 28
7395 7146 51
7395 7146 37
7395 7145 59
7395 7145 51
7395 7147 53
7395 7147 24
7395 7153 42
7395 7153 1
7420 6689 53
7420 6689 18
7420 6688 9
7420 6688 35
7420 6687 59
7420 6687 52
7420 6638 21
7420 6638 47
7420 6698 42
7420 6698 57
7420 6683 42
7420 6683 9
7420 6686 0
7420 6686 26
7420 6692 60
7420 6692 30
7420 6677 19
7420 6677 29
7420 6639 0
7420 6639 37
7420 6640 43
7420 6640 37
7420 6696 30
7420 6696 7
7420 6682 40
7420 6682 19
7420 6684 34
7420 6684 12
7420 6690 3
7420 6690 15
7420 7144 53
7420 7144 18
7420 7148 32
7420 7148 14
7420 6676 12
7420 6676 0
7420 6678 9
7420 6678 11
7420 6642 10
7420 6642 31
7420 6641 35
7420 6641 25
7420 6648 38
7420 6648 17
7420 6695 36
7420 6695 9
7420 6681 13
7420 6681 49
7420 6693 17
7420 6693 60
7420 6694 15
7420 6694 58
7420 6672 35
7420 6672 54
7420 6691 33
7420 6691 15
7420 7146 40
7420 7146 38
7420 7145 9
7420 7145 38
7420 7147 51
7420 7147 53
7420 7153 40
7420 7153 52
7506 6689 12
7506 6689 44
7506 6688 41
7506 6688 55
7506 6687 36
7506 6687 52
7506 6638 9
7506 6638 30
7506 6698 8
7506 6698 47
7506 6683 7
7506 6683 48
7506 6686 59
7506 6686 30
7506 6692 49
7506 6692 32
7506 6677 2
7506 6677 18
7506 6639 55
7506 6639 33
7506 6640 42
7506 6640 49
7506 6696 18
7506 6696 39
7506 6682 52
7506 6682 25
7506 6684 48
7506 6684 9
7506 6690 36
7506 6690 43
7506 7144 25
7506 7144 10
7506 7148 37
7506 7148 16
7506 6676 35
7506 6676 30
7506 6678 27
7506 6678 36
7506 6642 46
7506 6642 5
7506 6641 49
7506 6641 23
7506 6648 52
7506 6648 40
7506 6695 53
7506 6695 41
7506 6681 53
7506 6681 9
7506 6693 26
7506 6693 18
7506 6694 34
7506 6694 37
7506 6672 52
7506 6672 30
7506 6691 26
7506 6691 2
7506 7146 40
7506 7146 5
7506 7145 55
7506 7145 1
7506 7147 17
7506 7147 40
7506 7153 59
7506 7153 40
7509 6689 27
7509 6689 8
7509 6688 49
7509 6688 29
7509 6687 10
7509 6687 22
7509 6638 43
7509 6638 0
7509 6698 7
7509 6698 33
7509 6683 38
7509 6683 40
7509 6686 22
7509 6686 54
7509 6692 3
7509 6692 55
7509 6677 56
7509 6677 15
7509 6639 51
7509 6639 39
7509 6640 8
7509 6640 36
7509 6696 16
7509 6696 60
7509 6682 44
7509 6682 5
7509 6684 1
7509 6684 60
7509 6690 15
7509 6690 39
7509 7144 17
7509 7144 10
7509 7148 8
7509 7148 7
7509 6676 51
7509 6676 36
7509 6678 16
7509 6678 11
7509 6642 24
7509 6642 55
7509 6641 14
7509 6641 1
7509 6648 43
7509 6648 3
7509 6695 31
7509 6695 9
7509 6681 6
7509 6681 12
7509 6693 16
7509 6693 59
7509 6694 6
7509 6694 1
7509 6672 27
7509 6672 6
7509 6691 21
7509 6691 54
7509 7146 33
7509 7146 27
7509 7145 39
7509 7145 38
7509 7147 30
7509 7147 58
7509 7153 34
7509 7153 0
7525 6689 25
7525 6689 5
7525 6688 5
7525 6688 36
7525 6687 25
7525 6687 19
7525 6638 21
7525 6638 31
7525 6698 21
7525 6698 25
7525 6683 9
7525 6683 7
7525 6686 30
7525 6686 32
7525 6692 29
7525 6692 1
7525 6677 6
7525 6677 26
7525 6639 4
7525 6639 2
7525 6640 60
7525 6640 50
7525 6696 2
7525 6696 54
7525 6682 51
7525 6682 18
7525 6684 41
7525 6684 42
7525 6690 35
7525 6690 2
7525 7144 19
7525 7144 59
7525 7148 51
7525 7148 51
7525 6676 48
7525 6676 18
7525 6678 29
7525 6678 11
7525 6642 17
7525 6642 48
7525 6641 21
7525 6641 6
7525 6648 53
7525 6648 23
7525 6695 18
7525 6695 60
7525 6681 41
7525 6681 59
7525 6693 31
7525 6693 11
7525 6694 9
7525 6694 49
7525 6672 6
7525 6672 35
7525 6691 30
7525 6691 33
7525 7146 11
7525 7146 29
7525 7145 3
7525 7145 39
7525 7147 58
7525 7147 51
7525 7153 4
7525 7153 35
7465 6689 32
7465 6689 51
7465 6688 58
7465 6688 49
7465 6687 19
7465 6687 40
7465 6638 8
7465 6638 4
7465 6698 21
7465 6698 4
7465 6683 31
7465 6683 23
7465 6686 44
7465 6686 26
7465 6692 29
7465 6692 4
7465 6677 7
7465 6677 41
7465 6639 12
7465 6639 21
7465 6640 0
7465 6640 32
7465 6696 27
7465 6696 43
7465 6682 23
7465 6682 51
7465 6684 47
7465 6684 3
7465 6690 58
7465 6690 8
7465 7144 2
7465 7144 52
7465 7148 53
7465 7148 21
7465 6676 20
7465 6676 21
7465 6678 3
7465 6678 51
7465 6642 11
7465 6642 5
7465 6641 15
7465 6641 33
7465 6648 53
7465 6648 56
7465 6695 7
7465 6695 44
7465 6681 5
7465 6681 52
7465 6693 38
7465 6693 45
7465 6694 33
7465 6694 33
7465 6672 59
7465 6672 54
7465 6691 23
7465 6691 20
7465 7146 7
7465 7146 45
7465 7145 32
7465 7145 4
7465 7147 17
7465 7147 50
7465 7153 25
7465 7153 33
7456 6689 27
7456 6689 59
7456 6688 48
7456 6688 32
7456 6687 40
7456 6687 50
7456 6638 10
7456 6638 58
7456 6698 11
7456 6698 2
7456 6683 57
7456 6683 43
7456 6686 35
7456 6686 52
7456 6692 20
7456 6692 55
7456 6677 39
7456 6677 0
7456 6639 12
7456 6639 55
7456 6640 34
7456 6640 44
7456 6696 27
7456 6696 7
7456 6682 40
7456 6682 6
7456 6684 21
7456 6684 20
7456 6690 49
7456 6690 51
7456 7144 0
7456 7144 27
7456 7148 12
7456 7148 11
7456 6676 5
7456 6676 19
7456 6678 59
7456 6678 10
7456 6642 46
7456 6642 45
7456 6641 17
7456 6641 55
7456 6648 58
7456 6648 28
7456 6695 50
7456 6695 23
7456 6681 39
7456 6681 10
7456 6693 17
7456 6693 15
7456 6694 23
7456 6694 44
7456 6672 28
7456 6672 6
7456 6691 33
7456 6691 41
7456 7146 16
7456 7146 48
7456 7145 40
7456 7145 39
7456 7147 20
7456 7147 23
7456 7153 14
7456 7153 34
7458 6689 48
7458 6689 46
7458 6688 50
7458 6688 30
7458 6687 49
7458 6687 20
7458 6638 23
7458 6638 6
7458 6698 49
7458 6698 60
7458 6683 22
7458 6683 4
7458 6686 37
7458 6686 37
7458 6692 3
7458 6692 48
7458 6677 0
7458 6677 5
7458 6639 50
7458 6639 46
7458 6640 18
7458 6640 47
7458 6696 18
7458 6696 25
7458 6682 42
7458 6682 33
7458 6684 60
7458 6684 21
7458 6690 29
7458 6690 35
7458 7144 42
7458 7144 10
7458 7148 15
7458 7148 3
7458 6676 56
7458 6676 45
7458 6678 35
7458 6678 3
7458 6642 15
7458 6642 36
7458 6641 4
7458 6641 0
7458 6648 20
7458 6648 19
7458 6695 11
7458 6695 36
7458 6681 0
7458 6681 20
7458 6693 30
7458 6693 46
7458 6694 44
7458 6694 2
7458 6672 19
7458 6672 60
7458 6691 12
7458 6691 22
7458 7146 30
7458 7146 16
7458 7145 6
7458 7145 29
7458 7147 54
7458 7147 37
7458 7153 20
7458 7153 46
7476 6689 29
7476 6689 38
7476 6688 43
7476 6688 39
7476 6687 24
7476 6687 59
7476 6638 59
7476 6638 57
7476 6698 43
7476 6698 0
7476 6683 10
7476 6683 56
7476 6686 59
7476 6686 22
7476 6692 9
7476 6692 13
7476 6677 23
7476 6677 40
7476 6639 26
7476 6639 14
7476 6640 59
7476 6640 7
7476 6696 0
7476 6696 18
7476 6682 0
7476 6682 29
7476 6684 23
7476 6684 21
7476 6690 12
7476 6690 8
7476 7144 20
7476 7144 20
7476 7148 42
7476 7148 58
7476 6676 9
7476 6676 23
7476 6678 5
7476 6678 18
7476 6642 47
7476 6642 12
7476 6641 6
7476 6641 7
7476 6648 29
7476 6648 20
7476 6695 42
7476 6695 57
7476 6681 15
7476 6681 7
7476 6693 28
7476 6693 36
7476 6694 48
7476 6694 22
7476 6672 12
7476 6672 39
7476 6691 54
7476 6691 11
7476 7146 58
7476 7146 0
7476 7145 13
7476 7145 39
7476 7147 13
7476 7147 10
7476 7153 52
7476 7153 33
7514 6689 8
7514 6689 5
7514 6688 56
7514 6688 35
7514 6687 14
7514 6687 3
7514 6638 4
7514 6638 18
7514 6698 12
7514 6698 23
7514 6683 18
7514 6683 47
7514 6686 29
7514 6686 18
7514 6692 24
7514 6692 45
7514 6677 40
7514 6677 17
7514 6639 48
7514 6639 17
7514 6640 6
7514 6640 1
7514 6696 1
7514 6696 51
7514 6682 26
7514 6682 47
7514 6684 30
7514 6684 45
7514 6690 8
7514 6690 59
7514 7144 59
7514 7144 24
7514 7148 52
7514 7148 40
7514 6676 43
7514 6676 1
7514 6678 15
7514 6678 16
7514 6642 21
7514 6642 28
7514 6641 14
7514 6641 20
7514 6648 33
7514 6648 5
7514 6695 53
7514 6695 55
7514 6681 8
7514 6681 32
7514 6693 34
7514 6693 19
7514 6694 32
7514 6694 35
7514 6672 14
7514 6672 11
7514 6691 44
7514 6691 27
7514 7146 31
7514 7146 46
7514 7145 51
7514 7145 23
7514 7147 21
7514 7147 21
7514 7153 38
7514 7153 25
7517 6689 9
7517 6689 26
7517 6688 43
7517 6688 20
7517 6687 59
7517 6687 9
7517 6638 0
7517 6638 53
7517 6698 42
7517 6698 24
7517 6683 40
7517 6683 23
7517 6686 16
7517 6686 46
7517 6692 54
7517 6692 59
7517 6677 1
7517 6677 60
7517 6639 55
7517 6639 33
7517 6640 14
7517 6640 47
7517 6696 1
7517 6696 20
7517 6682 36
7517 6682 15
7517 6684 33
7517 6684 29
7517 6690 25
7517 6690 13
7517 7144 3
7517 7144 37
7517 7148 8
7517 7148 2
7517 6676 39
7517 6676 57
7517 6678 46
7517 6678 10
7517 6642 58
7517 6642 46
7517 6641 47
7517 6641 58
7517 6648 38
7517 6648 11
7517 6695 8
7517 6695 41
7517 6681 30
7517 6681 19
7517 6693 55
7517 6693 8
7517 6694 29
7517 6694 32
7517 6672 45
7517 6672 9
7517 6691 1
7517 6691 13
7517 7146 12
7517 7146 46
7517 7145 42
7517 7145 1
7517 7147 42
7517 7147 24
7517 7153 9
7517 7153 15
7423 6689 50
7423 6689 7
7423 6688 6
7423 6688 1
7423 6687 59
7423 6687 13
7423 6638 3
7423 6638 20
7423 6698 0
7423 6698 19
7423 6683 35
7423 6683 29
7423 6686 7
7423 6686 44
7423 6692 42
7423 6692 0
7423 6677 40
7423 6677 60
7423 6639 48
7423 6639 48
7423 6640 37
7423 6640 36
7423 6696 43
7423 6696 19
7423 6682 14
7423 6682 49
7423 6684 1
7423 6684 60
7423 6690 53
7423 6690 4
7423 7144 49
7423 7144 37
7423 7148 18
7423 7148 45
7423 6676 20
7423 6676 34
7423 6678 36
7423 6678 52
7423 6642 18
7423 6642 1
7423 6641 60
7423 6641 60
7423 6648 50
7423 6648 43
7423 6695 32
7423 6695 11
7423 6681 58
7423 6681 25
7423 6693 12
7423 6693 8
7423 6694 0
7423 6694 15
7423 6672 31
7423 6672 38
7423 6691 18
7423 6691 1
7423 7146 35
7423 7146 28
7423 7145 60
7423 7145 18
7423 7147 16
7423 7147 50
7423 7153 60
7423 7153 21
7408 6689 30
7408 6689 23
7408 6688 47
7408 6688 46
7408 6687 54
7408 6687 54
7408 6638 50
7408 6638 7
7408 6698 6
7408 6698 37
7408 6683 2
7408 6683 14
7408 6686 48
7408 6686 43
7408 6692 58
7408 6692 17
7408 6677 48
7408 6677 38
7408 6639 57
7408 6639 3
7408 6640 50
7408 6640 13
7408 6696 37
7408 6696 19
7408 6682 38
7408 6682 8
7408 6684 24
7408 6684 31
7408 6690 5
7408 6690 22
7408 7144 23
7408 7144 35
7408 7148 37
7408 7148 6
7408 6676 24
7408 6676 36
7408 6678 54
7408 6678 36
7408 6642 47
7408 6642 5
7408 6641 24
7408 6641 26
7408 6648 6
7408 6648 11
7408 6695 2
7408 6695 48
7408 6681 53
7408 6681 11
7408 6693 54
7408 6693 36
7408 6694 2
7408 6694 21
7408 6672 21
7408 6672 37
7408 6691 38
7408 6691 9
7408 7146 18
7408 7146 25
7408 7145 50
7408 7145 31
7408 7147 24
7408 7147 5
7408 7153 5
7408 7153 45
