8047 9700 40
8047 6630 53
8047 9701 11
8047 9843 5
8047 6629 35
8047 6211 24
8047 6675 30
8047 9499 7
8047 9166 39
8047 6679 20
8047 6673 44
8047 6671 51
8047 6210 48
8047 6212 14
8047 6674 22
8047 9500 33
8047 9705 51
8047 9165 43
8047 6678 29
8047 6672 52
8047 6681 37
8047 6670 18
8047 6614 28
8047 6208 0
8047 9507 48
8047 6676 56
8047 9508 39
8047 9704 33
8047 6643 9
8047 6685 43
8047 6677 45
8047 6684 54
8046 9700 57
8046 6630 4
8046 9701 28
8046 9843 55
8046 6629 54
8046 6211 37
8046 6675 60
8046 9499 23
8046 9166 10
8046 6679 22
8046 6673 15
8046 6671 41
8046 6210 20
8046 6212 37
8046 6674 19
8046 9500 12
8046 9705 1
8046 9165 47
8046 6678 58
8046 6672 27
8046 6681 2
8046 6670 45
8046 6614 40
8046 6208 26
8046 9507 36
8046 6676 0
8046 9508 5
8046 9704 58
8046 6643 5
8046 6685 33
8046 6677 28
8046 6684 36
7618 9700 13
7618 6630 40
7618 9701 53
7618 9843 27
7618 6629 41
7618 6211 57
7618 6675 8
7618 9499 28
7618 9166 32
7618 6679 17
7618 6673 57
7618 6671 21
7618 6210 37
7618 6212 11
7618 6674 38
7618 9500 51
7618 9705 20
7618 9165 46
7618 6678 39
7618 6672 33
7618 6681 49
7618 6670 4
7618 6614 7
7618 6208 0
7618 9507 49
7618 6676 21
7618 9508 13
7618 9704 25
7618 6643 19
7618 6685 53
7618 6677 28
7618 6684 60
8042 9700 42
8042 6630 51
8042 9701 58
8042 9843 47
8042 6629 54
8042 6211 53
8042 6675 2
8042 9499 19
8042 9166 35
8042 6679 49
8042 6673 25
8042 6671 10
8042 6210 34
8042 6212 5
8042 6674 46
8042 9500 53
8042 9705 44
8042 9165 0
8042 6678 39
8042 6672 2
8042 6681 30
8042 6670 21
8042 6614 54
8042 6208 35
8042 9507 43
8042 6676 25
8042 9508 26
8042 9704 26
8042 6643 48
8042 6685 43
8042 6677 32
8042 6684 31
8056 9700 54
8056 6630 6
8056 9701 7
8056 9843 41
8056 6629 5
8056 6211 6
8056 6675 9
8056 9499 41
8056 9166 17
8056 6679 60
8056 6673 0
8056 6671 43
8056 6210 44
8056 6212 40
8056 6674 26
8056 9500 32
8056 9705 60
8056 9165 44
8056 6678 50
8056 6672 40
8056 6681 46
8056 6670 41
8056 6614 5
8056 6208 18
8056 9507 42
8056 6676 22
8056 9508 20
8056 9704 48
8056 6643 16
8056 6685 27
8056 6677 15
8056 6684 36
7615 9700 52
7615 6630 13
7615 9701 20
7615 9843 24
7615 6629 47
7615 6211 46
7615 6675 3
7615 9499 10
7615 9166 34
7615 6679 29
7615 6673 25
7615 6671 17
7615 6210 15
7615 6212 60
7615 6674 30
7615 9500 29
7615 9705 39
7615 9165 22
7615 6678 0
7615 6672 57
7615 6681 8
7615 6670 22
7615 6614 53
7615 6208 6
7615 9507 57
7615 6676 55
7615 9508 32
7615 9704 6
7615 6643 24
7615 6685 55
7615 6677 13
7615 6684 16
8048 9700 58
8048 6630 28
8048 9701 56
8048 9843 53
8048 6629 58
8048 6211 23
8048 6675 33
8048 9499 10
8048 9166 51
8048 6679 17
8048 6673 35
8048 6671 58
8048 6210 26
8048 6212 38
8048 6674 6
8048 9500 22
8048 9705 43
8048 9165 18
8048 6678 0
8048 6672 8
8048 6681 8
8048 6670 4
8048 6614 56
8048 6208 28
8048 9507 57
8048 6676 58
8048 9508 42
8048 9704 19
8048 6643 1
8048 6685 4
8048 6677 42
8048 6684 25
8057 9700 26
8057 6630 23
8057 9701 8
8057 9843 16
8057 6629 8
8057 6211 55
8057 6675 25
8057 9499 13
8057 9166 6
8057 6679 23
8057 6673 51
8057 6671 21
8057 6210 35
8057 6212 13
8057 6674 23
8057 9500 26
8057 9705 39
8057 9165 4
8057 6678 30
8057 6672 45
8057 6681 39
8057 6670 47
8057 6614 52
8057 6208 29
8057 9507 21
8057 6676 20
8057 9508 3
8057 9704 3
8057 6643 46
8057 6685 36
8057 6677 1
8057 6684 42
7603 9700 38
7603 6630 44
7603 9701 41
7603 9843 55
7603 6629 17
7603 6211 5
7603 6675 20
7603 9499 53
7603 9166 44
7603 6679 16
7603 6673 52
7603 6671 24
7603 6210 7
7603 6212 58
7603 6674 56
7603 9500 5
7603 9705 10
7603 9165 24
7603 6678 15
7603 6672 47
7603 6681 13
7603 6670 51
7603 6614 49
7603 6208 20
7603 9507 58
7603 6676 33
7603 9508 46
7603 9704 60
7603 6643 15
7603 6685 5
7603 6677 17
7603 6684 37
7619 9700 26
7619 6630 6
7619 9701 59
7619 9843 13
7619 6629 15
7619 6211 4
7619 6675 23
7619 9499 41
7619 9166 34
7619 6679 52
7619 6673 6
7619 6671 36
7619 6210 50
7619 6212 10
7619 6674 8
7619 9500 4
7619 9705 13
7619 9165 22
7619 6678 38
7619 6672 57
7619 6681 57
7619 6670 17
7619 6614 43
7619 6208 37
7619 9507 25
7619 6676 5
7619 9508 47
7619 9704 36
7619 6643 41
7619 6685 9
7619 6677 40
7619 6684 24
8041 9700 60
8041 6630 51
8041 9701 48
8041 9843 43
8041 6629 34
8041 6211 12
8041 6675 31
8041 9499 4
8041 9166 5
8041 6679 9
8041 6673 6
8041 6671 10
8041 6210 58
8041 6212 50
8041 6674 54
8041 9500 17
8041 9705 55
8041 9165 23
8041 6678 23
8041 6672 55
8041 6681 14
8041 6670 26
8041 6614 22
8041 6208 60
8041 9507 14
8041 6676 14
8041 9508 2
8041 9704 24
8041 6643 8
8041 6685 23
8041 6677 60
8041 6684 59
8055 9700 60
8055 6630 3
8055 9701 17
8055 9843 33
8055 6629 53
8055 6211 60
8055 6675 32
8055 9499 6
8055 9166 38
8055 6679 54
8055 6673 50
8055 6671 49
8055 6210 3
8055 6212 3
8055 6674 31
8055 9500 26
8055 9705 3
8055 9165 5
8055 6678 24
8055 6672 7
8055 6681 27
8055 6670 15
8055 6614 14
8055 6208 8
8055 9507 31
8055 6676 33
8055 9508 56
8055 9704 51
8055 6643 33
8055 6685 7
8055 6677 5
8055 6684 8
7614 9700 38
7614 6630 33
7614 9701 18
7614 9843 4
7614 6629 42
7614 6211 28
7614 6675 45
7614 9499 32
7614 9166 60
7614 6679 52
7614 6673 28
7614 6671 7
7614 6210 30
7614 6212 17
7614 6674 5
7614 9500 12
7614 9705 20
7614 9165 16
7614 6678 50
7614 6672 53
7614 6681 27
7614 6670 46
7614 6614 3
7614 6208 36
7614 9507 27
7614 6676 10
7614 9508 19
7614 9704 49
7614 6643 40
7614 6685 11
7614 6677 14
7614 6684 39
7604 9700 57
7604 6630 35
7604 9701 19
7604 9843 50
7604 6629 53
7604 6211 6
7604 6675 10
7604 9499 40
7604 9166 54
7604 6679 31
7604 6673 23
7604 6671 56
7604 6210 26
7604 6212 19
7604 6674 44
7604 9500 23
7604 9705 1
7604 9165 22
7604 6678 51
7604 6672 3
7604 6681 23
7604 6670 32
7604 6614 35
7604 6208 50
7604 9507 25
7604 6676 48
7604 9508 1
7604 9704 34
7604 6643 23
7604 6685 11
7604 6677 26
7604 6684 11
7542 9700 52
7542 6630 39
7542 9701 16
7542 9843 2
7542 6629 46
7542 6211 16
7542 6675 8
7542 9499 31
7542 9166 10
7542 6679 60
7542 6673 22
7542 6671 16
7542 6210 36
7542 6212 7
7542 6674 17
7542 9500 28
7542 9705 46
7542 9165 46
7542 6678 37
7542 6672 10
7542 6681 58
7542 6670 58
7542 6614 38
7542 6208 18
7542 9507 30
7542 6676 10
7542 9508 50
7542 9704 51
7542 6643 57
7542 6685 51
7542 6677 58
7542 6684 46
8058 9700 53
8058 6630 17
8058 9701 39
8058 9843 51
8058 6629 21
8058 6211 2
8058 6675 45
8058 9499 40
8058 9166 26
8058 6679 23
8058 6673 53
8058 6671 43
8058 6210 53
8058 6212 56
8058 6674 32
8058 9500 7
8058 9705 24
8058 9165 20
8058 6678 19
8058 6672 49
8058 6681 30
8058 6670 8
8058 6614 5
8058 6208 44
8058 9507 50
8058 6676 3
8058 9508 60
8058 9704 16
8058 6643 52
8058 6685 58
8058 6677 59
8058 6684 21
8059 9700 50
8059 6630 32
8059 9701 49
8059 9843 27
8059 6629 18
8059 6211 53
8059 6675 9
8059 9499 60
8059 9166 27
8059 6679 14
8059 6673 35
8059 6671 47
8059 6210 46
8059 6212 47
8059 6674 12
8059 9500 58
8059 9705 54
8059 9165 59
8059 6678 2
8059 6672 38
8059 6681 47
8059 6670 43
8059 6614 48
8059 6208 15
8059 9507 43
8059 6676 10
8059 9508 26
8059 9704 30
8059 6643 21
8059 6685 16
8059 6677 36
8059 6684 24
7602 9700 15
7602 6630 1
7602 9701 18
7602 9843 26
7602 6629 23
7602 6211 54
7602 6675 46
7602 9499 13
7602 9166 29
7602 6679 27
7602 6673 60
7602 6671 37
7602 6210 1
7602 6212 6
7602 6674 41
7602 9500 37
7602 9705 33
7602 9165 6
7602 6678 41
7602 6672 9
7602 6681 53
7602 6670 50
7602 6614 53
7602 6208 33
7602 9507 21
7602 6676 43
7602 9508 26
7602 9704 25
7602 6643 35
7602 6685 51
7602 6677 52
7602 6684 17
7601 9700 19
7601 6630 7
7601 9701 33
7601 9843 21
7601 6629 40
7601 6211 34
7601 6675 0
7601 9499 11
7601 9166 55
7601 6679 15
7601 6673 51
7601 6671 3
7601 6210 0
7601 6212 55
7601 6674 18
7601 9500 33
7601 9705 0
7601 9165 26
7601 6678 12
7601 6672 25
7601 6681 23
7601 6670 35
7601 6614 53
7601 6208 48
7601 9507 26
7601 6676 21
7601 9508 39
7601 9704 44
7601 6643 7
7601 6685 5
7601 6677 25
7601 6684 59
8039 9700 38
8039 6630 42
8039 9701 12
8039 9843 18
8039 6629 43
8039 6211 24
8039 6675 37
8039 9499 32
8039 9166 23
8039 6679 36
8039 6673 5
8039 6671 11
8039 6210 56
8039 6212 39
8039 6674 38
8039 9500 9
8039 9705 19
8039 9165 38
8039 6678 19
8039 6672 4
8039 6681 50
8039 6670 24
8039 6614 29
8039 6208 30
8039 9507 18
8039 6676 25
8039 9508 59
8039 9704 21
8039 6643 0
8039 6685 38
8039 6677 30
8039 6684 16
8038 9700 31
8038 6630 43
8038 9701 11
8038 9843 53
8038 6629 47
8038 6211 53
8038 6675 2
8038 9499 43
8038 9166 42
8038 6679 2
8038 6673 46
8038 6671 7
8038 6210 29
8038 6212 60
8038 6674 10
8038 9500 56
8038 9705 46
8038 9165 11
8038 6678 12
8038 6672 52
8038 6681 55
8038 6670 27
8038 6614 58
8038 6208 20
8038 9507 44
8038 6676 15
8038 9508 29
8038 9704 5
8038 6643 51
8038 6685 2
8038 6677 54
8038 6684 60
8045 9700 44
8045 6630 13
8045 9701 28
8045 9843 52
8045 6629 35
8045 6211 16
8045 6675 37
8045 9499 1
8045 9166 53
8045 6679 16
8045 6673 18
8045 6671 39
8045 6210 43
8045 6212 47
8045 6674 37
8045 9500 47
8045 9705 43
8045 9165 11
8045 6678 29
8045 6672 50
8045 6681 38
8045 6670 53
8045 6614 20
8045 6208 52
8045 9507 19
8045 6676 27
8045 9508 2
8045 9704 8
8045 6643 24
8045 6685 13
8045 6677 55
8045 6684 48
7607 9700 14
7607 6630 17
7607 9701 43
7607 9843 44
7607 6629 51
7607 6211 60
7607 6675 58
7607 9499 49
7607 9166 31
7607 6679 29
7607 6673 24
7607 6671 13
7607 6210 39
7607 6212 51
7607 6674 42
7607 9500 60
7607 9705 26
7607 9165 6
7607 6678 48
7607 6672 5
7607 6681 46
7607 6670 60
7607 6614 17
7607 6208 4
7607 9507 3
7607 6676 40
7607 9508 5
7607 9704 2
7607 6643 44
7607 6685 6
7607 6677 38
7607 6684 35
7616 9700 15
7616 6630 47
7616 9701 17
7616 9843 20
7616 6629 12
7616 6211 33
7616 6675 25
7616 9499 6
7616 9166 56
7616 6679 30
7616 6673 22
7616 6671 31
7616 6210 23
7616 6212 53
7616 6674 14
7616 9500 27
7616 9705 5
7616 9165 12
7616 6678 15
7616 6672 34
7616 6681 20
7616 6670 42
7616 6614 7
7616 6208 58
7616 9507 38
7616 6676 2
7616 9508 2
7616 9704 1
7616 6643 0
7616 6685 58
7616 6677 18
7616 6684 34
7605 9700 50
7605 6630 33
7605 9701 31
7605 9843 24
7605 6629 48
7605 6211 53
7605 6675 6
7605 9499 14
7605 9166 21
7605 6679 59
7605 6673 42
7605 6671 32
7605 6210 53
7605 6212 11
7605 6674 31
7605 9500 2
7605 9705 6
7605 9165 11
7605 6678 5
7605 6672 54
7605 6681 17
7605 6670 43
7605 6614 54
7605 6208 16
7605 9507 57
7605 6676 42
7605 9508 27
7605 9704 34
7605 6643 51
7605 6685 8
7605 6677 1
7605 6684 35
7541 9700 57
7541 6630 35
7541 9701 42
7541 9843 9
7541 6629 57
7541 6211 25
7541 6675 8
7541 9499 56
7541 9166 47
7541 6679 9
7541 6673 11
7541 6671 55
7541 6210 29
7541 6212 33
7541 6674 18
7541 9500 9
7541 9705 52
7541 9165 13
7541 6678 36
7541 6672 37
7541 6681 51
7541 6670 7
7541 6614 38
7541 6208 6
7541 9507 23
7541 6676 34
7541 9508 29
7541 9704 35
7541 6643 60
7541 6685 14
7541 6677 54
7541 6684 59
7543 9700 2
7543 6630 38
7543 9701 7
7543 9843 1
7543 6629 24
7543 6211 20
7543 6675 23
7543 9499 13
7543 9166 45
7543 6679 46
7543 6673 10
7543 6671 59
7543 6210 40
7543 6212 46
7543 6674 49
7543 9500 1
7543 9705 13
7543 9165 18
7543 6678 60
7543 6672 36
7543 6681 44
7543 6670 18
7543 6614 24
7543 6208 24
7543 9507 48
7543 6676 11
7543 9508 26
7543 9704 29
7543 6643 12
7543 6685 25
7543 6677 22
7543 6684 51
8061 9700 39
8061 6630 34
8061 9701 45
8061 9843 47
8061 6629 5
8061 6211 18
8061 6675 19
8061 9499 1
8061 9166 47
8061 6679 9
8061 6673 19
8061 6671 3
8061 6210 21
8061 6212 4
8061 6674 55
8061 9500 12
8061 9705 9
8061 9165 2
8061 6678 8
8061 6672 21
8061 6681 10
8061 6670 48
8061 6614 24
8061 6208 42
8061 9507 19
8061 6676 42
8061 9508 38
8061 9704 54
8061 6643 10
8061 6685 23
8061 6677 32
8061 6684 30
8052 9700 59
8052 6630 51
8052 9701 58
8052 9843 48
8052 6629 19
8052 6211 24
8052 6675 9
8052 9499 46
8052 9166 9
8052 6679 59
8052 6673 48
8052 6671 34
8052 6210 29
8052 6212 33
8052 6674 59
8052 9500 47
8052 9705 37
8052 9165 22
8052 6678 3
8052 6672 51
8052 6681 12
8052 6670 11
8052 6614 20
8052 6208 9
8052 9507 14
8052 6676 5
8052 9508 59
8052 9704 38
8052 6643 18
8052 6685 10
8052 6677 2
8052 6684 45
8062 9700 47
8062 6630 12
8062 9701 19
8062 9843 32
8062 6629 47
8062 6211 31
8062 6675 60
8062 9499 53
8062 9166 55
8062 6679 7
8062 6673 27
8062 6671 42
8062 6210 24
8062 6212 44
8062 6674 36
8062 9500 20
8062 9705 31
8062 9165 15
8062 6678 25
8062 6672 22
8062 6681 45
8062 6670 2
8062 6614 49
8062 6208 25
8062 9507 10
8062 6676 0
8062 9508 25
8062 9704 0
8062 6643 31
8062 6685 9
8062 6677 40
8062 6684 52
7600 9700 25
7600 6630 17
7600 9701 53
7600 9843 2
7600 6629 6
7600 6211 56
7600 6675 49
7600 9499 5
7600 9166 18
7600 6679 48
7600 6673 60
7600 6671 43
7600 6210 18
7600 6212 10
7600 6674 38
7600 9500 50
7600 9705 54
7600 9165 52
7600 6678 22
7600 6672 52
7600 6681 2
7600 6670 15
7600 6614 28
7600 6208 53
7600 9507 51
7600 6676 26
7600 9508 31
7600 9704 52
7600 6643 33
7600 6685 57
7600 6677 37
7600 6684 37
7597 9700 32
7597 6630 38
7597 9701 26
7597 9843 21
7597 6629 5
7597 6211 50
7597 6675 1
7597 9499 25
7597 9166 23
7597 6679 25
7597 6673 11
7597 6671 51
7597 6210 57
7597 6212 26
7597 6674 36
7597 9500 56
7597 9705 28
7597 9165 28
7597 6678 56
7597 6672 21
7597 6681 15
7597 6670 12
7597 6614 0
7597 6208 30
7597 9507 5
7597 6676 22
7597 9508 49
7597 9704 13
7597 6643 57
7597 6685 17
7597 6677 22
7597 6684 3
