2753 2816 42
2753 2816 10
2753 2817 46
2753 2817 54
2753 2818 0
2753 2818 40
2753 2815 10
2753 2815 11
2753 2827 30
2753 2827 0
2753 2829 56
2753 2829 15
2753 2837 60
2753 2837 37
2753 2819 22
2753 2819 30
2753 2843 32
2753 2843 11
2753 2824 36
2753 2824 19
2753 2828 57
2753 2828 8
2753 2825 50
2753 2825 9
2753 2830 29
2753 2830 59
2753 2842 27
2753 2842 17
2753 2844 41
2753 2844 32
2753 2820 45
2753 2820 16
2753 2839 23
2753 2839 13
2753 2841 16
2753 2841 35
2753 2845 48
2753 2845 45
2753 2840 50
2753 2840 59
2753 2813 11
2753 2813 28
2753 2835 1
2753 2835 15
2753 2832 4
2753 2832 21
2753 2814 55
2753 2814 2
2753 2826 23
2753 2826 45
2753 2831 19
2753 2831 0
2753 3018 4
2753 3018 33
2753 2823 47
2753 2823 12
2753 2854 49
2753 2854 5
2753 2866 54
2753 2866 25
2753 2857 22
2753 2857 28
2753 2812 44
2753 2812 28
2750 2816 29
2750 2816 49
2750 2817 21
2750 2817 46
2750 2818 6
2750 2818 35
2750 2815 22
2750 2815 60
2750 2827 10
2750 2827 20
2750 2829 32
2750 2829 26
2750 2837 13
2750 2837 12
2750 2819 36
2750 2819 10
2750 2843 18
2750 2843 43
2750 2824 49
2750 2824 4
2750 2828 5
2750 2828 46
2750 2825 23
2750 2825 37
2750 2830 38
2750 2830 15
2750 2842 45
2750 2842 40
2750 2844 49
2750 2844 22
2750 2820 17
2750 2820 30
2750 2839 53
2750 2839 43
2750 2841 54
2750 2841 38
2750 2845 7
2750 2845 55
2750 2840 26
2750 2840 21
2750 2813 26
2750 2813 14
2750 2835 39
2750 2835 33
2750 2832 21
2750 2832 7
2750 2814 11
2750 2814 38
2750 2826 51
2750 2826 15
2750 2831 9
2750 2831 34
2750 3018 11
2750 3018 45
2750 2823 16
2750 2823 9
2750 2854 37
2750 2854 39
2750 2866 37
2750 2866 50
2750 2857 5
2750 2857 32
2750 2812 46
2750 2812 9
2756 2816 36
2756 2816 3
2756 2817 31
2756 2817 1
2756 2818 47
2756 2818 22
2756 2815 20
2756 2815 29
2756 2827 11
2756 2827 20
2756 2829 42
2756 2829 54
2756 2837 32
2756 2837 36
2756 2819 52
2756 2819 34
2756 2843 2
2756 2843 21
2756 2824 10
2756 2824 28
2756 2828 8
2756 2828 27
2756 2825 25
2756 2825 39
2756 2830 44
2756 2830 58
2756 2842 40
2756 2842 52
2756 2844 36
2756 2844 27
2756 2820 30
2756 2820 60
2756 2839 30
2756 2839 29
2756 2841 49
2756 2841 32
2756 2845 7
2756 2845 23
2756 2840 1
2756 2840 40
2756 2813 13
2756 2813 16
2756 2835 49
2756 2835 46
2756 2832 1
2756 2832 1
2756 2814 10
2756 2814 3
2756 2826 15
2756 2826 26
2756 2831 56
2756 2831 6
2756 3018 52
2756 3018 8
2756 2823 40
2756 2823 4
2756 2854 10
2756 2854 16
2756 2866 18
2756 2866 57
2756 2857 7
2756 2857 10
2756 2812 7
2756 2812 28
2757 2816 15
2757 2816 38
2757 2817 51
2757 2817 45
2757 2818 32
2757 2818 52
2757 2815 24
2757 2815 27
2757 2827 55
2757 2827 9
2757 2829 20
2757 2829 7
2757 2837 3
2757 2837 29
2757 2819 21
2757 2819 16
2757 2843 56
2757 2843 59
2757 2824 7
2757 2824 9
2757 2828 37
2757 2828 6
2757 2825 54
2757 2825 10
2757 2830 58
2757 2830 47
2757 2842 12
2757 2842 13
2757 2844 11
2757 2844 57
2757 2820 46
2757 2820 43
2757 2839 16
2757 2839 59
2757 2841 24
2757 2841 37
2757 2845 2
2757 2845 47
2757 2840 49
2757 2840 55
2757 2813 1
2757 2813 16
2757 2835 57
2757 2835 46
2757 2832 3
2757 2832 29
2757 2814 9
2757 2814 45
2757 2826 40
2757 2826 46
2757 2831 20
2757 2831 41
2757 3018 34
2757 3018 49
2757 2823 15
2757 2823 59
2757 2854 43
2757 2854 49
2757 2866 17
2757 2866 32
2757 2857 48
2757 2857 14
2757 2812 27
2757 2812 46
2745 2816 34
2745 2816 18
2745 2817 30
2745 2817 28
2745 2818 14
2745 2818 34
2745 2815 33
2745 2815 57
2745 2827 15
2745 2827 15
2745 2829 11
2745 2829 0
2745 2837 49
2745 2837 26
2745 2819 11
2745 2819 12
2745 2843 33
2745 2843 35
2745 2824 46
2745 2824 6
2745 2828 60
2745 2828 47
2745 2825 15
2745 2825 58
2745 2830 37
2745 2830 9
2745 2842 34
2745 2842 46
2745 2844 4
2745 2844 25
2745 2820 13
2745 2820 50
2745 2839 22
2745 2839 29
2745 2841 42
2745 2841 0
2745 2845 7
2745 2845 3
2745 2840 4
2745 2840 14
2745 2813 19
2745 2813 12
2745 2835 16
2745 2835 27
2745 2832 11
2745 2832 7
2745 2814 10
2745 2814 19
2745 2826 8
2745 2826 47
2745 2831 16
2745 2831 45
2745 3018 50
2745 3018 37
2745 2823 41
2745 2823 12
2745 2854 44
2745 2854 59
2745 2866 38
2745 2866 22
2745 2857 5
2745 2857 4
2745 2812 5
2745 2812 18
2742 2816 39
2742 2816 33
2742 2817 39
2742 2817 58
2742 2818 56
2742 2818 26
2742 2815 56
2742 2815 46
2742 2827 49
2742 2827 60
2742 2829 4
2742 2829 53
2742 2837 1
2742 2837 0
2742 2819 12
2742 2819 27
2742 2843 48
2742 2843 5
2742 2824 54
2742 2824 15
2742 2828 60
2742 2828 26
2742 2825 20
2742 2825 28
2742 2830 27
2742 2830 45
2742 2842 31
2742 2842 2
2742 2844 17
2742 2844 10
2742 2820 5
2742 2820 18
2742 2839 3
2742 2839 58
2742 2841 20
2742 2841 44
2742 2845 8
2742 2845 34
2742 2840 5
2742 2840 32
2742 2813 35
2742 2813 41
2742 2835 48
2742 2835 46
2742 2832 34
2742 2832 29
2742 2814 51
2742 2814 9
2742 2826 47
2742 2826 9
2742 2831 34
2742 2831 58
2742 3018 1
2742 3018 11
2742 2823 21
2742 2823 7
2742 2854 9
2742 2854 43
2742 2866 40
2742 2866 11
2742 2857 31
2742 2857 36
2742 2812 45
2742 2812 51
2752 2816 35
2752 2816 30
2752 2817 6
2752 2817 36
2752 2818 37
2752 2818 37
2752 2815 22
2752 2815 22
2752 2827 31
2752 2827 52
2752 2829 43
2752 2829 36
2752 2837 19
2752 2837 45
2752 2819 49
2752 2819 20
2752 2843 55
2752 2843 51
2752 2824 41
2752 2824 4
2752 2828 12
2752 2828 39
2752 2825 33
2752 2825 20
2752 2830 44
2752 2830 53
2752 2842 52
2752 2842 37
2752 2844 42
2752 2844 60
2752 2820 33
2752 2820 16
2752 2839 30
2752 2839 0
2752 2841 23
2752 2841 30
2752 2845 29
2752 2845 3
2752 2840 3
2752 2840 18
2752 2813 55
2752 2813 53
2752 2835 26
2752 2835 15
2752 2832 10
2752 2832 48
2752 2814 48
2752 2814 9
2752 2826 31
2752 2826 47
2752 2831 41
2752 2831 29
2752 3018 37
2752 3018 18
2752 2823 6
2752 2823 16
2752 2854 42
2752 2854 35
2752 2866 25
2752 2866 47
2752 2857 0
2752 2857 24
2752 2812 38
2752 2812 21
2754 2816 33
2754 2816 36
2754 2817 44
2754 2817 14
2754 2818 42
2754 2818 52
2754 2815 9
2754 2815 9
2754 2827 26
2754 2827 3
2754 2829 2
2754 2829 57
2754 2837 4
2754 2837 23
2754 2819 55
2754 2819 36
2754 2843 4
2754 2843 54
2754 2824 55
2754 2824 32
2754 2828 49
2754 2828 54
2754 2825 57
2754 2825 46
2754 2830 7
2754 2830 3
2754 2842 37
2754 2842 36
2754 2844 36
2754 2844 55
2754 2820 22
2754 2820 24
2754 2839 18
2754 2839 59
2754 2841 16
2754 2841 45
2754 2845 51
2754 2845 10
2754 2840 34
2754 2840 23
2754 2813 45
2754 2813 31
2754 2835 58
2754 2835 42
2754 2832 58
2754 2832 51
2754 2814 17
2754 2814 60
2754 2826 10
2754 2826 0
2754 2831 58
2754 2831 3
2754 3018 6
2754 3018 46
2754 2823 57
2754 2823 60
2754 2854 12
2754 2854 7
2754 2866 29
2754 2866 23
2754 2857 22
2754 2857 18
2754 2812 25
2754 2812 5
2758 2816 4
2758 2816 31
2758 2817 26
2758 2817 52
2758 2818 44
2758 2818 36
2758 2815 54
2758 2815 20
2758 2827 20
2758 2827 57
2758 2829 60
2758 2829 1
2758 2837 0
2758 2837 14
2758 2819 58
2758 2819 53
2758 2843 6
2758 2843 20
2758 2824 14
2758 2824 55
2758 2828 18
2758 2828 13
2758 2825 58
2758 2825 0
2758 2830 8
2758 2830 38
2758 2842 3
2758 2842 20
2758 2844 46
2758 2844 15
2758 2820 34
2758 2820 0
2758 2839 10
2758 2839 4
2758 2841 46
2758 2841 18
2758 2845 34
2758 2845 7
2758 2840 24
2758 2840 55
2758 2813 55
2758 2813 45
2758 2835 56
2758 2835 31
2758 2832 40
2758 2832 0
2758 2814 2
2758 2814 14
2758 2826 9
2758 2826 14
2758 2831 6
2758 2831 45
2758 3018 6
2758 3018 23
2758 2823 52
2758 2823 20
2758 2854 49
2758 2854 56
2758 2866 14
2758 2866 9
2758 2857 56
2758 2857 8
2758 2812 4
2758 2812 15
2768 2816 50
2768 2816 2
2768 2817 2
2768 2817 31
2768 2818 8
2768 2818 58
2768 2815 13
2768 2815 48
2768 2827 40
2768 2827 4
2768 2829 30
2768 2829 43
2768 2837 1
2768 2837 3
2768 2819 44
2768 2819 31
2768 2843 44
2768 2843 33
2768 2824 30
2768 2824 30
2768 2828 22
2768 2828 17
2768 2825 58
2768 2825 22
2768 2830 30
2768 2830 35
2768 2842 20
2768 2842 46
2768 2844 49
2768 2844 11
2768 2820 7
2768 2820 4
2768 2839 17
2768 2839 12
2768 2841 13
2768 2841 2
2768 2845 14
2768 2845 19
2768 2840 43
2768 2840 30
2768 2813 6
2768 2813 28
2768 2835 6
2768 2835 31
2768 2832 27
2768 2832 53
2768 2814 10
2768 2814 18
2768 2826 0
2768 2826 22
2768 2831 3
2768 2831 40
2768 3018 50
2768 3018 4
2768 2823 59
2768 2823 38
2768 2854 54
2768 2854 4
2768 2866 12
2768 2866 46
2768 2857 19
2768 2857 8
2768 2812 60
2768 2812 57
2769 2816 15
2769 2816 29
2769 2817 36
2769 2817 21
2769 2818 5
2769 2818 38
2769 2815 43
2769 2815 53
2769 2827 19
2769 2827 16
2769 2829 4
2769 2829 12
2769 2837 38
2769 2837 15
2769 2819 48
2769 2819 18
2769 2843 32
2769 2843 17
2769 2824 49
2769 2824 41
2769 2828 26
2769 2828 2
2769 2825 5
2769 2825 41
2769 2830 36
2769 2830 24
2769 2842 13
2769 2842 46
2769 2844 7
2769 2844 30
2769 2820 55
2769 2820 59
2769 2839 55
2769 2839 54
2769 2841 53
2769 2841 47
2769 2845 33
2769 2845 24
2769 2840 3
2769 2840 47
2769 2813 28
2769 2813 21
2769 2835 11
2769 2835 54
2769 2832 28
2769 2832 49
2769 2814 19
2769 2814 3
2769 2826 36
2769 2826 1
2769 2831 23
2769 2831 24
2769 3018 54
2769 3018 14
2769 2823 40
2769 2823 25
2769 2854 53
2769 2854 54
2769 2866 19
2769 2866 17
2769 2857 11
2769 2857 54
2769 2812 4
2769 2812 20
2744 2816 43
2744 2816 56
2744 2817 60
2744 2817 2
2744 2818 60
2744 2818 35
2744 2815 6
2744 2815 1
2744 2827 16
2744 2827 26
2744 2829 8
2744 2829 13
2744 2837 48
2744 2837 28
2744 2819 0
2744 2819 3
2744 2843 40
2744 2843 25
2744 2824 41
2744 2824 29
2744 2828 48
2744 2828 44
2744 2825 42
2744 2825 25
2744 2830 53
2744 2830 10
2744 2842 58
2744 2842 33
2744 2844 37
2744 2844 52
2744 2820 13
2744 2820 59
2744 2839 29
2744 2839 19
2744 2841 41
2744 2841 45
2744 2845 0
2744 2845 29
2744 2840 18
2744 2840 30
2744 2813 15
2744 2813 46
2744 2835 19
2744 2835 20
2744 2832 20
2744 2832 46
2744 2814 39
2744 2814 26
2744 2826 12
2744 2826 7
2744 2831 58
2744 2831 32
2744 3018 26
2744 3018 27
2744 2823 50
2744 2823 29
2744 2854 44
2744 2854 14
2744 2866 23
2744 2866 13
2744 2857 56
2744 2857 4
2744 2812 9
2744 2812 8
2748 2816 6
2748 2816 3
2748 2817 3
2748 2817 49
2748 2818 32
2748 2818 0
2748 2815 60
2748 2815 38
2748 2827 50
2748 2827 49
2748 2829 26
2748 2829 21
2748 2837 16
2748 2837 27
2748 2819 57
2748 2819 37
2748 2843 19
2748 2843 40
2748 2824 38
2748 2824 46
2748 2828 2
2748 2828 50
2748 2825 4
2748 2825 51
2748 2830 29
2748 2830 0
2748 2842 55
2748 2842 45
2748 2844 20
2748 2844 17
2748 2820 52
2748 2820 46
2748 2839 45
2748 2839 52
2748 2841 50
2748 2841 24
2748 2845 51
2748 2845 57
2748 2840 50
2748 2840 25
2748 2813 6
2748 2813 0
2748 2835 52
2748 2835 36
2748 2832 38
2748 2832 35
2748 2814 34
2748 2814 32
2748 2826 57
2748 2826 41
2748 2831 20
2748 2831 24
2748 3018 38
2748 3018 39
2748 2823 0
2748 2823 37
2748 2854 32
2748 2854 33
2748 2866 20
2748 2866 38
2748 2857 30
2748 2857 60
2748 2812 5
2748 2812 38
2741 2816 1
2741 2816 12
2741 2817 43
2741 2817 42
2741 2818 57
2741 2818 16
2741 2815 10
2741 2815 5
2741 2827 58
2741 2827 7
2741 2829 58
2741 2829 19
2741 2837 40
2741 2837 14
2741 2819 57
2741 2819 6
2741 2843 28
2741 2843 1
2741 2824 52
2741 2824 40
2741 2828 15
2741 2828 4
2741 2825 15
2741 2825 59
2741 2830 59
2741 2830 26
2741 2842 45
2741 2842 23
2741 2844 34
2741 2844 2
2741 2820 34
2741 2820 19
2741 2839 5
2741 2839 49
2741 2841 10
2741 2841 60
2741 2845 43
2741 2845 24
2741 2840 59
2741 2840 31
2741 2813 24
2741 2813 58
2741 2835 15
2741 2835 9
2741 2832 12
2741 2832 9
2741 2814 13
2741 2814 59
2741 2826 48
2741 2826 17
2741 2831 11
2741 2831 44
2741 3018 46
2741 3018 7
2741 2823 34
2741 2823 18
2741 2854 16
2741 2854 10
2741 2866 48
2741 2866 60
2741 2857 42
2741 2857 10
2741 2812 29
2741 2812 41
2751 2816 41
2751 2816 35
2751 2817 46
2751 2817 40
2751 2818 8
2751 2818 42
2751 2815 55
2751 2815 1
2751 2827 54
2751 2827 21
2751 2829 38
2751 2829 29
2751 2837 52
2751 2837 0
2751 2819 57
2751 2819 34
2751 2843 50
2751 2843 2
2751 2824 47
2751 2824 3
2751 2828 40
2751 2828 41
2751 2825 1
2751 2825 35
2751 2830 42
2751 2830 12
2751 2842 42
2751 2842 51
2751 2844 24
2751 2844 57
2751 2820 7
2751 2820 0
2751 2839 30
2751 2839 35
2751 2841 39
2751 2841 1
2751 2845 18
2751 2845 39
2751 2840 39
2751 2840 16
2751 2813 52
2751 2813 15
2751 2835 30
2751 2835 50
2751 2832 46
2751 2832 18
2751 2814 41
2751 2814 54
2751 2826 35
2751 2826 45
2751 2831 39
2751 2831 35
2751 3018 22
2751 3018 3
2751 2823 7
2751 2823 34
2751 2854 31
2751 2854 44
2751 2866 8
2751 2866 36
2751 2857 0
2751 2857 0
2751 2812 11
2751 2812 17
2702 2816 8
2702 2816 53
2702 2817 48
2702 2817 15
2702 2818 60
2702 2818 11
2702 2815 42
2702 2815 57
2702 2827 36
2702 2827 13
2702 2829 33
2702 2829 7
2702 2837 36
2702 2837 46
2702 2819 7
2702 2819 20
2702 2843 56
2702 2843 53
2702 2824 41
2702 2824 3
2702 2828 47
2702 2828 3
2702 2825 2
2702 2825 30
2702 2830 26
2702 2830 10
2702 2842 32
2702 2842 40
2702 2844 48
2702 2844 7
2702 2820 29
2702 2820 60
2702 2839 13
2702 2839 41
2702 2841 47
2702 2841 3
2702 2845 49
2702 2845 52
2702 2840 0
2702 2840 58
2702 2813 16
2702 2813 35
2702 2835 38
2702 2835 38
2702 2832 44
2702 2832 22
2702 2814 10
2702 2814 60
2702 2826 50
2702 2826 4
2702 2831 4
2702 2831 15
2702 3018 28
2702 3018 51
2702 2823 33
2702 2823 25
2702 2854 14
2702 2854 49
2702 2866 2
2702 2866 20
2702 2857 15
2702 2857 60
2702 2812 0
2702 2812 47
2755 2816 45
2755 2816 21
2755 2817 15
2755 2817 40
2755 2818 23
2755 2818 4
2755 2815 19
2755 2815 11
2755 2827 20
2755 2827 24
2755 2829 58
2755 2829 7
2755 2837 51
2755 2837 49
2755 2819 19
2755 2819 48
2755 2843 38
2755 2843 0
2755 2824 60
2755 2824 43
2755 2828 44
2755 2828 22
2755 2825 57
2755 2825 54
2755 2830 39
2755 2830 57
2755 2842 45
2755 2842 33
2755 2844 53
2755 2844 37
2755 2820 21
2755 2820 54
2755 2839 7
2755 2839 41
2755 2841 19
2755 2841 22
2755 2845 41
2755 2845 17
2755 2840 27
2755 2840 24
2755 2813 8
2755 2813 23
2755 2835 33
2755 2835 4
2755 2832 21
2755 2832 43
2755 2814 35
2755 2814 22
2755 2826 40
2755 2826 6
2755 2831 23
2755 2831 43
2755 3018 49
2755 3018 49
2755 2823 11
2755 2823 10
2755 2854 16
2755 2854 36
2755 2866 33
2755 2866 9
2755 2857 58
2755 2857 11
2755 2812 9
2755 2812 27
2701 2816 46
2701 2816 16
2701 2817 55
2701 2817 37
2701 2818 43
2701 2818 57
2701 2815 24
2701 2815 29
2701 2827 60
2701 2827 13
2701 2829 53
2701 2829 47
2701 2837 24
2701 2837 18
2701 2819 44
2701 2819 23
2701 2843 39
2701 2843 46
2701 2824 52
2701 2824 30
2701 2828 20
2701 2828 6
2701 2825 4
2701 2825 2
2701 2830 55
2701 2830 50
2701 2842 19
2701 2842 12
2701 2844 44
2701 2844 44
2701 2820 15
2701 2820 24
2701 2839 5
2701 2839 51
2701 2841 54
2701 2841 41
2701 2845 2
2701 2845 55
2701 2840 34
2701 2840 8
2701 2813 34
2701 2813 25
2701 2835 30
2701 2835 59
2701 2832 21
2701 2832 43
2701 2814 60
2701 2814 41
2701 2826 18
2701 2826 1
2701 2831 36
2701 2831 32
2701 3018 46
2701 3018 27
2701 2823 41
2701 2823 14
2701 2854 53
2701 2854 60
2701 2866 17
2701 2866 37
2701 2857 49
2701 2857 35
2701 2812 23
2701 2812 45
2770 2816 1
2770 2816 54
2770 2817 25
2770 2817 8
2770 2818 4
2770 2818 56
2770 2815 21
2770 2815 50
2770 2827 32
2770 2827 10
2770 2829 34
2770 2829 57
2770 2837 31
2770 2837 39
2770 2819 13
2770 2819 25
2770 2843 40
2770 2843 24
2770 2824 60
2770 2824 39
2770 2828 17
2770 2828 1
2770 2825 22
2770 2825 33
2770 2830 11
2770 2830 29
2770 2842 14
2770 2842 46
2770 2844 33
2770 2844 55
2770 2820 38
2770 2820 50
2770 2839 29
2770 2839 57
2770 2841 55
2770 2841 51
2770 2845 38
2770 2845 12
2770 2840 50
2770 2840 3
2770 2813 37
2770 2813 54
2770 2835 29
2770 2835 57
2770 2832 20
2770 2832 55
2770 2814 39
2770 2814 57
2770 2826 31
2770 2826 15
2770 2831 18
2770 2831 38
2770 3018 52
2770 3018 59
2770 2823 13
2770 2823 53
2770 2854 19
2770 2854 29
2770 2866 6
2770 2866 1
2770 2857 22
2770 2857 49
2770 2812 2
2770 2812 10
2765 2816 15
2765 2816 4
2765 2817 5
2765 2817 8
2765 2818 13
2765 2818 15
2765 2815 37
2765 2815 23
2765 2827 6
2765 2827 59
2765 2829 37
2765 2829 45
2765 2837 36
2765 2837 13
2765 2819 13
2765 2819 30
2765 2843 19
2765 2843 55
2765 2824 2
2765 2824 12
2765 2828 47
2765 2828 32
2765 2825 11
2765 2825 25
2765 2830 21
2765 2830 1
2765 2842 40
2765 2842 15
2765 2844 18
2765 2844 12
2765 2820 11
2765 2820 13
2765 2839 56
2765 2839 26
2765 2841 29
2765 2841 37
2765 2845 3
2765 2845 24
2765 2840 20
2765 2840 11
2765 2813 57
2765 2813 43
2765 2835 13
2765 2835 5
2765 2832 15
2765 2832 20
2765 2814 28
2765 2814 48
2765 2826 20
2765 2826 4
2765 2831 22
2765 2831 50
2765 3018 58
2765 3018 57
2765 2823 38
2765 2823 9
2765 2854 45
2765 2854 12
2765 2866 17
2765 2866 0
2765 2857 40
2765 2857 18
2765 2812 0
2765 2812 9
2774 2816 40
2774 2816 45
2774 2817 25
2774 2817 43
2774 2818 24
2774 2818 30
2774 2815 35
2774 2815 26
2774 2827 27
2774 2827 31
2774 2829 23
2774 2829 7
2774 2837 55
2774 2837 36
2774 2819 30
2774 2819 40
2774 2843 33
2774 2843 51
2774 2824 60
2774 2824 2
2774 2828 0
2774 2828 14
2774 2825 59
2774 2825 60
2774 2830 5
2774 2830 30
2774 2842 49
2774 2842 3
2774 2844 58
2774 2844 44
2774 2820 31
2774 2820 28
2774 2839 33
2774 2839 10
2774 2841 29
2774 2841 28
2774 2845 5
2774 2845 37
2774 2840 46
2774 2840 33
2774 2813 46
2774 2813 51
2774 2835 42
2774 2835 7
2774 2832 17
2774 2832 47
2774 2814 18
2774 2814 9
2774 2826 55
2774 2826 15
2774 2831 50
2774 2831 58
2774 3018 0
2774 3018 28
2774 2823 3
2774 2823 6
2774 2854 29
2774 2854 40
2774 2866 53
2774 2866 25
2774 2857 58
2774 2857 3
2774 2812 2
2774 2812 48
2739 2816 36
2739 2816 43
2739 2817 19
2739 2817 46
2739 2818 1
2739 2818 4
2739 2815 51
2739 2815 8
2739 2827 59
2739 2827 12
2739 2829 0
2739 2829 13
2739 2837 58
2739 2837 28
2739 2819 5
2739 2819 42
2739 2843 39
2739 2843 41
2739 2824 59
2739 2824 20
2739 2828 56
2739 2828 30
2739 2825 15
2739 2825 44
2739 2830 1
2739 2830 60
2739 2842 59
2739 2842 30
2739 2844 49
2739 2844 32
2739 2820 38
2739 2820 32
2739 2839 37
2739 2839 23
2739 2841 29
2739 2841 54
2739 2845 37
2739 2845 45
2739 2840 42
2739 2840 54
2739 2813 9
2739 2813 2
2739 2835 33
2739 2835 58
2739 2832 54
2739 2832 39
2739 2814 46
2739 2814 4
2739 2826 36
2739 2826 27
2739 2831 23
2739 2831 48
2739 3018 27
2739 3018 13
2739 2823 1
2739 2823 9
2739 2854 42
2739 2854 7
2739 2866 19
2739 2866 30
2739 2857 3
2739 2857 4
2739 2812 46
2739 2812 58
2760 2816 57
2760 2816 48
2760 2817 52
2760 2817 29
2760 2818 30
2760 2818 0
2760 2815 51
2760 2815 56
2760 2827 34
2760 2827 12
2760 2829 27
2760 2829 35
2760 2837 47
2760 2837 0
2760 2819 20
2760 2819 14
2760 2843 18
2760 2843 46
2760 2824 49
2760 2824 14
2760 2828 24
2760 2828 39
2760 2825 2
2760 2825 16
2760 2830 15
2760 2830 12
2760 2842 36
2760 2842 37
2760 2844 48
2760 2844 37
2760 2820 9
2760 2820 24
2760 2839 0
2760 2839 56
2760 2841 31
2760 2841 51
2760 2845 19
2760 2845 56
2760 2840 55
2760 2840 19
2760 2813 54
2760 2813 6
2760 2835 50
2760 2835 27
2760 2832 52
2760 2832 49
2760 2814 52
2760 2814 14
2760 2826 39
2760 2826 14
2760 2831 3
2760 2831 31
2760 3018 28
2760 3018 30
2760 2823 0
2760 2823 55
2760 2854 21
2760 2854 8
2760 2866 3
2760 2866 14
2760 2857 50
2760 2857 17
2760 2812 53
2760 2812 0
2747 2816 56
2747 2816 23
2747 2817 29
2747 2817 32
2747 2818 57
2747 2818 10
2747 2815 3
2747 2815 49
2747 2827 23
2747 2827 42
2747 2829 20
2747 2829 33
2747 2837 25
2747 2837 16
2747 2819 48
2747 2819 14
2747 2843 39
2747 2843 14
2747 2824 49
2747 2824 32
2747 2828 15
2747 2828 42
2747 2825 49
2747 2825 28
2747 2830 48
2747 2830 43
2747 2842 0
2747 2842 41
2747 2844 30
2747 2844 59
2747 2820 44
2747 2820 54
2747 2839 36
2747 2839 10
2747 2841 30
2747 2841 10
2747 2845 13
2747 2845 51
2747 2840 54
2747 2840 21
2747 2813 44
2747 2813 27
2747 2835 12
2747 2835 41
2747 2832 55
2747 2832 42
2747 2814 15
2747 2814 41
2747 2826 42
2747 2826 55
2747 2831 24
2747 2831 45
2747 3018 38
2747 3018 58
2747 2823 36
2747 2823 31
2747 2854 34
2747 2854 11
2747 2866 22
2747 2866 15
2747 2857 39
2747 2857 1
2747 2812 39
2747 2812 23
2740 2816 45
2740 2816 52
2740 2817 27
2740 2817 12
2740 2818 27
2740 2818 36
2740 2815 44
2740 2815 26
2740 2827 30
2740 2827 17
2740 2829 57
2740 2829 14
2740 2837 27
2740 2837 55
2740 2819 25
2740 2819 3
2740 2843 12
2740 2843 22
2740 2824 60
2740 2824 17
2740 2828 59
2740 2828 48
2740 2825 2
2740 2825 55
2740 2830 17
2740 2830 55
2740 2842 49
2740 2842 30
2740 2844 0
2740 2844 6
2740 2820 19
2740 2820 53
2740 2839 7
2740 2839 33
2740 2841 54
2740 2841 0
2740 2845 59
2740 2845 51
2740 2840 17
2740 2840 42
2740 2813 19
2740 2813 17
2740 2835 41
2740 2835 33
2740 2832 16
2740 2832 53
2740 2814 0
2740 2814 17
2740 2826 29
2740 2826 36
2740 2831 12
2740 2831 40
2740 3018 49
2740 3018 53
2740 2823 29
2740 2823 14
2740 2854 41
2740 2854 18
2740 2866 32
2740 2866 34
2740 2857 20
2740 2857 34
2740 2812 36
2740 2812 16
2743 2816 30
2743 2816 47
2743 2817 39
2743 2817 43
2743 2818 59
2743 2818 25
2743 2815 45
2743 2815 57
2743 2827 31
2743 2827 43
2743 2829 58
2743 2829 59
2743 2837 37
2743 2837 29
2743 2819 35
2743 2819 2
2743 2843 28
2743 2843 21
2743 2824 58
2743 2824 21
2743 2828 42
2743 2828 16
2743 2825 24
2743 2825 26
2743 2830 17
2743 2830 1
2743 2842 15
2743 2842 32
2743 2844 5
2743 2844 2
2743 2820 18
2743 2820 1
2743 2839 39
2743 2839 21
2743 2841 36
2743 2841 35
2743 2845 25
2743 2845 10
2743 2840 18
2743 2840 52
2743 2813 11
2743 2813 5
2743 2835 27
2743 2835 56
2743 2832 54
2743 2832 17
2743 2814 58
2743 2814 12
2743 2826 25
2743 2826 42
2743 2831 44
2743 2831 25
2743 3018 56
2743 3018 1
2743 2823 26
2743 2823 44
2743 2854 37
2743 2854 60
2743 2866 43
2743 2866 47
2743 2857 47
2743 2857 4
2743 2812 9
2743 2812 9
2698 2816 24
2698 2816 28
2698 2817 26
2698 2817 47
2698 2818 12
2698 2818 1
2698 2815 33
2698 2815 37
2698 2827 41
2698 2827 27
2698 2829 60
2698 2829 38
2698 2837 7
2698 2837 13
2698 2819 13
2698 2819 2
2698 2843 16
2698 2843 47
2698 2824 54
2698 2824 50
2698 2828 16
2698 2828 46
2698 2825 40
2698 2825 6
2698 2830 59
2698 2830 55
2698 2842 55
2698 2842 47
2698 2844 20
2698 2844 54
2698 2820 26
2698 2820 15
2698 2839 30
2698 2839 38
2698 2841 36
2698 2841 54
2698 2845 25
2698 2845 20
2698 2840 14
2698 2840 4
2698 2813 40
2698 2813 55
2698 2835 19
2698 2835 16
2698 2832 18
2698 2832 7
2698 2814 3
2698 2814 26
2698 2826 16
2698 2826 2
2698 2831 18
2698 2831 10
2698 3018 52
2698 3018 57
2698 2823 17
2698 2823 39
2698 2854 48
2698 2854 2
2698 2866 52
2698 2866 6
2698 2857 26
2698 2857 5
2698 2812 13
2698 2812 48
2759 2816 42
2759 2816 27
2759 2817 31
2759 2817 14
2759 2818 59
2759 2818 4
2759 2815 53
2759 2815 15
2759 2827 8
2759 2827 49
2759 2829 18
2759 2829 30
2759 2837 38
2759 2837 34
2759 2819 45
2759 2819 11
2759 2843 2
2759 2843 34
2759 2824 4
2759 2824 5
2759 2828 8
2759 2828 5
2759 2825 12
2759 2825 47
2759 2830 22
2759 2830 36
2759 2842 50
2759 2842 38
2759 2844 42
2759 2844 59
2759 2820 6
2759 2820 57
2759 2839 38
2759 2839 11
2759 2841 31
2759 2841 39
2759 2845 30
2759 2845 8
2759 2840 14
2759 2840 32
2759 2813 19
2759 2813 57
2759 2835 31
2759 2835 11
2759 2832 2
2759 2832 17
2759 2814 3
2759 2814 29
2759 2826 37
2759 2826 10
2759 2831 2
2759 2831 57
2759 3018 28
2759 3018 9
2759 2823 28
2759 2823 38
2759 2854 13
2759 2854 58
2759 2866 51
2759 2866 15
2759 2857 60
2759 2857 0
2759 2812 18
2759 2812 30
2700 2816 35
2700 2816 28
2700 2817 6
2700 2817 3
2700 2818 41
2700 2818 55
2700 2815 39
2700 2815 58
2700 2827 0
2700 2827 40
2700 2829 17
2700 2829 7
2700 2837 15
2700 2837 29
2700 2819 43
2700 2819 53
2700 2843 34
2700 2843 4
2700 2824 37
2700 2824 53
2700 2828 58
2700 2828 26
2700 2825 30
2700 2825 36
2700 2830 15
2700 2830 36
2700 2842 47
2700 2842 50
2700 2844 23
2700 2844 11
2700 2820 45
2700 2820 23
2700 2839 4
2700 2839 18
2700 2841 39
2700 2841 16
2700 2845 35
2700 2845 9
2700 2840 26
2700 2840 9
2700 2813 49
2700 2813 39
2700 2835 28
2700 2835 34
2700 2832 52
2700 2832 10
2700 2814 11
2700 2814 34
2700 2826 44
2700 2826 3
2700 2831 33
2700 2831 50
2700 3018 20
2700 3018 2
2700 2823 25
2700 2823 56
2700 2854 4
2700 2854 45
2700 2866 39
2700 2866 35
2700 2857 26
2700 2857 12
2700 2812 59
2700 2812 48
2695 2816 14
2695 2816 11
2695 2817 7
2695 2817 59
2695 2818 6
2695 2818 57
2695 2815 55
2695 2815 49
2695 2827 37
2695 2827 45
2695 2829 4
2695 2829 16
2695 2837 53
2695 2837 8
2695 2819 36
2695 2819 21
2695 2843 47
2695 2843 36
2695 2824 0
2695 2824 14
2695 2828 18
2695 2828 39
2695 2825 48
2695 2825 36
2695 2830 40
2695 2830 8
2695 2842 54
2695 2842 58
2695 2844 26
2695 2844 28
2695 2820 21
2695 2820 15
2695 2839 45
2695 2839 1
2695 2841 38
2695 2841 41
2695 2845 19
2695 2845 59
2695 2840 0
2695 2840 35
2695 2813 44
2695 2813 33
2695 2835 40
2695 2835 44
2695 2832 19
2695 2832 4
2695 2814 21
2695 2814 24
2695 2826 44
2695 2826 34
2695 2831 12
2695 2831 29
2695 3018 36
2695 3018 30
2695 2823 8
2695 2823 34
2695 2854 41
2695 2854 49
2695 2866 38
2695 2866 13
2695 2857 29
2695 2857 4
2695 2812 56
2695 2812 7
2784 2816 41
2784 2816 12
2784 2817 33
2784 2817 48
2784 2818 2
2784 2818 15
2784 2815 20
2784 2815 31
2784 2827 13
2784 2827 22
2784 2829 53
2784 2829 55
2784 2837 21
2784 2837 4
2784 2819 10
2784 2819 25
2784 2843 32
2784 2843 36
2784 2824 23
2784 2824 53
2784 2828 21
2784 2828 0
2784 2825 20
2784 2825 59
2784 2830 16
2784 2830 1
2784 2842 34
2784 2842 51
2784 2844 51
2784 2844 43
2784 2820 19
2784 2820 4
2784 2839 23
2784 2839 27
2784 2841 16
2784 2841 32
2784 2845 59
2784 2845 39
2784 2840 32
2784 2840 26
2784 2813 18
2784 2813 7
2784 2835 30
2784 2835 52
2784 2832 58
2784 2832 9
2784 2814 49
2784 2814 25
2784 2826 28
2784 2826 17
2784 2831 30
2784 2831 59
2784 3018 43
2784 3018 53
2784 2823 47
2784 2823 32
2784 2854 3
2784 2854 41
2784 2866 34
2784 2866 48
2784 2857 8
2784 2857 1
2784 2812 54
2784 2812 57
2771 2816 20
2771 2816 58
2771 2817 30
2771 2817 20
2771 2818 16
2771 2818 51
2771 2815 27
2771 2815 52
2771 2827 42
2771 2827 30
2771 2829 50
2771 2829 45
2771 2837 55
2771 2837 57
2771 2819 7
2771 2819 12
2771 2843 55
2771 2843 2
2771 2824 1
2771 2824 59
2771 2828 31
2771 2828 31
2771 2825 6
2771 2825 60
2771 2830 42
2771 2830 15
2771 2842 4
2771 2842 57
2771 2844 21
2771 2844 57
2771 2820 49
2771 2820 13
2771 2839 60
2771 2839 50
2771 2841 1
2771 2841 2
2771 2845 45
2771 2845 39
2771 2840 44
2771 2840 4
2771 2813 7
2771 2813 54
2771 2835 41
2771 2835 25
2771 2832 7
2771 2832 55
2771 2814 12
2771 2814 17
2771 2826 14
2771 2826 48
2771 2831 18
2771 2831 54
2771 3018 35
2771 3018 48
2771 2823 1
2771 2823 57
2771 2854 32
2771 2854 28
2771 2866 29
2771 2866 11
2771 2857 8
2771 2857 45
2771 2812 15
2771 2812 43
