1927 1811 19
1927 1809 24
1927 1812 50
1927 1808 17
1927 1810 8
1927 6 0
1927 1878 52
1927 1806 28
1927 1807 11
1927 1804 15
1927 1865 52
1927 0 54
1927 1883 58
1927 1893 57
1927 1805 12
1927 1801 48
1927 1860 13
1927 1803 11
1927 1863 22
1927 1 9
1927 2 13
1927 1884 30
1927 1874 38
1927 1897 13
1927 1800 37
1927 1799 34
1927 1825 55
1927 1861 23
1927 1802 47
1927 1862 33
1927 1864 6
1927 2325 8
1877 1811 30
1877 1809 17
1877 1812 49
1877 1808 16
1877 1810 30
1877 6 1
1877 1878 22
1877 1806 54
1877 1807 48
1877 1804 5
1877 1865 23
1877 0 22
1877 1883 42
1877 1893 45
1877 1805 28
1877 1801 58
1877 1860 13
1877 1803 11
1877 1863 22
1877 1 29
1877 2 11
1877 1884 30
1877 1874 57
1877 1897 37
1877 1800 1
1877 1799 47
1877 1825 51
1877 1861 50
1877 1802 9
1877 1862 20
1877 1864 44
1877 2325 39
1922 1811 16
1922 1809 13
1922 1812 52
1922 1808 5
1922 1810 5
1922 6 27
1922 1878 15
1922 1806 15
1922 1807 7
1922 1804 0
1922 1865 58
1922 0 54
1922 1883 52
1922 1893 12
1922 1805 11
1922 1801 8
1922 1860 57
1922 1803 44
1922 1863 46
1922 1 42
1922 2 7
1922 1884 21
1922 1874 42
1922 1897 2
1922 1800 43
1922 1799 37
1922 1825 54
1922 1861 45
1922 1802 17
1922 1862 27
1922 1864 49
1922 2325 57
1928 1811 32
1928 1809 3
1928 1812 32
1928 1808 11
1928 1810 35
1928 6 26
1928 1878 55
1928 1806 7
1928 1807 39
1928 1804 2
1928 1865 58
1928 0 32
1928 1883 23
1928 1893 49
1928 1805 38
1928 1801 27
1928 1860 20
1928 1803 12
1928 1863 37
1928 1 47
1928 2 34
1928 1884 38
1928 1874 7
1928 1897 19
1928 1800 39
1928 1799 32
1928 1825 3
1928 1861 6
1928 1802 50
1928 1862 50
1928 1864 40
1928 2325 29
1933 1811 16
1933 1809 9
1933 1812 37
1933 1808 20
1933 1810 17
1933 6 34
1933 1878 18
1933 1806 48
1933 1807 33
1933 1804 17
1933 1865 45
1933 0 58
1933 1883 60
1933 1893 5
1933 1805 5
1933 1801 55
1933 1860 4
1933 1803 27
1933 1863 35
1933 1 32
1933 2 40
1933 1884 20
1933 1874 21
1933 1897 6
1933 1800 19
1933 1799 53
1933 1825 57
1933 1861 16
1933 1802 43
1933 1862 36
1933 1864 11
1933 2325 9
1858 1811 37
1858 1809 11
1858 1812 41
1858 1808 36
1858 1810 43
1858 6 60
1858 1878 49
1858 1806 37
1858 1807 19
1858 1804 10
1858 1865 48
1858 0 17
1858 1883 13
1858 1893 19
1858 1805 50
1858 1801 39
1858 1860 2
1858 1803 14
1858 1863 56
1858 1 33
1858 2 27
1858 1884 4
1858 1874 22
1858 1897 34
1858 1800 13
1858 1799 7
1858 1825 14
1858 1861 1
1858 1802 57
1858 1862 19
1858 1864 23
1858 2325 27
1923 1811 41
1923 1809 11
1923 1812 51
1923 1808 30
1923 1810 42
1923 6 22
1923 1878 56
1923 1806 47
1923 1807 19
1923 1804 12
1923 1865 51
1923 0 40
1923 1883 2
1923 1893 28
1923 1805 41
1923 1801 53
1923 1860 38
1923 1803 7
1923 1863 13
1923 1 52
1923 2 29
1923 1884 23
1923 1874 46
1923 1897 27
1923 1800 48
1923 1799 16
1923 1825 26
1923 1861 21
1923 1802 56
1923 1862 41
1923 1864 38
1923 2325 40
1926 1811 44
1926 1809 30
1926 1812 31
1926 1808 42
1926 1810 10
1926 6 32
1926 1878 26
1926 1806 1
1926 1807 15
1926 1804 42
1926 1865 32
1926 0 2
1926 1883 8
1926 1893 14
1926 1805 28
1926 1801 35
1926 1860 45
1926 1803 52
1926 1863 23
1926 1 53
1926 2 51
1926 1884 2
1926 1874 12
1926 1897 60
1926 1800 21
1926 1799 24
1926 1825 22
1926 1861 15
1926 1802 49
1926 1862 43
1926 1864 17
1926 2325 0
1929 1811 22
1929 1809 56
1929 1812 27
1929 1808 57
1929 1810 46
1929 6 12
1929 1878 59
1929 1806 36
1929 1807 21
1929 1804 24
1929 1865 5
1929 0 5
1929 1883 38
1929 1893 1
1929 1805 36
1929 1801 26
1929 1860 18
1929 1803 48
1929 1863 6
1929 1 29
1929 2 17
1929 1884 36
1929 1874 20
1929 1897 40
1929 1800 60
1929 1799 1
1929 1825 0
1929 1861 30
1929 1802 43
1929 1862 9
1929 1864 0
1929 2325 37
1930 1811 29
1930 1809 12
1930 1812 18
1930 1808 12
1930 1810 9
1930 6 9
1930 1878 37
1930 1806 60
1930 1807 21
1930 1804 27
1930 1865 26
1930 0 17
1930 1883 27
1930 1893 48
1930 1805 55
1930 1801 13
1930 1860 14
1930 1803 27
1930 1863 55
1930 1 49
1930 2 3
1930 1884 28
1930 1874 47
1930 1897 4
1930 1800 0
1930 1799 29
1930 1825 27
1930 1861 8
1930 1802 3
1930 1862 55
1930 1864 10
1930 2325 13
2283 1811 58
2283 1809 36
2283 1812 48
2283 1808 10
2283 1810 37
2283 6 56
2283 1878 60
2283 1806 58
2283 1807 31
2283 1804 35
2283 1865 21
2283 0 11
2283 1883 0
2283 1893 39
2283 1805 23
2283 1801 16
2283 1860 7
2283 1803 14
2283 1863 45
2283 1 42
2283 2 27
2283 1884 32
2283 1874 44
2283 1897 47
2283 1800 20
2283 1799 7
2283 1825 57
2283 1861 34
2283 1802 13
2283 1862 41
2283 1864 54
2283 2325 54
1859 1811 18
1859 1809 12
1859 1812 28
1859 1808 15
1859 1810 29
1859 6 20
1859 1878 55
1859 1806 0
1859 1807 59
1859 1804 46
1859 1865 17
1859 0 55
1859 1883 56
1859 1893 12
1859 1805 18
1859 1801 25
1859 1860 57
1859 1803 2
1859 1863 18
1859 1 54
1859 2 51
1859 1884 48
1859 1874 39
1859 1897 4
1859 1800 16
1859 1799 6
1859 1825 58
1859 1861 27
1859 1802 47
1859 1862 8
1859 1864 51
1859 2325 33
1925 1811 51
1925 1809 25
1925 1812 10
1925 1808 25
1925 1810 26
1925 6 14
1925 1878 60
1925 1806 15
1925 1807 60
1925 1804 44
1925 1865 11
1925 0 43
1925 1883 50
1925 1893 23
1925 1805 55
1925 1801 36
1925 1860 49
1925 1803 21
1925 1863 38
1925 1 37
1925 2 53
1925 1884 5
1925 1874 35
1925 1897 37
1925 1800 8
1925 1799 49
1925 1825 48
1925 1861 6
1925 1802 20
1925 1862 25
1925 1864 51
1925 2325 8
1931 1811 27
1931 1809 43
1931 1812 47
1931 1808 39
1931 1810 45
1931 6 45
1931 1878 8
1931 1806 47
1931 1807 14
1931 1804 16
1931 1865 56
1931 0 17
1931 1883 39
1931 1893 20
1931 1805 14
1931 1801 19
1931 1860 44
1931 1803 40
1931 1863 20
1931 1 44
1931 2 10
1931 1884 17
1931 1874 1
1931 1897 56
1931 1800 45
1931 1799 25
1931 1825 39
1931 1861 54
1931 1802 55
1931 1862 31
1931 1864 14
1931 2325 30
1934 1811 53
1934 1809 50
1934 1812 39
1934 1808 37
1934 1810 25
1934 6 17
1934 1878 23
1934 1806 52
1934 1807 60
1934 1804 5
1934 1865 8
1934 0 57
1934 1883 14
1934 1893 23
1934 1805 59
1934 1801 29
1934 1860 56
1934 1803 15
1934 1863 9
1934 1 0
1934 2 29
1934 1884 40
1934 1874 9
1934 1897 27
1934 1800 55
1934 1799 43
1934 1825 35
1934 1861 31
1934 1802 50
1934 1862 20
1934 1864 18
1934 2325 31
2284 1811 13
2284 1809 48
2284 1812 55
2284 1808 46
2284 1810 24
2284 6 54
2284 1878 8
2284 1806 57
2284 1807 14
2284 1804 0
2284 1865 5
2284 0 11
2284 1883 51
2284 1893 1
2284 1805 25
2284 1801 7
2284 1860 31
2284 1803 49
2284 1863 38
2284 1 32
2284 2 23
2284 1884 22
2284 1874 42
2284 1897 27
2284 1800 48
2284 1799 45
2284 1825 28
2284 1861 9
2284 1802 30
2284 1862 35
2284 1864 37
2284 2325 37
2285 1811 29
2285 1809 33
2285 1812 1
2285 1808 6
2285 1810 47
2285 6 57
2285 1878 20
2285 1806 39
2285 1807 3
2285 1804 1
2285 1865 45
2285 0 60
2285 1883 57
2285 1893 49
2285 1805 29
2285 1801 55
2285 1860 47
2285 1803 24
2285 1863 30
2285 1 18
2285 2 58
2285 1884 4
2285 1874 17
2285 1897 47
2285 1800 50
2285 1799 5
2285 1825 25
2285 1861 2
2285 1802 57
2285 1862 36
2285 1864 51
2285 2325 13
1924 1811 46
1924 1809 15
1924 1812 59
1924 1808 27
1924 1810 11
1924 6 32
1924 1878 22
1924 1806 20
1924 1807 59
1924 1804 6
1924 1865 16
1924 0 7
1924 1883 29
1924 1893 40
1924 1805 36
1924 1801 6
1924 1860 36
1924 1803 43
1924 1863 21
1924 1 6
1924 2 14
1924 1884 59
1924 1874 57
1924 1897 0
1924 1800 2
1924 1799 19
1924 1825 3
1924 1861 18
1924 1802 8
1924 1862 12
1924 1864 26
1924 2325 32
1949 1811 10
1949 1809 31
1949 1812 58
1949 1808 33
1949 1810 14
1949 6 7
1949 1878 13
1949 1806 11
1949 1807 40
1949 1804 39
1949 1865 39
1949 0 56
1949 1883 50
1949 1893 47
1949 1805 45
1949 1801 4
1949 1860 50
1949 1803 55
1949 1863 29
1949 1 55
1949 2 30
1949 1884 56
1949 1874 16
1949 1897 32
1949 1800 44
1949 1799 46
1949 1825 4
1949 1861 30
1949 1802 34
1949 1862 50
1949 1864 60
1949 2325 6
1932 1811 14
1932 1809 52
1932 1812 19
1932 1808 36
1932 1810 7
1932 6 51
1932 1878 6
1932 1806 4
1932 1807 29
1932 1804 13
1932 1865 31
1932 0 22
1932 1883 8
1932 1893 48
1932 1805 32
1932 1801 7
1932 1860 44
1932 1803 4
1932 1863 22
1932 1 10
1932 2 27
1932 1884 34
1932 1874 53
1932 1897 2
1932 1800 35
1932 1799 33
1932 1825 3
1932 1861 15
1932 1802 51
1932 1862 37
1932 1864 10
1932 2325 27
1876 1811 51
1876 1809 49
1876 1812 33
1876 1808 22
1876 1810 35
1876 6 41
1876 1878 39
1876 1806 36
1876 1807 41
1876 1804 26
1876 1865 37
1876 0 55
1876 1883 33
1876 1893 0
1876 1805 14
1876 1801 7
1876 1860 5
1876 1803 9
1876 1863 45
1876 1 24
1876 2 15
1876 1884 1
1876 1874 2
1876 1897 26
1876 1800 41
1876 1799 14
1876 1825 51
1876 1861 55
1876 1802 2
1876 1862 24
1876 1864 50
1876 2325 15
1950 1811 35
1950 1809 15
1950 1812 27
1950 1808 39
1950 1810 5
1950 6 30
1950 1878 28
1950 1806 51
1950 1807 3
1950 1804 34
1950 1865 15
1950 0 47
1950 1883 41
1950 1893 33
1950 1805 14
1950 1801 5
1950 1860 32
1950 1803 19
1950 1863 36
1950 1 26
1950 2 50
1950 1884 50
1950 1874 0
1950 1897 7
1950 1800 7
1950 1799 49
1950 1825 12
1950 1861 23
1950 1802 18
1950 1862 34
1950 1864 57
1950 2325 55
1937 1811 53
1937 1809 7
1937 1812 16
1937 1808 7
1937 1810 35
1937 6 21
1937 1878 38
1937 1806 60
1937 1807 49
1937 1804 47
1937 1865 17
1937 0 33
1937 1883 7
1937 1893 52
1937 1805 34
1937 1801 46
1937 1860 41
1937 1803 51
1937 1863 49
1937 1 0
1937 2 18
1937 1884 51
1937 1874 45
1937 1897 55
1937 1800 49
1937 1799 60
1937 1825 58
1937 1861 53
1937 1802 6
1937 1862 58
1937 1864 16
1937 2325 32
1936 1811 57
1936 1809 11
1936 1812 31
1936 1808 2
1936 1810 2
1936 6 24
1936 1878 59
1936 1806 22
1936 1807 21
1936 1804 20
1936 1865 37
1936 0 55
1936 1883 37
1936 1893 56
1936 1805 38
1936 1801 19
1936 1860 52
1936 1803 50
1936 1863 41
1936 1 9
1936 2 54
1936 1884 26
1936 1874 51
1936 1897 24
1936 1800 40
1936 1799 29
1936 1825 10
1936 1861 46
1936 1802 9
1936 1862 26
1936 1864 8
1936 2325 43
1875 1811 18
1875 1809 54
1875 1812 28
1875 1808 4
1875 1810 58
1875 6 30
1875 1878 23
1875 1806 30
1875 1807 32
1875 1804 46
1875 1865 47
1875 0 3
1875 1883 25
1875 1893 38
1875 1805 14
1875 1801 42
1875 1860 26
1875 1803 5
1875 1863 15
1875 1 3
1875 2 33
1875 1884 0
1875 1874 14
1875 1897 36
1875 1800 41
1875 1799 56
1875 1825 45
1875 1861 14
1875 1802 21
1875 1862 15
1875 1864 4
1875 2325 16
1951 1811 15
1951 1809 33
1951 1812 11
1951 1808 33
1951 1810 12
1951 6 42
1951 1878 48
1951 1806 55
1951 1807 42
1951 1804 6
1951 1865 27
1951 0 18
1951 1883 60
1951 1893 56
1951 1805 51
1951 1801 50
1951 1860 53
1951 1803 59
1951 1863 55
1951 1 9
1951 2 13
1951 1884 12
1951 1874 32
1951 1897 3
1951 1800 53
1951 1799 60
1951 1825 22
1951 1861 2
1951 1802 44
1951 1862 20
1951 1864 49
1951 2325 14
1939 1811 60
1939 1809 17
1939 1812 19
1939 1808 18
1939 1810 5
1939 6 44
1939 1878 27
1939 1806 56
1939 1807 44
1939 1804 1
1939 1865 41
1939 0 53
1939 1883 56
1939 1893 29
1939 1805 12
1939 1801 28
1939 1860 32
1939 1803 50
1939 1863 40
1939 1 53
1939 2 41
1939 1884 54
1939 1874 55
1939 1897 34
1939 1800 36
1939 1799 7
1939 1825 35
1939 1861 0
1939 1802 5
1939 1862 1
1939 1864 38
1939 2325 35
1935 1811 35
1935 1809 41
1935 1812 29
1935 1808 32
1935 1810 57
1935 6 29
1935 1878 17
1935 1806 46
1935 1807 36
1935 1804 14
1935 1865 7
1935 0 23
1935 1883 29
1935 1893 60
1935 1805 4
1935 1801 12
1935 1860 15
1935 1803 21
1935 1863 34
1935 1 59
1935 2 15
1935 1884 11
1935 1874 57
1935 1897 50
1935 1800 57
1935 1799 18
1935 1825 23
1935 1861 14
1935 1802 42
1935 1862 17
1935 1864 44
1935 2325 30
1870 1811 41
1870 1809 55
1870 1812 17
1870 1808 27
1870 1810 57
1870 6 11
1870 1878 60
1870 1806 7
1870 1807 26
1870 1804 0
1870 1865 49
1870 0 25
1870 1883 41
1870 1893 52
1870 1805 2
1870 1801 45
1870 1860 41
1870 1803 18
1870 1863 45
1870 1 39
1870 2 36
1870 1884 12
1870 1874 13
1870 1897 40
1870 1800 29
1870 1799 0
1870 1825 39
1870 1861 37
1870 1802 15
1870 1862 49
1870 1864 50
1870 2325 22
1952 1811 11
1952 1809 7
1952 1812 57
1952 1808 3
1952 1810 9
1952 6 22
1952 1878 25
1952 1806 38
1952 1807 0
1952 1804 11
1952 1865 43
1952 0 2
1952 1883 27
1952 1893 52
1952 1805 60
1952 1801 5
1952 1860 44
1952 1803 4
1952 1863 42
1952 1 12
1952 2 34
1952 1884 31
1952 1874 60
1952 1897 16
1952 1800 42
1952 1799 40
1952 1825 47
1952 1861 15
1952 1802 3
1952 1862 43
1952 1864 40
1952 2325 23
1940 1811 16
1940 1809 19
1940 1812 46
1940 1808 7
1940 1810 40
1940 6 20
1940 1878 31
1940 1806 21
1940 1807 35
1940 1804 52
1940 1865 12
1940 0 56
1940 1883 7
1940 1893 3
1940 1805 20
1940 1801 34
1940 1860 27
1940 1803 60
1940 1863 11
1940 1 1
1940 2 52
1940 1884 13
1940 1874 3
1940 1897 16
1940 1800 8
1940 1799 55
1940 1825 59
1940 1861 25
1940 1802 28
1940 1862 3
1940 1864 1
1940 2325 27
1938 1811 2
1938 1809 40
1938 1812 13
1938 1808 52
1938 1810 14
1938 6 45
1938 1878 16
1938 1806 54
1938 1807 31
1938 1804 21
1938 1865 53
1938 0 52
1938 1883 25
1938 1893 5
1938 1805 29
1938 1801 22
1938 1860 50
1938 1803 59
1938 1863 51
1938 1 49
1938 2 59
1938 1884 47
1938 1874 4
1938 1897 22
1938 1800 8
1938 1799 30
1938 1825 42
1938 1861 22
1938 1802 52
1938 1862 52
1938 1864 59
1938 2325 53
