8245 6678 49
8245 6678 57
8245 6677 26
8245 6677 29
8245 6679 47
8245 6679 14
8245 6685 37
8245 6685 47
8245 6676 15
8245 6676 7
8245 6642 21
8245 6642 40
8245 6687 56
8245 6687 1
8245 6675 12
8245 6675 53
8245 9843 17
8245 9843 1
8245 6643 53
8245 6643 2
8245 9165 32
8245 9165 6
8245 6674 59
8245 6674 54
8245 6684 57
8245 6684 53
8245 6632 15
8245 6632 35
8245 6641 53
8245 6641 9
8245 6686 47
8245 6686 13
8245 6639 41
8245 6639 59
8245 6689 45
8245 6689 35
8245 6630 11
8245 6630 45
8245 9700 31
8245 9700 49
8245 9701 39
8245 9701 32
8245 6634 49
8245 6634 54
8245 9166 3
8245 9166 15
8245 6672 1
8245 6672 27
8245 6683 43
8245 6683 42
8245 6631 52
8245 6631 51
8245 6640 29
8245 6640 8
8245 6635 0
8245 6635 40
8245 6688 51
8245 6688 8
8245 6638 55
8245 6638 34
8245 6698 51
8245 6698 29
8245 6629 30
8245 6629 39
8244 6678 41
8244 6678 35
8244 6677 20
8244 6677 14
8244 6679 50
8244 6679 3
8244 6685 27
8244 6685 2
8244 6676 1
8244 6676 53
8244 6642 42
8244 6642 5
8244 6687 21
8244 6687 0
8244 6675 24
8244 6675 47
8244 9843 32
8244 9843 35
8244 6643 49
8244 6643 25
8244 9165 41
8244 9165 58
8244 6674 52
8244 6674 40
8244 6684 52
8244 6684 5
8244 6632 34
8244 6632 46
8244 6641 45
8244 6641 55
8244 6686 36
8244 6686 8
8244 6639 39
8244 6639 39
8244 6689 54
8244 6689 23
8244 6630 42
8244 6630 57
8244 9700 14
8244 9700 48
8244 9701 57
8244 9701 40
8244 6634 15
8244 6634 20
8244 9166 15
8244 9166 11
8244 6672 18
8244 6672 38
8244 6683 11
8244 6683 34
8244 6631 30
8244 6631 41
8244 6640 7
8244 6640 29
8244 6635 10
8244 6635 39
8244 6688 11
8244 6688 21
8244 6638 58
8244 6638 38
8244 6698 32
8244 6698 36
8244 6629 57
8244 6629 54
8229 6678 41
8229 6678 36
8229 6677 18
8229 6677 17
8229 6679 37
8229 6679 60
8229 6685 3
8229 6685 36
8229 6676 34
8229 6676 22
8229 6642 49
8229 6642 35
8229 6687 26
8229 6687 5
8229 6675 20
8229 6675 3
8229 9843 28
8229 9843 22
8229 6643 58
8229 6643 27
8229 9165 28
8229 9165 10
8229 6674 12
8229 6674 17
8229 6684 25
8229 6684 53
8229 6632 48
8229 6632 1
8229 6641 10
8229 6641 24
8229 6686 42
8229 6686 42
8229 6639 13
8229 6639 13
8229 6689 55
8229 6689 6
8229 6630 19
8229 6630 17
8229 9700 53
8229 9700 2
8229 9701 31
8229 9701 15
8229 6634 9
8229 6634 55
8229 9166 1
8229 9166 9
8229 6672 12
8229 6672 22
8229 6683 1
8229 6683 29
8229 6631 52
8229 6631 10
8229 6640 15
8229 6640 57
8229 6635 3
8229 6635 37
8229 6688 18
8229 6688 34
8229 6638 3
8229 6638 36
8229 6698 5
8229 6698 58
8229 6629 45
8229 6629 26
8247 6678 34
8247 6678 52
8247 6677 43
8247 6677 2
8247 6679 40
8247 6679 17
8247 6685 15
8247 6685 19
8247 6676 33
8247 6676 42
8247 6642 30
8247 6642 26
8247 6687 24
8247 6687 34
8247 6675 39
8247 6675 13
8247 9843 44
8247 9843 17
8247 6643 11
8247 6643 36
8247 9165 30
8247 9165 0
8247 6674 36
8247 6674 19
8247 6684 22
8247 6684 0
8247 6632 39
8247 6632 11
8247 6641 10
8247 6641 16
8247 6686 17
8247 6686 10
8247 6639 0
8247 6639 11
8247 6689 21
8247 6689 57
8247 6630 51
8247 6630 38
8247 9700 48
8247 9700 56
8247 9701 35
8247 9701 41
8247 6634 9
8247 6634 55
8247 9166 33
8247 9166 4
8247 6672 17
8247 6672 5
8247 6683 35
8247 6683 47
8247 6631 57
8247 6631 22
8247 6640 59
8247 6640 59
8247 6635 19
8247 6635 0
8247 6688 27
8247 6688 19
8247 6638 30
8247 6638 28
8247 6698 47
8247 6698 15
8247 6629 34
8247 6629 34
8248 6678 46
8248 6678 34
8248 6677 41
8248 6677 25
8248 6679 44
8248 6679 19
8248 6685 39
8248 6685 50
8248 6676 17
8248 6676 29
8248 6642 30
8248 6642 59
8248 6687 47
8248 6687 31
8248 6675 36
8248 6675 55
8248 9843 8
8248 9843 23
8248 6643 49
8248 6643 1
8248 9165 25
8248 9165 57
8248 6674 14
8248 6674 52
8248 6684 1
8248 6684 7
8248 6632 30
8248 6632 18
8248 6641 20
8248 6641 33
8248 6686 13
8248 6686 20
8248 6639 60
8248 6639 29
8248 6689 32
8248 6689 34
8248 6630 49
8248 6630 38
8248 9700 32
8248 9700 50
8248 9701 18
8248 9701 56
8248 6634 2
8248 6634 7
8248 9166 8
8248 9166 5
8248 6672 41
8248 6672 1
8248 6683 42
8248 6683 19
8248 6631 42
8248 6631 45
8248 6640 11
8248 6640 49
8248 6635 50
8248 6635 55
8248 6688 58
8248 6688 32
8248 6638 29
8248 6638 53
8248 6698 59
8248 6698 26
8248 6629 12
8248 6629 19
8233 6678 31
8233 6678 45
8233 6677 20
8233 6677 33
8233 6679 51
8233 6679 50
8233 6685 39
8233 6685 12
8233 6676 53
8233 6676 4
8233 6642 12
8233 6642 2
8233 6687 15
8233 6687 18
8233 6675 38
8233 6675 5
8233 9843 46
8233 9843 34
8233 6643 28
8233 6643 56
8233 9165 47
8233 9165 39
8233 6674 5
8233 6674 12
8233 6684 53
8233 6684 43
8233 6632 39
8233 6632 42
8233 6641 56
8233 6641 41
8233 6686 38
8233 6686 30
8233 6639 53
8233 6639 33
8233 6689 40
8233 6689 34
8233 6630 10
8233 6630 53
8233 9700 23
8233 9700 55
8233 9701 44
8233 9701 16
8233 6634 53
8233 6634 41
8233 9166 48
8233 9166 40
8233 6672 44
8233 6672 11
8233 6683 50
8233 6683 2
8233 6631 59
8233 6631 57
8233 6640 15
8233 6640 24
8233 6635 38
8233 6635 30
8233 6688 49
8233 6688 20
8233 6638 11
8233 6638 15
8233 6698 40
8233 6698 47
8233 6629 25
8233 6629 8
8246 6678 53
8246 6678 12
8246 6677 50
8246 6677 59
8246 6679 27
8246 6679 51
8246 6685 14
8246 6685 1
8246 6676 5
8246 6676 1
8246 6642 39
8246 6642 45
8246 6687 16
8246 6687 29
8246 6675 35
8246 6675 42
8246 9843 6
8246 9843 13
8246 6643 50
8246 6643 57
8246 9165 40
8246 9165 28
8246 6674 58
8246 6674 19
8246 6684 56
8246 6684 56
8246 6632 51
8246 6632 17
8246 6641 46
8246 6641 45
8246 6686 56
8246 6686 51
8246 6639 16
8246 6639 28
8246 6689 33
8246 6689 44
8246 6630 26
8246 6630 52
8246 9700 31
8246 9700 34
8246 9701 19
8246 9701 58
8246 6634 32
8246 6634 20
8246 9166 11
8246 9166 4
8246 6672 10
8246 6672 18
8246 6683 4
8246 6683 37
8246 6631 45
8246 6631 26
8246 6640 35
8246 6640 0
8246 6635 58
8246 6635 54
8246 6688 7
8246 6688 52
8246 6638 23
8246 6638 10
8246 6698 28
8246 6698 44
8246 6629 23
8246 6629 20
8227 6678 10
8227 6678 12
8227 6677 25
8227 6677 26
8227 6679 15
8227 6679 2
8227 6685 30
8227 6685 21
8227 6676 47
8227 6676 38
8227 6642 2
8227 6642 60
8227 6687 53
8227 6687 54
8227 6675 5
8227 6675 8
8227 9843 5
8227 9843 9
8227 6643 48
8227 6643 42
8227 9165 29
8227 9165 57
8227 6674 7
8227 6674 36
8227 6684 58
8227 6684 18
8227 6632 46
8227 6632 20
8227 6641 51
8227 6641 37
8227 6686 47
8227 6686 0
8227 6639 7
8227 6639 16
8227 6689 38
8227 6689 19
8227 6630 1
8227 6630 12
8227 9700 37
8227 9700 19
8227 9701 55
8227 9701 52
8227 6634 37
8227 6634 8
8227 9166 23
8227 9166 33
8227 6672 53
8227 6672 17
8227 6683 60
8227 6683 1
8227 6631 23
8227 6631 56
8227 6640 8
8227 6640 13
8227 6635 3
8227 6635 37
8227 6688 40
8227 6688 42
8227 6638 18
8227 6638 56
8227 6698 40
8227 6698 49
8227 6629 1
8227 6629 57
8224 6678 22
8224 6678 59
8224 6677 27
8224 6677 28
8224 6679 22
8224 6679 57
8224 6685 35
8224 6685 4
8224 6676 33
8224 6676 37
8224 6642 54
8224 6642 3
8224 6687 37
8224 6687 35
8224 6675 60
8224 6675 37
8224 9843 3
8224 9843 13
8224 6643 35
8224 6643 6
8224 9165 57
8224 9165 11
8224 6674 18
8224 6674 60
8224 6684 12
8224 6684 30
8224 6632 21
8224 6632 26
8224 6641 51
8224 6641 60
8224 6686 16
8224 6686 32
8224 6639 41
8224 6639 14
8224 6689 0
8224 6689 54
8224 6630 11
8224 6630 60
8224 9700 58
8224 9700 1
8224 9701 14
8224 9701 32
8224 6634 31
8224 6634 3
8224 9166 46
8224 9166 11
8224 6672 1
8224 6672 39
8224 6683 36
8224 6683 10
8224 6631 56
8224 6631 1
8224 6640 27
8224 6640 18
8224 6635 43
8224 6635 51
8224 6688 11
8224 6688 25
8224 6638 0
8224 6638 11
8224 6698 16
8224 6698 5
8224 6629 25
8224 6629 42
8242 6678 8
8242 6678 36
8242 6677 19
8242 6677 48
8242 6679 12
8242 6679 14
8242 6685 45
8242 6685 58
8242 6676 12
8242 6676 49
8242 6642 20
8242 6642 11
8242 6687 29
8242 6687 58
8242 6675 14
8242 6675 21
8242 9843 53
8242 9843 60
8242 6643 34
8242 6643 27
8242 9165 52
8242 9165 22
8242 6674 33
8242 6674 8
8242 6684 44
8242 6684 29
8242 6632 37
8242 6632 18
8242 6641 52
8242 6641 13
8242 6686 30
8242 6686 48
8242 6639 51
8242 6639 2
8242 6689 34
8242 6689 1
8242 6630 26
8242 6630 51
8242 9700 20
8242 9700 26
8242 9701 51
8242 9701 34
8242 6634 35
8242 6634 6
8242 9166 19
8242 9166 53
8242 6672 37
8242 6672 47
8242 6683 20
8242 6683 31
8242 6631 53
8242 6631 31
8242 6640 51
8242 6640 2
8242 6635 38
8242 6635 55
8242 6688 12
8242 6688 4
8242 6638 41
8242 6638 40
8242 6698 56
8242 6698 27
8242 6629 14
8242 6629 12
8251 6678 38
8251 6678 27
8251 6677 32
8251 6677 53
8251 6679 54
8251 6679 18
8251 6685 26
8251 6685 50
8251 6676 41
8251 6676 5
8251 6642 40
8251 6642 30
8251 6687 23
8251 6687 42
8251 6675 53
8251 6675 4
8251 9843 50
8251 9843 58
8251 6643 18
8251 6643 22
8251 9165 50
8251 9165 58
8251 6674 25
8251 6674 24
8251 6684 21
8251 6684 4
8251 6632 52
8251 6632 42
8251 6641 51
8251 6641 60
8251 6686 19
8251 6686 14
8251 6639 38
8251 6639 39
8251 6689 6
8251 6689 9
8251 6630 56
8251 6630 0
8251 9700 53
8251 9700 60
8251 9701 0
8251 9701 43
8251 6634 3
8251 6634 3
8251 9166 60
8251 9166 29
8251 6672 3
8251 6672 59
8251 6683 3
8251 6683 29
8251 6631 0
8251 6631 38
8251 6640 22
8251 6640 44
8251 6635 24
8251 6635 37
8251 6688 19
8251 6688 41
8251 6638 47
8251 6638 24
8251 6698 48
8251 6698 55
8251 6629 39
8251 6629 13
8223 6678 0
8223 6678 21
8223 6677 55
8223 6677 20
8223 6679 7
8223 6679 40
8223 6685 59
8223 6685 54
8223 6676 55
8223 6676 41
8223 6642 21
8223 6642 49
8223 6687 53
8223 6687 30
8223 6675 8
8223 6675 22
8223 9843 25
8223 9843 8
8223 6643 8
8223 6643 6
8223 9165 38
8223 9165 25
8223 6674 54
8223 6674 36
8223 6684 14
8223 6684 29
8223 6632 53
8223 6632 0
8223 6641 0
8223 6641 58
8223 6686 4
8223 6686 56
8223 6639 52
8223 6639 15
8223 6689 11
8223 6689 21
8223 6630 56
8223 6630 14
8223 9700 22
8223 9700 33
8223 9701 53
8223 9701 24
8223 6634 59
8223 6634 56
8223 9166 34
8223 9166 22
8223 6672 18
8223 6672 5
8223 6683 28
8223 6683 2
8223 6631 5
8223 6631 49
8223 6640 40
8223 6640 14
8223 6635 46
8223 6635 4
8223 6688 51
8223 6688 60
8223 6638 47
8223 6638 5
8223 6698 60
8223 6698 48
8223 6629 8
8223 6629 56
8232 6678 15
8232 6678 55
8232 6677 3
8232 6677 28
8232 6679 43
8232 6679 56
8232 6685 5
8232 6685 7
8232 6676 24
8232 6676 56
8232 6642 37
8232 6642 37
8232 6687 12
8232 6687 37
8232 6675 55
8232 6675 14
8232 9843 28
8232 9843 27
8232 6643 47
8232 6643 40
8232 9165 12
8232 9165 55
8232 6674 45
8232 6674 38
8232 6684 18
8232 6684 1
8232 6632 11
8232 6632 47
8232 6641 1
8232 6641 21
8232 6686 14
8232 6686 29
8232 6639 46
8232 6639 24
8232 6689 59
8232 6689 0
8232 6630 11
8232 6630 17
8232 9700 52
8232 9700 45
8232 9701 9
8232 9701 13
8232 6634 19
8232 6634 29
8232 9166 28
8232 9166 41
8232 6672 29
8232 6672 39
8232 6683 42
8232 6683 0
8232 6631 25
8232 6631 13
8232 6640 21
8232 6640 14
8232 6635 23
8232 6635 54
8232 6688 56
8232 6688 29
8232 6638 19
8232 6638 21
8232 6698 6
8232 6698 33
8232 6629 0
8232 6629 52
8235 6678 29
8235 6678 50
8235 6677 20
8235 6677 13
8235 6679 48
8235 6679 42
8235 6685 4
8235 6685 56
8235 6676 22
8235 6676 33
8235 6642 42
8235 6642 13
8235 6687 10
8235 6687 6
8235 6675 50
8235 6675 42
8235 9843 60
8235 9843 39
8235 6643 22
8235 6643 41
8235 9165 56
8235 9165 31
8235 6674 55
8235 6674 55
8235 6684 57
8235 6684 49
8235 6632 4
8235 6632 29
8235 6641 29
8235 6641 20
8235 6686 17
8235 6686 44
8235 6639 47
8235 6639 36
8235 6689 24
8235 6689 50
8235 6630 43
8235 6630 27
8235 9700 8
8235 9700 12
8235 9701 26
8235 9701 60
8235 6634 32
8235 6634 14
8235 9166 28
8235 9166 2
8235 6672 47
8235 6672 29
8235 6683 25
8235 6683 47
8235 6631 1
8235 6631 24
8235 6640 31
8235 6640 46
8235 6635 23
8235 6635 16
8235 6688 15
8235 6688 24
8235 6638 31
8235 6638 15
8235 6698 32
8235 6698 28
8235 6629 1
8235 6629 18
8253 6678 5
8253 6678 13
8253 6677 3
8253 6677 28
8253 6679 23
8253 6679 15
8253 6685 24
8253 6685 48
8253 6676 52
8253 6676 35
8253 6642 36
8253 6642 36
8253 6687 2
8253 6687 11
8253 6675 26
8253 6675 10
8253 9843 28
8253 9843 1
8253 6643 30
8253 6643 3
8253 9165 58
8253 9165 2
8253 6674 11
8253 6674 38
8253 6684 42
8253 6684 32
8253 6632 31
8253 6632 53
8253 6641 28
8253 6641 17
8253 6686 57
8253 6686 49
8253 6639 20
8253 6639 45
8253 6689 34
8253 6689 11
8253 6630 20
8253 6630 29
8253 9700 57
8253 9700 1
8253 9701 22
8253 9701 56
8253 6634 16
8253 6634 39
8253 9166 28
8253 9166 21
8253 6672 4
8253 6672 15
8253 6683 55
8253 6683 9
8253 6631 35
8253 6631 45
8253 6640 49
8253 6640 14
8253 6635 2
8253 6635 50
8253 6688 11
8253 6688 43
8253 6638 18
8253 6638 33
8253 6698 49
8253 6698 15
8253 6629 19
8253 6629 18
8228 6678 12
8228 6678 55
8228 6677 31
8228 6677 42
8228 6679 1
8228 6679 2
8228 6685 3
8228 6685 19
8228 6676 39
8228 6676 2
8228 6642 57
8228 6642 59
8228 6687 57
8228 6687 58
8228 6675 52
8228 6675 15
8228 9843 39
8228 9843 39
8228 6643 57
8228 6643 9
8228 9165 54
8228 9165 36
8228 6674 31
8228 6674 35
8228 6684 57
8228 6684 32
8228 6632 14
8228 6632 17
8228 6641 12
8228 6641 47
8228 6686 50
8228 6686 47
8228 6639 44
8228 6639 9
8228 6689 52
8228 6689 33
8228 6630 41
8228 6630 36
8228 9700 50
8228 9700 31
8228 9701 29
8228 9701 22
8228 6634 43
8228 6634 26
8228 9166 49
8228 9166 36
8228 6672 47
8228 6672 9
8228 6683 25
8228 6683 2
8228 6631 44
8228 6631 4
8228 6640 37
8228 6640 13
8228 6635 35
8228 6635 42
8228 6688 44
8228 6688 8
8228 6638 27
8228 6638 51
8228 6698 5
8228 6698 8
8228 6629 45
8228 6629 23
8226 6678 6
8226 6678 51
8226 6677 41
8226 6677 19
8226 6679 15
8226 6679 14
8226 6685 15
8226 6685 50
8226 6676 5
8226 6676 32
8226 6642 39
8226 6642 11
8226 6687 19
8226 6687 47
8226 6675 17
8226 6675 9
8226 9843 60
8226 9843 60
8226 6643 5
8226 6643 37
8226 9165 52
8226 9165 59
8226 6674 36
8226 6674 9
8226 6684 37
8226 6684 57
8226 6632 0
8226 6632 22
8226 6641 31
8226 6641 21
8226 6686 57
8226 6686 60
8226 6639 36
8226 6639 25
8226 6689 60
8226 6689 60
8226 6630 43
8226 6630 45
8226 9700 15
8226 9700 3
8226 9701 40
8226 9701 47
8226 6634 35
8226 6634 2
8226 9166 35
8226 9166 2
8226 6672 45
8226 6672 51
8226 6683 30
8226 6683 33
8226 6631 2
8226 6631 10
8226 6640 55
8226 6640 38
8226 6635 60
8226 6635 52
8226 6688 34
8226 6688 37
8226 6638 12
8226 6638 26
8226 6698 30
8226 6698 20
8226 6629 14
8226 6629 0
8243 6678 44
8243 6678 42
8243 6677 19
8243 6677 32
8243 6679 23
8243 6679 44
8243 6685 41
8243 6685 15
8243 6676 39
8243 6676 43
8243 6642 27
8243 6642 4
8243 6687 48
8243 6687 0
8243 6675 1
8243 6675 5
8243 9843 40
8243 9843 46
8243 6643 42
8243 6643 43
8243 9165 11
8243 9165 49
8243 6674 25
8243 6674 8
8243 6684 20
8243 6684 11
8243 6632 40
8243 6632 31
8243 6641 7
8243 6641 3
8243 6686 40
8243 6686 36
8243 6639 22
8243 6639 12
8243 6689 43
8243 6689 6
8243 6630 50
8243 6630 33
8243 9700 15
8243 9700 40
8243 9701 15
8243 9701 9
8243 6634 31
8243 6634 39
8243 9166 56
8243 9166 19
8243 6672 17
8243 6672 21
8243 6683 25
8243 6683 37
8243 6631 58
8243 6631 27
8243 6640 46
8243 6640 36
8243 6635 59
8243 6635 59
8243 6688 42
8243 6688 57
8243 6638 5
8243 6638 38
8243 6698 29
8243 6698 4
8243 6629 56
8243 6629 13
7252 6678 23
7252 6678 0
7252 6677 6
7252 6677 30
7252 6679 9
7252 6679 40
7252 6685 58
7252 6685 21
7252 6676 11
7252 6676 15
7252 6642 36
7252 6642 29
7252 6687 3
7252 6687 29
7252 6675 1
7252 6675 46
7252 9843 33
7252 9843 25
7252 6643 57
7252 6643 13
7252 9165 34
7252 9165 50
7252 6674 52
7252 6674 20
7252 6684 28
7252 6684 27
7252 6632 20
7252 6632 28
7252 6641 29
7252 6641 58
7252 6686 13
7252 6686 49
7252 6639 58
7252 6639 48
7252 6689 45
7252 6689 27
7252 6630 60
7252 6630 51
7252 9700 38
7252 9700 6
7252 9701 30
7252 9701 55
7252 6634 30
7252 6634 29
7252 9166 1
7252 9166 52
7252 6672 34
7252 6672 30
7252 6683 56
7252 6683 33
7252 6631 47
7252 6631 21
7252 6640 23
7252 6640 45
7252 6635 45
7252 6635 39
7252 6688 53
7252 6688 21
7252 6638 46
7252 6638 37
7252 6698 54
7252 6698 50
7252 6629 27
7252 6629 53
8241 6678 54
8241 6678 53
8241 6677 7
8241 6677 38
8241 6679 20
8241 6679 31
8241 6685 44
8241 6685 56
8241 6676 36
8241 6676 11
8241 6642 37
8241 6642 44
8241 6687 34
8241 6687 37
8241 6675 5
8241 6675 7
8241 9843 14
8241 9843 22
8241 6643 6
8241 6643 24
8241 9165 59
8241 9165 13
8241 6674 7
8241 6674 51
8241 6684 2
8241 6684 51
8241 6632 40
8241 6632 59
8241 6641 45
8241 6641 27
8241 6686 15
8241 6686 16
8241 6639 8
8241 6639 23
8241 6689 58
8241 6689 46
8241 6630 4
8241 6630 3
8241 9700 5
8241 9700 19
8241 9701 6
8241 9701 22
8241 6634 55
8241 6634 57
8241 9166 6
8241 9166 59
8241 6672 34
8241 6672 12
8241 6683 57
8241 6683 36
8241 6631 9
8241 6631 45
8241 6640 33
8241 6640 46
8241 6635 54
8241 6635 25
8241 6688 46
8241 6688 10
8241 6638 40
8241 6638 29
8241 6698 57
8241 6698 42
8241 6629 30
8241 6629 37
8249 6678 1
8249 6678 37
8249 6677 43
8249 6677 55
8249 6679 18
8249 6679 60
8249 6685 50
8249 6685 40
8249 6676 22
8249 6676 33
8249 6642 60
8249 6642 47
8249 6687 27
8249 6687 22
8249 6675 27
8249 6675 50
8249 9843 28
8249 9843 1
8249 6643 59
8249 6643 30
8249 9165 22
8249 9165 33
8249 6674 7
8249 6674 20
8249 6684 30
8249 6684 59
8249 6632 11
8249 6632 47
8249 6641 28
8249 6641 15
8249 6686 7
8249 6686 20
8249 6639 8
8249 6639 54
8249 6689 5
8249 6689 2
8249 6630 2
8249 6630 35
8249 9700 12
8249 9700 58
8249 9701 60
8249 9701 46
8249 6634 41
8249 6634 56
8249 9166 21
8249 9166 60
8249 6672 13
8249 6672 58
8249 6683 48
8249 6683 52
8249 6631 9
8249 6631 35
8249 6640 57
8249 6640 11
8249 6635 11
8249 6635 7
8249 6688 12
8249 6688 57
8249 6638 35
8249 6638 41
8249 6698 40
8249 6698 9
8249 6629 5
8249 6629 36
7253 6678 0
7253 6678 26
7253 6677 60
7253 6677 12
7253 6679 32
7253 6679 44
7253 6685 28
7253 6685 34
7253 6676 55
7253 6676 42
7253 6642 13
7253 6642 8
7253 6687 53
7253 6687 41
7253 6675 43
7253 6675 22
7253 9843 45
7253 9843 23
7253 6643 52
7253 6643 28
7253 9165 58
7253 9165 31
7253 6674 45
7253 6674 56
7253 6684 1
7253 6684 40
7253 6632 55
7253 6632 24
7253 6641 10
7253 6641 35
7253 6686 14
7253 6686 46
7253 6639 18
7253 6639 36
7253 6689 35
7253 6689 49
7253 6630 21
7253 6630 32
7253 9700 40
7253 9700 32
7253 9701 18
7253 9701 50
7253 6634 57
7253 6634 58
7253 9166 13
7253 9166 8
7253 6672 49
7253 6672 26
7253 6683 3
7253 6683 42
7253 6631 38
7253 6631 29
7253 6640 23
7253 6640 19
7253 6635 6
7253 6635 57
7253 6688 38
7253 6688 3
7253 6638 40
7253 6638 42
7253 6698 56
7253 6698 24
7253 6629 8
7253 6629 0
8081 6678 31
8081 6678 12
8081 6677 26
8081 6677 13
8081 6679 34
8081 6679 2
8081 6685 9
8081 6685 22
8081 6676 58
8081 6676 19
8081 6642 5
8081 6642 18
8081 6687 5
8081 6687 19
8081 6675 49
8081 6675 16
8081 9843 4
8081 9843 41
8081 6643 52
8081 6643 43
8081 9165 49
8081 9165 13
8081 6674 56
8081 6674 59
8081 6684 51
8081 6684 8
8081 6632 53
8081 6632 25
8081 6641 11
8081 6641 55
8081 6686 19
8081 6686 59
8081 6639 59
8081 6639 23
8081 6689 37
8081 6689 55
8081 6630 2
8081 6630 45
8081 9700 26
8081 9700 47
8081 9701 38
8081 9701 24
8081 6634 24
8081 6634 3
8081 9166 16
8081 9166 12
8081 6672 25
8081 6672 3
8081 6683 36
8081 6683 53
8081 6631 37
8081 6631 36
8081 6640 32
8081 6640 28
8081 6635 1
8081 6635 3
8081 6688 30
8081 6688 13
8081 6638 41
8081 6638 22
8081 6698 41
8081 6698 57
8081 6629 26
8081 6629 18
8231 6678 19
8231 6678 42
8231 6677 57
8231 6677 22
8231 6679 49
8231 6679 31
8231 6685 52
8231 6685 22
8231 6676 17
8231 6676 49
8231 6642 57
8231 6642 30
8231 6687 40
8231 6687 31
8231 6675 5
8231 6675 48
8231 9843 7
8231 9843 46
8231 6643 42
8231 6643 31
8231 9165 52
8231 9165 60
8231 6674 56
8231 6674 28
8231 6684 53
8231 6684 20
8231 6632 0
8231 6632 2
8231 6641 21
8231 6641 33
8231 6686 13
8231 6686 38
8231 6639 56
8231 6639 35
8231 6689 10
8231 6689 31
8231 6630 10
8231 6630 25
8231 9700 5
8231 9700 27
8231 9701 20
8231 9701 43
8231 6634 36
8231 6634 55
8231 9166 23
8231 9166 34
8231 6672 37
8231 6672 36
8231 6683 3
8231 6683 27
8231 6631 9
8231 6631 9
8231 6640 17
8231 6640 1
8231 6635 17
8231 6635 11
8231 6688 8
8231 6688 43
8231 6638 12
8231 6638 51
8231 6698 45
8231 6698 42
8231 6629 45
8231 6629 8
8234 6678 48
8234 6678 15
8234 6677 41
8234 6677 35
8234 6679 49
8234 6679 27
8234 6685 53
8234 6685 30
8234 6676 37
8234 6676 20
8234 6642 43
8234 6642 47
8234 6687 32
8234 6687 8
8234 6675 23
8234 6675 32
8234 9843 29
8234 9843 60
8234 6643 34
8234 6643 46
8234 9165 44
8234 9165 44
8234 6674 18
8234 6674 8
8234 6684 32
8234 6684 12
8234 6632 0
8234 6632 11
8234 6641 20
8234 6641 28
8234 6686 18
8234 6686 46
8234 6639 59
8234 6639 26
8234 6689 7
8234 6689 45
8234 6630 11
8234 6630 34
8234 9700 45
8234 9700 46
8234 9701 46
8234 9701 56
8234 6634 0
8234 6634 42
8234 9166 15
8234 9166 31
8234 6672 26
8234 6672 40
8234 6683 41
8234 6683 13
8234 6631 34
8234 6631 7
8234 6640 41
8234 6640 31
8234 6635 21
8234 6635 7
8234 6688 56
8234 6688 26
8234 6638 43
8234 6638 5
8234 6698 16
8234 6698 29
8234 6629 11
8234 6629 30
8252 6678 11
8252 6678 33
8252 6677 10
8252 6677 57
8252 6679 6
8252 6679 45
8252 6685 48
8252 6685 0
8252 6676 27
8252 6676 25
8252 6642 5
8252 6642 56
8252 6687 1
8252 6687 30
8252 6675 30
8252 6675 8
8252 9843 56
8252 9843 12
8252 6643 15
8252 6643 49
8252 9165 52
8252 9165 37
8252 6674 34
8252 6674 13
8252 6684 47
8252 6684 46
8252 6632 47
8252 6632 41
8252 6641 56
8252 6641 15
8252 6686 32
8252 6686 60
8252 6639 36
8252 6639 56
8252 6689 30
8252 6689 50
8252 6630 2
8252 6630 50
8252 9700 47
8252 9700 2
8252 9701 56
8252 9701 25
8252 6634 12
8252 6634 15
8252 9166 18
8252 9166 60
8252 6672 0
8252 6672 56
8252 6683 36
8252 6683 47
8252 6631 18
8252 6631 14
8252 6640 38
8252 6640 30
8252 6635 6
8252 6635 20
8252 6688 29
8252 6688 14
8252 6638 47
8252 6638 46
8252 6698 57
8252 6698 42
8252 6629 38
8252 6629 17
8293 6678 48
8293 6678 15
8293 6677 20
8293 6677 17
8293 6679 26
8293 6679 57
8293 6685 52
8293 6685 25
8293 6676 58
8293 6676 29
8293 6642 44
8293 6642 24
8293 6687 59
8293 6687 18
8293 6675 3
8293 6675 52
8293 9843 12
8293 9843 37
8293 6643 23
8293 6643 55
8293 9165 16
8293 9165 1
8293 6674 49
8293 6674 6
8293 6684 58
8293 6684 9
8293 6632 6
8293 6632 4
8293 6641 58
8293 6641 45
8293 6686 21
8293 6686 15
8293 6639 48
8293 6639 23
8293 6689 6
8293 6689 60
8293 6630 42
8293 6630 16
8293 9700 54
8293 9700 38
8293 9701 5
8293 9701 28
8293 6634 46
8293 6634 38
8293 9166 2
8293 9166 10
8293 6672 38
8293 6672 58
8293 6683 3
8293 6683 13
8293 6631 52
8293 6631 27
8293 6640 49
8293 6640 40
8293 6635 13
8293 6635 36
8293 6688 55
8293 6688 59
8293 6638 43
8293 6638 56
8293 6698 54
8293 6698 27
8293 6629 39
8293 6629 21
8225 6678 6
8225 6678 15
8225 6677 34
8225 6677 22
8225 6679 55
8225 6679 20
8225 6685 57
8225 6685 40
8225 6676 15
8225 6676 19
8225 6642 9
8225 6642 56
8225 6687 39
8225 6687 19
8225 6675 43
8225 6675 23
8225 9843 9
8225 9843 22
8225 6643 48
8225 6643 41
8225 9165 12
8225 9165 36
8225 6674 12
8225 6674 37
8225 6684 49
8225 6684 30
8225 6632 3
8225 6632 3
8225 6641 27
8225 6641 1
8225 6686 5
8225 6686 54
8225 6639 55
8225 6639 5
8225 6689 48
8225 6689 53
8225 6630 15
8225 6630 33
8225 9700 58
8225 9700 3
8225 9701 54
8225 9701 60
8225 6634 26
8225 6634 26
8225 9166 56
8225 9166 39
8225 6672 8
8225 6672 50
8225 6683 14
8225 6683 0
8225 6631 29
8225 6631 1
8225 6640 10
8225 6640 12
8225 6635 52
8225 6635 32
8225 6688 13
8225 6688 15
8225 6638 23
8225 6638 6
8225 6698 10
8225 6698 56
8225 6629 4
8225 6629 35
8237 6678 21
8237 6678 47
8237 6677 40
8237 6677 14
8237 6679 16
8237 6679 43
8237 6685 1
8237 6685 27
8237 6676 0
8237 6676 16
8237 6642 32
8237 6642 26
8237 6687 9
8237 6687 55
8237 6675 3
8237 6675 9
8237 9843 35
8237 9843 39
8237 6643 27
8237 6643 10
8237 9165 23
8237 9165 50
8237 6674 50
8237 6674 52
8237 6684 34
8237 6684 18
8237 6632 18
8237 6632 33
8237 6641 34
8237 6641 26
8237 6686 13
8237 6686 0
8237 6639 36
8237 6639 13
8237 6689 2
8237 6689 1
8237 6630 1
8237 6630 40
8237 9700 10
8237 9700 24
8237 9701 36
8237 9701 0
8237 6634 19
8237 6634 7
8237 9166 51
8237 9166 44
8237 6672 48
8237 6672 1
8237 6683 59
8237 6683 41
8237 6631 1
8237 6631 15
8237 6640 30
8237 6640 22
8237 6635 1
8237 6635 1
8237 6688 25
8237 6688 23
8237 6638 7
8237 6638 47
8237 6698 29
8237 6698 48
8237 6629 47
8237 6629 33
7251 6678 32
7251 6678 8
7251 6677 23
7251 6677 21
7251 6679 12
7251 6679 55
7251 6685 40
7251 6685 49
7251 6676 12
7251 6676 20
7251 6642 11
7251 6642 36
7251 6687 10
7251 6687 45
7251 6675 47
7251 6675 43
7251 9843 21
7251 9843 29
7251 6643 58
7251 6643 48
7251 9165 32
7251 9165 60
7251 6674 53
7251 6674 26
7251 6684 51
7251 6684 35
7251 6632 54
7251 6632 1
7251 6641 21
7251 6641 38
7251 6686 52
7251 6686 51
7251 6639 33
7251 6639 51
7251 6689 45
7251 6689 44
7251 6630 40
7251 6630 50
7251 9700 58
7251 9700 23
7251 9701 1
7251 9701 59
7251 6634 9
7251 6634 54
7251 9166 31
7251 9166 11
7251 6672 48
7251 6672 50
7251 6683 27
7251 6683 26
7251 6631 57
7251 6631 47
7251 6640 12
7251 6640 34
7251 6635 27
7251 6635 37
7251 6688 10
7251 6688 57
7251 6638 36
7251 6638 6
7251 6698 3
7251 6698 31
7251 6629 20
7251 6629 20
8240 6678 12
8240 6678 31
8240 6677 16
8240 6677 42
8240 6679 15
8240 6679 38
8240 6685 21
8240 6685 7
8240 6676 20
8240 6676 52
8240 6642 18
8240 6642 58
8240 6687 4
8240 6687 30
8240 6675 2
8240 6675 54
8240 9843 20
8240 9843 17
8240 6643 8
8240 6643 33
8240 9165 15
8240 9165 10
8240 6674 57
8240 6674 13
8240 6684 44
8240 6684 13
8240 6632 9
8240 6632 1
8240 6641 34
8240 6641 48
8240 6686 57
8240 6686 8
8240 6639 6
8240 6639 10
8240 6689 53
8240 6689 4
8240 6630 49
8240 6630 57
8240 9700 53
8240 9700 19
8240 9701 21
8240 9701 48
8240 6634 28
8240 6634 23
8240 9166 54
8240 9166 32
8240 6672 50
8240 6672 39
8240 6683 32
8240 6683 49
8240 6631 10
8240 6631 54
8240 6640 51
8240 6640 16
8240 6635 49
8240 6635 28
8240 6688 4
8240 6688 5
8240 6638 33
8240 6638 54
8240 6698 37
8240 6698 7
8240 6629 59
8240 6629 15
8250 6678 35
8250 6678 15
8250 6677 47
8250 6677 29
8250 6679 8
8250 6679 3
8250 6685 9
8250 6685 6
8250 6676 44
8250 6676 42
8250 6642 2
8250 6642 40
8250 6687 15
8250 6687 36
8250 6675 8
8250 6675 12
8250 9843 26
8250 9843 46
8250 6643 21
8250 6643 35
8250 9165 50
8250 9165 49
8250 6674 14
8250 6674 36
8250 6684 30
8250 6684 42
8250 6632 41
8250 6632 41
8250 6641 58
8250 6641 29
8250 6686 49
8250 6686 37
8250 6639 44
8250 6639 10
8250 6689 18
8250 6689 40
8250 6630 50
8250 6630 25
8250 9700 7
8250 9700 34
8250 9701 2
8250 9701 54
8250 6634 53
8250 6634 5
8250 9166 20
8250 9166 13
8250 6672 34
8250 6672 59
8250 6683 0
8250 6683 43
8250 6631 12
8250 6631 46
8250 6640 17
8250 6640 26
8250 6635 8
8250 6635 26
8250 6688 53
8250 6688 31
8250 6638 30
8250 6638 3
8250 6698 5
8250 6698 36
8250 6629 16
8250 6629 39
