5750 5557 51
5750 5528 0
5750 5486 52
5750 5488 9
5750 5559 3
5750 5526 39
5750 5458 25
5750 5561 44
5750 5485 27
5750 5449 17
5750 5487 57
5750 5558 19
5750 5560 47
5750 5527 53
5750 5457 44
5750 5539 2
5750 5448 56
5750 5484 32
5750 5450 22
5750 5483 30
5750 5489 55
5750 5503 25
5750 5564 15
5750 5562 27
5750 5538 40
5750 5456 27
5750 5529 36
5750 5536 28
5750 5446 47
5750 5464 60
5750 5451 60
5750 5463 9
5740 5557 36
5740 5528 22
5740 5486 0
5740 5488 4
5740 5559 8
5740 5526 29
5740 5458 1
5740 5561 29
5740 5485 22
5740 5449 55
5740 5487 58
5740 5558 38
5740 5560 25
5740 5527 32
5740 5457 58
5740 5539 40
5740 5448 32
5740 5484 54
5740 5450 34
5740 5483 33
5740 5489 23
5740 5503 33
5740 5564 57
5740 5562 42
5740 5538 37
5740 5456 50
5740 5529 11
5740 5536 34
5740 5446 28
5740 5464 11
5740 5451 49
5740 5463 49
5736 5557 15
5736 5528 9
5736 5486 20
5736 5488 50
5736 5559 50
5736 5526 56
5736 5458 15
5736 5561 12
5736 5485 17
5736 5449 59
5736 5487 21
5736 5558 24
5736 5560 37
5736 5527 25
5736 5457 30
5736 5539 39
5736 5448 34
5736 5484 57
5736 5450 5
5736 5483 24
5736 5489 29
5736 5503 41
5736 5564 49
5736 5562 46
5736 5538 49
5736 5456 29
5736 5529 59
5736 5536 41
5736 5446 49
5736 5464 47
5736 5451 23
5736 5463 40
5757 5557 47
5757 5528 30
5757 5486 48
5757 5488 25
5757 5559 4
5757 5526 48
5757 5458 49
5757 5561 7
5757 5485 28
5757 5449 36
5757 5487 0
5757 5558 36
5757 5560 7
5757 5527 15
5757 5457 14
5757 5539 4
5757 5448 49
5757 5484 20
5757 5450 19
5757 5483 17
5757 5489 14
5757 5503 51
5757 5564 51
5757 5562 26
5757 5538 30
5757 5456 52
5757 5529 57
5757 5536 38
5757 5446 45
5757 5464 35
5757 5451 6
5757 5463 7
5759 5557 43
5759 5528 36
5759 5486 58
5759 5488 53
5759 5559 50
5759 5526 22
5759 5458 4
5759 5561 34
5759 5485 21
5759 5449 7
5759 5487 52
5759 5558 39
5759 5560 29
5759 5527 52
5759 5457 36
5759 5539 38
5759 5448 33
5759 5484 10
5759 5450 4
5759 5483 4
5759 5489 4
5759 5503 24
5759 5564 43
5759 5562 20
5759 5538 55
5759 5456 33
5759 5529 44
5759 5536 30
5759 5446 51
5759 5464 12
5759 5451 40
5759 5463 57
5739 5557 27
5739 5528 7
5739 5486 22
5739 5488 59
5739 5559 41
5739 5526 4
5739 5458 29
5739 5561 0
5739 5485 17
5739 5449 22
5739 5487 51
5739 5558 21
5739 5560 15
5739 5527 36
5739 5457 8
5739 5539 3
5739 5448 27
5739 5484 33
5739 5450 10
5739 5483 15
5739 5489 13
5739 5503 57
5739 5564 56
5739 5562 5
5739 5538 50
5739 5456 4
5739 5529 32
5739 5536 45
5739 5446 28
5739 5464 13
5739 5451 59
5739 5463 36
5734 5557 10
5734 5528 58
5734 5486 17
5734 5488 3
5734 5559 2
5734 5526 24
5734 5458 51
5734 5561 11
5734 5485 27
5734 5449 58
5734 5487 14
5734 5558 37
5734 5560 23
5734 5527 24
5734 5457 50
5734 5539 14
5734 5448 52
5734 5484 30
5734 5450 29
5734 5483 18
5734 5489 7
5734 5503 51
5734 5564 37
5734 5562 52
5734 5538 8
5734 5456 16
5734 5529 17
5734 5536 47
5734 5446 8
5734 5464 50
5734 5451 34
5734 5463 54
5758 5557 33
5758 5528 8
5758 5486 39
5758 5488 39
5758 5559 20
5758 5526 2
5758 5458 2
5758 5561 39
5758 5485 14
5758 5449 13
5758 5487 12
5758 5558 10
5758 5560 24
5758 5527 19
5758 5457 56
5758 5539 50
5758 5448 23
5758 5484 30
5758 5450 26
5758 5483 32
5758 5489 6
5758 5503 16
5758 5564 0
5758 5562 25
5758 5538 32
5758 5456 4
5758 5529 49
5758 5536 48
5758 5446 34
5758 5464 39
5758 5451 20
5758 5463 56
5737 5557 29
5737 5528 32
5737 5486 15
5737 5488 31
5737 5559 12
5737 5526 2
5737 5458 49
5737 5561 32
5737 5485 54
5737 5449 27
5737 5487 27
5737 5558 52
5737 5560 32
5737 5527 44
5737 5457 57
5737 5539 32
5737 5448 43
5737 5484 4
5737 5450 35
5737 5483 14
5737 5489 12
5737 5503 55
5737 5564 10
5737 5562 34
5737 5538 42
5737 5456 25
5737 5529 39
5737 5536 10
5737 5446 15
5737 5464 45
5737 5451 59
5737 5463 19
5748 5557 57
5748 5528 48
5748 5486 39
5748 5488 13
5748 5559 11
5748 5526 5
5748 5458 44
5748 5561 6
5748 5485 14
5748 5449 4
5748 5487 41
5748 5558 59
5748 5560 22
5748 5527 1
5748 5457 48
5748 5539 19
5748 5448 5
5748 5484 43
5748 5450 6
5748 5483 48
5748 5489 55
5748 5503 39
5748 5564 34
5748 5562 21
5748 5538 12
5748 5456 51
5748 5529 15
5748 5536 47
5748 5446 41
5748 5464 30
5748 5451 36
5748 5463 6
5760 5557 43
5760 5528 46
5760 5486 36
5760 5488 31
5760 5559 31
5760 5526 50
5760 5458 17
5760 5561 8
5760 5485 26
5760 5449 3
5760 5487 0
5760 5558 0
5760 5560 4
5760 5527 26
5760 5457 48
5760 5539 15
5760 5448 12
5760 5484 20
5760 5450 10
5760 5483 43
5760 5489 28
5760 5503 33
5760 5564 44
5760 5562 59
5760 5538 17
5760 5456 45
5760 5529 54
5760 5536 50
5760 5446 48
5760 5464 50
5760 5451 54
5760 5463 17
5753 5557 41
5753 5528 42
5753 5486 18
5753 5488 21
5753 5559 8
5753 5526 52
5753 5458 21
5753 5561 14
5753 5485 0
5753 5449 48
5753 5487 17
5753 5558 38
5753 5560 32
5753 5527 22
5753 5457 41
5753 5539 13
5753 5448 21
5753 5484 17
5753 5450 49
5753 5483 35
5753 5489 20
5753 5503 60
5753 5564 40
5753 5562 13
5753 5538 1
5753 5456 44
5753 5529 30
5753 5536 16
5753 5446 57
5753 5464 39
5753 5451 36
5753 5463 8
5762 5557 23
5762 5528 21
5762 5486 21
5762 5488 8
5762 5559 46
5762 5526 60
5762 5458 8
5762 5561 11
5762 5485 59
5762 5449 46
5762 5487 17
5762 5558 42
5762 5560 35
5762 5527 33
5762 5457 53
5762 5539 3
5762 5448 50
5762 5484 52
5762 5450 36
5762 5483 31
5762 5489 13
5762 5503 4
5762 5564 8
5762 5562 23
5762 5538 9
5762 5456 59
5762 5529 5
5762 5536 25
5762 5446 57
5762 5464 14
5762 5451 24
5762 5463 8
5738 5557 29
5738 5528 17
5738 5486 14
5738 5488 29
5738 5559 48
5738 5526 41
5738 5458 29
5738 5561 53
5738 5485 26
5738 5449 5
5738 5487 16
5738 5558 0
5738 5560 31
5738 5527 9
5738 5457 20
5738 5539 50
5738 5448 23
5738 5484 47
5738 5450 27
5738 5483 51
5738 5489 8
5738 5503 32
5738 5564 15
5738 5562 32
5738 5538 20
5738 5456 18
5738 5529 44
5738 5536 15
5738 5446 18
5738 5464 33
5738 5451 25
5738 5463 25
5735 5557 50
5735 5528 19
5735 5486 24
5735 5488 6
5735 5559 8
5735 5526 48
5735 5458 26
5735 5561 18
5735 5485 24
5735 5449 19
5735 5487 16
5735 5558 7
5735 5560 1
5735 5527 43
5735 5457 57
5735 5539 17
5735 5448 41
5735 5484 34
5735 5450 47
5735 5483 58
5735 5489 15
5735 5503 45
5735 5564 50
5735 5562 26
5735 5538 27
5735 5456 23
5735 5529 57
5735 5536 41
5735 5446 57
5735 5464 45
5735 5451 15
5735 5463 45
5761 5557 46
5761 5528 30
5761 5486 45
5761 5488 3
5761 5559 46
5761 5526 27
5761 5458 37
5761 5561 60
5761 5485 38
5761 5449 35
5761 5487 54
5761 5558 58
5761 5560 10
5761 5527 14
5761 5457 9
5761 5539 10
5761 5448 31
5761 5484 18
5761 5450 10
5761 5483 8
5761 5489 53
5761 5503 49
5761 5564 47
5761 5562 28
5761 5538 11
5761 5456 14
5761 5529 36
5761 5536 30
5761 5446 38
5761 5464 3
5761 5451 36
5761 5463 22
5731 5557 54
5731 5528 22
5731 5486 25
5731 5488 37
5731 5559 9
5731 5526 17
5731 5458 2
5731 5561 24
5731 5485 4
5731 5449 25
5731 5487 28
5731 5558 6
5731 5560 24
5731 5527 56
5731 5457 44
5731 5539 0
5731 5448 29
5731 5484 47
5731 5450 6
5731 5483 60
5731 5489 35
5731 5503 24
5731 5564 18
5731 5562 55
5731 5538 54
5731 5456 21
5731 5529 53
5731 5536 38
5731 5446 25
5731 5464 18
5731 5451 44
5731 5463 60
5732 5557 35
5732 5528 35
5732 5486 21
5732 5488 15
5732 5559 50
5732 5526 18
5732 5458 40
5732 5561 16
5732 5485 42
5732 5449 47
5732 5487 0
5732 5558 41
5732 5560 49
5732 5527 56
5732 5457 38
5732 5539 5
5732 5448 35
5732 5484 5
5732 5450 5
5732 5483 22
5732 5489 36
5732 5503 6
5732 5564 4
5732 5562 22
5732 5538 58
5732 5456 26
5732 5529 29
5732 5536 16
5732 5446 25
5732 5464 24
5732 5451 2
5732 5463 3
5746 5557 33
5746 5528 16
5746 5486 0
5746 5488 1
5746 5559 23
5746 5526 43
5746 5458 5
5746 5561 30
5746 5485 57
5746 5449 33
5746 5487 41
5746 5558 27
5746 5560 22
5746 5527 28
5746 5457 55
5746 5539 18
5746 5448 2
5746 5484 59
5746 5450 43
5746 5483 17
5746 5489 53
5746 5503 51
5746 5564 28
5746 5562 28
5746 5538 15
5746 5456 11
5746 5529 25
5746 5536 55
5746 5446 31
5746 5464 5
5746 5451 0
5746 5463 27
5749 5557 15
5749 5528 4
5749 5486 46
5749 5488 36
5749 5559 20
5749 5526 50
5749 5458 47
5749 5561 58
5749 5485 28
5749 5449 25
5749 5487 0
5749 5558 27
5749 5560 38
5749 5527 32
5749 5457 39
5749 5539 23
5749 5448 40
5749 5484 1
5749 5450 37
5749 5483 11
5749 5489 55
5749 5503 26
5749 5564 11
5749 5562 19
5749 5538 51
5749 5456 57
5749 5529 5
5749 5536 34
5749 5446 56
5749 5464 47
5749 5451 12
5749 5463 3
5763 5557 2
5763 5528 4
5763 5486 14
5763 5488 19
5763 5559 57
5763 5526 38
5763 5458 48
5763 5561 3
5763 5485 9
5763 5449 4
5763 5487 30
5763 5558 42
5763 5560 37
5763 5527 56
5763 5457 31
5763 5539 7
5763 5448 50
5763 5484 30
5763 5450 36
5763 5483 49
5763 5489 13
5763 5503 35
5763 5564 60
5763 5562 23
5763 5538 31
5763 5456 19
5763 5529 40
5763 5536 27
5763 5446 32
5763 5464 60
5763 5451 41
5763 5463 6
5764 5557 37
5764 5528 2
5764 5486 8
5764 5488 6
5764 5559 43
5764 5526 57
5764 5458 53
5764 5561 33
5764 5485 21
5764 5449 54
5764 5487 52
5764 5558 9
5764 5560 29
5764 5527 18
5764 5457 5
5764 5539 53
5764 5448 57
5764 5484 43
5764 5450 45
5764 5483 0
5764 5489 13
5764 5503 11
5764 5564 44
5764 5562 30
5764 5538 37
5764 5456 55
5764 5529 1
5764 5536 45
5764 5446 0
5764 5464 4
5764 5451 2
5764 5463 34
5752 5557 28
5752 5528 14
5752 5486 54
5752 5488 18
5752 5559 26
5752 5526 29
5752 5458 44
5752 5561 57
5752 5485 14
5752 5449 33
5752 5487 31
5752 5558 0
5752 5560 40
5752 5527 26
5752 5457 43
5752 5539 42
5752 5448 50
5752 5484 12
5752 5450 32
5752 5483 21
5752 5489 3
5752 5503 60
5752 5564 16
5752 5562 56
5752 5538 6
5752 5456 24
5752 5529 41
5752 5536 10
5752 5446 29
5752 5464 52
5752 5451 32
5752 5463 56
5772 5557 6
5772 5528 26
5772 5486 27
5772 5488 16
5772 5559 57
5772 5526 60
5772 5458 36
5772 5561 38
5772 5485 30
5772 5449 24
5772 5487 11
5772 5558 51
5772 5560 12
5772 5527 25
5772 5457 9
5772 5539 26
5772 5448 40
5772 5484 54
5772 5450 59
5772 5483 23
5772 5489 0
5772 5503 60
5772 5564 5
5772 5562 34
5772 5538 40
5772 5456 13
5772 5529 41
5772 5536 5
5772 5446 12
5772 5464 48
5772 5451 0
5772 5463 53
5722 5557 32
5722 5528 12
5722 5486 1
5722 5488 51
5722 5559 10
5722 5526 30
5722 5458 1
5722 5561 23
5722 5485 47
5722 5449 13
5722 5487 41
5722 5558 25
5722 5560 52
5722 5527 5
5722 5457 3
5722 5539 26
5722 5448 17
5722 5484 58
5722 5450 48
5722 5483 39
5722 5489 13
5722 5503 18
5722 5564 18
5722 5562 58
5722 5538 49
5722 5456 32
5722 5529 35
5722 5536 49
5722 5446 29
5722 5464 47
5722 5451 31
5722 5463 13
5814 5557 54
5814 5528 42
5814 5486 11
5814 5488 1
5814 5559 56
5814 5526 46
5814 5458 35
5814 5561 23
5814 5485 36
5814 5449 20
5814 5487 27
5814 5558 34
5814 5560 5
5814 5527 19
5814 5457 3
5814 5539 35
5814 5448 12
5814 5484 44
5814 5450 30
5814 5483 35
5814 5489 41
5814 5503 49
5814 5564 60
5814 5562 57
5814 5538 10
5814 5456 8
5814 5529 9
5814 5536 1
5814 5446 11
5814 5464 5
5814 5451 54
5814 5463 45
5728 5557 54
5728 5528 22
5728 5486 32
5728 5488 48
5728 5559 38
5728 5526 24
5728 5458 59
5728 5561 46
5728 5485 12
5728 5449 9
5728 5487 50
5728 5558 56
5728 5560 42
5728 5527 44
5728 5457 29
5728 5539 18
5728 5448 31
5728 5484 17
5728 5450 22
5728 5483 14
5728 5489 58
5728 5503 11
5728 5564 53
5728 5562 21
5728 5538 59
5728 5456 26
5728 5529 37
5728 5536 54
5728 5446 23
5728 5464 41
5728 5451 58
5728 5463 14
5813 5557 4
5813 5528 3
5813 5486 51
5813 5488 60
5813 5559 35
5813 5526 6
5813 5458 9
5813 5561 24
5813 5485 50
5813 5449 51
5813 5487 34
5813 5558 56
5813 5560 36
5813 5527 8
5813 5457 21
5813 5539 7
5813 5448 39
5813 5484 54
5813 5450 12
5813 5483 46
5813 5489 44
5813 5503 14
5813 5564 41
5813 5562 0
5813 5538 13
5813 5456 14
5813 5529 43
5813 5536 55
5813 5446 7
5813 5464 37
5813 5451 6
5813 5463 19
5729 5557 53
5729 5528 14
5729 5486 45
5729 5488 21
5729 5559 43
5729 5526 23
5729 5458 7
5729 5561 19
5729 5485 46
5729 5449 23
5729 5487 43
5729 5558 54
5729 5560 34
5729 5527 56
5729 5457 37
5729 5539 50
5729 5448 14
5729 5484 50
5729 5450 42
5729 5483 2
5729 5489 8
5729 5503 49
5729 5564 6
5729 5562 13
5729 5538 29
5729 5456 26
5729 5529 5
5729 5536 3
5729 5446 11
5729 5464 44
5729 5451 5
5729 5463 12
5733 5557 60
5733 5528 2
5733 5486 24
5733 5488 25
5733 5559 59
5733 5526 26
5733 5458 54
5733 5561 28
5733 5485 13
5733 5449 42
5733 5487 1
5733 5558 35
5733 5560 29
5733 5527 55
5733 5457 16
5733 5539 22
5733 5448 41
5733 5484 39
5733 5450 21
5733 5483 52
5733 5489 14
5733 5503 26
5733 5564 36
5733 5562 14
5733 5538 48
5733 5456 6
5733 5529 21
5733 5536 9
5733 5446 33
5733 5464 6
5733 5451 15
5733 5463 33
5711 5557 36
5711 5528 27
5711 5486 27
5711 5488 24
5711 5559 46
5711 5526 21
5711 5458 40
5711 5561 50
5711 5485 4
5711 5449 58
5711 5487 39
5711 5558 10
5711 5560 14
5711 5527 0
5711 5457 38
5711 5539 53
5711 5448 49
5711 5484 27
5711 5450 52
5711 5483 18
5711 5489 6
5711 5503 4
5711 5564 57
5711 5562 59
5711 5538 15
5711 5456 28
5711 5529 36
5711 5536 56
5711 5446 39
5711 5464 34
5711 5451 30
5711 5463 18
5745 5557 26
5745 5528 34
5745 5486 47
5745 5488 57
5745 5559 0
5745 5526 51
5745 5458 32
5745 5561 37
5745 5485 3
5745 5449 0
5745 5487 39
5745 5558 47
5745 5560 31
5745 5527 10
5745 5457 51
5745 5539 13
5745 5448 32
5745 5484 16
5745 5450 25
5745 5483 26
5745 5489 31
5745 5503 57
5745 5564 38
5745 5562 40
5745 5538 5
5745 5456 6
5745 5529 23
5745 5536 57
5745 5446 52
5745 5464 30
5745 5451 7
5745 5463 41
