7472 6689 1
7472 6688 5
7472 6687 10
7472 6638 43
7472 6698 48
7472 6683 55
7472 6686 30
7472 6692 36
7472 6677 17
7472 6639 35
7472 6640 4
7472 6696 22
7472 6682 0
7472 6684 53
7472 6690 56
7472 7144 40
7472 7148 44
7472 6676 24
7472 6678 2
7472 6642 55
7472 6641 30
7472 6648 13
7472 6695 35
7472 6681 1
7472 6693 40
7472 6694 60
7472 6672 21
7472 6691 48
7472 7146 53
7472 7145 42
7472 7147 55
7472 7153 53
7471 6689 14
7471 6688 6
7471 6687 60
7471 6638 1
7471 6698 34
7471 6683 20
7471 6686 6
7471 6692 14
7471 6677 39
7471 6639 35
7471 6640 12
7471 6696 29
7471 6682 27
7471 6684 21
7471 6690 20
7471 7144 32
7471 7148 29
7471 6676 27
7471 6678 57
7471 6642 8
7471 6641 31
7471 6648 60
7471 6695 44
7471 6681 0
7471 6693 24
7471 6694 2
7471 6672 49
7471 6691 49
7471 7146 60
7471 7145 17
7471 7147 60
7471 7153 14
7469 6689 9
7469 6688 49
7469 6687 25
7469 6638 13
7469 6698 14
7469 6683 3
7469 6686 59
7469 6692 14
7469 6677 25
7469 6639 1
7469 6640 1
7469 6696 44
7469 6682 1
7469 6684 54
7469 6690 5
7469 7144 41
7469 7148 9
7469 6676 10
7469 6678 37
7469 6642 56
7469 6641 16
7469 6648 58
7469 6695 35
7469 6681 3
7469 6693 2
7469 6694 53
7469 6672 42
7469 6691 19
7469 7146 45
7469 7145 53
7469 7147 42
7469 7153 46
7392 6689 41
7392 6688 8
7392 6687 57
7392 6638 48
7392 6698 22
7392 6683 54
7392 6686 51
7392 6692 60
7392 6677 51
7392 6639 18
7392 6640 34
7392 6696 52
7392 6682 57
7392 6684 19
7392 6690 45
7392 7144 4
7392 7148 29
7392 6676 30
7392 6678 8
7392 6642 16
7392 6641 11
7392 6648 1
7392 6695 30
7392 6681 21
7392 6693 40
7392 6694 42
7392 6672 46
7392 6691 17
7392 7146 9
7392 7145 35
7392 7147 25
7392 7153 44
7507 6689 22
7507 6688 20
7507 6687 9
7507 6638 1
7507 6698 24
7507 6683 29
7507 6686 7
7507 6692 25
7507 6677 30
7507 6639 17
7507 6640 18
7507 6696 32
7507 6682 5
7507 6684 44
7507 6690 25
7507 7144 40
7507 7148 29
7507 6676 25
7507 6678 53
7507 6642 45
7507 6641 29
7507 6648 5
7507 6695 44
7507 6681 36
7507 6693 40
7507 6694 57
7507 6672 50
7507 6691 57
7507 7146 32
7507 7145 50
7507 7147 13
7507 7153 10
7467 6689 41
7467 6688 29
7467 6687 9
7467 6638 26
7467 6698 3
7467 6683 3
7467 6686 26
7467 6692 58
7467 6677 34
7467 6639 41
7467 6640 1
7467 6696 10
7467 6682 23
7467 6684 23
7467 6690 36
7467 7144 2
7467 7148 9
7467 6676 42
7467 6678 30
7467 6642 28
7467 6641 0
7467 6648 14
7467 6695 31
7467 6681 20
7467 6693 40
7467 6694 12
7467 6672 43
7467 6691 5
7467 7146 10
7467 7145 52
7467 7147 46
7467 7153 54
7466 6689 25
7466 6688 58
7466 6687 27
7466 6638 48
7466 6698 30
7466 6683 58
7466 6686 50
7466 6692 23
7466 6677 27
7466 6639 17
7466 6640 7
7466 6696 33
7466 6682 13
7466 6684 24
7466 6690 46
7466 7144 56
7466 7148 13
7466 6676 12
7466 6678 18
7466 6642 46
7466 6641 7
7466 6648 24
7466 6695 17
7466 6681 60
7466 6693 23
7466 6694 39
7466 6672 2
7466 6691 20
7466 7146 31
7466 7145 55
7466 7147 57
7466 7153 44
7508 6689 25
7508 6688 36
7508 6687 37
7508 6638 22
7508 6698 12
7508 6683 10
7508 6686 8
7508 6692 36
7508 6677 57
7508 6639 6
7508 6640 53
7508 6696 44
7508 6682 32
7508 6684 41
7508 6690 15
7508 7144 6
7508 7148 21
7508 6676 43
7508 6678 37
7508 6642 1
7508 6641 53
7508 6648 12
7508 6695 37
7508 6681 50
7508 6693 48
7508 6694 52
7508 6672 47
7508 6691 21
7508 7146 44
7508 7145 36
7508 7147 3
7508 7153 19
7470 6689 54
7470 6688 10
7470 6687 10
7470 6638 30
7470 6698 32
7470 6683 40
7470 6686 4
7470 6692 54
7470 6677 19
7470 6639 60
7470 6640 2
7470 6696 7
7470 6682 20
7470 6684 15
7470 6690 2
7470 7144 55
7470 7148 0
7470 6676 25
7470 6678 54
7470 6642 26
7470 6641 52
7470 6648 34
7470 6695 47
7470 6681 41
7470 6693 43
7470 6694 12
7470 6672 34
7470 6691 51
7470 7146 26
7470 7145 58
7470 7147 35
7470 7153 58
7394 6689 55
7394 6688 41
7394 6687 17
7394 6638 33
7394 6698 15
7394 6683 16
7394 6686 14
7394 6692 24
7394 6677 41
7394 6639 58
7394 6640 40
7394 6696 54
7394 6682 16
7394 6684 52
7394 6690 45
7394 7144 58
7394 7148 7
7394 6676 5
7394 6678 14
7394 6642 47
7394 6641 28
7394 6648 2
7394 6695 59
7394 6681 4
7394 6693 2
7394 6694 55
7394 6672 24
7394 6691 43
7394 7146 46
7394 7145 50
7394 7147 39
7394 7153 50
7393 6689 25
7393 6688 60
7393 6687 38
7393 6638 26
7393 6698 19
7393 6683 37
7393 6686 38
7393 6692 13
7393 6677 27
7393 6639 44
7393 6640 51
7393 6696 9
7393 6682 12
7393 6684 27
7393 6690 43
7393 7144 14
7393 7148 18
7393 6676 15
7393 6678 57
7393 6642 56
7393 6641 40
7393 6648 41
7393 6695 59
7393 6681 15
7393 6693 56
7393 6694 30
7393 6672 0
7393 6691 0
7393 7146 11
7393 7145 4
7393 7147 34
7393 7153 55
7505 6689 36
7505 6688 9
7505 6687 23
7505 6638 24
7505 6698 1
7505 6683 28
7505 6686 47
7505 6692 42
7505 6677 2
7505 6639 38
7505 6640 48
7505 6696 42
7505 6682 19
7505 6684 25
7505 6690 44
7505 7144 13
7505 7148 17
7505 6676 22
7505 6678 49
7505 6642 5
7505 6641 30
7505 6648 51
7505 6695 59
7505 6681 51
7505 6693 18
7505 6694 25
7505 6672 58
7505 6691 31
7505 7146 17
7505 7145 3
7505 7147 46
7505 7153 50
7511 6689 36
7511 6688 16
7511 6687 60
7511 6638 28
7511 6698 51
7511 6683 35
7511 6686 32
7511 6692 2
7511 6677 51
7511 6639 24
7511 6640 52
7511 6696 10
7511 6682 24
7511 6684 37
7511 6690 49
7511 7144 46
7511 7148 31
7511 6676 6
7511 6678 57
7511 6642 28
7511 6641 55
7511 6648 41
7511 6695 7
7511 6681 23
7511 6693 44
7511 6694 50
7511 6672 34
7511 6691 48
7511 7146 39
7511 7145 33
7511 7147 25
7511 7153 55
7464 6689 37
7464 6688 18
7464 6687 48
7464 6638 19
7464 6698 36
7464 6683 49
7464 6686 5
7464 6692 34
7464 6677 28
7464 6639 12
7464 6640 53
7464 6696 18
7464 6682 12
7464 6684 7
7464 6690 31
7464 7144 44
7464 7148 15
7464 6676 16
7464 6678 40
7464 6642 29
7464 6641 14
7464 6648 29
7464 6695 4
7464 6681 12
7464 6693 21
7464 6694 38
7464 6672 34
7464 6691 54
7464 7146 60
7464 7145 13
7464 7147 36
7464 7153 34
7468 6689 8
7468 6688 31
7468 6687 39
7468 6638 60
7468 6698 28
7468 6683 36
7468 6686 57
7468 6692 7
7468 6677 29
7468 6639 16
7468 6640 38
7468 6696 53
7468 6682 32
7468 6684 3
7468 6690 28
7468 7144 32
7468 7148 19
7468 6676 13
7468 6678 24
7468 6642 25
7468 6641 45
7468 6648 52
7468 6695 3
7468 6681 20
7468 6693 60
7468 6694 5
7468 6672 8
7468 6691 42
7468 7146 29
7468 7145 2
7468 7147 14
7468 7153 27
7459 6689 54
7459 6688 29
7459 6687 55
7459 6638 21
7459 6698 51
7459 6683 36
7459 6686 12
7459 6692 36
7459 6677 5
7459 6639 0
7459 6640 41
7459 6696 40
7459 6682 18
7459 6684 36
7459 6690 0
7459 7144 36
7459 7148 12
7459 6676 12
7459 6678 49
7459 6642 51
7459 6641 38
7459 6648 44
7459 6695 25
7459 6681 59
7459 6693 50
7459 6694 46
7459 6672 35
7459 6691 5
7459 7146 18
7459 7145 56
7459 7147 25
7459 7153 2
7477 6689 4
7477 6688 0
7477 6687 10
7477 6638 42
7477 6698 27
7477 6683 45
7477 6686 25
7477 6692 58
7477 6677 26
7477 6639 35
7477 6640 57
7477 6696 29
7477 6682 55
7477 6684 57
7477 6690 47
7477 7144 54
7477 7148 28
7477 6676 11
7477 6678 34
7477 6642 13
7477 6641 57
7477 6648 22
7477 6695 0
7477 6681 45
7477 6693 31
7477 6694 41
7477 6672 60
7477 6691 22
7477 7146 40
7477 7145 30
7477 7147 41
7477 7153 39
7512 6689 34
7512 6688 44
7512 6687 25
7512 6638 26
7512 6698 3
7512 6683 44
7512 6686 24
7512 6692 6
7512 6677 49
7512 6639 41
7512 6640 52
7512 6696 31
7512 6682 45
7512 6684 54
7512 6690 8
7512 7144 53
7512 7148 59
7512 6676 58
7512 6678 57
7512 6642 12
7512 6641 9
7512 6648 53
7512 6695 38
7512 6681 56
7512 6693 41
7512 6694 26
7512 6672 48
7512 6691 55
7512 7146 53
7512 7145 56
7512 7147 2
7512 7153 29
7422 6689 33
7422 6688 44
7422 6687 9
7422 6638 8
7422 6698 21
7422 6683 33
7422 6686 57
7422 6692 8
7422 6677 14
7422 6639 0
7422 6640 30
7422 6696 56
7422 6682 33
7422 6684 26
7422 6690 37
7422 7144 15
7422 7148 48
7422 6676 25
7422 6678 46
7422 6642 32
7422 6641 58
7422 6648 7
7422 6695 22
7422 6681 24
7422 6693 19
7422 6694 9
7422 6672 6
7422 6691 6
7422 7146 3
7422 7145 20
7422 7147 5
7422 7153 17
7395 6689 24
7395 6688 5
7395 6687 43
7395 6638 48
7395 6698 47
7395 6683 7
7395 6686 19
7395 6692 15
7395 6677 44
7395 6639 7
7395 6640 21
7395 6696 2
7395 6682 25
7395 6684 6
7395 6690 22
7395 7144 8
7395 7148 18
7395 6676 60
7395 6678 55
7395 6642 1
7395 6641 40
7395 6648 53
7395 6695 31
7395 6681 41
7395 6693 25
7395 6694 32
7395 6672 60
7395 6691 39
7395 7146 39
7395 7145 49
7395 7147 55
7395 7153 33
7420 6689 31
7420 6688 52
7420 6687 7
7420 6638 37
7420 6698 44
7420 6683 18
7420 6686 40
7420 6692 34
7420 6677 48
7420 6639 6
7420 6640 39
7420 6696 11
7420 6682 5
7420 6684 51
7420 6690 32
7420 7144 3
7420 7148 34
7420 6676 43
7420 6678 59
7420 6642 24
7420 6641 60
7420 6648 59
7420 6695 35
7420 6681 31
7420 6693 35
7420 6694 29
7420 6672 19
7420 6691 2
7420 7146 20
7420 7145 24
7420 7147 33
7420 7153 33
7506 6689 58
7506 6688 40
7506 6687 55
7506 6638 14
7506 6698 27
7506 6683 10
7506 6686 16
7506 6692 11
7506 6677 10
7506 6639 20
7506 6640 36
7506 6696 1
7506 6682 35
7506 6684 35
7506 6690 39
7506 7144 1
7506 7148 21
7506 6676 35
7506 6678 35
7506 6642 59
7506 6641 9
7506 6648 48
7506 6695 49
7506 6681 33
7506 6693 29
7506 6694 12
7506 6672 31
7506 6691 35
7506 7146 27
7506 7145 36
7506 7147 31
7506 7153 18
7509 6689 15
7509 6688 28
7509 6687 10
7509 6638 51
7509 6698 44
7509 6683 6
7509 6686 47
7509 6692 24
7509 6677 51
7509 6639 55
7509 6640 28
7509 6696 53
7509 6682 17
7509 6684 49
7509 6690 21
7509 7144 2
7509 7148 31
7509 6676 47
7509 6678 21
7509 6642 53
7509 6641 16
7509 6648 1
7509 6695 54
7509 6681 44
7509 6693 20
7509 6694 30
7509 6672 44
7509 6691 13
7509 7146 39
7509 7145 0
7509 7147 27
7509 7153 11
7525 6689 60
7525 6688 11
7525 6687 20
7525 6638 48
7525 6698 28
7525 6683 8
7525 6686 17
7525 6692 18
7525 6677 59
7525 6639 0
7525 6640 3
7525 6696 56
7525 6682 9
7525 6684 28
7525 6690 16
7525 7144 35
7525 7148 7
7525 6676 23
7525 6678 6
7525 6642 1
7525 6641 29
7525 6648 12
7525 6695 17
7525 6681 55
7525 6693 60
7525 6694 22
7525 6672 6
7525 6691 39
7525 7146 13
7525 7145 45
7525 7147 55
7525 7153 21
7465 6689 41
7465 6688 15
7465 6687 16
7465 6638 30
7465 6698 0
7465 6683 36
7465 6686 35
7465 6692 1
7465 6677 38
7465 6639 42
7465 6640 3
7465 6696 30
7465 6682 52
7465 6684 50
7465 6690 9
7465 7144 3
7465 7148 45
7465 6676 51
7465 6678 4
7465 6642 34
7465 6641 33
7465 6648 37
7465 6695 23
7465 6681 20
7465 6693 22
7465 6694 36
7465 6672 29
7465 6691 16
7465 7146 52
7465 7145 32
7465 7147 6
7465 7153 19
7456 6689 42
7456 6688 41
7456 6687 2
7456 6638 41
7456 6698 9
7456 6683 48
7456 6686 55
7456 6692 1
7456 6677 45
7456 6639 27
7456 6640 36
7456 6696 8
7456 6682 30
7456 6684 21
7456 6690 13
7456 7144 34
7456 7148 0
7456 6676 46
7456 6678 45
7456 6642 5
7456 6641 31
7456 6648 54
7456 6695 20
7456 6681 21
7456 6693 49
7456 6694 13
7456 6672 49
7456 6691 31
7456 7146 56
7456 7145 47
7456 7147 42
7456 7153 25
7458 6689 7
7458 6688 34
7458 6687 31
7458 6638 50
7458 6698 21
7458 6683 28
7458 6686 19
7458 6692 16
7458 6677 11
7458 6639 28
7458 6640 23
7458 6696 53
7458 6682 14
7458 6684 44
7458 6690 35
7458 7144 31
7458 7148 41
7458 6676 42
7458 6678 56
7458 6642 35
7458 6641 60
7458 6648 45
7458 6695 9
7458 6681 25
7458 6693 39
7458 6694 8
7458 6672 45
7458 6691 27
7458 7146 52
7458 7145 32
7458 7147 57
7458 7153 38
7476 6689 19
7476 6688 22
7476 6687 54
7476 6638 5
7476 6698 43
7476 6683 23
7476 6686 3
7476 6692 15
7476 6677 0
7476 6639 36
7476 6640 31
7476 6696 51
7476 6682 19
7476 6684 18
7476 6690 36
7476 7144 40
7476 7148 26
7476 6676 37
7476 6678 7
7476 6642 54
7476 6641 41
7476 6648 12
7476 6695 23
7476 6681 11
7476 6693 7
7476 6694 24
7476 6672 14
7476 6691 51
7476 7146 48
7476 7145 24
7476 7147 25
7476 7153 33
7514 6689 56
7514 6688 47
7514 6687 59
7514 6638 12
7514 6698 51
7514 6683 15
7514 6686 56
7514 6692 31
7514 6677 32
7514 6639 42
7514 6640 20
7514 6696 7
7514 6682 0
7514 6684 58
7514 6690 27
7514 7144 47
7514 7148 29
7514 6676 7
7514 6678 39
7514 6642 6
7514 6641 42
7514 6648 46
7514 6695 45
7514 6681 20
7514 6693 38
7514 6694 44
7514 6672 14
7514 6691 32
7514 7146 5
7514 7145 0
7514 7147 54
7514 7153 38
7517 6689 32
7517 6688 10
7517 6687 49
7517 6638 3
7517 6698 59
7517 6683 13
7517 6686 22
7517 6692 40
7517 6677 22
7517 6639 54
7517 6640 41
7517 6696 58
7517 6682 6
7517 6684 38
7517 6690 45
7517 7144 31
7517 7148 33
7517 6676 52
7517 6678 32
7517 6642 46
7517 6641 20
7517 6648 7
7517 6695 7
7517 6681 32
7517 6693 43
7517 6694 52
7517 6672 51
7517 6691 3
7517 7146 11
7517 7145 15
7517 7147 56
7517 7153 23
7423 6689 19
7423 6688 53
7423 6687 34
7423 6638 37
7423 6698 28
7423 6683 25
7423 6686 50
7423 6692 50
7423 6677 5
7423 6639 51
7423 6640 9
7423 6696 51
7423 6682 42
7423 6684 30
7423 6690 11
7423 7144 1
7423 7148 35
7423 6676 4
7423 6678 10
7423 6642 53
7423 6641 17
7423 6648 52
7423 6695 31
7423 6681 60
7423 6693 30
7423 6694 27
7423 6672 55
7423 6691 44
7423 7146 46
7423 7145 51
7423 7147 35
7423 7153 26
7408 6689 18
7408 6688 16
7408 6687 6
7408 6638 40
7408 6698 37
7408 6683 47
7408 6686 4
7408 6692 30
7408 6677 10
7408 6639 50
7408 6640 10
7408 6696 34
7408 6682 45
7408 6684 8
7408 6690 38
7408 7144 3
7408 7148 14
7408 6676 35
7408 6678 36
7408 6642 34
7408 6641 48
7408 6648 35
7408 6695 8
7408 6681 50
7408 6693 25
7408 6694 32
7408 6672 16
7408 6691 25
7408 7146 52
7408 7145 56
7408 7147 15
7408 7153 0
