8047 9700 4
8047 9700 48
8047 9700 45
8047 9700 38
8047 6630 38
8047 6630 11
8047 6630 37
8047 6630 59
8047 9701 36
8047 9701 17
8047 9701 57
8047 9701 27
8047 9843 48
8047 9843 59
8047 9843 59
8047 9843 41
8047 6629 60
8047 6629 0
8047 6629 56
8047 6629 49
8047 6211 9
8047 6211 10
8047 6211 47
8047 6211 59
8047 6675 59
8047 6675 8
8047 6675 8
8047 6675 48
8047 9499 26
8047 9499 22
8047 9499 52
8047 9499 50
8047 9166 37
8047 9166 29
8047 9166 15
8047 9166 1
8047 6679 17
8047 6679 0
8047 6679 38
8047 6679 39
8047 6673 51
8047 6673 19
8047 6673 46
8047 6673 33
8047 6671 46
8047 6671 53
8047 6671 7
8047 6671 12
8047 6210 47
8047 6210 1
8047 6210 46
8047 6210 55
8047 6212 8
8047 6212 59
8047 6212 56
8047 6212 38
8047 6674 23
8047 6674 60
8047 6674 48
8047 6674 18
8047 9500 54
8047 9500 2
8047 9500 44
8047 9500 54
8047 9705 4
8047 9705 35
8047 9705 23
8047 9705 39
8047 9165 50
8047 9165 11
8047 9165 29
8047 9165 57
8047 6678 39
8047 6678 7
8047 6678 51
8047 6678 45
8047 6672 13
8047 6672 22
8047 6672 22
8047 6672 34
8047 6681 53
8047 6681 35
8047 6681 17
8047 6681 19
8047 6670 47
8047 6670 7
8047 6670 23
8047 6670 46
8047 6614 41
8047 6614 11
8047 6614 21
8047 6614 54
8047 6208 18
8047 6208 57
8047 6208 4
8047 6208 52
8047 9507 57
8047 9507 19
8047 9507 33
8047 9507 25
8047 6676 39
8047 6676 31
8047 6676 36
8047 6676 35
8047 9508 51
8047 9508 32
8047 9508 26
8047 9508 60
8047 9704 32
8047 9704 55
8047 9704 26
8047 9704 49
8047 6643 59
8047 6643 34
8047 6643 53
8047 6643 48
8047 6685 54
8047 6685 57
8047 6685 31
8047 6685 54
8047 6677 34
8047 6677 1
8047 6677 4
8047 6677 60
8047 6684 29
8047 6684 60
8047 6684 40
8047 6684 30
8046 9700 41
8046 9700 17
8046 9700 47
8046 9700 25
8046 6630 36
8046 6630 20
8046 6630 8
8046 6630 52
8046 9701 58
8046 9701 24
8046 9701 16
8046 9701 55
8046 9843 24
8046 9843 46
8046 9843 2
8046 9843 37
8046 6629 37
8046 6629 31
8046 6629 51
8046 6629 15
8046 6211 34
8046 6211 35
8046 6211 5
8046 6211 3
8046 6675 23
8046 6675 38
8046 6675 13
8046 6675 3
8046 9499 56
8046 9499 46
8046 9499 24
8046 9499 33
8046 9166 47
8046 9166 37
8046 9166 51
8046 9166 32
8046 6679 22
8046 6679 51
8046 6679 34
8046 6679 58
8046 6673 6
8046 6673 35
8046 6673 53
8046 6673 58
8046 6671 32
8046 6671 9
8046 6671 17
8046 6671 23
8046 6210 14
8046 6210 46
8046 6210 34
8046 6210 10
8046 6212 39
8046 6212 17
8046 6212 26
8046 6212 52
8046 6674 2
8046 6674 55
8046 6674 16
8046 6674 25
8046 9500 33
8046 9500 10
8046 9500 46
8046 9500 42
8046 9705 36
8046 9705 57
8046 9705 37
8046 9705 36
8046 9165 53
8046 9165 27
8046 9165 46
8046 9165 54
8046 6678 33
8046 6678 12
8046 6678 23
8046 6678 2
8046 6672 27
8046 6672 44
8046 6672 16
8046 6672 4
8046 6681 16
8046 6681 18
8046 6681 1
8046 6681 22
8046 6670 60
8046 6670 28
8046 6670 13
8046 6670 43
8046 6614 24
8046 6614 55
8046 6614 49
8046 6614 26
8046 6208 11
8046 6208 39
8046 6208 11
8046 6208 55
8046 9507 43
8046 9507 59
8046 9507 25
8046 9507 27
8046 6676 2
8046 6676 21
8046 6676 41
8046 6676 3
8046 9508 30
8046 9508 1
8046 9508 59
8046 9508 52
8046 9704 32
8046 9704 45
8046 9704 24
8046 9704 40
8046 6643 28
8046 6643 17
8046 6643 39
8046 6643 43
8046 6685 58
8046 6685 24
8046 6685 3
8046 6685 56
8046 6677 46
8046 6677 36
8046 6677 23
8046 6677 39
8046 6684 4
8046 6684 8
8046 6684 2
8046 6684 5
7618 9700 21
7618 9700 38
7618 9700 28
7618 9700 60
7618 6630 29
7618 6630 19
7618 6630 31
7618 6630 11
7618 9701 18
7618 9701 25
7618 9701 27
7618 9701 41
7618 9843 50
7618 9843 30
7618 9843 23
7618 9843 17
7618 6629 22
7618 6629 48
7618 6629 3
7618 6629 19
7618 6211 56
7618 6211 57
7618 6211 54
7618 6211 27
7618 6675 37
7618 6675 60
7618 6675 6
7618 6675 35
7618 9499 33
7618 9499 2
7618 9499 57
7618 9499 18
7618 9166 29
7618 9166 57
7618 9166 57
7618 9166 32
7618 6679 42
7618 6679 20
7618 6679 55
7618 6679 0
7618 6673 29
7618 6673 16
7618 6673 27
7618 6673 34
7618 6671 48
7618 6671 42
7618 6671 53
7618 6671 26
7618 6210 38
7618 6210 14
7618 6210 21
7618 6210 49
7618 6212 33
7618 6212 25
7618 6212 42
7618 6212 22
7618 6674 35
7618 6674 45
7618 6674 19
7618 6674 33
7618 9500 22
7618 9500 14
7618 9500 16
7618 9500 25
7618 9705 39
7618 9705 36
7618 9705 18
7618 9705 60
7618 9165 33
7618 9165 46
7618 9165 47
7618 9165 3
7618 6678 6
7618 6678 29
7618 6678 51
7618 6678 35
7618 6672 27
7618 6672 34
7618 6672 26
7618 6672 44
7618 6681 41
7618 6681 19
7618 6681 17
7618 6681 52
7618 6670 60
7618 6670 20
7618 6670 2
7618 6670 6
7618 6614 3
7618 6614 28
7618 6614 50
7618 6614 57
7618 6208 47
7618 6208 25
7618 6208 1
7618 6208 20
7618 9507 25
7618 9507 26
7618 9507 4
7618 9507 40
7618 6676 16
7618 6676 2
7618 6676 46
7618 6676 6
7618 9508 52
7618 9508 56
7618 9508 47
7618 9508 21
7618 9704 49
7618 9704 29
7618 9704 44
7618 9704 13
7618 6643 39
7618 6643 25
7618 6643 3
7618 6643 0
7618 6685 43
7618 6685 58
7618 6685 49
7618 6685 53
7618 6677 40
7618 6677 59
7618 6677 24
7618 6677 57
7618 6684 40
7618 6684 14
7618 6684 54
7618 6684 29
8042 9700 60
8042 9700 36
8042 9700 49
8042 9700 5
8042 6630 56
8042 6630 11
8042 6630 31
8042 6630 36
8042 9701 50
8042 9701 4
8042 9701 57
8042 9701 7
8042 9843 29
8042 9843 23
8042 9843 50
8042 9843 28
8042 6629 4
8042 6629 60
8042 6629 18
8042 6629 14
8042 6211 54
8042 6211 1
8042 6211 10
8042 6211 24
8042 6675 16
8042 6675 1
8042 6675 35
8042 6675 42
8042 9499 23
8042 9499 8
8042 9499 32
8042 9499 51
8042 9166 46
8042 9166 43
8042 9166 57
8042 9166 10
8042 6679 6
8042 6679 14
8042 6679 19
8042 6679 42
8042 6673 58
8042 6673 57
8042 6673 27
8042 6673 57
8042 6671 42
8042 6671 20
8042 6671 26
8042 6671 18
8042 6210 3
8042 6210 58
8042 6210 20
8042 6210 21
8042 6212 50
8042 6212 17
8042 6212 60
8042 6212 31
8042 6674 15
8042 6674 8
8042 6674 38
8042 6674 52
8042 9500 5
8042 9500 47
8042 9500 45
8042 9500 8
8042 9705 15
8042 9705 25
8042 9705 57
8042 9705 20
8042 9165 31
8042 9165 26
8042 9165 0
8042 9165 33
8042 6678 5
8042 6678 33
8042 6678 37
8042 6678 11
8042 6672 5
8042 6672 42
8042 6672 51
8042 6672 53
8042 6681 28
8042 6681 5
8042 6681 49
8042 6681 24
8042 6670 2
8042 6670 54
8042 6670 18
8042 6670 28
8042 6614 1
8042 6614 4
8042 6614 4
8042 6614 38
8042 6208 22
8042 6208 0
8042 6208 58
8042 6208 27
8042 9507 31
8042 9507 28
8042 9507 7
8042 9507 31
8042 6676 52
8042 6676 18
8042 6676 31
8042 6676 19
8042 9508 30
8042 9508 13
8042 9508 20
8042 9508 5
8042 9704 22
8042 9704 56
8042 9704 53
8042 9704 39
8042 6643 5
8042 6643 45
8042 6643 9
8042 6643 35
8042 6685 44
8042 6685 2
8042 6685 2
8042 6685 46
8042 6677 40
8042 6677 8
8042 6677 41
8042 6677 10
8042 6684 23
8042 6684 38
8042 6684 20
8042 6684 10
8056 9700 39
8056 9700 8
8056 9700 46
8056 9700 39
8056 6630 30
8056 6630 45
8056 6630 35
8056 6630 3
8056 9701 51
8056 9701 50
8056 9701 8
8056 9701 34
8056 9843 58
8056 9843 9
8056 9843 14
8056 9843 24
8056 6629 59
8056 6629 24
8056 6629 35
8056 6629 45
8056 6211 34
8056 6211 37
8056 6211 35
8056 6211 20
8056 6675 15
8056 6675 52
8056 6675 8
8056 6675 36
8056 9499 46
8056 9499 52
8056 9499 27
8056 9499 23
8056 9166 50
8056 9166 52
8056 9166 49
8056 9166 39
8056 6679 54
8056 6679 25
8056 6679 19
8056 6679 60
8056 6673 2
8056 6673 45
8056 6673 39
8056 6673 7
8056 6671 25
8056 6671 18
8056 6671 9
8056 6671 59
8056 6210 19
8056 6210 53
8056 6210 24
8056 6210 31
8056 6212 5
8056 6212 48
8056 6212 6
8056 6212 29
8056 6674 17
8056 6674 0
8056 6674 9
8056 6674 16
8056 9500 43
8056 9500 52
8056 9500 20
8056 9500 46
8056 9705 6
8056 9705 50
8056 9705 27
8056 9705 26
8056 9165 50
8056 9165 60
8056 9165 4
8056 9165 46
8056 6678 53
8056 6678 60
8056 6678 45
8056 6678 42
8056 6672 36
8056 6672 15
8056 6672 3
8056 6672 58
8056 6681 45
8056 6681 50
8056 6681 4
8056 6681 26
8056 6670 57
8056 6670 56
8056 6670 44
8056 6670 60
8056 6614 33
8056 6614 28
8056 6614 17
8056 6614 35
8056 6208 60
8056 6208 13
8056 6208 0
8056 6208 14
8056 9507 12
8056 9507 25
8056 9507 24
8056 9507 18
8056 6676 59
8056 6676 17
8056 6676 52
8056 6676 19
8056 9508 20
8056 9508 51
8056 9508 8
8056 9508 48
8056 9704 21
8056 9704 5
8056 9704 19
8056 9704 54
8056 6643 8
8056 6643 55
8056 6643 29
8056 6643 3
8056 6685 55
8056 6685 56
8056 6685 43
8056 6685 47
8056 6677 30
8056 6677 40
8056 6677 56
8056 6677 17
8056 6684 6
8056 6684 31
8056 6684 38
8056 6684 21
7615 9700 51
7615 9700 42
7615 9700 23
7615 9700 47
7615 6630 20
7615 6630 20
7615 6630 59
7615 6630 15
7615 9701 33
7615 9701 35
7615 9701 34
7615 9701 24
7615 9843 11
7615 9843 44
7615 9843 23
7615 9843 15
7615 6629 24
7615 6629 42
7615 6629 17
7615 6629 45
7615 6211 32
7615 6211 3
7615 6211 47
7615 6211 29
7615 6675 11
7615 6675 8
7615 6675 44
7615 6675 43
7615 9499 38
7615 9499 34
7615 9499 51
7615 9499 53
7615 9166 20
7615 9166 35
7615 9166 47
7615 9166 39
7615 6679 49
7615 6679 54
7615 6679 19
7615 6679 1
7615 6673 34
7615 6673 39
7615 6673 40
7615 6673 8
7615 6671 54
7615 6671 46
7615 6671 35
7615 6671 3
7615 6210 46
7615 6210 20
7615 6210 4
7615 6210 57
7615 6212 13
7615 6212 1
7615 6212 26
7615 6212 43
7615 6674 59
7615 6674 20
7615 6674 49
7615 6674 36
7615 9500 47
7615 9500 9
7615 9500 13
7615 9500 34
7615 9705 25
7615 9705 40
7615 9705 22
7615 9705 6
7615 9165 18
7615 9165 44
7615 9165 43
7615 9165 47
7615 6678 39
7615 6678 11
7615 6678 16
7615 6678 55
7615 6672 49
7615 6672 36
7615 6672 54
7615 6672 7
7615 6681 43
7615 6681 11
7615 6681 14
7615 6681 21
7615 6670 23
7615 6670 44
7615 6670 6
7615 6670 29
7615 6614 58
7615 6614 2
7615 6614 49
7615 6614 42
7615 6208 33
7615 6208 60
7615 6208 9
7615 6208 27
7615 9507 49
7615 9507 29
7615 9507 18
7615 9507 0
7615 6676 22
7615 6676 13
7615 6676 0
7615 6676 29
7615 9508 47
7615 9508 36
7615 9508 43
7615 9508 23
7615 9704 25
7615 9704 58
7615 9704 14
7615 9704 55
7615 6643 28
7615 6643 19
7615 6643 29
7615 6643 15
7615 6685 5
7615 6685 33
7615 6685 17
7615 6685 37
7615 6677 40
7615 6677 6
7615 6677 48
7615 6677 40
7615 6684 38
7615 6684 3
7615 6684 17
7615 6684 58
8048 9700 26
8048 9700 6
8048 9700 15
8048 9700 51
8048 6630 39
8048 6630 42
8048 6630 58
8048 6630 27
8048 9701 38
8048 9701 52
8048 9701 13
8048 9701 33
8048 9843 16
8048 9843 37
8048 9843 13
8048 9843 46
8048 6629 0
8048 6629 21
8048 6629 34
8048 6629 39
8048 6211 37
8048 6211 26
8048 6211 40
8048 6211 5
8048 6675 12
8048 6675 9
8048 6675 56
8048 6675 14
8048 9499 18
8048 9499 4
8048 9499 23
8048 9499 24
8048 9166 32
8048 9166 48
8048 9166 38
8048 9166 22
8048 6679 6
8048 6679 7
8048 6679 25
8048 6679 57
8048 6673 41
8048 6673 38
8048 6673 60
8048 6673 30
8048 6671 26
8048 6671 50
8048 6671 19
8048 6671 4
8048 6210 43
8048 6210 7
8048 6210 42
8048 6210 8
8048 6212 13
8048 6212 16
8048 6212 31
8048 6212 27
8048 6674 3
8048 6674 1
8048 6674 23
8048 6674 60
8048 9500 38
8048 9500 38
8048 9500 44
8048 9500 56
8048 9705 12
8048 9705 3
8048 9705 34
8048 9705 36
8048 9165 29
8048 9165 20
8048 9165 5
8048 9165 25
8048 6678 30
8048 6678 37
8048 6678 27
8048 6678 19
8048 6672 28
8048 6672 42
8048 6672 53
8048 6672 8
8048 6681 59
8048 6681 29
8048 6681 16
8048 6681 25
8048 6670 31
8048 6670 26
8048 6670 30
8048 6670 19
8048 6614 39
8048 6614 5
8048 6614 4
8048 6614 11
8048 6208 46
8048 6208 47
8048 6208 60
8048 6208 3
8048 9507 22
8048 9507 14
8048 9507 22
8048 9507 60
8048 6676 39
8048 6676 18
8048 6676 47
8048 6676 11
8048 9508 41
8048 9508 44
8048 9508 38
8048 9508 56
8048 9704 34
8048 9704 59
8048 9704 0
8048 9704 5
8048 6643 28
8048 6643 51
8048 6643 46
8048 6643 42
8048 6685 34
8048 6685 16
8048 6685 40
8048 6685 15
8048 6677 36
8048 6677 33
8048 6677 37
8048 6677 17
8048 6684 7
8048 6684 24
8048 6684 53
8048 6684 3
8057 9700 17
8057 9700 16
8057 9700 53
8057 9700 46
8057 6630 34
8057 6630 16
8057 6630 56
8057 6630 39
8057 9701 19
8057 9701 42
8057 9701 4
8057 9701 23
8057 9843 51
8057 9843 50
8057 9843 17
8057 9843 35
8057 6629 42
8057 6629 35
8057 6629 36
8057 6629 56
8057 6211 0
8057 6211 5
8057 6211 26
8057 6211 24
8057 6675 28
8057 6675 41
8057 6675 8
8057 6675 36
8057 9499 46
8057 9499 39
8057 9499 6
8057 9499 48
8057 9166 49
8057 9166 9
8057 9166 2
8057 9166 38
8057 6679 10
8057 6679 36
8057 6679 58
8057 6679 20
8057 6673 40
8057 6673 0
8057 6673 60
8057 6673 44
8057 6671 22
8057 6671 45
8057 6671 19
8057 6671 36
8057 6210 26
8057 6210 38
8057 6210 35
8057 6210 20
8057 6212 56
8057 6212 19
8057 6212 51
8057 6212 22
8057 6674 58
8057 6674 50
8057 6674 59
8057 6674 21
8057 9500 46
8057 9500 56
8057 9500 33
8057 9500 19
8057 9705 28
8057 9705 3
8057 9705 47
8057 9705 29
8057 9165 58
8057 9165 24
8057 9165 2
8057 9165 52
8057 6678 20
8057 6678 13
8057 6678 22
8057 6678 59
8057 6672 14
8057 6672 12
8057 6672 33
8057 6672 34
8057 6681 23
8057 6681 2
8057 6681 19
8057 6681 13
8057 6670 27
8057 6670 47
8057 6670 16
8057 6670 9
8057 6614 36
8057 6614 58
8057 6614 57
8057 6614 41
8057 6208 41
8057 6208 49
8057 6208 28
8057 6208 42
8057 9507 51
8057 9507 28
8057 9507 7
8057 9507 45
8057 6676 43
8057 6676 59
8057 6676 37
8057 6676 56
8057 9508 4
8057 9508 14
8057 9508 36
8057 9508 5
8057 9704 13
8057 9704 49
8057 9704 40
8057 9704 45
8057 6643 15
8057 6643 14
8057 6643 60
8057 6643 34
8057 6685 36
8057 6685 17
8057 6685 11
8057 6685 44
8057 6677 29
8057 6677 51
8057 6677 10
8057 6677 16
8057 6684 10
8057 6684 47
8057 6684 15
8057 6684 39
7603 9700 21
7603 9700 2
7603 9700 54
7603 9700 29
7603 6630 32
7603 6630 31
7603 6630 57
7603 6630 47
7603 9701 38
7603 9701 45
7603 9701 51
7603 9701 43
7603 9843 8
7603 9843 36
7603 9843 45
7603 9843 48
7603 6629 50
7603 6629 24
7603 6629 46
7603 6629 19
7603 6211 50
7603 6211 53
7603 6211 18
7603 6211 7
7603 6675 57
7603 6675 33
7603 6675 7
7603 6675 50
7603 9499 3
7603 9499 57
7603 9499 58
7603 9499 1
7603 9166 10
7603 9166 23
7603 9166 31
7603 9166 16
7603 6679 28
7603 6679 12
7603 6679 19
7603 6679 49
7603 6673 51
7603 6673 29
7603 6673 48
7603 6673 13
7603 6671 34
7603 6671 50
7603 6671 12
7603 6671 19
7603 6210 19
7603 6210 5
7603 6210 60
7603 6210 57
7603 6212 28
7603 6212 43
7603 6212 46
7603 6212 53
7603 6674 20
7603 6674 35
7603 6674 17
7603 6674 16
7603 9500 38
7603 9500 3
7603 9500 10
7603 9500 18
7603 9705 44
7603 9705 20
7603 9705 1
7603 9705 39
7603 9165 9
7603 9165 31
7603 9165 23
7603 9165 15
7603 6678 20
7603 6678 28
7603 6678 16
7603 6678 13
7603 6672 43
7603 6672 17
7603 6672 17
7603 6672 25
7603 6681 54
7603 6681 14
7603 6681 9
7603 6681 43
7603 6670 31
7603 6670 16
7603 6670 48
7603 6670 15
7603 6614 11
7603 6614 47
7603 6614 39
7603 6614 34
7603 6208 26
7603 6208 37
7603 6208 58
7603 6208 44
7603 9507 51
7603 9507 45
7603 9507 10
7603 9507 38
7603 6676 47
7603 6676 45
7603 6676 8
7603 6676 10
7603 9508 24
7603 9508 58
7603 9508 38
7603 9508 48
7603 9704 22
7603 9704 49
7603 9704 18
7603 9704 57
7603 6643 44
7603 6643 34
7603 6643 8
7603 6643 47
7603 6685 14
7603 6685 50
7603 6685 15
7603 6685 13
7603 6677 57
7603 6677 5
7603 6677 16
7603 6677 58
7603 6684 20
7603 6684 52
7603 6684 6
7603 6684 58
7619 9700 41
7619 9700 40
7619 9700 15
7619 9700 42
7619 6630 6
7619 6630 49
7619 6630 25
7619 6630 35
7619 9701 44
7619 9701 25
7619 9701 39
7619 9701 21
7619 9843 54
7619 9843 38
7619 9843 37
7619 9843 26
7619 6629 56
7619 6629 55
7619 6629 59
7619 6629 21
7619 6211 0
7619 6211 0
7619 6211 39
7619 6211 26
7619 6675 8
7619 6675 22
7619 6675 14
7619 6675 24
7619 9499 24
7619 9499 42
7619 9499 49
7619 9499 40
7619 9166 46
7619 9166 1
7619 9166 12
7619 9166 19
7619 6679 20
7619 6679 52
7619 6679 18
7619 6679 46
7619 6673 2
7619 6673 25
7619 6673 12
7619 6673 35
7619 6671 41
7619 6671 34
7619 6671 13
7619 6671 24
7619 6210 12
7619 6210 58
7619 6210 6
7619 6210 46
7619 6212 54
7619 6212 34
7619 6212 46
7619 6212 40
7619 6674 5
7619 6674 58
7619 6674 5
7619 6674 39
7619 9500 41
7619 9500 31
7619 9500 22
7619 9500 14
7619 9705 25
7619 9705 16
7619 9705 43
7619 9705 25
7619 9165 33
7619 9165 49
7619 9165 26
7619 9165 39
7619 6678 0
7619 6678 29
7619 6678 10
7619 6678 50
7619 6672 49
7619 6672 20
7619 6672 26
7619 6672 42
7619 6681 41
7619 6681 7
7619 6681 21
7619 6681 32
7619 6670 53
7619 6670 35
7619 6670 25
7619 6670 10
7619 6614 4
7619 6614 12
7619 6614 44
7619 6614 54
7619 6208 22
7619 6208 48
7619 6208 46
7619 6208 48
7619 9507 14
7619 9507 57
7619 9507 14
7619 9507 59
7619 6676 25
7619 6676 40
7619 6676 25
7619 6676 0
7619 9508 2
7619 9508 37
7619 9508 29
7619 9508 32
7619 9704 58
7619 9704 60
7619 9704 19
7619 9704 45
7619 6643 6
7619 6643 59
7619 6643 28
7619 6643 16
7619 6685 45
7619 6685 51
7619 6685 41
7619 6685 10
7619 6677 38
7619 6677 10
7619 6677 29
7619 6677 28
7619 6684 6
7619 6684 15
7619 6684 17
7619 6684 43
8041 9700 34
8041 9700 39
8041 9700 51
8041 9700 15
8041 6630 3
8041 6630 36
8041 6630 41
8041 6630 18
8041 9701 5
8041 9701 17
8041 9701 3
8041 9701 53
8041 9843 33
8041 9843 8
8041 9843 20
8041 9843 42
8041 6629 19
8041 6629 49
8041 6629 4
8041 6629 42
8041 6211 41
8041 6211 3
8041 6211 32
8041 6211 49
8041 6675 54
8041 6675 13
8041 6675 45
8041 6675 31
8041 9499 20
8041 9499 50
8041 9499 32
8041 9499 31
8041 9166 17
8041 9166 18
8041 9166 10
8041 9166 31
8041 6679 12
8041 6679 52
8041 6679 51
8041 6679 17
8041 6673 20
8041 6673 38
8041 6673 19
8041 6673 34
8041 6671 8
8041 6671 24
8041 6671 32
8041 6671 52
8041 6210 54
8041 6210 0
8041 6210 24
8041 6210 30
8041 6212 34
8041 6212 49
8041 6212 27
8041 6212 12
8041 6674 44
8041 6674 42
8041 6674 43
8041 6674 23
8041 9500 28
8041 9500 54
8041 9500 19
8041 9500 16
8041 9705 16
8041 9705 28
8041 9705 58
8041 9705 21
8041 9165 42
8041 9165 3
8041 9165 44
8041 9165 15
8041 6678 14
8041 6678 5
8041 6678 5
8041 6678 43
8041 6672 30
8041 6672 49
8041 6672 52
8041 6672 32
8041 6681 12
8041 6681 4
8041 6681 57
8041 6681 56
8041 6670 11
8041 6670 6
8041 6670 60
8041 6670 27
8041 6614 16
8041 6614 9
8041 6614 27
8041 6614 42
8041 6208 5
8041 6208 59
8041 6208 19
8041 6208 11
8041 9507 55
8041 9507 39
8041 9507 52
8041 9507 42
8041 6676 38
8041 6676 51
8041 6676 10
8041 6676 60
8041 9508 34
8041 9508 15
8041 9508 54
8041 9508 54
8041 9704 29
8041 9704 0
8041 9704 28
8041 9704 46
8041 6643 31
8041 6643 59
8041 6643 45
8041 6643 22
8041 6685 40
8041 6685 60
8041 6685 15
8041 6685 60
8041 6677 10
8041 6677 12
8041 6677 11
8041 6677 36
8041 6684 35
8041 6684 40
8041 6684 12
8041 6684 57
8055 9700 34
8055 9700 44
8055 9700 59
8055 9700 13
8055 6630 3
8055 6630 7
8055 6630 14
8055 6630 41
8055 9701 27
8055 9701 10
8055 9701 40
8055 9701 38
8055 9843 16
8055 9843 50
8055 9843 60
8055 9843 2
8055 6629 35
8055 6629 5
8055 6629 53
8055 6629 42
8055 6211 59
8055 6211 36
8055 6211 7
8055 6211 59
8055 6675 29
8055 6675 35
8055 6675 47
8055 6675 19
8055 9499 4
8055 9499 3
8055 9499 8
8055 9499 5
8055 9166 36
8055 9166 46
8055 9166 54
8055 9166 30
8055 6679 47
8055 6679 15
8055 6679 47
8055 6679 42
8055 6673 57
8055 6673 0
8055 6673 54
8055 6673 26
8055 6671 26
8055 6671 24
8055 6671 35
8055 6671 10
8055 6210 21
8055 6210 11
8055 6210 3
8055 6210 24
8055 6212 7
8055 6212 0
8055 6212 54
8055 6212 52
8055 6674 60
8055 6674 4
8055 6674 6
8055 6674 5
8055 9500 26
8055 9500 57
8055 9500 16
8055 9500 1
8055 9705 9
8055 9705 12
8055 9705 14
8055 9705 6
8055 9165 3
8055 9165 43
8055 9165 23
8055 9165 6
8055 6678 7
8055 6678 42
8055 6678 54
8055 6678 52
8055 6672 42
8055 6672 47
8055 6672 28
8055 6672 30
8055 6681 55
8055 6681 2
8055 6681 44
8055 6681 15
8055 6670 3
8055 6670 48
8055 6670 10
8055 6670 37
8055 6614 8
8055 6614 23
8055 6614 39
8055 6614 46
8055 6208 29
8055 6208 13
8055 6208 50
8055 6208 29
8055 9507 19
8055 9507 56
8055 9507 19
8055 9507 40
8055 6676 1
8055 6676 12
8055 6676 48
8055 6676 12
8055 9508 42
8055 9508 31
8055 9508 41
8055 9508 60
8055 9704 6
8055 9704 46
8055 9704 44
8055 9704 34
8055 6643 5
8055 6643 43
8055 6643 23
8055 6643 33
8055 6685 51
8055 6685 29
8055 6685 34
8055 6685 36
8055 6677 51
8055 6677 49
8055 6677 21
8055 6677 60
8055 6684 57
8055 6684 55
8055 6684 37
8055 6684 48
7614 9700 41
7614 9700 0
7614 9700 44
7614 9700 12
7614 6630 60
7614 6630 1
7614 6630 47
7614 6630 52
7614 9701 23
7614 9701 8
7614 9701 5
7614 9701 20
7614 9843 12
7614 9843 11
7614 9843 37
7614 9843 24
7614 6629 29
7614 6629 12
7614 6629 50
7614 6629 32
7614 6211 35
7614 6211 52
7614 6211 29
7614 6211 60
7614 6675 6
7614 6675 45
7614 6675 54
7614 6675 0
7614 9499 14
7614 9499 32
7614 9499 36
7614 9499 25
7614 9166 36
7614 9166 35
7614 9166 42
7614 9166 17
7614 6679 10
7614 6679 21
7614 6679 27
7614 6679 44
7614 6673 6
7614 6673 49
7614 6673 12
7614 6673 5
7614 6671 5
7614 6671 44
7614 6671 34
7614 6671 41
7614 6210 51
7614 6210 54
7614 6210 27
7614 6210 36
7614 6212 16
7614 6212 45
7614 6212 53
7614 6212 13
7614 6674 47
7614 6674 20
7614 6674 60
7614 6674 34
7614 9500 7
7614 9500 44
7614 9500 24
7614 9500 58
7614 9705 6
7614 9705 52
7614 9705 3
7614 9705 6
7614 9165 22
7614 9165 55
7614 9165 45
7614 9165 4
7614 6678 36
7614 6678 50
7614 6678 17
7614 6678 27
7614 6672 58
7614 6672 2
7614 6672 24
7614 6672 30
7614 6681 58
7614 6681 57
7614 6681 50
7614 6681 45
7614 6670 41
7614 6670 7
7614 6670 43
7614 6670 27
7614 6614 22
7614 6614 31
7614 6614 30
7614 6614 44
7614 6208 56
7614 6208 51
7614 6208 47
7614 6208 40
7614 9507 42
7614 9507 24
7614 9507 58
7614 9507 13
7614 6676 56
7614 6676 26
7614 6676 0
7614 6676 57
7614 9508 12
7614 9508 42
7614 9508 6
7614 9508 53
7614 9704 39
7614 9704 57
7614 9704 8
7614 9704 24
7614 6643 3
7614 6643 39
7614 6643 25
7614 6643 60
7614 6685 10
7614 6685 57
7614 6685 9
7614 6685 4
7614 6677 12
7614 6677 54
7614 6677 27
7614 6677 31
7614 6684 48
7614 6684 40
7614 6684 26
7614 6684 14
7604 9700 18
7604 9700 42
7604 9700 8
7604 9700 4
7604 6630 34
7604 6630 22
7604 6630 2
7604 6630 17
7604 9701 28
7604 9701 5
7604 9701 18
7604 9701 58
7604 9843 36
7604 9843 8
7604 9843 41
7604 9843 6
7604 6629 57
7604 6629 40
7604 6629 58
7604 6629 36
7604 6211 41
7604 6211 55
7604 6211 2
7604 6211 37
7604 6675 10
7604 6675 47
7604 6675 18
7604 6675 6
7604 9499 30
7604 9499 44
7604 9499 23
7604 9499 58
7604 9166 36
7604 9166 2
7604 9166 45
7604 9166 22
7604 6679 18
7604 6679 16
7604 6679 40
7604 6679 44
7604 6673 32
7604 6673 49
7604 6673 52
7604 6673 52
7604 6671 43
7604 6671 35
7604 6671 43
7604 6671 34
7604 6210 58
7604 6210 3
7604 6210 51
7604 6210 3
7604 6212 34
7604 6212 10
7604 6212 31
7604 6212 24
7604 6674 5
7604 6674 33
7604 6674 47
7604 6674 1
7604 9500 42
7604 9500 56
7604 9500 12
7604 9500 2
7604 9705 24
7604 9705 4
7604 9705 55
7604 9705 38
7604 9165 45
7604 9165 51
7604 9165 27
7604 9165 39
7604 6678 16
7604 6678 58
7604 6678 46
7604 6678 18
7604 6672 52
7604 6672 19
7604 6672 30
7604 6672 55
7604 6681 39
7604 6681 9
7604 6681 28
7604 6681 52
7604 6670 32
7604 6670 34
7604 6670 11
7604 6670 43
7604 6614 32
7604 6614 34
7604 6614 20
7604 6614 40
7604 6208 22
7604 6208 25
7604 6208 42
7604 6208 8
7604 9507 13
7604 9507 38
7604 9507 42
7604 9507 46
7604 6676 29
7604 6676 34
7604 6676 20
7604 6676 49
7604 9508 54
7604 9508 8
7604 9508 52
7604 9508 53
7604 9704 48
7604 9704 33
7604 9704 15
7604 9704 42
7604 6643 52
7604 6643 2
7604 6643 54
7604 6643 35
7604 6685 15
7604 6685 46
7604 6685 23
7604 6685 30
7604 6677 11
7604 6677 52
7604 6677 43
7604 6677 27
7604 6684 56
7604 6684 44
7604 6684 10
7604 6684 41
7542 9700 45
7542 9700 5
7542 9700 52
7542 9700 40
7542 6630 54
7542 6630 40
7542 6630 21
7542 6630 18
7542 9701 3
7542 9701 34
7542 9701 0
7542 9701 29
7542 9843 36
7542 9843 20
7542 9843 16
7542 9843 11
7542 6629 56
7542 6629 33
7542 6629 46
7542 6629 41
7542 6211 36
7542 6211 48
7542 6211 15
7542 6211 4
7542 6675 53
7542 6675 16
7542 6675 22
7542 6675 8
7542 9499 47
7542 9499 14
7542 9499 25
7542 9499 55
7542 9166 0
7542 9166 43
7542 9166 13
7542 9166 0
7542 6679 27
7542 6679 13
7542 6679 59
7542 6679 47
7542 6673 11
7542 6673 19
7542 6673 22
7542 6673 52
7542 6671 53
7542 6671 31
7542 6671 7
7542 6671 34
7542 6210 31
7542 6210 29
7542 6210 31
7542 6210 37
7542 6212 24
7542 6212 44
7542 6212 38
7542 6212 14
7542 6674 4
7542 6674 29
7542 6674 58
7542 6674 1
7542 9500 19
7542 9500 22
7542 9500 26
7542 9500 60
7542 9705 29
7542 9705 5
7542 9705 21
7542 9705 6
7542 9165 4
7542 9165 20
7542 9165 17
7542 9165 59
7542 6678 53
7542 6678 49
7542 6678 45
7542 6678 34
7542 6672 57
7542 6672 17
7542 6672 37
7542 6672 12
7542 6681 7
7542 6681 54
7542 6681 7
7542 6681 41
7542 6670 27
7542 6670 49
7542 6670 23
7542 6670 53
7542 6614 1
7542 6614 12
7542 6614 16
7542 6614 45
7542 6208 35
7542 6208 6
7542 6208 9
7542 6208 38
7542 9507 43
7542 9507 22
7542 9507 42
7542 9507 9
7542 6676 45
7542 6676 32
7542 6676 22
7542 6676 0
7542 9508 15
7542 9508 26
7542 9508 28
7542 9508 45
7542 9704 28
7542 9704 35
7542 9704 1
7542 9704 45
7542 6643 32
7542 6643 51
7542 6643 45
7542 6643 48
7542 6685 22
7542 6685 45
7542 6685 11
7542 6685 11
7542 6677 52
7542 6677 41
7542 6677 50
7542 6677 49
7542 6684 11
7542 6684 53
7542 6684 43
7542 6684 25
8058 9700 35
8058 9700 29
8058 9700 57
8058 9700 10
8058 6630 34
8058 6630 13
8058 6630 11
8058 6630 53
8058 9701 25
8058 9701 26
8058 9701 15
8058 9701 2
8058 9843 27
8058 9843 37
8058 9843 36
8058 9843 18
8058 6629 57
8058 6629 23
8058 6629 10
8058 6629 13
8058 6211 37
8058 6211 45
8058 6211 46
8058 6211 52
8058 6675 59
8058 6675 35
8058 6675 43
8058 6675 33
8058 9499 5
8058 9499 43
8058 9499 28
8058 9499 56
8058 9166 39
8058 9166 26
8058 9166 40
8058 9166 13
8058 6679 28
8058 6679 8
8058 6679 27
8058 6679 21
8058 6673 45
8058 6673 21
8058 6673 16
8058 6673 33
8058 6671 16
8058 6671 8
8058 6671 10
8058 6671 40
8058 6210 6
8058 6210 52
8058 6210 25
8058 6210 45
8058 6212 42
8058 6212 35
8058 6212 17
8058 6212 37
8058 6674 2
8058 6674 31
8058 6674 36
8058 6674 53
8058 9500 18
8058 9500 19
8058 9500 7
8058 9500 32
8058 9705 20
8058 9705 14
8058 9705 6
8058 9705 19
8058 9165 28
8058 9165 23
8058 9165 0
8058 9165 11
8058 6678 0
8058 6678 30
8058 6678 16
8058 6678 5
8058 6672 53
8058 6672 54
8058 6672 52
8058 6672 30
8058 6681 52
8058 6681 19
8058 6681 52
8058 6681 37
8058 6670 29
8058 6670 42
8058 6670 5
8058 6670 12
8058 6614 31
8058 6614 3
8058 6614 8
8058 6614 10
8058 6208 16
8058 6208 26
8058 6208 16
8058 6208 41
8058 9507 8
8058 9507 41
8058 9507 35
8058 9507 11
8058 6676 45
8058 6676 13
8058 6676 34
8058 6676 24
8058 9508 14
8058 9508 20
8058 9508 50
8058 9508 40
8058 9704 37
8058 9704 8
8058 9704 43
8058 9704 42
8058 6643 31
8058 6643 25
8058 6643 27
8058 6643 26
8058 6685 5
8058 6685 45
8058 6685 11
8058 6685 22
8058 6677 5
8058 6677 54
8058 6677 3
8058 6677 60
8058 6684 34
8058 6684 3
8058 6684 2
8058 6684 12
8059 9700 20
8059 9700 27
8059 9700 59
8059 9700 24
8059 6630 15
8059 6630 20
8059 6630 24
8059 6630 31
8059 9701 15
8059 9701 60
8059 9701 40
8059 9701 14
8059 9843 19
8059 9843 0
8059 9843 26
8059 9843 5
8059 6629 11
8059 6629 7
8059 6629 21
8059 6629 56
8059 6211 30
8059 6211 3
8059 6211 0
8059 6211 49
8059 6675 32
8059 6675 5
8059 6675 22
8059 6675 8
8059 9499 30
8059 9499 47
8059 9499 51
8059 9499 44
8059 9166 8
8059 9166 43
8059 9166 36
8059 9166 17
8059 6679 23
8059 6679 41
8059 6679 41
8059 6679 51
8059 6673 39
8059 6673 45
8059 6673 17
8059 6673 37
8059 6671 35
8059 6671 10
8059 6671 7
8059 6671 29
8059 6210 41
8059 6210 50
8059 6210 41
8059 6210 40
8059 6212 2
8059 6212 46
8059 6212 46
8059 6212 47
8059 6674 11
8059 6674 27
8059 6674 60
8059 6674 59
8059 9500 3
8059 9500 19
8059 9500 31
8059 9500 44
8059 9705 15
8059 9705 7
8059 9705 2
8059 9705 30
8059 9165 18
8059 9165 7
8059 9165 5
8059 9165 40
8059 6678 41
8059 6678 48
8059 6678 34
8059 6678 59
8059 6672 27
8059 6672 35
8059 6672 52
8059 6672 32
8059 6681 46
8059 6681 35
8059 6681 7
8059 6681 59
8059 6670 24
8059 6670 0
8059 6670 10
8059 6670 53
8059 6614 5
8059 6614 21
8059 6614 50
8059 6614 19
8059 6208 60
8059 6208 50
8059 6208 13
8059 6208 4
8059 9507 7
8059 9507 28
8059 9507 51
8059 9507 57
8059 6676 50
8059 6676 8
8059 6676 43
8059 6676 32
8059 9508 7
8059 9508 58
8059 9508 47
8059 9508 3
8059 9704 37
8059 9704 16
8059 9704 41
8059 9704 3
8059 6643 48
8059 6643 36
8059 6643 35
8059 6643 38
8059 6685 2
8059 6685 6
8059 6685 32
8059 6685 29
8059 6677 51
8059 6677 5
8059 6677 12
8059 6677 50
8059 6684 34
8059 6684 19
8059 6684 23
8059 6684 14
7602 9700 40
7602 9700 47
7602 9700 7
7602 9700 44
7602 6630 27
7602 6630 21
7602 6630 51
7602 6630 16
7602 9701 8
7602 9701 4
7602 9701 34
7602 9701 9
7602 9843 41
7602 9843 11
7602 9843 27
7602 9843 25
7602 6629 37
7602 6629 29
7602 6629 60
7602 6629 60
7602 6211 38
7602 6211 29
7602 6211 5
7602 6211 25
7602 6675 57
7602 6675 24
7602 6675 40
7602 6675 5
7602 9499 7
7602 9499 28
7602 9499 34
7602 9499 12
7602 9166 9
7602 9166 22
7602 9166 41
7602 9166 53
7602 6679 28
7602 6679 45
7602 6679 21
7602 6679 14
7602 6673 51
7602 6673 51
7602 6673 43
7602 6673 28
7602 6671 36
7602 6671 2
7602 6671 40
7602 6671 52
7602 6210 57
7602 6210 13
7602 6210 41
7602 6210 12
7602 6212 25
7602 6212 25
7602 6212 23
7602 6212 17
7602 6674 22
7602 6674 42
7602 6674 34
7602 6674 31
7602 9500 37
7602 9500 1
7602 9500 14
7602 9500 25
7602 9705 40
7602 9705 56
7602 9705 60
7602 9705 23
7602 9165 16
7602 9165 28
7602 9165 0
7602 9165 60
7602 6678 27
7602 6678 34
7602 6678 22
7602 6678 15
7602 6672 26
7602 6672 20
7602 6672 54
7602 6672 17
7602 6681 54
7602 6681 6
7602 6681 58
7602 6681 37
7602 6670 9
7602 6670 28
7602 6670 44
7602 6670 44
7602 6614 16
7602 6614 12
7602 6614 47
7602 6614 57
7602 6208 12
7602 6208 4
7602 6208 40
7602 6208 10
7602 9507 59
7602 9507 31
7602 9507 6
7602 9507 25
7602 6676 5
7602 6676 45
7602 6676 16
7602 6676 30
7602 9508 23
7602 9508 23
7602 9508 14
7602 9508 9
7602 9704 47
7602 9704 32
7602 9704 0
7602 9704 43
7602 6643 10
7602 6643 59
7602 6643 43
7602 6643 20
7602 6685 30
7602 6685 59
7602 6685 29
7602 6685 10
7602 6677 7
7602 6677 35
7602 6677 56
7602 6677 57
7602 6684 16
7602 6684 18
7602 6684 3
7602 6684 26
7601 9700 43
7601 9700 47
7601 9700 60
7601 9700 12
7601 6630 44
7601 6630 30
7601 6630 2
7601 6630 44
7601 9701 38
7601 9701 18
7601 9701 11
7601 9701 27
7601 9843 17
7601 9843 53
7601 9843 55
7601 9843 42
7601 6629 17
7601 6629 54
7601 6629 53
7601 6629 2
7601 6211 13
7601 6211 25
7601 6211 7
7601 6211 8
7601 6675 16
7601 6675 35
7601 6675 48
7601 6675 12
7601 9499 36
7601 9499 26
7601 9499 34
7601 9499 30
7601 9166 21
7601 9166 26
7601 9166 7
7601 9166 9
7601 6679 30
7601 6679 41
7601 6679 37
7601 6679 19
7601 6673 5
7601 6673 31
7601 6673 36
7601 6673 18
7601 6671 52
7601 6671 46
7601 6671 52
7601 6671 42
7601 6210 47
7601 6210 25
7601 6210 30
7601 6210 53
7601 6212 3
7601 6212 34
7601 6212 10
7601 6212 23
7601 6674 59
7601 6674 0
7601 6674 37
7601 6674 22
7601 9500 29
7601 9500 23
7601 9500 3
7601 9500 52
7601 9705 37
7601 9705 16
7601 9705 40
7601 9705 54
7601 9165 35
7601 9165 12
7601 9165 55
7601 9165 5
7601 6678 12
7601 6678 24
7601 6678 56
7601 6678 60
7601 6672 37
7601 6672 17
7601 6672 34
7601 6672 47
7601 6681 34
7601 6681 15
7601 6681 12
7601 6681 49
7601 6670 35
7601 6670 54
7601 6670 40
7601 6670 10
7601 6614 36
7601 6614 18
7601 6614 54
7601 6614 21
7601 6208 47
7601 6208 1
7601 6208 20
7601 6208 33
7601 9507 38
7601 9507 32
7601 9507 19
7601 9507 12
7601 6676 56
7601 6676 19
7601 6676 32
7601 6676 19
7601 9508 6
7601 9508 45
7601 9508 33
7601 9508 53
7601 9704 8
7601 9704 6
7601 9704 39
7601 9704 38
7601 6643 38
7601 6643 28
7601 6643 40
7601 6643 4
7601 6685 58
7601 6685 1
7601 6685 52
7601 6685 45
7601 6677 51
7601 6677 35
7601 6677 9
7601 6677 39
7601 6684 19
7601 6684 54
7601 6684 43
7601 6684 22
8039 9700 0
8039 9700 53
8039 9700 55
8039 9700 45
8039 6630 32
8039 6630 39
8039 6630 12
8039 6630 25
8039 9701 5
8039 9701 8
8039 9701 59
8039 9701 47
8039 9843 44
8039 9843 13
8039 9843 53
8039 9843 26
8039 6629 16
8039 6629 14
8039 6629 30
8039 6629 44
8039 6211 39
8039 6211 29
8039 6211 49
8039 6211 20
8039 6675 44
8039 6675 1
8039 6675 42
8039 6675 54
8039 9499 22
8039 9499 26
8039 9499 10
8039 9499 38
8039 9166 33
8039 9166 6
8039 9166 8
8039 9166 34
8039 6679 60
8039 6679 57
8039 6679 57
8039 6679 11
8039 6673 15
8039 6673 15
8039 6673 4
8039 6673 6
8039 6671 21
8039 6671 49
8039 6671 1
8039 6671 26
8039 6210 41
8039 6210 48
8039 6210 50
8039 6210 48
8039 6212 16
8039 6212 29
8039 6212 50
8039 6212 36
8039 6674 28
8039 6674 18
8039 6674 42
8039 6674 35
8039 9500 50
8039 9500 39
8039 9500 59
8039 9500 23
8039 9705 45
8039 9705 40
8039 9705 44
8039 9705 17
8039 9165 13
8039 9165 6
8039 9165 30
8039 9165 54
8039 6678 46
8039 6678 30
8039 6678 29
8039 6678 18
8039 6672 54
8039 6672 20
8039 6672 29
8039 6672 28
8039 6681 9
8039 6681 25
8039 6681 1
8039 6681 37
8039 6670 35
8039 6670 53
8039 6670 47
8039 6670 20
8039 6614 14
8039 6614 47
8039 6614 11
8039 6614 58
8039 6208 49
8039 6208 13
8039 6208 42
8039 6208 58
8039 9507 39
8039 9507 8
8039 9507 52
8039 9507 21
8039 6676 55
8039 6676 58
8039 6676 19
8039 6676 43
8039 9508 28
8039 9508 39
8039 9508 58
8039 9508 39
8039 9704 13
8039 9704 12
8039 9704 1
8039 9704 33
8039 6643 31
8039 6643 42
8039 6643 49
8039 6643 34
8039 6685 5
8039 6685 36
8039 6685 2
8039 6685 30
8039 6677 24
8039 6677 7
8039 6677 7
8039 6677 23
8039 6684 44
8039 6684 15
8039 6684 25
8039 6684 31
8038 9700 17
8038 9700 21
8038 9700 7
8038 9700 22
8038 6630 26
8038 6630 25
8038 6630 58
8038 6630 12
8038 9701 2
8038 9701 50
8038 9701 29
8038 9701 22
8038 9843 8
8038 9843 45
8038 9843 55
8038 9843 60
8038 6629 39
8038 6629 1
8038 6629 55
8038 6629 20
8038 6211 25
8038 6211 44
8038 6211 54
8038 6211 26
8038 6675 57
8038 6675 27
8038 6675 3
8038 6675 22
8038 9499 3
8038 9499 37
8038 9499 24
8038 9499 7
8038 9166 35
8038 9166 36
8038 9166 22
8038 9166 11
8038 6679 1
8038 6679 26
8038 6679 29
8038 6679 4
8038 6673 14
8038 6673 29
8038 6673 45
8038 6673 55
8038 6671 20
8038 6671 24
8038 6671 6
8038 6671 12
8038 6210 20
8038 6210 32
8038 6210 2
8038 6210 28
8038 6212 3
8038 6212 34
8038 6212 3
8038 6212 8
8038 6674 7
8038 6674 11
8038 6674 33
8038 6674 23
8038 9500 6
8038 9500 3
8038 9500 58
8038 9500 16
8038 9705 51
8038 9705 18
8038 9705 0
8038 9705 16
8038 9165 53
8038 9165 35
8038 9165 43
8038 9165 23
8038 6678 57
8038 6678 10
8038 6678 19
8038 6678 19
8038 6672 60
8038 6672 29
8038 6672 30
8038 6672 5
8038 6681 50
8038 6681 31
8038 6681 30
8038 6681 6
8038 6670 20
8038 6670 17
8038 6670 41
8038 6670 33
8038 6614 46
8038 6614 50
8038 6614 56
8038 6614 24
8038 6208 25
8038 6208 34
8038 6208 24
8038 6208 43
8038 9507 15
8038 9507 13
8038 9507 52
8038 9507 35
8038 6676 30
8038 6676 37
8038 6676 41
8038 6676 23
8038 9508 56
8038 9508 27
8038 9508 22
8038 9508 27
8038 9704 33
8038 9704 3
8038 9704 37
8038 9704 41
8038 6643 36
8038 6643 19
8038 6643 24
8038 6643 50
8038 6685 30
8038 6685 40
8038 6685 26
8038 6685 29
8038 6677 59
8038 6677 36
8038 6677 33
8038 6677 54
8038 6684 14
8038 6684 20
8038 6684 47
8038 6684 21
8045 9700 52
8045 9700 7
8045 9700 11
8045 9700 0
8045 6630 30
8045 6630 29
8045 6630 8
8045 6630 26
8045 9701 44
8045 9701 38
8045 9701 23
8045 9701 23
8045 9843 8
8045 9843 22
8045 9843 7
8045 9843 19
8045 6629 27
8045 6629 32
8045 6629 12
8045 6629 3
8045 6211 59
8045 6211 0
8045 6211 37
8045 6211 57
8045 6675 36
8045 6675 31
8045 6675 11
8045 6675 20
8045 9499 8
8045 9499 38
8045 9499 17
8045 9499 27
8045 9166 60
8045 9166 38
8045 9166 29
8045 9166 33
8045 6679 20
8045 6679 10
8045 6679 13
8045 6679 28
8045 6673 49
8045 6673 55
8045 6673 11
8045 6673 31
8045 6671 9
8045 6671 14
8045 6671 38
8045 6671 48
8045 6210 1
8045 6210 7
8045 6210 37
8045 6210 54
8045 6212 35
8045 6212 25
8045 6212 40
8045 6212 3
8045 6674 2
8045 6674 10
8045 6674 22
8045 6674 40
8045 9500 17
8045 9500 8
8045 9500 14
8045 9500 7
8045 9705 26
8045 9705 25
8045 9705 43
8045 9705 29
8045 9165 24
8045 9165 13
8045 9165 2
8045 9165 43
8045 6678 42
8045 6678 57
8045 6678 51
8045 6678 58
8045 6672 28
8045 6672 22
8045 6672 48
8045 6672 39
8045 6681 38
8045 6681 51
8045 6681 25
8045 6681 6
8045 6670 47
8045 6670 49
8045 6670 33
8045 6670 0
8045 6614 38
8045 6614 0
8045 6614 42
8045 6614 57
8045 6208 4
8045 6208 48
8045 6208 45
8045 6208 34
8045 9507 11
8045 9507 38
8045 9507 37
8045 9507 55
8045 6676 5
8045 6676 21
8045 6676 8
8045 6676 50
8045 9508 54
8045 9508 33
8045 9508 52
8045 9508 15
8045 9704 43
8045 9704 40
8045 9704 23
8045 9704 39
8045 6643 59
8045 6643 34
8045 6643 32
8045 6643 41
8045 6685 2
8045 6685 3
8045 6685 51
8045 6685 34
8045 6677 6
8045 6677 41
8045 6677 16
8045 6677 60
8045 6684 23
8045 6684 8
8045 6684 50
8045 6684 26
7607 9700 55
7607 9700 39
7607 9700 44
7607 9700 8
7607 6630 27
7607 6630 10
7607 6630 58
7607 6630 20
7607 9701 17
7607 9701 9
7607 9701 7
7607 9701 7
7607 9843 32
7607 9843 6
7607 9843 9
7607 9843 56
7607 6629 16
7607 6629 42
7607 6629 21
7607 6629 49
7607 6211 50
7607 6211 33
7607 6211 25
7607 6211 49
7607 6675 53
7607 6675 36
7607 6675 12
7607 6675 38
7607 9499 20
7607 9499 13
7607 9499 16
7607 9499 7
7607 9166 5
7607 9166 12
7607 9166 31
7607 9166 58
7607 6679 30
7607 6679 2
7607 6679 54
7607 6679 40
7607 6673 14
7607 6673 49
7607 6673 17
7607 6673 18
7607 6671 8
7607 6671 47
7607 6671 24
7607 6671 46
7607 6210 54
7607 6210 38
7607 6210 38
7607 6210 60
7607 6212 48
7607 6212 34
7607 6212 14
7607 6212 48
7607 6674 23
7607 6674 49
7607 6674 11
7607 6674 31
7607 9500 12
7607 9500 8
7607 9500 47
7607 9500 16
7607 9705 44
7607 9705 52
7607 9705 22
7607 9705 34
7607 9165 21
7607 9165 39
7607 9165 36
7607 9165 57
7607 6678 16
7607 6678 60
7607 6678 37
7607 6678 28
7607 6672 56
7607 6672 21
7607 6672 27
7607 6672 11
7607 6681 19
7607 6681 33
7607 6681 28
7607 6681 44
7607 6670 53
7607 6670 15
7607 6670 19
7607 6670 6
7607 6614 30
7607 6614 12
7607 6614 16
7607 6614 59
7607 6208 20
7607 6208 34
7607 6208 35
7607 6208 58
7607 9507 56
7607 9507 23
7607 9507 54
7607 9507 47
7607 6676 24
7607 6676 58
7607 6676 15
7607 6676 0
7607 9508 29
7607 9508 53
7607 9508 13
7607 9508 53
7607 9704 58
7607 9704 27
7607 9704 32
7607 9704 22
7607 6643 18
7607 6643 10
7607 6643 13
7607 6643 50
7607 6685 51
7607 6685 45
7607 6685 3
7607 6685 44
7607 6677 51
7607 6677 0
7607 6677 4
7607 6677 27
7607 6684 36
7607 6684 1
7607 6684 45
7607 6684 59
7616 9700 44
7616 9700 37
7616 9700 22
7616 9700 1
7616 6630 1
7616 6630 10
7616 6630 0
7616 6630 49
7616 9701 13
7616 9701 43
7616 9701 16
7616 9701 5
7616 9843 31
7616 9843 51
7616 9843 30
7616 9843 12
7616 6629 1
7616 6629 35
7616 6629 16
7616 6629 32
7616 6211 29
7616 6211 42
7616 6211 20
7616 6211 6
7616 6675 10
7616 6675 33
7616 6675 28
7616 6675 50
7616 9499 41
7616 9499 24
7616 9499 18
7616 9499 3
7616 9166 56
7616 9166 38
7616 9166 0
7616 9166 60
7616 6679 56
7616 6679 13
7616 6679 52
7616 6679 56
7616 6673 43
7616 6673 7
7616 6673 26
7616 6673 34
7616 6671 33
7616 6671 30
7616 6671 43
7616 6671 19
7616 6210 24
7616 6210 36
7616 6210 57
7616 6210 20
7616 6212 43
7616 6212 19
7616 6212 12
7616 6212 17
7616 6674 30
7616 6674 37
7616 6674 20
7616 6674 54
7616 9500 39
7616 9500 45
7616 9500 7
7616 9500 44
7616 9705 8
7616 9705 9
7616 9705 4
7616 9705 27
7616 9165 49
7616 9165 0
7616 9165 31
7616 9165 28
7616 6678 22
7616 6678 30
7616 6678 42
7616 6678 0
7616 6672 51
7616 6672 20
7616 6672 59
7616 6672 43
7616 6681 28
7616 6681 51
7616 6681 26
7616 6681 54
7616 6670 43
7616 6670 47
7616 6670 41
7616 6670 7
7616 6614 45
7616 6614 56
7616 6614 20
7616 6614 21
7616 6208 2
7616 6208 45
7616 6208 23
7616 6208 28
7616 9507 2
7616 9507 6
7616 9507 32
7616 9507 6
7616 6676 25
7616 6676 52
7616 6676 0
7616 6676 49
7616 9508 39
7616 9508 54
7616 9508 43
7616 9508 2
7616 9704 19
7616 9704 7
7616 9704 58
7616 9704 24
7616 6643 33
7616 6643 40
7616 6643 32
7616 6643 55
7616 6685 10
7616 6685 22
7616 6685 46
7616 6685 6
7616 6677 52
7616 6677 44
7616 6677 48
7616 6677 14
7616 6684 42
7616 6684 27
7616 6684 33
7616 6684 18
7605 9700 24
7605 9700 6
7605 9700 57
7605 9700 2
7605 6630 45
7605 6630 22
7605 6630 5
7605 6630 28
7605 9701 57
7605 9701 20
7605 9701 33
7605 9701 58
7605 9843 17
7605 9843 24
7605 9843 9
7605 9843 10
7605 6629 43
7605 6629 50
7605 6629 54
7605 6629 14
7605 6211 21
7605 6211 54
7605 6211 53
7605 6211 10
7605 6675 24
7605 6675 2
7605 6675 1
7605 6675 23
7605 9499 13
7605 9499 60
7605 9499 17
7605 9499 27
7605 9166 14
7605 9166 16
7605 9166 13
7605 9166 21
7605 6679 27
7605 6679 8
7605 6679 19
7605 6679 58
7605 6673 56
7605 6673 34
7605 6673 43
7605 6673 29
7605 6671 50
7605 6671 40
7605 6671 19
7605 6671 3
7605 6210 5
7605 6210 33
7605 6210 44
7605 6210 49
7605 6212 48
7605 6212 58
7605 6212 15
7605 6212 40
7605 6674 53
7605 6674 12
7605 6674 43
7605 6674 56
7605 9500 35
7605 9500 4
7605 9500 54
7605 9500 2
7605 9705 35
7605 9705 53
7605 9705 28
7605 9705 26
7605 9165 35
7605 9165 22
7605 9165 57
7605 9165 55
7605 6678 16
7605 6678 52
7605 6678 42
7605 6678 49
7605 6672 58
7605 6672 11
7605 6672 37
7605 6672 37
7605 6681 20
7605 6681 26
7605 6681 54
7605 6681 49
7605 6670 58
7605 6670 26
7605 6670 27
7605 6670 26
7605 6614 57
7605 6614 19
7605 6614 16
7605 6614 51
7605 6208 40
7605 6208 4
7605 6208 15
7605 6208 4
7605 9507 4
7605 9507 52
7605 9507 12
7605 9507 28
7605 6676 43
7605 6676 45
7605 6676 12
7605 6676 0
7605 9508 5
7605 9508 5
7605 9508 34
7605 9508 13
7605 9704 27
7605 9704 18
7605 9704 0
7605 9704 13
7605 6643 31
7605 6643 38
7605 6643 56
7605 6643 41
7605 6685 31
7605 6685 56
7605 6685 17
7605 6685 20
7605 6677 3
7605 6677 44
7605 6677 37
7605 6677 7
7605 6684 52
7605 6684 10
7605 6684 15
7605 6684 31
7541 9700 28
7541 9700 16
7541 9700 0
7541 9700 1
7541 6630 30
7541 6630 33
7541 6630 53
7541 6630 20
7541 9701 4
7541 9701 21
7541 9701 60
7541 9701 29
7541 9843 45
7541 9843 45
7541 9843 33
7541 9843 4
7541 6629 5
7541 6629 53
7541 6629 15
7541 6629 55
7541 6211 28
7541 6211 3
7541 6211 56
7541 6211 48
7541 6675 54
7541 6675 19
7541 6675 22
7541 6675 15
7541 9499 59
7541 9499 25
7541 9499 31
7541 9499 41
7541 9166 5
7541 9166 46
7541 9166 5
7541 9166 3
7541 6679 17
7541 6679 15
7541 6679 40
7541 6679 60
7541 6673 60
7541 6673 32
7541 6673 44
7541 6673 58
7541 6671 29
7541 6671 54
7541 6671 36
7541 6671 20
7541 6210 11
7541 6210 42
7541 6210 54
7541 6210 27
7541 6212 52
7541 6212 59
7541 6212 31
7541 6212 20
7541 6674 17
7541 6674 8
7541 6674 1
7541 6674 54
7541 9500 4
7541 9500 51
7541 9500 48
7541 9500 17
7541 9705 39
7541 9705 25
7541 9705 16
7541 9705 20
7541 9165 36
7541 9165 32
7541 9165 42
7541 9165 9
7541 6678 8
7541 6678 18
7541 6678 32
7541 6678 39
7541 6672 55
7541 6672 31
7541 6672 20
7541 6672 8
7541 6681 3
7541 6681 59
7541 6681 44
7541 6681 30
7541 6670 24
7541 6670 30
7541 6670 7
7541 6670 49
7541 6614 29
7541 6614 44
7541 6614 20
7541 6614 12
7541 6208 46
7541 6208 13
7541 6208 25
7541 6208 23
7541 9507 25
7541 9507 4
7541 9507 13
7541 9507 58
7541 6676 54
7541 6676 44
7541 6676 50
7541 6676 29
7541 9508 47
7541 9508 37
7541 9508 11
7541 9508 29
7541 9704 40
7541 9704 14
7541 9704 51
7541 9704 3
7541 6643 47
7541 6643 57
7541 6643 46
7541 6643 8
7541 6685 41
7541 6685 39
7541 6685 35
7541 6685 50
7541 6677 31
7541 6677 42
7541 6677 37
7541 6677 25
7541 6684 23
7541 6684 9
7541 6684 38
7541 6684 23
7543 9700 0
7543 9700 37
7543 9700 37
7543 9700 21
7543 6630 7
7543 6630 49
7543 6630 36
7543 6630 30
7543 9701 34
7543 9701 55
7543 9701 22
7543 9701 15
7543 9843 47
7543 9843 3
7543 9843 49
7543 9843 14
7543 6629 49
7543 6629 19
7543 6629 18
7543 6629 43
7543 6211 49
7543 6211 46
7543 6211 47
7543 6211 51
7543 6675 33
7543 6675 40
7543 6675 37
7543 6675 59
7543 9499 40
7543 9499 20
7543 9499 47
7543 9499 2
7543 9166 54
7543 9166 13
7543 9166 53
7543 9166 49
7543 6679 45
7543 6679 54
7543 6679 33
7543 6679 58
7543 6673 48
7543 6673 30
7543 6673 17
7543 6673 4
7543 6671 0
7543 6671 7
7543 6671 22
7543 6671 56
7543 6210 38
7543 6210 36
7543 6210 39
7543 6210 10
7543 6212 35
7543 6212 3
7543 6212 23
7543 6212 35
7543 6674 25
7543 6674 7
7543 6674 39
7543 6674 25
7543 9500 44
7543 9500 49
7543 9500 52
7543 9500 15
7543 9705 50
7543 9705 0
7543 9705 52
7543 9705 2
7543 9165 59
7543 9165 24
7543 9165 18
7543 9165 29
7543 6678 3
7543 6678 8
7543 6678 50
7543 6678 58
7543 6672 54
7543 6672 1
7543 6672 34
7543 6672 24
7543 6681 24
7543 6681 7
7543 6681 50
7543 6681 24
7543 6670 2
7543 6670 11
7543 6670 59
7543 6670 14
7543 6614 37
7543 6614 17
7543 6614 52
7543 6614 22
7543 6208 54
7543 6208 0
7543 6208 45
7543 6208 12
7543 9507 39
7543 9507 22
7543 9507 4
7543 9507 48
7543 6676 40
7543 6676 60
7543 6676 1
7543 6676 3
7543 9508 42
7543 9508 25
7543 9508 44
7543 9508 38
7543 9704 58
7543 9704 34
7543 9704 33
7543 9704 3
7543 6643 25
7543 6643 27
7543 6643 20
7543 6643 14
7543 6685 16
7543 6685 23
7543 6685 1
7543 6685 57
7543 6677 22
7543 6677 0
7543 6677 2
7543 6677 57
7543 6684 29
7543 6684 47
7543 6684 1
7543 6684 28
8061 9700 6
8061 9700 23
8061 9700 49
8061 9700 15
8061 6630 57
8061 6630 55
8061 6630 26
8061 6630 10
8061 9701 19
8061 9701 29
8061 9701 11
8061 9701 35
8061 9843 37
8061 9843 21
8061 9843 55
8061 9843 47
8061 6629 12
8061 6629 36
8061 6629 17
8061 6629 2
8061 6211 29
8061 6211 18
8061 6211 41
8061 6211 11
8061 6675 15
8061 6675 55
8061 6675 18
8061 6675 51
8061 9499 13
8061 9499 57
8061 9499 53
8061 9499 5
8061 9166 38
8061 9166 26
8061 9166 47
8061 9166 28
8061 6679 25
8061 6679 13
8061 6679 45
8061 6679 56
8061 6673 59
8061 6673 44
8061 6673 28
8061 6673 20
8061 6671 8
8061 6671 5
8061 6671 43
8061 6671 18
8061 6210 28
8061 6210 35
8061 6210 4
8061 6210 22
8061 6212 17
8061 6212 6
8061 6212 55
8061 6212 36
8061 6674 9
8061 6674 26
8061 6674 32
8061 6674 51
8061 9500 35
8061 9500 9
8061 9500 36
8061 9500 40
8061 9705 11
8061 9705 49
8061 9705 2
8061 9705 11
8061 9165 0
8061 9165 9
8061 9165 26
8061 9165 60
8061 6678 11
8061 6678 31
8061 6678 36
8061 6678 54
8061 6672 29
8061 6672 9
8061 6672 31
8061 6672 17
8061 6681 33
8061 6681 18
8061 6681 36
8061 6681 20
8061 6670 43
8061 6670 44
8061 6670 38
8061 6670 51
8061 6614 29
8061 6614 46
8061 6614 7
8061 6614 12
8061 6208 27
8061 6208 47
8061 6208 36
8061 6208 17
8061 9507 14
8061 9507 8
8061 9507 1
8061 9507 24
8061 6676 57
8061 6676 32
8061 6676 20
8061 6676 9
8061 9508 3
8061 9508 10
8061 9508 19
8061 9508 16
8061 9704 52
8061 9704 29
8061 9704 17
8061 9704 5
8061 6643 31
8061 6643 57
8061 6643 55
8061 6643 43
8061 6685 56
8061 6685 40
8061 6685 35
8061 6685 39
8061 6677 44
8061 6677 11
8061 6677 36
8061 6677 13
8061 6684 50
8061 6684 37
8061 6684 15
8061 6684 54
8052 9700 30
8052 9700 17
8052 9700 36
8052 9700 26
8052 6630 34
8052 6630 45
8052 6630 39
8052 6630 11
8052 9701 58
8052 9701 1
8052 9701 11
8052 9701 38
8052 9843 4
8052 9843 12
8052 9843 33
8052 9843 10
8052 6629 49
8052 6629 28
8052 6629 1
8052 6629 25
8052 6211 36
8052 6211 17
8052 6211 52
8052 6211 2
8052 6675 35
8052 6675 28
8052 6675 43
8052 6675 60
8052 9499 44
8052 9499 29
8052 9499 23
8052 9499 39
8052 9166 44
8052 9166 50
8052 9166 13
8052 9166 44
8052 6679 41
8052 6679 23
8052 6679 35
8052 6679 35
8052 6673 52
8052 6673 51
8052 6673 44
8052 6673 16
8052 6671 42
8052 6671 21
8052 6671 44
8052 6671 14
8052 6210 24
8052 6210 42
8052 6210 56
8052 6210 11
8052 6212 21
8052 6212 49
8052 6212 16
8052 6212 54
8052 6674 51
8052 6674 32
8052 6674 22
8052 6674 21
8052 9500 19
8052 9500 34
8052 9500 30
8052 9500 22
8052 9705 47
8052 9705 45
8052 9705 6
8052 9705 13
8052 9165 28
8052 9165 51
8052 9165 30
8052 9165 49
8052 6678 18
8052 6678 36
8052 6678 38
8052 6678 39
8052 6672 46
8052 6672 51
8052 6672 45
8052 6672 54
8052 6681 43
8052 6681 35
8052 6681 25
8052 6681 44
8052 6670 47
8052 6670 20
8052 6670 45
8052 6670 0
8052 6614 45
8052 6614 37
8052 6614 15
8052 6614 36
8052 6208 9
8052 6208 37
8052 6208 7
8052 6208 9
8052 9507 31
8052 9507 35
8052 9507 9
8052 9507 7
8052 6676 29
8052 6676 17
8052 6676 57
8052 6676 36
8052 9508 59
8052 9508 43
8052 9508 27
8052 9508 57
8052 9704 35
8052 9704 32
8052 9704 38
8052 9704 6
8052 6643 30
8052 6643 28
8052 6643 54
8052 6643 18
8052 6685 8
8052 6685 32
8052 6685 3
8052 6685 5
8052 6677 5
8052 6677 0
8052 6677 36
8052 6677 23
8052 6684 57
8052 6684 26
8052 6684 47
8052 6684 6
8062 9700 43
8062 9700 56
8062 9700 41
8062 9700 15
8062 6630 40
8062 6630 39
8062 6630 28
8062 6630 16
8062 9701 35
8062 9701 37
8062 9701 23
8062 9701 6
8062 9843 3
8062 9843 45
8062 9843 27
8062 9843 35
8062 6629 53
8062 6629 50
8062 6629 22
8062 6629 50
8062 6211 4
8062 6211 30
8062 6211 35
8062 6211 9
8062 6675 7
8062 6675 13
8062 6675 45
8062 6675 26
8062 9499 2
8062 9499 29
8062 9499 40
8062 9499 18
8062 9166 39
8062 9166 28
8062 9166 0
8062 9166 20
8062 6679 22
8062 6679 30
8062 6679 36
8062 6679 50
8062 6673 37
8062 6673 8
8062 6673 28
8062 6673 12
8062 6671 17
8062 6671 2
8062 6671 58
8062 6671 9
8062 6210 5
8062 6210 5
8062 6210 60
8062 6210 22
8062 6212 40
8062 6212 16
8062 6212 20
8062 6212 47
8062 6674 51
8062 6674 44
8062 6674 11
8062 6674 37
8062 9500 35
8062 9500 1
8062 9500 39
8062 9500 42
8062 9705 27
8062 9705 50
8062 9705 41
8062 9705 21
8062 9165 7
8062 9165 8
8062 9165 48
8062 9165 22
8062 6678 10
8062 6678 8
8062 6678 53
8062 6678 23
8062 6672 23
8062 6672 39
8062 6672 56
8062 6672 13
8062 6681 45
8062 6681 53
8062 6681 45
8062 6681 14
8062 6670 17
8062 6670 34
8062 6670 3
8062 6670 25
8062 6614 33
8062 6614 18
8062 6614 19
8062 6614 49
8062 6208 19
8062 6208 23
8062 6208 2
8062 6208 18
8062 9507 53
8062 9507 52
8062 9507 16
8062 9507 26
8062 6676 35
8062 6676 5
8062 6676 51
8062 6676 43
8062 9508 51
8062 9508 3
8062 9508 20
8062 9508 38
8062 9704 55
8062 9704 15
8062 9704 57
8062 9704 38
8062 6643 7
8062 6643 17
8062 6643 20
8062 6643 53
8062 6685 49
8062 6685 47
8062 6685 44
8062 6685 34
8062 6677 41
8062 6677 45
8062 6677 35
8062 6677 11
8062 6684 19
8062 6684 19
8062 6684 25
8062 6684 49
7600 9700 7
7600 9700 33
7600 9700 6
7600 9700 30
7600 6630 11
7600 6630 11
7600 6630 59
7600 6630 10
7600 9701 33
7600 9701 23
7600 9701 9
7600 9701 8
7600 9843 45
7600 9843 0
7600 9843 18
7600 9843 56
7600 6629 48
7600 6629 12
7600 6629 3
7600 6629 31
7600 6211 36
7600 6211 0
7600 6211 5
7600 6211 13
7600 6675 7
7600 6675 53
7600 6675 26
7600 6675 17
7600 9499 46
7600 9499 51
7600 9499 56
7600 9499 22
7600 9166 21
7600 9166 53
7600 9166 26
7600 9166 31
7600 6679 7
7600 6679 14
7600 6679 11
7600 6679 55
7600 6673 39
7600 6673 21
7600 6673 54
7600 6673 32
7600 6671 41
7600 6671 12
7600 6671 40
7600 6671 31
7600 6210 11
7600 6210 27
7600 6210 60
7600 6210 16
7600 6212 44
7600 6212 58
7600 6212 7
7600 6212 44
7600 6674 20
7600 6674 35
7600 6674 33
7600 6674 4
7600 9500 30
7600 9500 1
7600 9500 41
7600 9500 56
7600 9705 16
7600 9705 8
7600 9705 5
7600 9705 60
7600 9165 13
7600 9165 12
7600 9165 5
7600 9165 14
7600 6678 36
7600 6678 39
7600 6678 53
7600 6678 10
7600 6672 40
7600 6672 26
7600 6672 15
7600 6672 0
7600 6681 30
7600 6681 20
7600 6681 47
7600 6681 22
7600 6670 12
7600 6670 16
7600 6670 18
7600 6670 24
7600 6614 43
7600 6614 18
7600 6614 38
7600 6614 2
7600 6208 33
7600 6208 5
7600 6208 18
7600 6208 38
7600 9507 13
7600 9507 25
7600 9507 22
7600 9507 56
7600 6676 28
7600 6676 59
7600 6676 60
7600 6676 52
7600 9508 38
7600 9508 31
7600 9508 43
7600 9508 7
7600 9704 23
7600 9704 40
7600 9704 27
7600 9704 49
7600 6643 2
7600 6643 42
7600 6643 40
7600 6643 4
7600 6685 1
7600 6685 25
7600 6685 24
7600 6685 51
7600 6677 29
7600 6677 54
7600 6677 26
7600 6677 27
7600 6684 37
7600 6684 8
7600 6684 31
7600 6684 25
7597 9700 59
7597 9700 11
7597 9700 21
7597 9700 41
7597 6630 53
7597 6630 26
7597 6630 39
7597 6630 33
7597 9701 31
7597 9701 1
7597 9701 26
7597 9701 10
7597 9843 0
7597 9843 37
7597 9843 14
7597 9843 1
7597 6629 45
7597 6629 11
7597 6629 16
7597 6629 24
7597 6211 0
7597 6211 34
7597 6211 27
7597 6211 27
7597 6675 29
7597 6675 29
7597 6675 26
7597 6675 1
7597 9499 45
7597 9499 22
7597 9499 22
7597 9499 15
7597 9166 1
7597 9166 37
7597 9166 51
7597 9166 10
7597 6679 41
7597 6679 49
7597 6679 31
7597 6679 51
7597 6673 58
7597 6673 24
7597 6673 26
7597 6673 15
7597 6671 13
7597 6671 52
7597 6671 7
7597 6671 15
7597 6210 56
7597 6210 24
7597 6210 36
7597 6210 35
7597 6212 52
7597 6212 51
7597 6212 20
7597 6212 58
7597 6674 35
7597 6674 18
7597 6674 40
7597 6674 20
7597 9500 39
7597 9500 35
7597 9500 4
7597 9500 27
7597 9705 2
7597 9705 50
7597 9705 58
7597 9705 14
7597 9165 50
7597 9165 5
7597 9165 9
7597 9165 5
7597 6678 37
7597 6678 58
7597 6678 26
7597 6678 15
7597 6672 18
7597 6672 21
7597 6672 43
7597 6672 48
7597 6681 42
7597 6681 29
7597 6681 56
7597 6681 54
7597 6670 26
7597 6670 45
7597 6670 12
7597 6670 45
7597 6614 28
7597 6614 45
7597 6614 8
7597 6614 13
7597 6208 25
7597 6208 59
7597 6208 46
7597 6208 29
7597 9507 28
7597 9507 14
7597 9507 5
7597 9507 1
7597 6676 33
7597 6676 45
7597 6676 28
7597 6676 24
7597 9508 59
7597 9508 47
7597 9508 14
7597 9508 46
7597 9704 27
7597 9704 36
7597 9704 39
7597 9704 23
7597 6643 47
7597 6643 36
7597 6643 2
7597 6643 12
7597 6685 2
7597 6685 22
7597 6685 48
7597 6685 54
7597 6677 4
7597 6677 22
7597 6677 11
7597 6677 34
7597 6684 46
7597 6684 33
7597 6684 52
7597 6684 42
