2753 2816 36
2753 2817 26
2753 2818 36
2753 2815 17
2753 2827 6
2753 2829 28
2753 2837 40
2753 2819 20
2753 2843 32
2753 2824 30
2753 2828 59
2753 2825 26
2753 2830 8
2753 2842 52
2753 2844 15
2753 2820 44
2753 2839 11
2753 2841 35
2753 2845 11
2753 2840 47
2753 2813 8
2753 2835 17
2753 2832 17
2753 2814 53
2753 2826 55
2753 2831 1
2753 3018 54
2753 2823 17
2753 2854 53
2753 2866 19
2753 2857 32
2753 2812 57
2750 2816 47
2750 2817 57
2750 2818 45
2750 2815 15
2750 2827 31
2750 2829 27
2750 2837 20
2750 2819 9
2750 2843 7
2750 2824 22
2750 2828 24
2750 2825 19
2750 2830 32
2750 2842 21
2750 2844 39
2750 2820 11
2750 2839 47
2750 2841 53
2750 2845 59
2750 2840 39
2750 2813 46
2750 2835 49
2750 2832 22
2750 2814 36
2750 2826 54
2750 2831 58
2750 3018 43
2750 2823 38
2750 2854 32
2750 2866 20
2750 2857 58
2750 2812 25
2756 2816 39
2756 2817 0
2756 2818 56
2756 2815 51
2756 2827 23
2756 2829 29
2756 2837 44
2756 2819 6
2756 2843 31
2756 2824 49
2756 2828 10
2756 2825 45
2756 2830 13
2756 2842 50
2756 2844 24
2756 2820 44
2756 2839 29
2756 2841 37
2756 2845 9
2756 2840 13
2756 2813 15
2756 2835 19
2756 2832 16
2756 2814 37
2756 2826 29
2756 2831 16
2756 3018 2
2756 2823 27
2756 2854 58
2756 2866 55
2756 2857 10
2756 2812 36
2757 2816 45
2757 2817 2
2757 2818 6
2757 2815 47
2757 2827 35
2757 2829 34
2757 2837 12
2757 2819 33
2757 2843 20
2757 2824 7
2757 2828 4
2757 2825 31
2757 2830 21
2757 2842 8
2757 2844 21
2757 2820 10
2757 2839 47
2757 2841 16
2757 2845 49
2757 2840 11
2757 2813 39
2757 2835 18
2757 2832 41
2757 2814 54
2757 2826 21
2757 2831 49
2757 3018 11
2757 2823 21
2757 2854 58
2757 2866 14
2757 2857 17
2757 2812 9
2745 2816 37
2745 2817 58
2745 2818 2
2745 2815 7
2745 2827 21
2745 2829 8
2745 2837 59
2745 2819 59
2745 2843 8
2745 2824 5
2745 2828 56
2745 2825 24
2745 2830 32
2745 2842 37
2745 2844 44
2745 2820 58
2745 2839 3
2745 2841 18
2745 2845 51
2745 2840 47
2745 2813 45
2745 2835 39
2745 2832 18
2745 2814 33
2745 2826 2
2745 2831 25
2745 3018 53
2745 2823 17
2745 2854 2
2745 2866 47
2745 2857 10
2745 2812 57
2742 2816 53
2742 2817 4
2742 2818 31
2742 2815 34
2742 2827 30
2742 2829 53
2742 2837 43
2742 2819 51
2742 2843 16
2742 2824 39
2742 2828 43
2742 2825 32
2742 2830 47
2742 2842 47
2742 2844 35
2742 2820 21
2742 2839 28
2742 2841 28
2742 2845 59
2742 2840 8
2742 2813 35
2742 2835 23
2742 2832 27
2742 2814 52
2742 2826 48
2742 2831 0
2742 3018 17
2742 2823 21
2742 2854 31
2742 2866 15
2742 2857 29
2742 2812 50
2752 2816 37
2752 2817 25
2752 2818 19
2752 2815 29
2752 2827 58
2752 2829 35
2752 2837 25
2752 2819 42
2752 2843 36
2752 2824 13
2752 2828 37
2752 2825 41
2752 2830 21
2752 2842 16
2752 2844 43
2752 2820 19
2752 2839 25
2752 2841 42
2752 2845 58
2752 2840 18
2752 2813 30
2752 2835 48
2752 2832 0
2752 2814 42
2752 2826 60
2752 2831 3
2752 3018 43
2752 2823 11
2752 2854 58
2752 2866 44
2752 2857 52
2752 2812 18
2754 2816 37
2754 2817 28
2754 2818 27
2754 2815 27
2754 2827 5
2754 2829 6
2754 2837 49
2754 2819 14
2754 2843 30
2754 2824 22
2754 2828 51
2754 2825 18
2754 2830 43
2754 2842 21
2754 2844 54
2754 2820 35
2754 2839 37
2754 2841 1
2754 2845 5
2754 2840 4
2754 2813 18
2754 2835 28
2754 2832 54
2754 2814 1
2754 2826 32
2754 2831 47
2754 3018 9
2754 2823 42
2754 2854 40
2754 2866 21
2754 2857 21
2754 2812 45
2758 2816 44
2758 2817 27
2758 2818 30
2758 2815 11
2758 2827 47
2758 2829 34
2758 2837 9
2758 2819 37
2758 2843 23
2758 2824 48
2758 2828 8
2758 2825 28
2758 2830 3
2758 2842 5
2758 2844 17
2758 2820 13
2758 2839 33
2758 2841 52
2758 2845 19
2758 2840 60
2758 2813 30
2758 2835 47
2758 2832 7
2758 2814 57
2758 2826 31
2758 2831 29
2758 3018 28
2758 2823 36
2758 2854 2
2758 2866 37
2758 2857 5
2758 2812 29
2768 2816 36
2768 2817 50
2768 2818 9
2768 2815 24
2768 2827 12
2768 2829 28
2768 2837 28
2768 2819 25
2768 2843 12
2768 2824 17
2768 2828 48
2768 2825 41
2768 2830 8
2768 2842 10
2768 2844 19
2768 2820 11
2768 2839 20
2768 2841 50
2768 2845 42
2768 2840 0
2768 2813 53
2768 2835 23
2768 2832 38
2768 2814 56
2768 2826 38
2768 2831 40
2768 3018 54
2768 2823 46
2768 2854 54
2768 2866 30
2768 2857 0
2768 2812 41
2769 2816 31
2769 2817 54
2769 2818 16
2769 2815 27
2769 2827 22
2769 2829 37
2769 2837 1
2769 2819 39
2769 2843 31
2769 2824 45
2769 2828 54
2769 2825 52
2769 2830 41
2769 2842 28
2769 2844 45
2769 2820 35
2769 2839 40
2769 2841 13
2769 2845 46
2769 2840 42
2769 2813 29
2769 2835 34
2769 2832 23
2769 2814 26
2769 2826 21
2769 2831 20
2769 3018 49
2769 2823 53
2769 2854 29
2769 2866 54
2769 2857 57
2769 2812 55
2744 2816 32
2744 2817 14
2744 2818 20
2744 2815 37
2744 2827 34
2744 2829 27
2744 2837 12
2744 2819 19
2744 2843 37
2744 2824 7
2744 2828 23
2744 2825 16
2744 2830 12
2744 2842 51
2744 2844 49
2744 2820 50
2744 2839 46
2744 2841 30
2744 2845 5
2744 2840 33
2744 2813 28
2744 2835 1
2744 2832 60
2744 2814 59
2744 2826 0
2744 2831 25
2744 3018 6
2744 2823 57
2744 2854 0
2744 2866 32
2744 2857 60
2744 2812 59
2748 2816 56
2748 2817 24
2748 2818 4
2748 2815 43
2748 2827 7
2748 2829 30
2748 2837 2
2748 2819 36
2748 2843 23
2748 2824 3
2748 2828 2
2748 2825 27
2748 2830 10
2748 2842 48
2748 2844 23
2748 2820 59
2748 2839 50
2748 2841 26
2748 2845 9
2748 2840 39
2748 2813 8
2748 2835 46
2748 2832 52
2748 2814 40
2748 2826 7
2748 2831 38
2748 3018 30
2748 2823 42
2748 2854 55
2748 2866 5
2748 2857 39
2748 2812 44
2741 2816 28
2741 2817 43
2741 2818 34
2741 2815 58
2741 2827 17
2741 2829 10
2741 2837 14
2741 2819 43
2741 2843 43
2741 2824 38
2741 2828 1
2741 2825 26
2741 2830 26
2741 2842 16
2741 2844 57
2741 2820 57
2741 2839 14
2741 2841 4
2741 2845 13
2741 2840 55
2741 2813 18
2741 2835 40
2741 2832 46
2741 2814 33
2741 2826 8
2741 2831 57
2741 3018 28
2741 2823 24
2741 2854 58
2741 2866 48
2741 2857 55
2741 2812 12
2751 2816 5
2751 2817 49
2751 2818 32
2751 2815 14
2751 2827 33
2751 2829 24
2751 2837 14
2751 2819 0
2751 2843 31
2751 2824 13
2751 2828 0
2751 2825 48
2751 2830 15
2751 2842 15
2751 2844 32
2751 2820 4
2751 2839 17
2751 2841 34
2751 2845 35
2751 2840 2
2751 2813 41
2751 2835 41
2751 2832 35
2751 2814 56
2751 2826 9
2751 2831 2
2751 3018 55
2751 2823 25
2751 2854 41
2751 2866 23
2751 2857 48
2751 2812 25
2702 2816 55
2702 2817 53
2702 2818 38
2702 2815 44
2702 2827 14
2702 2829 26
2702 2837 29
2702 2819 5
2702 2843 13
2702 2824 38
2702 2828 26
2702 2825 17
2702 2830 23
2702 2842 51
2702 2844 2
2702 2820 13
2702 2839 45
2702 2841 34
2702 2845 52
2702 2840 3
2702 2813 22
2702 2835 58
2702 2832 50
2702 2814 24
2702 2826 43
2702 2831 1
2702 3018 10
2702 2823 60
2702 2854 33
2702 2866 22
2702 2857 56
2702 2812 1
2755 2816 60
2755 2817 2
2755 2818 15
2755 2815 18
2755 2827 38
2755 2829 20
2755 2837 4
2755 2819 21
2755 2843 49
2755 2824 49
2755 2828 14
2755 2825 40
2755 2830 58
2755 2842 45
2755 2844 43
2755 2820 35
2755 2839 30
2755 2841 56
2755 2845 1
2755 2840 55
2755 2813 33
2755 2835 33
2755 2832 27
2755 2814 40
2755 2826 28
2755 2831 60
2755 3018 7
2755 2823 55
2755 2854 43
2755 2866 34
2755 2857 22
2755 2812 44
2701 2816 50
2701 2817 38
2701 2818 7
2701 2815 4
2701 2827 38
2701 2829 42
2701 2837 58
2701 2819 3
2701 2843 18
2701 2824 8
2701 2828 50
2701 2825 49
2701 2830 53
2701 2842 45
2701 2844 17
2701 2820 10
2701 2839 8
2701 2841 53
2701 2845 27
2701 2840 41
2701 2813 37
2701 2835 15
2701 2832 33
2701 2814 58
2701 2826 49
2701 2831 41
2701 3018 20
2701 2823 18
2701 2854 17
2701 2866 38
2701 2857 19
2701 2812 2
2770 2816 9
2770 2817 41
2770 2818 12
2770 2815 54
2770 2827 30
2770 2829 49
2770 2837 52
2770 2819 37
2770 2843 42
2770 2824 47
2770 2828 6
2770 2825 44
2770 2830 46
2770 2842 42
2770 2844 26
2770 2820 32
2770 2839 14
2770 2841 28
2770 2845 3
2770 2840 32
2770 2813 26
2770 2835 45
2770 2832 47
2770 2814 30
2770 2826 29
2770 2831 42
2770 3018 50
2770 2823 40
2770 2854 59
2770 2866 54
2770 2857 0
2770 2812 25
2765 2816 44
2765 2817 39
2765 2818 55
2765 2815 25
2765 2827 32
2765 2829 40
2765 2837 32
2765 2819 9
2765 2843 11
2765 2824 52
2765 2828 56
2765 2825 12
2765 2830 17
2765 2842 33
2765 2844 60
2765 2820 21
2765 2839 4
2765 2841 8
2765 2845 37
2765 2840 49
2765 2813 14
2765 2835 27
2765 2832 55
2765 2814 7
2765 2826 50
2765 2831 59
2765 3018 25
2765 2823 45
2765 2854 24
2765 2866 33
2765 2857 11
2765 2812 24
2774 2816 25
2774 2817 37
2774 2818 9
2774 2815 28
2774 2827 43
2774 2829 29
2774 2837 21
2774 2819 46
2774 2843 59
2774 2824 40
2774 2828 8
2774 2825 14
2774 2830 18
2774 2842 12
2774 2844 1
2774 2820 39
2774 2839 32
2774 2841 15
2774 2845 5
2774 2840 27
2774 2813 58
2774 2835 42
2774 2832 40
2774 2814 50
2774 2826 17
2774 2831 38
2774 3018 53
2774 2823 53
2774 2854 27
2774 2866 31
2774 2857 53
2774 2812 35
2739 2816 30
2739 2817 51
2739 2818 25
2739 2815 46
2739 2827 29
2739 2829 56
2739 2837 34
2739 2819 47
2739 2843 51
2739 2824 5
2739 2828 17
2739 2825 0
2739 2830 53
2739 2842 45
2739 2844 60
2739 2820 10
2739 2839 35
2739 2841 12
2739 2845 10
2739 2840 13
2739 2813 56
2739 2835 10
2739 2832 55
2739 2814 2
2739 2826 37
2739 2831 54
2739 3018 37
2739 2823 49
2739 2854 50
2739 2866 54
2739 2857 60
2739 2812 40
2760 2816 13
2760 2817 55
2760 2818 9
2760 2815 17
2760 2827 38
2760 2829 20
2760 2837 42
2760 2819 4
2760 2843 18
2760 2824 2
2760 2828 32
2760 2825 39
2760 2830 4
2760 2842 12
2760 2844 31
2760 2820 45
2760 2839 55
2760 2841 14
2760 2845 58
2760 2840 30
2760 2813 41
2760 2835 60
2760 2832 50
2760 2814 52
2760 2826 20
2760 2831 4
2760 3018 44
2760 2823 7
2760 2854 9
2760 2866 60
2760 2857 56
2760 2812 25
2747 2816 36
2747 2817 26
2747 2818 33
2747 2815 25
2747 2827 41
2747 2829 33
2747 2837 36
2747 2819 40
2747 2843 55
2747 2824 27
2747 2828 1
2747 2825 18
2747 2830 14
2747 2842 8
2747 2844 24
2747 2820 1
2747 2839 48
2747 2841 24
2747 2845 47
2747 2840 34
2747 2813 12
2747 2835 10
2747 2832 22
2747 2814 36
2747 2826 12
2747 2831 18
2747 3018 24
2747 2823 29
2747 2854 16
2747 2866 23
2747 2857 37
2747 2812 49
2740 2816 14
2740 2817 59
2740 2818 11
2740 2815 50
2740 2827 1
2740 2829 41
2740 2837 38
2740 2819 23
2740 2843 6
2740 2824 37
2740 2828 13
2740 2825 18
2740 2830 32
2740 2842 60
2740 2844 43
2740 2820 22
2740 2839 33
2740 2841 5
2740 2845 13
2740 2840 60
2740 2813 10
2740 2835 19
2740 2832 40
2740 2814 13
2740 2826 45
2740 2831 53
2740 3018 51
2740 2823 6
2740 2854 28
2740 2866 27
2740 2857 28
2740 2812 60
2743 2816 56
2743 2817 58
2743 2818 43
2743 2815 39
2743 2827 15
2743 2829 33
2743 2837 47
2743 2819 33
2743 2843 38
2743 2824 49
2743 2828 21
2743 2825 48
2743 2830 5
2743 2842 6
2743 2844 13
2743 2820 17
2743 2839 28
2743 2841 8
2743 2845 58
2743 2840 4
2743 2813 10
2743 2835 29
2743 2832 31
2743 2814 25
2743 2826 30
2743 2831 36
2743 3018 38
2743 2823 49
2743 2854 17
2743 2866 51
2743 2857 53
2743 2812 5
2698 2816 24
2698 2817 46
2698 2818 35
2698 2815 60
2698 2827 5
2698 2829 22
2698 2837 53
2698 2819 41
2698 2843 54
2698 2824 17
2698 2828 32
2698 2825 38
2698 2830 15
2698 2842 7
2698 2844 19
2698 2820 25
2698 2839 49
2698 2841 46
2698 2845 29
2698 2840 18
2698 2813 37
2698 2835 1
2698 2832 12
2698 2814 10
2698 2826 8
2698 2831 30
2698 3018 33
2698 2823 26
2698 2854 55
2698 2866 49
2698 2857 23
2698 2812 60
2759 2816 26
2759 2817 38
2759 2818 59
2759 2815 35
2759 2827 1
2759 2829 9
2759 2837 30
2759 2819 51
2759 2843 10
2759 2824 55
2759 2828 54
2759 2825 32
2759 2830 51
2759 2842 26
2759 2844 46
2759 2820 29
2759 2839 19
2759 2841 45
2759 2845 36
2759 2840 0
2759 2813 5
2759 2835 23
2759 2832 47
2759 2814 44
2759 2826 35
2759 2831 6
2759 3018 39
2759 2823 35
2759 2854 53
2759 2866 39
2759 2857 51
2759 2812 27
2700 2816 31
2700 2817 59
2700 2818 37
2700 2815 58
2700 2827 12
2700 2829 35
2700 2837 24
2700 2819 56
2700 2843 13
2700 2824 7
2700 2828 53
2700 2825 19
2700 2830 18
2700 2842 15
2700 2844 28
2700 2820 22
2700 2839 56
2700 2841 53
2700 2845 51
2700 2840 5
2700 2813 24
2700 2835 59
2700 2832 3
2700 2814 35
2700 2826 39
2700 2831 55
2700 3018 43
2700 2823 27
2700 2854 25
2700 2866 40
2700 2857 20
2700 2812 33
2695 2816 0
2695 2817 28
2695 2818 54
2695 2815 44
2695 2827 53
2695 2829 41
2695 2837 55
2695 2819 12
2695 2843 24
2695 2824 44
2695 2828 24
2695 2825 43
2695 2830 33
2695 2842 11
2695 2844 34
2695 2820 58
2695 2839 32
2695 2841 58
2695 2845 0
2695 2840 7
2695 2813 15
2695 2835 22
2695 2832 17
2695 2814 9
2695 2826 39
2695 2831 22
2695 3018 20
2695 2823 4
2695 2854 26
2695 2866 10
2695 2857 6
2695 2812 57
2784 2816 16
2784 2817 49
2784 2818 5
2784 2815 18
2784 2827 43
2784 2829 29
2784 2837 46
2784 2819 60
2784 2843 50
2784 2824 3
2784 2828 18
2784 2825 41
2784 2830 22
2784 2842 28
2784 2844 27
2784 2820 51
2784 2839 53
2784 2841 38
2784 2845 15
2784 2840 1
2784 2813 9
2784 2835 49
2784 2832 8
2784 2814 11
2784 2826 40
2784 2831 58
2784 3018 58
2784 2823 59
2784 2854 27
2784 2866 43
2784 2857 0
2784 2812 9
2771 2816 13
2771 2817 35
2771 2818 47
2771 2815 1
2771 2827 17
2771 2829 48
2771 2837 40
2771 2819 37
2771 2843 37
2771 2824 60
2771 2828 37
2771 2825 37
2771 2830 10
2771 2842 26
2771 2844 42
2771 2820 13
2771 2839 37
2771 2841 49
2771 2845 41
2771 2840 35
2771 2813 44
2771 2835 26
2771 2832 19
2771 2814 24
2771 2826 11
2771 2831 8
2771 3018 52
2771 2823 29
2771 2854 56
2771 2866 0
2771 2857 49
2771 2812 53
