3411 6917 23
3411 6917 5
3411 6917 28
3411 6917 32
3411 6918 3
3411 6918 37
3411 6918 43
3411 6918 34
3411 6919 13
3411 6919 24
3411 6919 48
3411 6919 52
3411 6996 3
3411 6996 17
3411 6996 21
3411 6996 56
3411 6998 41
3411 6998 48
3411 6998 35
3411 6998 45
3411 6931 31
3411 6931 36
3411 6931 3
3411 6931 16
3411 8557 21
3411 8557 49
3411 8557 7
3411 8557 24
3411 6920 60
3411 6920 35
3411 6920 59
3411 6920 44
3411 9851 31
3411 9851 32
3411 9851 25
3411 9851 47
3411 3116 12
3411 3116 24
3411 3116 3
3411 3116 21
3411 6997 9
3411 6997 31
3411 6997 28
3411 6997 4
3411 9512 21
3411 9512 21
3411 9512 46
3411 9512 30
3411 6930 18
3411 6930 39
3411 6930 36
3411 6930 20
3411 8546 55
3411 8546 16
3411 8546 47
3411 8546 7
3411 8579 36
3411 8579 46
3411 8579 58
3411 8579 34
3411 8558 53
3411 8558 40
3411 8558 4
3411 8558 15
3411 8592 8
3411 8592 7
3411 8592 14
3411 8592 6
3411 6912 26
3411 6912 18
3411 6912 25
3411 6912 0
3411 9509 20
3411 9509 48
3411 9509 50
3411 9509 1
3411 9622 45
3411 9622 55
3411 9622 3
3411 9622 0
3411 9799 0
3411 9799 38
3411 9799 22
3411 9799 47
3411 3115 48
3411 3115 53
3411 3115 16
3411 3115 2
3411 7023 26
3411 7023 49
3411 7023 4
3411 7023 42
3411 9511 43
3411 9511 23
3411 9511 18
3411 9511 48
3411 9516 45
3411 9516 26
3411 9516 44
3411 9516 27
3411 6929 26
3411 6929 28
3411 6929 47
3411 6929 17
3411 8545 3
3411 8545 27
3411 8545 21
3411 8545 38
3411 8556 5
3411 8556 34
3411 8556 19
3411 8556 32
3411 8542 12
3411 8542 23
3411 8542 12
3411 8542 16
3411 8548 1
3411 8548 3
3411 8548 43
3411 8548 41
3411 8580 34
3411 8580 25
3411 8580 47
3411 8580 0
3411 8559 53
3411 8559 45
3411 8559 58
3411 8559 29
3410 6917 30
3410 6917 29
3410 6917 52
3410 6917 58
3410 6918 53
3410 6918 37
3410 6918 19
3410 6918 11
3410 6919 25
3410 6919 25
3410 6919 7
3410 6919 7
3410 6996 38
3410 6996 7
3410 6996 3
3410 6996 53
3410 6998 52
3410 6998 6
3410 6998 43
3410 6998 60
3410 6931 32
3410 6931 35
3410 6931 22
3410 6931 27
3410 8557 2
3410 8557 52
3410 8557 21
3410 8557 11
3410 6920 6
3410 6920 58
3410 6920 2
3410 6920 33
3410 9851 3
3410 9851 12
3410 9851 43
3410 9851 39
3410 3116 20
3410 3116 26
3410 3116 38
3410 3116 17
3410 6997 21
3410 6997 29
3410 6997 36
3410 6997 49
3410 9512 9
3410 9512 39
3410 9512 33
3410 9512 18
3410 6930 8
3410 6930 11
3410 6930 53
3410 6930 50
3410 8546 32
3410 8546 19
3410 8546 32
3410 8546 34
3410 8579 34
3410 8579 8
3410 8579 48
3410 8579 51
3410 8558 50
3410 8558 20
3410 8558 11
3410 8558 57
3410 8592 26
3410 8592 16
3410 8592 32
3410 8592 12
3410 6912 48
3410 6912 25
3410 6912 56
3410 6912 28
3410 9509 3
3410 9509 23
3410 9509 35
3410 9509 14
3410 9622 3
3410 9622 7
3410 9622 29
3410 9622 49
3410 9799 11
3410 9799 20
3410 9799 34
3410 9799 25
3410 3115 4
3410 3115 33
3410 3115 6
3410 3115 35
3410 7023 9
3410 7023 35
3410 7023 42
3410 7023 50
3410 9511 47
3410 9511 22
3410 9511 8
3410 9511 12
3410 9516 35
3410 9516 47
3410 9516 12
3410 9516 53
3410 6929 54
3410 6929 53
3410 6929 59
3410 6929 12
3410 8545 19
3410 8545 58
3410 8545 24
3410 8545 43
3410 8556 49
3410 8556 20
3410 8556 22
3410 8556 55
3410 8542 38
3410 8542 59
3410 8542 35
3410 8542 55
3410 8548 2
3410 8548 4
3410 8548 6
3410 8548 57
3410 8580 52
3410 8580 7
3410 8580 23
3410 8580 57
3410 8559 11
3410 8559 59
3410 8559 15
3410 8559 41
3413 6917 32
3413 6917 0
3413 6917 25
3413 6917 2
3413 6918 41
3413 6918 59
3413 6918 40
3413 6918 37
3413 6919 42
3413 6919 26
3413 6919 0
3413 6919 59
3413 6996 5
3413 6996 32
3413 6996 59
3413 6996 3
3413 6998 58
3413 6998 50
3413 6998 33
3413 6998 23
3413 6931 44
3413 6931 48
3413 6931 46
3413 6931 44
3413 8557 32
3413 8557 38
3413 8557 60
3413 8557 34
3413 6920 53
3413 6920 54
3413 6920 59
3413 6920 58
3413 9851 30
3413 9851 49
3413 9851 21
3413 9851 13
3413 3116 49
3413 3116 40
3413 3116 41
3413 3116 27
3413 6997 59
3413 6997 54
3413 6997 60
3413 6997 27
3413 9512 31
3413 9512 9
3413 9512 33
3413 9512 19
3413 6930 3
3413 6930 44
3413 6930 49
3413 6930 29
3413 8546 34
3413 8546 7
3413 8546 21
3413 8546 12
3413 8579 53
3413 8579 28
3413 8579 37
3413 8579 0
3413 8558 12
3413 8558 53
3413 8558 37
3413 8558 23
3413 8592 32
3413 8592 38
3413 8592 17
3413 8592 47
3413 6912 52
3413 6912 34
3413 6912 53
3413 6912 11
3413 9509 38
3413 9509 14
3413 9509 9
3413 9509 34
3413 9622 1
3413 9622 13
3413 9622 18
3413 9622 0
3413 9799 3
3413 9799 13
3413 9799 60
3413 9799 9
3413 3115 23
3413 3115 11
3413 3115 26
3413 3115 12
3413 7023 38
3413 7023 16
3413 7023 14
3413 7023 55
3413 9511 51
3413 9511 52
3413 9511 11
3413 9511 17
3413 9516 54
3413 9516 43
3413 9516 26
3413 9516 24
3413 6929 53
3413 6929 39
3413 6929 5
3413 6929 11
3413 8545 31
3413 8545 58
3413 8545 57
3413 8545 39
3413 8556 9
3413 8556 39
3413 8556 10
3413 8556 46
3413 8542 52
3413 8542 59
3413 8542 53
3413 8542 50
3413 8548 46
3413 8548 37
3413 8548 17
3413 8548 24
3413 8580 43
3413 8580 44
3413 8580 53
3413 8580 41
3413 8559 11
3413 8559 30
3413 8559 1
3413 8559 7
3415 6917 56
3415 6917 56
3415 6917 14
3415 6917 45
3415 6918 15
3415 6918 48
3415 6918 35
3415 6918 31
3415 6919 40
3415 6919 29
3415 6919 20
3415 6919 48
3415 6996 40
3415 6996 35
3415 6996 7
3415 6996 32
3415 6998 43
3415 6998 50
3415 6998 11
3415 6998 36
3415 6931 30
3415 6931 55
3415 6931 58
3415 6931 47
3415 8557 33
3415 8557 0
3415 8557 3
3415 8557 11
3415 6920 10
3415 6920 12
3415 6920 34
3415 6920 53
3415 9851 15
3415 9851 59
3415 9851 16
3415 9851 20
3415 3116 20
3415 3116 3
3415 3116 46
3415 3116 56
3415 6997 11
3415 6997 31
3415 6997 40
3415 6997 2
3415 9512 9
3415 9512 49
3415 9512 28
3415 9512 60
3415 6930 59
3415 6930 20
3415 6930 50
3415 6930 38
3415 8546 37
3415 8546 0
3415 8546 14
3415 8546 51
3415 8579 29
3415 8579 60
3415 8579 39
3415 8579 40
3415 8558 32
3415 8558 27
3415 8558 26
3415 8558 47
3415 8592 48
3415 8592 35
3415 8592 27
3415 8592 2
3415 6912 42
3415 6912 8
3415 6912 30
3415 6912 19
3415 9509 56
3415 9509 55
3415 9509 49
3415 9509 58
3415 9622 51
3415 9622 56
3415 9622 52
3415 9622 41
3415 9799 3
3415 9799 47
3415 9799 26
3415 9799 7
3415 3115 25
3415 3115 2
3415 3115 45
3415 3115 13
3415 7023 11
3415 7023 13
3415 7023 56
3415 7023 42
3415 9511 2
3415 9511 5
3415 9511 9
3415 9511 10
3415 9516 39
3415 9516 19
3415 9516 29
3415 9516 49
3415 6929 10
3415 6929 30
3415 6929 23
3415 6929 6
3415 8545 3
3415 8545 0
3415 8545 36
3415 8545 27
3415 8556 33
3415 8556 58
3415 8556 60
3415 8556 1
3415 8542 4
3415 8542 47
3415 8542 20
3415 8542 48
3415 8548 9
3415 8548 44
3415 8548 29
3415 8548 44
3415 8580 26
3415 8580 13
3415 8580 32
3415 8580 43
3415 8559 25
3415 8559 58
3415 8559 16
3415 8559 7
3416 6917 47
3416 6917 42
3416 6917 32
3416 6917 49
3416 6918 16
3416 6918 60
3416 6918 7
3416 6918 54
3416 6919 2
3416 6919 18
3416 6919 19
3416 6919 10
3416 6996 6
3416 6996 8
3416 6996 12
3416 6996 7
3416 6998 13
3416 6998 26
3416 6998 41
3416 6998 60
3416 6931 29
3416 6931 19
3416 6931 59
3416 6931 35
3416 8557 40
3416 8557 33
3416 8557 1
3416 8557 52
3416 6920 26
3416 6920 29
3416 6920 8
3416 6920 3
3416 9851 5
3416 9851 16
3416 9851 12
3416 9851 17
3416 3116 42
3416 3116 20
3416 3116 10
3416 3116 23
3416 6997 29
3416 6997 47
3416 6997 52
3416 6997 38
3416 9512 5
3416 9512 53
3416 9512 47
3416 9512 6
3416 6930 8
3416 6930 24
3416 6930 22
3416 6930 33
3416 8546 32
3416 8546 17
3416 8546 47
3416 8546 6
3416 8579 44
3416 8579 21
3416 8579 55
3416 8579 42
3416 8558 8
3416 8558 19
3416 8558 19
3416 8558 52
3416 8592 23
3416 8592 60
3416 8592 12
3416 8592 58
3416 6912 3
3416 6912 7
3416 6912 27
3416 6912 50
3416 9509 4
3416 9509 30
3416 9509 22
3416 9509 48
3416 9622 20
3416 9622 52
3416 9622 19
3416 9622 11
3416 9799 15
3416 9799 0
3416 9799 2
3416 9799 3
3416 3115 6
3416 3115 37
3416 3115 26
3416 3115 36
3416 7023 35
3416 7023 47
3416 7023 21
3416 7023 57
3416 9511 34
3416 9511 44
3416 9511 18
3416 9511 55
3416 9516 46
3416 9516 5
3416 9516 59
3416 9516 9
3416 6929 59
3416 6929 46
3416 6929 43
3416 6929 15
3416 8545 17
3416 8545 57
3416 8545 29
3416 8545 28
3416 8556 4
3416 8556 46
3416 8556 31
3416 8556 28
3416 8542 25
3416 8542 5
3416 8542 30
3416 8542 54
3416 8548 60
3416 8548 6
3416 8548 35
3416 8548 1
3416 8580 41
3416 8580 60
3416 8580 57
3416 8580 43
3416 8559 20
3416 8559 23
3416 8559 40
3416 8559 34
3281 6917 33
3281 6917 45
3281 6917 41
3281 6917 7
3281 6918 34
3281 6918 53
3281 6918 8
3281 6918 23
3281 6919 54
3281 6919 47
3281 6919 1
3281 6919 27
3281 6996 12
3281 6996 27
3281 6996 11
3281 6996 60
3281 6998 20
3281 6998 22
3281 6998 30
3281 6998 29
3281 6931 25
3281 6931 24
3281 6931 60
3281 6931 0
3281 8557 54
3281 8557 19
3281 8557 16
3281 8557 34
3281 6920 55
3281 6920 35
3281 6920 30
3281 6920 50
3281 9851 13
3281 9851 50
3281 9851 4
3281 9851 49
3281 3116 27
3281 3116 14
3281 3116 28
3281 3116 46
3281 6997 39
3281 6997 8
3281 6997 54
3281 6997 42
3281 9512 12
3281 9512 16
3281 9512 20
3281 9512 21
3281 6930 19
3281 6930 34
3281 6930 33
3281 6930 9
3281 8546 38
3281 8546 32
3281 8546 27
3281 8546 0
3281 8579 29
3281 8579 19
3281 8579 52
3281 8579 51
3281 8558 21
3281 8558 6
3281 8558 13
3281 8558 55
3281 8592 41
3281 8592 27
3281 8592 22
3281 8592 23
3281 6912 54
3281 6912 18
3281 6912 60
3281 6912 37
3281 9509 14
3281 9509 14
3281 9509 17
3281 9509 23
3281 9622 46
3281 9622 0
3281 9622 9
3281 9622 16
3281 9799 11
3281 9799 51
3281 9799 35
3281 9799 47
3281 3115 31
3281 3115 43
3281 3115 18
3281 3115 6
3281 7023 39
3281 7023 48
3281 7023 45
3281 7023 21
3281 9511 56
3281 9511 5
3281 9511 11
3281 9511 45
3281 9516 16
3281 9516 29
3281 9516 21
3281 9516 36
3281 6929 11
3281 6929 15
3281 6929 54
3281 6929 45
3281 8545 52
3281 8545 36
3281 8545 56
3281 8545 24
3281 8556 17
3281 8556 10
3281 8556 5
3281 8556 33
3281 8542 45
3281 8542 9
3281 8542 27
3281 8542 28
3281 8548 47
3281 8548 59
3281 8548 29
3281 8548 4
3281 8580 30
3281 8580 39
3281 8580 0
3281 8580 48
3281 8559 9
3281 8559 46
3281 8559 29
3281 8559 57
3412 6917 36
3412 6917 50
3412 6917 8
3412 6917 33
3412 6918 9
3412 6918 59
3412 6918 37
3412 6918 27
3412 6919 16
3412 6919 54
3412 6919 60
3412 6919 60
3412 6996 20
3412 6996 11
3412 6996 18
3412 6996 18
3412 6998 43
3412 6998 15
3412 6998 33
3412 6998 36
3412 6931 20
3412 6931 2
3412 6931 40
3412 6931 13
3412 8557 54
3412 8557 37
3412 8557 21
3412 8557 9
3412 6920 41
3412 6920 9
3412 6920 15
3412 6920 24
3412 9851 33
3412 9851 43
3412 9851 12
3412 9851 50
3412 3116 20
3412 3116 57
3412 3116 4
3412 3116 28
3412 6997 15
3412 6997 27
3412 6997 58
3412 6997 3
3412 9512 11
3412 9512 6
3412 9512 27
3412 9512 7
3412 6930 47
3412 6930 8
3412 6930 18
3412 6930 10
3412 8546 16
3412 8546 11
3412 8546 27
3412 8546 17
3412 8579 28
3412 8579 3
3412 8579 38
3412 8579 18
3412 8558 16
3412 8558 41
3412 8558 23
3412 8558 5
3412 8592 26
3412 8592 23
3412 8592 1
3412 8592 30
3412 6912 40
3412 6912 11
3412 6912 11
3412 6912 36
3412 9509 14
3412 9509 38
3412 9509 10
3412 9509 5
3412 9622 4
3412 9622 4
3412 9622 16
3412 9622 0
3412 9799 47
3412 9799 21
3412 9799 48
3412 9799 16
3412 3115 42
3412 3115 12
3412 3115 42
3412 3115 20
3412 7023 12
3412 7023 15
3412 7023 25
3412 7023 25
3412 9511 39
3412 9511 25
3412 9511 32
3412 9511 4
3412 9516 47
3412 9516 6
3412 9516 8
3412 9516 17
3412 6929 59
3412 6929 39
3412 6929 14
3412 6929 26
3412 8545 31
3412 8545 32
3412 8545 50
3412 8545 40
3412 8556 45
3412 8556 42
3412 8556 40
3412 8556 24
3412 8542 27
3412 8542 30
3412 8542 4
3412 8542 22
3412 8548 53
3412 8548 7
3412 8548 54
3412 8548 57
3412 8580 17
3412 8580 7
3412 8580 57
3412 8580 38
3412 8559 57
3412 8559 27
3412 8559 40
3412 8559 49
3417 6917 30
3417 6917 35
3417 6917 9
3417 6917 34
3417 6918 19
3417 6918 35
3417 6918 42
3417 6918 34
3417 6919 46
3417 6919 55
3417 6919 35
3417 6919 51
3417 6996 8
3417 6996 8
3417 6996 38
3417 6996 30
3417 6998 32
3417 6998 57
3417 6998 10
3417 6998 24
3417 6931 19
3417 6931 48
3417 6931 54
3417 6931 49
3417 8557 48
3417 8557 43
3417 8557 5
3417 8557 24
3417 6920 45
3417 6920 11
3417 6920 44
3417 6920 54
3417 9851 34
3417 9851 44
3417 9851 45
3417 9851 58
3417 3116 33
3417 3116 42
3417 3116 52
3417 3116 35
3417 6997 51
3417 6997 47
3417 6997 8
3417 6997 57
3417 9512 13
3417 9512 55
3417 9512 13
3417 9512 36
3417 6930 3
3417 6930 55
3417 6930 13
3417 6930 20
3417 8546 14
3417 8546 32
3417 8546 60
3417 8546 60
3417 8579 3
3417 8579 53
3417 8579 60
3417 8579 40
3417 8558 45
3417 8558 7
3417 8558 7
3417 8558 7
3417 8592 38
3417 8592 32
3417 8592 21
3417 8592 21
3417 6912 15
3417 6912 23
3417 6912 43
3417 6912 28
3417 9509 45
3417 9509 31
3417 9509 27
3417 9509 34
3417 9622 21
3417 9622 1
3417 9622 22
3417 9622 25
3417 9799 27
3417 9799 53
3417 9799 33
3417 9799 46
3417 3115 46
3417 3115 16
3417 3115 30
3417 3115 33
3417 7023 10
3417 7023 0
3417 7023 3
3417 7023 8
3417 9511 44
3417 9511 12
3417 9511 6
3417 9511 21
3417 9516 18
3417 9516 49
3417 9516 0
3417 9516 8
3417 6929 57
3417 6929 7
3417 6929 3
3417 6929 38
3417 8545 56
3417 8545 60
3417 8545 50
3417 8545 11
3417 8556 37
3417 8556 53
3417 8556 19
3417 8556 29
3417 8542 19
3417 8542 17
3417 8542 7
3417 8542 51
3417 8548 56
3417 8548 8
3417 8548 3
3417 8548 7
3417 8580 12
3417 8580 21
3417 8580 48
3417 8580 27
3417 8559 26
3417 8559 7
3417 8559 34
3417 8559 5
3414 6917 17
3414 6917 14
3414 6917 20
3414 6917 1
3414 6918 53
3414 6918 56
3414 6918 23
3414 6918 31
3414 6919 43
3414 6919 23
3414 6919 50
3414 6919 18
3414 6996 39
3414 6996 12
3414 6996 7
3414 6996 44
3414 6998 60
3414 6998 8
3414 6998 54
3414 6998 25
3414 6931 46
3414 6931 48
3414 6931 12
3414 6931 21
3414 8557 32
3414 8557 43
3414 8557 54
3414 8557 26
3414 6920 56
3414 6920 32
3414 6920 9
3414 6920 43
3414 9851 13
3414 9851 42
3414 9851 58
3414 9851 54
3414 3116 24
3414 3116 2
3414 3116 42
3414 3116 48
3414 6997 26
3414 6997 58
3414 6997 49
3414 6997 11
3414 9512 41
3414 9512 7
3414 9512 21
3414 9512 12
3414 6930 5
3414 6930 30
3414 6930 25
3414 6930 21
3414 8546 33
3414 8546 52
3414 8546 45
3414 8546 53
3414 8579 37
3414 8579 57
3414 8579 42
3414 8579 41
3414 8558 1
3414 8558 42
3414 8558 2
3414 8558 54
3414 8592 19
3414 8592 19
3414 8592 41
3414 8592 45
3414 6912 38
3414 6912 46
3414 6912 3
3414 6912 15
3414 9509 14
3414 9509 1
3414 9509 37
3414 9509 44
3414 9622 14
3414 9622 25
3414 9622 7
3414 9622 7
3414 9799 19
3414 9799 9
3414 9799 34
3414 9799 19
3414 3115 2
3414 3115 3
3414 3115 0
3414 3115 22
3414 7023 26
3414 7023 52
3414 7023 55
3414 7023 33
3414 9511 58
3414 9511 45
3414 9511 2
3414 9511 50
3414 9516 10
3414 9516 55
3414 9516 0
3414 9516 7
3414 6929 26
3414 6929 28
3414 6929 33
3414 6929 12
3414 8545 17
3414 8545 50
3414 8545 14
3414 8545 39
3414 8556 53
3414 8556 49
3414 8556 37
3414 8556 29
3414 8542 32
3414 8542 2
3414 8542 29
3414 8542 44
3414 8548 33
3414 8548 44
3414 8548 44
3414 8548 51
3414 8580 2
3414 8580 16
3414 8580 45
3414 8580 29
3414 8559 14
3414 8559 32
3414 8559 43
3414 8559 49
3079 6917 48
3079 6917 21
3079 6917 49
3079 6917 3
3079 6918 6
3079 6918 50
3079 6918 50
3079 6918 27
3079 6919 37
3079 6919 40
3079 6919 59
3079 6919 6
3079 6996 46
3079 6996 35
3079 6996 14
3079 6996 30
3079 6998 37
3079 6998 40
3079 6998 23
3079 6998 1
3079 6931 18
3079 6931 22
3079 6931 44
3079 6931 57
3079 8557 39
3079 8557 32
3079 8557 21
3079 8557 11
3079 6920 57
3079 6920 11
3079 6920 28
3079 6920 32
3079 9851 58
3079 9851 45
3079 9851 13
3079 9851 44
3079 3116 20
3079 3116 2
3079 3116 51
3079 3116 18
3079 6997 32
3079 6997 49
3079 6997 24
3079 6997 1
3079 9512 2
3079 9512 41
3079 9512 51
3079 9512 54
3079 6930 42
3079 6930 57
3079 6930 57
3079 6930 39
3079 8546 11
3079 8546 15
3079 8546 35
3079 8546 31
3079 8579 46
3079 8579 39
3079 8579 2
3079 8579 5
3079 8558 18
3079 8558 23
3079 8558 1
3079 8558 1
3079 8592 45
3079 8592 55
3079 8592 37
3079 8592 39
3079 6912 44
3079 6912 10
3079 6912 59
3079 6912 45
3079 9509 22
3079 9509 55
3079 9509 58
3079 9509 43
3079 9622 40
3079 9622 35
3079 9622 23
3079 9622 45
3079 9799 19
3079 9799 50
3079 9799 4
3079 9799 13
3079 3115 44
3079 3115 52
3079 3115 28
3079 3115 16
3079 7023 42
3079 7023 18
3079 7023 23
3079 7023 44
3079 9511 11
3079 9511 9
3079 9511 4
3079 9511 43
3079 9516 3
3079 9516 29
3079 9516 46
3079 9516 52
3079 6929 16
3079 6929 1
3079 6929 8
3079 6929 18
3079 8545 20
3079 8545 42
3079 8545 26
3079 8545 16
3079 8556 35
3079 8556 46
3079 8556 48
3079 8556 35
3079 8542 10
3079 8542 25
3079 8542 25
3079 8542 58
3079 8548 15
3079 8548 21
3079 8548 37
3079 8548 49
3079 8580 25
3079 8580 51
3079 8580 29
3079 8580 20
3079 8559 25
3079 8559 51
3079 8559 38
3079 8559 46
3441 6917 20
3441 6917 5
3441 6917 31
3441 6917 20
3441 6918 9
3441 6918 43
3441 6918 20
3441 6918 47
3441 6919 29
3441 6919 13
3441 6919 13
3441 6919 60
3441 6996 53
3441 6996 4
3441 6996 21
3441 6996 31
3441 6998 36
3441 6998 29
3441 6998 41
3441 6998 38
3441 6931 28
3441 6931 57
3441 6931 24
3441 6931 42
3441 8557 7
3441 8557 59
3441 8557 2
3441 8557 6
3441 6920 3
3441 6920 2
3441 6920 38
3441 6920 58
3441 9851 24
3441 9851 28
3441 9851 58
3441 9851 60
3441 3116 49
3441 3116 35
3441 3116 24
3441 3116 26
3441 6997 48
3441 6997 25
3441 6997 43
3441 6997 39
3441 9512 56
3441 9512 46
3441 9512 46
3441 9512 13
3441 6930 3
3441 6930 12
3441 6930 35
3441 6930 48
3441 8546 6
3441 8546 31
3441 8546 20
3441 8546 1
3441 8579 38
3441 8579 18
3441 8579 27
3441 8579 9
3441 8558 16
3441 8558 8
3441 8558 9
3441 8558 27
3441 8592 18
3441 8592 13
3441 8592 47
3441 8592 0
3441 6912 27
3441 6912 15
3441 6912 47
3441 6912 31
3441 9509 31
3441 9509 17
3441 9509 9
3441 9509 6
3441 9622 33
3441 9622 14
3441 9622 39
3441 9622 10
3441 9799 51
3441 9799 0
3441 9799 4
3441 9799 13
3441 3115 39
3441 3115 43
3441 3115 55
3441 3115 5
3441 7023 35
3441 7023 33
3441 7023 18
3441 7023 32
3441 9511 49
3441 9511 21
3441 9511 49
3441 9511 2
3441 9516 41
3441 9516 22
3441 9516 24
3441 9516 16
3441 6929 34
3441 6929 37
3441 6929 28
3441 6929 37
3441 8545 10
3441 8545 59
3441 8545 38
3441 8545 16
3441 8556 2
3441 8556 51
3441 8556 50
3441 8556 30
3441 8542 28
3441 8542 20
3441 8542 56
3441 8542 51
3441 8548 59
3441 8548 33
3441 8548 46
3441 8548 40
3441 8580 36
3441 8580 39
3441 8580 35
3441 8580 48
3441 8559 1
3441 8559 58
3441 8559 31
3441 8559 55
3446 6917 24
3446 6917 37
3446 6917 37
3446 6917 28
3446 6918 28
3446 6918 43
3446 6918 58
3446 6918 45
3446 6919 50
3446 6919 28
3446 6919 51
3446 6919 17
3446 6996 25
3446 6996 43
3446 6996 17
3446 6996 46
3446 6998 31
3446 6998 28
3446 6998 27
3446 6998 59
3446 6931 33
3446 6931 25
3446 6931 29
3446 6931 32
3446 8557 13
3446 8557 33
3446 8557 10
3446 8557 11
3446 6920 39
3446 6920 59
3446 6920 30
3446 6920 49
3446 9851 38
3446 9851 7
3446 9851 26
3446 9851 30
3446 3116 43
3446 3116 35
3446 3116 41
3446 3116 60
3446 6997 26
3446 6997 19
3446 6997 21
3446 6997 16
3446 9512 47
3446 9512 14
3446 9512 59
3446 9512 23
3446 6930 39
3446 6930 32
3446 6930 52
3446 6930 51
3446 8546 19
3446 8546 30
3446 8546 32
3446 8546 30
3446 8579 53
3446 8579 19
3446 8579 50
3446 8579 42
3446 8558 35
3446 8558 11
3446 8558 11
3446 8558 45
3446 8592 31
3446 8592 14
3446 8592 25
3446 8592 35
3446 6912 22
3446 6912 57
3446 6912 60
3446 6912 26
3446 9509 38
3446 9509 22
3446 9509 23
3446 9509 44
3446 9622 49
3446 9622 18
3446 9622 44
3446 9622 38
3446 9799 58
3446 9799 54
3446 9799 50
3446 9799 53
3446 3115 49
3446 3115 22
3446 3115 21
3446 3115 11
3446 7023 24
3446 7023 9
3446 7023 45
3446 7023 23
3446 9511 26
3446 9511 51
3446 9511 51
3446 9511 10
3446 9516 29
3446 9516 35
3446 9516 14
3446 9516 8
3446 6929 34
3446 6929 56
3446 6929 13
3446 6929 9
3446 8545 35
3446 8545 46
3446 8545 27
3446 8545 15
3446 8556 39
3446 8556 57
3446 8556 32
3446 8556 38
3446 8542 55
3446 8542 56
3446 8542 10
3446 8542 1
3446 8548 52
3446 8548 49
3446 8548 1
3446 8548 60
3446 8580 6
3446 8580 10
3446 8580 43
3446 8580 9
3446 8559 10
3446 8559 57
3446 8559 2
3446 8559 33
3280 6917 11
3280 6917 35
3280 6917 59
3280 6917 17
3280 6918 46
3280 6918 11
3280 6918 40
3280 6918 6
3280 6919 9
3280 6919 34
3280 6919 34
3280 6919 49
3280 6996 17
3280 6996 20
3280 6996 44
3280 6996 39
3280 6998 49
3280 6998 52
3280 6998 5
3280 6998 17
3280 6931 40
3280 6931 34
3280 6931 29
3280 6931 48
3280 8557 49
3280 8557 4
3280 8557 9
3280 8557 29
3280 6920 13
3280 6920 3
3280 6920 11
3280 6920 22
3280 9851 15
3280 9851 23
3280 9851 44
3280 9851 44
3280 3116 32
3280 3116 29
3280 3116 41
3280 3116 31
3280 6997 53
3280 6997 10
3280 6997 53
3280 6997 54
3280 9512 43
3280 9512 21
3280 9512 38
3280 9512 48
3280 6930 54
3280 6930 3
3280 6930 15
3280 6930 14
3280 8546 60
3280 8546 50
3280 8546 24
3280 8546 40
3280 8579 45
3280 8579 4
3280 8579 56
3280 8579 13
3280 8558 52
3280 8558 48
3280 8558 54
3280 8558 27
3280 8592 0
3280 8592 12
3280 8592 38
3280 8592 27
3280 6912 25
3280 6912 20
3280 6912 8
3280 6912 26
3280 9509 60
3280 9509 7
3280 9509 50
3280 9509 5
3280 9622 49
3280 9622 49
3280 9622 27
3280 9622 23
3280 9799 27
3280 9799 55
3280 9799 34
3280 9799 48
3280 3115 58
3280 3115 8
3280 3115 17
3280 3115 1
3280 7023 36
3280 7023 10
3280 7023 29
3280 7023 58
3280 9511 52
3280 9511 45
3280 9511 43
3280 9511 44
3280 9516 7
3280 9516 49
3280 9516 29
3280 9516 16
3280 6929 18
3280 6929 34
3280 6929 8
3280 6929 40
3280 8545 55
3280 8545 40
3280 8545 2
3280 8545 22
3280 8556 14
3280 8556 14
3280 8556 25
3280 8556 39
3280 8542 9
3280 8542 53
3280 8542 7
3280 8542 40
3280 8548 54
3280 8548 31
3280 8548 56
3280 8548 30
3280 8580 54
3280 8580 0
3280 8580 47
3280 8580 7
3280 8559 53
3280 8559 41
3280 8559 9
3280 8559 18
3403 6917 15
3403 6917 25
3403 6917 0
3403 6917 41
3403 6918 19
3403 6918 15
3403 6918 13
3403 6918 43
3403 6919 34
3403 6919 17
3403 6919 37
3403 6919 44
3403 6996 19
3403 6996 50
3403 6996 56
3403 6996 59
3403 6998 8
3403 6998 8
3403 6998 34
3403 6998 29
3403 6931 5
3403 6931 44
3403 6931 59
3403 6931 15
3403 8557 40
3403 8557 22
3403 8557 20
3403 8557 23
3403 6920 18
3403 6920 38
3403 6920 52
3403 6920 43
3403 9851 53
3403 9851 34
3403 9851 36
3403 9851 23
3403 3116 19
3403 3116 31
3403 3116 40
3403 3116 23
3403 6997 22
3403 6997 36
3403 6997 19
3403 6997 18
3403 9512 11
3403 9512 5
3403 9512 37
3403 9512 36
3403 6930 41
3403 6930 60
3403 6930 30
3403 6930 27
3403 8546 47
3403 8546 2
3403 8546 51
3403 8546 17
3403 8579 9
3403 8579 52
3403 8579 60
3403 8579 33
3403 8558 5
3403 8558 41
3403 8558 16
3403 8558 42
3403 8592 46
3403 8592 40
3403 8592 14
3403 8592 8
3403 6912 22
3403 6912 17
3403 6912 31
3403 6912 25
3403 9509 57
3403 9509 42
3403 9509 21
3403 9509 11
3403 9622 59
3403 9622 14
3403 9622 22
3403 9622 11
3403 9799 14
3403 9799 26
3403 9799 39
3403 9799 26
3403 3115 32
3403 3115 31
3403 3115 33
3403 3115 5
3403 7023 28
3403 7023 42
3403 7023 48
3403 7023 16
3403 9511 5
3403 9511 16
3403 9511 38
3403 9511 10
3403 9516 19
3403 9516 47
3403 9516 17
3403 9516 4
3403 6929 33
3403 6929 42
3403 6929 60
3403 6929 26
3403 8545 34
3403 8545 49
3403 8545 9
3403 8545 52
3403 8556 48
3403 8556 40
3403 8556 28
3403 8556 27
3403 8542 27
3403 8542 57
3403 8542 2
3403 8542 57
3403 8548 24
3403 8548 10
3403 8548 58
3403 8548 19
3403 8580 7
3403 8580 60
3403 8580 6
3403 8580 34
3403 8559 32
3403 8559 41
3403 8559 50
3403 8559 57
3283 6917 37
3283 6917 58
3283 6917 2
3283 6917 10
3283 6918 42
3283 6918 26
3283 6918 3
3283 6918 40
3283 6919 31
3283 6919 42
3283 6919 50
3283 6919 29
3283 6996 39
3283 6996 40
3283 6996 35
3283 6996 32
3283 6998 60
3283 6998 34
3283 6998 43
3283 6998 15
3283 6931 21
3283 6931 2
3283 6931 2
3283 6931 5
3283 8557 28
3283 8557 52
3283 8557 24
3283 8557 52
3283 6920 37
3283 6920 22
3283 6920 13
3283 6920 16
3283 9851 35
3283 9851 55
3283 9851 49
3283 9851 55
3283 3116 39
3283 3116 20
3283 3116 53
3283 3116 3
3283 6997 2
3283 6997 18
3283 6997 15
3283 6997 60
3283 9512 48
3283 9512 44
3283 9512 46
3283 9512 32
3283 6930 9
3283 6930 28
3283 6930 46
3283 6930 29
3283 8546 1
3283 8546 49
3283 8546 14
3283 8546 25
3283 8579 9
3283 8579 7
3283 8579 37
3283 8579 3
3283 8558 13
3283 8558 42
3283 8558 42
3283 8558 0
3283 8592 6
3283 8592 38
3283 8592 1
3283 8592 15
3283 6912 27
3283 6912 14
3283 6912 24
3283 6912 18
3283 9509 19
3283 9509 13
3283 9509 43
3283 9509 31
3283 9622 20
3283 9622 27
3283 9622 47
3283 9622 15
3283 9799 48
3283 9799 23
3283 9799 40
3283 9799 14
3283 3115 19
3283 3115 13
3283 3115 38
3283 3115 6
3283 7023 41
3283 7023 19
3283 7023 49
3283 7023 22
3283 9511 0
3283 9511 42
3283 9511 53
3283 9511 55
3283 9516 24
3283 9516 5
3283 9516 23
3283 9516 23
3283 6929 60
3283 6929 40
3283 6929 18
3283 6929 41
3283 8545 34
3283 8545 15
3283 8545 57
3283 8545 9
3283 8556 17
3283 8556 28
3283 8556 11
3283 8556 7
3283 8542 59
3283 8542 43
3283 8542 39
3283 8542 33
3283 8548 7
3283 8548 55
3283 8548 47
3283 8548 32
3283 8580 26
3283 8580 52
3283 8580 46
3283 8580 58
3283 8559 3
3283 8559 47
3283 8559 42
3283 8559 41
3405 6917 10
3405 6917 25
3405 6917 1
3405 6917 23
3405 6918 31
3405 6918 59
3405 6918 36
3405 6918 5
3405 6919 19
3405 6919 42
3405 6919 38
3405 6919 34
3405 6996 28
3405 6996 3
3405 6996 33
3405 6996 51
3405 6998 11
3405 6998 40
3405 6998 44
3405 6998 43
3405 6931 44
3405 6931 55
3405 6931 49
3405 6931 9
3405 8557 55
3405 8557 2
3405 8557 32
3405 8557 36
3405 6920 18
3405 6920 49
3405 6920 42
3405 6920 58
3405 9851 31
3405 9851 52
3405 9851 39
3405 9851 3
3405 3116 28
3405 3116 31
3405 3116 14
3405 3116 37
3405 6997 35
3405 6997 34
3405 6997 45
3405 6997 32
3405 9512 30
3405 9512 4
3405 9512 57
3405 9512 19
3405 6930 25
3405 6930 13
3405 6930 37
3405 6930 19
3405 8546 26
3405 8546 38
3405 8546 45
3405 8546 41
3405 8579 3
3405 8579 8
3405 8579 19
3405 8579 26
3405 8558 28
3405 8558 45
3405 8558 42
3405 8558 34
3405 8592 0
3405 8592 11
3405 8592 42
3405 8592 13
3405 6912 6
3405 6912 6
3405 6912 1
3405 6912 36
3405 9509 41
3405 9509 57
3405 9509 25
3405 9509 59
3405 9622 33
3405 9622 29
3405 9622 53
3405 9622 44
3405 9799 35
3405 9799 36
3405 9799 32
3405 9799 52
3405 3115 31
3405 3115 11
3405 3115 34
3405 3115 31
3405 7023 8
3405 7023 7
3405 7023 4
3405 7023 46
3405 9511 40
3405 9511 46
3405 9511 57
3405 9511 29
3405 9516 28
3405 9516 55
3405 9516 25
3405 9516 52
3405 6929 46
3405 6929 32
3405 6929 55
3405 6929 29
3405 8545 24
3405 8545 16
3405 8545 56
3405 8545 3
3405 8556 51
3405 8556 8
3405 8556 1
3405 8556 42
3405 8542 14
3405 8542 60
3405 8542 23
3405 8542 22
3405 8548 17
3405 8548 8
3405 8548 51
3405 8548 43
3405 8580 27
3405 8580 39
3405 8580 47
3405 8580 20
3405 8559 14
3405 8559 39
3405 8559 39
3405 8559 24
3418 6917 38
3418 6917 18
3418 6917 57
3418 6917 55
3418 6918 37
3418 6918 38
3418 6918 36
3418 6918 10
3418 6919 54
3418 6919 4
3418 6919 57
3418 6919 14
3418 6996 7
3418 6996 34
3418 6996 58
3418 6996 25
3418 6998 15
3418 6998 0
3418 6998 22
3418 6998 3
3418 6931 4
3418 6931 11
3418 6931 37
3418 6931 37
3418 8557 42
3418 8557 16
3418 8557 16
3418 8557 19
3418 6920 45
3418 6920 43
3418 6920 34
3418 6920 51
3418 9851 4
3418 9851 7
3418 9851 45
3418 9851 10
3418 3116 58
3418 3116 13
3418 3116 30
3418 3116 18
3418 6997 9
3418 6997 48
3418 6997 44
3418 6997 58
3418 9512 12
3418 9512 54
3418 9512 35
3418 9512 21
3418 6930 54
3418 6930 23
3418 6930 0
3418 6930 59
3418 8546 47
3418 8546 38
3418 8546 20
3418 8546 27
3418 8579 27
3418 8579 19
3418 8579 41
3418 8579 21
3418 8558 26
3418 8558 59
3418 8558 58
3418 8558 7
3418 8592 12
3418 8592 8
3418 8592 45
3418 8592 16
3418 6912 6
3418 6912 32
3418 6912 40
3418 6912 25
3418 9509 10
3418 9509 5
3418 9509 37
3418 9509 26
3418 9622 28
3418 9622 21
3418 9622 33
3418 9622 48
3418 9799 48
3418 9799 52
3418 9799 44
3418 9799 51
3418 3115 26
3418 3115 59
3418 3115 46
3418 3115 60
3418 7023 16
3418 7023 8
3418 7023 31
3418 7023 42
3418 9511 24
3418 9511 11
3418 9511 59
3418 9511 13
3418 9516 23
3418 9516 33
3418 9516 4
3418 9516 43
3418 6929 26
3418 6929 5
3418 6929 54
3418 6929 52
3418 8545 31
3418 8545 23
3418 8545 51
3418 8545 52
3418 8556 42
3418 8556 9
3418 8556 25
3418 8556 27
3418 8542 5
3418 8542 30
3418 8542 42
3418 8542 60
3418 8548 56
3418 8548 1
3418 8548 54
3418 8548 25
3418 8580 26
3418 8580 59
3418 8580 52
3418 8580 46
3418 8559 46
3418 8559 26
3418 8559 6
3418 8559 23
3406 6917 47
3406 6917 7
3406 6917 53
3406 6917 26
3406 6918 39
3406 6918 20
3406 6918 34
3406 6918 55
3406 6919 46
3406 6919 26
3406 6919 10
3406 6919 54
3406 6996 25
3406 6996 16
3406 6996 52
3406 6996 28
3406 6998 14
3406 6998 52
3406 6998 18
3406 6998 52
3406 6931 57
3406 6931 58
3406 6931 56
3406 6931 46
3406 8557 7
3406 8557 1
3406 8557 23
3406 8557 54
3406 6920 58
3406 6920 53
3406 6920 2
3406 6920 20
3406 9851 12
3406 9851 51
3406 9851 54
3406 9851 30
3406 3116 17
3406 3116 51
3406 3116 43
3406 3116 37
3406 6997 4
3406 6997 17
3406 6997 50
3406 6997 37
3406 9512 14
3406 9512 13
3406 9512 21
3406 9512 4
3406 6930 54
3406 6930 3
3406 6930 21
3406 6930 53
3406 8546 9
3406 8546 31
3406 8546 55
3406 8546 51
3406 8579 21
3406 8579 1
3406 8579 46
3406 8579 15
3406 8558 54
3406 8558 20
3406 8558 9
3406 8558 50
3406 8592 31
3406 8592 3
3406 8592 30
3406 8592 58
3406 6912 26
3406 6912 0
3406 6912 14
3406 6912 0
3406 9509 49
3406 9509 32
3406 9509 60
3406 9509 1
3406 9622 21
3406 9622 38
3406 9622 55
3406 9622 13
3406 9799 11
3406 9799 8
3406 9799 4
3406 9799 8
3406 3115 11
3406 3115 42
3406 3115 21
3406 3115 54
3406 7023 26
3406 7023 12
3406 7023 60
3406 7023 19
3406 9511 51
3406 9511 32
3406 9511 42
3406 9511 34
3406 9516 48
3406 9516 31
3406 9516 49
3406 9516 6
3406 6929 17
3406 6929 5
3406 6929 45
3406 6929 51
3406 8545 16
3406 8545 56
3406 8545 8
3406 8545 27
3406 8556 50
3406 8556 27
3406 8556 48
3406 8556 9
3406 8542 23
3406 8542 47
3406 8542 38
3406 8542 17
3406 8548 29
3406 8548 7
3406 8548 44
3406 8548 27
3406 8580 55
3406 8580 24
3406 8580 40
3406 8580 31
3406 8559 20
3406 8559 32
3406 8559 22
3406 8559 1
3422 6917 37
3422 6917 17
3422 6917 36
3422 6917 38
3422 6918 4
3422 6918 11
3422 6918 48
3422 6918 60
3422 6919 33
3422 6919 22
3422 6919 49
3422 6919 60
3422 6996 24
3422 6996 34
3422 6996 26
3422 6996 18
3422 6998 60
3422 6998 55
3422 6998 11
3422 6998 17
3422 6931 24
3422 6931 7
3422 6931 9
3422 6931 59
3422 8557 57
3422 8557 55
3422 8557 11
3422 8557 11
3422 6920 26
3422 6920 58
3422 6920 47
3422 6920 19
3422 9851 23
3422 9851 4
3422 9851 11
3422 9851 12
3422 3116 18
3422 3116 25
3422 3116 8
3422 3116 37
3422 6997 1
3422 6997 59
3422 6997 26
3422 6997 33
3422 9512 16
3422 9512 36
3422 9512 7
3422 9512 37
3422 6930 5
3422 6930 33
3422 6930 49
3422 6930 35
3422 8546 26
3422 8546 26
3422 8546 36
3422 8546 41
3422 8579 8
3422 8579 25
3422 8579 34
3422 8579 15
3422 8558 5
3422 8558 3
3422 8558 47
3422 8558 0
3422 8592 13
3422 8592 40
3422 8592 29
3422 8592 31
3422 6912 17
3422 6912 34
3422 6912 48
3422 6912 44
3422 9509 52
3422 9509 57
3422 9509 38
3422 9509 2
3422 9622 29
3422 9622 7
3422 9622 41
3422 9622 49
3422 9799 60
3422 9799 37
3422 9799 18
3422 9799 1
3422 3115 10
3422 3115 44
3422 3115 27
3422 3115 46
3422 7023 16
3422 7023 59
3422 7023 16
3422 7023 14
3422 9511 26
3422 9511 58
3422 9511 33
3422 9511 39
3422 9516 38
3422 9516 25
3422 9516 43
3422 9516 36
3422 6929 51
3422 6929 20
3422 6929 44
3422 6929 11
3422 8545 23
3422 8545 49
3422 8545 2
3422 8545 40
3422 8556 7
3422 8556 25
3422 8556 48
3422 8556 19
3422 8542 53
3422 8542 53
3422 8542 35
3422 8542 19
3422 8548 47
3422 8548 44
3422 8548 17
3422 8548 44
3422 8580 8
3422 8580 20
3422 8580 7
3422 8580 15
3422 8559 36
3422 8559 19
3422 8559 20
3422 8559 14
3421 6917 19
3421 6917 32
3421 6917 10
3421 6917 24
3421 6918 6
3421 6918 23
3421 6918 40
3421 6918 34
3421 6919 4
3421 6919 43
3421 6919 28
3421 6919 22
3421 6996 43
3421 6996 2
3421 6996 19
3421 6996 53
3421 6998 37
3421 6998 53
3421 6998 26
3421 6998 52
3421 6931 31
3421 6931 25
3421 6931 40
3421 6931 58
3421 8557 33
3421 8557 19
3421 8557 39
3421 8557 7
3421 6920 12
3421 6920 40
3421 6920 32
3421 6920 45
3421 9851 6
3421 9851 37
3421 9851 47
3421 9851 51
3421 3116 14
3421 3116 12
3421 3116 43
3421 3116 20
3421 6997 20
3421 6997 56
3421 6997 32
3421 6997 58
3421 9512 35
3421 9512 48
3421 9512 25
3421 9512 7
3421 6930 56
3421 6930 7
3421 6930 11
3421 6930 52
3421 8546 9
3421 8546 43
3421 8546 5
3421 8546 19
3421 8579 10
3421 8579 56
3421 8579 55
3421 8579 60
3421 8558 34
3421 8558 40
3421 8558 48
3421 8558 11
3421 8592 43
3421 8592 53
3421 8592 23
3421 8592 31
3421 6912 0
3421 6912 8
3421 6912 58
3421 6912 36
3421 9509 28
3421 9509 5
3421 9509 42
3421 9509 3
3421 9622 39
3421 9622 9
3421 9622 41
3421 9622 59
3421 9799 27
3421 9799 10
3421 9799 31
3421 9799 17
3421 3115 40
3421 3115 23
3421 3115 45
3421 3115 59
3421 7023 28
3421 7023 53
3421 7023 0
3421 7023 59
3421 9511 16
3421 9511 46
3421 9511 28
3421 9511 43
3421 9516 6
3421 9516 34
3421 9516 30
3421 9516 1
3421 6929 18
3421 6929 12
3421 6929 17
3421 6929 22
3421 8545 59
3421 8545 51
3421 8545 14
3421 8545 51
3421 8556 50
3421 8556 16
3421 8556 44
3421 8556 28
3421 8542 31
3421 8542 57
3421 8542 51
3421 8542 4
3421 8548 1
3421 8548 39
3421 8548 37
3421 8548 59
3421 8580 37
3421 8580 36
3421 8580 33
3421 8580 25
3421 8559 7
3421 8559 57
3421 8559 60
3421 8559 47
3078 6917 38
3078 6917 1
3078 6917 20
3078 6917 32
3078 6918 22
3078 6918 37
3078 6918 8
3078 6918 29
3078 6919 49
3078 6919 12
3078 6919 15
3078 6919 19
3078 6996 12
3078 6996 15
3078 6996 37
3078 6996 17
3078 6998 59
3078 6998 23
3078 6998 47
3078 6998 5
3078 6931 8
3078 6931 10
3078 6931 48
3078 6931 18
3078 8557 41
3078 8557 36
3078 8557 10
3078 8557 19
3078 6920 50
3078 6920 38
3078 6920 45
3078 6920 23
3078 9851 37
3078 9851 2
3078 9851 44
3078 9851 51
3078 3116 17
3078 3116 32
3078 3116 33
3078 3116 6
3078 6997 38
3078 6997 54
3078 6997 57
3078 6997 14
3078 9512 15
3078 9512 46
3078 9512 1
3078 9512 6
3078 6930 22
3078 6930 32
3078 6930 14
3078 6930 8
3078 8546 0
3078 8546 48
3078 8546 59
3078 8546 24
3078 8579 23
3078 8579 58
3078 8579 14
3078 8579 6
3078 8558 58
3078 8558 58
3078 8558 37
3078 8558 1
3078 8592 25
3078 8592 3
3078 8592 11
3078 8592 28
3078 6912 23
3078 6912 58
3078 6912 11
3078 6912 11
3078 9509 13
3078 9509 3
3078 9509 57
3078 9509 50
3078 9622 57
3078 9622 55
3078 9622 46
3078 9622 58
3078 9799 22
3078 9799 57
3078 9799 47
3078 9799 20
3078 3115 31
3078 3115 7
3078 3115 27
3078 3115 29
3078 7023 49
3078 7023 19
3078 7023 5
3078 7023 20
3078 9511 21
3078 9511 39
3078 9511 2
3078 9511 23
3078 9516 1
3078 9516 36
3078 9516 21
3078 9516 19
3078 6929 43
3078 6929 20
3078 6929 56
3078 6929 46
3078 8545 31
3078 8545 60
3078 8545 46
3078 8545 40
3078 8556 32
3078 8556 54
3078 8556 50
3078 8556 30
3078 8542 59
3078 8542 16
3078 8542 59
3078 8542 48
3078 8548 46
3078 8548 23
3078 8548 11
3078 8548 43
3078 8580 58
3078 8580 42
3078 8580 35
3078 8580 26
3078 8559 16
3078 8559 7
3078 8559 59
3078 8559 3
3440 6917 8
3440 6917 7
3440 6917 9
3440 6917 24
3440 6918 41
3440 6918 19
3440 6918 17
3440 6918 27
3440 6919 7
3440 6919 18
3440 6919 42
3440 6919 37
3440 6996 22
3440 6996 0
3440 6996 52
3440 6996 2
3440 6998 58
3440 6998 10
3440 6998 54
3440 6998 10
3440 6931 53
3440 6931 55
3440 6931 36
3440 6931 8
3440 8557 14
3440 8557 29
3440 8557 43
3440 8557 12
3440 6920 11
3440 6920 43
3440 6920 6
3440 6920 50
3440 9851 18
3440 9851 24
3440 9851 35
3440 9851 34
3440 3116 31
3440 3116 59
3440 3116 19
3440 3116 37
3440 6997 52
3440 6997 17
3440 6997 25
3440 6997 0
3440 9512 57
3440 9512 1
3440 9512 47
3440 9512 15
3440 6930 56
3440 6930 33
3440 6930 57
3440 6930 51
3440 8546 41
3440 8546 58
3440 8546 52
3440 8546 47
3440 8579 20
3440 8579 20
3440 8579 37
3440 8579 52
3440 8558 47
3440 8558 42
3440 8558 56
3440 8558 52
3440 8592 59
3440 8592 54
3440 8592 38
3440 8592 58
3440 6912 13
3440 6912 5
3440 6912 28
3440 6912 38
3440 9509 27
3440 9509 30
3440 9509 54
3440 9509 3
3440 9622 25
3440 9622 54
3440 9622 1
3440 9622 0
3440 9799 30
3440 9799 42
3440 9799 59
3440 9799 52
3440 3115 20
3440 3115 16
3440 3115 26
3440 3115 16
3440 7023 5
3440 7023 59
3440 7023 52
3440 7023 7
3440 9511 50
3440 9511 24
3440 9511 39
3440 9511 58
3440 9516 59
3440 9516 59
3440 9516 54
3440 9516 36
3440 6929 42
3440 6929 13
3440 6929 59
3440 6929 33
3440 8545 6
3440 8545 2
3440 8545 10
3440 8545 54
3440 8556 52
3440 8556 40
3440 8556 15
3440 8556 56
3440 8542 9
3440 8542 0
3440 8542 55
3440 8542 53
3440 8548 19
3440 8548 58
3440 8548 25
3440 8548 23
3440 8580 35
3440 8580 1
3440 8580 11
3440 8580 11
3440 8559 60
3440 8559 54
3440 8559 21
3440 8559 7
3444 6917 29
3444 6917 33
3444 6917 19
3444 6917 38
3444 6918 17
3444 6918 9
3444 6918 22
3444 6918 49
3444 6919 30
3444 6919 58
3444 6919 52
3444 6919 38
3444 6996 41
3444 6996 5
3444 6996 37
3444 6996 25
3444 6998 27
3444 6998 18
3444 6998 47
3444 6998 26
3444 6931 35
3444 6931 57
3444 6931 58
3444 6931 40
3444 8557 25
3444 8557 24
3444 8557 30
3444 8557 32
3444 6920 45
3444 6920 35
3444 6920 31
3444 6920 30
3444 9851 57
3444 9851 15
3444 9851 43
3444 9851 14
3444 3116 45
3444 3116 4
3444 3116 27
3444 3116 52
3444 6997 5
3444 6997 16
3444 6997 33
3444 6997 49
3444 9512 0
3444 9512 36
3444 9512 46
3444 9512 29
3444 6930 25
3444 6930 18
3444 6930 32
3444 6930 56
3444 8546 4
3444 8546 58
3444 8546 32
3444 8546 14
3444 8579 49
3444 8579 41
3444 8579 50
3444 8579 30
3444 8558 17
3444 8558 57
3444 8558 10
3444 8558 59
3444 8592 1
3444 8592 54
3444 8592 45
3444 8592 60
3444 6912 7
3444 6912 38
3444 6912 6
3444 6912 41
3444 9509 54
3444 9509 39
3444 9509 52
3444 9509 57
3444 9622 3
3444 9622 2
3444 9622 52
3444 9622 53
3444 9799 17
3444 9799 23
3444 9799 55
3444 9799 47
3444 3115 48
3444 3115 46
3444 3115 37
3444 3115 48
3444 7023 21
3444 7023 39
3444 7023 23
3444 7023 57
3444 9511 34
3444 9511 45
3444 9511 28
3444 9511 49
3444 9516 58
3444 9516 31
3444 9516 23
3444 9516 28
3444 6929 18
3444 6929 55
3444 6929 2
3444 6929 1
3444 8545 57
3444 8545 43
3444 8545 8
3444 8545 25
3444 8556 58
3444 8556 49
3444 8556 15
3444 8556 57
3444 8542 40
3444 8542 51
3444 8542 28
3444 8542 15
3444 8548 46
3444 8548 35
3444 8548 52
3444 8548 38
3444 8580 37
3444 8580 58
3444 8580 16
3444 8580 27
3444 8559 11
3444 8559 44
3444 8559 13
3444 8559 39
3460 6917 57
3460 6917 35
3460 6917 20
3460 6917 27
3460 6918 24
3460 6918 3
3460 6918 19
3460 6918 60
3460 6919 43
3460 6919 34
3460 6919 11
3460 6919 48
3460 6996 46
3460 6996 39
3460 6996 37
3460 6996 20
3460 6998 58
3460 6998 59
3460 6998 57
3460 6998 21
3460 6931 18
3460 6931 5
3460 6931 4
3460 6931 45
3460 8557 43
3460 8557 24
3460 8557 7
3460 8557 54
3460 6920 21
3460 6920 40
3460 6920 22
3460 6920 0
3460 9851 40
3460 9851 1
3460 9851 11
3460 9851 27
3460 3116 60
3460 3116 8
3460 3116 28
3460 3116 25
3460 6997 5
3460 6997 5
3460 6997 60
3460 6997 59
3460 9512 53
3460 9512 16
3460 9512 41
3460 9512 40
3460 6930 18
3460 6930 39
3460 6930 52
3460 6930 55
3460 8546 27
3460 8546 51
3460 8546 51
3460 8546 54
3460 8579 47
3460 8579 4
3460 8579 0
3460 8579 17
3460 8558 29
3460 8558 17
3460 8558 48
3460 8558 52
3460 8592 42
3460 8592 60
3460 8592 8
3460 8592 53
3460 6912 40
3460 6912 42
3460 6912 50
3460 6912 57
3460 9509 21
3460 9509 4
3460 9509 32
3460 9509 26
3460 9622 1
3460 9622 4
3460 9622 4
3460 9622 40
3460 9799 29
3460 9799 44
3460 9799 50
3460 9799 57
3460 3115 37
3460 3115 60
3460 3115 48
3460 3115 56
3460 7023 52
3460 7023 52
3460 7023 35
3460 7023 2
3460 9511 33
3460 9511 43
3460 9511 3
3460 9511 29
3460 9516 39
3460 9516 34
3460 9516 37
3460 9516 9
3460 6929 19
3460 6929 4
3460 6929 60
3460 6929 20
3460 8545 59
3460 8545 20
3460 8545 48
3460 8545 43
3460 8556 18
3460 8556 16
3460 8556 48
3460 8556 60
3460 8542 45
3460 8542 43
3460 8542 51
3460 8542 46
3460 8548 18
3460 8548 28
3460 8548 5
3460 8548 9
3460 8580 32
3460 8580 13
3460 8580 58
3460 8580 54
3460 8559 13
3460 8559 29
3460 8559 5
3460 8559 58
3276 6917 38
3276 6917 57
3276 6917 48
3276 6917 6
3276 6918 57
3276 6918 51
3276 6918 3
3276 6918 3
3276 6919 48
3276 6919 39
3276 6919 11
3276 6919 33
3276 6996 13
3276 6996 59
3276 6996 18
3276 6996 59
3276 6998 50
3276 6998 36
3276 6998 30
3276 6998 36
3276 6931 56
3276 6931 25
3276 6931 2
3276 6931 27
3276 8557 37
3276 8557 33
3276 8557 22
3276 8557 52
3276 6920 8
3276 6920 3
3276 6920 43
3276 6920 43
3276 9851 55
3276 9851 43
3276 9851 8
3276 9851 45
3276 3116 56
3276 3116 41
3276 3116 18
3276 3116 41
3276 6997 59
3276 6997 29
3276 6997 48
3276 6997 53
3276 9512 35
3276 9512 45
3276 9512 19
3276 9512 13
3276 6930 4
3276 6930 21
3276 6930 34
3276 6930 58
3276 8546 43
3276 8546 37
3276 8546 31
3276 8546 49
3276 8579 8
3276 8579 50
3276 8579 21
3276 8579 16
3276 8558 53
3276 8558 0
3276 8558 40
3276 8558 2
3276 8592 1
3276 8592 16
3276 8592 30
3276 8592 5
3276 6912 51
3276 6912 38
3276 6912 58
3276 6912 24
3276 9509 55
3276 9509 38
3276 9509 45
3276 9509 37
3276 9622 60
3276 9622 18
3276 9622 14
3276 9622 12
3276 9799 7
3276 9799 48
3276 9799 46
3276 9799 8
3276 3115 16
3276 3115 16
3276 3115 57
3276 3115 55
3276 7023 30
3276 7023 11
3276 7023 10
3276 7023 46
3276 9511 60
3276 9511 31
3276 9511 26
3276 9511 40
3276 9516 36
3276 9516 26
3276 9516 57
3276 9516 43
3276 6929 7
3276 6929 12
3276 6929 43
3276 6929 23
3276 8545 16
3276 8545 18
3276 8545 14
3276 8545 22
3276 8556 50
3276 8556 36
3276 8556 53
3276 8556 15
3276 8542 27
3276 8542 36
3276 8542 54
3276 8542 30
3276 8548 60
3276 8548 3
3276 8548 10
3276 8548 37
3276 8580 38
3276 8580 25
3276 8580 42
3276 8580 52
3276 8559 26
3276 8559 48
3276 8559 57
3276 8559 23
3083 6917 12
3083 6917 1
3083 6917 29
3083 6917 34
3083 6918 50
3083 6918 13
3083 6918 37
3083 6918 14
3083 6919 35
3083 6919 37
3083 6919 49
3083 6919 5
3083 6996 43
3083 6996 60
3083 6996 15
3083 6996 17
3083 6998 53
3083 6998 60
3083 6998 60
3083 6998 51
3083 6931 24
3083 6931 20
3083 6931 57
3083 6931 35
3083 8557 29
3083 8557 45
3083 8557 15
3083 8557 16
3083 6920 7
3083 6920 49
3083 6920 22
3083 6920 5
3083 9851 1
3083 9851 31
3083 9851 41
3083 9851 23
3083 3116 32
3083 3116 53
3083 3116 3
3083 3116 60
3083 6997 17
3083 6997 27
3083 6997 46
3083 6997 44
3083 9512 53
3083 9512 26
3083 9512 7
3083 9512 18
3083 6930 12
3083 6930 10
3083 6930 16
3083 6930 33
3083 8546 2
3083 8546 25
3083 8546 10
3083 8546 55
3083 8579 26
3083 8579 27
3083 8579 45
3083 8579 10
3083 8558 16
3083 8558 4
3083 8558 50
3083 8558 23
3083 8592 4
3083 8592 19
3083 8592 53
3083 8592 0
3083 6912 43
3083 6912 31
3083 6912 57
3083 6912 19
3083 9509 35
3083 9509 50
3083 9509 46
3083 9509 60
3083 9622 43
3083 9622 60
3083 9622 4
3083 9622 17
3083 9799 57
3083 9799 30
3083 9799 5
3083 9799 13
3083 3115 50
3083 3115 35
3083 3115 13
3083 3115 42
3083 7023 51
3083 7023 28
3083 7023 10
3083 7023 7
3083 9511 52
3083 9511 35
3083 9511 24
3083 9511 29
3083 9516 20
3083 9516 12
3083 9516 42
3083 9516 49
3083 6929 54
3083 6929 33
3083 6929 22
3083 6929 35
3083 8545 3
3083 8545 6
3083 8545 8
3083 8545 56
3083 8556 6
3083 8556 24
3083 8556 41
3083 8556 13
3083 8542 37
3083 8542 37
3083 8542 41
3083 8542 12
3083 8548 34
3083 8548 15
3083 8548 33
3083 8548 24
3083 8580 29
3083 8580 34
3083 8580 45
3083 8580 16
3083 8559 50
3083 8559 19
3083 8559 18
3083 8559 52
3096 6917 3
3096 6917 16
3096 6917 27
3096 6917 56
3096 6918 27
3096 6918 58
3096 6918 41
3096 6918 9
3096 6919 30
3096 6919 56
3096 6919 45
3096 6919 23
3096 6996 58
3096 6996 4
3096 6996 48
3096 6996 11
3096 6998 58
3096 6998 44
3096 6998 0
3096 6998 33
3096 6931 12
3096 6931 38
3096 6931 38
3096 6931 0
3096 8557 51
3096 8557 20
3096 8557 23
3096 8557 15
3096 6920 14
3096 6920 33
3096 6920 19
3096 6920 34
3096 9851 56
3096 9851 39
3096 9851 23
3096 9851 38
3096 3116 48
3096 3116 19
3096 3116 51
3096 3116 51
3096 6997 22
3096 6997 8
3096 6997 28
3096 6997 55
3096 9512 19
3096 9512 5
3096 9512 38
3096 9512 9
3096 6930 4
3096 6930 57
3096 6930 45
3096 6930 34
3096 8546 9
3096 8546 59
3096 8546 19
3096 8546 4
3096 8579 37
3096 8579 1
3096 8579 42
3096 8579 15
3096 8558 24
3096 8558 33
3096 8558 24
3096 8558 45
3096 8592 2
3096 8592 41
3096 8592 33
3096 8592 4
3096 6912 48
3096 6912 51
3096 6912 0
3096 6912 5
3096 9509 38
3096 9509 19
3096 9509 52
3096 9509 41
3096 9622 50
3096 9622 3
3096 9622 20
3096 9622 11
3096 9799 33
3096 9799 47
3096 9799 33
3096 9799 7
3096 3115 19
3096 3115 30
3096 3115 33
3096 3115 32
3096 7023 12
3096 7023 39
3096 7023 0
3096 7023 60
3096 9511 29
3096 9511 53
3096 9511 37
3096 9511 29
3096 9516 40
3096 9516 37
3096 9516 42
3096 9516 4
3096 6929 55
3096 6929 21
3096 6929 37
3096 6929 1
3096 8545 32
3096 8545 37
3096 8545 28
3096 8545 54
3096 8556 49
3096 8556 0
3096 8556 40
3096 8556 35
3096 8542 54
3096 8542 39
3096 8542 35
3096 8542 1
3096 8548 44
3096 8548 3
3096 8548 50
3096 8548 43
3096 8580 16
3096 8580 45
3096 8580 46
3096 8580 10
3096 8559 22
3096 8559 9
3096 8559 2
3096 8559 59
3095 6917 0
3095 6917 29
3095 6917 36
3095 6917 10
3095 6918 20
3095 6918 58
3095 6918 4
3095 6918 41
3095 6919 16
3095 6919 29
3095 6919 45
3095 6919 33
3095 6996 4
3095 6996 3
3095 6996 51
3095 6996 31
3095 6998 42
3095 6998 41
3095 6998 20
3095 6998 23
3095 6931 34
3095 6931 20
3095 6931 27
3095 6931 52
3095 8557 39
3095 8557 58
3095 8557 35
3095 8557 49
3095 6920 45
3095 6920 28
3095 6920 39
3095 6920 43
3095 9851 16
3095 9851 21
3095 9851 11
3095 9851 7
3095 3116 20
3095 3116 25
3095 3116 50
3095 3116 45
3095 6997 1
3095 6997 17
3095 6997 51
3095 6997 54
3095 9512 24
3095 9512 3
3095 9512 23
3095 9512 55
3095 6930 58
3095 6930 50
3095 6930 23
3095 6930 47
3095 8546 7
3095 8546 33
3095 8546 42
3095 8546 19
3095 8579 30
3095 8579 46
3095 8579 8
3095 8579 8
3095 8558 39
3095 8558 49
3095 8558 30
3095 8558 52
3095 8592 16
3095 8592 47
3095 8592 14
3095 8592 5
3095 6912 55
3095 6912 44
3095 6912 11
3095 6912 38
3095 9509 23
3095 9509 9
3095 9509 33
3095 9509 44
3095 9622 45
3095 9622 32
3095 9622 15
3095 9622 48
3095 9799 39
3095 9799 0
3095 9799 43
3095 9799 31
3095 3115 48
3095 3115 1
3095 3115 5
3095 3115 6
3095 7023 13
3095 7023 40
3095 7023 59
3095 7023 51
3095 9511 14
3095 9511 11
3095 9511 34
3095 9511 30
3095 9516 60
3095 9516 21
3095 9516 40
3095 9516 36
3095 6929 50
3095 6929 47
3095 6929 39
3095 6929 57
3095 8545 23
3095 8545 45
3095 8545 44
3095 8545 18
3095 8556 50
3095 8556 16
3095 8556 3
3095 8556 32
3095 8542 51
3095 8542 34
3095 8542 33
3095 8542 4
3095 8548 15
3095 8548 30
3095 8548 10
3095 8548 11
3095 8580 51
3095 8580 34
3095 8580 11
3095 8580 27
3095 8559 33
3095 8559 43
3095 8559 35
3095 8559 0
3404 6917 9
3404 6917 12
3404 6917 43
3404 6917 17
3404 6918 33
3404 6918 56
3404 6918 20
3404 6918 19
3404 6919 31
3404 6919 11
3404 6919 41
3404 6919 37
3404 6996 0
3404 6996 56
3404 6996 32
3404 6996 48
3404 6998 15
3404 6998 45
3404 6998 10
3404 6998 44
3404 6931 12
3404 6931 14
3404 6931 2
3404 6931 38
3404 8557 8
3404 8557 35
3404 8557 18
3404 8557 34
3404 6920 11
3404 6920 35
3404 6920 44
3404 6920 13
3404 9851 25
3404 9851 13
3404 9851 39
3404 9851 55
3404 3116 39
3404 3116 18
3404 3116 50
3404 3116 25
3404 6997 57
3404 6997 51
3404 6997 48
3404 6997 17
3404 9512 3
3404 9512 15
3404 9512 55
3404 9512 14
3404 6930 30
3404 6930 5
3404 6930 6
3404 6930 32
3404 8546 5
3404 8546 55
3404 8546 57
3404 8546 0
3404 8579 47
3404 8579 51
3404 8579 26
3404 8579 56
3404 8558 54
3404 8558 16
3404 8558 3
3404 8558 31
3404 8592 48
3404 8592 36
3404 8592 47
3404 8592 15
3404 6912 20
3404 6912 37
3404 6912 38
3404 6912 20
3404 9509 22
3404 9509 49
3404 9509 10
3404 9509 43
3404 9622 22
3404 9622 6
3404 9622 29
3404 9622 18
3404 9799 56
3404 9799 42
3404 9799 54
3404 9799 56
3404 3115 18
3404 3115 37
3404 3115 55
3404 3115 9
3404 7023 4
3404 7023 2
3404 7023 13
3404 7023 57
3404 9511 54
3404 9511 0
3404 9511 8
3404 9511 28
3404 9516 2
3404 9516 54
3404 9516 37
3404 9516 23
3404 6929 31
3404 6929 26
3404 6929 29
3404 6929 27
3404 8545 17
3404 8545 40
3404 8545 31
3404 8545 51
3404 8556 54
3404 8556 4
3404 8556 17
3404 8556 40
3404 8542 9
3404 8542 6
3404 8542 46
3404 8542 42
3404 8548 20
3404 8548 60
3404 8548 28
3404 8548 33
3404 8580 36
3404 8580 4
3404 8580 44
3404 8580 16
3404 8559 30
3404 8559 21
3404 8559 10
3404 8559 35
3282 6917 10
3282 6917 0
3282 6917 51
3282 6917 42
3282 6918 55
3282 6918 58
3282 6918 20
3282 6918 4
3282 6919 30
3282 6919 35
3282 6919 9
3282 6919 15
3282 6996 44
3282 6996 38
3282 6996 46
3282 6996 25
3282 6998 39
3282 6998 6
3282 6998 14
3282 6998 17
3282 6931 35
3282 6931 32
3282 6931 40
3282 6931 7
3282 8557 14
3282 8557 8
3282 8557 48
3282 8557 14
3282 6920 50
3282 6920 27
3282 6920 55
3282 6920 26
3282 9851 43
3282 9851 31
3282 9851 59
3282 9851 19
3282 3116 52
3282 3116 54
3282 3116 23
3282 3116 5
3282 6997 40
3282 6997 59
3282 6997 8
3282 6997 52
3282 9512 42
3282 9512 56
3282 9512 41
3282 9512 14
3282 6930 22
3282 6930 53
3282 6930 47
3282 6930 28
3282 8546 29
3282 8546 49
3282 8546 51
3282 8546 42
3282 8579 34
3282 8579 50
3282 8579 42
3282 8579 35
3282 8558 43
3282 8558 10
3282 8558 33
3282 8558 25
3282 8592 60
3282 8592 32
3282 8592 7
3282 8592 32
3282 6912 13
3282 6912 32
3282 6912 25
3282 6912 52
3282 9509 25
3282 9509 57
3282 9509 45
3282 9509 41
3282 9622 12
3282 9622 9
3282 9622 33
3282 9622 3
3282 9799 24
3282 9799 45
3282 9799 56
3282 9799 52
3282 3115 51
3282 3115 38
3282 3115 29
3282 3115 47
3282 7023 8
3282 7023 10
3282 7023 13
3282 7023 42
3282 9511 17
3282 9511 51
3282 9511 43
3282 9511 32
3282 9516 38
3282 9516 52
3282 9516 47
3282 9516 35
3282 6929 31
3282 6929 40
3282 6929 29
3282 6929 18
3282 8545 53
3282 8545 38
3282 8545 30
3282 8545 18
3282 8556 41
3282 8556 14
3282 8556 40
3282 8556 4
3282 8542 36
3282 8542 55
3282 8542 27
3282 8542 26
3282 8548 24
3282 8548 53
3282 8548 8
3282 8548 25
3282 8580 11
3282 8580 33
3282 8580 15
3282 8580 11
3282 8559 33
3282 8559 25
3282 8559 39
3282 8559 6
3419 6917 47
3419 6917 49
3419 6917 58
3419 6917 27
3419 6918 59
3419 6918 25
3419 6918 27
3419 6918 47
3419 6919 2
3419 6919 31
3419 6919 59
3419 6919 32
3419 6996 39
3419 6996 40
3419 6996 31
3419 6996 55
3419 6998 33
3419 6998 54
3419 6998 51
3419 6998 54
3419 6931 28
3419 6931 30
3419 6931 40
3419 6931 31
3419 8557 2
3419 8557 57
3419 8557 36
3419 8557 47
3419 6920 26
3419 6920 39
3419 6920 39
3419 6920 33
3419 9851 29
3419 9851 33
3419 9851 1
3419 9851 38
3419 3116 48
3419 3116 60
3419 3116 52
3419 3116 60
3419 6997 10
3419 6997 1
3419 6997 37
3419 6997 49
3419 9512 46
3419 9512 12
3419 9512 27
3419 9512 51
3419 6930 8
3419 6930 3
3419 6930 45
3419 6930 18
3419 8546 47
3419 8546 37
3419 8546 46
3419 8546 57
3419 8579 53
3419 8579 20
3419 8579 57
3419 8579 21
3419 8558 20
3419 8558 59
3419 8558 10
3419 8558 48
3419 8592 30
3419 8592 49
3419 8592 4
3419 8592 32
3419 6912 10
3419 6912 53
3419 6912 29
3419 6912 11
3419 9509 17
3419 9509 24
3419 9509 24
3419 9509 49
3419 9622 43
3419 9622 54
3419 9622 12
3419 9622 29
3419 9799 47
3419 9799 21
3419 9799 7
3419 9799 49
3419 3115 6
3419 3115 52
3419 3115 11
3419 3115 5
3419 7023 40
3419 7023 43
3419 7023 16
3419 7023 38
3419 9511 50
3419 9511 52
3419 9511 6
3419 9511 37
3419 9516 0
3419 9516 26
3419 9516 7
3419 9516 33
3419 6929 26
3419 6929 35
3419 6929 43
3419 6929 31
3419 8545 0
3419 8545 48
3419 8545 15
3419 8545 18
3419 8556 35
3419 8556 57
3419 8556 18
3419 8556 4
3419 8542 41
3419 8542 28
3419 8542 59
3419 8542 11
3419 8548 13
3419 8548 17
3419 8548 42
3419 8548 34
3419 8580 16
3419 8580 26
3419 8580 27
3419 8580 11
3419 8559 59
3419 8559 51
3419 8559 6
3419 8559 6
3420 6917 31
3420 6917 17
3420 6917 3
3420 6917 60
3420 6918 37
3420 6918 28
3420 6918 32
3420 6918 45
3420 6919 3
3420 6919 57
3420 6919 27
3420 6919 16
3420 6996 16
3420 6996 18
3420 6996 37
3420 6996 8
3420 6998 48
3420 6998 6
3420 6998 36
3420 6998 56
3420 6931 24
3420 6931 37
3420 6931 31
3420 6931 41
3420 8557 52
3420 8557 60
3420 8557 12
3420 8557 34
3420 6920 38
3420 6920 29
3420 6920 29
3420 6920 26
3420 9851 37
3420 9851 60
3420 9851 26
3420 9851 7
3420 3116 12
3420 3116 24
3420 3116 51
3420 3116 23
3420 6997 38
3420 6997 38
3420 6997 3
3420 6997 41
3420 9512 53
3420 9512 59
3420 9512 52
3420 9512 42
3420 6930 16
3420 6930 60
3420 6930 45
3420 6930 38
3420 8546 17
3420 8546 2
3420 8546 41
3420 8546 6
3420 8579 40
3420 8579 52
3420 8579 34
3420 8579 29
3420 8558 41
3420 8558 53
3420 8558 38
3420 8558 24
3420 8592 32
3420 8592 7
3420 8592 6
3420 8592 19
3420 6912 42
3420 6912 8
3420 6912 13
3420 6912 0
3420 9509 32
3420 9509 49
3420 9509 58
3420 9509 42
3420 9622 21
3420 9622 53
3420 9622 9
3420 9622 32
3420 9799 53
3420 9799 7
3420 9799 1
3420 9799 17
3420 3115 20
3420 3115 55
3420 3115 32
3420 3115 2
3420 7023 16
3420 7023 11
3420 7023 3
3420 7023 52
3420 9511 5
3420 9511 30
3420 9511 60
3420 9511 28
3420 9516 44
3420 9516 42
3420 9516 42
3420 9516 40
3420 6929 17
3420 6929 32
3420 6929 31
3420 6929 38
3420 8545 56
3420 8545 14
3420 8545 3
3420 8545 34
3420 8556 46
3420 8556 39
3420 8556 39
3420 8556 41
3420 8542 23
3420 8542 4
3420 8542 43
3420 8542 16
3420 8548 4
3420 8548 14
3420 8548 22
3420 8548 13
3420 8580 36
3420 8580 8
3420 8580 24
3420 8580 34
3420 8559 1
3420 8559 47
3420 8559 40
3420 8559 42
