2717 6395 36
2717 6395 5
2717 6394 2
2717 6394 43
2717 6396 55
2717 6396 48
2717 9692 59
2717 9692 60
2717 6398 43
2717 6398 1
2717 6397 8
2717 6397 51
2717 9638 8
2717 9638 32
2717 9530 41
2717 9530 57
2717 9641 40
2717 9641 23
2717 8686 12
2717 8686 29
2717 9528 32
2717 9528 27
2717 8688 59
2717 8688 13
2717 8677 24
2717 8677 21
2717 9636 44
2717 9636 43
2717 9637 57
2717 9637 28
2717 9531 47
2717 9531 29
2717 9529 26
2717 9529 58
2717 6405 28
2717 6405 6
2717 8685 51
2717 8685 42
2717 8679 52
2717 8679 39
2717 8687 4
2717 8687 13
2717 8676 9
2717 8676 9
2717 9517 13
2717 9517 31
2717 9518 40
2717 9518 46
2717 9640 52
2717 9640 3
2717 9639 4
2717 9639 33
2717 9834 44
2717 9834 48
2717 6404 55
2717 6404 50
2717 6406 12
2717 6406 14
2717 8681 59
2717 8681 36
2717 8680 17
2717 8680 35
2717 8778 10
2717 8778 29
2714 6395 9
2714 6395 31
2714 6394 12
2714 6394 56
2714 6396 30
2714 6396 12
2714 9692 60
2714 9692 3
2714 6398 59
2714 6398 54
2714 6397 24
2714 6397 52
2714 9638 39
2714 9638 54
2714 9530 46
2714 9530 29
2714 9641 8
2714 9641 7
2714 8686 30
2714 8686 37
2714 9528 54
2714 9528 41
2714 8688 28
2714 8688 0
2714 8677 53
2714 8677 43
2714 9636 32
2714 9636 6
2714 9637 43
2714 9637 38
2714 9531 4
2714 9531 47
2714 9529 52
2714 9529 49
2714 6405 29
2714 6405 31
2714 8685 28
2714 8685 52
2714 8679 35
2714 8679 60
2714 8687 51
2714 8687 33
2714 8676 48
2714 8676 0
2714 9517 19
2714 9517 24
2714 9518 51
2714 9518 34
2714 9640 54
2714 9640 1
2714 9639 4
2714 9639 40
2714 9834 9
2714 9834 39
2714 6404 15
2714 6404 26
2714 6406 32
2714 6406 0
2714 8681 5
2714 8681 43
2714 8680 2
2714 8680 9
2714 8778 44
2714 8778 43
2733 6395 19
2733 6395 9
2733 6394 59
2733 6394 59
2733 6396 30
2733 6396 38
2733 9692 34
2733 9692 6
2733 6398 30
2733 6398 8
2733 6397 14
2733 6397 40
2733 9638 9
2733 9638 12
2733 9530 39
2733 9530 46
2733 9641 31
2733 9641 24
2733 8686 46
2733 8686 51
2733 9528 18
2733 9528 33
2733 8688 5
2733 8688 48
2733 8677 20
2733 8677 28
2733 9636 49
2733 9636 48
2733 9637 36
2733 9637 11
2733 9531 57
2733 9531 6
2733 9529 41
2733 9529 25
2733 6405 39
2733 6405 40
2733 8685 25
2733 8685 39
2733 8679 16
2733 8679 36
2733 8687 0
2733 8687 0
2733 8676 50
2733 8676 56
2733 9517 20
2733 9517 59
2733 9518 18
2733 9518 14
2733 9640 13
2733 9640 51
2733 9639 30
2733 9639 32
2733 9834 55
2733 9834 34
2733 6404 15
2733 6404 22
2733 6406 54
2733 6406 8
2733 8681 10
2733 8681 6
2733 8680 54
2733 8680 16
2733 8778 44
2733 8778 47
2734 6395 55
2734 6395 15
2734 6394 41
2734 6394 38
2734 6396 15
2734 6396 2
2734 9692 6
2734 9692 27
2734 6398 21
2734 6398 25
2734 6397 48
2734 6397 49
2734 9638 52
2734 9638 10
2734 9530 3
2734 9530 24
2734 9641 44
2734 9641 22
2734 8686 25
2734 8686 21
2734 9528 11
2734 9528 30
2734 8688 19
2734 8688 31
2734 8677 3
2734 8677 6
2734 9636 39
2734 9636 37
2734 9637 23
2734 9637 4
2734 9531 32
2734 9531 21
2734 9529 15
2734 9529 16
2734 6405 39
2734 6405 1
2734 8685 48
2734 8685 16
2734 8679 14
2734 8679 38
2734 8687 44
2734 8687 35
2734 8676 41
2734 8676 1
2734 9517 19
2734 9517 47
2734 9518 49
2734 9518 21
2734 9640 11
2734 9640 58
2734 9639 32
2734 9639 34
2734 9834 56
2734 9834 46
2734 6404 49
2734 6404 32
2734 6406 42
2734 6406 14
2734 8681 59
2734 8681 3
2734 8680 1
2734 8680 3
2734 8778 39
2734 8778 39
2730 6395 55
2730 6395 36
2730 6394 49
2730 6394 3
2730 6396 9
2730 6396 8
2730 9692 7
2730 9692 25
2730 6398 3
2730 6398 49
2730 6397 60
2730 6397 29
2730 9638 6
2730 9638 6
2730 9530 8
2730 9530 55
2730 9641 13
2730 9641 9
2730 8686 13
2730 8686 15
2730 9528 45
2730 9528 52
2730 8688 53
2730 8688 6
2730 8677 14
2730 8677 44
2730 9636 42
2730 9636 26
2730 9637 4
2730 9637 57
2730 9531 46
2730 9531 52
2730 9529 7
2730 9529 24
2730 6405 44
2730 6405 45
2730 8685 34
2730 8685 53
2730 8679 2
2730 8679 47
2730 8687 39
2730 8687 32
2730 8676 7
2730 8676 15
2730 9517 18
2730 9517 9
2730 9518 21
2730 9518 36
2730 9640 17
2730 9640 55
2730 9639 8
2730 9639 53
2730 9834 14
2730 9834 14
2730 6404 5
2730 6404 27
2730 6406 40
2730 6406 35
2730 8681 18
2730 8681 43
2730 8680 14
2730 8680 53
2730 8778 43
2730 8778 25
2716 6395 17
2716 6395 60
2716 6394 41
2716 6394 53
2716 6396 26
2716 6396 30
2716 9692 44
2716 9692 49
2716 6398 50
2716 6398 41
2716 6397 6
2716 6397 29
2716 9638 38
2716 9638 27
2716 9530 9
2716 9530 24
2716 9641 39
2716 9641 27
2716 8686 38
2716 8686 9
2716 9528 50
2716 9528 14
2716 8688 30
2716 8688 59
2716 8677 36
2716 8677 34
2716 9636 38
2716 9636 8
2716 9637 34
2716 9637 44
2716 9531 36
2716 9531 26
2716 9529 25
2716 9529 46
2716 6405 59
2716 6405 35
2716 8685 50
2716 8685 0
2716 8679 35
2716 8679 50
2716 8687 41
2716 8687 25
2716 8676 3
2716 8676 5
2716 9517 0
2716 9517 58
2716 9518 53
2716 9518 20
2716 9640 52
2716 9640 11
2716 9639 2
2716 9639 13
2716 9834 44
2716 9834 55
2716 6404 43
2716 6404 22
2716 6406 38
2716 6406 53
2716 8681 1
2716 8681 47
2716 8680 33
2716 8680 22
2716 8778 28
2716 8778 8
2713 6395 22
2713 6395 33
2713 6394 38
2713 6394 53
2713 6396 7
2713 6396 27
2713 9692 11
2713 9692 22
2713 6398 7
2713 6398 24
2713 6397 44
2713 6397 53
2713 9638 59
2713 9638 46
2713 9530 40
2713 9530 41
2713 9641 50
2713 9641 40
2713 8686 25
2713 8686 25
2713 9528 33
2713 9528 45
2713 8688 37
2713 8688 28
2713 8677 25
2713 8677 43
2713 9636 50
2713 9636 9
2713 9637 27
2713 9637 47
2713 9531 59
2713 9531 55
2713 9529 28
2713 9529 19
2713 6405 20
2713 6405 46
2713 8685 33
2713 8685 43
2713 8679 11
2713 8679 43
2713 8687 56
2713 8687 19
2713 8676 11
2713 8676 9
2713 9517 40
2713 9517 21
2713 9518 8
2713 9518 35
2713 9640 22
2713 9640 35
2713 9639 30
2713 9639 42
2713 9834 18
2713 9834 60
2713 6404 28
2713 6404 40
2713 6406 56
2713 6406 22
2713 8681 42
2713 8681 11
2713 8680 16
2713 8680 24
2713 8778 60
2713 8778 34
2718 6395 60
2718 6395 4
2718 6394 30
2718 6394 23
2718 6396 16
2718 6396 50
2718 9692 34
2718 9692 9
2718 6398 25
2718 6398 11
2718 6397 12
2718 6397 23
2718 9638 14
2718 9638 8
2718 9530 40
2718 9530 18
2718 9641 12
2718 9641 31
2718 8686 8
2718 8686 43
2718 9528 32
2718 9528 22
2718 8688 25
2718 8688 20
2718 8677 36
2718 8677 12
2718 9636 1
2718 9636 16
2718 9637 35
2718 9637 33
2718 9531 37
2718 9531 4
2718 9529 50
2718 9529 20
2718 6405 2
2718 6405 51
2718 8685 36
2718 8685 48
2718 8679 51
2718 8679 48
2718 8687 43
2718 8687 39
2718 8676 16
2718 8676 15
2718 9517 28
2718 9517 53
2718 9518 41
2718 9518 22
2718 9640 35
2718 9640 38
2718 9639 21
2718 9639 6
2718 9834 13
2718 9834 3
2718 6404 27
2718 6404 42
2718 6406 7
2718 6406 45
2718 8681 8
2718 8681 49
2718 8680 23
2718 8680 33
2718 8778 27
2718 8778 5
2736 6395 27
2736 6395 49
2736 6394 9
2736 6394 10
2736 6396 20
2736 6396 22
2736 9692 50
2736 9692 8
2736 6398 60
2736 6398 45
2736 6397 3
2736 6397 27
2736 9638 51
2736 9638 55
2736 9530 43
2736 9530 6
2736 9641 3
2736 9641 46
2736 8686 13
2736 8686 36
2736 9528 60
2736 9528 25
2736 8688 9
2736 8688 36
2736 8677 45
2736 8677 55
2736 9636 17
2736 9636 9
2736 9637 23
2736 9637 47
2736 9531 20
2736 9531 57
2736 9529 27
2736 9529 44
2736 6405 9
2736 6405 26
2736 8685 11
2736 8685 59
2736 8679 47
2736 8679 58
2736 8687 11
2736 8687 19
2736 8676 33
2736 8676 58
2736 9517 55
2736 9517 12
2736 9518 44
2736 9518 37
2736 9640 34
2736 9640 44
2736 9639 58
2736 9639 34
2736 9834 57
2736 9834 51
2736 6404 17
2736 6404 32
2736 6406 37
2736 6406 25
2736 8681 34
2736 8681 51
2736 8680 50
2736 8680 5
2736 8778 9
2736 8778 41
2833 6395 27
2833 6395 21
2833 6394 50
2833 6394 18
2833 6396 37
2833 6396 34
2833 9692 32
2833 9692 0
2833 6398 24
2833 6398 33
2833 6397 35
2833 6397 37
2833 9638 53
2833 9638 54
2833 9530 27
2833 9530 36
2833 9641 43
2833 9641 0
2833 8686 60
2833 8686 34
2833 9528 59
2833 9528 44
2833 8688 15
2833 8688 51
2833 8677 22
2833 8677 1
2833 9636 28
2833 9636 37
2833 9637 48
2833 9637 32
2833 9531 32
2833 9531 44
2833 9529 43
2833 9529 34
2833 6405 21
2833 6405 60
2833 8685 43
2833 8685 13
2833 8679 13
2833 8679 16
2833 8687 60
2833 8687 23
2833 8676 12
2833 8676 2
2833 9517 19
2833 9517 8
2833 9518 39
2833 9518 6
2833 9640 34
2833 9640 43
2833 9639 11
2833 9639 52
2833 9834 48
2833 9834 10
2833 6404 52
2833 6404 35
2833 6406 42
2833 6406 23
2833 8681 2
2833 8681 18
2833 8680 29
2833 8680 49
2833 8778 57
2833 8778 26
2732 6395 14
2732 6395 46
2732 6394 36
2732 6394 20
2732 6396 56
2732 6396 49
2732 9692 13
2732 9692 38
2732 6398 47
2732 6398 32
2732 6397 12
2732 6397 52
2732 9638 10
2732 9638 7
2732 9530 60
2732 9530 33
2732 9641 2
2732 9641 43
2732 8686 1
2732 8686 22
2732 9528 31
2732 9528 48
2732 8688 48
2732 8688 36
2732 8677 42
2732 8677 49
2732 9636 10
2732 9636 25
2732 9637 42
2732 9637 14
2732 9531 6
2732 9531 2
2732 9529 28
2732 9529 1
2732 6405 39
2732 6405 45
2732 8685 48
2732 8685 27
2732 8679 7
2732 8679 2
2732 8687 40
2732 8687 3
2732 8676 40
2732 8676 43
2732 9517 57
2732 9517 16
2732 9518 44
2732 9518 17
2732 9640 38
2732 9640 15
2732 9639 6
2732 9639 6
2732 9834 35
2732 9834 44
2732 6404 57
2732 6404 16
2732 6406 40
2732 6406 6
2732 8681 32
2732 8681 3
2732 8680 9
2732 8680 53
2732 8778 6
2732 8778 20
2715 6395 21
2715 6395 14
2715 6394 10
2715 6394 12
2715 6396 15
2715 6396 16
2715 9692 59
2715 9692 58
2715 6398 49
2715 6398 16
2715 6397 52
2715 6397 37
2715 9638 45
2715 9638 4
2715 9530 54
2715 9530 54
2715 9641 57
2715 9641 43
2715 8686 33
2715 8686 28
2715 9528 37
2715 9528 54
2715 8688 9
2715 8688 33
2715 8677 32
2715 8677 15
2715 9636 27
2715 9636 13
2715 9637 41
2715 9637 46
2715 9531 43
2715 9531 3
2715 9529 3
2715 9529 33
2715 6405 46
2715 6405 0
2715 8685 33
2715 8685 29
2715 8679 39
2715 8679 30
2715 8687 27
2715 8687 2
2715 8676 25
2715 8676 57
2715 9517 21
2715 9517 28
2715 9518 56
2715 9518 55
2715 9640 43
2715 9640 55
2715 9639 29
2715 9639 5
2715 9834 36
2715 9834 53
2715 6404 31
2715 6404 36
2715 6406 12
2715 6406 56
2715 8681 23
2715 8681 34
2715 8680 17
2715 8680 57
2715 8778 57
2715 8778 15
2707 6395 48
2707 6395 6
2707 6394 41
2707 6394 15
2707 6396 51
2707 6396 19
2707 9692 8
2707 9692 17
2707 6398 24
2707 6398 55
2707 6397 40
2707 6397 14
2707 9638 18
2707 9638 38
2707 9530 30
2707 9530 30
2707 9641 54
2707 9641 56
2707 8686 42
2707 8686 8
2707 9528 28
2707 9528 19
2707 8688 57
2707 8688 35
2707 8677 2
2707 8677 34
2707 9636 14
2707 9636 29
2707 9637 39
2707 9637 12
2707 9531 6
2707 9531 26
2707 9529 46
2707 9529 23
2707 6405 47
2707 6405 3
2707 8685 48
2707 8685 29
2707 8679 59
2707 8679 42
2707 8687 10
2707 8687 44
2707 8676 38
2707 8676 0
2707 9517 11
2707 9517 9
2707 9518 39
2707 9518 34
2707 9640 41
2707 9640 13
2707 9639 17
2707 9639 40
2707 9834 53
2707 9834 7
2707 6404 1
2707 6404 17
2707 6406 22
2707 6406 41
2707 8681 6
2707 8681 19
2707 8680 50
2707 8680 14
2707 8778 42
2707 8778 54
2814 6395 8
2814 6395 54
2814 6394 41
2814 6394 28
2814 6396 51
2814 6396 26
2814 9692 22
2814 9692 14
2814 6398 12
2814 6398 49
2814 6397 14
2814 6397 22
2814 9638 10
2814 9638 21
2814 9530 25
2814 9530 24
2814 9641 23
2814 9641 39
2814 8686 14
2814 8686 33
2814 9528 17
2814 9528 0
2814 8688 35
2814 8688 18
2814 8677 23
2814 8677 2
2814 9636 7
2814 9636 27
2814 9637 2
2814 9637 20
2814 9531 8
2814 9531 55
2814 9529 57
2814 9529 19
2814 6405 38
2814 6405 5
2814 8685 53
2814 8685 48
2814 8679 24
2814 8679 7
2814 8687 14
2814 8687 37
2814 8676 9
2814 8676 11
2814 9517 12
2814 9517 58
2814 9518 10
2814 9518 10
2814 9640 58
2814 9640 55
2814 9639 1
2814 9639 47
2814 9834 6
2814 9834 17
2814 6404 36
2814 6404 60
2814 6406 58
2814 6406 29
2814 8681 52
2814 8681 48
2814 8680 38
2814 8680 42
2814 8778 44
2814 8778 1
2826 6395 23
2826 6395 1
2826 6394 49
2826 6394 58
2826 6396 43
2826 6396 18
2826 9692 32
2826 9692 2
2826 6398 13
2826 6398 40
2826 6397 44
2826 6397 58
2826 9638 10
2826 9638 1
2826 9530 11
2826 9530 3
2826 9641 32
2826 9641 16
2826 8686 20
2826 8686 58
2826 9528 44
2826 9528 50
2826 8688 3
2826 8688 21
2826 8677 32
2826 8677 33
2826 9636 41
2826 9636 31
2826 9637 1
2826 9637 23
2826 9531 26
2826 9531 28
2826 9529 59
2826 9529 49
2826 6405 51
2826 6405 1
2826 8685 15
2826 8685 30
2826 8679 3
2826 8679 30
2826 8687 51
2826 8687 14
2826 8676 14
2826 8676 16
2826 9517 26
2826 9517 51
2826 9518 53
2826 9518 58
2826 9640 38
2826 9640 33
2826 9639 14
2826 9639 24
2826 9834 16
2826 9834 45
2826 6404 9
2826 6404 13
2826 6406 45
2826 6406 24
2826 8681 34
2826 8681 46
2826 8680 42
2826 8680 46
2826 8778 24
2826 8778 13
2737 6395 55
2737 6395 16
2737 6394 12
2737 6394 30
2737 6396 41
2737 6396 8
2737 9692 52
2737 9692 23
2737 6398 18
2737 6398 31
2737 6397 18
2737 6397 48
2737 9638 25
2737 9638 4
2737 9530 57
2737 9530 7
2737 9641 33
2737 9641 58
2737 8686 45
2737 8686 54
2737 9528 56
2737 9528 52
2737 8688 27
2737 8688 16
2737 8677 8
2737 8677 59
2737 9636 57
2737 9636 8
2737 9637 55
2737 9637 4
2737 9531 52
2737 9531 45
2737 9529 1
2737 9529 21
2737 6405 8
2737 6405 41
2737 8685 23
2737 8685 29
2737 8679 4
2737 8679 38
2737 8687 53
2737 8687 18
2737 8676 10
2737 8676 29
2737 9517 38
2737 9517 1
2737 9518 31
2737 9518 26
2737 9640 0
2737 9640 59
2737 9639 56
2737 9639 16
2737 9834 30
2737 9834 34
2737 6404 60
2737 6404 19
2737 6406 30
2737 6406 44
2737 8681 11
2737 8681 59
2737 8680 11
2737 8680 25
2737 8778 52
2737 8778 37
2731 6395 38
2731 6395 35
2731 6394 53
2731 6394 23
2731 6396 12
2731 6396 8
2731 9692 50
2731 9692 60
2731 6398 9
2731 6398 31
2731 6397 46
2731 6397 36
2731 9638 1
2731 9638 49
2731 9530 40
2731 9530 13
2731 9641 46
2731 9641 29
2731 8686 52
2731 8686 50
2731 9528 58
2731 9528 23
2731 8688 23
2731 8688 46
2731 8677 10
2731 8677 43
2731 9636 34
2731 9636 9
2731 9637 0
2731 9637 51
2731 9531 49
2731 9531 12
2731 9529 18
2731 9529 11
2731 6405 15
2731 6405 21
2731 8685 51
2731 8685 7
2731 8679 8
2731 8679 2
2731 8687 16
2731 8687 30
2731 8676 13
2731 8676 3
2731 9517 3
2731 9517 2
2731 9518 5
2731 9518 30
2731 9640 28
2731 9640 54
2731 9639 47
2731 9639 58
2731 9834 21
2731 9834 30
2731 6404 26
2731 6404 53
2731 6406 6
2731 6406 23
2731 8681 16
2731 8681 1
2731 8680 24
2731 8680 46
2731 8778 32
2731 8778 60
2708 6395 52
2708 6395 53
2708 6394 53
2708 6394 17
2708 6396 4
2708 6396 47
2708 9692 55
2708 9692 18
2708 6398 0
2708 6398 46
2708 6397 55
2708 6397 55
2708 9638 28
2708 9638 42
2708 9530 44
2708 9530 48
2708 9641 60
2708 9641 44
2708 8686 39
2708 8686 54
2708 9528 15
2708 9528 58
2708 8688 51
2708 8688 59
2708 8677 45
2708 8677 1
2708 9636 20
2708 9636 53
2708 9637 13
2708 9637 4
2708 9531 39
2708 9531 22
2708 9529 9
2708 9529 49
2708 6405 34
2708 6405 48
2708 8685 59
2708 8685 58
2708 8679 18
2708 8679 38
2708 8687 24
2708 8687 30
2708 8676 30
2708 8676 2
2708 9517 6
2708 9517 36
2708 9518 34
2708 9518 0
2708 9640 29
2708 9640 43
2708 9639 5
2708 9639 47
2708 9834 22
2708 9834 2
2708 6404 59
2708 6404 37
2708 6406 26
2708 6406 25
2708 8681 1
2708 8681 13
2708 8680 6
2708 8680 45
2708 8778 41
2708 8778 14
2813 6395 41
2813 6395 45
2813 6394 39
2813 6394 29
2813 6396 31
2813 6396 16
2813 9692 32
2813 9692 29
2813 6398 42
2813 6398 27
2813 6397 13
2813 6397 52
2813 9638 55
2813 9638 31
2813 9530 47
2813 9530 42
2813 9641 8
2813 9641 46
2813 8686 55
2813 8686 3
2813 9528 1
2813 9528 35
2813 8688 25
2813 8688 3
2813 8677 27
2813 8677 35
2813 9636 40
2813 9636 26
2813 9637 28
2813 9637 35
2813 9531 20
2813 9531 31
2813 9529 0
2813 9529 27
2813 6405 44
2813 6405 60
2813 8685 45
2813 8685 31
2813 8679 17
2813 8679 19
2813 8687 50
2813 8687 28
2813 8676 51
2813 8676 22
2813 9517 25
2813 9517 51
2813 9518 9
2813 9518 26
2813 9640 2
2813 9640 39
2813 9639 40
2813 9639 35
2813 9834 14
2813 9834 1
2813 6404 59
2813 6404 30
2813 6406 20
2813 6406 15
2813 8681 1
2813 8681 35
2813 8680 4
2813 8680 25
2813 8778 7
2813 8778 24
2825 6395 45
2825 6395 47
2825 6394 58
2825 6394 57
2825 6396 9
2825 6396 36
2825 9692 49
2825 9692 19
2825 6398 31
2825 6398 20
2825 6397 14
2825 6397 60
2825 9638 3
2825 9638 54
2825 9530 1
2825 9530 9
2825 9641 55
2825 9641 59
2825 8686 40
2825 8686 25
2825 9528 17
2825 9528 53
2825 8688 41
2825 8688 60
2825 8677 19
2825 8677 1
2825 9636 27
2825 9636 26
2825 9637 8
2825 9637 59
2825 9531 31
2825 9531 46
2825 9529 24
2825 9529 0
2825 6405 51
2825 6405 44
2825 8685 44
2825 8685 23
2825 8679 41
2825 8679 45
2825 8687 15
2825 8687 41
2825 8676 34
2825 8676 8
2825 9517 34
2825 9517 51
2825 9518 35
2825 9518 33
2825 9640 57
2825 9640 0
2825 9639 48
2825 9639 32
2825 9834 23
2825 9834 50
2825 6404 52
2825 6404 38
2825 6406 9
2825 6406 53
2825 8681 30
2825 8681 17
2825 8680 5
2825 8680 28
2825 8778 27
2825 8778 10
2834 6395 25
2834 6395 52
2834 6394 30
2834 6394 36
2834 6396 34
2834 6396 41
2834 9692 60
2834 9692 53
2834 6398 26
2834 6398 40
2834 6397 39
2834 6397 18
2834 9638 30
2834 9638 52
2834 9530 28
2834 9530 51
2834 9641 11
2834 9641 53
2834 8686 27
2834 8686 2
2834 9528 34
2834 9528 3
2834 8688 2
2834 8688 51
2834 8677 47
2834 8677 10
2834 9636 24
2834 9636 54
2834 9637 26
2834 9637 1
2834 9531 18
2834 9531 33
2834 9529 9
2834 9529 36
2834 6405 35
2834 6405 57
2834 8685 59
2834 8685 15
2834 8679 32
2834 8679 40
2834 8687 30
2834 8687 59
2834 8676 55
2834 8676 39
2834 9517 38
2834 9517 35
2834 9518 57
2834 9518 39
2834 9640 58
2834 9640 29
2834 9639 22
2834 9639 5
2834 9834 39
2834 9834 32
2834 6404 8
2834 6404 22
2834 6406 54
2834 6406 0
2834 8681 58
2834 8681 40
2834 8680 56
2834 8680 48
2834 8778 8
2834 8778 20
2795 6395 57
2795 6395 37
2795 6394 26
2795 6394 14
2795 6396 37
2795 6396 9
2795 9692 37
2795 9692 23
2795 6398 54
2795 6398 40
2795 6397 36
2795 6397 44
2795 9638 24
2795 9638 23
2795 9530 43
2795 9530 47
2795 9641 11
2795 9641 43
2795 8686 41
2795 8686 16
2795 9528 16
2795 9528 11
2795 8688 49
2795 8688 24
2795 8677 48
2795 8677 35
2795 9636 25
2795 9636 13
2795 9637 35
2795 9637 33
2795 9531 35
2795 9531 5
2795 9529 28
2795 9529 49
2795 6405 46
2795 6405 34
2795 8685 59
2795 8685 10
2795 8679 48
2795 8679 21
2795 8687 7
2795 8687 22
2795 8676 44
2795 8676 55
2795 9517 31
2795 9517 10
2795 9518 18
2795 9518 23
2795 9640 55
2795 9640 2
2795 9639 31
2795 9639 49
2795 9834 5
2795 9834 22
2795 6404 19
2795 6404 20
2795 6406 14
2795 6406 43
2795 8681 15
2795 8681 16
2795 8680 12
2795 8680 37
2795 8778 48
2795 8778 55
2735 6395 7
2735 6395 6
2735 6394 5
2735 6394 8
2735 6396 0
2735 6396 50
2735 9692 32
2735 9692 58
2735 6398 30
2735 6398 25
2735 6397 38
2735 6397 7
2735 9638 20
2735 9638 6
2735 9530 4
2735 9530 42
2735 9641 39
2735 9641 47
2735 8686 4
2735 8686 47
2735 9528 18
2735 9528 38
2735 8688 46
2735 8688 40
2735 8677 52
2735 8677 6
2735 9636 0
2735 9636 3
2735 9637 47
2735 9637 60
2735 9531 25
2735 9531 33
2735 9529 42
2735 9529 59
2735 6405 35
2735 6405 35
2735 8685 19
2735 8685 10
2735 8679 58
2735 8679 53
2735 8687 49
2735 8687 17
2735 8676 49
2735 8676 37
2735 9517 53
2735 9517 22
2735 9518 38
2735 9518 35
2735 9640 53
2735 9640 37
2735 9639 5
2735 9639 37
2735 9834 32
2735 9834 34
2735 6404 41
2735 6404 42
2735 6406 2
2735 6406 20
2735 8681 52
2735 8681 34
2735 8680 27
2735 8680 13
2735 8778 44
2735 8778 28
2726 6395 14
2726 6395 43
2726 6394 37
2726 6394 12
2726 6396 2
2726 6396 24
2726 9692 44
2726 9692 44
2726 6398 16
2726 6398 46
2726 6397 12
2726 6397 11
2726 9638 20
2726 9638 35
2726 9530 39
2726 9530 39
2726 9641 9
2726 9641 5
2726 8686 40
2726 8686 17
2726 9528 31
2726 9528 48
2726 8688 58
2726 8688 60
2726 8677 56
2726 8677 21
2726 9636 3
2726 9636 24
2726 9637 3
2726 9637 54
2726 9531 34
2726 9531 46
2726 9529 43
2726 9529 57
2726 6405 33
2726 6405 42
2726 8685 5
2726 8685 60
2726 8679 9
2726 8679 30
2726 8687 29
2726 8687 38
2726 8676 40
2726 8676 36
2726 9517 7
2726 9517 43
2726 9518 24
2726 9518 40
2726 9640 22
2726 9640 50
2726 9639 16
2726 9639 20
2726 9834 51
2726 9834 2
2726 6404 19
2726 6404 29
2726 6406 7
2726 6406 12
2726 8681 30
2726 8681 42
2726 8680 55
2726 8680 46
2726 8778 24
2726 8778 50
2710 6395 52
2710 6395 22
2710 6394 44
2710 6394 10
2710 6396 35
2710 6396 1
2710 9692 0
2710 9692 47
2710 6398 28
2710 6398 53
2710 6397 7
2710 6397 36
2710 9638 40
2710 9638 53
2710 9530 38
2710 9530 55
2710 9641 55
2710 9641 50
2710 8686 40
2710 8686 56
2710 9528 20
2710 9528 3
2710 8688 14
2710 8688 6
2710 8677 41
2710 8677 53
2710 9636 17
2710 9636 42
2710 9637 25
2710 9637 24
2710 9531 58
2710 9531 31
2710 9529 29
2710 9529 52
2710 6405 14
2710 6405 39
2710 8685 52
2710 8685 23
2710 8679 24
2710 8679 53
2710 8687 35
2710 8687 17
2710 8676 45
2710 8676 54
2710 9517 0
2710 9517 6
2710 9518 21
2710 9518 1
2710 9640 50
2710 9640 16
2710 9639 17
2710 9639 22
2710 9834 41
2710 9834 47
2710 6404 38
2710 6404 13
2710 6406 49
2710 6406 45
2710 8681 5
2710 8681 21
2710 8680 1
2710 8680 44
2710 8778 5
2710 8778 10
2812 6395 23
2812 6395 0
2812 6394 14
2812 6394 22
2812 6396 29
2812 6396 53
2812 9692 52
2812 9692 6
2812 6398 31
2812 6398 28
2812 6397 3
2812 6397 47
2812 9638 20
2812 9638 17
2812 9530 41
2812 9530 11
2812 9641 2
2812 9641 29
2812 8686 32
2812 8686 51
2812 9528 37
2812 9528 13
2812 8688 5
2812 8688 50
2812 8677 57
2812 8677 15
2812 9636 32
2812 9636 6
2812 9637 20
2812 9637 8
2812 9531 52
2812 9531 49
2812 9529 14
2812 9529 24
2812 6405 42
2812 6405 48
2812 8685 1
2812 8685 38
2812 8679 31
2812 8679 14
2812 8687 6
2812 8687 10
2812 8676 46
2812 8676 39
2812 9517 0
2812 9517 6
2812 9518 21
2812 9518 49
2812 9640 21
2812 9640 45
2812 9639 60
2812 9639 28
2812 9834 43
2812 9834 15
2812 6404 53
2812 6404 60
2812 6406 9
2812 6406 46
2812 8681 23
2812 8681 52
2812 8680 11
2812 8680 32
2812 8778 57
2812 8778 2
2824 6395 23
2824 6395 35
2824 6394 10
2824 6394 5
2824 6396 38
2824 6396 3
2824 9692 40
2824 9692 35
2824 6398 43
2824 6398 25
2824 6397 4
2824 6397 15
2824 9638 33
2824 9638 49
2824 9530 48
2824 9530 0
2824 9641 46
2824 9641 5
2824 8686 18
2824 8686 48
2824 9528 11
2824 9528 2
2824 8688 35
2824 8688 21
2824 8677 1
2824 8677 24
2824 9636 60
2824 9636 35
2824 9637 54
2824 9637 23
2824 9531 33
2824 9531 40
2824 9529 5
2824 9529 24
2824 6405 46
2824 6405 9
2824 8685 29
2824 8685 34
2824 8679 9
2824 8679 10
2824 8687 51
2824 8687 51
2824 8676 51
2824 8676 11
2824 9517 35
2824 9517 12
2824 9518 11
2824 9518 33
2824 9640 13
2824 9640 22
2824 9639 12
2824 9639 7
2824 9834 23
2824 9834 0
2824 6404 16
2824 6404 35
2824 6406 18
2824 6406 55
2824 8681 4
2824 8681 35
2824 8680 58
2824 8680 32
2824 8778 4
2824 8778 11
2827 6395 30
2827 6395 39
2827 6394 10
2827 6394 1
2827 6396 6
2827 6396 60
2827 9692 51
2827 9692 13
2827 6398 47
2827 6398 35
2827 6397 29
2827 6397 53
2827 9638 39
2827 9638 60
2827 9530 28
2827 9530 49
2827 9641 34
2827 9641 18
2827 8686 57
2827 8686 16
2827 9528 41
2827 9528 33
2827 8688 45
2827 8688 16
2827 8677 51
2827 8677 32
2827 9636 50
2827 9636 29
2827 9637 24
2827 9637 46
2827 9531 14
2827 9531 41
2827 9529 34
2827 9529 33
2827 6405 1
2827 6405 29
2827 8685 56
2827 8685 33
2827 8679 56
2827 8679 17
2827 8687 58
2827 8687 24
2827 8676 49
2827 8676 9
2827 9517 40
2827 9517 12
2827 9518 16
2827 9518 13
2827 9640 16
2827 9640 8
2827 9639 37
2827 9639 1
2827 9834 18
2827 9834 29
2827 6404 21
2827 6404 30
2827 6406 25
2827 6406 18
2827 8681 49
2827 8681 31
2827 8680 28
2827 8680 7
2827 8778 42
2827 8778 11
2832 6395 51
2832 6395 56
2832 6394 42
2832 6394 46
2832 6396 41
2832 6396 47
2832 9692 0
2832 9692 13
2832 6398 30
2832 6398 52
2832 6397 51
2832 6397 18
2832 9638 1
2832 9638 58
2832 9530 1
2832 9530 28
2832 9641 2
2832 9641 27
2832 8686 1
2832 8686 6
2832 9528 44
2832 9528 52
2832 8688 14
2832 8688 3
2832 8677 43
2832 8677 21
2832 9636 18
2832 9636 11
2832 9637 23
2832 9637 44
2832 9531 37
2832 9531 58
2832 9529 7
2832 9529 30
2832 6405 7
2832 6405 28
2832 8685 30
2832 8685 53
2832 8679 37
2832 8679 50
2832 8687 10
2832 8687 37
2832 8676 43
2832 8676 24
2832 9517 21
2832 9517 1
2832 9518 50
2832 9518 25
2832 9640 43
2832 9640 15
2832 9639 22
2832 9639 25
2832 9834 15
2832 9834 17
2832 6404 60
2832 6404 42
2832 6406 17
2832 6406 48
2832 8681 12
2832 8681 46
2832 8680 27
2832 8680 10
2832 8778 49
2832 8778 32
2861 6395 49
2861 6395 58
2861 6394 55
2861 6394 23
2861 6396 31
2861 6396 60
2861 9692 33
2861 9692 0
2861 6398 55
2861 6398 41
2861 6397 18
2861 6397 0
2861 9638 13
2861 9638 49
2861 9530 51
2861 9530 39
2861 9641 17
2861 9641 7
2861 8686 56
2861 8686 30
2861 9528 2
2861 9528 23
2861 8688 59
2861 8688 24
2861 8677 13
2861 8677 9
2861 9636 59
2861 9636 49
2861 9637 30
2861 9637 15
2861 9531 35
2861 9531 49
2861 9529 38
2861 9529 11
2861 6405 51
2861 6405 34
2861 8685 47
2861 8685 42
2861 8679 41
2861 8679 48
2861 8687 22
2861 8687 23
2861 8676 0
2861 8676 5
2861 9517 12
2861 9517 60
2861 9518 9
2861 9518 24
2861 9640 6
2861 9640 56
2861 9639 41
2861 9639 21
2861 9834 37
2861 9834 18
2861 6404 59
2861 6404 36
2861 6406 28
2861 6406 35
2861 8681 27
2861 8681 6
2861 8680 60
2861 8680 44
2861 8778 1
2861 8778 6
2862 6395 7
2862 6395 32
2862 6394 53
2862 6394 15
2862 6396 30
2862 6396 28
2862 9692 53
2862 9692 28
2862 6398 7
2862 6398 22
2862 6397 27
2862 6397 27
2862 9638 49
2862 9638 38
2862 9530 15
2862 9530 48
2862 9641 45
2862 9641 8
2862 8686 51
2862 8686 32
2862 9528 8
2862 9528 50
2862 8688 39
2862 8688 38
2862 8677 47
2862 8677 9
2862 9636 8
2862 9636 23
2862 9637 22
2862 9637 20
2862 9531 36
2862 9531 12
2862 9529 7
2862 9529 28
2862 6405 27
2862 6405 23
2862 8685 37
2862 8685 25
2862 8679 41
2862 8679 35
2862 8687 29
2862 8687 59
2862 8676 58
2862 8676 6
2862 9517 31
2862 9517 45
2862 9518 58
2862 9518 42
2862 9640 16
2862 9640 24
2862 9639 6
2862 9639 24
2862 9834 20
2862 9834 46
2862 6404 54
2862 6404 53
2862 6406 22
2862 6406 29
2862 8681 22
2862 8681 36
2862 8680 4
2862 8680 42
2862 8778 51
2862 8778 27
2863 6395 0
2863 6395 57
2863 6394 1
2863 6394 6
2863 6396 45
2863 6396 33
2863 9692 59
2863 9692 43
2863 6398 21
2863 6398 15
2863 6397 15
2863 6397 57
2863 9638 8
2863 9638 7
2863 9530 49
2863 9530 53
2863 9641 7
2863 9641 54
2863 8686 21
2863 8686 59
2863 9528 1
2863 9528 10
2863 8688 38
2863 8688 37
2863 8677 22
2863 8677 14
2863 9636 7
2863 9636 35
2863 9637 13
2863 9637 11
2863 9531 2
2863 9531 28
2863 9529 43
2863 9529 17
2863 6405 54
2863 6405 33
2863 8685 37
2863 8685 30
2863 8679 2
2863 8679 16
2863 8687 6
2863 8687 46
2863 8676 8
2863 8676 15
2863 9517 59
2863 9517 38
2863 9518 8
2863 9518 51
2863 9640 13
2863 9640 14
2863 9639 19
2863 9639 36
2863 9834 22
2863 9834 49
2863 6404 28
2863 6404 60
2863 6406 33
2863 6406 31
2863 8681 42
2863 8681 60
2863 8680 0
2863 8680 8
2863 8778 51
2863 8778 35
