8888 9735 59
8888 9735 2
8888 9735 14
8888 9735 11
8888 8811 8
8888 8811 33
8888 8811 3
8888 8811 21
8888 8801 51
8888 8801 9
8888 8801 49
8888 8801 46
8888 8812 6
8888 8812 20
8888 8812 45
8888 8812 27
8888 8800 5
8888 8800 27
8888 8800 59
8888 8800 49
8888 8799 34
8888 8799 22
8888 8799 44
8888 8799 24
8888 9569 42
8888 9569 1
8888 9569 31
8888 9569 46
8888 8810 43
8888 8810 47
8888 8810 10
8888 8810 24
8888 9162 36
8888 9162 18
8888 9162 38
8888 9162 13
8888 8798 43
8888 8798 21
8888 8798 53
8888 8798 33
8888 8809 6
8888 8809 2
8888 8809 54
8888 8809 9
8888 8814 26
8888 8814 27
8888 8814 54
8888 8814 5
8888 8816 47
8888 8816 29
8888 8816 43
8888 8816 16
8888 9163 48
8888 9163 42
8888 9163 43
8888 9163 16
8888 8796 2
8888 8796 49
8888 8796 50
8888 8796 43
8888 8794 15
8888 8794 1
8888 8794 31
8888 8794 48
8888 8813 36
8888 8813 11
8888 8813 60
8888 8813 27
8888 8807 23
8888 8807 16
8888 8807 1
8888 8807 32
8888 8808 29
8888 8808 3
8888 8808 51
8888 8808 39
8888 9181 1
8888 9181 43
8888 9181 51
8888 9181 49
8888 9164 32
8888 9164 3
8888 9164 52
8888 9164 48
8888 9161 26
8888 9161 7
8888 9161 29
8888 9161 43
8888 8797 5
8888 8797 57
8888 8797 30
8888 8797 44
8888 8793 11
8888 8793 55
8888 8793 0
8888 8793 10
8888 8815 35
8888 8815 20
8888 8815 37
8888 8815 42
8888 9182 19
8888 9182 16
8888 9182 36
8888 9182 58
8888 8806 36
8888 8806 30
8888 8806 57
8888 8806 22
8888 8818 57
8888 8818 6
8888 8818 10
8888 8818 30
8888 9180 27
8888 9180 36
8888 9180 36
8888 9180 19
8888 8785 16
8888 8785 36
8888 8785 25
8888 8785 53
8888 8784 0
8888 8784 34
8888 8784 45
8888 8784 25
8888 9156 54
8888 9156 43
8888 9156 27
8888 9156 7
8889 9735 2
8889 9735 23
8889 9735 14
8889 9735 59
8889 8811 37
8889 8811 7
8889 8811 54
8889 8811 36
8889 8801 17
8889 8801 46
8889 8801 18
8889 8801 18
8889 8812 42
8889 8812 1
8889 8812 23
8889 8812 13
8889 8800 17
8889 8800 29
8889 8800 36
8889 8800 26
8889 8799 16
8889 8799 51
8889 8799 29
8889 8799 4
8889 9569 46
8889 9569 52
8889 9569 60
8889 9569 44
8889 8810 45
8889 8810 54
8889 8810 24
8889 8810 0
8889 9162 50
8889 9162 32
8889 9162 8
8889 9162 15
8889 8798 28
8889 8798 4
8889 8798 41
8889 8798 19
8889 8809 43
8889 8809 31
8889 8809 60
8889 8809 59
8889 8814 36
8889 8814 11
8889 8814 9
8889 8814 16
8889 8816 14
8889 8816 49
8889 8816 55
8889 8816 49
8889 9163 38
8889 9163 7
8889 9163 54
8889 9163 22
8889 8796 56
8889 8796 29
8889 8796 37
8889 8796 17
8889 8794 44
8889 8794 5
8889 8794 51
8889 8794 27
8889 8813 8
8889 8813 56
8889 8813 18
8889 8813 11
8889 8807 45
8889 8807 21
8889 8807 17
8889 8807 57
8889 8808 46
8889 8808 50
8889 8808 36
8889 8808 36
8889 9181 52
8889 9181 11
8889 9181 41
8889 9181 14
8889 9164 49
8889 9164 48
8889 9164 47
8889 9164 21
8889 9161 19
8889 9161 8
8889 9161 49
8889 9161 29
8889 8797 19
8889 8797 55
8889 8797 52
8889 8797 22
8889 8793 22
8889 8793 10
8889 8793 42
8889 8793 21
8889 8815 53
8889 8815 54
8889 8815 45
8889 8815 41
8889 9182 0
8889 9182 60
8889 9182 2
8889 9182 17
8889 8806 21
8889 8806 10
8889 8806 4
8889 8806 18
8889 8818 22
8889 8818 32
8889 8818 9
8889 8818 22
8889 9180 29
8889 9180 41
8889 9180 46
8889 9180 37
8889 8785 55
8889 8785 27
8889 8785 53
8889 8785 11
8889 8784 60
8889 8784 17
8889 8784 48
8889 8784 24
8889 9156 14
8889 9156 8
8889 9156 17
8889 9156 33
8848 9735 26
8848 9735 0
8848 9735 9
8848 9735 27
8848 8811 55
8848 8811 57
8848 8811 30
8848 8811 21
8848 8801 0
8848 8801 6
8848 8801 20
8848 8801 12
8848 8812 18
8848 8812 59
8848 8812 39
8848 8812 3
8848 8800 25
8848 8800 57
8848 8800 3
8848 8800 48
8848 8799 30
8848 8799 53
8848 8799 37
8848 8799 19
8848 9569 12
8848 9569 60
8848 9569 40
8848 9569 30
8848 8810 51
8848 8810 19
8848 8810 60
8848 8810 56
8848 9162 3
8848 9162 18
8848 9162 47
8848 9162 60
8848 8798 55
8848 8798 35
8848 8798 42
8848 8798 43
8848 8809 37
8848 8809 36
8848 8809 60
8848 8809 13
8848 8814 24
8848 8814 8
8848 8814 27
8848 8814 14
8848 8816 34
8848 8816 44
8848 8816 13
8848 8816 1
8848 9163 40
8848 9163 46
8848 9163 10
8848 9163 32
8848 8796 32
8848 8796 42
8848 8796 55
8848 8796 33
8848 8794 11
8848 8794 17
8848 8794 19
8848 8794 38
8848 8813 26
8848 8813 32
8848 8813 16
8848 8813 29
8848 8807 11
8848 8807 32
8848 8807 39
8848 8807 37
8848 8808 5
8848 8808 57
8848 8808 10
8848 8808 18
8848 9181 16
8848 9181 14
8848 9181 27
8848 9181 51
8848 9164 49
8848 9164 47
8848 9164 0
8848 9164 39
8848 9161 8
8848 9161 25
8848 9161 19
8848 9161 4
8848 8797 29
8848 8797 24
8848 8797 38
8848 8797 38
8848 8793 11
8848 8793 1
8848 8793 47
8848 8793 40
8848 8815 47
8848 8815 48
8848 8815 45
8848 8815 10
8848 9182 29
8848 9182 5
8848 9182 60
8848 9182 10
8848 8806 19
8848 8806 3
8848 8806 52
8848 8806 33
8848 8818 32
8848 8818 18
8848 8818 35
8848 8818 52
8848 9180 55
8848 9180 45
8848 9180 11
8848 9180 18
8848 8785 6
8848 8785 27
8848 8785 14
8848 8785 41
8848 8784 5
8848 8784 29
8848 8784 28
8848 8784 58
8848 9156 45
8848 9156 9
8848 9156 25
8848 9156 21
8890 9735 37
8890 9735 12
8890 9735 16
8890 9735 0
8890 8811 35
8890 8811 48
8890 8811 38
8890 8811 18
8890 8801 4
8890 8801 56
8890 8801 31
8890 8801 55
8890 8812 33
8890 8812 9
8890 8812 2
8890 8812 20
8890 8800 25
8890 8800 48
8890 8800 55
8890 8800 58
8890 8799 11
8890 8799 44
8890 8799 51
8890 8799 6
8890 9569 52
8890 9569 7
8890 9569 10
8890 9569 27
8890 8810 33
8890 8810 60
8890 8810 57
8890 8810 36
8890 9162 2
8890 9162 27
8890 9162 27
8890 9162 18
8890 8798 37
8890 8798 9
8890 8798 40
8890 8798 59
8890 8809 31
8890 8809 1
8890 8809 55
8890 8809 49
8890 8814 31
8890 8814 14
8890 8814 54
8890 8814 18
8890 8816 28
8890 8816 37
8890 8816 47
8890 8816 8
8890 9163 23
8890 9163 37
8890 9163 47
8890 9163 24
8890 8796 12
8890 8796 50
8890 8796 45
8890 8796 4
8890 8794 20
8890 8794 37
8890 8794 59
8890 8794 38
8890 8813 57
8890 8813 27
8890 8813 12
8890 8813 59
8890 8807 27
8890 8807 24
8890 8807 25
8890 8807 4
8890 8808 37
8890 8808 18
8890 8808 11
8890 8808 26
8890 9181 56
8890 9181 3
8890 9181 28
8890 9181 13
8890 9164 34
8890 9164 44
8890 9164 29
8890 9164 49
8890 9161 54
8890 9161 36
8890 9161 57
8890 9161 16
8890 8797 29
8890 8797 60
8890 8797 41
8890 8797 43
8890 8793 39
8890 8793 55
8890 8793 22
8890 8793 53
8890 8815 51
8890 8815 17
8890 8815 60
8890 8815 11
8890 9182 25
8890 9182 15
8890 9182 18
8890 9182 41
8890 8806 14
8890 8806 17
8890 8806 17
8890 8806 49
8890 8818 43
8890 8818 4
8890 8818 55
8890 8818 42
8890 9180 47
8890 9180 55
8890 9180 45
8890 9180 41
8890 8785 19
8890 8785 56
8890 8785 34
8890 8785 48
8890 8784 22
8890 8784 28
8890 8784 25
8890 8784 44
8890 9156 42
8890 9156 48
8890 9156 1
8890 9156 15
9244 9735 58
9244 9735 57
9244 9735 10
9244 9735 34
9244 8811 9
9244 8811 7
9244 8811 56
9244 8811 49
9244 8801 19
9244 8801 56
9244 8801 51
9244 8801 23
9244 8812 47
9244 8812 8
9244 8812 19
9244 8812 31
9244 8800 51
9244 8800 42
9244 8800 60
9244 8800 55
9244 8799 7
9244 8799 52
9244 8799 7
9244 8799 40
9244 9569 26
9244 9569 18
9244 9569 59
9244 9569 1
9244 8810 57
9244 8810 39
9244 8810 5
9244 8810 10
9244 9162 20
9244 9162 35
9244 9162 56
9244 9162 20
9244 8798 53
9244 8798 53
9244 8798 2
9244 8798 26
9244 8809 41
9244 8809 7
9244 8809 26
9244 8809 29
9244 8814 59
9244 8814 11
9244 8814 10
9244 8814 44
9244 8816 49
9244 8816 2
9244 8816 3
9244 8816 51
9244 9163 51
9244 9163 3
9244 9163 53
9244 9163 54
9244 8796 36
9244 8796 55
9244 8796 33
9244 8796 3
9244 8794 15
9244 8794 55
9244 8794 20
9244 8794 16
9244 8813 22
9244 8813 56
9244 8813 2
9244 8813 0
9244 8807 38
9244 8807 39
9244 8807 14
9244 8807 58
9244 8808 57
9244 8808 31
9244 8808 11
9244 8808 49
9244 9181 36
9244 9181 49
9244 9181 2
9244 9181 48
9244 9164 0
9244 9164 31
9244 9164 11
9244 9164 21
9244 9161 17
9244 9161 51
9244 9161 57
9244 9161 2
9244 8797 53
9244 8797 48
9244 8797 56
9244 8797 12
9244 8793 41
9244 8793 23
9244 8793 14
9244 8793 31
9244 8815 32
9244 8815 59
9244 8815 34
9244 8815 8
9244 9182 54
9244 9182 14
9244 9182 23
9244 9182 14
9244 8806 4
9244 8806 33
9244 8806 43
9244 8806 55
9244 8818 0
9244 8818 9
9244 8818 54
9244 8818 13
9244 9180 59
9244 9180 18
9244 9180 27
9244 9180 56
9244 8785 14
9244 8785 56
9244 8785 46
9244 8785 7
9244 8784 18
9244 8784 11
9244 8784 59
9244 8784 36
9244 9156 57
9244 9156 59
9244 9156 56
9244 9156 35
8845 9735 16
8845 9735 11
8845 9735 1
8845 9735 9
8845 8811 38
8845 8811 27
8845 8811 28
8845 8811 54
8845 8801 49
8845 8801 13
8845 8801 57
8845 8801 46
8845 8812 1
8845 8812 50
8845 8812 16
8845 8812 24
8845 8800 51
8845 8800 41
8845 8800 51
8845 8800 56
8845 8799 23
8845 8799 20
8845 8799 18
8845 8799 41
8845 9569 40
8845 9569 48
8845 9569 47
8845 9569 19
8845 8810 28
8845 8810 34
8845 8810 34
8845 8810 42
8845 9162 51
8845 9162 47
8845 9162 27
8845 9162 34
8845 8798 23
8845 8798 13
8845 8798 17
8845 8798 8
8845 8809 32
8845 8809 60
8845 8809 11
8845 8809 41
8845 8814 27
8845 8814 59
8845 8814 12
8845 8814 59
8845 8816 36
8845 8816 7
8845 8816 4
8845 8816 3
8845 9163 21
8845 9163 27
8845 9163 20
8845 9163 43
8845 8796 52
8845 8796 48
8845 8796 37
8845 8796 29
8845 8794 20
8845 8794 12
8845 8794 12
8845 8794 33
8845 8813 0
8845 8813 4
8845 8813 58
8845 8813 0
8845 8807 33
8845 8807 6
8845 8807 15
8845 8807 32
8845 8808 59
8845 8808 42
8845 8808 60
8845 8808 52
8845 9181 42
8845 9181 60
8845 9181 58
8845 9181 19
8845 9164 51
8845 9164 60
8845 9164 35
8845 9164 25
8845 9161 34
8845 9161 28
8845 9161 60
8845 9161 46
8845 8797 31
8845 8797 7
8845 8797 1
8845 8797 28
8845 8793 40
8845 8793 42
8845 8793 38
8845 8793 52
8845 8815 52
8845 8815 29
8845 8815 47
8845 8815 14
8845 9182 20
8845 9182 50
8845 9182 23
8845 9182 25
8845 8806 42
8845 8806 3
8845 8806 60
8845 8806 1
8845 8818 9
8845 8818 59
8845 8818 8
8845 8818 52
8845 9180 14
8845 9180 6
8845 9180 3
8845 9180 20
8845 8785 6
8845 8785 28
8845 8785 53
8845 8785 55
8845 8784 55
8845 8784 29
8845 8784 55
8845 8784 50
8845 9156 37
8845 9156 26
8845 9156 47
8845 9156 4
9233 9735 1
9233 9735 19
9233 9735 16
9233 9735 1
9233 8811 36
9233 8811 30
9233 8811 1
9233 8811 24
9233 8801 45
9233 8801 42
9233 8801 57
9233 8801 15
9233 8812 43
9233 8812 46
9233 8812 36
9233 8812 49
9233 8800 11
9233 8800 19
9233 8800 48
9233 8800 41
9233 8799 48
9233 8799 54
9233 8799 12
9233 8799 45
9233 9569 26
9233 9569 19
9233 9569 34
9233 9569 31
9233 8810 29
9233 8810 2
9233 8810 15
9233 8810 5
9233 9162 35
9233 9162 44
9233 9162 10
9233 9162 49
9233 8798 57
9233 8798 60
9233 8798 35
9233 8798 1
9233 8809 52
9233 8809 9
9233 8809 42
9233 8809 16
9233 8814 32
9233 8814 37
9233 8814 35
9233 8814 54
9233 8816 35
9233 8816 33
9233 8816 21
9233 8816 26
9233 9163 37
9233 9163 44
9233 9163 57
9233 9163 21
9233 8796 6
9233 8796 24
9233 8796 57
9233 8796 1
9233 8794 48
9233 8794 26
9233 8794 48
9233 8794 52
9233 8813 22
9233 8813 57
9233 8813 0
9233 8813 50
9233 8807 55
9233 8807 39
9233 8807 42
9233 8807 6
9233 8808 45
9233 8808 22
9233 8808 22
9233 8808 21
9233 9181 24
9233 9181 16
9233 9181 52
9233 9181 45
9233 9164 12
9233 9164 31
9233 9164 41
9233 9164 29
9233 9161 6
9233 9161 54
9233 9161 17
9233 9161 1
9233 8797 48
9233 8797 16
9233 8797 15
9233 8797 39
9233 8793 33
9233 8793 19
9233 8793 49
9233 8793 51
9233 8815 48
9233 8815 5
9233 8815 56
9233 8815 12
9233 9182 44
9233 9182 0
9233 9182 35
9233 9182 2
9233 8806 9
9233 8806 55
9233 8806 41
9233 8806 24
9233 8818 14
9233 8818 23
9233 8818 38
9233 8818 46
9233 9180 15
9233 9180 14
9233 9180 56
9233 9180 0
9233 8785 21
9233 8785 10
9233 8785 54
9233 8785 15
9233 8784 28
9233 8784 52
9233 8784 31
9233 8784 44
9233 9156 31
9233 9156 33
9233 9156 20
9233 9156 4
9241 9735 14
9241 9735 21
9241 9735 28
9241 9735 36
9241 8811 41
9241 8811 53
9241 8811 26
9241 8811 11
9241 8801 37
9241 8801 40
9241 8801 35
9241 8801 25
9241 8812 1
9241 8812 45
9241 8812 28
9241 8812 18
9241 8800 6
9241 8800 24
9241 8800 20
9241 8800 12
9241 8799 14
9241 8799 22
9241 8799 17
9241 8799 13
9241 9569 37
9241 9569 51
9241 9569 58
9241 9569 17
9241 8810 39
9241 8810 48
9241 8810 56
9241 8810 27
9241 9162 25
9241 9162 48
9241 9162 24
9241 9162 51
9241 8798 25
9241 8798 29
9241 8798 44
9241 8798 41
9241 8809 19
9241 8809 42
9241 8809 59
9241 8809 7
9241 8814 50
9241 8814 21
9241 8814 34
9241 8814 42
9241 8816 51
9241 8816 36
9241 8816 8
9241 8816 51
9241 9163 52
9241 9163 7
9241 9163 18
9241 9163 32
9241 8796 45
9241 8796 51
9241 8796 8
9241 8796 3
9241 8794 40
9241 8794 14
9241 8794 42
9241 8794 21
9241 8813 46
9241 8813 51
9241 8813 17
9241 8813 4
9241 8807 48
9241 8807 4
9241 8807 43
9241 8807 53
9241 8808 23
9241 8808 34
9241 8808 5
9241 8808 22
9241 9181 27
9241 9181 20
9241 9181 2
9241 9181 49
9241 9164 46
9241 9164 19
9241 9164 20
9241 9164 10
9241 9161 10
9241 9161 41
9241 9161 21
9241 9161 59
9241 8797 18
9241 8797 33
9241 8797 4
9241 8797 33
9241 8793 55
9241 8793 10
9241 8793 50
9241 8793 33
9241 8815 21
9241 8815 16
9241 8815 5
9241 8815 58
9241 9182 28
9241 9182 34
9241 9182 47
9241 9182 4
9241 8806 17
9241 8806 8
9241 8806 50
9241 8806 5
9241 8818 26
9241 8818 10
9241 8818 60
9241 8818 52
9241 9180 3
9241 9180 35
9241 9180 18
9241 9180 0
9241 8785 30
9241 8785 29
9241 8785 56
9241 8785 53
9241 8784 24
9241 8784 40
9241 8784 15
9241 8784 34
9241 9156 49
9241 9156 26
9241 9156 9
9241 9156 55
8843 9735 27
8843 9735 25
8843 9735 43
8843 9735 8
8843 8811 5
8843 8811 3
8843 8811 44
8843 8811 45
8843 8801 52
8843 8801 37
8843 8801 20
8843 8801 2
8843 8812 21
8843 8812 23
8843 8812 12
8843 8812 14
8843 8800 4
8843 8800 23
8843 8800 0
8843 8800 7
8843 8799 42
8843 8799 54
8843 8799 39
8843 8799 3
8843 9569 58
8843 9569 31
8843 9569 32
8843 9569 12
8843 8810 10
8843 8810 41
8843 8810 28
8843 8810 53
8843 9162 10
8843 9162 50
8843 9162 45
8843 9162 29
8843 8798 57
8843 8798 57
8843 8798 20
8843 8798 28
8843 8809 29
8843 8809 21
8843 8809 25
8843 8809 21
8843 8814 34
8843 8814 8
8843 8814 55
8843 8814 41
8843 8816 45
8843 8816 34
8843 8816 9
8843 8816 21
8843 9163 2
8843 9163 24
8843 9163 47
8843 9163 34
8843 8796 2
8843 8796 17
8843 8796 59
8843 8796 34
8843 8794 3
8843 8794 48
8843 8794 43
8843 8794 0
8843 8813 17
8843 8813 47
8843 8813 53
8843 8813 16
8843 8807 42
8843 8807 4
8843 8807 5
8843 8807 25
8843 8808 42
8843 8808 27
8843 8808 40
8843 8808 14
8843 9181 60
8843 9181 42
8843 9181 15
8843 9181 36
8843 9164 9
8843 9164 37
8843 9164 48
8843 9164 28
8843 9161 46
8843 9161 9
8843 9161 35
8843 9161 46
8843 8797 22
8843 8797 44
8843 8797 17
8843 8797 10
8843 8793 10
8843 8793 29
8843 8793 20
8843 8793 31
8843 8815 18
8843 8815 16
8843 8815 38
8843 8815 11
8843 9182 23
8843 9182 53
8843 9182 14
8843 9182 10
8843 8806 51
8843 8806 22
8843 8806 25
8843 8806 15
8843 8818 15
8843 8818 28
8843 8818 53
8843 8818 0
8843 9180 29
8843 9180 57
8843 9180 4
8843 9180 26
8843 8785 7
8843 8785 60
8843 8785 59
8843 8785 6
8843 8784 6
8843 8784 12
8843 8784 36
8843 8784 21
8843 9156 56
8843 9156 16
8843 9156 39
8843 9156 22
8884 9735 39
8884 9735 32
8884 9735 43
8884 9735 45
8884 8811 8
8884 8811 45
8884 8811 15
8884 8811 27
8884 8801 16
8884 8801 7
8884 8801 31
8884 8801 2
8884 8812 1
8884 8812 13
8884 8812 42
8884 8812 23
8884 8800 29
8884 8800 49
8884 8800 26
8884 8800 10
8884 8799 43
8884 8799 33
8884 8799 34
8884 8799 13
8884 9569 8
8884 9569 54
8884 9569 7
8884 9569 5
8884 8810 47
8884 8810 53
8884 8810 36
8884 8810 18
8884 9162 40
8884 9162 18
8884 9162 34
8884 9162 16
8884 8798 5
8884 8798 13
8884 8798 46
8884 8798 36
8884 8809 3
8884 8809 45
8884 8809 17
8884 8809 52
8884 8814 44
8884 8814 48
8884 8814 60
8884 8814 44
8884 8816 30
8884 8816 40
8884 8816 43
8884 8816 27
8884 9163 3
8884 9163 27
8884 9163 52
8884 9163 3
8884 8796 44
8884 8796 29
8884 8796 16
8884 8796 4
8884 8794 23
8884 8794 11
8884 8794 21
8884 8794 8
8884 8813 59
8884 8813 11
8884 8813 48
8884 8813 1
8884 8807 43
8884 8807 46
8884 8807 5
8884 8807 35
8884 8808 14
8884 8808 28
8884 8808 35
8884 8808 58
8884 9181 21
8884 9181 5
8884 9181 19
8884 9181 50
8884 9164 42
8884 9164 39
8884 9164 32
8884 9164 52
8884 9161 1
8884 9161 4
8884 9161 2
8884 9161 55
8884 8797 33
8884 8797 43
8884 8797 37
8884 8797 31
8884 8793 12
8884 8793 58
8884 8793 12
8884 8793 19
8884 8815 11
8884 8815 9
8884 8815 33
8884 8815 31
8884 9182 43
8884 9182 47
8884 9182 3
8884 9182 6
8884 8806 23
8884 8806 1
8884 8806 31
8884 8806 31
8884 8818 45
8884 8818 24
8884 8818 57
8884 8818 4
8884 9180 37
8884 9180 55
8884 9180 60
8884 9180 34
8884 8785 52
8884 8785 11
8884 8785 19
8884 8785 19
8884 8784 22
8884 8784 53
8884 8784 20
8884 8784 14
8884 9156 24
8884 9156 30
8884 9156 15
8884 9156 38
8891 9735 10
8891 9735 41
8891 9735 53
8891 9735 20
8891 8811 20
8891 8811 48
8891 8811 2
8891 8811 25
8891 8801 1
8891 8801 30
8891 8801 7
8891 8801 45
8891 8812 1
8891 8812 58
8891 8812 41
8891 8812 22
8891 8800 46
8891 8800 28
8891 8800 48
8891 8800 36
8891 8799 37
8891 8799 11
8891 8799 12
8891 8799 0
8891 9569 48
8891 9569 55
8891 9569 7
8891 9569 60
8891 8810 25
8891 8810 27
8891 8810 14
8891 8810 47
8891 9162 11
8891 9162 12
8891 9162 50
8891 9162 13
8891 8798 41
8891 8798 58
8891 8798 53
8891 8798 42
8891 8809 58
8891 8809 57
8891 8809 1
8891 8809 57
8891 8814 35
8891 8814 3
8891 8814 51
8891 8814 51
8891 8816 59
8891 8816 17
8891 8816 50
8891 8816 31
8891 9163 9
8891 9163 20
8891 9163 9
8891 9163 7
8891 8796 16
8891 8796 38
8891 8796 35
8891 8796 48
8891 8794 35
8891 8794 56
8891 8794 23
8891 8794 48
8891 8813 54
8891 8813 22
8891 8813 19
8891 8813 17
8891 8807 32
8891 8807 25
8891 8807 24
8891 8807 40
8891 8808 33
8891 8808 35
8891 8808 11
8891 8808 47
8891 9181 45
8891 9181 43
8891 9181 15
8891 9181 7
8891 9164 13
8891 9164 3
8891 9164 45
8891 9164 21
8891 9161 7
8891 9161 12
8891 9161 2
8891 9161 28
8891 8797 27
8891 8797 37
8891 8797 17
8891 8797 19
8891 8793 8
8891 8793 51
8891 8793 13
8891 8793 37
8891 8815 19
8891 8815 51
8891 8815 54
8891 8815 55
8891 9182 46
8891 9182 58
8891 9182 17
8891 9182 33
8891 8806 58
8891 8806 45
8891 8806 45
8891 8806 45
8891 8818 29
8891 8818 48
8891 8818 43
8891 8818 48
8891 9180 16
8891 9180 60
8891 9180 5
8891 9180 9
8891 8785 22
8891 8785 29
8891 8785 56
8891 8785 27
8891 8784 30
8891 8784 11
8891 8784 15
8891 8784 0
8891 9156 17
8891 9156 16
8891 9156 59
8891 9156 17
9247 9735 45
9247 9735 50
9247 9735 41
9247 9735 1
9247 8811 29
9247 8811 39
9247 8811 54
9247 8811 34
9247 8801 16
9247 8801 3
9247 8801 19
9247 8801 56
9247 8812 34
9247 8812 22
9247 8812 48
9247 8812 39
9247 8800 22
9247 8800 42
9247 8800 22
9247 8800 43
9247 8799 34
9247 8799 0
9247 8799 38
9247 8799 12
9247 9569 24
9247 9569 57
9247 9569 23
9247 9569 7
9247 8810 30
9247 8810 5
9247 8810 9
9247 8810 19
9247 9162 28
9247 9162 32
9247 9162 52
9247 9162 40
9247 8798 11
9247 8798 33
9247 8798 40
9247 8798 54
9247 8809 19
9247 8809 16
9247 8809 36
9247 8809 60
9247 8814 2
9247 8814 41
9247 8814 53
9247 8814 38
9247 8816 48
9247 8816 23
9247 8816 27
9247 8816 42
9247 9163 30
9247 9163 54
9247 9163 22
9247 9163 51
9247 8796 43
9247 8796 7
9247 8796 27
9247 8796 9
9247 8794 12
9247 8794 16
9247 8794 57
9247 8794 26
9247 8813 11
9247 8813 30
9247 8813 19
9247 8813 40
9247 8807 35
9247 8807 42
9247 8807 59
9247 8807 18
9247 8808 59
9247 8808 53
9247 8808 38
9247 8808 22
9247 9181 4
9247 9181 55
9247 9181 13
9247 9181 11
9247 9164 17
9247 9164 33
9247 9164 31
9247 9164 50
9247 9161 2
9247 9161 28
9247 9161 50
9247 9161 40
9247 8797 36
9247 8797 42
9247 8797 38
9247 8797 13
9247 8793 7
9247 8793 53
9247 8793 34
9247 8793 4
9247 8815 54
9247 8815 52
9247 8815 22
9247 8815 2
9247 9182 46
9247 9182 38
9247 9182 19
9247 9182 3
9247 8806 15
9247 8806 25
9247 8806 60
9247 8806 31
9247 8818 58
9247 8818 16
9247 8818 27
9247 8818 2
9247 9180 57
9247 9180 44
9247 9180 50
9247 9180 37
9247 8785 30
9247 8785 23
9247 8785 27
9247 8785 19
9247 8784 38
9247 8784 56
9247 8784 21
9247 8784 20
9247 9156 45
9247 9156 8
9247 9156 44
9247 9156 17
9242 9735 32
9242 9735 2
9242 9735 14
9242 9735 13
9242 8811 9
9242 8811 40
9242 8811 7
9242 8811 56
9242 8801 54
9242 8801 57
9242 8801 8
9242 8801 36
9242 8812 13
9242 8812 58
9242 8812 0
9242 8812 12
9242 8800 16
9242 8800 36
9242 8800 33
9242 8800 18
9242 8799 49
9242 8799 32
9242 8799 38
9242 8799 54
9242 9569 19
9242 9569 20
9242 9569 2
9242 9569 43
9242 8810 26
9242 8810 15
9242 8810 29
9242 8810 15
9242 9162 13
9242 9162 26
9242 9162 56
9242 9162 48
9242 8798 51
9242 8798 56
9242 8798 40
9242 8798 37
9242 8809 11
9242 8809 48
9242 8809 50
9242 8809 43
9242 8814 58
9242 8814 9
9242 8814 39
9242 8814 34
9242 8816 57
9242 8816 31
9242 8816 30
9242 8816 32
9242 9163 28
9242 9163 53
9242 9163 40
9242 9163 32
9242 8796 32
9242 8796 49
9242 8796 37
9242 8796 10
9242 8794 54
9242 8794 20
9242 8794 53
9242 8794 11
9242 8813 12
9242 8813 12
9242 8813 13
9242 8813 16
9242 8807 50
9242 8807 44
9242 8807 25
9242 8807 55
9242 8808 36
9242 8808 21
9242 8808 53
9242 8808 29
9242 9181 59
9242 9181 30
9242 9181 26
9242 9181 29
9242 9164 45
9242 9164 31
9242 9164 44
9242 9164 48
9242 9161 3
9242 9161 14
9242 9161 7
9242 9161 58
9242 8797 57
9242 8797 10
9242 8797 46
9242 8797 5
9242 8793 27
9242 8793 48
9242 8793 35
9242 8793 19
9242 8815 24
9242 8815 15
9242 8815 5
9242 8815 52
9242 9182 20
9242 9182 57
9242 9182 38
9242 9182 41
9242 8806 51
9242 8806 27
9242 8806 59
9242 8806 54
9242 8818 44
9242 8818 25
9242 8818 46
9242 8818 37
9242 9180 6
9242 9180 0
9242 9180 16
9242 9180 7
9242 8785 32
9242 8785 44
9242 8785 43
9242 8785 16
9242 8784 4
9242 8784 12
9242 8784 58
9242 8784 25
9242 9156 36
9242 9156 6
9242 9156 29
9242 9156 33
9246 9735 33
9246 9735 3
9246 9735 33
9246 9735 32
9246 8811 8
9246 8811 3
9246 8811 26
9246 8811 17
9246 8801 44
9246 8801 50
9246 8801 9
9246 8801 40
9246 8812 35
9246 8812 24
9246 8812 36
9246 8812 26
9246 8800 35
9246 8800 35
9246 8800 16
9246 8800 48
9246 8799 47
9246 8799 28
9246 8799 33
9246 8799 4
9246 9569 13
9246 9569 31
9246 9569 32
9246 9569 32
9246 8810 7
9246 8810 4
9246 8810 45
9246 8810 5
9246 9162 27
9246 9162 11
9246 9162 28
9246 9162 1
9246 8798 37
9246 8798 34
9246 8798 45
9246 8798 14
9246 8809 50
9246 8809 9
9246 8809 31
9246 8809 33
9246 8814 19
9246 8814 14
9246 8814 33
9246 8814 12
9246 8816 44
9246 8816 36
9246 8816 38
9246 8816 21
9246 9163 7
9246 9163 29
9246 9163 58
9246 9163 5
9246 8796 41
9246 8796 29
9246 8796 41
9246 8796 3
9246 8794 52
9246 8794 16
9246 8794 60
9246 8794 44
9246 8813 49
9246 8813 31
9246 8813 60
9246 8813 55
9246 8807 4
9246 8807 16
9246 8807 8
9246 8807 48
9246 8808 17
9246 8808 40
9246 8808 5
9246 8808 32
9246 9181 15
9246 9181 52
9246 9181 49
9246 9181 24
9246 9164 11
9246 9164 6
9246 9164 13
9246 9164 20
9246 9161 29
9246 9161 34
9246 9161 22
9246 9161 43
9246 8797 15
9246 8797 6
9246 8797 3
9246 8797 41
9246 8793 8
9246 8793 21
9246 8793 41
9246 8793 29
9246 8815 54
9246 8815 50
9246 8815 2
9246 8815 27
9246 9182 52
9246 9182 31
9246 9182 21
9246 9182 49
9246 8806 59
9246 8806 33
9246 8806 54
9246 8806 46
9246 8818 15
9246 8818 53
9246 8818 1
9246 8818 13
9246 9180 60
9246 9180 23
9246 9180 10
9246 9180 44
9246 8785 34
9246 8785 57
9246 8785 42
9246 8785 5
9246 8784 54
9246 8784 54
9246 8784 9
9246 8784 52
9246 9156 36
9246 9156 13
9246 9156 59
9246 9156 19
8842 9735 2
8842 9735 42
8842 9735 20
8842 9735 51
8842 8811 41
8842 8811 1
8842 8811 30
8842 8811 22
8842 8801 8
8842 8801 32
8842 8801 33
8842 8801 26
8842 8812 39
8842 8812 58
8842 8812 39
8842 8812 54
8842 8800 31
8842 8800 27
8842 8800 59
8842 8800 8
8842 8799 57
8842 8799 3
8842 8799 14
8842 8799 41
8842 9569 47
8842 9569 11
8842 9569 7
8842 9569 32
8842 8810 20
8842 8810 31
8842 8810 26
8842 8810 11
8842 9162 52
8842 9162 54
8842 9162 44
8842 9162 48
8842 8798 56
8842 8798 6
8842 8798 47
8842 8798 15
8842 8809 2
8842 8809 51
8842 8809 52
8842 8809 48
8842 8814 29
8842 8814 17
8842 8814 24
8842 8814 41
8842 8816 39
8842 8816 13
8842 8816 4
8842 8816 7
8842 9163 60
8842 9163 43
8842 9163 58
8842 9163 57
8842 8796 24
8842 8796 1
8842 8796 41
8842 8796 42
8842 8794 58
8842 8794 20
8842 8794 4
8842 8794 39
8842 8813 50
8842 8813 52
8842 8813 51
8842 8813 19
8842 8807 37
8842 8807 11
8842 8807 9
8842 8807 59
8842 8808 43
8842 8808 8
8842 8808 1
8842 8808 49
8842 9181 48
8842 9181 59
8842 9181 11
8842 9181 54
8842 9164 31
8842 9164 43
8842 9164 58
8842 9164 22
8842 9161 28
8842 9161 44
8842 9161 15
8842 9161 53
8842 8797 6
8842 8797 39
8842 8797 16
8842 8797 17
8842 8793 51
8842 8793 14
8842 8793 2
8842 8793 25
8842 8815 8
8842 8815 6
8842 8815 58
8842 8815 48
8842 9182 35
8842 9182 19
8842 9182 4
8842 9182 53
8842 8806 26
8842 8806 53
8842 8806 21
8842 8806 58
8842 8818 20
8842 8818 16
8842 8818 20
8842 8818 51
8842 9180 40
8842 9180 16
8842 9180 56
8842 9180 46
8842 8785 8
8842 8785 47
8842 8785 31
8842 8785 33
8842 8784 49
8842 8784 59
8842 8784 8
8842 8784 37
8842 9156 48
8842 9156 29
8842 9156 22
8842 9156 29
8838 9735 30
8838 9735 47
8838 9735 49
8838 9735 37
8838 8811 15
8838 8811 49
8838 8811 8
8838 8811 34
8838 8801 7
8838 8801 50
8838 8801 45
8838 8801 4
8838 8812 54
8838 8812 23
8838 8812 45
8838 8812 60
8838 8800 11
8838 8800 56
8838 8800 32
8838 8800 26
8838 8799 38
8838 8799 24
8838 8799 22
8838 8799 24
8838 9569 25
8838 9569 56
8838 9569 2
8838 9569 29
8838 8810 50
8838 8810 36
8838 8810 55
8838 8810 4
8838 9162 38
8838 9162 59
8838 9162 7
8838 9162 35
8838 8798 47
8838 8798 6
8838 8798 50
8838 8798 37
8838 8809 12
8838 8809 24
8838 8809 26
8838 8809 40
8838 8814 15
8838 8814 55
8838 8814 41
8838 8814 50
8838 8816 43
8838 8816 23
8838 8816 23
8838 8816 23
8838 9163 2
8838 9163 4
8838 9163 32
8838 9163 29
8838 8796 16
8838 8796 17
8838 8796 10
8838 8796 6
8838 8794 6
8838 8794 3
8838 8794 43
8838 8794 1
8838 8813 15
8838 8813 59
8838 8813 1
8838 8813 7
8838 8807 28
8838 8807 41
8838 8807 53
8838 8807 13
8838 8808 28
8838 8808 45
8838 8808 25
8838 8808 2
8838 9181 28
8838 9181 20
8838 9181 6
8838 9181 41
8838 9164 49
8838 9164 54
8838 9164 9
8838 9164 28
8838 9161 17
8838 9161 58
8838 9161 10
8838 9161 13
8838 8797 32
8838 8797 50
8838 8797 1
8838 8797 58
8838 8793 13
8838 8793 13
8838 8793 15
8838 8793 27
8838 8815 54
8838 8815 20
8838 8815 19
8838 8815 2
8838 9182 23
8838 9182 39
8838 9182 33
8838 9182 59
8838 8806 22
8838 8806 49
8838 8806 26
8838 8806 52
8838 8818 43
8838 8818 12
8838 8818 60
8838 8818 3
8838 9180 56
8838 9180 16
8838 9180 33
8838 9180 39
8838 8785 59
8838 8785 7
8838 8785 1
8838 8785 49
8838 8784 31
8838 8784 25
8838 8784 32
8838 8784 3
8838 9156 0
8838 9156 11
8838 9156 18
8838 9156 37
9228 9735 18
9228 9735 47
9228 9735 52
9228 9735 10
9228 8811 45
9228 8811 32
9228 8811 34
9228 8811 4
9228 8801 46
9228 8801 43
9228 8801 56
9228 8801 15
9228 8812 4
9228 8812 36
9228 8812 44
9228 8812 19
9228 8800 47
9228 8800 0
9228 8800 5
9228 8800 7
9228 8799 24
9228 8799 55
9228 8799 0
9228 8799 51
9228 9569 57
9228 9569 54
9228 9569 38
9228 9569 42
9228 8810 28
9228 8810 6
9228 8810 27
9228 8810 42
9228 9162 43
9228 9162 35
9228 9162 45
9228 9162 7
9228 8798 8
9228 8798 24
9228 8798 20
9228 8798 29
9228 8809 46
9228 8809 39
9228 8809 52
9228 8809 16
9228 8814 48
9228 8814 4
9228 8814 3
9228 8814 47
9228 8816 50
9228 8816 55
9228 8816 20
9228 8816 54
9228 9163 54
9228 9163 6
9228 9163 12
9228 9163 54
9228 8796 48
9228 8796 6
9228 8796 13
9228 8796 8
9228 8794 9
9228 8794 46
9228 8794 34
9228 8794 47
9228 8813 14
9228 8813 47
9228 8813 19
9228 8813 34
9228 8807 35
9228 8807 19
9228 8807 20
9228 8807 38
9228 8808 28
9228 8808 51
9228 8808 52
9228 8808 30
9228 9181 22
9228 9181 51
9228 9181 50
9228 9181 0
9228 9164 49
9228 9164 51
9228 9164 29
9228 9164 7
9228 9161 8
9228 9161 30
9228 9161 2
9228 9161 29
9228 8797 14
9228 8797 5
9228 8797 4
9228 8797 4
9228 8793 55
9228 8793 42
9228 8793 57
9228 8793 52
9228 8815 1
9228 8815 56
9228 8815 27
9228 8815 25
9228 9182 21
9228 9182 42
9228 9182 1
9228 9182 4
9228 8806 59
9228 8806 48
9228 8806 2
9228 8806 49
9228 8818 50
9228 8818 40
9228 8818 33
9228 8818 44
9228 9180 20
9228 9180 46
9228 9180 7
9228 9180 43
9228 8785 57
9228 8785 1
9228 8785 9
9228 8785 9
9228 8784 6
9228 8784 44
9228 8784 2
9228 8784 59
9228 9156 53
9228 9156 2
9228 9156 27
9228 9156 47
9236 9735 6
9236 9735 45
9236 9735 6
9236 9735 1
9236 8811 19
9236 8811 3
9236 8811 25
9236 8811 34
9236 8801 3
9236 8801 40
9236 8801 18
9236 8801 34
9236 8812 35
9236 8812 22
9236 8812 12
9236 8812 9
9236 8800 46
9236 8800 7
9236 8800 53
9236 8800 3
9236 8799 39
9236 8799 41
9236 8799 14
9236 8799 57
9236 9569 0
9236 9569 36
9236 9569 55
9236 9569 49
9236 8810 10
9236 8810 0
9236 8810 24
9236 8810 60
9236 9162 50
9236 9162 45
9236 9162 51
9236 9162 57
9236 8798 9
9236 8798 58
9236 8798 11
9236 8798 25
9236 8809 38
9236 8809 37
9236 8809 21
9236 8809 32
9236 8814 21
9236 8814 2
9236 8814 1
9236 8814 46
9236 8816 52
9236 8816 0
9236 8816 54
9236 8816 9
9236 9163 44
9236 9163 12
9236 9163 18
9236 9163 50
9236 8796 3
9236 8796 12
9236 8796 59
9236 8796 32
9236 8794 56
9236 8794 40
9236 8794 42
9236 8794 31
9236 8813 46
9236 8813 44
9236 8813 27
9236 8813 21
9236 8807 10
9236 8807 42
9236 8807 17
9236 8807 31
9236 8808 55
9236 8808 35
9236 8808 31
9236 8808 55
9236 9181 59
9236 9181 27
9236 9181 22
9236 9181 20
9236 9164 1
9236 9164 45
9236 9164 57
9236 9164 59
9236 9161 45
9236 9161 40
9236 9161 56
9236 9161 7
9236 8797 27
9236 8797 4
9236 8797 35
9236 8797 41
9236 8793 42
9236 8793 48
9236 8793 2
9236 8793 4
9236 8815 23
9236 8815 22
9236 8815 30
9236 8815 9
9236 9182 15
9236 9182 7
9236 9182 38
9236 9182 15
9236 8806 52
9236 8806 44
9236 8806 22
9236 8806 58
9236 8818 14
9236 8818 11
9236 8818 52
9236 8818 33
9236 9180 24
9236 9180 21
9236 9180 13
9236 9180 33
9236 8785 11
9236 8785 41
9236 8785 40
9236 8785 42
9236 8784 34
9236 8784 57
9236 8784 48
9236 8784 28
9236 9156 47
9236 9156 24
9236 9156 8
9236 9156 5
9240 9735 49
9240 9735 21
9240 9735 15
9240 9735 56
9240 8811 22
9240 8811 50
9240 8811 8
9240 8811 17
9240 8801 28
9240 8801 44
9240 8801 34
9240 8801 37
9240 8812 52
9240 8812 60
9240 8812 13
9240 8812 12
9240 8800 1
9240 8800 2
9240 8800 23
9240 8800 22
9240 8799 57
9240 8799 20
9240 8799 47
9240 8799 43
9240 9569 34
9240 9569 39
9240 9569 28
9240 9569 34
9240 8810 60
9240 8810 38
9240 8810 26
9240 8810 55
9240 9162 60
9240 9162 56
9240 9162 48
9240 9162 14
9240 8798 13
9240 8798 2
9240 8798 31
9240 8798 2
9240 8809 21
9240 8809 15
9240 8809 28
9240 8809 29
9240 8814 59
9240 8814 28
9240 8814 23
9240 8814 5
9240 8816 24
9240 8816 5
9240 8816 31
9240 8816 28
9240 9163 19
9240 9163 23
9240 9163 32
9240 9163 47
9240 8796 1
9240 8796 15
9240 8796 53
9240 8796 34
9240 8794 2
9240 8794 18
9240 8794 7
9240 8794 44
9240 8813 10
9240 8813 53
9240 8813 52
9240 8813 53
9240 8807 23
9240 8807 17
9240 8807 20
9240 8807 19
9240 8808 35
9240 8808 9
9240 8808 56
9240 8808 44
9240 9181 9
9240 9181 38
9240 9181 45
9240 9181 18
9240 9164 1
9240 9164 15
9240 9164 31
9240 9164 40
9240 9161 28
9240 9161 40
9240 9161 27
9240 9161 45
9240 8797 27
9240 8797 45
9240 8797 6
9240 8797 11
9240 8793 1
9240 8793 57
9240 8793 28
9240 8793 15
9240 8815 0
9240 8815 20
9240 8815 1
9240 8815 26
9240 9182 32
9240 9182 36
9240 9182 14
9240 9182 17
9240 8806 59
9240 8806 13
9240 8806 44
9240 8806 48
9240 8818 4
9240 8818 26
9240 8818 57
9240 8818 3
9240 9180 3
9240 9180 52
9240 9180 48
9240 9180 12
9240 8785 11
9240 8785 10
9240 8785 20
9240 8785 33
9240 8784 4
9240 8784 50
9240 8784 5
9240 8784 23
9240 9156 26
9240 9156 7
9240 9156 24
9240 9156 6
8844 9735 17
8844 9735 21
8844 9735 28
8844 9735 58
8844 8811 16
8844 8811 31
8844 8811 13
8844 8811 19
8844 8801 60
8844 8801 7
8844 8801 22
8844 8801 33
8844 8812 49
8844 8812 30
8844 8812 47
8844 8812 7
8844 8800 15
8844 8800 47
8844 8800 60
8844 8800 37
8844 8799 10
8844 8799 51
8844 8799 21
8844 8799 35
8844 9569 5
8844 9569 15
8844 9569 5
8844 9569 5
8844 8810 22
8844 8810 39
8844 8810 36
8844 8810 15
8844 9162 4
8844 9162 44
8844 9162 8
8844 9162 49
8844 8798 60
8844 8798 58
8844 8798 32
8844 8798 25
8844 8809 53
8844 8809 20
8844 8809 14
8844 8809 9
8844 8814 54
8844 8814 49
8844 8814 32
8844 8814 23
8844 8816 26
8844 8816 41
8844 8816 21
8844 8816 56
8844 9163 50
8844 9163 57
8844 9163 41
8844 9163 49
8844 8796 47
8844 8796 2
8844 8796 34
8844 8796 21
8844 8794 51
8844 8794 58
8844 8794 30
8844 8794 30
8844 8813 55
8844 8813 48
8844 8813 57
8844 8813 22
8844 8807 36
8844 8807 16
8844 8807 16
8844 8807 27
8844 8808 10
8844 8808 6
8844 8808 19
8844 8808 44
8844 9181 51
8844 9181 9
8844 9181 18
8844 9181 8
8844 9164 25
8844 9164 11
8844 9164 58
8844 9164 52
8844 9161 58
8844 9161 60
8844 9161 4
8844 9161 39
8844 8797 52
8844 8797 32
8844 8797 5
8844 8797 49
8844 8793 51
8844 8793 4
8844 8793 48
8844 8793 38
8844 8815 13
8844 8815 45
8844 8815 13
8844 8815 4
8844 9182 32
8844 9182 4
8844 9182 9
8844 9182 13
8844 8806 7
8844 8806 0
8844 8806 8
8844 8806 44
8844 8818 60
8844 8818 31
8844 8818 49
8844 8818 58
8844 9180 16
8844 9180 25
8844 9180 46
8844 9180 42
8844 8785 40
8844 8785 10
8844 8785 55
8844 8785 40
8844 8784 37
8844 8784 40
8844 8784 46
8844 8784 51
8844 9156 20
8844 9156 60
8844 9156 46
8844 9156 47
8846 9735 11
8846 9735 42
8846 9735 52
8846 9735 0
8846 8811 9
8846 8811 47
8846 8811 41
8846 8811 58
8846 8801 8
8846 8801 30
8846 8801 29
8846 8801 31
8846 8812 37
8846 8812 41
8846 8812 21
8846 8812 46
8846 8800 57
8846 8800 28
8846 8800 3
8846 8800 14
8846 8799 2
8846 8799 2
8846 8799 20
8846 8799 8
8846 9569 24
8846 9569 20
8846 9569 58
8846 9569 8
8846 8810 28
8846 8810 14
8846 8810 3
8846 8810 51
8846 9162 28
8846 9162 53
8846 9162 47
8846 9162 34
8846 8798 43
8846 8798 18
8846 8798 26
8846 8798 33
8846 8809 10
8846 8809 51
8846 8809 60
8846 8809 38
8846 8814 39
8846 8814 2
8846 8814 24
8846 8814 51
8846 8816 11
8846 8816 42
8846 8816 24
8846 8816 27
8846 9163 30
8846 9163 32
8846 9163 31
8846 9163 52
8846 8796 60
8846 8796 8
8846 8796 21
8846 8796 19
8846 8794 20
8846 8794 4
8846 8794 54
8846 8794 10
8846 8813 17
8846 8813 34
8846 8813 36
8846 8813 8
8846 8807 2
8846 8807 4
8846 8807 2
8846 8807 1
8846 8808 58
8846 8808 17
8846 8808 42
8846 8808 59
8846 9181 12
8846 9181 43
8846 9181 32
8846 9181 23
8846 9164 28
8846 9164 20
8846 9164 29
8846 9164 16
8846 9161 34
8846 9161 9
8846 9161 16
8846 9161 7
8846 8797 9
8846 8797 6
8846 8797 10
8846 8797 11
8846 8793 44
8846 8793 21
8846 8793 21
8846 8793 26
8846 8815 13
8846 8815 50
8846 8815 45
8846 8815 6
8846 9182 44
8846 9182 1
8846 9182 33
8846 9182 9
8846 8806 38
8846 8806 22
8846 8806 9
8846 8806 43
8846 8818 58
8846 8818 48
8846 8818 35
8846 8818 57
8846 9180 51
8846 9180 32
8846 9180 52
8846 9180 13
8846 8785 2
8846 8785 6
8846 8785 31
8846 8785 17
8846 8784 38
8846 8784 26
8846 8784 60
8846 8784 15
8846 9156 59
8846 9156 49
8846 9156 17
8846 9156 13
8885 9735 18
8885 9735 26
8885 9735 46
8885 9735 37
8885 8811 53
8885 8811 58
8885 8811 29
8885 8811 25
8885 8801 41
8885 8801 32
8885 8801 50
8885 8801 23
8885 8812 38
8885 8812 51
8885 8812 6
8885 8812 52
8885 8800 26
8885 8800 39
8885 8800 46
8885 8800 37
8885 8799 8
8885 8799 45
8885 8799 52
8885 8799 3
8885 9569 12
8885 9569 30
8885 9569 35
8885 9569 14
8885 8810 14
8885 8810 38
8885 8810 5
8885 8810 0
8885 9162 1
8885 9162 21
8885 9162 20
8885 9162 60
8885 8798 28
8885 8798 19
8885 8798 49
8885 8798 59
8885 8809 30
8885 8809 60
8885 8809 26
8885 8809 19
8885 8814 44
8885 8814 54
8885 8814 44
8885 8814 8
8885 8816 36
8885 8816 29
8885 8816 43
8885 8816 24
8885 9163 60
8885 9163 23
8885 9163 27
8885 9163 16
8885 8796 56
8885 8796 31
8885 8796 3
8885 8796 32
8885 8794 60
8885 8794 5
8885 8794 9
8885 8794 50
8885 8813 56
8885 8813 55
8885 8813 44
8885 8813 19
8885 8807 41
8885 8807 57
8885 8807 9
8885 8807 28
8885 8808 24
8885 8808 29
8885 8808 12
8885 8808 21
8885 9181 27
8885 9181 4
8885 9181 59
8885 9181 49
8885 9164 42
8885 9164 10
8885 9164 32
8885 9164 55
8885 9161 8
8885 9161 45
8885 9161 28
8885 9161 49
8885 8797 57
8885 8797 35
8885 8797 30
8885 8797 59
8885 8793 12
8885 8793 19
8885 8793 54
8885 8793 56
8885 8815 24
8885 8815 8
8885 8815 20
8885 8815 60
8885 9182 55
8885 9182 39
8885 9182 36
8885 9182 45
8885 8806 39
8885 8806 32
8885 8806 29
8885 8806 26
8885 8818 15
8885 8818 14
8885 8818 51
8885 8818 0
8885 9180 54
8885 9180 5
8885 9180 1
8885 9180 51
8885 8785 38
8885 8785 46
8885 8785 32
8885 8785 39
8885 8784 33
8885 8784 17
8885 8784 28
8885 8784 21
8885 9156 30
8885 9156 49
8885 9156 52
8885 9156 50
9296 9735 54
9296 9735 10
9296 9735 5
9296 9735 0
9296 8811 24
9296 8811 55
9296 8811 33
9296 8811 17
9296 8801 3
9296 8801 29
9296 8801 17
9296 8801 13
9296 8812 58
9296 8812 32
9296 8812 41
9296 8812 17
9296 8800 28
9296 8800 55
9296 8800 16
9296 8800 54
9296 8799 13
9296 8799 14
9296 8799 18
9296 8799 54
9296 9569 34
9296 9569 15
9296 9569 34
9296 9569 38
9296 8810 0
9296 8810 11
9296 8810 55
9296 8810 60
9296 9162 38
9296 9162 47
9296 9162 6
9296 9162 56
9296 8798 55
9296 8798 23
9296 8798 40
9296 8798 27
9296 8809 28
9296 8809 58
9296 8809 48
9296 8809 26
9296 8814 50
9296 8814 38
9296 8814 55
9296 8814 42
9296 8816 41
9296 8816 44
9296 8816 19
9296 8816 15
9296 9163 43
9296 9163 11
9296 9163 19
9296 9163 17
9296 8796 34
9296 8796 26
9296 8796 32
9296 8796 18
9296 8794 9
9296 8794 60
9296 8794 56
9296 8794 3
9296 8813 39
9296 8813 45
9296 8813 25
9296 8813 38
9296 8807 6
9296 8807 17
9296 8807 27
9296 8807 36
9296 8808 21
9296 8808 7
9296 8808 11
9296 8808 34
9296 9181 23
9296 9181 1
9296 9181 53
9296 9181 5
9296 9164 31
9296 9164 56
9296 9164 39
9296 9164 35
9296 9161 15
9296 9161 9
9296 9161 4
9296 9161 13
9296 8797 49
9296 8797 19
9296 8797 1
9296 8797 51
9296 8793 33
9296 8793 59
9296 8793 58
9296 8793 33
9296 8815 9
9296 8815 36
9296 8815 20
9296 8815 43
9296 9182 55
9296 9182 31
9296 9182 5
9296 9182 19
9296 8806 44
9296 8806 19
9296 8806 21
9296 8806 3
9296 8818 15
9296 8818 50
9296 8818 48
9296 8818 10
9296 9180 12
9296 9180 32
9296 9180 30
9296 9180 36
9296 8785 17
9296 8785 37
9296 8785 33
9296 8785 53
9296 8784 60
9296 8784 48
9296 8784 35
9296 8784 60
9296 9156 55
9296 9156 32
9296 9156 20
9296 9156 46
9298 9735 25
9298 9735 11
9298 9735 32
9298 9735 0
9298 8811 22
9298 8811 11
9298 8811 1
9298 8811 23
9298 8801 15
9298 8801 0
9298 8801 2
9298 8801 5
9298 8812 55
9298 8812 5
9298 8812 54
9298 8812 29
9298 8800 29
9298 8800 59
9298 8800 35
9298 8800 49
9298 8799 12
9298 8799 38
9298 8799 24
9298 8799 15
9298 9569 42
9298 9569 43
9298 9569 55
9298 9569 43
9298 8810 60
9298 8810 7
9298 8810 45
9298 8810 24
9298 9162 4
9298 9162 42
9298 9162 2
9298 9162 43
9298 8798 52
9298 8798 28
9298 8798 13
9298 8798 39
9298 8809 41
9298 8809 34
9298 8809 57
9298 8809 24
9298 8814 60
9298 8814 28
9298 8814 19
9298 8814 53
9298 8816 3
9298 8816 47
9298 8816 39
9298 8816 4
9298 9163 2
9298 9163 20
9298 9163 4
9298 9163 10
9298 8796 5
9298 8796 26
9298 8796 43
9298 8796 26
9298 8794 47
9298 8794 19
9298 8794 25
9298 8794 30
9298 8813 16
9298 8813 44
9298 8813 57
9298 8813 28
9298 8807 0
9298 8807 32
9298 8807 2
9298 8807 7
9298 8808 10
9298 8808 17
9298 8808 22
9298 8808 38
9298 9181 43
9298 9181 47
9298 9181 21
9298 9181 43
9298 9164 52
9298 9164 36
9298 9164 15
9298 9164 13
9298 9161 27
9298 9161 19
9298 9161 54
9298 9161 7
9298 8797 35
9298 8797 38
9298 8797 45
9298 8797 54
9298 8793 15
9298 8793 25
9298 8793 34
9298 8793 27
9298 8815 52
9298 8815 31
9298 8815 45
9298 8815 37
9298 9182 38
9298 9182 12
9298 9182 11
9298 9182 25
9298 8806 51
9298 8806 14
9298 8806 13
9298 8806 33
9298 8818 43
9298 8818 45
9298 8818 51
9298 8818 43
9298 9180 44
9298 9180 11
9298 9180 44
9298 9180 53
9298 8785 54
9298 8785 46
9298 8785 24
9298 8785 7
9298 8784 11
9298 8784 20
9298 8784 47
9298 8784 32
9298 9156 25
9298 9156 25
9298 9156 27
9298 9156 27
9301 9735 5
9301 9735 19
9301 9735 14
9301 9735 4
9301 8811 50
9301 8811 57
9301 8811 16
9301 8811 57
9301 8801 24
9301 8801 1
9301 8801 22
9301 8801 13
9301 8812 35
9301 8812 23
9301 8812 59
9301 8812 7
9301 8800 29
9301 8800 19
9301 8800 48
9301 8800 6
9301 8799 51
9301 8799 38
9301 8799 13
9301 8799 59
9301 9569 14
9301 9569 20
9301 9569 10
9301 9569 59
9301 8810 51
9301 8810 41
9301 8810 43
9301 8810 56
9301 9162 4
9301 9162 57
9301 9162 23
9301 9162 49
9301 8798 18
9301 8798 48
9301 8798 59
9301 8798 11
9301 8809 23
9301 8809 35
9301 8809 53
9301 8809 18
9301 8814 11
9301 8814 15
9301 8814 19
9301 8814 37
9301 8816 12
9301 8816 39
9301 8816 19
9301 8816 21
9301 9163 60
9301 9163 55
9301 9163 25
9301 9163 54
9301 8796 51
9301 8796 59
9301 8796 31
9301 8796 20
9301 8794 26
9301 8794 34
9301 8794 59
9301 8794 14
9301 8813 21
9301 8813 59
9301 8813 43
9301 8813 49
9301 8807 34
9301 8807 26
9301 8807 15
9301 8807 40
9301 8808 53
9301 8808 26
9301 8808 20
9301 8808 24
9301 9181 59
9301 9181 27
9301 9181 8
9301 9181 30
9301 9164 21
9301 9164 15
9301 9164 60
9301 9164 46
9301 9161 8
9301 9161 18
9301 9161 19
9301 9161 29
9301 8797 9
9301 8797 35
9301 8797 50
9301 8797 32
9301 8793 29
9301 8793 10
9301 8793 44
9301 8793 45
9301 8815 11
9301 8815 0
9301 8815 48
9301 8815 11
9301 9182 32
9301 9182 5
9301 9182 24
9301 9182 7
9301 8806 35
9301 8806 58
9301 8806 21
9301 8806 11
9301 8818 24
9301 8818 9
9301 8818 17
9301 8818 51
9301 9180 54
9301 9180 6
9301 9180 14
9301 9180 26
9301 8785 60
9301 8785 13
9301 8785 24
9301 8785 33
9301 8784 9
9301 8784 26
9301 8784 26
9301 8784 33
9301 9156 28
9301 9156 12
9301 9156 1
9301 9156 14
9243 9735 4
9243 9735 47
9243 9735 50
9243 9735 23
9243 8811 31
9243 8811 59
9243 8811 41
9243 8811 29
9243 8801 29
9243 8801 24
9243 8801 51
9243 8801 54
9243 8812 20
9243 8812 45
9243 8812 40
9243 8812 38
9243 8800 41
9243 8800 48
9243 8800 40
9243 8800 38
9243 8799 48
9243 8799 25
9243 8799 45
9243 8799 55
9243 9569 15
9243 9569 39
9243 9569 47
9243 9569 60
9243 8810 7
9243 8810 0
9243 8810 60
9243 8810 21
9243 9162 18
9243 9162 54
9243 9162 17
9243 9162 21
9243 8798 21
9243 8798 8
9243 8798 5
9243 8798 46
9243 8809 37
9243 8809 52
9243 8809 22
9243 8809 39
9243 8814 1
9243 8814 0
9243 8814 3
9243 8814 60
9243 8816 38
9243 8816 21
9243 8816 0
9243 8816 31
9243 9163 26
9243 9163 36
9243 9163 2
9243 9163 29
9243 8796 38
9243 8796 33
9243 8796 57
9243 8796 24
9243 8794 42
9243 8794 7
9243 8794 47
9243 8794 2
9243 8813 52
9243 8813 60
9243 8813 20
9243 8813 12
9243 8807 17
9243 8807 8
9243 8807 43
9243 8807 18
9243 8808 13
9243 8808 54
9243 8808 14
9243 8808 3
9243 9181 37
9243 9181 7
9243 9181 19
9243 9181 36
9243 9164 48
9243 9164 41
9243 9164 18
9243 9164 10
9243 9161 35
9243 9161 57
9243 9161 43
9243 9161 46
9243 8797 12
9243 8797 1
9243 8797 55
9243 8797 25
9243 8793 42
9243 8793 20
9243 8793 39
9243 8793 35
9243 8815 25
9243 8815 11
9243 8815 56
9243 8815 52
9243 9182 32
9243 9182 47
9243 9182 8
9243 9182 60
9243 8806 54
9243 8806 11
9243 8806 55
9243 8806 55
9243 8818 41
9243 8818 10
9243 8818 44
9243 8818 28
9243 9180 7
9243 9180 35
9243 9180 29
9243 9180 26
9243 8785 2
9243 8785 18
9243 8785 50
9243 8785 11
9243 8784 10
9243 8784 7
9243 8784 9
9243 8784 8
9243 9156 14
9243 9156 2
9243 9156 13
9243 9156 45
9259 9735 54
9259 9735 54
9259 9735 27
9259 9735 35
9259 8811 2
9259 8811 54
9259 8811 10
9259 8811 40
9259 8801 8
9259 8801 47
9259 8801 27
9259 8801 2
9259 8812 4
9259 8812 25
9259 8812 43
9259 8812 54
9259 8800 14
9259 8800 44
9259 8800 20
9259 8800 20
9259 8799 4
9259 8799 8
9259 8799 46
9259 8799 31
9259 9569 59
9259 9569 23
9259 9569 58
9259 9569 1
9259 8810 48
9259 8810 11
9259 8810 56
9259 8810 39
9259 9162 39
9259 9162 15
9259 9162 50
9259 9162 55
9259 8798 42
9259 8798 37
9259 8798 35
9259 8798 56
9259 8809 5
9259 8809 18
9259 8809 23
9259 8809 28
9259 8814 2
9259 8814 30
9259 8814 3
9259 8814 48
9259 8816 49
9259 8816 25
9259 8816 20
9259 8816 6
9259 9163 52
9259 9163 2
9259 9163 15
9259 9163 42
9259 8796 9
9259 8796 10
9259 8796 12
9259 8796 45
9259 8794 38
9259 8794 56
9259 8794 33
9259 8794 36
9259 8813 56
9259 8813 46
9259 8813 15
9259 8813 18
9259 8807 4
9259 8807 2
9259 8807 10
9259 8807 54
9259 8808 4
9259 8808 33
9259 8808 17
9259 8808 12
9259 9181 23
9259 9181 24
9259 9181 0
9259 9181 55
9259 9164 33
9259 9164 33
9259 9164 9
9259 9164 18
9259 9161 36
9259 9161 58
9259 9161 25
9259 9161 22
9259 8797 0
9259 8797 30
9259 8797 53
9259 8797 56
9259 8793 32
9259 8793 5
9259 8793 17
9259 8793 46
9259 8815 11
9259 8815 5
9259 8815 42
9259 8815 5
9259 9182 27
9259 9182 36
9259 9182 38
9259 9182 2
9259 8806 31
9259 8806 54
9259 8806 13
9259 8806 57
9259 8818 34
9259 8818 45
9259 8818 19
9259 8818 56
9259 9180 16
9259 9180 55
9259 9180 53
9259 9180 46
9259 8785 3
9259 8785 29
9259 8785 40
9259 8785 49
9259 8784 40
9259 8784 52
9259 8784 39
9259 8784 43
9259 9156 36
9259 9156 21
9259 9156 52
9259 9156 18
9269 9735 25
9269 9735 59
9269 9735 15
9269 9735 53
9269 8811 47
9269 8811 24
9269 8811 1
9269 8811 52
9269 8801 29
9269 8801 16
9269 8801 4
9269 8801 4
9269 8812 60
9269 8812 37
9269 8812 42
9269 8812 54
9269 8800 4
9269 8800 51
9269 8800 15
9269 8800 38
9269 8799 15
9269 8799 4
9269 8799 60
9269 8799 43
9269 9569 9
9269 9569 53
9269 9569 59
9269 9569 0
9269 8810 8
9269 8810 3
9269 8810 24
9269 8810 3
9269 9162 1
9269 9162 22
9269 9162 50
9269 9162 22
9269 8798 14
9269 8798 4
9269 8798 10
9269 8798 46
9269 8809 26
9269 8809 17
9269 8809 53
9269 8809 35
9269 8814 2
9269 8814 50
9269 8814 31
9269 8814 12
9269 8816 25
9269 8816 3
9269 8816 14
9269 8816 24
9269 9163 29
9269 9163 59
9269 9163 31
9269 9163 48
9269 8796 39
9269 8796 30
9269 8796 22
9269 8796 45
9269 8794 33
9269 8794 18
9269 8794 37
9269 8794 23
9269 8813 26
9269 8813 10
9269 8813 52
9269 8813 49
9269 8807 41
9269 8807 8
9269 8807 3
9269 8807 31
9269 8808 8
9269 8808 18
9269 8808 16
9269 8808 10
9269 9181 50
9269 9181 43
9269 9181 7
9269 9181 19
9269 9164 5
9269 9164 43
9269 9164 4
9269 9164 41
9269 9161 28
9269 9161 11
9269 9161 19
9269 9161 40
9269 8797 54
9269 8797 48
9269 8797 40
9269 8797 11
9269 8793 17
9269 8793 10
9269 8793 7
9269 8793 33
9269 8815 22
9269 8815 23
9269 8815 32
9269 8815 15
9269 9182 36
9269 9182 19
9269 9182 54
9269 9182 54
9269 8806 52
9269 8806 17
9269 8806 38
9269 8806 41
9269 8818 26
9269 8818 50
9269 8818 27
9269 8818 16
9269 9180 10
9269 9180 53
9269 9180 14
9269 9180 37
9269 8785 41
9269 8785 46
9269 8785 56
9269 8785 17
9269 8784 31
9269 8784 12
9269 8784 1
9269 8784 19
9269 9156 55
9269 9156 16
9269 9156 29
9269 9156 54
8840 9735 29
8840 9735 10
8840 9735 32
8840 9735 26
8840 8811 50
8840 8811 34
8840 8811 51
8840 8811 21
8840 8801 14
8840 8801 45
8840 8801 4
8840 8801 9
8840 8812 0
8840 8812 18
8840 8812 35
8840 8812 10
8840 8800 42
8840 8800 11
8840 8800 38
8840 8800 3
8840 8799 59
8840 8799 12
8840 8799 6
8840 8799 0
8840 9569 21
8840 9569 16
8840 9569 7
8840 9569 59
8840 8810 1
8840 8810 25
8840 8810 8
8840 8810 9
8840 9162 29
8840 9162 32
8840 9162 5
8840 9162 11
8840 8798 40
8840 8798 27
8840 8798 51
8840 8798 14
8840 8809 15
8840 8809 25
8840 8809 53
8840 8809 56
8840 8814 39
8840 8814 51
8840 8814 38
8840 8814 42
8840 8816 41
8840 8816 34
8840 8816 45
8840 8816 5
8840 9163 9
8840 9163 24
8840 9163 17
8840 9163 19
8840 8796 53
8840 8796 1
8840 8796 40
8840 8796 29
8840 8794 51
8840 8794 4
8840 8794 38
8840 8794 6
8840 8813 42
8840 8813 36
8840 8813 15
8840 8813 51
8840 8807 17
8840 8807 47
8840 8807 18
8840 8807 22
8840 8808 5
8840 8808 6
8840 8808 13
8840 8808 26
8840 9181 50
8840 9181 31
8840 9181 31
8840 9181 40
8840 9164 7
8840 9164 43
8840 9164 59
8840 9164 20
8840 9161 20
8840 9161 57
8840 9161 58
8840 9161 15
8840 8797 7
8840 8797 21
8840 8797 50
8840 8797 42
8840 8793 25
8840 8793 37
8840 8793 43
8840 8793 25
8840 8815 22
8840 8815 16
8840 8815 46
8840 8815 60
8840 9182 21
8840 9182 22
8840 9182 55
8840 9182 12
8840 8806 44
8840 8806 10
8840 8806 21
8840 8806 18
8840 8818 12
8840 8818 58
8840 8818 10
8840 8818 8
8840 9180 50
8840 9180 57
8840 9180 26
8840 9180 30
8840 8785 49
8840 8785 54
8840 8785 14
8840 8785 9
8840 8784 31
8840 8784 31
8840 8784 2
8840 8784 60
8840 9156 24
8840 9156 46
8840 9156 53
8840 9156 29
8836 9735 9
8836 9735 12
8836 9735 0
8836 9735 33
8836 8811 41
8836 8811 18
8836 8811 21
8836 8811 14
8836 8801 36
8836 8801 29
8836 8801 3
8836 8801 21
8836 8812 52
8836 8812 20
8836 8812 51
8836 8812 27
8836 8800 3
8836 8800 45
8836 8800 8
8836 8800 59
8836 8799 21
8836 8799 13
8836 8799 13
8836 8799 19
8836 9569 12
8836 9569 37
8836 9569 46
8836 9569 26
8836 8810 32
8836 8810 59
8836 8810 27
8836 8810 12
8836 9162 38
8836 9162 46
8836 9162 34
8836 9162 22
8836 8798 21
8836 8798 42
8836 8798 5
8836 8798 27
8836 8809 46
8836 8809 30
8836 8809 37
8836 8809 13
8836 8814 22
8836 8814 57
8836 8814 9
8836 8814 33
8836 8816 2
8836 8816 1
8836 8816 41
8836 8816 54
8836 9163 4
8836 9163 37
8836 9163 6
8836 9163 24
8836 8796 14
8836 8796 45
8836 8796 36
8836 8796 40
8836 8794 52
8836 8794 0
8836 8794 40
8836 8794 12
8836 8813 15
8836 8813 30
8836 8813 1
8836 8813 23
8836 8807 10
8836 8807 27
8836 8807 54
8836 8807 45
8836 8808 12
8836 8808 29
8836 8808 45
8836 8808 15
8836 9181 41
8836 9181 37
8836 9181 20
8836 9181 1
8836 9164 38
8836 9164 52
8836 9164 24
8836 9164 56
8836 9161 25
8836 9161 10
8836 9161 47
8836 9161 8
8836 8797 15
8836 8797 6
8836 8797 28
8836 8797 26
8836 8793 29
8836 8793 35
8836 8793 8
8836 8793 47
8836 8815 29
8836 8815 60
8836 8815 16
8836 8815 31
8836 9182 33
8836 9182 49
8836 9182 25
8836 9182 49
8836 8806 48
8836 8806 6
8836 8806 47
8836 8806 31
8836 8818 37
8836 8818 27
8836 8818 60
8836 8818 5
8836 9180 17
8836 9180 30
8836 9180 3
8836 9180 40
8836 8785 2
8836 8785 60
8836 8785 11
8836 8785 36
8836 8784 23
8836 8784 48
8836 8784 22
8836 8784 28
8836 9156 2
8836 9156 30
8836 9156 3
8836 9156 47
8839 9735 7
8839 9735 29
8839 9735 39
8839 9735 10
8839 8811 53
8839 8811 28
8839 8811 19
8839 8811 44
8839 8801 30
8839 8801 12
8839 8801 44
8839 8801 47
8839 8812 12
8839 8812 35
8839 8812 55
8839 8812 28
8839 8800 38
8839 8800 44
8839 8800 37
8839 8800 50
8839 8799 38
8839 8799 48
8839 8799 26
8839 8799 4
8839 9569 49
8839 9569 47
8839 9569 41
8839 9569 38
8839 8810 25
8839 8810 26
8839 8810 17
8839 8810 14
8839 9162 29
8839 9162 52
8839 9162 28
8839 9162 24
8839 8798 8
8839 8798 8
8839 8798 9
8839 8798 22
8839 8809 19
8839 8809 35
8839 8809 14
8839 8809 5
8839 8814 11
8839 8814 22
8839 8814 3
8839 8814 25
8839 8816 32
8839 8816 39
8839 8816 20
8839 8816 58
8839 9163 46
8839 9163 0
8839 9163 11
8839 9163 29
8839 8796 47
8839 8796 49
8839 8796 31
8839 8796 24
8839 8794 44
8839 8794 27
8839 8794 35
8839 8794 48
8839 8813 43
8839 8813 3
8839 8813 35
8839 8813 31
8839 8807 53
8839 8807 25
8839 8807 31
8839 8807 37
8839 8808 0
8839 8808 10
8839 8808 25
8839 8808 3
8839 9181 49
8839 9181 11
8839 9181 12
8839 9181 38
8839 9164 14
8839 9164 21
8839 9164 46
8839 9164 56
8839 9161 30
8839 9161 41
8839 9161 18
8839 9161 2
8839 8797 54
8839 8797 50
8839 8797 32
8839 8797 41
8839 8793 55
8839 8793 21
8839 8793 8
8839 8793 45
8839 8815 6
8839 8815 11
8839 8815 54
8839 8815 34
8839 9182 44
8839 9182 53
8839 9182 43
8839 9182 7
8839 8806 11
8839 8806 32
8839 8806 6
8839 8806 40
8839 8818 43
8839 8818 59
8839 8818 34
8839 8818 46
8839 9180 30
8839 9180 50
8839 9180 38
8839 9180 6
8839 8785 37
8839 8785 11
8839 8785 22
8839 8785 25
8839 8784 51
8839 8784 50
8839 8784 41
8839 8784 56
8839 9156 23
8839 9156 9
8839 9156 35
8839 9156 47
9227 9735 27
9227 9735 30
9227 9735 13
9227 9735 7
9227 8811 42
9227 8811 52
9227 8811 13
9227 8811 36
9227 8801 23
9227 8801 26
9227 8801 42
9227 8801 59
9227 8812 45
9227 8812 55
9227 8812 32
9227 8812 24
9227 8800 50
9227 8800 3
9227 8800 23
9227 8800 12
9227 8799 25
9227 8799 56
9227 8799 17
9227 8799 50
9227 9569 43
9227 9569 26
9227 9569 7
9227 9569 49
9227 8810 10
9227 8810 6
9227 8810 16
9227 8810 8
9227 9162 14
9227 9162 60
9227 9162 32
9227 9162 35
9227 8798 43
9227 8798 17
9227 8798 40
9227 8798 10
9227 8809 9
9227 8809 21
9227 8809 48
9227 8809 24
9227 8814 5
9227 8814 43
9227 8814 15
9227 8814 42
9227 8816 2
9227 8816 2
9227 8816 58
9227 8816 33
9227 9163 2
9227 9163 3
9227 9163 58
9227 9163 42
9227 8796 14
9227 8796 11
9227 8796 37
9227 8796 23
9227 8794 8
9227 8794 35
9227 8794 38
9227 8794 14
9227 8813 9
9227 8813 41
9227 8813 38
9227 8813 45
9227 8807 39
9227 8807 10
9227 8807 47
9227 8807 18
9227 8808 17
9227 8808 14
9227 8808 16
9227 8808 20
9227 9181 44
9227 9181 27
9227 9181 5
9227 9181 39
9227 9164 55
9227 9164 1
9227 9164 54
9227 9164 22
9227 9161 44
9227 9161 7
9227 9161 54
9227 9161 8
9227 8797 9
9227 8797 56
9227 8797 10
9227 8797 34
9227 8793 13
9227 8793 28
9227 8793 21
9227 8793 20
9227 8815 52
9227 8815 17
9227 8815 28
9227 8815 11
9227 9182 12
9227 9182 53
9227 9182 21
9227 9182 60
9227 8806 27
9227 8806 51
9227 8806 17
9227 8806 1
9227 8818 3
9227 8818 31
9227 8818 1
9227 8818 17
9227 9180 25
9227 9180 60
9227 9180 8
9227 9180 13
9227 8785 28
9227 8785 7
9227 8785 57
9227 8785 58
9227 8784 57
9227 8784 19
9227 8784 26
9227 8784 43
9227 9156 30
9227 9156 23
9227 9156 49
9227 9156 3
