5299 5243 54
5299 5243 16
5299 5243 42
5299 5243 26
5299 5242 33
5299 5242 1
5299 5242 7
5299 5242 35
5299 5245 45
5299 5245 39
5299 5245 1
5299 5245 32
5299 5256 21
5299 5256 4
5299 5256 30
5299 5256 36
5299 5258 28
5299 5258 16
5299 5258 44
5299 5258 45
5299 5244 9
5299 5244 19
5299 5244 21
5299 5244 7
5299 5253 43
5299 5253 29
5299 5253 48
5299 5253 14
5299 5252 27
5299 5252 34
5299 5252 5
5299 5252 59
5299 8663 13
5299 8663 29
5299 8663 36
5299 8663 26
5299 8695 48
5299 8695 44
5299 8695 44
5299 8695 5
5299 5257 45
5299 5257 11
5299 5257 21
5299 5257 33
5299 5355 9
5299 5355 52
5299 5355 24
5299 5355 10
5299 5260 9
5299 5260 38
5299 5260 7
5299 5260 14
5299 8771 56
5299 8771 32
5299 8771 54
5299 8771 53
5299 8712 49
5299 8712 58
5299 8712 44
5299 8712 5
5299 5251 31
5299 5251 33
5299 5251 56
5299 5251 44
5299 5255 3
5299 5255 53
5299 5255 16
5299 5255 49
5299 5282 8
5299 5282 51
5299 5282 54
5299 5282 22
5299 8664 3
5299 8664 37
5299 8664 10
5299 8664 55
5299 8665 48
5299 8665 41
5299 8665 54
5299 8665 11
5299 8696 8
5299 8696 58
5299 8696 16
5299 8696 58
5299 8699 24
5299 8699 18
5299 8699 24
5299 8699 28
5299 5259 3
5299 5259 43
5299 5259 32
5299 5259 20
5299 5353 60
5299 5353 7
5299 5353 25
5299 5353 38
5299 5371 22
5299 5371 34
5299 5371 25
5299 5371 28
5299 8431 25
5299 8431 47
5299 8431 38
5299 8431 18
5299 8770 19
5299 8770 24
5299 8770 29
5299 8770 53
5299 8772 43
5299 8772 0
5299 8772 53
5299 8772 23
5299 8707 47
5299 8707 51
5299 8707 23
5299 8707 3
5299 8774 0
5299 8774 51
5299 8774 3
5299 8774 33
5299 5254 28
5299 5254 32
5299 5254 51
5299 5254 16
5299 5281 56
5299 5281 16
5299 5281 20
5299 5281 29
5296 5243 11
5296 5243 57
5296 5243 18
5296 5243 40
5296 5242 55
5296 5242 32
5296 5242 39
5296 5242 50
5296 5245 11
5296 5245 15
5296 5245 6
5296 5245 55
5296 5256 13
5296 5256 53
5296 5256 15
5296 5256 41
5296 5258 51
5296 5258 53
5296 5258 58
5296 5258 0
5296 5244 38
5296 5244 34
5296 5244 10
5296 5244 37
5296 5253 38
5296 5253 36
5296 5253 39
5296 5253 57
5296 5252 48
5296 5252 20
5296 5252 53
5296 5252 0
5296 8663 29
5296 8663 42
5296 8663 45
5296 8663 25
5296 8695 45
5296 8695 57
5296 8695 19
5296 8695 39
5296 5257 0
5296 5257 18
5296 5257 47
5296 5257 28
5296 5355 22
5296 5355 16
5296 5355 1
5296 5355 25
5296 5260 0
5296 5260 14
5296 5260 42
5296 5260 52
5296 8771 6
5296 8771 48
5296 8771 20
5296 8771 15
5296 8712 23
5296 8712 42
5296 8712 26
5296 8712 32
5296 5251 45
5296 5251 20
5296 5251 27
5296 5251 43
5296 5255 30
5296 5255 36
5296 5255 27
5296 5255 37
5296 5282 59
5296 5282 39
5296 5282 43
5296 5282 35
5296 8664 6
5296 8664 42
5296 8664 56
5296 8664 10
5296 8665 8
5296 8665 11
5296 8665 48
5296 8665 0
5296 8696 60
5296 8696 41
5296 8696 30
5296 8696 36
5296 8699 34
5296 8699 17
5296 8699 7
5296 8699 33
5296 5259 55
5296 5259 4
5296 5259 30
5296 5259 47
5296 5353 48
5296 5353 21
5296 5353 47
5296 5353 15
5296 5371 45
5296 5371 43
5296 5371 59
5296 5371 41
5296 8431 12
5296 8431 31
5296 8431 45
5296 8431 46
5296 8770 43
5296 8770 32
5296 8770 59
5296 8770 34
5296 8772 53
5296 8772 9
5296 8772 12
5296 8772 1
5296 8707 4
5296 8707 42
5296 8707 59
5296 8707 59
5296 8774 54
5296 8774 8
5296 8774 10
5296 8774 20
5296 5254 29
5296 5254 53
5296 5254 10
5296 5254 43
5296 5281 9
5296 5281 9
5296 5281 58
5296 5281 0
5300 5243 9
5300 5243 17
5300 5243 58
5300 5243 8
5300 5242 26
5300 5242 11
5300 5242 24
5300 5242 45
5300 5245 30
5300 5245 56
5300 5245 39
5300 5245 14
5300 5256 53
5300 5256 7
5300 5256 30
5300 5256 9
5300 5258 39
5300 5258 29
5300 5258 42
5300 5258 11
5300 5244 48
5300 5244 0
5300 5244 24
5300 5244 58
5300 5253 42
5300 5253 50
5300 5253 16
5300 5253 11
5300 5252 19
5300 5252 42
5300 5252 28
5300 5252 31
5300 8663 0
5300 8663 29
5300 8663 6
5300 8663 46
5300 8695 49
5300 8695 56
5300 8695 13
5300 8695 59
5300 5257 18
5300 5257 0
5300 5257 14
5300 5257 12
5300 5355 10
5300 5355 12
5300 5355 57
5300 5355 59
5300 5260 46
5300 5260 29
5300 5260 7
5300 5260 29
5300 8771 1
5300 8771 59
5300 8771 55
5300 8771 30
5300 8712 37
5300 8712 0
5300 8712 46
5300 8712 44
5300 5251 60
5300 5251 57
5300 5251 3
5300 5251 47
5300 5255 45
5300 5255 28
5300 5255 26
5300 5255 20
5300 5282 59
5300 5282 11
5300 5282 0
5300 5282 52
5300 8664 40
5300 8664 19
5300 8664 40
5300 8664 33
5300 8665 16
5300 8665 17
5300 8665 40
5300 8665 11
5300 8696 24
5300 8696 57
5300 8696 53
5300 8696 59
5300 8699 3
5300 8699 31
5300 8699 60
5300 8699 0
5300 5259 57
5300 5259 51
5300 5259 17
5300 5259 12
5300 5353 45
5300 5353 8
5300 5353 16
5300 5353 23
5300 5371 23
5300 5371 18
5300 5371 60
5300 5371 59
5300 8431 14
5300 8431 41
5300 8431 8
5300 8431 27
5300 8770 50
5300 8770 36
5300 8770 5
5300 8770 13
5300 8772 8
5300 8772 7
5300 8772 23
5300 8772 19
5300 8707 26
5300 8707 58
5300 8707 34
5300 8707 16
5300 8774 16
5300 8774 26
5300 8774 14
5300 8774 5
5300 5254 35
5300 5254 31
5300 5254 44
5300 5254 5
5300 5281 34
5300 5281 51
5300 5281 4
5300 5281 0
5302 5243 18
5302 5243 41
5302 5243 20
5302 5243 18
5302 5242 29
5302 5242 42
5302 5242 57
5302 5242 45
5302 5245 52
5302 5245 8
5302 5245 44
5302 5245 60
5302 5256 58
5302 5256 43
5302 5256 55
5302 5256 37
5302 5258 50
5302 5258 10
5302 5258 5
5302 5258 38
5302 5244 32
5302 5244 8
5302 5244 59
5302 5244 32
5302 5253 38
5302 5253 49
5302 5253 57
5302 5253 60
5302 5252 27
5302 5252 13
5302 5252 58
5302 5252 40
5302 8663 43
5302 8663 48
5302 8663 5
5302 8663 0
5302 8695 18
5302 8695 19
5302 8695 1
5302 8695 34
5302 5257 49
5302 5257 53
5302 5257 11
5302 5257 46
5302 5355 27
5302 5355 37
5302 5355 25
5302 5355 14
5302 5260 58
5302 5260 5
5302 5260 20
5302 5260 1
5302 8771 49
5302 8771 22
5302 8771 54
5302 8771 28
5302 8712 34
5302 8712 34
5302 8712 8
5302 8712 9
5302 5251 14
5302 5251 42
5302 5251 5
5302 5251 38
5302 5255 48
5302 5255 8
5302 5255 48
5302 5255 8
5302 5282 58
5302 5282 44
5302 5282 48
5302 5282 53
5302 8664 31
5302 8664 47
5302 8664 27
5302 8664 19
5302 8665 55
5302 8665 42
5302 8665 31
5302 8665 27
5302 8696 1
5302 8696 32
5302 8696 17
5302 8696 31
5302 8699 46
5302 8699 7
5302 8699 55
5302 8699 14
5302 5259 0
5302 5259 15
5302 5259 38
5302 5259 17
5302 5353 32
5302 5353 9
5302 5353 58
5302 5353 43
5302 5371 24
5302 5371 17
5302 5371 47
5302 5371 12
5302 8431 10
5302 8431 44
5302 8431 30
5302 8431 51
5302 8770 44
5302 8770 18
5302 8770 32
5302 8770 19
5302 8772 9
5302 8772 44
5302 8772 33
5302 8772 22
5302 8707 4
5302 8707 10
5302 8707 59
5302 8707 60
5302 8774 48
5302 8774 1
5302 8774 38
5302 8774 33
5302 5254 29
5302 5254 10
5302 5254 32
5302 5254 31
5302 5281 37
5302 5281 20
5302 5281 36
5302 5281 53
5313 5243 14
5313 5243 12
5313 5243 37
5313 5243 22
5313 5242 15
5313 5242 48
5313 5242 15
5313 5242 12
5313 5245 56
5313 5245 12
5313 5245 24
5313 5245 5
5313 5256 49
5313 5256 52
5313 5256 10
5313 5256 10
5313 5258 11
5313 5258 42
5313 5258 56
5313 5258 32
5313 5244 49
5313 5244 20
5313 5244 35
5313 5244 28
5313 5253 34
5313 5253 42
5313 5253 26
5313 5253 33
5313 5252 58
5313 5252 44
5313 5252 21
5313 5252 34
5313 8663 7
5313 8663 20
5313 8663 45
5313 8663 25
5313 8695 41
5313 8695 49
5313 8695 42
5313 8695 2
5313 5257 21
5313 5257 6
5313 5257 60
5313 5257 1
5313 5355 35
5313 5355 43
5313 5355 25
5313 5355 52
5313 5260 19
5313 5260 11
5313 5260 11
5313 5260 45
5313 8771 44
5313 8771 14
5313 8771 25
5313 8771 35
5313 8712 4
5313 8712 55
5313 8712 24
5313 8712 37
5313 5251 38
5313 5251 42
5313 5251 49
5313 5251 43
5313 5255 6
5313 5255 11
5313 5255 14
5313 5255 28
5313 5282 39
5313 5282 28
5313 5282 43
5313 5282 0
5313 8664 46
5313 8664 23
5313 8664 30
5313 8664 31
5313 8665 5
5313 8665 45
5313 8665 26
5313 8665 0
5313 8696 22
5313 8696 48
5313 8696 57
5313 8696 55
5313 8699 14
5313 8699 6
5313 8699 8
5313 8699 5
5313 5259 27
5313 5259 16
5313 5259 30
5313 5259 40
5313 5353 35
5313 5353 42
5313 5353 6
5313 5353 35
5313 5371 0
5313 5371 42
5313 5371 14
5313 5371 57
5313 8431 15
5313 8431 57
5313 8431 17
5313 8431 56
5313 8770 4
5313 8770 60
5313 8770 10
5313 8770 35
5313 8772 28
5313 8772 17
5313 8772 50
5313 8772 8
5313 8707 14
5313 8707 60
5313 8707 24
5313 8707 9
5313 8774 26
5313 8774 32
5313 8774 27
5313 8774 5
5313 5254 12
5313 5254 16
5313 5254 9
5313 5254 58
5313 5281 1
5313 5281 59
5313 5281 25
5313 5281 49
5297 5243 43
5297 5243 42
5297 5243 34
5297 5243 59
5297 5242 30
5297 5242 48
5297 5242 18
5297 5242 17
5297 5245 35
5297 5245 52
5297 5245 55
5297 5245 31
5297 5256 4
5297 5256 29
5297 5256 15
5297 5256 20
5297 5258 6
5297 5258 34
5297 5258 46
5297 5258 14
5297 5244 54
5297 5244 3
5297 5244 42
5297 5244 41
5297 5253 34
5297 5253 60
5297 5253 33
5297 5253 50
5297 5252 21
5297 5252 29
5297 5252 42
5297 5252 31
5297 8663 45
5297 8663 60
5297 8663 5
5297 8663 15
5297 8695 40
5297 8695 19
5297 8695 47
5297 8695 14
5297 5257 22
5297 5257 9
5297 5257 2
5297 5257 38
5297 5355 38
5297 5355 42
5297 5355 37
5297 5355 13
5297 5260 28
5297 5260 28
5297 5260 59
5297 5260 47
5297 8771 4
5297 8771 18
5297 8771 51
5297 8771 55
5297 8712 5
5297 8712 55
5297 8712 7
5297 8712 56
5297 5251 17
5297 5251 21
5297 5251 40
5297 5251 46
5297 5255 58
5297 5255 14
5297 5255 1
5297 5255 33
5297 5282 11
5297 5282 30
5297 5282 60
5297 5282 13
5297 8664 40
5297 8664 4
5297 8664 55
5297 8664 37
5297 8665 55
5297 8665 46
5297 8665 14
5297 8665 32
5297 8696 17
5297 8696 53
5297 8696 0
5297 8696 13
5297 8699 0
5297 8699 9
5297 8699 21
5297 8699 15
5297 5259 32
5297 5259 19
5297 5259 33
5297 5259 40
5297 5353 40
5297 5353 55
5297 5353 4
5297 5353 44
5297 5371 53
5297 5371 13
5297 5371 48
5297 5371 56
5297 8431 9
5297 8431 38
5297 8431 42
5297 8431 45
5297 8770 33
5297 8770 4
5297 8770 6
5297 8770 19
5297 8772 35
5297 8772 56
5297 8772 16
5297 8772 51
5297 8707 6
5297 8707 30
5297 8707 9
5297 8707 30
5297 8774 49
5297 8774 30
5297 8774 8
5297 8774 36
5297 5254 23
5297 5254 43
5297 5254 44
5297 5254 58
5297 5281 23
5297 5281 58
5297 5281 56
5297 5281 22
5298 5243 44
5298 5243 39
5298 5243 58
5298 5243 41
5298 5242 15
5298 5242 23
5298 5242 24
5298 5242 15
5298 5245 34
5298 5245 33
5298 5245 5
5298 5245 44
5298 5256 40
5298 5256 59
5298 5256 2
5298 5256 3
5298 5258 11
5298 5258 58
5298 5258 53
5298 5258 2
5298 5244 56
5298 5244 29
5298 5244 35
5298 5244 49
5298 5253 57
5298 5253 15
5298 5253 36
5298 5253 27
5298 5252 51
5298 5252 0
5298 5252 0
5298 5252 7
5298 8663 28
5298 8663 35
5298 8663 59
5298 8663 42
5298 8695 20
5298 8695 14
5298 8695 16
5298 8695 58
5298 5257 6
5298 5257 56
5298 5257 33
5298 5257 52
5298 5355 59
5298 5355 23
5298 5355 17
5298 5355 59
5298 5260 30
5298 5260 2
5298 5260 51
5298 5260 7
5298 8771 59
5298 8771 33
5298 8771 1
5298 8771 15
5298 8712 51
5298 8712 22
5298 8712 44
5298 8712 14
5298 5251 27
5298 5251 13
5298 5251 18
5298 5251 59
5298 5255 3
5298 5255 1
5298 5255 38
5298 5255 30
5298 5282 9
5298 5282 44
5298 5282 56
5298 5282 9
5298 8664 57
5298 8664 51
5298 8664 13
5298 8664 9
5298 8665 37
5298 8665 40
5298 8665 11
5298 8665 42
5298 8696 0
5298 8696 58
5298 8696 22
5298 8696 54
5298 8699 29
5298 8699 30
5298 8699 54
5298 8699 57
5298 5259 43
5298 5259 52
5298 5259 54
5298 5259 2
5298 5353 18
5298 5353 56
5298 5353 14
5298 5353 36
5298 5371 0
5298 5371 11
5298 5371 46
5298 5371 45
5298 8431 2
5298 8431 36
5298 8431 20
5298 8431 56
5298 8770 48
5298 8770 29
5298 8770 3
5298 8770 53
5298 8772 27
5298 8772 32
5298 8772 47
5298 8772 7
5298 8707 31
5298 8707 33
5298 8707 22
5298 8707 39
5298 8774 47
5298 8774 16
5298 8774 49
5298 8774 10
5298 5254 15
5298 5254 6
5298 5254 12
5298 5254 45
5298 5281 13
5298 5281 57
5298 5281 38
5298 5281 32
5311 5243 22
5311 5243 30
5311 5243 4
5311 5243 0
5311 5242 5
5311 5242 26
5311 5242 37
5311 5242 54
5311 5245 55
5311 5245 49
5311 5245 8
5311 5245 30
5311 5256 11
5311 5256 53
5311 5256 42
5311 5256 16
5311 5258 20
5311 5258 52
5311 5258 5
5311 5258 22
5311 5244 17
5311 5244 36
5311 5244 44
5311 5244 45
5311 5253 18
5311 5253 35
5311 5253 44
5311 5253 10
5311 5252 2
5311 5252 35
5311 5252 21
5311 5252 6
5311 8663 51
5311 8663 17
5311 8663 51
5311 8663 26
5311 8695 42
5311 8695 23
5311 8695 35
5311 8695 21
5311 5257 53
5311 5257 7
5311 5257 0
5311 5257 0
5311 5355 12
5311 5355 30
5311 5355 26
5311 5355 44
5311 5260 18
5311 5260 33
5311 5260 24
5311 5260 7
5311 8771 10
5311 8771 31
5311 8771 31
5311 8771 4
5311 8712 45
5311 8712 55
5311 8712 31
5311 8712 20
5311 5251 25
5311 5251 32
5311 5251 44
5311 5251 39
5311 5255 45
5311 5255 15
5311 5255 16
5311 5255 29
5311 5282 22
5311 5282 24
5311 5282 55
5311 5282 0
5311 8664 7
5311 8664 0
5311 8664 25
5311 8664 15
5311 8665 18
5311 8665 46
5311 8665 17
5311 8665 44
5311 8696 38
5311 8696 17
5311 8696 10
5311 8696 35
5311 8699 17
5311 8699 30
5311 8699 56
5311 8699 10
5311 5259 39
5311 5259 18
5311 5259 39
5311 5259 2
5311 5353 17
5311 5353 11
5311 5353 28
5311 5353 33
5311 5371 4
5311 5371 57
5311 5371 53
5311 5371 32
5311 8431 29
5311 8431 45
5311 8431 30
5311 8431 26
5311 8770 5
5311 8770 59
5311 8770 45
5311 8770 48
5311 8772 50
5311 8772 15
5311 8772 44
5311 8772 39
5311 8707 43
5311 8707 38
5311 8707 18
5311 8707 26
5311 8774 53
5311 8774 13
5311 8774 51
5311 8774 20
5311 5254 55
5311 5254 26
5311 5254 9
5311 5254 33
5311 5281 16
5311 5281 3
5311 5281 59
5311 5281 16
5303 5243 39
5303 5243 50
5303 5243 44
5303 5243 2
5303 5242 20
5303 5242 16
5303 5242 46
5303 5242 53
5303 5245 37
5303 5245 29
5303 5245 26
5303 5245 52
5303 5256 23
5303 5256 13
5303 5256 2
5303 5256 13
5303 5258 32
5303 5258 36
5303 5258 24
5303 5258 2
5303 5244 29
5303 5244 54
5303 5244 40
5303 5244 29
5303 5253 53
5303 5253 50
5303 5253 48
5303 5253 33
5303 5252 23
5303 5252 18
5303 5252 31
5303 5252 53
5303 8663 35
5303 8663 35
5303 8663 54
5303 8663 18
5303 8695 38
5303 8695 44
5303 8695 46
5303 8695 49
5303 5257 7
5303 5257 1
5303 5257 3
5303 5257 58
5303 5355 16
5303 5355 9
5303 5355 34
5303 5355 59
5303 5260 45
5303 5260 1
5303 5260 41
5303 5260 4
5303 8771 44
5303 8771 11
5303 8771 41
5303 8771 0
5303 8712 58
5303 8712 8
5303 8712 18
5303 8712 18
5303 5251 21
5303 5251 39
5303 5251 42
5303 5251 22
5303 5255 21
5303 5255 40
5303 5255 60
5303 5255 6
5303 5282 22
5303 5282 53
5303 5282 54
5303 5282 14
5303 8664 49
5303 8664 50
5303 8664 48
5303 8664 0
5303 8665 23
5303 8665 53
5303 8665 3
5303 8665 23
5303 8696 60
5303 8696 17
5303 8696 56
5303 8696 6
5303 8699 4
5303 8699 6
5303 8699 57
5303 8699 43
5303 5259 50
5303 5259 10
5303 5259 7
5303 5259 60
5303 5353 30
5303 5353 13
5303 5353 4
5303 5353 35
5303 5371 17
5303 5371 58
5303 5371 35
5303 5371 23
5303 8431 56
5303 8431 56
5303 8431 15
5303 8431 41
5303 8770 57
5303 8770 23
5303 8770 47
5303 8770 31
5303 8772 54
5303 8772 29
5303 8772 59
5303 8772 40
5303 8707 9
5303 8707 6
5303 8707 52
5303 8707 48
5303 8774 32
5303 8774 15
5303 8774 4
5303 8774 8
5303 5254 18
5303 5254 23
5303 5254 55
5303 5254 56
5303 5281 7
5303 5281 20
5303 5281 30
5303 5281 20
8756 5243 17
8756 5243 43
8756 5243 33
8756 5243 35
8756 5242 60
8756 5242 9
8756 5242 52
8756 5242 58
8756 5245 26
8756 5245 38
8756 5245 58
8756 5245 22
8756 5256 52
8756 5256 56
8756 5256 1
8756 5256 29
8756 5258 10
8756 5258 38
8756 5258 41
8756 5258 3
8756 5244 50
8756 5244 24
8756 5244 45
8756 5244 32
8756 5253 24
8756 5253 9
8756 5253 50
8756 5253 44
8756 5252 19
8756 5252 2
8756 5252 9
8756 5252 18
8756 8663 31
8756 8663 54
8756 8663 15
8756 8663 12
8756 8695 49
8756 8695 53
8756 8695 54
8756 8695 20
8756 5257 57
8756 5257 28
8756 5257 35
8756 5257 50
8756 5355 43
8756 5355 26
8756 5355 52
8756 5355 53
8756 5260 36
8756 5260 23
8756 5260 21
8756 5260 46
8756 8771 39
8756 8771 17
8756 8771 7
8756 8771 52
8756 8712 3
8756 8712 14
8756 8712 32
8756 8712 50
8756 5251 38
8756 5251 15
8756 5251 19
8756 5251 59
8756 5255 45
8756 5255 51
8756 5255 49
8756 5255 14
8756 5282 54
8756 5282 53
8756 5282 54
8756 5282 15
8756 8664 57
8756 8664 5
8756 8664 11
8756 8664 48
8756 8665 17
8756 8665 19
8756 8665 12
8756 8665 0
8756 8696 60
8756 8696 31
8756 8696 60
8756 8696 32
8756 8699 53
8756 8699 57
8756 8699 53
8756 8699 0
8756 5259 30
8756 5259 38
8756 5259 51
8756 5259 54
8756 5353 5
8756 5353 25
8756 5353 19
8756 5353 10
8756 5371 18
8756 5371 14
8756 5371 0
8756 5371 19
8756 8431 54
8756 8431 38
8756 8431 36
8756 8431 3
8756 8770 21
8756 8770 56
8756 8770 44
8756 8770 50
8756 8772 51
8756 8772 7
8756 8772 52
8756 8772 18
8756 8707 28
8756 8707 16
8756 8707 5
8756 8707 35
8756 8774 55
8756 8774 12
8756 8774 44
8756 8774 0
8756 5254 27
8756 5254 43
8756 5254 15
8756 5254 9
8756 5281 47
8756 5281 26
8756 5281 58
8756 5281 5
5304 5243 10
5304 5243 31
5304 5243 28
5304 5243 13
5304 5242 5
5304 5242 11
5304 5242 34
5304 5242 33
5304 5245 58
5304 5245 26
5304 5245 41
5304 5245 49
5304 5256 49
5304 5256 19
5304 5256 10
5304 5256 30
5304 5258 35
5304 5258 52
5304 5258 52
5304 5258 22
5304 5244 49
5304 5244 56
5304 5244 19
5304 5244 60
5304 5253 12
5304 5253 16
5304 5253 24
5304 5253 37
5304 5252 26
5304 5252 13
5304 5252 26
5304 5252 33
5304 8663 56
5304 8663 34
5304 8663 33
5304 8663 40
5304 8695 58
5304 8695 42
5304 8695 46
5304 8695 36
5304 5257 40
5304 5257 1
5304 5257 48
5304 5257 4
5304 5355 52
5304 5355 55
5304 5355 56
5304 5355 24
5304 5260 31
5304 5260 47
5304 5260 21
5304 5260 40
5304 8771 23
5304 8771 4
5304 8771 17
5304 8771 38
5304 8712 17
5304 8712 36
5304 8712 18
5304 8712 41
5304 5251 45
5304 5251 52
5304 5251 12
5304 5251 43
5304 5255 8
5304 5255 54
5304 5255 14
5304 5255 10
5304 5282 26
5304 5282 40
5304 5282 30
5304 5282 5
5304 8664 21
5304 8664 39
5304 8664 51
5304 8664 46
5304 8665 3
5304 8665 24
5304 8665 30
5304 8665 36
5304 8696 14
5304 8696 60
5304 8696 33
5304 8696 33
5304 8699 30
5304 8699 2
5304 8699 27
5304 8699 46
5304 5259 49
5304 5259 14
5304 5259 40
5304 5259 48
5304 5353 56
5304 5353 32
5304 5353 10
5304 5353 3
5304 5371 10
5304 5371 58
5304 5371 22
5304 5371 10
5304 8431 8
5304 8431 3
5304 8431 58
5304 8431 26
5304 8770 16
5304 8770 29
5304 8770 60
5304 8770 52
5304 8772 53
5304 8772 33
5304 8772 9
5304 8772 10
5304 8707 8
5304 8707 55
5304 8707 40
5304 8707 13
5304 8774 2
5304 8774 49
5304 8774 21
5304 8774 29
5304 5254 47
5304 5254 31
5304 5254 18
5304 5254 14
5304 5281 41
5304 5281 46
5304 5281 48
5304 5281 16
5334 5243 2
5334 5243 28
5334 5243 57
5334 5243 50
5334 5242 31
5334 5242 57
5334 5242 31
5334 5242 8
5334 5245 58
5334 5245 13
5334 5245 16
5334 5245 44
5334 5256 56
5334 5256 48
5334 5256 44
5334 5256 45
5334 5258 52
5334 5258 54
5334 5258 30
5334 5258 1
5334 5244 17
5334 5244 9
5334 5244 58
5334 5244 59
5334 5253 33
5334 5253 50
5334 5253 20
5334 5253 58
5334 5252 3
5334 5252 40
5334 5252 47
5334 5252 22
5334 8663 19
5334 8663 41
5334 8663 34
5334 8663 45
5334 8695 25
5334 8695 0
5334 8695 9
5334 8695 2
5334 5257 44
5334 5257 6
5334 5257 57
5334 5257 11
5334 5355 28
5334 5355 35
5334 5355 18
5334 5355 55
5334 5260 24
5334 5260 51
5334 5260 7
5334 5260 30
5334 8771 24
5334 8771 53
5334 8771 33
5334 8771 4
5334 8712 18
5334 8712 56
5334 8712 51
5334 8712 8
5334 5251 50
5334 5251 19
5334 5251 7
5334 5251 23
5334 5255 18
5334 5255 44
5334 5255 19
5334 5255 8
5334 5282 2
5334 5282 0
5334 5282 3
5334 5282 12
5334 8664 26
5334 8664 20
5334 8664 24
5334 8664 5
5334 8665 12
5334 8665 31
5334 8665 1
5334 8665 13
5334 8696 36
5334 8696 17
5334 8696 18
5334 8696 59
5334 8699 13
5334 8699 47
5334 8699 1
5334 8699 14
5334 5259 42
5334 5259 14
5334 5259 22
5334 5259 56
5334 5353 36
5334 5353 54
5334 5353 52
5334 5353 33
5334 5371 16
5334 5371 48
5334 5371 58
5334 5371 18
5334 8431 17
5334 8431 56
5334 8431 35
5334 8431 20
5334 8770 31
5334 8770 16
5334 8770 13
5334 8770 25
5334 8772 5
5334 8772 33
5334 8772 5
5334 8772 34
5334 8707 25
5334 8707 24
5334 8707 16
5334 8707 22
5334 8774 36
5334 8774 36
5334 8774 18
5334 8774 22
5334 5254 54
5334 5254 15
5334 5254 39
5334 5254 47
5334 5281 19
5334 5281 37
5334 5281 23
5334 5281 40
5460 5243 28
5460 5243 57
5460 5243 10
5460 5243 31
5460 5242 15
5460 5242 38
5460 5242 33
5460 5242 31
5460 5245 8
5460 5245 59
5460 5245 16
5460 5245 15
5460 5256 23
5460 5256 51
5460 5256 26
5460 5256 2
5460 5258 25
5460 5258 55
5460 5258 43
5460 5258 18
5460 5244 5
5460 5244 7
5460 5244 7
5460 5244 5
5460 5253 29
5460 5253 26
5460 5253 17
5460 5253 39
5460 5252 41
5460 5252 14
5460 5252 58
5460 5252 40
5460 8663 47
5460 8663 49
5460 8663 52
5460 8663 13
5460 8695 40
5460 8695 18
5460 8695 23
5460 8695 54
5460 5257 34
5460 5257 38
5460 5257 30
5460 5257 11
5460 5355 49
5460 5355 42
5460 5355 23
5460 5355 59
5460 5260 52
5460 5260 17
5460 5260 36
5460 5260 60
5460 8771 23
5460 8771 7
5460 8771 6
5460 8771 14
5460 8712 21
5460 8712 2
5460 8712 13
5460 8712 30
5460 5251 57
5460 5251 14
5460 5251 27
5460 5251 37
5460 5255 5
5460 5255 4
5460 5255 48
5460 5255 29
5460 5282 35
5460 5282 34
5460 5282 14
5460 5282 33
5460 8664 17
5460 8664 36
5460 8664 0
5460 8664 47
5460 8665 52
5460 8665 47
5460 8665 9
5460 8665 15
5460 8696 0
5460 8696 30
5460 8696 5
5460 8696 44
5460 8699 5
5460 8699 43
5460 8699 4
5460 8699 11
5460 5259 55
5460 5259 37
5460 5259 12
5460 5259 13
5460 5353 26
5460 5353 13
5460 5353 41
5460 5353 37
5460 5371 6
5460 5371 19
5460 5371 18
5460 5371 1
5460 8431 54
5460 8431 33
5460 8431 1
5460 8431 53
5460 8770 12
5460 8770 31
5460 8770 23
5460 8770 23
5460 8772 59
5460 8772 4
5460 8772 43
5460 8772 26
5460 8707 26
5460 8707 12
5460 8707 5
5460 8707 22
5460 8774 40
5460 8774 15
5460 8774 36
5460 8774 7
5460 5254 18
5460 5254 48
5460 5254 44
5460 5254 55
5460 5281 54
5460 5281 34
5460 5281 1
5460 5281 5
5292 5243 46
5292 5243 1
5292 5243 28
5292 5243 46
5292 5242 16
5292 5242 48
5292 5242 19
5292 5242 10
5292 5245 18
5292 5245 46
5292 5245 48
5292 5245 3
5292 5256 6
5292 5256 48
5292 5256 1
5292 5256 4
5292 5258 18
5292 5258 55
5292 5258 57
5292 5258 12
5292 5244 36
5292 5244 41
5292 5244 12
5292 5244 49
5292 5253 1
5292 5253 50
5292 5253 33
5292 5253 7
5292 5252 20
5292 5252 39
5292 5252 17
5292 5252 48
5292 8663 35
5292 8663 36
5292 8663 27
5292 8663 25
5292 8695 2
5292 8695 53
5292 8695 37
5292 8695 21
5292 5257 35
5292 5257 4
5292 5257 0
5292 5257 17
5292 5355 52
5292 5355 5
5292 5355 48
5292 5355 6
5292 5260 21
5292 5260 15
5292 5260 39
5292 5260 2
5292 8771 4
5292 8771 43
5292 8771 60
5292 8771 28
5292 8712 47
5292 8712 38
5292 8712 13
5292 8712 16
5292 5251 7
5292 5251 31
5292 5251 9
5292 5251 54
5292 5255 54
5292 5255 14
5292 5255 55
5292 5255 50
5292 5282 2
5292 5282 21
5292 5282 3
5292 5282 26
5292 8664 17
5292 8664 15
5292 8664 52
5292 8664 59
5292 8665 46
5292 8665 26
5292 8665 53
5292 8665 57
5292 8696 43
5292 8696 34
5292 8696 27
5292 8696 27
5292 8699 26
5292 8699 20
5292 8699 13
5292 8699 20
5292 5259 12
5292 5259 28
5292 5259 53
5292 5259 36
5292 5353 6
5292 5353 26
5292 5353 27
5292 5353 19
5292 5371 37
5292 5371 40
5292 5371 14
5292 5371 4
5292 8431 31
5292 8431 38
5292 8431 51
5292 8431 41
5292 8770 59
5292 8770 59
5292 8770 14
5292 8770 30
5292 8772 60
5292 8772 56
5292 8772 18
5292 8772 19
5292 8707 51
5292 8707 46
5292 8707 16
5292 8707 16
5292 8774 54
5292 8774 9
5292 8774 10
5292 8774 48
5292 5254 55
5292 5254 18
5292 5254 55
5292 5254 34
5292 5281 29
5292 5281 16
5292 5281 17
5292 5281 42
5301 5243 4
5301 5243 8
5301 5243 35
5301 5243 25
5301 5242 54
5301 5242 57
5301 5242 5
5301 5242 53
5301 5245 37
5301 5245 39
5301 5245 6
5301 5245 53
5301 5256 8
5301 5256 35
5301 5256 17
5301 5256 19
5301 5258 32
5301 5258 59
5301 5258 9
5301 5258 35
5301 5244 14
5301 5244 38
5301 5244 10
5301 5244 57
5301 5253 7
5301 5253 57
5301 5253 4
5301 5253 47
5301 5252 50
5301 5252 30
5301 5252 7
5301 5252 1
5301 8663 38
5301 8663 7
5301 8663 54
5301 8663 26
5301 8695 41
5301 8695 37
5301 8695 59
5301 8695 18
5301 5257 21
5301 5257 57
5301 5257 44
5301 5257 28
5301 5355 36
5301 5355 59
5301 5355 33
5301 5355 30
5301 5260 46
5301 5260 23
5301 5260 11
5301 5260 12
5301 8771 20
5301 8771 9
5301 8771 33
5301 8771 7
5301 8712 37
5301 8712 48
5301 8712 56
5301 8712 14
5301 5251 28
5301 5251 60
5301 5251 5
5301 5251 31
5301 5255 20
5301 5255 55
5301 5255 52
5301 5255 35
5301 5282 36
5301 5282 37
5301 5282 47
5301 5282 13
5301 8664 1
5301 8664 8
5301 8664 3
5301 8664 2
5301 8665 16
5301 8665 0
5301 8665 5
5301 8665 48
5301 8696 21
5301 8696 22
5301 8696 17
5301 8696 36
5301 8699 45
5301 8699 55
5301 8699 40
5301 8699 58
5301 5259 29
5301 5259 3
5301 5259 10
5301 5259 47
5301 5353 19
5301 5353 1
5301 5353 19
5301 5353 45
5301 5371 12
5301 5371 50
5301 5371 41
5301 5371 57
5301 8431 5
5301 8431 28
5301 8431 18
5301 8431 60
5301 8770 32
5301 8770 7
5301 8770 4
5301 8770 45
5301 8772 50
5301 8772 41
5301 8772 50
5301 8772 54
5301 8707 2
5301 8707 26
5301 8707 13
5301 8707 16
5301 8774 56
5301 8774 53
5301 8774 34
5301 8774 16
5301 5254 56
5301 5254 32
5301 5254 23
5301 5254 20
5301 5281 49
5301 5281 28
5301 5281 59
5301 5281 14
5312 5243 20
5312 5243 35
5312 5243 17
5312 5243 44
5312 5242 52
5312 5242 12
5312 5242 25
5312 5242 34
5312 5245 39
5312 5245 11
5312 5245 19
5312 5245 44
5312 5256 17
5312 5256 45
5312 5256 32
5312 5256 15
5312 5258 30
5312 5258 46
5312 5258 47
5312 5258 48
5312 5244 21
5312 5244 4
5312 5244 49
5312 5244 19
5312 5253 43
5312 5253 16
5312 5253 49
5312 5253 28
5312 5252 47
5312 5252 8
5312 5252 2
5312 5252 59
5312 8663 0
5312 8663 32
5312 8663 58
5312 8663 48
5312 8695 42
5312 8695 37
5312 8695 51
5312 8695 42
5312 5257 57
5312 5257 23
5312 5257 43
5312 5257 47
5312 5355 54
5312 5355 18
5312 5355 12
5312 5355 38
5312 5260 49
5312 5260 41
5312 5260 37
5312 5260 15
5312 8771 49
5312 8771 46
5312 8771 46
5312 8771 30
5312 8712 38
5312 8712 24
5312 8712 9
5312 8712 51
5312 5251 25
5312 5251 52
5312 5251 30
5312 5251 27
5312 5255 60
5312 5255 25
5312 5255 0
5312 5255 27
5312 5282 38
5312 5282 35
5312 5282 38
5312 5282 57
5312 8664 30
5312 8664 15
5312 8664 40
5312 8664 57
5312 8665 2
5312 8665 16
5312 8665 29
5312 8665 23
5312 8696 3
5312 8696 42
5312 8696 36
5312 8696 5
5312 8699 27
5312 8699 29
5312 8699 15
5312 8699 17
5312 5259 17
5312 5259 22
5312 5259 55
5312 5259 58
5312 5353 60
5312 5353 11
5312 5353 13
5312 5353 42
5312 5371 9
5312 5371 20
5312 5371 13
5312 5371 58
5312 8431 9
5312 8431 45
5312 8431 46
5312 8431 21
5312 8770 46
5312 8770 0
5312 8770 45
5312 8770 38
5312 8772 45
5312 8772 60
5312 8772 25
5312 8772 22
5312 8707 23
5312 8707 35
5312 8707 27
5312 8707 18
5312 8774 50
5312 8774 15
5312 8774 41
5312 8774 36
5312 5254 19
5312 5254 0
5312 5254 42
5312 5254 50
5312 5281 35
5312 5281 12
5312 5281 30
5312 5281 48
8757 5243 29
8757 5243 22
8757 5243 60
8757 5243 39
8757 5242 45
8757 5242 25
8757 5242 27
8757 5242 21
8757 5245 45
8757 5245 43
8757 5245 60
8757 5245 19
8757 5256 33
8757 5256 1
8757 5256 8
8757 5256 58
8757 5258 5
8757 5258 50
8757 5258 52
8757 5258 28
8757 5244 7
8757 5244 40
8757 5244 13
8757 5244 15
8757 5253 56
8757 5253 50
8757 5253 35
8757 5253 14
8757 5252 37
8757 5252 17
8757 5252 50
8757 5252 1
8757 8663 23
8757 8663 25
8757 8663 31
8757 8663 16
8757 8695 28
8757 8695 3
8757 8695 40
8757 8695 1
8757 5257 19
8757 5257 39
8757 5257 35
8757 5257 1
8757 5355 58
8757 5355 30
8757 5355 51
8757 5355 24
8757 5260 8
8757 5260 44
8757 5260 59
8757 5260 33
8757 8771 50
8757 8771 58
8757 8771 12
8757 8771 0
8757 8712 55
8757 8712 19
8757 8712 41
8757 8712 25
8757 5251 41
8757 5251 36
8757 5251 47
8757 5251 34
8757 5255 50
8757 5255 56
8757 5255 15
8757 5255 27
8757 5282 12
8757 5282 6
8757 5282 59
8757 5282 53
8757 8664 43
8757 8664 51
8757 8664 11
8757 8664 43
8757 8665 7
8757 8665 15
8757 8665 59
8757 8665 0
8757 8696 42
8757 8696 22
8757 8696 14
8757 8696 42
8757 8699 36
8757 8699 55
8757 8699 10
8757 8699 35
8757 5259 43
8757 5259 54
8757 5259 38
8757 5259 41
8757 5353 4
8757 5353 26
8757 5353 31
8757 5353 7
8757 5371 11
8757 5371 5
8757 5371 15
8757 5371 30
8757 8431 17
8757 8431 1
8757 8431 29
8757 8431 11
8757 8770 7
8757 8770 54
8757 8770 7
8757 8770 55
8757 8772 7
8757 8772 57
8757 8772 47
8757 8772 57
8757 8707 58
8757 8707 12
8757 8707 8
8757 8707 40
8757 8774 21
8757 8774 4
8757 8774 36
8757 8774 51
8757 5254 45
8757 5254 49
8757 5254 60
8757 5254 10
8757 5281 11
8757 5281 35
8757 5281 33
8757 5281 57
5463 5243 37
5463 5243 23
5463 5243 34
5463 5243 38
5463 5242 1
5463 5242 13
5463 5242 11
5463 5242 22
5463 5245 38
5463 5245 33
5463 5245 25
5463 5245 41
5463 5256 42
5463 5256 21
5463 5256 4
5463 5256 39
5463 5258 45
5463 5258 28
5463 5258 33
5463 5258 29
5463 5244 41
5463 5244 25
5463 5244 18
5463 5244 7
5463 5253 11
5463 5253 4
5463 5253 42
5463 5253 4
5463 5252 25
5463 5252 21
5463 5252 59
5463 5252 41
5463 8663 31
5463 8663 33
5463 8663 23
5463 8663 7
5463 8695 7
5463 8695 36
5463 8695 8
5463 8695 44
5463 5257 18
5463 5257 28
5463 5257 26
5463 5257 52
5463 5355 22
5463 5355 5
5463 5355 49
5463 5355 48
5463 5260 3
5463 5260 13
5463 5260 49
5463 5260 56
5463 8771 48
5463 8771 27
5463 8771 33
5463 8771 23
5463 8712 26
5463 8712 10
5463 8712 35
5463 8712 12
5463 5251 3
5463 5251 5
5463 5251 55
5463 5251 12
5463 5255 9
5463 5255 6
5463 5255 30
5463 5255 44
5463 5282 46
5463 5282 28
5463 5282 47
5463 5282 15
5463 8664 11
5463 8664 13
5463 8664 10
5463 8664 2
5463 8665 49
5463 8665 37
5463 8665 38
5463 8665 45
5463 8696 39
5463 8696 22
5463 8696 38
5463 8696 56
5463 8699 30
5463 8699 57
5463 8699 11
5463 8699 0
5463 5259 52
5463 5259 43
5463 5259 59
5463 5259 24
5463 5353 26
5463 5353 51
5463 5353 27
5463 5353 11
5463 5371 2
5463 5371 35
5463 5371 0
5463 5371 32
5463 8431 34
5463 8431 31
5463 8431 30
5463 8431 27
5463 8770 0
5463 8770 40
5463 8770 13
5463 8770 57
5463 8772 27
5463 8772 54
5463 8772 29
5463 8772 41
5463 8707 39
5463 8707 7
5463 8707 27
5463 8707 13
5463 8774 45
5463 8774 39
5463 8774 49
5463 8774 57
5463 5254 3
5463 5254 54
5463 5254 47
5463 5254 60
5463 5281 34
5463 5281 52
5463 5281 17
5463 5281 36
5306 5243 60
5306 5243 56
5306 5243 57
5306 5243 6
5306 5242 31
5306 5242 13
5306 5242 26
5306 5242 39
5306 5245 52
5306 5245 42
5306 5245 59
5306 5245 14
5306 5256 44
5306 5256 48
5306 5256 36
5306 5256 21
5306 5258 2
5306 5258 6
5306 5258 58
5306 5258 8
5306 5244 28
5306 5244 40
5306 5244 9
5306 5244 19
5306 5253 21
5306 5253 32
5306 5253 47
5306 5253 57
5306 5252 49
5306 5252 24
5306 5252 53
5306 5252 6
5306 8663 26
5306 8663 60
5306 8663 50
5306 8663 41
5306 8695 53
5306 8695 40
5306 8695 55
5306 8695 43
5306 5257 49
5306 5257 48
5306 5257 3
5306 5257 18
5306 5355 5
5306 5355 30
5306 5355 9
5306 5355 11
5306 5260 7
5306 5260 34
5306 5260 40
5306 5260 53
5306 8771 59
5306 8771 30
5306 8771 37
5306 8771 1
5306 8712 1
5306 8712 28
5306 8712 13
5306 8712 23
5306 5251 15
5306 5251 8
5306 5251 54
5306 5251 18
5306 5255 36
5306 5255 21
5306 5255 44
5306 5255 45
5306 5282 34
5306 5282 29
5306 5282 41
5306 5282 15
5306 8664 59
5306 8664 15
5306 8664 25
5306 8664 13
5306 8665 40
5306 8665 51
5306 8665 56
5306 8665 58
5306 8696 7
5306 8696 58
5306 8696 27
5306 8696 37
5306 8699 13
5306 8699 28
5306 8699 21
5306 8699 1
5306 5259 43
5306 5259 2
5306 5259 7
5306 5259 1
5306 5353 16
5306 5353 46
5306 5353 44
5306 5353 51
5306 5371 31
5306 5371 12
5306 5371 59
5306 5371 35
5306 8431 39
5306 8431 25
5306 8431 12
5306 8431 29
5306 8770 30
5306 8770 29
5306 8770 8
5306 8770 34
5306 8772 48
5306 8772 33
5306 8772 37
5306 8772 46
5306 8707 34
5306 8707 2
5306 8707 8
5306 8707 17
5306 8774 44
5306 8774 21
5306 8774 50
5306 8774 47
5306 5254 27
5306 5254 19
5306 5254 8
5306 5254 59
5306 5281 36
5306 5281 20
5306 5281 17
5306 5281 6
8754 5243 33
8754 5243 21
8754 5243 3
8754 5243 34
8754 5242 17
8754 5242 1
8754 5242 32
8754 5242 45
8754 5245 8
8754 5245 10
8754 5245 53
8754 5245 51
8754 5256 12
8754 5256 10
8754 5256 39
8754 5256 0
8754 5258 11
8754 5258 18
8754 5258 28
8754 5258 20
8754 5244 33
8754 5244 18
8754 5244 42
8754 5244 1
8754 5253 14
8754 5253 45
8754 5253 0
8754 5253 25
8754 5252 29
8754 5252 27
8754 5252 41
8754 5252 38
8754 8663 2
8754 8663 45
8754 8663 32
8754 8663 45
8754 8695 49
8754 8695 19
8754 8695 54
8754 8695 21
8754 5257 17
8754 5257 10
8754 5257 23
8754 5257 39
8754 5355 22
8754 5355 48
8754 5355 40
8754 5355 4
8754 5260 16
8754 5260 56
8754 5260 34
8754 5260 15
8754 8771 33
8754 8771 20
8754 8771 44
8754 8771 41
8754 8712 49
8754 8712 46
8754 8712 24
8754 8712 52
8754 5251 16
8754 5251 44
8754 5251 29
8754 5251 54
8754 5255 47
8754 5255 18
8754 5255 31
8754 5255 53
8754 5282 32
8754 5282 22
8754 5282 48
8754 5282 44
8754 8664 53
8754 8664 0
8754 8664 3
8754 8664 7
8754 8665 7
8754 8665 21
8754 8665 28
8754 8665 14
8754 8696 3
8754 8696 12
8754 8696 45
8754 8696 1
8754 8699 38
8754 8699 7
8754 8699 52
8754 8699 37
8754 5259 2
8754 5259 5
8754 5259 34
8754 5259 26
8754 5353 1
8754 5353 28
8754 5353 33
8754 5353 48
8754 5371 20
8754 5371 41
8754 5371 3
8754 5371 23
8754 8431 45
8754 8431 42
8754 8431 21
8754 8431 30
8754 8770 36
8754 8770 7
8754 8770 43
8754 8770 29
8754 8772 31
8754 8772 11
8754 8772 3
8754 8772 5
8754 8707 3
8754 8707 54
8754 8707 34
8754 8707 19
8754 8774 15
8754 8774 5
8754 8774 45
8754 8774 37
8754 5254 45
8754 5254 1
8754 5254 38
8754 5254 23
8754 5281 37
8754 5281 11
8754 5281 34
8754 5281 41
8755 5243 41
8755 5243 34
8755 5243 0
8755 5243 46
8755 5242 46
8755 5242 46
8755 5242 9
8755 5242 10
8755 5245 49
8755 5245 26
8755 5245 3
8755 5245 26
8755 5256 56
8755 5256 36
8755 5256 4
8755 5256 41
8755 5258 38
8755 5258 5
8755 5258 20
8755 5258 8
8755 5244 49
8755 5244 60
8755 5244 32
8755 5244 39
8755 5253 14
8755 5253 15
8755 5253 43
8755 5253 50
8755 5252 52
8755 5252 57
8755 5252 33
8755 5252 44
8755 8663 26
8755 8663 59
8755 8663 22
8755 8663 52
8755 8695 44
8755 8695 45
8755 8695 23
8755 8695 0
8755 5257 49
8755 5257 12
8755 5257 4
8755 5257 13
8755 5355 29
8755 5355 16
8755 5355 9
8755 5355 40
8755 5260 2
8755 5260 49
8755 5260 10
8755 5260 50
8755 8771 59
8755 8771 17
8755 8771 6
8755 8771 58
8755 8712 0
8755 8712 26
8755 8712 60
8755 8712 25
8755 5251 51
8755 5251 16
8755 5251 22
8755 5251 29
8755 5255 4
8755 5255 59
8755 5255 38
8755 5255 32
8755 5282 35
8755 5282 59
8755 5282 8
8755 5282 41
8755 8664 10
8755 8664 43
8755 8664 32
8755 8664 9
8755 8665 42
8755 8665 60
8755 8665 21
8755 8665 13
8755 8696 42
8755 8696 36
8755 8696 6
8755 8696 13
8755 8699 56
8755 8699 46
8755 8699 19
8755 8699 32
8755 5259 1
8755 5259 43
8755 5259 56
8755 5259 24
8755 5353 45
8755 5353 12
8755 5353 0
8755 5353 18
8755 5371 57
8755 5371 44
8755 5371 18
8755 5371 11
8755 8431 47
8755 8431 35
8755 8431 34
8755 8431 57
8755 8770 57
8755 8770 47
8755 8770 56
8755 8770 0
8755 8772 31
8755 8772 58
8755 8772 10
8755 8772 45
8755 8707 0
8755 8707 4
8755 8707 25
8755 8707 57
8755 8774 12
8755 8774 43
8755 8774 60
8755 8774 10
8755 5254 59
8755 5254 20
8755 5254 49
8755 5254 25
8755 5281 60
8755 5281 26
8755 5281 30
8755 5281 56
9212 5243 17
9212 5243 7
9212 5243 27
9212 5243 11
9212 5242 15
9212 5242 2
9212 5242 38
9212 5242 51
9212 5245 45
9212 5245 35
9212 5245 6
9212 5245 43
9212 5256 44
9212 5256 43
9212 5256 34
9212 5256 8
9212 5258 52
9212 5258 57
9212 5258 32
9212 5258 0
9212 5244 18
9212 5244 17
9212 5244 41
9212 5244 23
9212 5253 36
9212 5253 32
9212 5253 16
9212 5253 6
9212 5252 3
9212 5252 17
9212 5252 0
9212 5252 14
9212 8663 15
9212 8663 52
9212 8663 10
9212 8663 30
9212 8695 44
9212 8695 32
9212 8695 0
9212 8695 22
9212 5257 32
9212 5257 41
9212 5257 23
9212 5257 31
9212 5355 36
9212 5355 6
9212 5355 46
9212 5355 22
9212 5260 50
9212 5260 22
9212 5260 24
9212 5260 47
9212 8771 6
9212 8771 2
9212 8771 30
9212 8771 51
9212 8712 23
9212 8712 13
9212 8712 55
9212 8712 43
9212 5251 9
9212 5251 60
9212 5251 42
9212 5251 44
9212 5255 23
9212 5255 30
9212 5255 60
9212 5255 36
9212 5282 36
9212 5282 23
9212 5282 39
9212 5282 50
9212 8664 9
9212 8664 38
9212 8664 7
9212 8664 55
9212 8665 58
9212 8665 16
9212 8665 10
9212 8665 5
9212 8696 52
9212 8696 58
9212 8696 46
9212 8696 55
9212 8699 34
9212 8699 47
9212 8699 27
9212 8699 29
9212 5259 60
9212 5259 11
9212 5259 47
9212 5259 34
9212 5353 21
9212 5353 9
9212 5353 47
9212 5353 15
9212 5371 33
9212 5371 29
9212 5371 30
9212 5371 4
9212 8431 9
9212 8431 40
9212 8431 53
9212 8431 2
9212 8770 2
9212 8770 24
9212 8770 50
9212 8770 33
9212 8772 30
9212 8772 52
9212 8772 8
9212 8772 23
9212 8707 30
9212 8707 13
9212 8707 40
9212 8707 21
9212 8774 6
9212 8774 24
9212 8774 58
9212 8774 57
9212 5254 34
9212 5254 29
9212 5254 36
9212 5254 23
9212 5281 9
9212 5281 21
9212 5281 2
9212 5281 1
5305 5243 40
5305 5243 16
5305 5243 13
5305 5243 13
5305 5242 41
5305 5242 51
5305 5242 32
5305 5242 57
5305 5245 50
5305 5245 32
5305 5245 24
5305 5245 33
5305 5256 17
5305 5256 53
5305 5256 4
5305 5256 10
5305 5258 19
5305 5258 35
5305 5258 2
5305 5258 48
5305 5244 22
5305 5244 30
5305 5244 20
5305 5244 29
5305 5253 39
5305 5253 35
5305 5253 18
5305 5253 47
5305 5252 7
5305 5252 17
5305 5252 10
5305 5252 59
5305 8663 38
5305 8663 15
5305 8663 48
5305 8663 5
5305 8695 19
5305 8695 32
5305 8695 22
5305 8695 53
5305 5257 29
5305 5257 0
5305 5257 15
5305 5257 35
5305 5355 48
5305 5355 16
5305 5355 7
5305 5355 52
5305 5260 36
5305 5260 33
5305 5260 48
5305 5260 44
5305 8771 46
5305 8771 22
5305 8771 24
5305 8771 4
5305 8712 33
5305 8712 18
5305 8712 19
5305 8712 57
5305 5251 6
5305 5251 10
5305 5251 27
5305 5251 45
5305 5255 60
5305 5255 9
5305 5255 56
5305 5255 16
5305 5282 13
5305 5282 3
5305 5282 16
5305 5282 33
5305 8664 2
5305 8664 50
5305 8664 23
5305 8664 21
5305 8665 21
5305 8665 56
5305 8665 6
5305 8665 20
5305 8696 47
5305 8696 28
5305 8696 48
5305 8696 59
5305 8699 38
5305 8699 36
5305 8699 58
5305 8699 7
5305 5259 5
5305 5259 53
5305 5259 55
5305 5259 11
5305 5353 31
5305 5353 40
5305 5353 39
5305 5353 5
5305 5371 18
5305 5371 6
5305 5371 16
5305 5371 42
5305 8431 19
5305 8431 9
5305 8431 11
5305 8431 13
5305 8770 31
5305 8770 22
5305 8770 59
5305 8770 58
5305 8772 0
5305 8772 47
5305 8772 2
5305 8772 30
5305 8707 7
5305 8707 15
5305 8707 33
5305 8707 31
5305 8774 36
5305 8774 46
5305 8774 52
5305 8774 6
5305 5254 58
5305 5254 44
5305 5254 40
5305 5254 22
5305 5281 9
5305 5281 59
5305 5281 25
5305 5281 12
5317 5243 13
5317 5243 13
5317 5243 8
5317 5243 50
5317 5242 36
5317 5242 1
5317 5242 2
5317 5242 37
5317 5245 41
5317 5245 35
5317 5245 16
5317 5245 21
5317 5256 21
5317 5256 18
5317 5256 52
5317 5256 5
5317 5258 24
5317 5258 15
5317 5258 25
5317 5258 19
5317 5244 4
5317 5244 1
5317 5244 32
5317 5244 43
5317 5253 23
5317 5253 20
5317 5253 38
5317 5253 33
5317 5252 19
5317 5252 47
5317 5252 15
5317 5252 44
5317 8663 17
5317 8663 37
5317 8663 17
5317 8663 29
5317 8695 48
5317 8695 1
5317 8695 54
5317 8695 4
5317 5257 21
5317 5257 26
5317 5257 52
5317 5257 35
5317 5355 50
5317 5355 5
5317 5355 39
5317 5355 46
5317 5260 49
5317 5260 55
5317 5260 10
5317 5260 60
5317 8771 2
5317 8771 47
5317 8771 2
5317 8771 14
5317 8712 43
5317 8712 35
5317 8712 35
5317 8712 26
5317 5251 10
5317 5251 36
5317 5251 6
5317 5251 12
5317 5255 59
5317 5255 54
5317 5255 44
5317 5255 0
5317 5282 9
5317 5282 2
5317 5282 23
5317 5282 33
5317 8664 3
5317 8664 56
5317 8664 57
5317 8664 38
5317 8665 59
5317 8665 7
5317 8665 26
5317 8665 51
5317 8696 59
5317 8696 11
5317 8696 51
5317 8696 45
5317 8699 13
5317 8699 53
5317 8699 51
5317 8699 5
5317 5259 7
5317 5259 5
5317 5259 56
5317 5259 55
5317 5353 11
5317 5353 4
5317 5353 55
5317 5353 38
5317 5371 36
5317 5371 21
5317 5371 59
5317 5371 35
5317 8431 10
5317 8431 54
5317 8431 18
5317 8431 9
5317 8770 52
5317 8770 34
5317 8770 28
5317 8770 42
5317 8772 58
5317 8772 44
5317 8772 55
5317 8772 12
5317 8707 1
5317 8707 12
5317 8707 54
5317 8707 23
5317 8774 2
5317 8774 41
5317 8774 49
5317 8774 44
5317 5254 8
5317 5254 2
5317 5254 23
5317 5254 1
5317 5281 51
5317 5281 57
5317 5281 57
5317 5281 24
5333 5243 58
5333 5243 55
5333 5243 39
5333 5243 33
5333 5242 7
5333 5242 1
5333 5242 3
5333 5242 25
5333 5245 48
5333 5245 52
5333 5245 1
5333 5245 33
5333 5256 7
5333 5256 17
5333 5256 0
5333 5256 15
5333 5258 51
5333 5258 38
5333 5258 52
5333 5258 40
5333 5244 16
5333 5244 18
5333 5244 52
5333 5244 27
5333 5253 60
5333 5253 44
5333 5253 7
5333 5253 60
5333 5252 17
5333 5252 0
5333 5252 36
5333 5252 39
5333 8663 16
5333 8663 6
5333 8663 60
5333 8663 42
5333 8695 47
5333 8695 45
5333 8695 41
5333 8695 17
5333 5257 35
5333 5257 46
5333 5257 56
5333 5257 2
5333 5355 36
5333 5355 7
5333 5355 2
5333 5355 50
5333 5260 47
5333 5260 43
5333 5260 34
5333 5260 8
5333 8771 49
5333 8771 2
5333 8771 19
5333 8771 25
5333 8712 19
5333 8712 43
5333 8712 34
5333 8712 10
5333 5251 16
5333 5251 27
5333 5251 42
5333 5251 46
5333 5255 57
5333 5255 44
5333 5255 27
5333 5255 0
5333 5282 36
5333 5282 17
5333 5282 29
5333 5282 26
5333 8664 26
5333 8664 28
5333 8664 43
5333 8664 30
5333 8665 1
5333 8665 59
5333 8665 2
5333 8665 4
5333 8696 33
5333 8696 43
5333 8696 3
5333 8696 38
5333 8699 42
5333 8699 0
5333 8699 12
5333 8699 10
5333 5259 35
5333 5259 60
5333 5259 5
5333 5259 56
5333 5353 47
5333 5353 31
5333 5353 36
5333 5353 8
5333 5371 30
5333 5371 10
5333 5371 45
5333 5371 32
5333 8431 5
5333 8431 60
5333 8431 58
5333 8431 45
5333 8770 36
5333 8770 12
5333 8770 53
5333 8770 46
5333 8772 17
5333 8772 22
5333 8772 20
5333 8772 47
5333 8707 46
5333 8707 45
5333 8707 7
5333 8707 45
5333 8774 49
5333 8774 27
5333 8774 20
5333 8774 25
5333 5254 28
5333 5254 54
5333 5254 60
5333 5254 7
5333 5281 53
5333 5281 25
5333 5281 8
5333 5281 17
5459 5243 51
5459 5243 50
5459 5243 51
5459 5243 8
5459 5242 1
5459 5242 30
5459 5242 15
5459 5242 16
5459 5245 33
5459 5245 31
5459 5245 36
5459 5245 40
5459 5256 55
5459 5256 58
5459 5256 30
5459 5256 7
5459 5258 7
5459 5258 35
5459 5258 13
5459 5258 15
5459 5244 58
5459 5244 47
5459 5244 45
5459 5244 27
5459 5253 41
5459 5253 46
5459 5253 25
5459 5253 29
5459 5252 20
5459 5252 18
5459 5252 15
5459 5252 13
5459 8663 38
5459 8663 60
5459 8663 44
5459 8663 41
5459 8695 42
5459 8695 4
5459 8695 56
5459 8695 12
5459 5257 16
5459 5257 31
5459 5257 7
5459 5257 13
5459 5355 28
5459 5355 22
5459 5355 60
5459 5355 37
5459 5260 25
5459 5260 49
5459 5260 18
5459 5260 7
5459 8771 51
5459 8771 50
5459 8771 12
5459 8771 48
5459 8712 41
5459 8712 57
5459 8712 12
5459 8712 41
5459 5251 41
5459 5251 42
5459 5251 46
5459 5251 35
5459 5255 30
5459 5255 43
5459 5255 57
5459 5255 52
5459 5282 2
5459 5282 48
5459 5282 53
5459 5282 30
5459 8664 59
5459 8664 41
5459 8664 32
5459 8664 49
5459 8665 16
5459 8665 9
5459 8665 35
5459 8665 0
5459 8696 40
5459 8696 60
5459 8696 55
5459 8696 2
5459 8699 47
5459 8699 56
5459 8699 34
5459 8699 26
5459 5259 54
5459 5259 8
5459 5259 49
5459 5259 21
5459 5353 42
5459 5353 28
5459 5353 38
5459 5353 57
5459 5371 25
5459 5371 58
5459 5371 40
5459 5371 23
5459 8431 26
5459 8431 10
5459 8431 30
5459 8431 53
5459 8770 15
5459 8770 31
5459 8770 11
5459 8770 32
5459 8772 7
5459 8772 27
5459 8772 34
5459 8772 38
5459 8707 46
5459 8707 31
5459 8707 13
5459 8707 20
5459 8774 10
5459 8774 60
5459 8774 12
5459 8774 27
5459 5254 52
5459 5254 12
5459 5254 21
5459 5254 54
5459 5281 25
5459 5281 22
5459 5281 2
5459 5281 60
5466 5243 39
5466 5243 1
5466 5243 33
5466 5243 49
5466 5242 13
5466 5242 34
5466 5242 55
5466 5242 14
5466 5245 6
5466 5245 25
5466 5245 12
5466 5245 27
5466 5256 34
5466 5256 18
5466 5256 28
5466 5256 1
5466 5258 16
5466 5258 45
5466 5258 4
5466 5258 21
5466 5244 45
5466 5244 48
5466 5244 31
5466 5244 18
5466 5253 44
5466 5253 20
5466 5253 57
5466 5253 26
5466 5252 47
5466 5252 56
5466 5252 21
5466 5252 11
5466 8663 24
5466 8663 27
5466 8663 29
5466 8663 28
5466 8695 14
5466 8695 37
5466 8695 38
5466 8695 20
5466 5257 25
5466 5257 50
5466 5257 47
5466 5257 5
5466 5355 6
5466 5355 33
5466 5355 28
5466 5355 52
5466 5260 33
5466 5260 3
5466 5260 46
5466 5260 26
5466 8771 53
5466 8771 26
5466 8771 10
5466 8771 39
5466 8712 55
5466 8712 3
5466 8712 28
5466 8712 51
5466 5251 33
5466 5251 34
5466 5251 10
5466 5251 54
5466 5255 19
5466 5255 14
5466 5255 16
5466 5255 26
5466 5282 1
5466 5282 0
5466 5282 10
5466 5282 8
5466 8664 38
5466 8664 55
5466 8664 25
5466 8664 35
5466 8665 23
5466 8665 30
5466 8665 23
5466 8665 4
5466 8696 54
5466 8696 6
5466 8696 34
5466 8696 18
5466 8699 5
5466 8699 42
5466 8699 41
5466 8699 18
5466 5259 24
5466 5259 6
5466 5259 19
5466 5259 43
5466 5353 27
5466 5353 37
5466 5353 16
5466 5353 24
5466 5371 29
5466 5371 4
5466 5371 40
5466 5371 18
5466 8431 16
5466 8431 17
5466 8431 0
5466 8431 17
5466 8770 12
5466 8770 0
5466 8770 54
5466 8770 50
5466 8772 50
5466 8772 0
5466 8772 23
5466 8772 60
5466 8707 8
5466 8707 2
5466 8707 21
5466 8707 53
5466 8774 37
5466 8774 46
5466 8774 29
5466 8774 15
5466 5254 32
5466 5254 50
5466 5254 0
5466 5254 27
5466 5281 40
5466 5281 53
5466 5281 32
5466 5281 29
5288 5243 27
5288 5243 21
5288 5243 1
5288 5243 3
5288 5242 44
5288 5242 38
5288 5242 38
5288 5242 49
5288 5245 45
5288 5245 26
5288 5245 37
5288 5245 0
5288 5256 5
5288 5256 39
5288 5256 13
5288 5256 24
5288 5258 36
5288 5258 4
5288 5258 60
5288 5258 19
5288 5244 52
5288 5244 42
5288 5244 22
5288 5244 18
5288 5253 28
5288 5253 40
5288 5253 58
5288 5253 21
5288 5252 40
5288 5252 47
5288 5252 4
5288 5252 7
5288 8663 49
5288 8663 31
5288 8663 9
5288 8663 16
5288 8695 57
5288 8695 39
5288 8695 20
5288 8695 37
5288 5257 11
5288 5257 29
5288 5257 50
5288 5257 54
5288 5355 33
5288 5355 15
5288 5355 28
5288 5355 5
5288 5260 11
5288 5260 26
5288 5260 12
5288 5260 13
5288 8771 57
5288 8771 50
5288 8771 46
5288 8771 52
5288 8712 38
5288 8712 22
5288 8712 45
5288 8712 53
5288 5251 49
5288 5251 32
5288 5251 19
5288 5251 26
5288 5255 7
5288 5255 17
5288 5255 22
5288 5255 14
5288 5282 51
5288 5282 23
5288 5282 0
5288 5282 58
5288 8664 57
5288 8664 15
5288 8664 2
5288 8664 52
5288 8665 14
5288 8665 37
5288 8665 40
5288 8665 38
5288 8696 33
5288 8696 36
5288 8696 57
5288 8696 11
5288 8699 5
5288 8699 49
5288 8699 53
5288 8699 28
5288 5259 19
5288 5259 15
5288 5259 35
5288 5259 27
5288 5353 13
5288 5353 56
5288 5353 37
5288 5353 5
5288 5371 21
5288 5371 14
5288 5371 7
5288 5371 3
5288 8431 34
5288 8431 53
5288 8431 47
5288 8431 38
5288 8770 9
5288 8770 39
5288 8770 31
5288 8770 33
5288 8772 35
5288 8772 48
5288 8772 12
5288 8772 58
5288 8707 52
5288 8707 14
5288 8707 41
5288 8707 4
5288 8774 40
5288 8774 38
5288 8774 50
5288 8774 45
5288 5254 27
5288 5254 7
5288 5254 13
5288 5254 18
5288 5281 43
5288 5281 11
5288 5281 57
5288 5281 10
5293 5243 45
5293 5243 29
5293 5243 47
5293 5243 22
5293 5242 15
5293 5242 45
5293 5242 8
5293 5242 4
5293 5245 54
5293 5245 22
5293 5245 26
5293 5245 45
5293 5256 17
5293 5256 41
5293 5256 11
5293 5256 46
5293 5258 32
5293 5258 12
5293 5258 54
5293 5258 50
5293 5244 19
5293 5244 29
5293 5244 55
5293 5244 23
5293 5253 50
5293 5253 11
5293 5253 11
5293 5253 29
5293 5252 6
5293 5252 6
5293 5252 53
5293 5252 20
5293 8663 45
5293 8663 45
5293 8663 43
5293 8663 0
5293 8695 30
5293 8695 41
5293 8695 1
5293 8695 35
5293 5257 30
5293 5257 7
5293 5257 24
5293 5257 41
5293 5355 15
5293 5355 52
5293 5355 34
5293 5355 58
5293 5260 40
5293 5260 7
5293 5260 57
5293 5260 58
5293 8771 6
5293 8771 49
5293 8771 43
5293 8771 6
5293 8712 9
5293 8712 48
5293 8712 6
5293 8712 25
5293 5251 18
5293 5251 52
5293 5251 44
5293 5251 0
5293 5255 50
5293 5255 55
5293 5255 55
5293 5255 57
5293 5282 54
5293 5282 11
5293 5282 12
5293 5282 44
5293 8664 39
5293 8664 38
5293 8664 20
5293 8664 52
5293 8665 20
5293 8665 7
5293 8665 38
5293 8665 34
5293 8696 1
5293 8696 19
5293 8696 11
5293 8696 42
5293 8699 48
5293 8699 57
5293 8699 1
5293 8699 22
5293 5259 26
5293 5259 50
5293 5259 50
5293 5259 29
5293 5353 20
5293 5353 7
5293 5353 22
5293 5353 42
5293 5371 2
5293 5371 18
5293 5371 46
5293 5371 0
5293 8431 37
5293 8431 20
5293 8431 41
5293 8431 7
5293 8770 52
5293 8770 27
5293 8770 26
5293 8770 14
5293 8772 23
5293 8772 36
5293 8772 58
5293 8772 13
5293 8707 57
5293 8707 55
5293 8707 22
5293 8707 8
5293 8774 11
5293 8774 11
5293 8774 49
5293 8774 23
5293 5254 23
5293 5254 2
5293 5254 8
5293 5254 42
5293 5281 46
5293 5281 16
5293 5281 25
5293 5281 30
5309 5243 37
5309 5243 15
5309 5243 3
5309 5243 34
5309 5242 37
5309 5242 56
5309 5242 7
5309 5242 47
5309 5245 32
5309 5245 34
5309 5245 31
5309 5245 7
5309 5256 14
5309 5256 37
5309 5256 33
5309 5256 47
5309 5258 24
5309 5258 45
5309 5258 47
5309 5258 39
5309 5244 51
5309 5244 39
5309 5244 48
5309 5244 34
5309 5253 22
5309 5253 33
5309 5253 54
5309 5253 6
5309 5252 57
5309 5252 55
5309 5252 12
5309 5252 0
5309 8663 38
5309 8663 58
5309 8663 7
5309 8663 54
5309 8695 59
5309 8695 35
5309 8695 59
5309 8695 23
5309 5257 0
5309 5257 1
5309 5257 30
5309 5257 58
5309 5355 58
5309 5355 41
5309 5355 8
5309 5355 50
5309 5260 1
5309 5260 31
5309 5260 4
5309 5260 34
5309 8771 51
5309 8771 45
5309 8771 45
5309 8771 31
5309 8712 54
5309 8712 44
5309 8712 23
5309 8712 12
5309 5251 48
5309 5251 9
5309 5251 4
5309 5251 25
5309 5255 32
5309 5255 60
5309 5255 2
5309 5255 60
5309 5282 1
5309 5282 17
5309 5282 53
5309 5282 45
5309 8664 45
5309 8664 22
5309 8664 28
5309 8664 0
5309 8665 49
5309 8665 40
5309 8665 2
5309 8665 2
5309 8696 30
5309 8696 30
5309 8696 58
5309 8696 35
5309 8699 44
5309 8699 54
5309 8699 14
5309 8699 23
5309 5259 22
5309 5259 54
5309 5259 34
5309 5259 58
5309 5353 16
5309 5353 45
5309 5353 26
5309 5353 50
5309 5371 11
5309 5371 20
5309 5371 56
5309 5371 37
5309 8431 33
5309 8431 15
5309 8431 1
5309 8431 13
5309 8770 13
5309 8770 45
5309 8770 36
5309 8770 19
5309 8772 29
5309 8772 41
5309 8772 22
5309 8772 53
5309 8707 26
5309 8707 0
5309 8707 23
5309 8707 40
5309 8774 10
5309 8774 14
5309 8774 18
5309 8774 29
5309 5254 16
5309 5254 23
5309 5254 20
5309 5254 16
5309 5281 10
5309 5281 57
5309 5281 53
5309 5281 58
5315 5243 24
5315 5243 30
5315 5243 51
5315 5243 0
5315 5242 55
5315 5242 40
5315 5242 41
5315 5242 10
5315 5245 3
5315 5245 48
5315 5245 58
5315 5245 9
5315 5256 20
5315 5256 1
5315 5256 27
5315 5256 35
5315 5258 0
5315 5258 17
5315 5258 11
5315 5258 7
5315 5244 12
5315 5244 43
5315 5244 43
5315 5244 48
5315 5253 14
5315 5253 52
5315 5253 9
5315 5253 12
5315 5252 20
5315 5252 58
5315 5252 30
5315 5252 51
5315 8663 0
5315 8663 53
5315 8663 4
5315 8663 47
5315 8695 1
5315 8695 57
5315 8695 43
5315 8695 25
5315 5257 51
5315 5257 0
5315 5257 10
5315 5257 27
5315 5355 23
5315 5355 44
5315 5355 11
5315 5355 15
5315 5260 53
5315 5260 49
5315 5260 15
5315 5260 33
5315 8771 30
5315 8771 35
5315 8771 13
5315 8771 40
5315 8712 11
5315 8712 55
5315 8712 53
5315 8712 43
5315 5251 24
5315 5251 4
5315 5251 56
5315 5251 27
5315 5255 39
5315 5255 7
5315 5255 29
5315 5255 42
5315 5282 35
5315 5282 48
5315 5282 47
5315 5282 37
5315 8664 42
5315 8664 10
5315 8664 8
5315 8664 15
5315 8665 19
5315 8665 4
5315 8665 52
5315 8665 30
5315 8696 47
5315 8696 3
5315 8696 21
5315 8696 57
5315 8699 2
5315 8699 50
5315 8699 26
5315 8699 17
5315 5259 35
5315 5259 4
5315 5259 17
5315 5259 44
5315 5353 52
5315 5353 40
5315 5353 7
5315 5353 1
5315 5371 23
5315 5371 50
5315 5371 9
5315 5371 45
5315 8431 55
5315 8431 35
5315 8431 6
5315 8431 33
5315 8770 55
5315 8770 26
5315 8770 32
5315 8770 43
5315 8772 16
5315 8772 31
5315 8772 15
5315 8772 53
5315 8707 34
5315 8707 38
5315 8707 40
5315 8707 35
5315 8774 12
5315 8774 47
5315 8774 27
5315 8774 8
5315 5254 52
5315 5254 55
5315 5254 60
5315 5254 10
5315 5281 23
5315 5281 21
5315 5281 58
5315 5281 47
5314 5243 29
5314 5243 17
5314 5243 24
5314 5243 51
5314 5242 8
5314 5242 16
5314 5242 18
5314 5242 29
5314 5245 30
5314 5245 11
5314 5245 31
5314 5245 57
5314 5256 27
5314 5256 50
5314 5256 41
5314 5256 38
5314 5258 28
5314 5258 31
5314 5258 4
5314 5258 16
5314 5244 17
5314 5244 11
5314 5244 14
5314 5244 14
5314 5253 32
5314 5253 3
5314 5253 9
5314 5253 29
5314 5252 2
5314 5252 37
5314 5252 43
5314 5252 24
5314 8663 22
5314 8663 59
5314 8663 22
5314 8663 9
5314 8695 8
5314 8695 9
5314 8695 48
5314 8695 50
5314 5257 26
5314 5257 5
5314 5257 48
5314 5257 22
5314 5355 42
5314 5355 41
5314 5355 31
5314 5355 60
5314 5260 6
5314 5260 44
5314 5260 9
5314 5260 22
5314 8771 41
5314 8771 5
5314 8771 27
5314 8771 29
5314 8712 55
5314 8712 40
5314 8712 7
5314 8712 37
5314 5251 43
5314 5251 53
5314 5251 21
5314 5251 59
5314 5255 60
5314 5255 5
5314 5255 11
5314 5255 43
5314 5282 56
5314 5282 20
5314 5282 40
5314 5282 9
5314 8664 44
5314 8664 14
5314 8664 57
5314 8664 36
5314 8665 36
5314 8665 43
5314 8665 11
5314 8665 52
5314 8696 36
5314 8696 14
5314 8696 49
5314 8696 45
5314 8699 2
5314 8699 26
5314 8699 21
5314 8699 59
5314 5259 50
5314 5259 22
5314 5259 5
5314 5259 31
5314 5353 33
5314 5353 27
5314 5353 25
5314 5353 30
5314 5371 43
5314 5371 60
5314 5371 54
5314 5371 13
5314 8431 49
5314 8431 39
5314 8431 25
5314 8431 2
5314 8770 19
5314 8770 17
5314 8770 6
5314 8770 3
5314 8772 51
5314 8772 20
5314 8772 52
5314 8772 48
5314 8707 21
5314 8707 31
5314 8707 59
5314 8707 27
5314 8774 19
5314 8774 33
5314 8774 50
5314 8774 22
5314 5254 52
5314 5254 46
5314 5254 52
5314 5254 24
5314 5281 12
5314 5281 45
5314 5281 31
5314 5281 3
