10804 8001 20
10804 7999 24
10804 7966 47
10804 7993 31
10804 7953 51
10804 7992 20
10804 7952 27
10804 7954 21
10804 7964 42
10804 7991 40
10804 7988 25
10804 7946 57
10804 7955 49
10804 7947 57
10804 7962 10
10804 7943 10
10804 7990 46
10804 7987 23
10804 7989 43
10804 7785 5
10804 7948 42
10804 8572 15
10804 7786 60
10804 7963 3
10804 7941 53
10804 8002 51
10804 7787 41
10804 7985 20
10804 7960 48
10804 7965 7
10804 7982 58
10804 8005 35
10803 8001 3
10803 7999 6
10803 7966 33
10803 7993 41
10803 7953 57
10803 7992 25
10803 7952 60
10803 7954 41
10803 7964 6
10803 7991 8
10803 7988 27
10803 7946 37
10803 7955 18
10803 7947 29
10803 7962 19
10803 7943 2
10803 7990 41
10803 7987 0
10803 7989 30
10803 7785 41
10803 7948 16
10803 8572 25
10803 7786 25
10803 7963 40
10803 7941 6
10803 8002 60
10803 7787 57
10803 7985 34
10803 7960 32
10803 7965 3
10803 7982 4
10803 8005 29
10806 8001 13
10806 7999 34
10806 7966 4
10806 7993 48
10806 7953 56
10806 7992 49
10806 7952 28
10806 7954 8
10806 7964 32
10806 7991 13
10806 7988 31
10806 7946 12
10806 7955 23
10806 7947 37
10806 7962 15
10806 7943 27
10806 7990 24
10806 7987 48
10806 7989 2
10806 7785 60
10806 7948 32
10806 8572 49
10806 7786 1
10806 7963 19
10806 7941 55
10806 8002 4
10806 7787 28
10806 7985 49
10806 7960 46
10806 7965 35
10806 7982 41
10806 8005 47
10807 8001 6
10807 7999 46
10807 7966 52
10807 7993 9
10807 7953 8
10807 7992 41
10807 7952 38
10807 7954 56
10807 7964 39
10807 7991 40
10807 7988 21
10807 7946 52
10807 7955 28
10807 7947 43
10807 7962 27
10807 7943 38
10807 7990 52
10807 7987 59
10807 7989 53
10807 7785 43
10807 7948 24
10807 8572 49
10807 7786 39
10807 7963 31
10807 7941 29
10807 8002 22
10807 7787 27
10807 7985 23
10807 7960 20
10807 7965 30
10807 7982 57
10807 8005 49
10805 8001 17
10805 7999 39
10805 7966 2
10805 7993 2
10805 7953 39
10805 7992 33
10805 7952 27
10805 7954 59
10805 7964 48
10805 7991 41
10805 7988 56
10805 7946 9
10805 7955 8
10805 7947 6
10805 7962 29
10805 7943 24
10805 7990 20
10805 7987 56
10805 7989 56
10805 7785 21
10805 7948 31
10805 8572 0
10805 7786 52
10805 7963 11
10805 7941 20
10805 8002 46
10805 7787 33
10805 7985 42
10805 7960 35
10805 7965 37
10805 7982 28
10805 8005 9
10791 8001 28
10791 7999 42
10791 7966 29
10791 7993 52
10791 7953 57
10791 7992 3
10791 7952 49
10791 7954 44
10791 7964 38
10791 7991 17
10791 7988 57
10791 7946 60
10791 7955 35
10791 7947 30
10791 7962 58
10791 7943 31
10791 7990 17
10791 7987 43
10791 7989 13
10791 7785 30
10791 7948 48
10791 8572 23
10791 7786 38
10791 7963 44
10791 7941 26
10791 8002 2
10791 7787 31
10791 7985 26
10791 7960 44
10791 7965 23
10791 7982 13
10791 8005 17
10799 8001 43
10799 7999 55
10799 7966 55
10799 7993 18
10799 7953 59
10799 7992 57
10799 7952 12
10799 7954 37
10799 7964 19
10799 7991 14
10799 7988 13
10799 7946 20
10799 7955 54
10799 7947 34
10799 7962 60
10799 7943 31
10799 7990 24
10799 7987 52
10799 7989 8
10799 7785 51
10799 7948 37
10799 8572 38
10799 7786 45
10799 7963 2
10799 7941 47
10799 8002 9
10799 7787 7
10799 7985 6
10799 7960 58
10799 7965 5
10799 7982 35
10799 8005 30
10740 8001 2
10740 7999 5
10740 7966 14
10740 7993 29
10740 7953 36
10740 7992 8
10740 7952 36
10740 7954 30
10740 7964 37
10740 7991 17
10740 7988 48
10740 7946 42
10740 7955 5
10740 7947 49
10740 7962 60
10740 7943 14
10740 7990 56
10740 7987 19
10740 7989 23
10740 7785 45
10740 7948 9
10740 8572 20
10740 7786 17
10740 7963 15
10740 7941 38
10740 8002 34
10740 7787 35
10740 7985 28
10740 7960 7
10740 7965 36
10740 7982 56
10740 8005 45
10810 8001 39
10810 7999 60
10810 7966 35
10810 7993 1
10810 7953 18
10810 7992 16
10810 7952 58
10810 7954 28
10810 7964 20
10810 7991 51
10810 7988 11
10810 7946 41
10810 7955 17
10810 7947 3
10810 7962 25
10810 7943 20
10810 7990 13
10810 7987 34
10810 7989 22
10810 7785 16
10810 7948 60
10810 8572 14
10810 7786 37
10810 7963 14
10810 7941 20
10810 8002 60
10810 7787 22
10810 7985 12
10810 7960 51
10810 7965 26
10810 7982 15
10810 8005 27
10812 8001 34
10812 7999 10
10812 7966 51
10812 7993 29
10812 7953 41
10812 7992 50
10812 7952 14
10812 7954 15
10812 7964 51
10812 7991 15
10812 7988 26
10812 7946 17
10812 7955 57
10812 7947 7
10812 7962 14
10812 7943 33
10812 7990 10
10812 7987 10
10812 7989 57
10812 7785 24
10812 7948 51
10812 8572 45
10812 7786 50
10812 7963 35
10812 7941 11
10812 8002 34
10812 7787 12
10812 7985 6
10812 7960 15
10812 7965 17
10812 7982 29
10812 8005 2
10813 8001 55
10813 7999 60
10813 7966 50
10813 7993 24
10813 7953 18
10813 7992 39
10813 7952 29
10813 7954 54
10813 7964 59
10813 7991 48
10813 7988 35
10813 7946 43
10813 7955 51
10813 7947 45
10813 7962 17
10813 7943 53
10813 7990 60
10813 7987 51
10813 7989 16
10813 7785 56
10813 7948 29
10813 8572 24
10813 7786 25
10813 7963 28
10813 7941 54
10813 8002 9
10813 7787 41
10813 7985 44
10813 7960 11
10813 7965 15
10813 7982 60
10813 8005 28
10741 8001 4
10741 7999 15
10741 7966 5
10741 7993 35
10741 7953 4
10741 7992 24
10741 7952 43
10741 7954 29
10741 7964 39
10741 7991 24
10741 7988 16
10741 7946 60
10741 7955 22
10741 7947 44
10741 7962 36
10741 7943 16
10741 7990 33
10741 7987 3
10741 7989 10
10741 7785 8
10741 7948 1
10741 8572 4
10741 7786 30
10741 7963 4
10741 7941 42
10741 8002 6
10741 7787 41
10741 7985 40
10741 7960 13
10741 7965 32
10741 7982 31
10741 8005 44
10786 8001 0
10786 7999 37
10786 7966 12
10786 7993 46
10786 7953 20
10786 7992 40
10786 7952 15
10786 7954 51
10786 7964 60
10786 7991 34
10786 7988 22
10786 7946 49
10786 7955 56
10786 7947 5
10786 7962 13
10786 7943 1
10786 7990 38
10786 7987 48
10786 7989 20
10786 7785 53
10786 7948 9
10786 8572 54
10786 7786 29
10786 7963 18
10786 7941 10
10786 8002 54
10786 7787 5
10786 7985 36
10786 7960 43
10786 7965 37
10786 7982 16
10786 8005 2
10790 8001 4
10790 7999 16
10790 7966 5
10790 7993 52
10790 7953 25
10790 7992 28
10790 7952 52
10790 7954 51
10790 7964 57
10790 7991 47
10790 7988 23
10790 7946 18
10790 7955 33
10790 7947 1
10790 7962 15
10790 7943 40
10790 7990 58
10790 7987 18
10790 7989 10
10790 7785 54
10790 7948 30
10790 8572 11
10790 7786 21
10790 7963 5
10790 7941 19
10790 8002 12
10790 7787 52
10790 7985 35
10790 7960 6
10790 7965 5
10790 7982 37
10790 8005 19
10703 8001 14
10703 7999 58
10703 7966 54
10703 7993 6
10703 7953 17
10703 7992 54
10703 7952 14
10703 7954 7
10703 7964 40
10703 7991 18
10703 7988 4
10703 7946 8
10703 7955 48
10703 7947 10
10703 7962 45
10703 7943 26
10703 7990 36
10703 7987 33
10703 7989 12
10703 7785 49
10703 7948 14
10703 8572 33
10703 7786 33
10703 7963 40
10703 7941 32
10703 8002 24
10703 7787 0
10703 7985 19
10703 7960 16
10703 7965 45
10703 7982 11
10703 8005 24
10808 8001 39
10808 7999 59
10808 7966 21
10808 7993 9
10808 7953 1
10808 7992 32
10808 7952 54
10808 7954 47
10808 7964 46
10808 7991 59
10808 7988 45
10808 7946 33
10808 7955 59
10808 7947 55
10808 7962 11
10808 7943 25
10808 7990 26
10808 7987 53
10808 7989 23
10808 7785 11
10808 7948 60
10808 8572 36
10808 7786 16
10808 7963 19
10808 7941 44
10808 8002 10
10808 7787 36
10808 7985 25
10808 7960 58
10808 7965 11
10808 7982 13
10808 8005 11
10702 8001 17
10702 7999 36
10702 7966 29
10702 7993 41
10702 7953 1
10702 7992 15
10702 7952 30
10702 7954 43
10702 7964 35
10702 7991 10
10702 7988 38
10702 7946 39
10702 7955 52
10702 7947 12
10702 7962 54
10702 7943 26
10702 7990 3
10702 7987 28
10702 7989 24
10702 7785 15
10702 7948 34
10702 8572 18
10702 7786 9
10702 7963 9
10702 7941 54
10702 8002 17
10702 7787 56
10702 7985 44
10702 7960 31
10702 7965 55
10702 7982 50
10702 8005 35
10811 8001 40
10811 7999 47
10811 7966 18
10811 7993 3
10811 7953 12
10811 7992 58
10811 7952 5
10811 7954 52
10811 7964 2
10811 7991 18
10811 7988 52
10811 7946 12
10811 7955 16
10811 7947 42
10811 7962 7
10811 7943 9
10811 7990 51
10811 7987 21
10811 7989 12
10811 7785 42
10811 7948 38
10811 8572 31
10811 7786 58
10811 7963 25
10811 7941 5
10811 8002 30
10811 7787 25
10811 7985 60
10811 7960 18
10811 7965 59
10811 7982 7
10811 8005 50
10814 8001 60
10814 7999 37
10814 7966 51
10814 7993 24
10814 7953 3
10814 7992 50
10814 7952 57
10814 7954 15
10814 7964 41
10814 7991 23
10814 7988 1
10814 7946 55
10814 7955 56
10814 7947 16
10814 7962 22
10814 7943 3
10814 7990 28
10814 7987 4
10814 7989 41
10814 7785 12
10814 7948 14
10814 8572 55
10814 7786 59
10814 7963 44
10814 7941 9
10814 8002 60
10814 7787 55
10814 7985 24
10814 7960 24
10814 7965 36
10814 7982 35
10814 8005 55
10818 8001 14
10818 7999 40
10818 7966 53
10818 7993 39
10818 7953 10
10818 7992 18
10818 7952 38
10818 7954 25
10818 7964 34
10818 7991 52
10818 7988 19
10818 7946 10
10818 7955 41
10818 7947 20
10818 7962 36
10818 7943 59
10818 7990 47
10818 7987 41
10818 7989 49
10818 7785 0
10818 7948 39
10818 8572 45
10818 7786 27
10818 7963 24
10818 7941 1
10818 8002 1
10818 7787 21
10818 7985 48
10818 7960 22
10818 7965 47
10818 7982 25
10818 8005 16
10746 8001 6
10746 7999 15
10746 7966 14
10746 7993 30
10746 7953 57
10746 7992 57
10746 7952 18
10746 7954 53
10746 7964 30
10746 7991 34
10746 7988 14
10746 7946 41
10746 7955 31
10746 7947 1
10746 7962 49
10746 7943 10
10746 7990 2
10746 7987 39
10746 7989 24
10746 7785 25
10746 7948 24
10746 8572 38
10746 7786 7
10746 7963 50
10746 7941 52
10746 8002 55
10746 7787 32
10746 7985 7
10746 7960 39
10746 7965 47
10746 7982 9
10746 8005 10
10742 8001 29
10742 7999 56
10742 7966 25
10742 7993 33
10742 7953 50
10742 7992 14
10742 7952 42
10742 7954 27
10742 7964 3
10742 7991 22
10742 7988 54
10742 7946 0
10742 7955 19
10742 7947 24
10742 7962 56
10742 7943 49
10742 7990 13
10742 7987 7
10742 7989 14
10742 7785 52
10742 7948 35
10742 8572 30
10742 7786 45
10742 7963 39
10742 7941 22
10742 8002 44
10742 7787 58
10742 7985 60
10742 7960 42
10742 7965 32
10742 7982 45
10742 8005 25
10625 8001 21
10625 7999 2
10625 7966 59
10625 7993 13
10625 7953 32
10625 7992 28
10625 7952 21
10625 7954 33
10625 7964 29
10625 7991 31
10625 7988 32
10625 7946 2
10625 7955 33
10625 7947 11
10625 7962 27
10625 7943 14
10625 7990 50
10625 7987 17
10625 7989 2
10625 7785 5
10625 7948 13
10625 8572 8
10625 7786 4
10625 7963 47
10625 7941 4
10625 8002 28
10625 7787 35
10625 7985 31
10625 7960 55
10625 7965 52
10625 7982 32
10625 8005 15
10788 8001 22
10788 7999 44
10788 7966 50
10788 7993 8
10788 7953 12
10788 7992 59
10788 7952 24
10788 7954 15
10788 7964 19
10788 7991 11
10788 7988 48
10788 7946 31
10788 7955 18
10788 7947 36
10788 7962 60
10788 7943 55
10788 7990 8
10788 7987 57
10788 7989 21
10788 7785 37
10788 7948 42
10788 8572 48
10788 7786 28
10788 7963 33
10788 7941 42
10788 8002 13
10788 7787 19
10788 7985 51
10788 7960 0
10788 7965 27
10788 7982 20
10788 8005 19
10697 8001 25
10697 7999 29
10697 7966 36
10697 7993 8
10697 7953 55
10697 7992 4
10697 7952 47
10697 7954 8
10697 7964 29
10697 7991 51
10697 7988 37
10697 7946 33
10697 7955 7
10697 7947 43
10697 7962 16
10697 7943 31
10697 7990 52
10697 7987 36
10697 7989 59
10697 7785 26
10697 7948 19
10697 8572 55
10697 7786 54
10697 7963 43
10697 7941 31
10697 8002 35
10697 7787 52
10697 7985 13
10697 7960 2
10697 7965 32
10697 7982 22
10697 8005 9
10798 8001 28
10798 7999 39
10798 7966 24
10798 7993 12
10798 7953 5
10798 7992 56
10798 7952 42
10798 7954 42
10798 7964 7
10798 7991 35
10798 7988 8
10798 7946 35
10798 7955 34
10798 7947 46
10798 7962 55
10798 7943 37
10798 7990 55
10798 7987 32
10798 7989 22
10798 7785 58
10798 7948 33
10798 8572 39
10798 7786 7
10798 7963 45
10798 7941 58
10798 8002 44
10798 7787 39
10798 7985 8
10798 7960 43
10798 7965 23
10798 7982 27
10798 8005 40
10701 8001 39
10701 7999 28
10701 7966 16
10701 7993 17
10701 7953 33
10701 7992 40
10701 7952 16
10701 7954 22
10701 7964 40
10701 7991 15
10701 7988 55
10701 7946 9
10701 7955 30
10701 7947 34
10701 7962 38
10701 7943 53
10701 7990 48
10701 7987 52
10701 7989 15
10701 7785 18
10701 7948 55
10701 8572 21
10701 7786 30
10701 7963 57
10701 7941 48
10701 8002 30
10701 7787 27
10701 7985 12
10701 7960 26
10701 7965 9
10701 7982 56
10701 8005 55
10800 8001 51
10800 7999 55
10800 7966 16
10800 7993 35
10800 7953 1
10800 7992 59
10800 7952 41
10800 7954 32
10800 7964 42
10800 7991 15
10800 7988 26
10800 7946 8
10800 7955 53
10800 7947 50
10800 7962 55
10800 7943 37
10800 7990 18
10800 7987 60
10800 7989 45
10800 7785 0
10800 7948 42
10800 8572 10
10800 7786 57
10800 7963 48
10800 7941 10
10800 8002 19
10800 7787 30
10800 7985 4
10800 7960 40
10800 7965 11
10800 7982 45
10800 8005 25
10051 8001 55
10051 7999 31
10051 7966 32
10051 7993 3
10051 7953 4
10051 7992 37
10051 7952 37
10051 7954 44
10051 7964 30
10051 7991 37
10051 7988 46
10051 7946 42
10051 7955 5
10051 7947 33
10051 7962 23
10051 7943 31
10051 7990 46
10051 7987 55
10051 7989 28
10051 7785 11
10051 7948 20
10051 8572 8
10051 7786 24
10051 7963 21
10051 7941 9
10051 8002 5
10051 7787 32
10051 7985 10
10051 7960 54
10051 7965 48
10051 7982 59
10051 8005 11
10739 8001 40
10739 7999 54
10739 7966 46
10739 7993 40
10739 7953 11
10739 7992 43
10739 7952 36
10739 7954 3
10739 7964 19
10739 7991 3
10739 7988 51
10739 7946 55
10739 7955 12
10739 7947 43
10739 7962 34
10739 7943 45
10739 7990 13
10739 7987 7
10739 7989 42
10739 7785 4
10739 7948 54
10739 8572 38
10739 7786 6
10739 7963 44
10739 7941 17
10739 8002 37
10739 7787 0
10739 7985 7
10739 7960 15
10739 7965 32
10739 7982 57
10739 8005 54
10099 8001 16
10099 7999 58
10099 7966 4
10099 7993 12
10099 7953 29
10099 7992 50
10099 7952 28
10099 7954 2
10099 7964 54
10099 7991 23
10099 7988 43
10099 7946 26
10099 7955 31
10099 7947 37
10099 7962 17
10099 7943 22
10099 7990 56
10099 7987 2
10099 7989 29
10099 7785 40
10099 7948 37
10099 8572 40
10099 7786 1
10099 7963 5
10099 7941 58
10099 8002 0
10099 7787 55
10099 7985 1
10099 7960 37
10099 7965 45
10099 7982 50
10099 8005 36
10815 8001 32
10815 7999 17
10815 7966 55
10815 7993 48
10815 7953 55
10815 7992 23
10815 7952 51
10815 7954 41
10815 7964 37
10815 7991 55
10815 7988 57
10815 7946 6
10815 7955 13
10815 7947 38
10815 7962 26
10815 7943 8
10815 7990 31
10815 7987 55
10815 7989 16
10815 7785 21
10815 7948 48
10815 8572 14
10815 7786 39
10815 7963 38
10815 7941 43
10815 8002 10
10815 7787 59
10815 7985 17
10815 7960 16
10815 7965 33
10815 7982 42
10815 8005 37
