10125 9881 33
10125 9881 46
10125 9881 12
10125 9881 33
10125 9882 35
10125 9882 33
10125 9882 53
10125 9882 43
10125 9883 7
10125 9883 53
10125 9883 42
10125 9883 26
10125 9884 8
10125 9884 57
10125 9884 14
10125 9884 38
10125 9886 8
10125 9886 1
10125 9886 44
10125 9886 48
10125 9887 51
10125 9887 13
10125 9887 42
10125 9887 47
10125 11292 7
10125 11292 42
10125 11292 47
10125 11292 52
10125 9970 17
10125 9970 5
10125 9970 57
10125 9970 33
10125 9885 14
10125 9885 33
10125 9885 15
10125 9885 4
10125 9971 44
10125 9971 16
10125 9971 27
10125 9971 17
10125 9689 27
10125 9689 49
10125 9689 7
10125 9689 23
10125 9972 24
10125 9972 57
10125 9972 10
10125 9972 2
10125 11328 0
10125 11328 52
10125 11328 60
10125 11328 14
10125 11320 27
10125 11320 32
10125 11320 7
10125 11320 51
10125 9876 34
10125 9876 8
10125 9876 13
10125 9876 4
10125 9911 43
10125 9911 32
10125 9911 8
10125 9911 9
10125 9977 11
10125 9977 60
10125 9977 6
10125 9977 41
10125 11293 40
10125 11293 34
10125 11293 25
10125 11293 10
10125 6219 47
10125 6219 29
10125 6219 22
10125 6219 11
10125 9978 10
10125 9978 51
10125 9978 2
10125 9978 22
10125 11329 50
10125 11329 29
10125 11329 34
10125 11329 42
10125 9888 28
10125 9888 33
10125 9888 16
10125 9888 27
10125 9875 21
10125 9875 14
10125 9875 45
10125 9875 29
10125 9880 20
10125 9880 51
10125 9880 25
10125 9880 19
10125 9910 46
10125 9910 24
10125 9910 60
10125 9910 27
10125 9925 59
10125 9925 19
10125 9925 50
10125 9925 15
10125 9987 50
10125 9987 58
10125 9987 45
10125 9987 5
10125 9985 36
10125 9985 24
10125 9985 1
10125 9985 57
10125 6218 34
10125 6218 28
10125 6218 43
10125 6218 24
10125 9975 58
10125 9975 42
10125 9975 12
10125 9975 57
10125 11295 41
10125 11295 5
10125 11295 18
10125 11295 13
10125 9889 53
10125 9889 38
10125 9889 32
10125 9889 39
10124 9881 11
10124 9881 9
10124 9881 28
10124 9881 8
10124 9882 57
10124 9882 33
10124 9882 23
10124 9882 17
10124 9883 12
10124 9883 28
10124 9883 60
10124 9883 30
10124 9884 48
10124 9884 56
10124 9884 41
10124 9884 35
10124 9886 13
10124 9886 42
10124 9886 34
10124 9886 49
10124 9887 17
10124 9887 46
10124 9887 45
10124 9887 47
10124 11292 1
10124 11292 27
10124 11292 45
10124 11292 33
10124 9970 53
10124 9970 25
10124 9970 25
10124 9970 40
10124 9885 47
10124 9885 46
10124 9885 12
10124 9885 30
10124 9971 40
10124 9971 36
10124 9971 23
10124 9971 8
10124 9689 26
10124 9689 22
10124 9689 20
10124 9689 10
10124 9972 23
10124 9972 35
10124 9972 50
10124 9972 5
10124 11328 15
10124 11328 33
10124 11328 30
10124 11328 31
10124 11320 28
10124 11320 56
10124 11320 7
10124 11320 19
10124 9876 56
10124 9876 57
10124 9876 19
10124 9876 1
10124 9911 51
10124 9911 24
10124 9911 46
10124 9911 40
10124 9977 37
10124 9977 21
10124 9977 33
10124 9977 0
10124 11293 40
10124 11293 34
10124 11293 23
10124 11293 58
10124 6219 39
10124 6219 39
10124 6219 30
10124 6219 34
10124 9978 18
10124 9978 6
10124 9978 54
10124 9978 25
10124 11329 14
10124 11329 2
10124 11329 4
10124 11329 58
10124 9888 41
10124 9888 50
10124 9888 57
10124 9888 40
10124 9875 6
10124 9875 40
10124 9875 12
10124 9875 56
10124 9880 37
10124 9880 20
10124 9880 55
10124 9880 55
10124 9910 6
10124 9910 15
10124 9910 49
10124 9910 17
10124 9925 4
10124 9925 44
10124 9925 19
10124 9925 49
10124 9987 32
10124 9987 36
10124 9987 6
10124 9987 60
10124 9985 57
10124 9985 39
10124 9985 51
10124 9985 46
10124 6218 21
10124 6218 30
10124 6218 38
10124 6218 42
10124 9975 21
10124 9975 6
10124 9975 35
10124 9975 43
10124 11295 54
10124 11295 50
10124 11295 11
10124 11295 55
10124 9889 6
10124 9889 17
10124 9889 4
10124 9889 25
10126 9881 35
10126 9881 16
10126 9881 56
10126 9881 58
10126 9882 6
10126 9882 42
10126 9882 2
10126 9882 28
10126 9883 38
10126 9883 30
10126 9883 35
10126 9883 45
10126 9884 56
10126 9884 14
10126 9884 7
10126 9884 55
10126 9886 59
10126 9886 53
10126 9886 60
10126 9886 5
10126 9887 26
10126 9887 48
10126 9887 28
10126 9887 56
10126 11292 57
10126 11292 27
10126 11292 29
10126 11292 38
10126 9970 55
10126 9970 42
10126 9970 21
10126 9970 29
10126 9885 39
10126 9885 47
10126 9885 33
10126 9885 58
10126 9971 52
10126 9971 54
10126 9971 57
10126 9971 37
10126 9689 29
10126 9689 1
10126 9689 6
10126 9689 53
10126 9972 49
10126 9972 25
10126 9972 14
10126 9972 38
10126 11328 13
10126 11328 1
10126 11328 13
10126 11328 56
10126 11320 59
10126 11320 49
10126 11320 28
10126 11320 52
10126 9876 2
10126 9876 58
10126 9876 4
10126 9876 53
10126 9911 33
10126 9911 18
10126 9911 2
10126 9911 26
10126 9977 58
10126 9977 44
10126 9977 39
10126 9977 51
10126 11293 21
10126 11293 33
10126 11293 25
10126 11293 19
10126 6219 44
10126 6219 19
10126 6219 58
10126 6219 5
10126 9978 15
10126 9978 56
10126 9978 21
10126 9978 59
10126 11329 48
10126 11329 33
10126 11329 11
10126 11329 59
10126 9888 56
10126 9888 3
10126 9888 9
10126 9888 51
10126 9875 53
10126 9875 59
10126 9875 53
10126 9875 46
10126 9880 10
10126 9880 13
10126 9880 29
10126 9880 12
10126 9910 59
10126 9910 23
10126 9910 7
10126 9910 47
10126 9925 17
10126 9925 0
10126 9925 54
10126 9925 34
10126 9987 26
10126 9987 7
10126 9987 60
10126 9987 45
10126 9985 53
10126 9985 35
10126 9985 24
10126 9985 16
10126 6218 11
10126 6218 36
10126 6218 50
10126 6218 25
10126 9975 12
10126 9975 25
10126 9975 56
10126 9975 49
10126 11295 20
10126 11295 0
10126 11295 56
10126 11295 17
10126 9889 31
10126 9889 45
10126 9889 16
10126 9889 12
10128 9881 47
10128 9881 38
10128 9881 50
10128 9881 1
10128 9882 15
10128 9882 30
10128 9882 0
10128 9882 19
10128 9883 17
10128 9883 16
10128 9883 23
10128 9883 16
10128 9884 46
10128 9884 36
10128 9884 56
10128 9884 20
10128 9886 33
10128 9886 56
10128 9886 10
10128 9886 30
10128 9887 46
10128 9887 52
10128 9887 45
10128 9887 60
10128 11292 21
10128 11292 25
10128 11292 17
10128 11292 0
10128 9970 16
10128 9970 23
10128 9970 16
10128 9970 51
10128 9885 4
10128 9885 11
10128 9885 45
10128 9885 24
10128 9971 8
10128 9971 13
10128 9971 4
10128 9971 33
10128 9689 29
10128 9689 1
10128 9689 26
10128 9689 52
10128 9972 12
10128 9972 27
10128 9972 40
10128 9972 36
10128 11328 8
10128 11328 35
10128 11328 4
10128 11328 48
10128 11320 11
10128 11320 31
10128 11320 6
10128 11320 3
10128 9876 58
10128 9876 15
10128 9876 55
10128 9876 50
10128 9911 30
10128 9911 45
10128 9911 25
10128 9911 56
10128 9977 41
10128 9977 33
10128 9977 43
10128 9977 20
10128 11293 38
10128 11293 0
10128 11293 6
10128 11293 41
10128 6219 5
10128 6219 6
10128 6219 19
10128 6219 13
10128 9978 46
10128 9978 2
10128 9978 45
10128 9978 7
10128 11329 11
10128 11329 47
10128 11329 16
10128 11329 33
10128 9888 18
10128 9888 49
10128 9888 37
10128 9888 60
10128 9875 21
10128 9875 47
10128 9875 15
10128 9875 31
10128 9880 36
10128 9880 30
10128 9880 17
10128 9880 34
10128 9910 14
10128 9910 37
10128 9910 29
10128 9910 22
10128 9925 36
10128 9925 56
10128 9925 49
10128 9925 49
10128 9987 20
10128 9987 51
10128 9987 14
10128 9987 30
10128 9985 12
10128 9985 28
10128 9985 51
10128 9985 32
10128 6218 50
10128 6218 53
10128 6218 52
10128 6218 9
10128 9975 23
10128 9975 55
10128 9975 56
10128 9975 48
10128 11295 5
10128 11295 22
10128 11295 41
10128 11295 13
10128 9889 21
10128 9889 53
10128 9889 8
10128 9889 10
10131 9881 29
10131 9881 33
10131 9881 46
10131 9881 14
10131 9882 3
10131 9882 41
10131 9882 30
10131 9882 32
10131 9883 3
10131 9883 49
10131 9883 44
10131 9883 24
10131 9884 35
10131 9884 46
10131 9884 46
10131 9884 21
10131 9886 53
10131 9886 56
10131 9886 30
10131 9886 47
10131 9887 16
10131 9887 44
10131 9887 28
10131 9887 14
10131 11292 52
10131 11292 43
10131 11292 36
10131 11292 55
10131 9970 48
10131 9970 26
10131 9970 20
10131 9970 41
10131 9885 0
10131 9885 7
10131 9885 32
10131 9885 52
10131 9971 48
10131 9971 47
10131 9971 19
10131 9971 27
10131 9689 44
10131 9689 19
10131 9689 48
10131 9689 29
10131 9972 10
10131 9972 14
10131 9972 26
10131 9972 8
10131 11328 54
10131 11328 49
10131 11328 38
10131 11328 27
10131 11320 10
10131 11320 6
10131 11320 1
10131 11320 19
10131 9876 34
10131 9876 52
10131 9876 16
10131 9876 40
10131 9911 40
10131 9911 43
10131 9911 9
10131 9911 34
10131 9977 36
10131 9977 6
10131 9977 49
10131 9977 50
10131 11293 37
10131 11293 31
10131 11293 29
10131 11293 14
10131 6219 55
10131 6219 57
10131 6219 6
10131 6219 31
10131 9978 1
10131 9978 54
10131 9978 53
10131 9978 8
10131 11329 7
10131 11329 39
10131 11329 32
10131 11329 2
10131 9888 38
10131 9888 60
10131 9888 20
10131 9888 5
10131 9875 57
10131 9875 9
10131 9875 59
10131 9875 34
10131 9880 37
10131 9880 6
10131 9880 34
10131 9880 40
10131 9910 45
10131 9910 15
10131 9910 5
10131 9910 17
10131 9925 21
10131 9925 23
10131 9925 35
10131 9925 39
10131 9987 39
10131 9987 56
10131 9987 27
10131 9987 59
10131 9985 12
10131 9985 32
10131 9985 25
10131 9985 13
10131 6218 57
10131 6218 60
10131 6218 60
10131 6218 32
10131 9975 36
10131 9975 54
10131 9975 44
10131 9975 44
10131 11295 40
10131 11295 29
10131 11295 40
10131 11295 22
10131 9889 30
10131 9889 44
10131 9889 11
10131 9889 49
10113 9881 45
10113 9881 18
10113 9881 35
10113 9881 43
10113 9882 21
10113 9882 2
10113 9882 3
10113 9882 3
10113 9883 3
10113 9883 2
10113 9883 5
10113 9883 40
10113 9884 39
10113 9884 9
10113 9884 55
10113 9884 49
10113 9886 43
10113 9886 34
10113 9886 37
10113 9886 49
10113 9887 15
10113 9887 0
10113 9887 47
10113 9887 16
10113 11292 0
10113 11292 26
10113 11292 35
10113 11292 24
10113 9970 37
10113 9970 52
10113 9970 52
10113 9970 52
10113 9885 21
10113 9885 7
10113 9885 19
10113 9885 8
10113 9971 34
10113 9971 8
10113 9971 52
10113 9971 49
10113 9689 46
10113 9689 54
10113 9689 25
10113 9689 50
10113 9972 28
10113 9972 35
10113 9972 23
10113 9972 32
10113 11328 38
10113 11328 18
10113 11328 35
10113 11328 56
10113 11320 48
10113 11320 2
10113 11320 48
10113 11320 60
10113 9876 13
10113 9876 37
10113 9876 8
10113 9876 58
10113 9911 37
10113 9911 33
10113 9911 41
10113 9911 54
10113 9977 32
10113 9977 49
10113 9977 38
10113 9977 59
10113 11293 21
10113 11293 3
10113 11293 2
10113 11293 55
10113 6219 59
10113 6219 47
10113 6219 30
10113 6219 25
10113 9978 46
10113 9978 60
10113 9978 4
10113 9978 5
10113 11329 44
10113 11329 2
10113 11329 43
10113 11329 36
10113 9888 3
10113 9888 6
10113 9888 27
10113 9888 46
10113 9875 55
10113 9875 8
10113 9875 8
10113 9875 19
10113 9880 24
10113 9880 41
10113 9880 32
10113 9880 7
10113 9910 48
10113 9910 60
10113 9910 2
10113 9910 17
10113 9925 30
10113 9925 37
10113 9925 13
10113 9925 39
10113 9987 1
10113 9987 33
10113 9987 46
10113 9987 32
10113 9985 48
10113 9985 25
10113 9985 41
10113 9985 3
10113 6218 59
10113 6218 40
10113 6218 1
10113 6218 20
10113 9975 3
10113 9975 53
10113 9975 44
10113 9975 24
10113 11295 6
10113 11295 39
10113 11295 54
10113 11295 36
10113 9889 15
10113 9889 4
10113 9889 20
10113 9889 33
11291 9881 46
11291 9881 44
11291 9881 54
11291 9881 5
11291 9882 53
11291 9882 42
11291 9882 9
11291 9882 57
11291 9883 33
11291 9883 6
11291 9883 41
11291 9883 35
11291 9884 1
11291 9884 51
11291 9884 23
11291 9884 53
11291 9886 17
11291 9886 6
11291 9886 35
11291 9886 26
11291 9887 48
11291 9887 56
11291 9887 53
11291 9887 34
11291 11292 59
11291 11292 11
11291 11292 3
11291 11292 28
11291 9970 22
11291 9970 44
11291 9970 23
11291 9970 15
11291 9885 2
11291 9885 1
11291 9885 41
11291 9885 60
11291 9971 39
11291 9971 32
11291 9971 55
11291 9971 38
11291 9689 19
11291 9689 45
11291 9689 37
11291 9689 12
11291 9972 4
11291 9972 16
11291 9972 0
11291 9972 2
11291 11328 18
11291 11328 39
11291 11328 43
11291 11328 32
11291 11320 5
11291 11320 9
11291 11320 7
11291 11320 55
11291 9876 14
11291 9876 56
11291 9876 22
11291 9876 23
11291 9911 29
11291 9911 21
11291 9911 8
11291 9911 54
11291 9977 42
11291 9977 53
11291 9977 14
11291 9977 56
11291 11293 25
11291 11293 41
11291 11293 33
11291 11293 6
11291 6219 13
11291 6219 48
11291 6219 29
11291 6219 23
11291 9978 15
11291 9978 24
11291 9978 52
11291 9978 12
11291 11329 32
11291 11329 34
11291 11329 2
11291 11329 31
11291 9888 38
11291 9888 48
11291 9888 9
11291 9888 1
11291 9875 40
11291 9875 20
11291 9875 41
11291 9875 4
11291 9880 4
11291 9880 51
11291 9880 3
11291 9880 7
11291 9910 18
11291 9910 37
11291 9910 32
11291 9910 48
11291 9925 4
11291 9925 15
11291 9925 34
11291 9925 54
11291 9987 37
11291 9987 12
11291 9987 15
11291 9987 16
11291 9985 32
11291 9985 26
11291 9985 15
11291 9985 37
11291 6218 11
11291 6218 29
11291 6218 51
11291 6218 26
11291 9975 51
11291 9975 51
11291 9975 9
11291 9975 4
11291 11295 56
11291 11295 40
11291 11295 39
11291 11295 33
11291 9889 22
11291 9889 41
11291 9889 5
11291 9889 55
10213 9881 27
10213 9881 10
10213 9881 19
10213 9881 19
10213 9882 33
10213 9882 23
10213 9882 28
10213 9882 10
10213 9883 12
10213 9883 35
10213 9883 2
10213 9883 33
10213 9884 29
10213 9884 35
10213 9884 22
10213 9884 9
10213 9886 25
10213 9886 6
10213 9886 33
10213 9886 56
10213 9887 21
10213 9887 41
10213 9887 30
10213 9887 2
10213 11292 36
10213 11292 34
10213 11292 10
10213 11292 18
10213 9970 28
10213 9970 39
10213 9970 44
10213 9970 11
10213 9885 1
10213 9885 17
10213 9885 49
10213 9885 50
10213 9971 35
10213 9971 58
10213 9971 21
10213 9971 0
10213 9689 49
10213 9689 9
10213 9689 4
10213 9689 43
10213 9972 0
10213 9972 23
10213 9972 20
10213 9972 3
10213 11328 18
10213 11328 23
10213 11328 37
10213 11328 32
10213 11320 29
10213 11320 6
10213 11320 31
10213 11320 59
10213 9876 14
10213 9876 54
10213 9876 15
10213 9876 28
10213 9911 10
10213 9911 16
10213 9911 57
10213 9911 40
10213 9977 35
10213 9977 44
10213 9977 39
10213 9977 39
10213 11293 59
10213 11293 22
10213 11293 21
10213 11293 15
10213 6219 58
10213 6219 35
10213 6219 3
10213 6219 58
10213 9978 23
10213 9978 33
10213 9978 48
10213 9978 34
10213 11329 17
10213 11329 20
10213 11329 26
10213 11329 11
10213 9888 10
10213 9888 59
10213 9888 56
10213 9888 35
10213 9875 59
10213 9875 7
10213 9875 21
10213 9875 16
10213 9880 2
10213 9880 23
10213 9880 6
10213 9880 7
10213 9910 55
10213 9910 24
10213 9910 43
10213 9910 45
10213 9925 46
10213 9925 43
10213 9925 53
10213 9925 60
10213 9987 45
10213 9987 48
10213 9987 6
10213 9987 43
10213 9985 37
10213 9985 8
10213 9985 48
10213 9985 35
10213 6218 54
10213 6218 48
10213 6218 8
10213 6218 32
10213 9975 58
10213 9975 21
10213 9975 29
10213 9975 50
10213 11295 52
10213 11295 36
10213 11295 40
10213 11295 4
10213 9889 47
10213 9889 56
10213 9889 57
10213 9889 0
10127 9881 60
10127 9881 34
10127 9881 2
10127 9881 30
10127 9882 16
10127 9882 43
10127 9882 42
10127 9882 50
10127 9883 2
10127 9883 56
10127 9883 35
10127 9883 25
10127 9884 19
10127 9884 32
10127 9884 34
10127 9884 60
10127 9886 14
10127 9886 5
10127 9886 51
10127 9886 42
10127 9887 4
10127 9887 24
10127 9887 53
10127 9887 19
10127 11292 0
10127 11292 40
10127 11292 5
10127 11292 7
10127 9970 58
10127 9970 52
10127 9970 55
10127 9970 49
10127 9885 40
10127 9885 9
10127 9885 28
10127 9885 60
10127 9971 3
10127 9971 27
10127 9971 51
10127 9971 51
10127 9689 11
10127 9689 29
10127 9689 24
10127 9689 3
10127 9972 7
10127 9972 31
10127 9972 34
10127 9972 14
10127 11328 25
10127 11328 53
10127 11328 0
10127 11328 49
10127 11320 60
10127 11320 22
10127 11320 57
10127 11320 58
10127 9876 53
10127 9876 50
10127 9876 48
10127 9876 49
10127 9911 21
10127 9911 58
10127 9911 17
10127 9911 42
10127 9977 35
10127 9977 59
10127 9977 8
10127 9977 21
10127 11293 38
10127 11293 3
10127 11293 0
10127 11293 7
10127 6219 34
10127 6219 16
10127 6219 42
10127 6219 20
10127 9978 14
10127 9978 14
10127 9978 12
10127 9978 52
10127 11329 33
10127 11329 34
10127 11329 53
10127 11329 29
10127 9888 42
10127 9888 42
10127 9888 39
10127 9888 36
10127 9875 26
10127 9875 0
10127 9875 7
10127 9875 45
10127 9880 35
10127 9880 3
10127 9880 2
10127 9880 53
10127 9910 0
10127 9910 9
10127 9910 56
10127 9910 19
10127 9925 10
10127 9925 47
10127 9925 18
10127 9925 38
10127 9987 27
10127 9987 19
10127 9987 39
10127 9987 35
10127 9985 12
10127 9985 34
10127 9985 19
10127 9985 33
10127 6218 34
10127 6218 34
10127 6218 39
10127 6218 60
10127 9975 32
10127 9975 43
10127 9975 11
10127 9975 20
10127 11295 57
10127 11295 41
10127 11295 34
10127 11295 48
10127 9889 52
10127 9889 35
10127 9889 8
10127 9889 28
10129 9881 30
10129 9881 32
10129 9881 26
10129 9881 56
10129 9882 55
10129 9882 48
10129 9882 20
10129 9882 39
10129 9883 23
10129 9883 46
10129 9883 0
10129 9883 29
10129 9884 32
10129 9884 35
10129 9884 44
10129 9884 45
10129 9886 36
10129 9886 11
10129 9886 41
10129 9886 27
10129 9887 46
10129 9887 14
10129 9887 51
10129 9887 47
10129 11292 11
10129 11292 30
10129 11292 60
10129 11292 25
10129 9970 18
10129 9970 48
10129 9970 1
10129 9970 19
10129 9885 34
10129 9885 1
10129 9885 55
10129 9885 22
10129 9971 48
10129 9971 14
10129 9971 43
10129 9971 32
10129 9689 0
10129 9689 8
10129 9689 0
10129 9689 34
10129 9972 32
10129 9972 10
10129 9972 22
10129 9972 28
10129 11328 34
10129 11328 2
10129 11328 1
10129 11328 8
10129 11320 37
10129 11320 3
10129 11320 18
10129 11320 8
10129 9876 32
10129 9876 2
10129 9876 16
10129 9876 5
10129 9911 47
10129 9911 17
10129 9911 53
10129 9911 29
10129 9977 21
10129 9977 52
10129 9977 27
10129 9977 29
10129 11293 47
10129 11293 11
10129 11293 50
10129 11293 18
10129 6219 51
10129 6219 51
10129 6219 11
10129 6219 22
10129 9978 39
10129 9978 43
10129 9978 9
10129 9978 11
10129 11329 47
10129 11329 31
10129 11329 0
10129 11329 52
10129 9888 12
10129 9888 52
10129 9888 3
10129 9888 43
10129 9875 30
10129 9875 25
10129 9875 49
10129 9875 23
10129 9880 36
10129 9880 27
10129 9880 13
10129 9880 42
10129 9910 43
10129 9910 29
10129 9910 53
10129 9910 24
10129 9925 37
10129 9925 13
10129 9925 40
10129 9925 37
10129 9987 32
10129 9987 25
10129 9987 10
10129 9987 26
10129 9985 21
10129 9985 59
10129 9985 15
10129 9985 3
10129 6218 46
10129 6218 27
10129 6218 31
10129 6218 37
10129 9975 28
10129 9975 4
10129 9975 18
10129 9975 12
10129 11295 25
10129 11295 1
10129 11295 50
10129 11295 28
10129 9889 40
10129 9889 26
10129 9889 44
10129 9889 14
10132 9881 15
10132 9881 7
10132 9881 19
10132 9881 6
10132 9882 13
10132 9882 25
10132 9882 53
10132 9882 14
10132 9883 16
10132 9883 27
10132 9883 50
10132 9883 4
10132 9884 32
10132 9884 26
10132 9884 5
10132 9884 3
10132 9886 51
10132 9886 58
10132 9886 3
10132 9886 43
10132 9887 46
10132 9887 47
10132 9887 49
10132 9887 52
10132 11292 50
10132 11292 50
10132 11292 15
10132 11292 5
10132 9970 8
10132 9970 46
10132 9970 2
10132 9970 39
10132 9885 47
10132 9885 13
10132 9885 17
10132 9885 18
10132 9971 31
10132 9971 1
10132 9971 59
10132 9971 3
10132 9689 12
10132 9689 30
10132 9689 30
10132 9689 38
10132 9972 39
10132 9972 13
10132 9972 33
10132 9972 0
10132 11328 29
10132 11328 10
10132 11328 59
10132 11328 30
10132 11320 51
10132 11320 6
10132 11320 56
10132 11320 52
10132 9876 4
10132 9876 58
10132 9876 25
10132 9876 16
10132 9911 24
10132 9911 19
10132 9911 26
10132 9911 17
10132 9977 6
10132 9977 42
10132 9977 30
10132 9977 3
10132 11293 24
10132 11293 47
10132 11293 24
10132 11293 24
10132 6219 45
10132 6219 60
10132 6219 5
10132 6219 27
10132 9978 58
10132 9978 27
10132 9978 49
10132 9978 31
10132 11329 8
10132 11329 10
10132 11329 39
10132 11329 22
10132 9888 32
10132 9888 37
10132 9888 37
10132 9888 56
10132 9875 23
10132 9875 0
10132 9875 57
10132 9875 42
10132 9880 59
10132 9880 46
10132 9880 52
10132 9880 45
10132 9910 31
10132 9910 50
10132 9910 41
10132 9910 45
10132 9925 3
10132 9925 44
10132 9925 9
10132 9925 20
10132 9987 3
10132 9987 18
10132 9987 4
10132 9987 16
10132 9985 22
10132 9985 21
10132 9985 23
10132 9985 24
10132 6218 41
10132 6218 33
10132 6218 2
10132 6218 33
10132 9975 57
10132 9975 11
10132 9975 52
10132 9975 21
10132 11295 42
10132 11295 29
10132 11295 60
10132 11295 50
10132 9889 29
10132 9889 58
10132 9889 24
10132 9889 49
10133 9881 23
10133 9881 57
10133 9881 30
10133 9881 34
10133 9882 42
10133 9882 28
10133 9882 40
10133 9882 43
10133 9883 33
10133 9883 35
10133 9883 47
10133 9883 26
10133 9884 14
10133 9884 44
10133 9884 1
10133 9884 27
10133 9886 30
10133 9886 33
10133 9886 24
10133 9886 24
10133 9887 19
10133 9887 41
10133 9887 17
10133 9887 14
10133 11292 53
10133 11292 6
10133 11292 21
10133 11292 18
10133 9970 30
10133 9970 31
10133 9970 49
10133 9970 59
10133 9885 3
10133 9885 38
10133 9885 27
10133 9885 2
10133 9971 51
10133 9971 10
10133 9971 18
10133 9971 29
10133 9689 38
10133 9689 52
10133 9689 51
10133 9689 35
10133 9972 6
10133 9972 9
10133 9972 6
10133 9972 6
10133 11328 58
10133 11328 5
10133 11328 42
10133 11328 43
10133 11320 16
10133 11320 14
10133 11320 19
10133 11320 43
10133 9876 26
10133 9876 59
10133 9876 1
10133 9876 32
10133 9911 12
10133 9911 28
10133 9911 33
10133 9911 17
10133 9977 12
10133 9977 32
10133 9977 46
10133 9977 40
10133 11293 59
10133 11293 33
10133 11293 12
10133 11293 42
10133 6219 53
10133 6219 60
10133 6219 48
10133 6219 60
10133 9978 42
10133 9978 16
10133 9978 39
10133 9978 29
10133 11329 37
10133 11329 28
10133 11329 3
10133 11329 57
10133 9888 14
10133 9888 3
10133 9888 60
10133 9888 50
10133 9875 30
10133 9875 56
10133 9875 34
10133 9875 9
10133 9880 54
10133 9880 7
10133 9880 8
10133 9880 32
10133 9910 15
10133 9910 56
10133 9910 38
10133 9910 16
10133 9925 0
10133 9925 54
10133 9925 17
10133 9925 58
10133 9987 52
10133 9987 29
10133 9987 30
10133 9987 13
10133 9985 43
10133 9985 7
10133 9985 43
10133 9985 41
10133 6218 2
10133 6218 59
10133 6218 31
10133 6218 58
10133 9975 40
10133 9975 30
10133 9975 5
10133 9975 12
10133 11295 18
10133 11295 9
10133 11295 0
10133 11295 24
10133 9889 10
10133 9889 49
10133 9889 6
10133 9889 60
10112 9881 42
10112 9881 28
10112 9881 19
10112 9881 47
10112 9882 34
10112 9882 47
10112 9882 51
10112 9882 9
10112 9883 23
10112 9883 53
10112 9883 27
10112 9883 38
10112 9884 13
10112 9884 44
10112 9884 31
10112 9884 59
10112 9886 18
10112 9886 20
10112 9886 11
10112 9886 55
10112 9887 35
10112 9887 37
10112 9887 9
10112 9887 24
10112 11292 41
10112 11292 2
10112 11292 23
10112 11292 9
10112 9970 59
10112 9970 48
10112 9970 42
10112 9970 45
10112 9885 56
10112 9885 44
10112 9885 9
10112 9885 31
10112 9971 54
10112 9971 0
10112 9971 33
10112 9971 30
10112 9689 52
10112 9689 20
10112 9689 53
10112 9689 37
10112 9972 0
10112 9972 30
10112 9972 31
10112 9972 17
10112 11328 46
10112 11328 14
10112 11328 44
10112 11328 30
10112 11320 8
10112 11320 32
10112 11320 38
10112 11320 22
10112 9876 20
10112 9876 22
10112 9876 60
10112 9876 34
10112 9911 42
10112 9911 14
10112 9911 46
10112 9911 24
10112 9977 29
10112 9977 19
10112 9977 51
10112 9977 2
10112 11293 4
10112 11293 41
10112 11293 26
10112 11293 8
10112 6219 58
10112 6219 59
10112 6219 1
10112 6219 5
10112 9978 12
10112 9978 43
10112 9978 57
10112 9978 24
10112 11329 39
10112 11329 34
10112 11329 40
10112 11329 34
10112 9888 54
10112 9888 4
10112 9888 11
10112 9888 48
10112 9875 56
10112 9875 15
10112 9875 52
10112 9875 21
10112 9880 44
10112 9880 24
10112 9880 16
10112 9880 23
10112 9910 38
10112 9910 32
10112 9910 44
10112 9910 7
10112 9925 22
10112 9925 53
10112 9925 39
10112 9925 22
10112 9987 53
10112 9987 0
10112 9987 48
10112 9987 34
10112 9985 50
10112 9985 34
10112 9985 30
10112 9985 13
10112 6218 57
10112 6218 4
10112 6218 3
10112 6218 35
10112 9975 4
10112 9975 44
10112 9975 42
10112 9975 28
10112 11295 38
10112 11295 5
10112 11295 23
10112 11295 58
10112 9889 34
10112 9889 44
10112 9889 4
10112 9889 17
10114 9881 2
10114 9881 60
10114 9881 42
10114 9881 52
10114 9882 52
10114 9882 8
10114 9882 52
10114 9882 21
10114 9883 56
10114 9883 50
10114 9883 51
10114 9883 36
10114 9884 54
10114 9884 6
10114 9884 59
10114 9884 41
10114 9886 56
10114 9886 55
10114 9886 55
10114 9886 6
10114 9887 5
10114 9887 50
10114 9887 10
10114 9887 26
10114 11292 36
10114 11292 40
10114 11292 24
10114 11292 31
10114 9970 60
10114 9970 9
10114 9970 15
10114 9970 30
10114 9885 53
10114 9885 49
10114 9885 17
10114 9885 17
10114 9971 10
10114 9971 13
10114 9971 0
10114 9971 56
10114 9689 36
10114 9689 5
10114 9689 19
10114 9689 49
10114 9972 35
10114 9972 45
10114 9972 53
10114 9972 37
10114 11328 26
10114 11328 26
10114 11328 23
10114 11328 46
10114 11320 4
10114 11320 35
10114 11320 34
10114 11320 0
10114 9876 16
10114 9876 17
10114 9876 11
10114 9876 1
10114 9911 54
10114 9911 2
10114 9911 48
10114 9911 21
10114 9977 56
10114 9977 27
10114 9977 31
10114 9977 42
10114 11293 55
10114 11293 10
10114 11293 7
10114 11293 48
10114 6219 58
10114 6219 25
10114 6219 24
10114 6219 59
10114 9978 43
10114 9978 6
10114 9978 17
10114 9978 30
10114 11329 60
10114 11329 18
10114 11329 13
10114 11329 17
10114 9888 52
10114 9888 38
10114 9888 58
10114 9888 47
10114 9875 52
10114 9875 56
10114 9875 19
10114 9875 59
10114 9880 58
10114 9880 1
10114 9880 49
10114 9880 8
10114 9910 52
10114 9910 24
10114 9910 4
10114 9910 40
10114 9925 24
10114 9925 47
10114 9925 26
10114 9925 55
10114 9987 25
10114 9987 42
10114 9987 20
10114 9987 47
10114 9985 44
10114 9985 30
10114 9985 48
10114 9985 55
10114 6218 38
10114 6218 26
10114 6218 32
10114 6218 26
10114 9975 43
10114 9975 35
10114 9975 9
10114 9975 36
10114 11295 40
10114 11295 4
10114 11295 44
10114 11295 27
10114 9889 13
10114 9889 32
10114 9889 22
10114 9889 10
11252 9881 21
11252 9881 57
11252 9881 0
11252 9881 41
11252 9882 33
11252 9882 36
11252 9882 47
11252 9882 22
11252 9883 40
11252 9883 40
11252 9883 58
11252 9883 6
11252 9884 34
11252 9884 5
11252 9884 42
11252 9884 14
11252 9886 54
11252 9886 14
11252 9886 32
11252 9886 21
11252 9887 42
11252 9887 58
11252 9887 9
11252 9887 59
11252 11292 17
11252 11292 26
11252 11292 30
11252 11292 56
11252 9970 48
11252 9970 25
11252 9970 55
11252 9970 24
11252 9885 48
11252 9885 7
11252 9885 40
11252 9885 27
11252 9971 32
11252 9971 24
11252 9971 11
11252 9971 57
11252 9689 49
11252 9689 44
11252 9689 29
11252 9689 59
11252 9972 12
11252 9972 53
11252 9972 55
11252 9972 15
11252 11328 41
11252 11328 33
11252 11328 38
11252 11328 52
11252 11320 10
11252 11320 27
11252 11320 12
11252 11320 46
11252 9876 58
11252 9876 14
11252 9876 27
11252 9876 23
11252 9911 4
11252 9911 2
11252 9911 25
11252 9911 6
11252 9977 51
11252 9977 26
11252 9977 17
11252 9977 7
11252 11293 32
11252 11293 36
11252 11293 48
11252 11293 23
11252 6219 55
11252 6219 5
11252 6219 53
11252 6219 46
11252 9978 18
11252 9978 39
11252 9978 57
11252 9978 16
11252 11329 5
11252 11329 13
11252 11329 29
11252 11329 54
11252 9888 34
11252 9888 18
11252 9888 22
11252 9888 57
11252 9875 14
11252 9875 48
11252 9875 42
11252 9875 7
11252 9880 15
11252 9880 49
11252 9880 44
11252 9880 4
11252 9910 19
11252 9910 60
11252 9910 58
11252 9910 20
11252 9925 58
11252 9925 45
11252 9925 38
11252 9925 52
11252 9987 52
11252 9987 43
11252 9987 28
11252 9987 9
11252 9985 49
11252 9985 45
11252 9985 36
11252 9985 44
11252 6218 21
11252 6218 47
11252 6218 60
11252 6218 59
11252 9975 24
11252 9975 56
11252 9975 14
11252 9975 28
11252 11295 23
11252 11295 36
11252 11295 51
11252 11295 30
11252 9889 43
11252 9889 42
11252 9889 56
11252 9889 31
11290 9881 13
11290 9881 18
11290 9881 46
11290 9881 39
11290 9882 10
11290 9882 8
11290 9882 41
11290 9882 15
11290 9883 26
11290 9883 0
11290 9883 31
11290 9883 44
11290 9884 56
11290 9884 46
11290 9884 19
11290 9884 17
11290 9886 38
11290 9886 43
11290 9886 3
11290 9886 55
11290 9887 36
11290 9887 44
11290 9887 49
11290 9887 23
11290 11292 60
11290 11292 34
11290 11292 49
11290 11292 29
11290 9970 1
11290 9970 30
11290 9970 7
11290 9970 29
11290 9885 20
11290 9885 39
11290 9885 5
11290 9885 15
11290 9971 23
11290 9971 24
11290 9971 43
11290 9971 52
11290 9689 7
11290 9689 45
11290 9689 18
11290 9689 19
11290 9972 48
11290 9972 35
11290 9972 36
11290 9972 19
11290 11328 13
11290 11328 47
11290 11328 43
11290 11328 13
11290 11320 40
11290 11320 4
11290 11320 55
11290 11320 60
11290 9876 0
11290 9876 25
11290 9876 20
11290 9876 57
11290 9911 12
11290 9911 52
11290 9911 44
11290 9911 26
11290 9977 44
11290 9977 43
11290 9977 53
11290 9977 32
11290 11293 19
11290 11293 17
11290 11293 41
11290 11293 21
11290 6219 10
11290 6219 23
11290 6219 8
11290 6219 52
11290 9978 57
11290 9978 1
11290 9978 0
11290 9978 23
11290 11329 20
11290 11329 34
11290 11329 36
11290 11329 42
11290 9888 42
11290 9888 24
11290 9888 41
11290 9888 42
11290 9875 50
11290 9875 60
11290 9875 54
11290 9875 29
11290 9880 6
11290 9880 32
11290 9880 26
11290 9880 18
11290 9910 41
11290 9910 0
11290 9910 11
11290 9910 21
11290 9925 54
11290 9925 48
11290 9925 15
11290 9925 44
11290 9987 35
11290 9987 18
11290 9987 17
11290 9987 24
11290 9985 5
11290 9985 31
11290 9985 15
11290 9985 19
11290 6218 40
11290 6218 51
11290 6218 16
11290 6218 24
11290 9975 16
11290 9975 25
11290 9975 60
11290 9975 45
11290 11295 0
11290 11295 42
11290 11295 41
11290 11295 58
11290 9889 10
11290 9889 53
11290 9889 41
11290 9889 33
10214 9881 22
10214 9881 13
10214 9881 35
10214 9881 35
10214 9882 27
10214 9882 17
10214 9882 21
10214 9882 1
10214 9883 16
10214 9883 54
10214 9883 29
10214 9883 17
10214 9884 8
10214 9884 51
10214 9884 46
10214 9884 26
10214 9886 0
10214 9886 13
10214 9886 28
10214 9886 10
10214 9887 13
10214 9887 3
10214 9887 15
10214 9887 21
10214 11292 4
10214 11292 11
10214 11292 34
10214 11292 3
10214 9970 23
10214 9970 32
10214 9970 56
10214 9970 19
10214 9885 27
10214 9885 54
10214 9885 42
10214 9885 39
10214 9971 50
10214 9971 10
10214 9971 31
10214 9971 35
10214 9689 30
10214 9689 2
10214 9689 38
10214 9689 45
10214 9972 0
10214 9972 60
10214 9972 29
10214 9972 3
10214 11328 1
10214 11328 31
10214 11328 6
10214 11328 36
10214 11320 39
10214 11320 20
10214 11320 60
10214 11320 8
10214 9876 4
10214 9876 60
10214 9876 34
10214 9876 52
10214 9911 43
10214 9911 47
10214 9911 56
10214 9911 41
10214 9977 14
10214 9977 5
10214 9977 41
10214 9977 12
10214 11293 43
10214 11293 57
10214 11293 17
10214 11293 58
10214 6219 4
10214 6219 56
10214 6219 36
10214 6219 57
10214 9978 59
10214 9978 9
10214 9978 29
10214 9978 6
10214 11329 60
10214 11329 19
10214 11329 0
10214 11329 33
10214 9888 18
10214 9888 37
10214 9888 1
10214 9888 48
10214 9875 46
10214 9875 45
10214 9875 18
10214 9875 51
10214 9880 12
10214 9880 52
10214 9880 7
10214 9880 40
10214 9910 58
10214 9910 16
10214 9910 8
10214 9910 2
10214 9925 43
10214 9925 26
10214 9925 48
10214 9925 45
10214 9987 20
10214 9987 11
10214 9987 27
10214 9987 10
10214 9985 0
10214 9985 54
10214 9985 12
10214 9985 9
10214 6218 15
10214 6218 15
10214 6218 4
10214 6218 18
10214 9975 20
10214 9975 9
10214 9975 31
10214 9975 55
10214 11295 20
10214 11295 57
10214 11295 44
10214 11295 40
10214 9889 32
10214 9889 7
10214 9889 37
10214 9889 32
10216 9881 32
10216 9881 29
10216 9881 26
10216 9881 58
10216 9882 0
10216 9882 55
10216 9882 52
10216 9882 31
10216 9883 55
10216 9883 3
10216 9883 0
10216 9883 25
10216 9884 30
10216 9884 26
10216 9884 4
10216 9884 51
10216 9886 29
10216 9886 0
10216 9886 3
10216 9886 38
10216 9887 34
10216 9887 57
10216 9887 18
10216 9887 54
10216 11292 40
10216 11292 25
10216 11292 12
10216 11292 34
10216 9970 52
10216 9970 34
10216 9970 58
10216 9970 40
10216 9885 39
10216 9885 37
10216 9885 54
10216 9885 7
10216 9971 26
10216 9971 59
10216 9971 25
10216 9971 17
10216 9689 8
10216 9689 21
10216 9689 49
10216 9689 39
10216 9972 51
10216 9972 2
10216 9972 58
10216 9972 42
10216 11328 48
10216 11328 43
10216 11328 29
10216 11328 37
10216 11320 20
10216 11320 52
10216 11320 30
10216 11320 2
10216 9876 53
10216 9876 36
10216 9876 49
10216 9876 16
10216 9911 58
10216 9911 50
10216 9911 6
10216 9911 0
10216 9977 21
10216 9977 23
10216 9977 19
10216 9977 36
10216 11293 55
10216 11293 55
10216 11293 38
10216 11293 12
10216 6219 29
10216 6219 33
10216 6219 37
10216 6219 47
10216 9978 8
10216 9978 39
10216 9978 16
10216 9978 56
10216 11329 14
10216 11329 13
10216 11329 35
10216 11329 30
10216 9888 34
10216 9888 17
10216 9888 36
10216 9888 30
10216 9875 35
10216 9875 1
10216 9875 55
10216 9875 21
10216 9880 44
10216 9880 3
10216 9880 1
10216 9880 52
10216 9910 59
10216 9910 53
10216 9910 3
10216 9910 48
10216 9925 28
10216 9925 30
10216 9925 17
10216 9925 49
10216 9987 20
10216 9987 39
10216 9987 15
10216 9987 52
10216 9985 8
10216 9985 12
10216 9985 18
10216 9985 42
10216 6218 45
10216 6218 58
10216 6218 6
10216 6218 18
10216 9975 54
10216 9975 30
10216 9975 57
10216 9975 58
10216 11295 6
10216 11295 20
10216 11295 53
10216 11295 33
10216 9889 38
10216 9889 2
10216 9889 48
10216 9889 13
10119 9881 60
10119 9881 3
10119 9881 26
10119 9881 47
10119 9882 43
10119 9882 8
10119 9882 32
10119 9882 58
10119 9883 12
10119 9883 38
10119 9883 1
10119 9883 60
10119 9884 46
10119 9884 18
10119 9884 52
10119 9884 48
10119 9886 14
10119 9886 11
10119 9886 35
10119 9886 53
10119 9887 14
10119 9887 22
10119 9887 34
10119 9887 37
10119 11292 54
10119 11292 31
10119 11292 0
10119 11292 39
10119 9970 48
10119 9970 57
10119 9970 20
10119 9970 13
10119 9885 12
10119 9885 39
10119 9885 37
10119 9885 49
10119 9971 10
10119 9971 37
10119 9971 33
10119 9971 31
10119 9689 50
10119 9689 15
10119 9689 11
10119 9689 57
10119 9972 45
10119 9972 34
10119 9972 15
10119 9972 57
10119 11328 4
10119 11328 30
10119 11328 1
10119 11328 9
10119 11320 45
10119 11320 46
10119 11320 21
10119 11320 8
10119 9876 42
10119 9876 20
10119 9876 45
10119 9876 9
10119 9911 46
10119 9911 15
10119 9911 31
10119 9911 44
10119 9977 28
10119 9977 18
10119 9977 4
10119 9977 24
10119 11293 33
10119 11293 59
10119 11293 22
10119 11293 54
10119 6219 3
10119 6219 43
10119 6219 33
10119 6219 44
10119 9978 2
10119 9978 36
10119 9978 16
10119 9978 16
10119 11329 12
10119 11329 30
10119 11329 9
10119 11329 5
10119 9888 54
10119 9888 19
10119 9888 37
10119 9888 22
10119 9875 8
10119 9875 25
10119 9875 8
10119 9875 21
10119 9880 22
10119 9880 34
10119 9880 49
10119 9880 15
10119 9910 13
10119 9910 34
10119 9910 43
10119 9910 5
10119 9925 33
10119 9925 58
10119 9925 10
10119 9925 47
10119 9987 12
10119 9987 37
10119 9987 1
10119 9987 13
10119 9985 9
10119 9985 49
10119 9985 43
10119 9985 11
10119 6218 20
10119 6218 5
10119 6218 58
10119 6218 52
10119 9975 55
10119 9975 8
10119 9975 7
10119 9975 10
10119 11295 35
10119 11295 26
10119 11295 37
10119 11295 24
10119 9889 42
10119 9889 56
10119 9889 19
10119 9889 7
10122 9881 27
10122 9881 48
10122 9881 26
10122 9881 27
10122 9882 46
10122 9882 21
10122 9882 23
10122 9882 19
10122 9883 22
10122 9883 23
10122 9883 7
10122 9883 31
10122 9884 31
10122 9884 36
10122 9884 37
10122 9884 55
10122 9886 26
10122 9886 49
10122 9886 16
10122 9886 30
10122 9887 1
10122 9887 18
10122 9887 49
10122 9887 50
10122 11292 23
10122 11292 21
10122 11292 19
10122 11292 60
10122 9970 16
10122 9970 28
10122 9970 10
10122 9970 10
10122 9885 9
10122 9885 28
10122 9885 35
10122 9885 14
10122 9971 25
10122 9971 45
10122 9971 10
10122 9971 37
10122 9689 40
10122 9689 9
10122 9689 2
10122 9689 58
10122 9972 7
10122 9972 32
10122 9972 23
10122 9972 20
10122 11328 13
10122 11328 5
10122 11328 3
10122 11328 18
10122 11320 22
10122 11320 57
10122 11320 53
10122 11320 4
10122 9876 52
10122 9876 13
10122 9876 16
10122 9876 11
10122 9911 6
10122 9911 55
10122 9911 48
10122 9911 16
10122 9977 35
10122 9977 29
10122 9977 30
10122 9977 42
10122 11293 2
10122 11293 54
10122 11293 59
10122 11293 26
10122 6219 28
10122 6219 27
10122 6219 46
10122 6219 40
10122 9978 30
10122 9978 43
10122 9978 10
10122 9978 16
10122 11329 4
10122 11329 46
10122 11329 16
10122 11329 23
10122 9888 40
10122 9888 31
10122 9888 22
10122 9888 16
10122 9875 45
10122 9875 51
10122 9875 46
10122 9875 47
10122 9880 22
10122 9880 3
10122 9880 18
10122 9880 38
10122 9910 35
10122 9910 13
10122 9910 60
10122 9910 50
10122 9925 53
10122 9925 21
10122 9925 21
10122 9925 51
10122 9987 26
10122 9987 49
10122 9987 0
10122 9987 24
10122 9985 44
10122 9985 35
10122 9985 42
10122 9985 57
10122 6218 29
10122 6218 44
10122 6218 14
10122 6218 58
10122 9975 50
10122 9975 55
10122 9975 29
10122 9975 37
10122 11295 13
10122 11295 3
10122 11295 58
10122 11295 53
10122 9889 4
10122 9889 45
10122 9889 42
10122 9889 54
10135 9881 12
10135 9881 23
10135 9881 12
10135 9881 7
10135 9882 33
10135 9882 14
10135 9882 7
10135 9882 48
10135 9883 49
10135 9883 41
10135 9883 27
10135 9883 59
10135 9884 45
10135 9884 33
10135 9884 13
10135 9884 38
10135 9886 40
10135 9886 24
10135 9886 7
10135 9886 17
10135 9887 3
10135 9887 29
10135 9887 15
10135 9887 19
10135 11292 22
10135 11292 20
10135 11292 1
10135 11292 25
10135 9970 19
10135 9970 59
10135 9970 9
10135 9970 25
10135 9885 47
10135 9885 49
10135 9885 31
10135 9885 55
10135 9971 18
10135 9971 0
10135 9971 29
10135 9971 1
10135 9689 22
10135 9689 51
10135 9689 31
10135 9689 56
10135 9972 55
10135 9972 13
10135 9972 1
10135 9972 27
10135 11328 22
10135 11328 42
10135 11328 2
10135 11328 16
10135 11320 39
10135 11320 4
10135 11320 46
10135 11320 1
10135 9876 32
10135 9876 54
10135 9876 4
10135 9876 45
10135 9911 36
10135 9911 47
10135 9911 46
10135 9911 17
10135 9977 49
10135 9977 14
10135 9977 55
10135 9977 29
10135 11293 51
10135 11293 52
10135 11293 48
10135 11293 9
10135 6219 3
10135 6219 4
10135 6219 1
10135 6219 30
10135 9978 50
10135 9978 3
10135 9978 57
10135 9978 7
10135 11329 32
10135 11329 54
10135 11329 14
10135 11329 38
10135 9888 52
10135 9888 32
10135 9888 33
10135 9888 1
10135 9875 17
10135 9875 17
10135 9875 0
10135 9875 29
10135 9880 28
10135 9880 57
10135 9880 42
10135 9880 57
10135 9910 53
10135 9910 38
10135 9910 23
10135 9910 17
10135 9925 52
10135 9925 7
10135 9925 14
10135 9925 37
10135 9987 28
10135 9987 34
10135 9987 44
10135 9987 4
10135 9985 58
10135 9985 59
10135 9985 8
10135 9985 14
10135 6218 16
10135 6218 55
10135 6218 18
10135 6218 47
10135 9975 43
10135 9975 26
10135 9975 19
10135 9975 41
10135 11295 59
10135 11295 0
10135 11295 4
10135 11295 56
10135 9889 29
10135 9889 39
10135 9889 14
10135 9889 19
10136 9881 6
10136 9881 52
10136 9881 49
10136 9881 2
10136 9882 21
10136 9882 23
10136 9882 22
10136 9882 12
10136 9883 51
10136 9883 19
10136 9883 60
10136 9883 46
10136 9884 12
10136 9884 8
10136 9884 1
10136 9884 31
10136 9886 28
10136 9886 25
10136 9886 57
10136 9886 38
10136 9887 31
10136 9887 12
10136 9887 41
10136 9887 18
10136 11292 0
10136 11292 18
10136 11292 44
10136 11292 53
10136 9970 18
10136 9970 14
10136 9970 38
10136 9970 60
10136 9885 21
10136 9885 39
10136 9885 52
10136 9885 32
10136 9971 43
10136 9971 53
10136 9971 32
10136 9971 44
10136 9689 25
10136 9689 27
10136 9689 41
10136 9689 16
10136 9972 28
10136 9972 51
10136 9972 46
10136 9972 22
10136 11328 44
10136 11328 24
10136 11328 14
10136 11328 5
10136 11320 28
10136 11320 39
10136 11320 27
10136 11320 19
10136 9876 1
10136 9876 55
10136 9876 7
10136 9876 25
10136 9911 28
10136 9911 53
10136 9911 50
10136 9911 18
10136 9977 42
10136 9977 0
10136 9977 26
10136 9977 10
10136 11293 52
10136 11293 16
10136 11293 37
10136 11293 7
10136 6219 29
10136 6219 57
10136 6219 59
10136 6219 25
10136 9978 20
10136 9978 43
10136 9978 45
10136 9978 57
10136 11329 30
10136 11329 54
10136 11329 38
10136 11329 16
10136 9888 36
10136 9888 1
10136 9888 53
10136 9888 18
10136 9875 22
10136 9875 55
10136 9875 32
10136 9875 17
10136 9880 7
10136 9880 43
10136 9880 40
10136 9880 11
10136 9910 36
10136 9910 17
10136 9910 7
10136 9910 3
10136 9925 12
10136 9925 4
10136 9925 48
10136 9925 27
10136 9987 44
10136 9987 44
10136 9987 34
10136 9987 3
10136 9985 30
10136 9985 4
10136 9985 41
10136 9985 52
10136 6218 4
10136 6218 2
10136 6218 13
10136 6218 25
10136 9975 50
10136 9975 28
10136 9975 46
10136 9975 7
10136 11295 23
10136 11295 55
10136 11295 10
10136 11295 40
10136 9889 43
10136 9889 52
10136 9889 44
10136 9889 39
10134 9881 21
10134 9881 46
10134 9881 14
10134 9881 58
10134 9882 52
10134 9882 18
10134 9882 16
10134 9882 6
10134 9883 14
10134 9883 7
10134 9883 55
10134 9883 60
10134 9884 57
10134 9884 30
10134 9884 57
10134 9884 11
10134 9886 8
10134 9886 1
10134 9886 12
10134 9886 40
10134 9887 8
10134 9887 18
10134 9887 53
10134 9887 43
10134 11292 22
10134 11292 54
10134 11292 55
10134 11292 8
10134 9970 16
10134 9970 9
10134 9970 37
10134 9970 17
10134 9885 55
10134 9885 54
10134 9885 19
10134 9885 25
10134 9971 8
10134 9971 52
10134 9971 16
10134 9971 43
10134 9689 41
10134 9689 31
10134 9689 0
10134 9689 9
10134 9972 26
10134 9972 20
10134 9972 5
10134 9972 26
10134 11328 4
10134 11328 36
10134 11328 41
10134 11328 29
10134 11320 5
10134 11320 11
10134 11320 58
10134 11320 60
10134 9876 42
10134 9876 19
10134 9876 23
10134 9876 36
10134 9911 58
10134 9911 32
10134 9911 0
10134 9911 39
10134 9977 33
10134 9977 9
10134 9977 16
10134 9977 28
10134 11293 24
10134 11293 42
10134 11293 17
10134 11293 22
10134 6219 39
10134 6219 31
10134 6219 36
10134 6219 50
10134 9978 0
10134 9978 30
10134 9978 57
10134 9978 2
10134 11329 56
10134 11329 3
10134 11329 11
10134 11329 21
10134 9888 30
10134 9888 22
10134 9888 49
10134 9888 30
10134 9875 50
10134 9875 24
10134 9875 57
10134 9875 31
10134 9880 30
10134 9880 34
10134 9880 12
10134 9880 45
10134 9910 35
10134 9910 38
10134 9910 29
10134 9910 27
10134 9925 50
10134 9925 21
10134 9925 30
10134 9925 0
10134 9987 59
10134 9987 29
10134 9987 35
10134 9987 31
10134 9985 49
10134 9985 21
10134 9985 25
10134 9985 23
10134 6218 8
10134 6218 16
10134 6218 50
10134 6218 57
10134 9975 52
10134 9975 27
10134 9975 7
10134 9975 30
10134 11295 19
10134 11295 50
10134 11295 33
10134 11295 1
10134 9889 10
10134 9889 49
10134 9889 25
10134 9889 10
10223 9881 22
10223 9881 11
10223 9881 59
10223 9881 9
10223 9882 12
10223 9882 1
10223 9882 11
10223 9882 47
10223 9883 22
10223 9883 21
10223 9883 15
10223 9883 19
10223 9884 35
10223 9884 26
10223 9884 30
10223 9884 50
10223 9886 46
10223 9886 25
10223 9886 39
10223 9886 28
10223 9887 30
10223 9887 56
10223 9887 41
10223 9887 41
10223 11292 21
10223 11292 43
10223 11292 19
10223 11292 15
10223 9970 38
10223 9970 31
10223 9970 32
10223 9970 30
10223 9885 15
10223 9885 30
10223 9885 22
10223 9885 54
10223 9971 12
10223 9971 48
10223 9971 11
10223 9971 3
10223 9689 36
10223 9689 16
10223 9689 7
10223 9689 11
10223 9972 45
10223 9972 9
10223 9972 10
10223 9972 3
10223 11328 5
10223 11328 45
10223 11328 38
10223 11328 45
10223 11320 38
10223 11320 19
10223 11320 19
10223 11320 1
10223 9876 49
10223 9876 56
10223 9876 29
10223 9876 32
10223 9911 22
10223 9911 60
10223 9911 39
10223 9911 31
10223 9977 41
10223 9977 35
10223 9977 54
10223 9977 48
10223 11293 13
10223 11293 21
10223 11293 8
10223 11293 21
10223 6219 6
10223 6219 16
10223 6219 10
10223 6219 3
10223 9978 40
10223 9978 54
10223 9978 2
10223 9978 11
10223 11329 49
10223 11329 2
10223 11329 7
10223 11329 38
10223 9888 57
10223 9888 57
10223 9888 51
10223 9888 59
10223 9875 49
10223 9875 21
10223 9875 0
10223 9875 11
10223 9880 32
10223 9880 12
10223 9880 41
10223 9880 13
10223 9910 49
10223 9910 46
10223 9910 53
10223 9910 58
10223 9925 2
10223 9925 25
10223 9925 19
10223 9925 39
10223 9987 44
10223 9987 41
10223 9987 50
10223 9987 11
10223 9985 22
10223 9985 53
10223 9985 22
10223 9985 27
10223 6218 60
10223 6218 14
10223 6218 24
10223 6218 9
10223 9975 23
10223 9975 52
10223 9975 20
10223 9975 1
10223 11295 7
10223 11295 9
10223 11295 49
10223 11295 53
10223 9889 19
10223 9889 5
10223 9889 43
10223 9889 29
10097 9881 46
10097 9881 31
10097 9881 42
10097 9881 11
10097 9882 41
10097 9882 47
10097 9882 7
10097 9882 17
10097 9883 7
10097 9883 10
10097 9883 44
10097 9883 14
10097 9884 2
10097 9884 4
10097 9884 2
10097 9884 52
10097 9886 45
10097 9886 24
10097 9886 0
10097 9886 36
10097 9887 2
10097 9887 16
10097 9887 28
10097 9887 25
10097 11292 17
10097 11292 7
10097 11292 4
10097 11292 52
10097 9970 35
10097 9970 17
10097 9970 33
10097 9970 18
10097 9885 15
10097 9885 24
10097 9885 60
10097 9885 7
10097 9971 7
10097 9971 54
10097 9971 43
10097 9971 43
10097 9689 17
10097 9689 41
10097 9689 25
10097 9689 26
10097 9972 38
10097 9972 32
10097 9972 14
10097 9972 58
10097 11328 10
10097 11328 17
10097 11328 8
10097 11328 10
10097 11320 14
10097 11320 21
10097 11320 25
10097 11320 45
10097 9876 38
10097 9876 46
10097 9876 6
10097 9876 36
10097 9911 39
10097 9911 46
10097 9911 37
10097 9911 25
10097 9977 55
10097 9977 10
10097 9977 51
10097 9977 39
10097 11293 30
10097 11293 27
10097 11293 55
10097 11293 22
10097 6219 27
10097 6219 21
10097 6219 5
10097 6219 22
10097 9978 2
10097 9978 9
10097 9978 10
10097 9978 27
10097 11329 24
10097 11329 41
10097 11329 39
10097 11329 41
10097 9888 41
10097 9888 26
10097 9888 33
10097 9888 24
10097 9875 14
10097 9875 23
10097 9875 20
10097 9875 36
10097 9880 24
10097 9880 0
10097 9880 7
10097 9880 7
10097 9910 18
10097 9910 24
10097 9910 30
10097 9910 31
10097 9925 10
10097 9925 19
10097 9925 49
10097 9925 17
10097 9987 12
10097 9987 50
10097 9987 36
10097 9987 15
10097 9985 56
10097 9985 31
10097 9985 47
10097 9985 3
10097 6218 49
10097 6218 6
10097 6218 47
10097 6218 7
10097 9975 45
10097 9975 25
10097 9975 55
10097 9975 50
10097 11295 27
10097 11295 20
10097 11295 52
10097 11295 36
10097 9889 12
10097 9889 2
10097 9889 30
10097 9889 34
10098 9881 8
10098 9881 40
10098 9881 7
10098 9881 57
10098 9882 13
10098 9882 1
10098 9882 44
10098 9882 53
10098 9883 50
10098 9883 20
10098 9883 14
10098 9883 29
10098 9884 8
10098 9884 30
10098 9884 34
10098 9884 18
10098 9886 14
10098 9886 37
10098 9886 25
10098 9886 3
10098 9887 2
10098 9887 37
10098 9887 27
10098 9887 56
10098 11292 37
10098 11292 37
10098 11292 45
10098 11292 50
10098 9970 1
10098 9970 28
10098 9970 45
10098 9970 13
10098 9885 46
10098 9885 47
10098 9885 50
10098 9885 27
10098 9971 38
10098 9971 4
10098 9971 4
10098 9971 34
10098 9689 59
10098 9689 39
10098 9689 35
10098 9689 58
10098 9972 21
10098 9972 56
10098 9972 55
10098 9972 39
10098 11328 26
10098 11328 17
10098 11328 49
10098 11328 37
10098 11320 10
10098 11320 15
10098 11320 33
10098 11320 17
10098 9876 49
10098 9876 21
10098 9876 7
10098 9876 34
10098 9911 12
10098 9911 44
10098 9911 4
10098 9911 20
10098 9977 10
10098 9977 40
10098 9977 25
10098 9977 49
10098 11293 20
10098 11293 16
10098 11293 35
10098 11293 12
10098 6219 55
10098 6219 22
10098 6219 46
10098 6219 21
10098 9978 35
10098 9978 21
10098 9978 0
10098 9978 36
10098 11329 35
10098 11329 15
10098 11329 48
10098 11329 28
10098 9888 21
10098 9888 49
10098 9888 20
10098 9888 34
10098 9875 58
10098 9875 51
10098 9875 35
10098 9875 2
10098 9880 4
10098 9880 57
10098 9880 41
10098 9880 23
10098 9910 13
10098 9910 45
10098 9910 40
10098 9910 54
10098 9925 40
10098 9925 13
10098 9925 39
10098 9925 9
10098 9987 60
10098 9987 31
10098 9987 25
10098 9987 3
10098 9985 33
10098 9985 5
10098 9985 50
10098 9985 49
10098 6218 9
10098 6218 34
10098 6218 39
10098 6218 39
10098 9975 17
10098 9975 43
10098 9975 31
10098 9975 14
10098 11295 15
10098 11295 23
10098 11295 13
10098 11295 30
10098 9889 8
10098 9889 36
10098 9889 42
10098 9889 5
10115 9881 34
10115 9881 58
10115 9881 52
10115 9881 0
10115 9882 44
10115 9882 35
10115 9882 7
10115 9882 36
10115 9883 19
10115 9883 28
10115 9883 8
10115 9883 42
10115 9884 1
10115 9884 34
10115 9884 45
10115 9884 35
10115 9886 11
10115 9886 23
10115 9886 10
10115 9886 4
10115 9887 7
10115 9887 14
10115 9887 0
10115 9887 8
10115 11292 8
10115 11292 54
10115 11292 25
10115 11292 45
10115 9970 52
10115 9970 53
10115 9970 6
10115 9970 50
10115 9885 29
10115 9885 49
10115 9885 35
10115 9885 52
10115 9971 23
10115 9971 38
10115 9971 28
10115 9971 22
10115 9689 21
10115 9689 16
10115 9689 18
10115 9689 39
10115 9972 54
10115 9972 18
10115 9972 14
10115 9972 24
10115 11328 48
10115 11328 47
10115 11328 7
10115 11328 21
10115 11320 56
10115 11320 2
10115 11320 23
10115 11320 57
10115 9876 53
10115 9876 57
10115 9876 30
10115 9876 58
10115 9911 0
10115 9911 18
10115 9911 37
10115 9911 57
10115 9977 58
10115 9977 37
10115 9977 14
10115 9977 43
10115 11293 5
10115 11293 11
10115 11293 18
10115 11293 12
10115 6219 20
10115 6219 51
10115 6219 23
10115 6219 44
10115 9978 12
10115 9978 1
10115 9978 18
10115 9978 44
10115 11329 48
10115 11329 15
10115 11329 19
10115 11329 29
10115 9888 52
10115 9888 49
10115 9888 19
10115 9888 8
10115 9875 1
10115 9875 11
10115 9875 25
10115 9875 12
10115 9880 8
10115 9880 51
10115 9880 36
10115 9880 13
10115 9910 49
10115 9910 30
10115 9910 2
10115 9910 18
10115 9925 31
10115 9925 39
10115 9925 33
10115 9925 21
10115 9987 16
10115 9987 58
10115 9987 58
10115 9987 2
10115 9985 56
10115 9985 2
10115 9985 11
10115 9985 13
10115 6218 47
10115 6218 12
10115 6218 19
10115 6218 38
10115 9975 18
10115 9975 28
10115 9975 4
10115 9975 37
10115 11295 51
10115 11295 50
10115 11295 51
10115 11295 41
10115 9889 15
10115 9889 30
10115 9889 40
10115 9889 44
10118 9881 0
10118 9881 34
10118 9881 14
10118 9881 1
10118 9882 57
10118 9882 22
10118 9882 52
10118 9882 10
10118 9883 7
10118 9883 18
10118 9883 52
10118 9883 32
10118 9884 42
10118 9884 11
10118 9884 50
10118 9884 22
10118 9886 47
10118 9886 31
10118 9886 39
10118 9886 30
10118 9887 11
10118 9887 19
10118 9887 41
10118 9887 19
10118 11292 59
10118 11292 17
10118 11292 46
10118 11292 19
10118 9970 10
10118 9970 26
10118 9970 14
10118 9970 6
10118 9885 35
10118 9885 47
10118 9885 55
10118 9885 7
10118 9971 9
10118 9971 20
10118 9971 49
10118 9971 28
10118 9689 1
10118 9689 2
10118 9689 58
10118 9689 13
10118 9972 33
10118 9972 17
10118 9972 11
10118 9972 59
10118 11328 49
10118 11328 36
10118 11328 22
10118 11328 10
10118 11320 26
10118 11320 33
10118 11320 24
10118 11320 3
10118 9876 31
10118 9876 38
10118 9876 23
10118 9876 48
10118 9911 29
10118 9911 17
10118 9911 56
10118 9911 51
10118 9977 3
10118 9977 37
10118 9977 11
10118 9977 40
10118 11293 6
10118 11293 13
10118 11293 13
10118 11293 42
10118 6219 6
10118 6219 25
10118 6219 34
10118 6219 35
10118 9978 40
10118 9978 57
10118 9978 52
10118 9978 2
10118 11329 48
10118 11329 54
10118 11329 21
10118 11329 35
10118 9888 58
10118 9888 59
10118 9888 20
10118 9888 58
10118 9875 18
10118 9875 47
10118 9875 43
10118 9875 30
10118 9880 0
10118 9880 38
10118 9880 42
10118 9880 48
10118 9910 3
10118 9910 57
10118 9910 27
10118 9910 52
10118 9925 23
10118 9925 56
10118 9925 7
10118 9925 55
10118 9987 48
10118 9987 12
10118 9987 55
10118 9987 5
10118 9985 48
10118 9985 59
10118 9985 3
10118 9985 51
10118 6218 25
10118 6218 30
10118 6218 13
10118 6218 16
10118 9975 21
10118 9975 1
10118 9975 15
10118 9975 16
10118 11295 9
10118 11295 60
10118 11295 30
10118 11295 51
10118 9889 41
10118 9889 19
10118 9889 35
10118 9889 19
11251 9881 57
11251 9881 40
11251 9881 31
11251 9881 51
11251 9882 30
11251 9882 57
11251 9882 6
11251 9882 44
11251 9883 3
11251 9883 30
11251 9883 31
11251 9883 2
11251 9884 46
11251 9884 49
11251 9884 48
11251 9884 29
11251 9886 40
11251 9886 52
11251 9886 53
11251 9886 16
11251 9887 20
11251 9887 54
11251 9887 15
11251 9887 57
11251 11292 14
11251 11292 47
11251 11292 1
11251 11292 21
11251 9970 23
11251 9970 13
11251 9970 42
11251 9970 29
11251 9885 12
11251 9885 30
11251 9885 54
11251 9885 59
11251 9971 41
11251 9971 24
11251 9971 58
11251 9971 25
11251 9689 9
11251 9689 60
11251 9689 50
11251 9689 37
11251 9972 7
11251 9972 24
11251 9972 6
11251 9972 21
11251 11328 5
11251 11328 33
11251 11328 47
11251 11328 11
11251 11320 31
11251 11320 33
11251 11320 46
11251 11320 2
11251 9876 10
11251 9876 40
11251 9876 58
11251 9876 57
11251 9911 16
11251 9911 7
11251 9911 10
11251 9911 1
11251 9977 60
11251 9977 44
11251 9977 31
11251 9977 48
11251 11293 44
11251 11293 47
11251 11293 39
11251 11293 14
11251 6219 21
11251 6219 10
11251 6219 22
11251 6219 16
11251 9978 47
11251 9978 30
11251 9978 34
11251 9978 60
11251 11329 4
11251 11329 18
11251 11329 50
11251 11329 9
11251 9888 15
11251 9888 52
11251 9888 24
11251 9888 60
11251 9875 55
11251 9875 27
11251 9875 47
11251 9875 28
11251 9880 43
11251 9880 27
11251 9880 52
11251 9880 11
11251 9910 5
11251 9910 45
11251 9910 19
11251 9910 24
11251 9925 31
11251 9925 27
11251 9925 52
11251 9925 5
11251 9987 35
11251 9987 39
11251 9987 51
11251 9987 33
11251 9985 59
11251 9985 43
11251 9985 22
11251 9985 36
11251 6218 40
11251 6218 8
11251 6218 27
11251 6218 10
11251 9975 52
11251 9975 48
11251 9975 37
11251 9975 17
11251 11295 5
11251 11295 27
11251 11295 13
11251 11295 17
11251 9889 17
11251 9889 0
11251 9889 4
11251 9889 50
10111 9881 59
10111 9881 31
10111 9881 26
10111 9881 55
10111 9882 47
10111 9882 28
10111 9882 37
10111 9882 50
10111 9883 28
10111 9883 54
10111 9883 18
10111 9883 12
10111 9884 12
10111 9884 58
10111 9884 8
10111 9884 19
10111 9886 56
10111 9886 56
10111 9886 35
10111 9886 21
10111 9887 26
10111 9887 44
10111 9887 27
10111 9887 52
10111 11292 6
10111 11292 0
10111 11292 20
10111 11292 52
10111 9970 1
10111 9970 55
10111 9970 21
10111 9970 31
10111 9885 28
10111 9885 28
10111 9885 55
10111 9885 22
10111 9971 49
10111 9971 35
10111 9971 47
10111 9971 9
10111 9689 15
10111 9689 49
10111 9689 24
10111 9689 14
10111 9972 60
10111 9972 27
10111 9972 7
10111 9972 54
10111 11328 59
10111 11328 23
10111 11328 5
10111 11328 36
10111 11320 10
10111 11320 59
10111 11320 44
10111 11320 20
10111 9876 49
10111 9876 12
10111 9876 43
10111 9876 8
10111 9911 15
10111 9911 45
10111 9911 39
10111 9911 2
10111 9977 43
10111 9977 42
10111 9977 32
10111 9977 41
10111 11293 38
10111 11293 6
10111 11293 21
10111 11293 39
10111 6219 36
10111 6219 55
10111 6219 60
10111 6219 26
10111 9978 14
10111 9978 36
10111 9978 41
10111 9978 3
10111 11329 51
10111 11329 38
10111 11329 11
10111 11329 50
10111 9888 59
10111 9888 1
10111 9888 38
10111 9888 28
10111 9875 50
10111 9875 43
10111 9875 53
10111 9875 53
10111 9880 3
10111 9880 49
10111 9880 3
10111 9880 16
10111 9910 22
10111 9910 18
10111 9910 27
10111 9910 33
10111 9925 34
10111 9925 18
10111 9925 27
10111 9925 59
10111 9987 20
10111 9987 38
10111 9987 21
10111 9987 14
10111 9985 8
10111 9985 8
10111 9985 48
10111 9985 45
10111 6218 16
10111 6218 4
10111 6218 45
10111 6218 5
10111 9975 43
10111 9975 44
10111 9975 58
10111 9975 33
10111 11295 55
10111 11295 38
10111 11295 59
10111 11295 16
10111 9889 27
10111 9889 43
10111 9889 14
10111 9889 15
10215 9881 43
10215 9881 21
10215 9881 2
10215 9881 27
10215 9882 32
10215 9882 37
10215 9882 59
10215 9882 42
10215 9883 39
10215 9883 20
10215 9883 47
10215 9883 35
10215 9884 3
10215 9884 26
10215 9884 20
10215 9884 22
10215 9886 13
10215 9886 58
10215 9886 15
10215 9886 38
10215 9887 56
10215 9887 8
10215 9887 3
10215 9887 48
10215 11292 23
10215 11292 24
10215 11292 16
10215 11292 30
10215 9970 59
10215 9970 32
10215 9970 22
10215 9970 11
10215 9885 22
10215 9885 13
10215 9885 0
10215 9885 11
10215 9971 39
10215 9971 31
10215 9971 25
10215 9971 31
10215 9689 40
10215 9689 58
10215 9689 51
10215 9689 5
10215 9972 36
10215 9972 25
10215 9972 31
10215 9972 38
10215 11328 1
10215 11328 23
10215 11328 37
10215 11328 58
10215 11320 31
10215 11320 53
10215 11320 28
10215 11320 16
10215 9876 52
10215 9876 52
10215 9876 38
10215 9876 10
10215 9911 16
10215 9911 16
10215 9911 28
10215 9911 40
10215 9977 26
10215 9977 37
10215 9977 57
10215 9977 44
10215 11293 27
10215 11293 50
10215 11293 31
10215 11293 36
10215 6219 28
10215 6219 16
10215 6219 22
10215 6219 16
10215 9978 13
10215 9978 15
10215 9978 55
10215 9978 22
10215 11329 1
10215 11329 2
10215 11329 9
10215 11329 40
10215 9888 29
10215 9888 24
10215 9888 19
10215 9888 28
10215 9875 29
10215 9875 39
10215 9875 6
10215 9875 7
10215 9880 25
10215 9880 53
10215 9880 6
10215 9880 51
10215 9910 28
10215 9910 25
10215 9910 32
10215 9910 18
10215 9925 34
10215 9925 50
10215 9925 30
10215 9925 37
10215 9987 48
10215 9987 25
10215 9987 13
10215 9987 5
10215 9985 2
10215 9985 36
10215 9985 47
10215 9985 14
10215 6218 12
10215 6218 43
10215 6218 30
10215 6218 58
10215 9975 15
10215 9975 18
10215 9975 49
10215 9975 4
10215 11295 37
10215 11295 16
10215 11295 18
10215 11295 51
10215 9889 55
10215 9889 28
10215 9889 37
10215 9889 53
10217 9881 42
10217 9881 16
10217 9881 8
10217 9881 57
10217 9882 44
10217 9882 42
10217 9882 5
10217 9882 2
10217 9883 17
10217 9883 21
10217 9883 58
10217 9883 27
10217 9884 39
10217 9884 52
10217 9884 59
10217 9884 57
10217 9886 53
10217 9886 12
10217 9886 49
10217 9886 44
10217 9887 19
10217 9887 46
10217 9887 60
10217 9887 46
10217 11292 51
10217 11292 48
10217 11292 3
10217 11292 45
10217 9970 57
10217 9970 52
10217 9970 47
10217 9970 13
10217 9885 11
10217 9885 48
10217 9885 38
10217 9885 57
10217 9971 59
10217 9971 47
10217 9971 20
10217 9971 2
10217 9689 6
10217 9689 16
10217 9689 55
10217 9689 54
10217 9972 27
10217 9972 48
10217 9972 4
10217 9972 49
10217 11328 59
10217 11328 50
10217 11328 53
10217 11328 47
10217 11320 17
10217 11320 30
10217 11320 1
10217 11320 25
10217 9876 56
10217 9876 25
10217 9876 53
10217 9876 11
10217 9911 29
10217 9911 48
10217 9911 26
10217 9911 15
10217 9977 45
10217 9977 59
10217 9977 44
10217 9977 15
10217 11293 10
10217 11293 41
10217 11293 40
10217 11293 4
10217 6219 44
10217 6219 14
10217 6219 45
10217 6219 32
10217 9978 42
10217 9978 40
10217 9978 51
10217 9978 45
10217 11329 46
10217 11329 18
10217 11329 16
10217 11329 43
10217 9888 44
10217 9888 59
10217 9888 58
10217 9888 31
10217 9875 24
10217 9875 30
10217 9875 27
10217 9875 6
10217 9880 41
10217 9880 38
10217 9880 46
10217 9880 52
10217 9910 47
10217 9910 7
10217 9910 46
10217 9910 49
10217 9925 18
10217 9925 48
10217 9925 1
10217 9925 24
10217 9987 13
10217 9987 18
10217 9987 60
10217 9987 38
10217 9985 21
10217 9985 42
10217 9985 36
10217 9985 7
10217 6218 57
10217 6218 27
10217 6218 51
10217 6218 7
10217 9975 31
10217 9975 34
10217 9975 25
10217 9975 32
10217 11295 4
10217 11295 19
10217 11295 11
10217 11295 44
10217 9889 18
10217 9889 1
10217 9889 15
10217 9889 46
