8235 6307 12
8235 6305 38
8235 6308 37
8235 6447 18
8235 8780 40
8235 6306 18
8235 6445 57
8235 9601 13
8235 9597 58
8235 6446 55
8235 6372 18
8235 8694 34
8235 9595 19
8235 9603 35
8235 9600 48
8235 6456 47
8235 6425 40
8235 6371 29
8235 9599 48
8235 6356 57
8235 6423 10
8235 6424 5
8235 9596 15
8235 9605 31
8235 6453 17
8235 6458 9
8235 6455 32
8235 6422 29
8235 6355 56
8235 6433 31
8235 6526 5
8235 6358 11
8234 6307 15
8234 6305 38
8234 6308 4
8234 6447 38
8234 8780 56
8234 6306 23
8234 6445 50
8234 9601 45
8234 9597 19
8234 6446 24
8234 6372 4
8234 8694 48
8234 9595 57
8234 9603 40
8234 9600 23
8234 6456 50
8234 6425 15
8234 6371 51
8234 9599 14
8234 6356 54
8234 6423 59
8234 6424 50
8234 9596 31
8234 9605 55
8234 6453 14
8234 6458 0
8234 6455 48
8234 6422 24
8234 6355 53
8234 6433 39
8234 6526 33
8234 6358 16
8232 6307 25
8232 6305 40
8232 6308 26
8232 6447 27
8232 8780 60
8232 6306 20
8232 6445 15
8232 9601 42
8232 9597 59
8232 6446 10
8232 6372 24
8232 8694 53
8232 9595 40
8232 9603 15
8232 9600 30
8232 6456 21
8232 6425 16
8232 6371 32
8232 9599 15
8232 6356 4
8232 6423 24
8232 6424 55
8232 9596 6
8232 9605 32
8232 6453 55
8232 6458 20
8232 6455 44
8232 6422 34
8232 6355 48
8232 6433 13
8232 6526 6
8232 6358 20
8246 6307 34
8246 6305 52
8246 6308 28
8246 6447 20
8246 8780 11
8246 6306 42
8246 6445 29
8246 9601 14
8246 9597 0
8246 6446 47
8246 6372 47
8246 8694 21
8246 9595 24
8246 9603 5
8246 9600 1
8246 6456 20
8246 6425 59
8246 6371 5
8246 9599 23
8246 6356 20
8246 6423 52
8246 6424 27
8246 9596 41
8246 9605 5
8246 6453 57
8246 6458 2
8246 6455 47
8246 6422 26
8246 6355 47
8246 6433 25
8246 6526 49
8246 6358 47
8252 6307 15
8252 6305 32
8252 6308 24
8252 6447 22
8252 8780 23
8252 6306 42
8252 6445 56
8252 9601 53
8252 9597 2
8252 6446 25
8252 6372 0
8252 8694 45
8252 9595 57
8252 9603 54
8252 9600 36
8252 6456 7
8252 6425 58
8252 6371 27
8252 9599 39
8252 6356 39
8252 6423 44
8252 6424 38
8252 9596 20
8252 9605 17
8252 6453 16
8252 6458 34
8252 6455 32
8252 6422 31
8252 6355 3
8252 6433 32
8252 6526 28
8252 6358 41
8231 6307 0
8231 6305 29
8231 6308 59
8231 6447 57
8231 8780 40
8231 6306 54
8231 6445 1
8231 9601 24
8231 9597 32
8231 6446 17
8231 6372 52
8231 8694 38
8231 9595 25
8231 9603 28
8231 9600 39
8231 6456 21
8231 6425 6
8231 6371 26
8231 9599 54
8231 6356 2
8231 6423 32
8231 6424 42
8231 9596 55
8231 9605 51
8231 6453 20
8231 6458 51
8231 6455 18
8231 6422 45
8231 6355 11
8231 6433 7
8231 6526 43
8231 6358 25
8236 6307 36
8236 6305 55
8236 6308 21
8236 6447 50
8236 8780 4
8236 6306 56
8236 6445 1
8236 9601 42
8236 9597 0
8236 6446 44
8236 6372 60
8236 8694 46
8236 9595 6
8236 9603 26
8236 9600 51
8236 6456 1
8236 6425 21
8236 6371 29
8236 9599 11
8236 6356 22
8236 6423 53
8236 6424 29
8236 9596 54
8236 9605 7
8236 6453 28
8236 6458 23
8236 6455 0
8236 6422 39
8236 6355 47
8236 6433 42
8236 6526 34
8236 6358 25
8254 6307 12
8254 6305 16
8254 6308 43
8254 6447 5
8254 8780 20
8254 6306 43
8254 6445 55
8254 9601 46
8254 9597 50
8254 6446 48
8254 6372 28
8254 8694 0
8254 9595 29
8254 9603 22
8254 9600 48
8254 6456 53
8254 6425 27
8254 6371 32
8254 9599 12
8254 6356 41
8254 6423 33
8254 6424 54
8254 9596 23
8254 9605 33
8254 6453 42
8254 6458 7
8254 6455 41
8254 6422 1
8254 6355 35
8254 6433 57
8254 6526 3
8254 6358 5
8081 6307 16
8081 6305 35
8081 6308 51
8081 6447 15
8081 8780 42
8081 6306 40
8081 6445 31
8081 9601 44
8081 9597 15
8081 6446 52
8081 6372 58
8081 8694 0
8081 9595 57
8081 9603 31
8081 9600 22
8081 6456 49
8081 6425 23
8081 6371 14
8081 9599 27
8081 6356 46
8081 6423 4
8081 6424 24
8081 9596 15
8081 9605 8
8081 6453 7
8081 6458 26
8081 6455 20
8081 6422 49
8081 6355 55
8081 6433 34
8081 6526 33
8081 6358 49
8233 6307 55
8233 6305 56
8233 6308 9
8233 6447 29
8233 8780 24
8233 6306 57
8233 6445 22
8233 9601 55
8233 9597 56
8233 6446 6
8233 6372 27
8233 8694 25
8233 9595 13
8233 9603 60
8233 9600 57
8233 6456 46
8233 6425 47
8233 6371 42
8233 9599 46
8233 6356 36
8233 6423 17
8233 6424 34
8233 9596 3
8233 9605 32
8233 6453 45
8233 6458 6
8233 6455 24
8233 6422 18
8233 6355 17
8233 6433 28
8233 6526 28
8233 6358 18
8244 6307 36
8244 6305 46
8244 6308 18
8244 6447 50
8244 8780 35
8244 6306 57
8244 6445 15
8244 9601 43
8244 9597 38
8244 6446 1
8244 6372 27
8244 8694 50
8244 9595 31
8244 9603 53
8244 9600 16
8244 6456 3
8244 6425 48
8244 6371 60
8244 9599 30
8244 6356 17
8244 6423 26
8244 6424 7
8244 9596 45
8244 9605 58
8244 6453 14
8244 6458 11
8244 6455 12
8244 6422 34
8244 6355 5
8244 6433 13
8244 6526 0
8244 6358 40
8247 6307 29
8247 6305 60
8247 6308 27
8247 6447 26
8247 8780 1
8247 6306 60
8247 6445 47
8247 9601 20
8247 9597 28
8247 6446 23
8247 6372 25
8247 8694 15
8247 9595 8
8247 9603 38
8247 9600 25
8247 6456 10
8247 6425 20
8247 6371 38
8247 9599 51
8247 6356 21
8247 6423 21
8247 6424 24
8247 9596 54
8247 9605 1
8247 6453 52
8247 6458 31
8247 6455 34
8247 6422 15
8247 6355 33
8247 6433 50
8247 6526 6
8247 6358 34
8253 6307 31
8253 6305 54
8253 6308 55
8253 6447 26
8253 8780 3
8253 6306 27
8253 6445 51
8253 9601 39
8253 9597 34
8253 6446 28
8253 6372 41
8253 8694 30
8253 9595 40
8253 9603 44
8253 9600 36
8253 6456 46
8253 6425 28
8253 6371 27
8253 9599 9
8253 6356 8
8253 6423 49
8253 6424 32
8253 9596 25
8253 9605 36
8253 6453 29
8253 6458 40
8253 6455 8
8253 6422 0
8253 6355 8
8253 6433 16
8253 6526 17
8253 6358 54
8275 6307 29
8275 6305 51
8275 6308 20
8275 6447 31
8275 8780 18
8275 6306 19
8275 6445 33
8275 9601 0
8275 9597 58
8275 6446 39
8275 6372 4
8275 8694 45
8275 9595 19
8275 9603 40
8275 9600 52
8275 6456 16
8275 6425 46
8275 6371 28
8275 9599 15
8275 6356 58
8275 6423 18
8275 6424 17
8275 9596 32
8275 9605 26
8275 6453 59
8275 6458 9
8275 6455 54
8275 6422 39
8275 6355 3
8275 6433 36
8275 6526 35
8275 6358 18
8230 6307 11
8230 6305 51
8230 6308 31
8230 6447 40
8230 8780 23
8230 6306 8
8230 6445 34
8230 9601 14
8230 9597 25
8230 6446 9
8230 6372 31
8230 8694 4
8230 9595 45
8230 9603 37
8230 9600 31
8230 6456 52
8230 6425 27
8230 6371 44
8230 9599 53
8230 6356 12
8230 6423 54
8230 6424 32
8230 9596 24
8230 9605 32
8230 6453 22
8230 6458 37
8230 6455 20
8230 6422 34
8230 6355 59
8230 6433 39
8230 6526 2
8230 6358 22
8080 6307 31
8080 6305 27
8080 6308 24
8080 6447 19
8080 8780 27
8080 6306 42
8080 6445 15
8080 9601 55
8080 9597 16
8080 6446 7
8080 6372 30
8080 8694 48
8080 9595 26
8080 9603 17
8080 9600 48
8080 6456 58
8080 6425 17
8080 6371 43
8080 9599 24
8080 6356 5
8080 6423 50
8080 6424 41
8080 9596 22
8080 9605 3
8080 6453 7
8080 6458 8
8080 6455 51
8080 6422 7
8080 6355 48
8080 6433 51
8080 6526 21
8080 6358 7
8256 6307 38
8256 6305 15
8256 6308 30
8256 6447 24
8256 8780 47
8256 6306 7
8256 6445 52
8256 9601 58
8256 9597 11
8256 6446 51
8256 6372 17
8256 8694 39
8256 9595 52
8256 9603 36
8256 9600 14
8256 6456 41
8256 6425 10
8256 6371 7
8256 9599 31
8256 6356 51
8256 6423 55
8256 6424 45
8256 9596 6
8256 9605 2
8256 6453 14
8256 6458 57
8256 6455 40
8256 6422 3
8256 6355 25
8256 6433 3
8256 6526 21
8256 6358 30
8271 6307 58
8271 6305 39
8271 6308 40
8271 6447 1
8271 8780 16
8271 6306 44
8271 6445 54
8271 9601 14
8271 9597 15
8271 6446 10
8271 6372 32
8271 8694 28
8271 9595 43
8271 9603 52
8271 9600 10
8271 6456 17
8271 6425 37
8271 6371 19
8271 9599 0
8271 6356 50
8271 6423 29
8271 6424 18
8271 9596 44
8271 9605 12
8271 6453 6
8271 6458 24
8271 6455 55
8271 6422 9
8271 6355 11
8271 6433 59
8271 6526 46
8271 6358 35
8274 6307 54
8274 6305 25
8274 6308 21
8274 6447 42
8274 8780 48
8274 6306 3
8274 6445 60
8274 9601 7
8274 9597 9
8274 6446 40
8274 6372 2
8274 8694 42
8274 9595 20
8274 9603 16
8274 9600 17
8274 6456 60
8274 6425 50
8274 6371 8
8274 9599 10
8274 6356 50
8274 6423 27
8274 6424 34
8274 9596 33
8274 9605 34
8274 6453 24
8274 6458 14
8274 6455 54
8274 6422 43
8274 6355 34
8274 6433 41
8274 6526 49
8274 6358 29
8077 6307 3
8077 6305 22
8077 6308 57
8077 6447 0
8077 8780 58
8077 6306 59
8077 6445 23
8077 9601 57
8077 9597 7
8077 6446 3
8077 6372 15
8077 8694 52
8077 9595 39
8077 9603 31
8077 9600 37
8077 6456 10
8077 6425 1
8077 6371 1
8077 9599 34
8077 6356 48
8077 6423 35
8077 6424 15
8077 9596 45
8077 9605 27
8077 6453 53
8077 6458 47
8077 6455 36
8077 6422 27
8077 6355 56
8077 6433 2
8077 6526 15
8077 6358 21
8223 6307 26
8223 6305 35
8223 6308 36
8223 6447 7
8223 8780 30
8223 6306 29
8223 6445 3
8223 9601 41
8223 9597 48
8223 6446 51
8223 6372 17
8223 8694 14
8223 9595 6
8223 9603 0
8223 9600 42
8223 6456 6
8223 6425 51
8223 6371 3
8223 9599 36
8223 6356 2
8223 6423 39
8223 6424 1
8223 9596 54
8223 9605 46
8223 6453 9
8223 6458 49
8223 6455 15
8223 6422 16
8223 6355 28
8223 6433 7
8223 6526 43
8223 6358 46
8229 6307 32
8229 6305 57
8229 6308 14
8229 6447 48
8229 8780 50
8229 6306 7
8229 6445 29
8229 9601 25
8229 9597 29
8229 6446 17
8229 6372 5
8229 8694 7
8229 9595 25
8229 9603 49
8229 9600 14
8229 6456 59
8229 6425 60
8229 6371 28
8229 9599 25
8229 6356 58
8229 6423 35
8229 6424 13
8229 9596 51
8229 9605 37
8229 6453 47
8229 6458 22
8229 6455 22
8229 6422 42
8229 6355 26
8229 6433 41
8229 6526 49
8229 6358 42
8245 6307 33
8245 6305 24
8245 6308 59
8245 6447 57
8245 8780 23
8245 6306 52
8245 6445 37
8245 9601 58
8245 9597 32
8245 6446 43
8245 6372 34
8245 8694 38
8245 9595 38
8245 9603 60
8245 9600 1
8245 6456 54
8245 6425 44
8245 6371 51
8245 9599 44
8245 6356 29
8245 6423 46
8245 6424 5
8245 9596 60
8245 9605 47
8245 6453 59
8245 6458 0
8245 6455 56
8245 6422 13
8245 6355 58
8245 6433 17
8245 6526 39
8245 6358 6
8242 6307 11
8242 6305 34
8242 6308 6
8242 6447 48
8242 8780 17
8242 6306 45
8242 6445 36
8242 9601 54
8242 9597 15
8242 6446 2
8242 6372 45
8242 8694 8
8242 9595 19
8242 9603 34
8242 9600 49
8242 6456 23
8242 6425 2
8242 6371 54
8242 9599 35
8242 6356 45
8242 6423 49
8242 6424 12
8242 9596 19
8242 9605 59
8242 6453 53
8242 6458 11
8242 6455 52
8242 6422 2
8242 6355 33
8242 6433 28
8242 6526 8
8242 6358 59
8251 6307 2
8251 6305 37
8251 6308 45
8251 6447 37
8251 8780 43
8251 6306 8
8251 6445 28
8251 9601 15
8251 9597 45
8251 6446 29
8251 6372 52
8251 8694 0
8251 9595 24
8251 9603 32
8251 9600 25
8251 6456 21
8251 6425 36
8251 6371 40
8251 9599 38
8251 6356 54
8251 6423 32
8251 6424 43
8251 9596 16
8251 9605 5
8251 6453 26
8251 6458 43
8251 6455 24
8251 6422 4
8251 6355 22
8251 6433 47
8251 6526 39
8251 6358 27
8293 6307 19
8293 6305 11
8293 6308 36
8293 6447 51
8293 8780 19
8293 6306 1
8293 6445 54
8293 9601 59
8293 9597 16
8293 6446 17
8293 6372 14
8293 8694 49
8293 9595 25
8293 9603 30
8293 9600 59
8293 6456 9
8293 6425 54
8293 6371 33
8293 9599 52
8293 6356 55
8293 6423 27
8293 6424 12
8293 9596 6
8293 9605 27
8293 6453 59
8293 6458 23
8293 6455 36
8293 6422 26
8293 6355 60
8293 6433 20
8293 6526 5
8293 6358 32
8308 6307 27
8308 6305 31
8308 6308 50
8308 6447 23
8308 8780 8
8308 6306 37
8308 6445 33
8308 9601 18
8308 9597 36
8308 6446 39
8308 6372 6
8308 8694 5
8308 9595 52
8308 9603 24
8308 9600 27
8308 6456 43
8308 6425 8
8308 6371 36
8308 9599 5
8308 6356 40
8308 6423 45
8308 6424 43
8308 9596 38
8308 9605 32
8308 6453 38
8308 6458 19
8308 6455 6
8308 6422 30
8308 6355 35
8308 6433 47
8308 6526 29
8308 6358 54
8096 6307 7
8096 6305 7
8096 6308 53
8096 6447 15
8096 8780 23
8096 6306 6
8096 6445 17
8096 9601 19
8096 9597 31
8096 6446 44
8096 6372 20
8096 8694 36
8096 9595 0
8096 9603 13
8096 9600 17
8096 6456 40
8096 6425 7
8096 6371 48
8096 9599 47
8096 6356 37
8096 6423 12
8096 6424 7
8096 9596 18
8096 9605 5
8096 6453 21
8096 6458 25
8096 6455 33
8096 6422 41
8096 6355 33
8096 6433 1
8096 6526 31
8096 6358 46
8082 6307 7
8082 6305 44
8082 6308 47
8082 6447 58
8082 8780 45
8082 6306 2
8082 6445 34
8082 9601 36
8082 9597 49
8082 6446 30
8082 6372 45
8082 8694 13
8082 9595 23
8082 9603 14
8082 9600 37
8082 6456 18
8082 6425 52
8082 6371 6
8082 9599 25
8082 6356 24
8082 6423 57
8082 6424 11
8082 9596 50
8082 9605 36
8082 6453 22
8082 6458 12
8082 6455 22
8082 6422 36
8082 6355 19
8082 6433 31
8082 6526 37
8082 6358 16
8076 6307 9
8076 6305 31
8076 6308 9
8076 6447 8
8076 8780 3
8076 6306 17
8076 6445 49
8076 9601 18
8076 9597 23
8076 6446 31
8076 6372 22
8076 8694 38
8076 9595 29
8076 9603 50
8076 9600 3
8076 6456 50
8076 6425 9
8076 6371 55
8076 9599 47
8076 6356 8
8076 6423 20
8076 6424 58
8076 9596 52
8076 9605 3
8076 6453 45
8076 6458 34
8076 6455 3
8076 6422 56
8076 6355 53
8076 6433 41
8076 6526 32
8076 6358 6
8255 6307 7
8255 6305 33
8255 6308 59
8255 6447 58
8255 8780 29
8255 6306 42
8255 6445 50
8255 9601 33
8255 9597 12
8255 6446 25
8255 6372 16
8255 8694 39
8255 9595 38
8255 9603 32
8255 9600 59
8255 6456 15
8255 6425 46
8255 6371 5
8255 9599 46
8255 6356 28
8255 6423 49
8255 6424 6
8255 9596 29
8255 9605 0
8255 6453 14
8255 6458 48
8255 6455 6
8255 6422 4
8255 6355 28
8255 6433 5
8255 6526 49
8255 6358 41
8258 6307 27
8258 6305 8
8258 6308 58
8258 6447 44
8258 8780 2
8258 6306 39
8258 6445 53
8258 9601 13
8258 9597 35
8258 6446 42
8258 6372 39
8258 8694 10
8258 9595 13
8258 9603 14
8258 9600 3
8258 6456 16
8258 6425 42
8258 6371 57
8258 9599 60
8258 6356 27
8258 6423 26
8258 6424 3
8258 9596 54
8258 9605 32
8258 6453 29
8258 6458 9
8258 6455 10
8258 6422 52
8258 6355 35
8258 6433 34
8258 6526 56
8258 6358 47
