3692 3104 29
3692 3104 29
3692 3104 39
3692 3104 29
3692 3103 17
3692 3103 11
3692 3103 27
3692 3103 54
3692 3980 31
3692 3980 29
3692 3980 13
3692 3980 31
3692 3094 42
3692 3094 42
3692 3094 15
3692 3094 13
3692 3967 18
3692 3967 9
3692 3967 5
3692 3967 22
3692 3092 40
3692 3092 37
3692 3092 30
3692 3092 18
3692 3107 17
3692 3107 23
3692 3107 31
3692 3107 24
3692 3108 21
3692 3108 29
3692 3108 59
3692 3108 17
3692 3312 16
3692 3312 44
3692 3312 40
3692 3312 26
3692 3093 20
3692 3093 21
3692 3093 42
3692 3093 3
3692 3109 22
3692 3109 55
3692 3109 38
3692 3109 60
3692 3139 60
3692 3139 48
3692 3139 37
3692 3139 44
3692 8597 40
3692 8597 22
3692 8597 35
3692 8597 3
3692 3098 24
3692 3098 36
3692 3098 23
3692 3098 29
3692 3136 38
3692 3136 37
3692 3136 18
3692 3136 45
3692 3135 38
3692 3135 54
3692 3135 13
3692 3135 55
3692 3140 17
3692 3140 47
3692 3140 39
3692 3140 53
3692 8618 40
3692 8618 30
3692 8618 26
3692 8618 24
3692 3097 13
3692 3097 34
3692 3097 17
3692 3097 49
3692 3137 21
3692 3137 39
3692 3137 42
3692 3137 24
3692 3132 26
3692 3132 32
3692 3132 46
3692 3132 55
3692 3141 28
3692 3141 57
3692 3141 50
3692 3141 43
3692 3143 25
3692 3143 47
3692 3143 19
3692 3143 60
3692 3317 40
3692 3317 56
3692 3317 44
3692 3317 19
3692 3318 36
3692 3318 5
3692 3318 51
3692 3318 9
3692 8596 22
3692 8596 55
3692 8596 45
3692 8596 49
3692 8587 25
3692 8587 31
3692 8587 56
3692 8587 20
3692 9503 7
3692 9503 44
3692 9503 15
3692 9503 17
3692 3099 34
3692 3099 22
3692 3099 22
3692 3099 27
3692 3100 8
3692 3100 26
3692 3100 39
3692 3100 28
3692 3976 37
3692 3976 56
3692 3976 46
3692 3976 29
3692 3133 23
3692 3133 37
3692 3133 33
3692 3133 39
3589 3104 46
3589 3104 25
3589 3104 13
3589 3104 54
3589 3103 35
3589 3103 42
3589 3103 54
3589 3103 4
3589 3980 55
3589 3980 12
3589 3980 17
3589 3980 28
3589 3094 46
3589 3094 43
3589 3094 56
3589 3094 3
3589 3967 50
3589 3967 14
3589 3967 33
3589 3967 56
3589 3092 26
3589 3092 35
3589 3092 54
3589 3092 33
3589 3107 37
3589 3107 2
3589 3107 7
3589 3107 22
3589 3108 53
3589 3108 30
3589 3108 48
3589 3108 5
3589 3312 19
3589 3312 29
3589 3312 10
3589 3312 19
3589 3093 2
3589 3093 60
3589 3093 21
3589 3093 6
3589 3109 37
3589 3109 5
3589 3109 37
3589 3109 6
3589 3139 7
3589 3139 9
3589 3139 52
3589 3139 12
3589 8597 55
3589 8597 40
3589 8597 11
3589 8597 53
3589 3098 9
3589 3098 11
3589 3098 2
3589 3098 24
3589 3136 2
3589 3136 46
3589 3136 50
3589 3136 40
3589 3135 3
3589 3135 40
3589 3135 55
3589 3135 60
3589 3140 14
3589 3140 44
3589 3140 30
3589 3140 8
3589 8618 16
3589 8618 54
3589 8618 32
3589 8618 28
3589 3097 14
3589 3097 16
3589 3097 39
3589 3097 45
3589 3137 35
3589 3137 44
3589 3137 9
3589 3137 25
3589 3132 25
3589 3132 22
3589 3132 39
3589 3132 29
3589 3141 6
3589 3141 19
3589 3141 32
3589 3141 28
3589 3143 43
3589 3143 22
3589 3143 27
3589 3143 6
3589 3317 7
3589 3317 24
3589 3317 24
3589 3317 52
3589 3318 19
3589 3318 22
3589 3318 48
3589 3318 9
3589 8596 42
3589 8596 6
3589 8596 42
3589 8596 57
3589 8587 51
3589 8587 29
3589 8587 45
3589 8587 9
3589 9503 10
3589 9503 58
3589 9503 26
3589 9503 52
3589 3099 46
3589 3099 35
3589 3099 18
3589 3099 47
3589 3100 56
3589 3100 24
3589 3100 53
3589 3100 39
3589 3976 56
3589 3976 39
3589 3976 6
3589 3976 24
3589 3133 31
3589 3133 29
3589 3133 37
3589 3133 2
3691 3104 48
3691 3104 9
3691 3104 10
3691 3104 30
3691 3103 55
3691 3103 20
3691 3103 17
3691 3103 39
3691 3980 37
3691 3980 44
3691 3980 38
3691 3980 35
3691 3094 8
3691 3094 50
3691 3094 28
3691 3094 33
3691 3967 37
3691 3967 8
3691 3967 1
3691 3967 40
3691 3092 17
3691 3092 20
3691 3092 13
3691 3092 30
3691 3107 14
3691 3107 46
3691 3107 52
3691 3107 43
3691 3108 28
3691 3108 43
3691 3108 12
3691 3108 3
3691 3312 33
3691 3312 3
3691 3312 43
3691 3312 43
3691 3093 30
3691 3093 17
3691 3093 31
3691 3093 35
3691 3109 24
3691 3109 54
3691 3109 31
3691 3109 40
3691 3139 21
3691 3139 14
3691 3139 38
3691 3139 45
3691 8597 29
3691 8597 59
3691 8597 8
3691 8597 40
3691 3098 18
3691 3098 9
3691 3098 46
3691 3098 29
3691 3136 60
3691 3136 44
3691 3136 47
3691 3136 7
3691 3135 36
3691 3135 8
3691 3135 8
3691 3135 11
3691 3140 39
3691 3140 53
3691 3140 2
3691 3140 60
3691 8618 58
3691 8618 37
3691 8618 30
3691 8618 14
3691 3097 29
3691 3097 36
3691 3097 45
3691 3097 56
3691 3137 27
3691 3137 0
3691 3137 38
3691 3137 35
3691 3132 1
3691 3132 45
3691 3132 50
3691 3132 19
3691 3141 10
3691 3141 52
3691 3141 34
3691 3141 60
3691 3143 56
3691 3143 58
3691 3143 12
3691 3143 39
3691 3317 3
3691 3317 54
3691 3317 27
3691 3317 49
3691 3318 53
3691 3318 4
3691 3318 30
3691 3318 27
3691 8596 39
3691 8596 54
3691 8596 19
3691 8596 49
3691 8587 25
3691 8587 43
3691 8587 46
3691 8587 3
3691 9503 19
3691 9503 57
3691 9503 51
3691 9503 11
3691 3099 47
3691 3099 3
3691 3099 19
3691 3099 41
3691 3100 17
3691 3100 16
3691 3100 7
3691 3100 26
3691 3976 10
3691 3976 43
3691 3976 19
3691 3976 24
3691 3133 28
3691 3133 23
3691 3133 34
3691 3133 21
3836 3104 7
3836 3104 23
3836 3104 23
3836 3104 13
3836 3103 5
3836 3103 4
3836 3103 59
3836 3103 53
3836 3980 46
3836 3980 27
3836 3980 44
3836 3980 41
3836 3094 60
3836 3094 17
3836 3094 17
3836 3094 42
3836 3967 24
3836 3967 10
3836 3967 14
3836 3967 53
3836 3092 53
3836 3092 21
3836 3092 54
3836 3092 34
3836 3107 33
3836 3107 60
3836 3107 0
3836 3107 48
3836 3108 51
3836 3108 2
3836 3108 1
3836 3108 29
3836 3312 33
3836 3312 36
3836 3312 34
3836 3312 28
3836 3093 51
3836 3093 14
3836 3093 8
3836 3093 55
3836 3109 23
3836 3109 27
3836 3109 54
3836 3109 25
3836 3139 23
3836 3139 60
3836 3139 45
3836 3139 15
3836 8597 50
3836 8597 31
3836 8597 8
3836 8597 57
3836 3098 18
3836 3098 23
3836 3098 55
3836 3098 16
3836 3136 17
3836 3136 55
3836 3136 57
3836 3136 2
3836 3135 16
3836 3135 28
3836 3135 28
3836 3135 25
3836 3140 4
3836 3140 39
3836 3140 39
3836 3140 45
3836 8618 21
3836 8618 60
3836 8618 16
3836 8618 9
3836 3097 32
3836 3097 15
3836 3097 57
3836 3097 20
3836 3137 43
3836 3137 14
3836 3137 32
3836 3137 16
3836 3132 25
3836 3132 15
3836 3132 33
3836 3132 34
3836 3141 48
3836 3141 9
3836 3141 36
3836 3141 7
3836 3143 56
3836 3143 32
3836 3143 23
3836 3143 8
3836 3317 33
3836 3317 2
3836 3317 40
3836 3317 57
3836 3318 12
3836 3318 44
3836 3318 23
3836 3318 46
3836 8596 25
3836 8596 20
3836 8596 18
3836 8596 21
3836 8587 52
3836 8587 26
3836 8587 5
3836 8587 14
3836 9503 10
3836 9503 22
3836 9503 45
3836 9503 55
3836 3099 12
3836 3099 4
3836 3099 48
3836 3099 5
3836 3100 58
3836 3100 27
3836 3100 34
3836 3100 32
3836 3976 37
3836 3976 59
3836 3976 37
3836 3976 5
3836 3133 14
3836 3133 54
3836 3133 15
3836 3133 53
3790 3104 34
3790 3104 58
3790 3104 14
3790 3104 34
3790 3103 23
3790 3103 27
3790 3103 5
3790 3103 53
3790 3980 22
3790 3980 1
3790 3980 1
3790 3980 41
3790 3094 41
3790 3094 55
3790 3094 26
3790 3094 9
3790 3967 5
3790 3967 26
3790 3967 45
3790 3967 54
3790 3092 28
3790 3092 20
3790 3092 22
3790 3092 15
3790 3107 60
3790 3107 53
3790 3107 27
3790 3107 41
3790 3108 51
3790 3108 12
3790 3108 40
3790 3108 40
3790 3312 58
3790 3312 24
3790 3312 41
3790 3312 17
3790 3093 4
3790 3093 31
3790 3093 55
3790 3093 20
3790 3109 7
3790 3109 45
3790 3109 43
3790 3109 25
3790 3139 58
3790 3139 9
3790 3139 10
3790 3139 0
3790 8597 14
3790 8597 54
3790 8597 52
3790 8597 48
3790 3098 14
3790 3098 15
3790 3098 47
3790 3098 36
3790 3136 54
3790 3136 55
3790 3136 13
3790 3136 31
3790 3135 22
3790 3135 36
3790 3135 60
3790 3135 47
3790 3140 42
3790 3140 12
3790 3140 3
3790 3140 36
3790 8618 37
3790 8618 18
3790 8618 21
3790 8618 26
3790 3097 19
3790 3097 8
3790 3097 13
3790 3097 1
3790 3137 23
3790 3137 41
3790 3137 14
3790 3137 54
3790 3132 9
3790 3132 1
3790 3132 42
3790 3132 41
3790 3141 42
3790 3141 44
3790 3141 16
3790 3141 29
3790 3143 39
3790 3143 17
3790 3143 41
3790 3143 20
3790 3317 36
3790 3317 1
3790 3317 46
3790 3317 34
3790 3318 26
3790 3318 48
3790 3318 49
3790 3318 60
3790 8596 1
3790 8596 10
3790 8596 47
3790 8596 53
3790 8587 22
3790 8587 32
3790 8587 0
3790 8587 9
3790 9503 42
3790 9503 3
3790 9503 20
3790 9503 5
3790 3099 39
3790 3099 20
3790 3099 3
3790 3099 3
3790 3100 16
3790 3100 36
3790 3100 39
3790 3100 25
3790 3976 8
3790 3976 31
3790 3976 44
3790 3976 41
3790 3133 2
3790 3133 2
3790 3133 32
3790 3133 41
3590 3104 56
3590 3104 58
3590 3104 57
3590 3104 33
3590 3103 39
3590 3103 23
3590 3103 25
3590 3103 4
3590 3980 28
3590 3980 31
3590 3980 39
3590 3980 26
3590 3094 32
3590 3094 30
3590 3094 25
3590 3094 18
3590 3967 28
3590 3967 22
3590 3967 40
3590 3967 38
3590 3092 29
3590 3092 4
3590 3092 58
3590 3092 0
3590 3107 21
3590 3107 16
3590 3107 56
3590 3107 5
3590 3108 18
3590 3108 42
3590 3108 24
3590 3108 55
3590 3312 18
3590 3312 18
3590 3312 11
3590 3312 10
3590 3093 10
3590 3093 25
3590 3093 20
3590 3093 21
3590 3109 38
3590 3109 29
3590 3109 17
3590 3109 2
3590 3139 25
3590 3139 43
3590 3139 46
3590 3139 41
3590 8597 26
3590 8597 43
3590 8597 14
3590 8597 2
3590 3098 27
3590 3098 49
3590 3098 20
3590 3098 30
3590 3136 31
3590 3136 29
3590 3136 30
3590 3136 26
3590 3135 3
3590 3135 9
3590 3135 30
3590 3135 37
3590 3140 55
3590 3140 58
3590 3140 18
3590 3140 40
3590 8618 39
3590 8618 60
3590 8618 8
3590 8618 47
3590 3097 44
3590 3097 21
3590 3097 30
3590 3097 36
3590 3137 15
3590 3137 25
3590 3137 3
3590 3137 8
3590 3132 20
3590 3132 26
3590 3132 57
3590 3132 50
3590 3141 40
3590 3141 44
3590 3141 5
3590 3141 28
3590 3143 13
3590 3143 57
3590 3143 0
3590 3143 45
3590 3317 56
3590 3317 35
3590 3317 12
3590 3317 54
3590 3318 41
3590 3318 17
3590 3318 31
3590 3318 54
3590 8596 52
3590 8596 33
3590 8596 28
3590 8596 22
3590 8587 7
3590 8587 34
3590 8587 30
3590 8587 35
3590 9503 14
3590 9503 11
3590 9503 43
3590 9503 52
3590 3099 3
3590 3099 46
3590 3099 31
3590 3099 57
3590 3100 32
3590 3100 19
3590 3100 5
3590 3100 38
3590 3976 53
3590 3976 4
3590 3976 39
3590 3976 25
3590 3133 28
3590 3133 36
3590 3133 27
3590 3133 29
3587 3104 11
3587 3104 39
3587 3104 0
3587 3104 54
3587 3103 44
3587 3103 46
3587 3103 56
3587 3103 22
3587 3980 7
3587 3980 11
3587 3980 37
3587 3980 56
3587 3094 41
3587 3094 48
3587 3094 55
3587 3094 47
3587 3967 51
3587 3967 45
3587 3967 11
3587 3967 1
3587 3092 2
3587 3092 33
3587 3092 47
3587 3092 52
3587 3107 43
3587 3107 33
3587 3107 43
3587 3107 30
3587 3108 54
3587 3108 40
3587 3108 4
3587 3108 6
3587 3312 22
3587 3312 9
3587 3312 3
3587 3312 50
3587 3093 0
3587 3093 57
3587 3093 38
3587 3093 9
3587 3109 16
3587 3109 15
3587 3109 9
3587 3109 0
3587 3139 57
3587 3139 4
3587 3139 42
3587 3139 36
3587 8597 36
3587 8597 37
3587 8597 59
3587 8597 22
3587 3098 5
3587 3098 56
3587 3098 22
3587 3098 42
3587 3136 24
3587 3136 4
3587 3136 26
3587 3136 24
3587 3135 6
3587 3135 31
3587 3135 16
3587 3135 23
3587 3140 32
3587 3140 14
3587 3140 11
3587 3140 31
3587 8618 30
3587 8618 29
3587 8618 34
3587 8618 33
3587 3097 36
3587 3097 23
3587 3097 15
3587 3097 0
3587 3137 55
3587 3137 26
3587 3137 13
3587 3137 59
3587 3132 53
3587 3132 45
3587 3132 27
3587 3132 45
3587 3141 20
3587 3141 10
3587 3141 8
3587 3141 15
3587 3143 57
3587 3143 2
3587 3143 43
3587 3143 23
3587 3317 53
3587 3317 15
3587 3317 59
3587 3317 51
3587 3318 47
3587 3318 50
3587 3318 28
3587 3318 49
3587 8596 30
3587 8596 22
3587 8596 3
3587 8596 2
3587 8587 24
3587 8587 51
3587 8587 21
3587 8587 15
3587 9503 0
3587 9503 27
3587 9503 25
3587 9503 3
3587 3099 56
3587 3099 2
3587 3099 2
3587 3099 26
3587 3100 22
3587 3100 56
3587 3100 13
3587 3100 33
3587 3976 53
3587 3976 44
3587 3976 19
3587 3976 30
3587 3133 4
3587 3133 17
3587 3133 14
3587 3133 27
3690 3104 27
3690 3104 17
3690 3104 44
3690 3104 38
3690 3103 5
3690 3103 32
3690 3103 51
3690 3103 4
3690 3980 51
3690 3980 3
3690 3980 11
3690 3980 46
3690 3094 23
3690 3094 13
3690 3094 40
3690 3094 29
3690 3967 53
3690 3967 26
3690 3967 60
3690 3967 42
3690 3092 39
3690 3092 5
3690 3092 48
3690 3092 1
3690 3107 36
3690 3107 30
3690 3107 6
3690 3107 22
3690 3108 16
3690 3108 13
3690 3108 23
3690 3108 41
3690 3312 29
3690 3312 11
3690 3312 59
3690 3312 50
3690 3093 24
3690 3093 35
3690 3093 26
3690 3093 47
3690 3109 10
3690 3109 8
3690 3109 45
3690 3109 52
3690 3139 1
3690 3139 57
3690 3139 35
3690 3139 20
3690 8597 59
3690 8597 16
3690 8597 60
3690 8597 21
3690 3098 32
3690 3098 26
3690 3098 0
3690 3098 1
3690 3136 31
3690 3136 60
3690 3136 33
3690 3136 33
3690 3135 18
3690 3135 12
3690 3135 7
3690 3135 54
3690 3140 1
3690 3140 32
3690 3140 34
3690 3140 31
3690 8618 17
3690 8618 12
3690 8618 17
3690 8618 11
3690 3097 10
3690 3097 34
3690 3097 11
3690 3097 28
3690 3137 29
3690 3137 58
3690 3137 6
3690 3137 6
3690 3132 46
3690 3132 45
3690 3132 52
3690 3132 55
3690 3141 35
3690 3141 41
3690 3141 54
3690 3141 28
3690 3143 48
3690 3143 52
3690 3143 24
3690 3143 60
3690 3317 57
3690 3317 47
3690 3317 4
3690 3317 5
3690 3318 21
3690 3318 4
3690 3318 11
3690 3318 25
3690 8596 20
3690 8596 59
3690 8596 7
3690 8596 24
3690 8587 56
3690 8587 56
3690 8587 38
3690 8587 12
3690 9503 9
3690 9503 46
3690 9503 36
3690 9503 58
3690 3099 43
3690 3099 33
3690 3099 56
3690 3099 19
3690 3100 11
3690 3100 2
3690 3100 5
3690 3100 9
3690 3976 52
3690 3976 58
3690 3976 5
3690 3976 53
3690 3133 7
3690 3133 2
3690 3133 10
3690 3133 6
3694 3104 35
3694 3104 35
3694 3104 43
3694 3104 48
3694 3103 19
3694 3103 3
3694 3103 43
3694 3103 32
3694 3980 22
3694 3980 0
3694 3980 19
3694 3980 17
3694 3094 50
3694 3094 2
3694 3094 49
3694 3094 46
3694 3967 50
3694 3967 60
3694 3967 58
3694 3967 42
3694 3092 0
3694 3092 27
3694 3092 12
3694 3092 32
3694 3107 30
3694 3107 21
3694 3107 12
3694 3107 43
3694 3108 2
3694 3108 11
3694 3108 16
3694 3108 31
3694 3312 12
3694 3312 4
3694 3312 18
3694 3312 32
3694 3093 50
3694 3093 29
3694 3093 3
3694 3093 41
3694 3109 35
3694 3109 19
3694 3109 0
3694 3109 6
3694 3139 25
3694 3139 52
3694 3139 53
3694 3139 41
3694 8597 60
3694 8597 38
3694 8597 16
3694 8597 56
3694 3098 59
3694 3098 48
3694 3098 3
3694 3098 38
3694 3136 60
3694 3136 15
3694 3136 14
3694 3136 30
3694 3135 52
3694 3135 22
3694 3135 44
3694 3135 45
3694 3140 22
3694 3140 7
3694 3140 17
3694 3140 4
3694 8618 21
3694 8618 35
3694 8618 29
3694 8618 46
3694 3097 52
3694 3097 27
3694 3097 44
3694 3097 26
3694 3137 4
3694 3137 18
3694 3137 24
3694 3137 28
3694 3132 42
3694 3132 3
3694 3132 1
3694 3132 12
3694 3141 47
3694 3141 19
3694 3141 44
3694 3141 51
3694 3143 33
3694 3143 46
3694 3143 49
3694 3143 8
3694 3317 40
3694 3317 49
3694 3317 20
3694 3317 38
3694 3318 53
3694 3318 18
3694 3318 14
3694 3318 6
3694 8596 36
3694 8596 12
3694 8596 16
3694 8596 6
3694 8587 33
3694 8587 17
3694 8587 36
3694 8587 42
3694 9503 55
3694 9503 22
3694 9503 0
3694 9503 9
3694 3099 43
3694 3099 44
3694 3099 22
3694 3099 3
3694 3100 2
3694 3100 4
3694 3100 56
3694 3100 1
3694 3976 59
3694 3976 57
3694 3976 18
3694 3976 3
3694 3133 7
3694 3133 10
3694 3133 1
3694 3133 44
3838 3104 9
3838 3104 34
3838 3104 9
3838 3104 9
3838 3103 9
3838 3103 39
3838 3103 44
3838 3103 9
3838 3980 47
3838 3980 28
3838 3980 35
3838 3980 7
3838 3094 0
3838 3094 12
3838 3094 6
3838 3094 33
3838 3967 54
3838 3967 52
3838 3967 49
3838 3967 35
3838 3092 45
3838 3092 0
3838 3092 44
3838 3092 25
3838 3107 9
3838 3107 45
3838 3107 6
3838 3107 47
3838 3108 38
3838 3108 45
3838 3108 35
3838 3108 31
3838 3312 2
3838 3312 42
3838 3312 54
3838 3312 40
3838 3093 45
3838 3093 53
3838 3093 24
3838 3093 54
3838 3109 45
3838 3109 12
3838 3109 26
3838 3109 34
3838 3139 4
3838 3139 14
3838 3139 5
3838 3139 17
3838 8597 26
3838 8597 32
3838 8597 44
3838 8597 53
3838 3098 16
3838 3098 36
3838 3098 38
3838 3098 57
3838 3136 53
3838 3136 27
3838 3136 18
3838 3136 29
3838 3135 5
3838 3135 4
3838 3135 59
3838 3135 46
3838 3140 50
3838 3140 25
3838 3140 60
3838 3140 18
3838 8618 51
3838 8618 42
3838 8618 19
3838 8618 48
3838 3097 32
3838 3097 23
3838 3097 19
3838 3097 30
3838 3137 50
3838 3137 52
3838 3137 45
3838 3137 2
3838 3132 16
3838 3132 50
3838 3132 45
3838 3132 40
3838 3141 39
3838 3141 36
3838 3141 14
3838 3141 3
3838 3143 36
3838 3143 30
3838 3143 41
3838 3143 15
3838 3317 49
3838 3317 30
3838 3317 57
3838 3317 43
3838 3318 5
3838 3318 45
3838 3318 43
3838 3318 19
3838 8596 54
3838 8596 3
3838 8596 18
3838 8596 52
3838 8587 27
3838 8587 7
3838 8587 9
3838 8587 20
3838 9503 35
3838 9503 4
3838 9503 34
3838 9503 53
3838 3099 54
3838 3099 13
3838 3099 49
3838 3099 58
3838 3100 43
3838 3100 24
3838 3100 6
3838 3100 34
3838 3976 28
3838 3976 9
3838 3976 31
3838 3976 60
3838 3133 57
3838 3133 50
3838 3133 43
3838 3133 36
3837 3104 19
3837 3104 54
3837 3104 39
3837 3104 50
3837 3103 36
3837 3103 60
3837 3103 35
3837 3103 35
3837 3980 39
3837 3980 25
3837 3980 26
3837 3980 23
3837 3094 18
3837 3094 39
3837 3094 40
3837 3094 15
3837 3967 34
3837 3967 11
3837 3967 0
3837 3967 19
3837 3092 59
3837 3092 5
3837 3092 59
3837 3092 60
3837 3107 36
3837 3107 2
3837 3107 53
3837 3107 6
3837 3108 5
3837 3108 36
3837 3108 58
3837 3108 11
3837 3312 45
3837 3312 20
3837 3312 4
3837 3312 59
3837 3093 9
3837 3093 9
3837 3093 3
3837 3093 13
3837 3109 53
3837 3109 26
3837 3109 42
3837 3109 28
3837 3139 53
3837 3139 37
3837 3139 21
3837 3139 43
3837 8597 11
3837 8597 56
3837 8597 58
3837 8597 31
3837 3098 3
3837 3098 4
3837 3098 46
3837 3098 18
3837 3136 47
3837 3136 38
3837 3136 43
3837 3136 37
3837 3135 52
3837 3135 42
3837 3135 54
3837 3135 45
3837 3140 41
3837 3140 13
3837 3140 49
3837 3140 39
3837 8618 13
3837 8618 52
3837 8618 43
3837 8618 46
3837 3097 0
3837 3097 30
3837 3097 8
3837 3097 38
3837 3137 47
3837 3137 1
3837 3137 28
3837 3137 4
3837 3132 52
3837 3132 60
3837 3132 37
3837 3132 29
3837 3141 55
3837 3141 11
3837 3141 42
3837 3141 43
3837 3143 29
3837 3143 43
3837 3143 19
3837 3143 60
3837 3317 18
3837 3317 43
3837 3317 1
3837 3317 55
3837 3318 37
3837 3318 52
3837 3318 18
3837 3318 14
3837 8596 42
3837 8596 41
3837 8596 46
3837 8596 15
3837 8587 6
3837 8587 5
3837 8587 15
3837 8587 37
3837 9503 49
3837 9503 28
3837 9503 34
3837 9503 10
3837 3099 7
3837 3099 9
3837 3099 47
3837 3099 44
3837 3100 29
3837 3100 28
3837 3100 10
3837 3100 24
3837 3976 13
3837 3976 3
3837 3976 55
3837 3976 3
3837 3133 2
3837 3133 20
3837 3133 28
3837 3133 41
3842 3104 53
3842 3104 29
3842 3104 48
3842 3104 1
3842 3103 6
3842 3103 11
3842 3103 35
3842 3103 52
3842 3980 4
3842 3980 1
3842 3980 1
3842 3980 59
3842 3094 8
3842 3094 32
3842 3094 23
3842 3094 3
3842 3967 19
3842 3967 52
3842 3967 13
3842 3967 16
3842 3092 39
3842 3092 31
3842 3092 53
3842 3092 50
3842 3107 19
3842 3107 43
3842 3107 21
3842 3107 42
3842 3108 53
3842 3108 58
3842 3108 50
3842 3108 34
3842 3312 54
3842 3312 49
3842 3312 6
3842 3312 59
3842 3093 51
3842 3093 24
3842 3093 3
3842 3093 27
3842 3109 18
3842 3109 19
3842 3109 34
3842 3109 19
3842 3139 46
3842 3139 56
3842 3139 46
3842 3139 45
3842 8597 30
3842 8597 59
3842 8597 12
3842 8597 5
3842 3098 47
3842 3098 30
3842 3098 47
3842 3098 45
3842 3136 28
3842 3136 8
3842 3136 33
3842 3136 36
3842 3135 40
3842 3135 37
3842 3135 7
3842 3135 46
3842 3140 36
3842 3140 5
3842 3140 47
3842 3140 54
3842 8618 51
3842 8618 14
3842 8618 12
3842 8618 47
3842 3097 1
3842 3097 21
3842 3097 45
3842 3097 48
3842 3137 60
3842 3137 18
3842 3137 8
3842 3137 8
3842 3132 30
3842 3132 54
3842 3132 20
3842 3132 32
3842 3141 35
3842 3141 33
3842 3141 8
3842 3141 19
3842 3143 52
3842 3143 42
3842 3143 22
3842 3143 53
3842 3317 50
3842 3317 7
3842 3317 2
3842 3317 58
3842 3318 0
3842 3318 0
3842 3318 59
3842 3318 47
3842 8596 22
3842 8596 50
3842 8596 20
3842 8596 22
3842 8587 51
3842 8587 41
3842 8587 60
3842 8587 15
3842 9503 46
3842 9503 36
3842 9503 41
3842 9503 48
3842 3099 51
3842 3099 50
3842 3099 34
3842 3099 41
3842 3100 39
3842 3100 33
3842 3100 19
3842 3100 3
3842 3976 35
3842 3976 52
3842 3976 26
3842 3976 9
3842 3133 47
3842 3133 47
3842 3133 50
3842 3133 12
3588 3104 32
3588 3104 39
3588 3104 9
3588 3104 6
3588 3103 56
3588 3103 52
3588 3103 60
3588 3103 23
3588 3980 29
3588 3980 42
3588 3980 36
3588 3980 7
3588 3094 20
3588 3094 25
3588 3094 34
3588 3094 9
3588 3967 17
3588 3967 40
3588 3967 30
3588 3967 24
3588 3092 32
3588 3092 28
3588 3092 59
3588 3092 34
3588 3107 41
3588 3107 27
3588 3107 26
3588 3107 24
3588 3108 4
3588 3108 29
3588 3108 12
3588 3108 14
3588 3312 56
3588 3312 24
3588 3312 36
3588 3312 37
3588 3093 21
3588 3093 33
3588 3093 29
3588 3093 30
3588 3109 32
3588 3109 12
3588 3109 60
3588 3109 53
3588 3139 34
3588 3139 35
3588 3139 50
3588 3139 14
3588 8597 34
3588 8597 10
3588 8597 18
3588 8597 58
3588 3098 58
3588 3098 16
3588 3098 30
3588 3098 36
3588 3136 2
3588 3136 0
3588 3136 53
3588 3136 12
3588 3135 8
3588 3135 28
3588 3135 39
3588 3135 36
3588 3140 14
3588 3140 4
3588 3140 23
3588 3140 57
3588 8618 34
3588 8618 44
3588 8618 16
3588 8618 38
3588 3097 60
3588 3097 34
3588 3097 7
3588 3097 2
3588 3137 9
3588 3137 8
3588 3137 21
3588 3137 35
3588 3132 1
3588 3132 18
3588 3132 14
3588 3132 23
3588 3141 30
3588 3141 18
3588 3141 40
3588 3141 10
3588 3143 5
3588 3143 52
3588 3143 47
3588 3143 35
3588 3317 38
3588 3317 6
3588 3317 13
3588 3317 7
3588 3318 51
3588 3318 20
3588 3318 1
3588 3318 29
3588 8596 57
3588 8596 35
3588 8596 60
3588 8596 29
3588 8587 56
3588 8587 47
3588 8587 21
3588 8587 6
3588 9503 7
3588 9503 14
3588 9503 41
3588 9503 54
3588 3099 39
3588 3099 20
3588 3099 57
3588 3099 11
3588 3100 35
3588 3100 4
3588 3100 44
3588 3100 60
3588 3976 43
3588 3976 37
3588 3976 49
3588 3976 46
3588 3133 40
3588 3133 34
3588 3133 8
3588 3133 22
3586 3104 25
3586 3104 2
3586 3104 56
3586 3104 5
3586 3103 14
3586 3103 48
3586 3103 37
3586 3103 16
3586 3980 35
3586 3980 14
3586 3980 20
3586 3980 30
3586 3094 33
3586 3094 4
3586 3094 32
3586 3094 49
3586 3967 29
3586 3967 56
3586 3967 36
3586 3967 14
3586 3092 53
3586 3092 53
3586 3092 27
3586 3092 28
3586 3107 49
3586 3107 41
3586 3107 24
3586 3107 25
3586 3108 34
3586 3108 25
3586 3108 13
3586 3108 20
3586 3312 26
3586 3312 46
3586 3312 6
3586 3312 33
3586 3093 45
3586 3093 6
3586 3093 34
3586 3093 37
3586 3109 34
3586 3109 57
3586 3109 49
3586 3109 1
3586 3139 36
3586 3139 27
3586 3139 15
3586 3139 18
3586 8597 1
3586 8597 59
3586 8597 8
3586 8597 47
3586 3098 18
3586 3098 5
3586 3098 14
3586 3098 28
3586 3136 26
3586 3136 1
3586 3136 40
3586 3136 17
3586 3135 45
3586 3135 36
3586 3135 55
3586 3135 32
3586 3140 27
3586 3140 31
3586 3140 49
3586 3140 50
3586 8618 22
3586 8618 53
3586 8618 41
3586 8618 5
3586 3097 37
3586 3097 8
3586 3097 33
3586 3097 13
3586 3137 54
3586 3137 23
3586 3137 25
3586 3137 43
3586 3132 37
3586 3132 50
3586 3132 28
3586 3132 41
3586 3141 26
3586 3141 7
3586 3141 25
3586 3141 12
3586 3143 35
3586 3143 35
3586 3143 2
3586 3143 48
3586 3317 56
3586 3317 38
3586 3317 20
3586 3317 35
3586 3318 35
3586 3318 51
3586 3318 10
3586 3318 34
3586 8596 25
3586 8596 30
3586 8596 24
3586 8596 5
3586 8587 2
3586 8587 12
3586 8587 58
3586 8587 0
3586 9503 48
3586 9503 2
3586 9503 43
3586 9503 18
3586 3099 34
3586 3099 9
3586 3099 32
3586 3099 7
3586 3100 49
3586 3100 45
3586 3100 53
3586 3100 36
3586 3976 15
3586 3976 9
3586 3976 8
3586 3976 16
3586 3133 59
3586 3133 30
3586 3133 1
3586 3133 38
3585 3104 30
3585 3104 3
3585 3104 15
3585 3104 35
3585 3103 42
3585 3103 41
3585 3103 16
3585 3103 18
3585 3980 56
3585 3980 24
3585 3980 19
3585 3980 53
3585 3094 48
3585 3094 25
3585 3094 29
3585 3094 43
3585 3967 2
3585 3967 29
3585 3967 0
3585 3967 45
3585 3092 9
3585 3092 9
3585 3092 18
3585 3092 46
3585 3107 2
3585 3107 37
3585 3107 52
3585 3107 59
3585 3108 11
3585 3108 16
3585 3108 49
3585 3108 41
3585 3312 27
3585 3312 17
3585 3312 29
3585 3312 28
3585 3093 10
3585 3093 39
3585 3093 41
3585 3093 9
3585 3109 37
3585 3109 46
3585 3109 22
3585 3109 5
3585 3139 15
3585 3139 7
3585 3139 42
3585 3139 51
3585 8597 28
3585 8597 18
3585 8597 0
3585 8597 6
3585 3098 40
3585 3098 45
3585 3098 7
3585 3098 8
3585 3136 56
3585 3136 24
3585 3136 1
3585 3136 38
3585 3135 3
3585 3135 49
3585 3135 57
3585 3135 26
3585 3140 12
3585 3140 23
3585 3140 36
3585 3140 11
3585 8618 42
3585 8618 27
3585 8618 60
3585 8618 43
3585 3097 7
3585 3097 26
3585 3097 32
3585 3097 54
3585 3137 8
3585 3137 60
3585 3137 48
3585 3137 28
3585 3132 9
3585 3132 50
3585 3132 18
3585 3132 22
3585 3141 23
3585 3141 55
3585 3141 23
3585 3141 34
3585 3143 50
3585 3143 45
3585 3143 24
3585 3143 29
3585 3317 21
3585 3317 38
3585 3317 30
3585 3317 21
3585 3318 41
3585 3318 31
3585 3318 4
3585 3318 16
3585 8596 21
3585 8596 24
3585 8596 44
3585 8596 28
3585 8587 8
3585 8587 29
3585 8587 54
3585 8587 44
3585 9503 13
3585 9503 51
3585 9503 40
3585 9503 16
3585 3099 40
3585 3099 33
3585 3099 44
3585 3099 59
3585 3100 56
3585 3100 12
3585 3100 49
3585 3100 33
3585 3976 55
3585 3976 28
3585 3976 17
3585 3976 59
3585 3133 2
3585 3133 3
3585 3133 11
3585 3133 23
3673 3104 40
3673 3104 43
3673 3104 26
3673 3104 0
3673 3103 38
3673 3103 45
3673 3103 58
3673 3103 45
3673 3980 43
3673 3980 24
3673 3980 38
3673 3980 48
3673 3094 1
3673 3094 39
3673 3094 11
3673 3094 32
3673 3967 14
3673 3967 3
3673 3967 56
3673 3967 12
3673 3092 16
3673 3092 31
3673 3092 7
3673 3092 54
3673 3107 50
3673 3107 43
3673 3107 16
3673 3107 44
3673 3108 33
3673 3108 54
3673 3108 32
3673 3108 40
3673 3312 9
3673 3312 0
3673 3312 49
3673 3312 31
3673 3093 35
3673 3093 18
3673 3093 23
3673 3093 37
3673 3109 49
3673 3109 35
3673 3109 17
3673 3109 10
3673 3139 53
3673 3139 60
3673 3139 52
3673 3139 33
3673 8597 24
3673 8597 40
3673 8597 44
3673 8597 56
3673 3098 31
3673 3098 26
3673 3098 21
3673 3098 60
3673 3136 1
3673 3136 41
3673 3136 42
3673 3136 40
3673 3135 18
3673 3135 59
3673 3135 27
3673 3135 5
3673 3140 9
3673 3140 26
3673 3140 2
3673 3140 36
3673 8618 41
3673 8618 31
3673 8618 3
3673 8618 52
3673 3097 22
3673 3097 38
3673 3097 57
3673 3097 33
3673 3137 9
3673 3137 22
3673 3137 0
3673 3137 53
3673 3132 16
3673 3132 54
3673 3132 38
3673 3132 28
3673 3141 18
3673 3141 13
3673 3141 39
3673 3141 25
3673 3143 46
3673 3143 26
3673 3143 51
3673 3143 4
3673 3317 54
3673 3317 40
3673 3317 41
3673 3317 17
3673 3318 37
3673 3318 38
3673 3318 37
3673 3318 30
3673 8596 33
3673 8596 0
3673 8596 18
3673 8596 40
3673 8587 50
3673 8587 21
3673 8587 51
3673 8587 10
3673 9503 26
3673 9503 26
3673 9503 45
3673 9503 0
3673 3099 42
3673 3099 14
3673 3099 55
3673 3099 49
3673 3100 11
3673 3100 46
3673 3100 39
3673 3100 8
3673 3976 4
3673 3976 35
3673 3976 37
3673 3976 19
3673 3133 30
3673 3133 22
3673 3133 46
3673 3133 22
3675 3104 57
3675 3104 11
3675 3104 1
3675 3104 1
3675 3103 15
3675 3103 17
3675 3103 17
3675 3103 55
3675 3980 59
3675 3980 21
3675 3980 19
3675 3980 50
3675 3094 1
3675 3094 51
3675 3094 17
3675 3094 20
3675 3967 34
3675 3967 43
3675 3967 5
3675 3967 6
3675 3092 22
3675 3092 23
3675 3092 39
3675 3092 28
3675 3107 27
3675 3107 20
3675 3107 48
3675 3107 17
3675 3108 22
3675 3108 48
3675 3108 39
3675 3108 56
3675 3312 53
3675 3312 16
3675 3312 30
3675 3312 53
3675 3093 15
3675 3093 8
3675 3093 35
3675 3093 60
3675 3109 51
3675 3109 24
3675 3109 28
3675 3109 59
3675 3139 7
3675 3139 9
3675 3139 37
3675 3139 33
3675 8597 34
3675 8597 43
3675 8597 51
3675 8597 49
3675 3098 52
3675 3098 22
3675 3098 53
3675 3098 13
3675 3136 17
3675 3136 14
3675 3136 15
3675 3136 37
3675 3135 27
3675 3135 36
3675 3135 29
3675 3135 19
3675 3140 26
3675 3140 37
3675 3140 39
3675 3140 20
3675 8618 60
3675 8618 53
3675 8618 34
3675 8618 53
3675 3097 53
3675 3097 40
3675 3097 35
3675 3097 28
3675 3137 53
3675 3137 18
3675 3137 51
3675 3137 55
3675 3132 34
3675 3132 35
3675 3132 36
3675 3132 24
3675 3141 29
3675 3141 21
3675 3141 12
3675 3141 37
3675 3143 7
3675 3143 55
3675 3143 27
3675 3143 14
3675 3317 59
3675 3317 9
3675 3317 59
3675 3317 50
3675 3318 22
3675 3318 31
3675 3318 1
3675 3318 4
3675 8596 30
3675 8596 22
3675 8596 40
3675 8596 20
3675 8587 55
3675 8587 29
3675 8587 56
3675 8587 28
3675 9503 31
3675 9503 2
3675 9503 34
3675 9503 28
3675 3099 58
3675 3099 7
3675 3099 55
3675 3099 36
3675 3100 26
3675 3100 0
3675 3100 46
3675 3100 49
3675 3976 19
3675 3976 14
3675 3976 29
3675 3976 52
3675 3133 11
3675 3133 38
3675 3133 54
3675 3133 4
3693 3104 1
3693 3104 32
3693 3104 48
3693 3104 50
3693 3103 53
3693 3103 24
3693 3103 47
3693 3103 10
3693 3980 18
3693 3980 59
3693 3980 14
3693 3980 32
3693 3094 47
3693 3094 22
3693 3094 41
3693 3094 3
3693 3967 12
3693 3967 42
3693 3967 44
3693 3967 47
3693 3092 54
3693 3092 22
3693 3092 38
3693 3092 42
3693 3107 43
3693 3107 14
3693 3107 59
3693 3107 11
3693 3108 52
3693 3108 19
3693 3108 41
3693 3108 15
3693 3312 4
3693 3312 42
3693 3312 32
3693 3312 24
3693 3093 58
3693 3093 49
3693 3093 58
3693 3093 53
3693 3109 15
3693 3109 56
3693 3109 16
3693 3109 41
3693 3139 24
3693 3139 3
3693 3139 30
3693 3139 46
3693 8597 46
3693 8597 53
3693 8597 51
3693 8597 18
3693 3098 39
3693 3098 57
3693 3098 16
3693 3098 30
3693 3136 15
3693 3136 33
3693 3136 36
3693 3136 39
3693 3135 22
3693 3135 56
3693 3135 16
3693 3135 17
3693 3140 34
3693 3140 24
3693 3140 50
3693 3140 15
3693 8618 45
3693 8618 14
3693 8618 43
3693 8618 28
3693 3097 15
3693 3097 38
3693 3097 42
3693 3097 8
3693 3137 14
3693 3137 11
3693 3137 56
3693 3137 47
3693 3132 48
3693 3132 7
3693 3132 42
3693 3132 1
3693 3141 53
3693 3141 23
3693 3141 6
3693 3141 27
3693 3143 7
3693 3143 18
3693 3143 27
3693 3143 23
3693 3317 58
3693 3317 37
3693 3317 25
3693 3317 55
3693 3318 8
3693 3318 42
3693 3318 23
3693 3318 7
3693 8596 27
3693 8596 58
3693 8596 30
3693 8596 4
3693 8587 21
3693 8587 38
3693 8587 51
3693 8587 23
3693 9503 13
3693 9503 6
3693 9503 30
3693 9503 37
3693 3099 25
3693 3099 2
3693 3099 13
3693 3099 13
3693 3100 42
3693 3100 2
3693 3100 16
3693 3100 52
3693 3976 16
3693 3976 50
3693 3976 23
3693 3976 14
3693 3133 45
3693 3133 12
3693 3133 42
3693 3133 55
3696 3104 0
3696 3104 48
3696 3104 59
3696 3104 31
3696 3103 49
3696 3103 36
3696 3103 31
3696 3103 23
3696 3980 22
3696 3980 58
3696 3980 35
3696 3980 0
3696 3094 20
3696 3094 8
3696 3094 41
3696 3094 21
3696 3967 17
3696 3967 33
3696 3967 45
3696 3967 2
3696 3092 58
3696 3092 43
3696 3092 11
3696 3092 14
3696 3107 9
3696 3107 53
3696 3107 22
3696 3107 12
3696 3108 18
3696 3108 20
3696 3108 21
3696 3108 50
3696 3312 20
3696 3312 22
3696 3312 60
3696 3312 46
3696 3093 51
3696 3093 6
3696 3093 57
3696 3093 25
3696 3109 43
3696 3109 29
3696 3109 36
3696 3109 53
3696 3139 49
3696 3139 55
3696 3139 23
3696 3139 55
3696 8597 17
3696 8597 41
3696 8597 30
3696 8597 29
3696 3098 55
3696 3098 33
3696 3098 27
3696 3098 13
3696 3136 34
3696 3136 4
3696 3136 13
3696 3136 14
3696 3135 47
3696 3135 47
3696 3135 52
3696 3135 49
3696 3140 59
3696 3140 15
3696 3140 48
3696 3140 3
3696 8618 45
3696 8618 60
3696 8618 13
3696 8618 55
3696 3097 35
3696 3097 36
3696 3097 60
3696 3097 46
3696 3137 58
3696 3137 57
3696 3137 59
3696 3137 43
3696 3132 55
3696 3132 47
3696 3132 48
3696 3132 5
3696 3141 60
3696 3141 6
3696 3141 13
3696 3141 36
3696 3143 3
3696 3143 50
3696 3143 17
3696 3143 52
3696 3317 47
3696 3317 9
3696 3317 47
3696 3317 44
3696 3318 10
3696 3318 5
3696 3318 29
3696 3318 57
3696 8596 44
3696 8596 8
3696 8596 24
3696 8596 24
3696 8587 16
3696 8587 41
3696 8587 24
3696 8587 46
3696 9503 58
3696 9503 25
3696 9503 54
3696 9503 23
3696 3099 13
3696 3099 32
3696 3099 47
3696 3099 57
3696 3100 41
3696 3100 52
3696 3100 17
3696 3100 26
3696 3976 17
3696 3976 14
3696 3976 42
3696 3976 1
3696 3133 13
3696 3133 7
3696 3133 6
3696 3133 0
3839 3104 38
3839 3104 2
3839 3104 23
3839 3104 37
3839 3103 39
3839 3103 47
3839 3103 29
3839 3103 39
3839 3980 43
3839 3980 52
3839 3980 58
3839 3980 14
3839 3094 16
3839 3094 59
3839 3094 33
3839 3094 41
3839 3967 42
3839 3967 43
3839 3967 4
3839 3967 56
3839 3092 8
3839 3092 33
3839 3092 25
3839 3092 1
3839 3107 53
3839 3107 38
3839 3107 12
3839 3107 8
3839 3108 42
3839 3108 20
3839 3108 16
3839 3108 60
3839 3312 35
3839 3312 24
3839 3312 3
3839 3312 51
3839 3093 43
3839 3093 10
3839 3093 28
3839 3093 54
3839 3109 28
3839 3109 59
3839 3109 5
3839 3109 8
3839 3139 26
3839 3139 3
3839 3139 27
3839 3139 50
3839 8597 2
3839 8597 51
3839 8597 8
3839 8597 14
3839 3098 53
3839 3098 38
3839 3098 1
3839 3098 55
3839 3136 45
3839 3136 29
3839 3136 30
3839 3136 43
3839 3135 39
3839 3135 45
3839 3135 44
3839 3135 25
3839 3140 3
3839 3140 50
3839 3140 0
3839 3140 26
3839 8618 54
3839 8618 51
3839 8618 58
3839 8618 17
3839 3097 44
3839 3097 33
3839 3097 0
3839 3097 38
3839 3137 39
3839 3137 60
3839 3137 52
3839 3137 29
3839 3132 35
3839 3132 43
3839 3132 12
3839 3132 48
3839 3141 24
3839 3141 17
3839 3141 3
3839 3141 51
3839 3143 9
3839 3143 4
3839 3143 19
3839 3143 1
3839 3317 27
3839 3317 47
3839 3317 51
3839 3317 2
3839 3318 24
3839 3318 55
3839 3318 60
3839 3318 22
3839 8596 19
3839 8596 34
3839 8596 15
3839 8596 52
3839 8587 39
3839 8587 28
3839 8587 57
3839 8587 36
3839 9503 22
3839 9503 6
3839 9503 38
3839 9503 13
3839 3099 20
3839 3099 15
3839 3099 17
3839 3099 38
3839 3100 24
3839 3100 2
3839 3100 52
3839 3100 54
3839 3976 4
3839 3976 17
3839 3976 21
3839 3976 21
3839 3133 57
3839 3133 23
3839 3133 46
3839 3133 59
3843 3104 8
3843 3104 29
3843 3104 1
3843 3104 14
3843 3103 32
3843 3103 21
3843 3103 50
3843 3103 23
3843 3980 14
3843 3980 54
3843 3980 53
3843 3980 8
3843 3094 39
3843 3094 5
3843 3094 50
3843 3094 45
3843 3967 54
3843 3967 38
3843 3967 53
3843 3967 9
3843 3092 6
3843 3092 4
3843 3092 60
3843 3092 55
3843 3107 41
3843 3107 33
3843 3107 50
3843 3107 9
3843 3108 34
3843 3108 47
3843 3108 43
3843 3108 3
3843 3312 17
3843 3312 51
3843 3312 15
3843 3312 46
3843 3093 49
3843 3093 0
3843 3093 32
3843 3093 45
3843 3109 22
3843 3109 26
3843 3109 29
3843 3109 52
3843 3139 29
3843 3139 35
3843 3139 13
3843 3139 54
3843 8597 14
3843 8597 0
3843 8597 22
3843 8597 12
3843 3098 8
3843 3098 48
3843 3098 37
3843 3098 45
3843 3136 39
3843 3136 13
3843 3136 13
3843 3136 35
3843 3135 33
3843 3135 4
3843 3135 49
3843 3135 44
3843 3140 8
3843 3140 23
3843 3140 19
3843 3140 49
3843 8618 22
3843 8618 0
3843 8618 56
3843 8618 9
3843 3097 24
3843 3097 3
3843 3097 21
3843 3097 1
3843 3137 35
3843 3137 25
3843 3137 6
3843 3137 10
3843 3132 13
3843 3132 9
3843 3132 57
3843 3132 9
3843 3141 37
3843 3141 20
3843 3141 20
3843 3141 4
3843 3143 2
3843 3143 20
3843 3143 9
3843 3143 0
3843 3317 2
3843 3317 45
3843 3317 8
3843 3317 25
3843 3318 37
3843 3318 7
3843 3318 33
3843 3318 51
3843 8596 10
3843 8596 47
3843 8596 34
3843 8596 8
3843 8587 55
3843 8587 2
3843 8587 24
3843 8587 16
3843 9503 22
3843 9503 56
3843 9503 53
3843 9503 6
3843 3099 35
3843 3099 49
3843 3099 30
3843 3099 42
3843 3100 50
3843 3100 35
3843 3100 36
3843 3100 41
3843 3976 16
3843 3976 52
3843 3976 9
3843 3976 32
3843 3133 0
3843 3133 4
3843 3133 24
3843 3133 36
3791 3104 23
3791 3104 5
3791 3104 10
3791 3104 9
3791 3103 52
3791 3103 8
3791 3103 46
3791 3103 39
3791 3980 11
3791 3980 35
3791 3980 57
3791 3980 53
3791 3094 41
3791 3094 22
3791 3094 9
3791 3094 43
3791 3967 28
3791 3967 25
3791 3967 23
3791 3967 30
3791 3092 60
3791 3092 57
3791 3092 20
3791 3092 5
3791 3107 18
3791 3107 40
3791 3107 44
3791 3107 6
3791 3108 10
3791 3108 6
3791 3108 18
3791 3108 15
3791 3312 57
3791 3312 8
3791 3312 2
3791 3312 12
3791 3093 57
3791 3093 23
3791 3093 19
3791 3093 59
3791 3109 1
3791 3109 9
3791 3109 58
3791 3109 36
3791 3139 44
3791 3139 16
3791 3139 2
3791 3139 33
3791 8597 37
3791 8597 4
3791 8597 11
3791 8597 7
3791 3098 21
3791 3098 47
3791 3098 19
3791 3098 32
3791 3136 33
3791 3136 25
3791 3136 3
3791 3136 13
3791 3135 5
3791 3135 5
3791 3135 59
3791 3135 50
3791 3140 58
3791 3140 3
3791 3140 40
3791 3140 7
3791 8618 34
3791 8618 12
3791 8618 46
3791 8618 19
3791 3097 18
3791 3097 8
3791 3097 4
3791 3097 11
3791 3137 24
3791 3137 43
3791 3137 40
3791 3137 39
3791 3132 8
3791 3132 29
3791 3132 26
3791 3132 53
3791 3141 38
3791 3141 42
3791 3141 39
3791 3141 38
3791 3143 27
3791 3143 45
3791 3143 16
3791 3143 19
3791 3317 3
3791 3317 17
3791 3317 49
3791 3317 29
3791 3318 8
3791 3318 48
3791 3318 29
3791 3318 11
3791 8596 46
3791 8596 10
3791 8596 19
3791 8596 9
3791 8587 46
3791 8587 39
3791 8587 52
3791 8587 43
3791 9503 58
3791 9503 0
3791 9503 1
3791 9503 14
3791 3099 33
3791 3099 10
3791 3099 37
3791 3099 50
3791 3100 2
3791 3100 60
3791 3100 32
3791 3100 11
3791 3976 55
3791 3976 3
3791 3976 22
3791 3976 7
3791 3133 41
3791 3133 26
3791 3133 5
3791 3133 41
3841 3104 14
3841 3104 9
3841 3104 51
3841 3104 43
3841 3103 15
3841 3103 22
3841 3103 31
3841 3103 6
3841 3980 1
3841 3980 26
3841 3980 39
3841 3980 17
3841 3094 9
3841 3094 23
3841 3094 22
3841 3094 1
3841 3967 28
3841 3967 43
3841 3967 31
3841 3967 45
3841 3092 54
3841 3092 9
3841 3092 1
3841 3092 14
3841 3107 5
3841 3107 28
3841 3107 37
3841 3107 37
3841 3108 35
3841 3108 19
3841 3108 25
3841 3108 27
3841 3312 37
3841 3312 46
3841 3312 14
3841 3312 18
3841 3093 31
3841 3093 53
3841 3093 39
3841 3093 36
3841 3109 2
3841 3109 16
3841 3109 55
3841 3109 34
3841 3139 16
3841 3139 51
3841 3139 39
3841 3139 21
3841 8597 23
3841 8597 60
3841 8597 38
3841 8597 56
3841 3098 37
3841 3098 31
3841 3098 40
3841 3098 42
3841 3136 37
3841 3136 56
3841 3136 22
3841 3136 22
3841 3135 25
3841 3135 13
3841 3135 57
3841 3135 60
3841 3140 2
3841 3140 31
3841 3140 3
3841 3140 16
3841 8618 17
3841 8618 53
3841 8618 59
3841 8618 17
3841 3097 2
3841 3097 42
3841 3097 39
3841 3097 9
3841 3137 42
3841 3137 15
3841 3137 56
3841 3137 29
3841 3132 53
3841 3132 38
3841 3132 43
3841 3132 43
3841 3141 47
3841 3141 20
3841 3141 45
3841 3141 31
3841 3143 4
3841 3143 8
3841 3143 7
3841 3143 16
3841 3317 39
3841 3317 18
3841 3317 33
3841 3317 20
3841 3318 50
3841 3318 25
3841 3318 52
3841 3318 42
3841 8596 23
3841 8596 32
3841 8596 22
3841 8596 55
3841 8587 22
3841 8587 48
3841 8587 40
3841 8587 45
3841 9503 29
3841 9503 1
3841 9503 1
3841 9503 30
3841 3099 0
3841 3099 53
3841 3099 55
3841 3099 22
3841 3100 17
3841 3100 32
3841 3100 8
3841 3100 18
3841 3976 48
3841 3976 60
3841 3976 34
3841 3976 9
3841 3133 60
3841 3133 32
3841 3133 28
3841 3133 19
3853 3104 7
3853 3104 46
3853 3104 23
3853 3104 49
3853 3103 14
3853 3103 33
3853 3103 29
3853 3103 20
3853 3980 59
3853 3980 3
3853 3980 25
3853 3980 2
3853 3094 42
3853 3094 53
3853 3094 47
3853 3094 31
3853 3967 18
3853 3967 12
3853 3967 28
3853 3967 16
3853 3092 0
3853 3092 43
3853 3092 29
3853 3092 24
3853 3107 34
3853 3107 1
3853 3107 4
3853 3107 36
3853 3108 5
3853 3108 26
3853 3108 48
3853 3108 24
3853 3312 60
3853 3312 46
3853 3312 6
3853 3312 44
3853 3093 19
3853 3093 41
3853 3093 19
3853 3093 40
3853 3109 40
3853 3109 45
3853 3109 31
3853 3109 8
3853 3139 27
3853 3139 4
3853 3139 8
3853 3139 44
3853 8597 20
3853 8597 8
3853 8597 22
3853 8597 4
3853 3098 5
3853 3098 32
3853 3098 42
3853 3098 48
3853 3136 15
3853 3136 59
3853 3136 2
3853 3136 34
3853 3135 38
3853 3135 60
3853 3135 31
3853 3135 12
3853 3140 40
3853 3140 30
3853 3140 6
3853 3140 35
3853 8618 41
3853 8618 53
3853 8618 27
3853 8618 54
3853 3097 17
3853 3097 7
3853 3097 48
3853 3097 21
3853 3137 12
3853 3137 2
3853 3137 47
3853 3137 48
3853 3132 60
3853 3132 34
3853 3132 31
3853 3132 48
3853 3141 40
3853 3141 21
3853 3141 25
3853 3141 20
3853 3143 39
3853 3143 33
3853 3143 44
3853 3143 12
3853 3317 26
3853 3317 31
3853 3317 40
3853 3317 1
3853 3318 23
3853 3318 8
3853 3318 36
3853 3318 45
3853 8596 19
3853 8596 24
3853 8596 23
3853 8596 25
3853 8587 24
3853 8587 8
3853 8587 28
3853 8587 35
3853 9503 30
3853 9503 32
3853 9503 27
3853 9503 35
3853 3099 52
3853 3099 42
3853 3099 6
3853 3099 48
3853 3100 57
3853 3100 41
3853 3100 18
3853 3100 53
3853 3976 41
3853 3976 19
3853 3976 44
3853 3976 0
3853 3133 42
3853 3133 51
3853 3133 32
3853 3133 47
3792 3104 15
3792 3104 32
3792 3104 52
3792 3104 35
3792 3103 3
3792 3103 37
3792 3103 57
3792 3103 30
3792 3980 52
3792 3980 50
3792 3980 56
3792 3980 9
3792 3094 7
3792 3094 35
3792 3094 14
3792 3094 26
3792 3967 50
3792 3967 12
3792 3967 60
3792 3967 52
3792 3092 33
3792 3092 50
3792 3092 36
3792 3092 41
3792 3107 20
3792 3107 29
3792 3107 37
3792 3107 6
3792 3108 27
3792 3108 39
3792 3108 13
3792 3108 49
3792 3312 19
3792 3312 40
3792 3312 30
3792 3312 25
3792 3093 14
3792 3093 21
3792 3093 5
3792 3093 6
3792 3109 52
3792 3109 14
3792 3109 28
3792 3109 34
3792 3139 44
3792 3139 8
3792 3139 23
3792 3139 50
3792 8597 18
3792 8597 29
3792 8597 18
3792 8597 7
3792 3098 11
3792 3098 41
3792 3098 20
3792 3098 41
3792 3136 0
3792 3136 35
3792 3136 12
3792 3136 6
3792 3135 24
3792 3135 24
3792 3135 45
3792 3135 18
3792 3140 53
3792 3140 26
3792 3140 42
3792 3140 15
3792 8618 23
3792 8618 60
3792 8618 0
3792 8618 38
3792 3097 32
3792 3097 11
3792 3097 47
3792 3097 54
3792 3137 15
3792 3137 51
3792 3137 26
3792 3137 50
3792 3132 32
3792 3132 21
3792 3132 35
3792 3132 32
3792 3141 51
3792 3141 8
3792 3141 54
3792 3141 45
3792 3143 32
3792 3143 38
3792 3143 21
3792 3143 33
3792 3317 42
3792 3317 39
3792 3317 59
3792 3317 4
3792 3318 52
3792 3318 38
3792 3318 10
3792 3318 59
3792 8596 47
3792 8596 14
3792 8596 55
3792 8596 15
3792 8587 35
3792 8587 48
3792 8587 20
3792 8587 41
3792 9503 38
3792 9503 21
3792 9503 8
3792 9503 47
3792 3099 17
3792 3099 45
3792 3099 6
3792 3099 41
3792 3100 30
3792 3100 43
3792 3100 42
3792 3100 39
3792 3976 20
3792 3976 0
3792 3976 10
3792 3976 42
3792 3133 35
3792 3133 21
3792 3133 19
3792 3133 59
3591 3104 31
3591 3104 40
3591 3104 8
3591 3104 34
3591 3103 56
3591 3103 24
3591 3103 6
3591 3103 10
3591 3980 31
3591 3980 38
3591 3980 42
3591 3980 56
3591 3094 25
3591 3094 25
3591 3094 0
3591 3094 10
3591 3967 16
3591 3967 3
3591 3967 20
3591 3967 46
3591 3092 50
3591 3092 9
3591 3092 18
3591 3092 30
3591 3107 27
3591 3107 26
3591 3107 56
3591 3107 54
3591 3108 17
3591 3108 40
3591 3108 30
3591 3108 7
3591 3312 53
3591 3312 58
3591 3312 11
3591 3312 27
3591 3093 24
3591 3093 35
3591 3093 59
3591 3093 44
3591 3109 22
3591 3109 2
3591 3109 6
3591 3109 50
3591 3139 57
3591 3139 16
3591 3139 53
3591 3139 8
3591 8597 48
3591 8597 13
3591 8597 14
3591 8597 55
3591 3098 11
3591 3098 43
3591 3098 39
3591 3098 35
3591 3136 46
3591 3136 35
3591 3136 18
3591 3136 28
3591 3135 51
3591 3135 56
3591 3135 12
3591 3135 53
3591 3140 57
3591 3140 56
3591 3140 46
3591 3140 53
3591 8618 8
3591 8618 13
3591 8618 20
3591 8618 37
3591 3097 39
3591 3097 15
3591 3097 38
3591 3097 32
3591 3137 14
3591 3137 59
3591 3137 24
3591 3137 9
3591 3132 50
3591 3132 34
3591 3132 29
3591 3132 32
3591 3141 31
3591 3141 25
3591 3141 2
3591 3141 14
3591 3143 58
3591 3143 37
3591 3143 25
3591 3143 51
3591 3317 22
3591 3317 48
3591 3317 55
3591 3317 54
3591 3318 10
3591 3318 0
3591 3318 19
3591 3318 50
3591 8596 1
3591 8596 45
3591 8596 49
3591 8596 31
3591 8587 58
3591 8587 49
3591 8587 41
3591 8587 9
3591 9503 5
3591 9503 33
3591 9503 24
3591 9503 8
3591 3099 42
3591 3099 23
3591 3099 18
3591 3099 20
3591 3100 38
3591 3100 56
3591 3100 52
3591 3100 39
3591 3976 8
3591 3976 47
3591 3976 2
3591 3976 30
3591 3133 13
3591 3133 16
3591 3133 40
3591 3133 31
3578 3104 16
3578 3104 17
3578 3104 24
3578 3104 21
3578 3103 50
3578 3103 60
3578 3103 36
3578 3103 50
3578 3980 28
3578 3980 41
3578 3980 12
3578 3980 18
3578 3094 48
3578 3094 18
3578 3094 20
3578 3094 30
3578 3967 2
3578 3967 38
3578 3967 4
3578 3967 24
3578 3092 49
3578 3092 38
3578 3092 59
3578 3092 8
3578 3107 45
3578 3107 58
3578 3107 19
3578 3107 24
3578 3108 21
3578 3108 60
3578 3108 18
3578 3108 5
3578 3312 14
3578 3312 49
3578 3312 21
3578 3312 35
3578 3093 18
3578 3093 18
3578 3093 54
3578 3093 33
3578 3109 47
3578 3109 22
3578 3109 44
3578 3109 6
3578 3139 10
3578 3139 47
3578 3139 53
3578 3139 47
3578 8597 28
3578 8597 40
3578 8597 36
3578 8597 25
3578 3098 18
3578 3098 8
3578 3098 19
3578 3098 5
3578 3136 47
3578 3136 51
3578 3136 45
3578 3136 15
3578 3135 40
3578 3135 2
3578 3135 37
3578 3135 35
3578 3140 24
3578 3140 4
3578 3140 51
3578 3140 11
3578 8618 60
3578 8618 59
3578 8618 46
3578 8618 8
3578 3097 59
3578 3097 43
3578 3097 7
3578 3097 29
3578 3137 50
3578 3137 3
3578 3137 29
3578 3137 0
3578 3132 12
3578 3132 49
3578 3132 54
3578 3132 13
3578 3141 20
3578 3141 21
3578 3141 31
3578 3141 6
3578 3143 32
3578 3143 48
3578 3143 53
3578 3143 55
3578 3317 28
3578 3317 42
3578 3317 44
3578 3317 39
3578 3318 17
3578 3318 18
3578 3318 33
3578 3318 0
3578 8596 39
3578 8596 28
3578 8596 27
3578 8596 15
3578 8587 36
3578 8587 17
3578 8587 22
3578 8587 19
3578 9503 10
3578 9503 58
3578 9503 6
3578 9503 11
3578 3099 41
3578 3099 31
3578 3099 12
3578 3099 33
3578 3100 24
3578 3100 36
3578 3100 48
3578 3100 15
3578 3976 21
3578 3976 15
3578 3976 58
3578 3976 14
3578 3133 42
3578 3133 7
3578 3133 27
3578 3133 17
3672 3104 46
3672 3104 43
3672 3104 26
3672 3104 45
3672 3103 15
3672 3103 26
3672 3103 23
3672 3103 42
3672 3980 57
3672 3980 40
3672 3980 37
3672 3980 26
3672 3094 39
3672 3094 3
3672 3094 9
3672 3094 28
3672 3967 5
3672 3967 28
3672 3967 50
3672 3967 47
3672 3092 11
3672 3092 4
3672 3092 11
3672 3092 2
3672 3107 28
3672 3107 14
3672 3107 49
3672 3107 37
3672 3108 24
3672 3108 2
3672 3108 53
3672 3108 28
3672 3312 55
3672 3312 20
3672 3312 58
3672 3312 21
3672 3093 4
3672 3093 59
3672 3093 27
3672 3093 20
3672 3109 29
3672 3109 42
3672 3109 59
3672 3109 49
3672 3139 14
3672 3139 51
3672 3139 28
3672 3139 8
3672 8597 33
3672 8597 35
3672 8597 58
3672 8597 0
3672 3098 49
3672 3098 18
3672 3098 58
3672 3098 12
3672 3136 33
3672 3136 15
3672 3136 2
3672 3136 21
3672 3135 36
3672 3135 22
3672 3135 58
3672 3135 34
3672 3140 11
3672 3140 47
3672 3140 3
3672 3140 29
3672 8618 0
3672 8618 55
3672 8618 19
3672 8618 20
3672 3097 9
3672 3097 27
3672 3097 4
3672 3097 13
3672 3137 28
3672 3137 35
3672 3137 41
3672 3137 20
3672 3132 39
3672 3132 59
3672 3132 49
3672 3132 38
3672 3141 35
3672 3141 1
3672 3141 8
3672 3141 1
3672 3143 59
3672 3143 11
3672 3143 36
3672 3143 56
3672 3317 43
3672 3317 17
3672 3317 11
3672 3317 17
3672 3318 17
3672 3318 48
3672 3318 20
3672 3318 15
3672 8596 42
3672 8596 53
3672 8596 19
3672 8596 40
3672 8587 7
3672 8587 27
3672 8587 24
3672 8587 0
3672 9503 43
3672 9503 55
3672 9503 56
3672 9503 45
3672 3099 38
3672 3099 11
3672 3099 37
3672 3099 46
3672 3100 5
3672 3100 20
3672 3100 32
3672 3100 28
3672 3976 59
3672 3976 12
3672 3976 28
3672 3976 2
3672 3133 20
3672 3133 48
3672 3133 49
3672 3133 3
3674 3104 1
3674 3104 30
3674 3104 40
3674 3104 56
3674 3103 33
3674 3103 25
3674 3103 2
3674 3103 42
3674 3980 14
3674 3980 55
3674 3980 14
3674 3980 26
3674 3094 47
3674 3094 31
3674 3094 48
3674 3094 40
3674 3967 26
3674 3967 4
3674 3967 4
3674 3967 34
3674 3092 26
3674 3092 43
3674 3092 30
3674 3092 26
3674 3107 36
3674 3107 36
3674 3107 32
3674 3107 19
3674 3108 45
3674 3108 37
3674 3108 55
3674 3108 28
3674 3312 7
3674 3312 20
3674 3312 15
3674 3312 58
3674 3093 23
3674 3093 33
3674 3093 49
3674 3093 7
3674 3109 56
3674 3109 38
3674 3109 27
3674 3109 23
3674 3139 5
3674 3139 38
3674 3139 11
3674 3139 0
3674 8597 42
3674 8597 52
3674 8597 59
3674 8597 14
3674 3098 54
3674 3098 4
3674 3098 58
3674 3098 3
3674 3136 31
3674 3136 8
3674 3136 44
3674 3136 1
3674 3135 17
3674 3135 42
3674 3135 0
3674 3135 29
3674 3140 59
3674 3140 33
3674 3140 33
3674 3140 5
3674 8618 26
3674 8618 51
3674 8618 58
3674 8618 43
3674 3097 0
3674 3097 42
3674 3097 12
3674 3097 18
3674 3137 30
3674 3137 10
3674 3137 18
3674 3137 13
3674 3132 50
3674 3132 59
3674 3132 27
3674 3132 42
3674 3141 47
3674 3141 52
3674 3141 20
3674 3141 27
3674 3143 30
3674 3143 12
3674 3143 43
3674 3143 16
3674 3317 55
3674 3317 2
3674 3317 31
3674 3317 49
3674 3318 7
3674 3318 12
3674 3318 55
3674 3318 37
3674 8596 47
3674 8596 11
3674 8596 5
3674 8596 17
3674 8587 42
3674 8587 44
3674 8587 16
3674 8587 54
3674 9503 38
3674 9503 17
3674 9503 31
3674 9503 0
3674 3099 36
3674 3099 42
3674 3099 52
3674 3099 30
3674 3100 47
3674 3100 13
3674 3100 10
3674 3100 2
3674 3976 35
3674 3976 17
3674 3976 42
3674 3976 37
3674 3133 57
3674 3133 19
3674 3133 0
3674 3133 56
3678 3104 41
3678 3104 4
3678 3104 51
3678 3104 46
3678 3103 15
3678 3103 16
3678 3103 38
3678 3103 7
3678 3980 4
3678 3980 27
3678 3980 55
3678 3980 37
3678 3094 36
3678 3094 29
3678 3094 60
3678 3094 21
3678 3967 18
3678 3967 14
3678 3967 37
3678 3967 57
3678 3092 17
3678 3092 17
3678 3092 27
3678 3092 21
3678 3107 19
3678 3107 60
3678 3107 20
3678 3107 21
3678 3108 4
3678 3108 8
3678 3108 10
3678 3108 49
3678 3312 31
3678 3312 38
3678 3312 55
3678 3312 25
3678 3093 32
3678 3093 29
3678 3093 57
3678 3093 6
3678 3109 57
3678 3109 37
3678 3109 1
3678 3109 13
3678 3139 56
3678 3139 29
3678 3139 14
3678 3139 22
3678 8597 0
3678 8597 0
3678 8597 11
3678 8597 48
3678 3098 19
3678 3098 58
3678 3098 0
3678 3098 39
3678 3136 5
3678 3136 13
3678 3136 15
3678 3136 18
3678 3135 53
3678 3135 28
3678 3135 40
3678 3135 15
3678 3140 16
3678 3140 39
3678 3140 22
3678 3140 50
3678 8618 27
3678 8618 24
3678 8618 15
3678 8618 54
3678 3097 16
3678 3097 0
3678 3097 34
3678 3097 21
3678 3137 53
3678 3137 41
3678 3137 11
3678 3137 36
3678 3132 18
3678 3132 44
3678 3132 31
3678 3132 9
3678 3141 19
3678 3141 49
3678 3141 16
3678 3141 36
3678 3143 49
3678 3143 15
3678 3143 8
3678 3143 50
3678 3317 25
3678 3317 49
3678 3317 16
3678 3317 48
3678 3318 24
3678 3318 60
3678 3318 60
3678 3318 60
3678 8596 56
3678 8596 42
3678 8596 2
3678 8596 18
3678 8587 8
3678 8587 45
3678 8587 59
3678 8587 18
3678 9503 48
3678 9503 37
3678 9503 19
3678 9503 24
3678 3099 57
3678 3099 59
3678 3099 22
3678 3099 48
3678 3100 15
3678 3100 38
3678 3100 43
3678 3100 35
3678 3976 44
3678 3976 24
3678 3976 43
3678 3976 55
3678 3133 59
3678 3133 20
3678 3133 52
3678 3133 11
3679 3104 28
3679 3104 34
3679 3104 47
3679 3104 31
3679 3103 28
3679 3103 29
3679 3103 32
3679 3103 9
3679 3980 20
3679 3980 42
3679 3980 5
3679 3980 57
3679 3094 35
3679 3094 48
3679 3094 53
3679 3094 59
3679 3967 9
3679 3967 2
3679 3967 32
3679 3967 35
3679 3092 43
3679 3092 1
3679 3092 34
3679 3092 32
3679 3107 21
3679 3107 54
3679 3107 0
3679 3107 16
3679 3108 40
3679 3108 5
3679 3108 22
3679 3108 44
3679 3312 40
3679 3312 14
3679 3312 31
3679 3312 13
3679 3093 30
3679 3093 5
3679 3093 44
3679 3093 40
3679 3109 12
3679 3109 12
3679 3109 31
3679 3109 18
3679 3139 3
3679 3139 15
3679 3139 47
3679 3139 6
3679 8597 27
3679 8597 59
3679 8597 27
3679 8597 60
3679 3098 7
3679 3098 17
3679 3098 50
3679 3098 47
3679 3136 24
3679 3136 19
3679 3136 58
3679 3136 47
3679 3135 4
3679 3135 33
3679 3135 25
3679 3135 52
3679 3140 17
3679 3140 59
3679 3140 42
3679 3140 42
3679 8618 45
3679 8618 13
3679 8618 4
3679 8618 24
3679 3097 16
3679 3097 48
3679 3097 54
3679 3097 53
3679 3137 24
3679 3137 41
3679 3137 54
3679 3137 16
3679 3132 12
3679 3132 42
3679 3132 39
3679 3132 1
3679 3141 35
3679 3141 38
3679 3141 36
3679 3141 8
3679 3143 26
3679 3143 40
3679 3143 34
3679 3143 39
3679 3317 48
3679 3317 49
3679 3317 33
3679 3317 32
3679 3318 48
3679 3318 42
3679 3318 6
3679 3318 28
3679 8596 6
3679 8596 9
3679 8596 41
3679 8596 39
3679 8587 32
3679 8587 44
3679 8587 3
3679 8587 54
3679 9503 0
3679 9503 47
3679 9503 40
3679 9503 52
3679 3099 54
3679 3099 34
3679 3099 41
3679 3099 48
3679 3100 19
3679 3100 8
3679 3100 33
3679 3100 5
3679 3976 16
3679 3976 25
3679 3976 26
3679 3976 11
3679 3133 4
3679 3133 38
3679 3133 2
3679 3133 51
3699 3104 32
3699 3104 0
3699 3104 41
3699 3104 36
3699 3103 32
3699 3103 0
3699 3103 6
3699 3103 40
3699 3980 26
3699 3980 2
3699 3980 22
3699 3980 14
3699 3094 47
3699 3094 18
3699 3094 45
3699 3094 24
3699 3967 4
3699 3967 11
3699 3967 13
3699 3967 24
3699 3092 53
3699 3092 33
3699 3092 34
3699 3092 12
3699 3107 52
3699 3107 17
3699 3107 23
3699 3107 58
3699 3108 13
3699 3108 14
3699 3108 60
3699 3108 25
3699 3312 25
3699 3312 11
3699 3312 11
3699 3312 11
3699 3093 24
3699 3093 41
3699 3093 27
3699 3093 18
3699 3109 31
3699 3109 17
3699 3109 53
3699 3109 43
3699 3139 58
3699 3139 17
3699 3139 6
3699 3139 46
3699 8597 0
3699 8597 41
3699 8597 19
3699 8597 24
3699 3098 29
3699 3098 40
3699 3098 11
3699 3098 4
3699 3136 27
3699 3136 60
3699 3136 29
3699 3136 13
3699 3135 22
3699 3135 1
3699 3135 10
3699 3135 6
3699 3140 29
3699 3140 55
3699 3140 45
3699 3140 43
3699 8618 43
3699 8618 43
3699 8618 47
3699 8618 44
3699 3097 8
3699 3097 56
3699 3097 35
3699 3097 53
3699 3137 2
3699 3137 26
3699 3137 34
3699 3137 29
3699 3132 6
3699 3132 45
3699 3132 28
3699 3132 28
3699 3141 22
3699 3141 31
3699 3141 33
3699 3141 16
3699 3143 15
3699 3143 46
3699 3143 23
3699 3143 59
3699 3317 11
3699 3317 13
3699 3317 39
3699 3317 53
3699 3318 4
3699 3318 13
3699 3318 36
3699 3318 5
3699 8596 20
3699 8596 45
3699 8596 3
3699 8596 36
3699 8587 2
3699 8587 39
3699 8587 44
3699 8587 44
3699 9503 45
3699 9503 0
3699 9503 8
3699 9503 43
3699 3099 52
3699 3099 1
3699 3099 56
3699 3099 10
3699 3100 10
3699 3100 9
3699 3100 50
3699 3100 46
3699 3976 60
3699 3976 38
3699 3976 7
3699 3976 57
3699 3133 51
3699 3133 29
3699 3133 38
3699 3133 37
