10591 4465 6
10591 4464 58
10591 4467 11
10591 4466 18
10591 4440 46
10591 4448 21
10591 4463 37
10591 4468 56
10591 4469 49
10591 4686 60
10591 4437 12
10591 4439 20
10591 4438 10
10591 4449 44
10591 4454 58
10591 4456 19
10591 4470 35
10591 4471 39
10591 4472 56
10591 4689 25
10591 4450 5
10591 4687 30
10591 4427 16
10591 4434 43
10591 4436 41
10591 4428 7
10591 4447 35
10591 4451 52
10591 4455 4
10591 4475 15
10591 4485 44
10591 4691 30
10590 4465 10
10590 4464 20
10590 4467 18
10590 4466 43
10590 4440 45
10590 4448 37
10590 4463 24
10590 4468 48
10590 4469 50
10590 4686 14
10590 4437 26
10590 4439 11
10590 4438 18
10590 4449 7
10590 4454 59
10590 4456 24
10590 4470 33
10590 4471 30
10590 4472 38
10590 4689 37
10590 4450 25
10590 4687 30
10590 4427 59
10590 4434 3
10590 4436 28
10590 4428 28
10590 4447 13
10590 4451 2
10590 4455 34
10590 4475 36
10590 4485 30
10590 4691 59
10595 4465 16
10595 4464 32
10595 4467 30
10595 4466 39
10595 4440 54
10595 4448 23
10595 4463 4
10595 4468 17
10595 4469 10
10595 4686 28
10595 4437 9
10595 4439 23
10595 4438 31
10595 4449 29
10595 4454 17
10595 4456 44
10595 4470 58
10595 4471 9
10595 4472 21
10595 4689 54
10595 4450 30
10595 4687 17
10595 4427 18
10595 4434 18
10595 4436 21
10595 4428 56
10595 4447 40
10595 4451 28
10595 4455 41
10595 4475 7
10595 4485 35
10595 4691 26
10596 4465 15
10596 4464 25
10596 4467 32
10596 4466 40
10596 4440 57
10596 4448 14
10596 4463 15
10596 4468 17
10596 4469 36
10596 4686 36
10596 4437 21
10596 4439 22
10596 4438 37
10596 4449 42
10596 4454 23
10596 4456 24
10596 4470 46
10596 4471 60
10596 4472 36
10596 4689 23
10596 4450 21
10596 4687 57
10596 4427 47
10596 4434 7
10596 4436 3
10596 4428 5
10596 4447 44
10596 4451 34
10596 4455 56
10596 4475 32
10596 4485 10
10596 4691 56
10594 4465 10
10594 4464 48
10594 4467 17
10594 4466 0
10594 4440 42
10594 4448 31
10594 4463 7
10594 4468 23
10594 4469 41
10594 4686 21
10594 4437 7
10594 4439 24
10594 4438 52
10594 4449 45
10594 4454 23
10594 4456 22
10594 4470 31
10594 4471 14
10594 4472 31
10594 4689 28
10594 4450 3
10594 4687 37
10594 4427 50
10594 4434 39
10594 4436 56
10594 4428 21
10594 4447 24
10594 4451 33
10594 4455 39
10594 4475 10
10594 4485 57
10594 4691 28
10585 4465 12
10585 4464 14
10585 4467 35
10585 4466 56
10585 4440 9
10585 4448 39
10585 4463 28
10585 4468 35
10585 4469 20
10585 4686 46
10585 4437 23
10585 4439 10
10585 4438 10
10585 4449 46
10585 4454 33
10585 4456 9
10585 4470 18
10585 4471 5
10585 4472 17
10585 4689 28
10585 4450 18
10585 4687 53
10585 4427 57
10585 4434 24
10585 4436 58
10585 4428 5
10585 4447 31
10585 4451 51
10585 4455 31
10585 4475 50
10585 4485 26
10585 4691 25
10592 4465 41
10592 4464 18
10592 4467 10
10592 4466 26
10592 4440 8
10592 4448 42
10592 4463 58
10592 4468 2
10592 4469 24
10592 4686 51
10592 4437 15
10592 4439 60
10592 4438 8
10592 4449 41
10592 4454 23
10592 4456 10
10592 4470 45
10592 4471 27
10592 4472 18
10592 4689 47
10592 4450 35
10592 4687 54
10592 4427 2
10592 4434 36
10592 4436 0
10592 4428 55
10592 4447 56
10592 4451 2
10592 4455 47
10592 4475 22
10592 4485 21
10592 4691 42
10593 4465 12
10593 4464 11
10593 4467 7
10593 4466 9
10593 4440 9
10593 4448 16
10593 4463 7
10593 4468 43
10593 4469 21
10593 4686 56
10593 4437 22
10593 4439 29
10593 4438 24
10593 4449 51
10593 4454 34
10593 4456 46
10593 4470 15
10593 4471 28
10593 4472 3
10593 4689 18
10593 4450 33
10593 4687 19
10593 4427 18
10593 4434 1
10593 4436 40
10593 4428 49
10593 4447 58
10593 4451 50
10593 4455 55
10593 4475 25
10593 4485 0
10593 4691 55
10597 4465 41
10597 4464 7
10597 4467 37
10597 4466 22
10597 4440 55
10597 4448 52
10597 4463 14
10597 4468 55
10597 4469 49
10597 4686 35
10597 4437 7
10597 4439 1
10597 4438 60
10597 4449 40
10597 4454 6
10597 4456 26
10597 4470 49
10597 4471 37
10597 4472 18
10597 4689 60
10597 4450 38
10597 4687 39
10597 4427 14
10597 4434 4
10597 4436 9
10597 4428 52
10597 4447 16
10597 4451 52
10597 4455 24
10597 4475 60
10597 4485 7
10597 4691 41
10598 4465 22
10598 4464 26
10598 4467 43
10598 4466 45
10598 4440 58
10598 4448 40
10598 4463 25
10598 4468 58
10598 4469 41
10598 4686 6
10598 4437 16
10598 4439 51
10598 4438 10
10598 4449 32
10598 4454 56
10598 4456 48
10598 4470 11
10598 4471 17
10598 4472 33
10598 4689 2
10598 4450 32
10598 4687 56
10598 4427 52
10598 4434 50
10598 4436 25
10598 4428 38
10598 4447 27
10598 4451 40
10598 4455 23
10598 4475 1
10598 4485 40
10598 4691 20
10607 4465 51
10607 4464 51
10607 4467 46
10607 4466 23
10607 4440 35
10607 4448 56
10607 4463 56
10607 4468 60
10607 4469 54
10607 4686 33
10607 4437 47
10607 4439 49
10607 4438 25
10607 4449 9
10607 4454 10
10607 4456 50
10607 4470 29
10607 4471 23
10607 4472 58
10607 4689 26
10607 4450 53
10607 4687 42
10607 4427 21
10607 4434 49
10607 4436 11
10607 4428 39
10607 4447 2
10607 4451 26
10607 4455 29
10607 4475 60
10607 4485 57
10607 4691 24
5138 4465 25
5138 4464 37
5138 4467 55
5138 4466 39
5138 4440 49
5138 4448 49
5138 4463 28
5138 4468 48
5138 4469 3
5138 4686 34
5138 4437 52
5138 4439 54
5138 4438 42
5138 4449 17
5138 4454 57
5138 4456 27
5138 4470 17
5138 4471 25
5138 4472 37
5138 4689 51
5138 4450 16
5138 4687 2
5138 4427 43
5138 4434 41
5138 4436 46
5138 4428 29
5138 4447 18
5138 4451 24
5138 4455 1
5138 4475 1
5138 4485 47
5138 4691 60
10583 4465 47
10583 4464 9
10583 4467 32
10583 4466 18
10583 4440 52
10583 4448 49
10583 4463 48
10583 4468 55
10583 4469 41
10583 4686 2
10583 4437 27
10583 4439 14
10583 4438 0
10583 4449 22
10583 4454 57
10583 4456 9
10583 4470 5
10583 4471 13
10583 4472 47
10583 4689 23
10583 4450 59
10583 4687 18
10583 4427 11
10583 4434 9
10583 4436 56
10583 4428 20
10583 4447 47
10583 4451 26
10583 4455 49
10583 4475 1
10583 4485 21
10583 4691 54
10589 4465 55
10589 4464 12
10589 4467 47
10589 4466 33
10589 4440 12
10589 4448 1
10589 4463 50
10589 4468 45
10589 4469 17
10589 4686 27
10589 4437 30
10589 4439 43
10589 4438 18
10589 4449 36
10589 4454 39
10589 4456 21
10589 4470 28
10589 4471 24
10589 4472 25
10589 4689 16
10589 4450 14
10589 4687 17
10589 4427 2
10589 4434 28
10589 4436 16
10589 4428 29
10589 4447 9
10589 4451 38
10589 4455 37
10589 4475 53
10589 4485 59
10589 4691 56
10588 4465 11
10588 4464 58
10588 4467 46
10588 4466 41
10588 4440 4
10588 4448 48
10588 4463 1
10588 4468 22
10588 4469 3
10588 4686 42
10588 4437 39
10588 4439 6
10588 4438 19
10588 4449 20
10588 4454 28
10588 4456 51
10588 4470 60
10588 4471 27
10588 4472 25
10588 4689 54
10588 4450 24
10588 4687 7
10588 4427 33
10588 4434 41
10588 4436 22
10588 4428 36
10588 4447 59
10588 4451 13
10588 4455 45
10588 4475 41
10588 4485 45
10588 4691 36
5137 4465 7
5137 4464 9
5137 4467 5
5137 4466 60
5137 4440 14
5137 4448 17
5137 4463 57
5137 4468 48
5137 4469 42
5137 4686 47
5137 4437 20
5137 4439 11
5137 4438 0
5137 4449 41
5137 4454 47
5137 4456 38
5137 4470 9
5137 4471 35
5137 4472 7
5137 4689 56
5137 4450 17
5137 4687 0
5137 4427 51
5137 4434 41
5137 4436 8
5137 4428 36
5137 4447 2
5137 4451 19
5137 4455 4
5137 4475 28
5137 4485 34
5137 4691 3
5143 4465 49
5143 4464 5
5143 4467 52
5143 4466 12
5143 4440 59
5143 4448 22
5143 4463 43
5143 4468 47
5143 4469 9
5143 4686 43
5143 4437 14
5143 4439 4
5143 4438 13
5143 4449 59
5143 4454 19
5143 4456 49
5143 4470 45
5143 4471 36
5143 4472 6
5143 4689 25
5143 4450 45
5143 4687 24
5143 4427 60
5143 4434 22
5143 4436 48
5143 4428 35
5143 4447 49
5143 4451 21
5143 4455 19
5143 4475 44
5143 4485 42
5143 4691 37
10599 4465 15
10599 4464 14
10599 4467 32
10599 4466 40
10599 4440 26
10599 4448 3
10599 4463 47
10599 4468 21
10599 4469 45
10599 4686 23
10599 4437 46
10599 4439 43
10599 4438 11
10599 4449 53
10599 4454 54
10599 4456 19
10599 4470 48
10599 4471 26
10599 4472 59
10599 4689 56
10599 4450 35
10599 4687 21
10599 4427 18
10599 4434 33
10599 4436 42
10599 4428 37
10599 4447 21
10599 4451 22
10599 4455 9
10599 4475 12
10599 4485 55
10599 4691 56
10608 4465 44
10608 4464 7
10608 4467 9
10608 4466 32
10608 4440 38
10608 4448 1
10608 4463 21
10608 4468 22
10608 4469 26
10608 4686 7
10608 4437 47
10608 4439 27
10608 4438 2
10608 4449 26
10608 4454 46
10608 4456 33
10608 4470 37
10608 4471 5
10608 4472 23
10608 4689 42
10608 4450 33
10608 4687 7
10608 4427 4
10608 4434 15
10608 4436 55
10608 4428 32
10608 4447 38
10608 4451 43
10608 4455 52
10608 4475 37
10608 4485 37
10608 4691 7
10609 4465 32
10609 4464 25
10609 4467 4
10609 4466 55
10609 4440 59
10609 4448 33
10609 4463 26
10609 4468 4
10609 4469 38
10609 4686 17
10609 4437 13
10609 4439 31
10609 4438 43
10609 4449 37
10609 4454 19
10609 4456 36
10609 4470 18
10609 4471 4
10609 4472 23
10609 4689 35
10609 4450 51
10609 4687 58
10609 4427 46
10609 4434 36
10609 4436 55
10609 4428 24
10609 4447 60
10609 4451 56
10609 4455 56
10609 4475 6
10609 4485 59
10609 4691 49
5136 4465 33
5136 4464 47
5136 4467 57
5136 4466 25
5136 4440 42
5136 4448 50
5136 4463 22
5136 4468 20
5136 4469 46
5136 4686 60
5136 4437 41
5136 4439 15
5136 4438 50
5136 4449 41
5136 4454 49
5136 4456 19
5136 4470 13
5136 4471 51
5136 4472 48
5136 4689 4
5136 4450 12
5136 4687 20
5136 4427 8
5136 4434 44
5136 4436 7
5136 4428 58
5136 4447 56
5136 4451 26
5136 4455 42
5136 4475 10
5136 4485 60
5136 4691 45
10578 4465 29
10578 4464 15
10578 4467 4
10578 4466 52
10578 4440 54
10578 4448 22
10578 4463 60
10578 4468 22
10578 4469 51
10578 4686 36
10578 4437 33
10578 4439 24
10578 4438 46
10578 4449 18
10578 4454 39
10578 4456 15
10578 4470 11
10578 4471 13
10578 4472 29
10578 4689 7
10578 4450 6
10578 4687 3
10578 4427 8
10578 4434 28
10578 4436 16
10578 4428 58
10578 4447 25
10578 4451 8
10578 4455 46
10578 4475 16
10578 4485 33
10578 4691 4
10584 4465 55
10584 4464 42
10584 4467 60
10584 4466 23
10584 4440 55
10584 4448 58
10584 4463 13
10584 4468 60
10584 4469 53
10584 4686 53
10584 4437 56
10584 4439 34
10584 4438 24
10584 4449 21
10584 4454 13
10584 4456 32
10584 4470 33
10584 4471 52
10584 4472 28
10584 4689 7
10584 4450 0
10584 4687 28
10584 4427 7
10584 4434 20
10584 4436 50
10584 4428 54
10584 4447 1
10584 4451 10
10584 4455 26
10584 4475 33
10584 4485 51
10584 4691 2
10579 4465 16
10579 4464 15
10579 4467 12
10579 4466 2
10579 4440 32
10579 4448 51
10579 4463 59
10579 4468 36
10579 4469 39
10579 4686 1
10579 4437 35
10579 4439 42
10579 4438 50
10579 4449 12
10579 4454 51
10579 4456 5
10579 4470 34
10579 4471 17
10579 4472 56
10579 4689 4
10579 4450 40
10579 4687 43
10579 4427 55
10579 4434 18
10579 4436 9
10579 4428 28
10579 4447 26
10579 4451 49
10579 4455 21
10579 4475 59
10579 4485 58
10579 4691 21
5134 4465 3
5134 4464 47
5134 4467 5
5134 4466 0
5134 4440 41
5134 4448 0
5134 4463 12
5134 4468 0
5134 4469 37
5134 4686 57
5134 4437 19
5134 4439 56
5134 4438 32
5134 4449 1
5134 4454 38
5134 4456 46
5134 4470 59
5134 4471 27
5134 4472 13
5134 4689 26
5134 4450 50
5134 4687 1
5134 4427 49
5134 4434 59
5134 4436 14
5134 4428 46
5134 4447 19
5134 4451 2
5134 4455 22
5134 4475 52
5134 4485 50
5134 4691 19
5135 4465 2
5135 4464 44
5135 4467 31
5135 4466 40
5135 4440 36
5135 4448 60
5135 4463 23
5135 4468 53
5135 4469 40
5135 4686 25
5135 4437 25
5135 4439 60
5135 4438 51
5135 4449 10
5135 4454 7
5135 4456 7
5135 4470 21
5135 4471 5
5135 4472 35
5135 4689 3
5135 4450 14
5135 4687 30
5135 4427 52
5135 4434 39
5135 4436 30
5135 4428 58
5135 4447 23
5135 4451 40
5135 4455 15
5135 4475 15
5135 4485 40
5135 4691 29
5139 4465 58
5139 4464 3
5139 4467 51
5139 4466 4
5139 4440 23
5139 4448 42
5139 4463 15
5139 4468 37
5139 4469 30
5139 4686 30
5139 4437 8
5139 4439 9
5139 4438 0
5139 4449 40
5139 4454 18
5139 4456 7
5139 4470 12
5139 4471 41
5139 4472 21
5139 4689 47
5139 4450 10
5139 4687 56
5139 4427 46
5139 4434 51
5139 4436 46
5139 4428 14
5139 4447 20
5139 4451 57
5139 4455 38
5139 4475 33
5139 4485 22
5139 4691 24
5144 4465 60
5144 4464 8
5144 4467 11
5144 4466 37
5144 4440 14
5144 4448 20
5144 4463 55
5144 4468 57
5144 4469 23
5144 4686 39
5144 4437 41
5144 4439 60
5144 4438 54
5144 4449 19
5144 4454 20
5144 4456 55
5144 4470 54
5144 4471 27
5144 4472 59
5144 4689 8
5144 4450 55
5144 4687 44
5144 4427 33
5144 4434 12
5144 4436 32
5144 4428 16
5144 4447 55
5144 4451 3
5144 4455 60
5144 4475 50
5144 4485 12
5144 4691 28
10600 4465 49
10600 4464 20
10600 4467 57
10600 4466 22
10600 4440 39
10600 4448 8
10600 4463 25
10600 4468 28
10600 4469 19
10600 4686 28
10600 4437 20
10600 4439 7
10600 4438 19
10600 4449 7
10600 4454 27
10600 4456 34
10600 4470 40
10600 4471 26
10600 4472 16
10600 4689 56
10600 4450 7
10600 4687 17
10600 4427 44
10600 4434 17
10600 4436 31
10600 4428 60
10600 4447 57
10600 4451 26
10600 4455 18
10600 4475 10
10600 4485 7
10600 4691 52
5140 4465 5
5140 4464 16
5140 4467 6
5140 4466 1
5140 4440 3
5140 4448 50
5140 4463 24
5140 4468 11
5140 4469 16
5140 4686 11
5140 4437 44
5140 4439 55
5140 4438 8
5140 4449 41
5140 4454 52
5140 4456 44
5140 4470 24
5140 4471 59
5140 4472 51
5140 4689 14
5140 4450 33
5140 4687 34
5140 4427 43
5140 4434 35
5140 4436 7
5140 4428 15
5140 4447 50
5140 4451 13
5140 4455 20
5140 4475 42
5140 4485 45
5140 4691 25
10569 4465 35
10569 4464 39
10569 4467 0
10569 4466 11
10569 4440 27
10569 4448 32
10569 4463 5
10569 4468 29
10569 4469 3
10569 4686 25
10569 4437 15
10569 4439 45
10569 4438 6
10569 4449 26
10569 4454 28
10569 4456 60
10569 4470 21
10569 4471 25
10569 4472 54
10569 4689 1
10569 4450 44
10569 4687 14
10569 4427 10
10569 4434 49
10569 4436 54
10569 4428 31
10569 4447 5
10569 4451 15
10569 4455 38
10569 4475 28
10569 4485 1
10569 4691 35
10570 4465 27
10570 4464 11
10570 4467 38
10570 4466 51
10570 4440 10
10570 4448 55
10570 4463 24
10570 4468 0
10570 4469 20
10570 4686 39
10570 4437 45
10570 4439 53
10570 4438 11
10570 4449 36
10570 4454 3
10570 4456 2
10570 4470 8
10570 4471 38
10570 4472 34
10570 4689 50
10570 4450 28
10570 4687 32
10570 4427 1
10570 4434 34
10570 4436 25
10570 4428 21
10570 4447 52
10570 4451 44
10570 4455 46
10570 4475 39
10570 4485 26
10570 4691 50
