3487 9174 9
3487 9173 33
3487 9175 20
3487 9501 5
3487 9172 48
3487 9813 26
3487 9702 54
3487 9502 13
3487 7414 28
3487 9812 36
3487 9703 22
3487 9711 5
3487 7413 24
3487 7407 26
3487 7425 29
3487 8341 1
3487 9704 26
3487 9508 35
3487 9712 7
3487 7405 53
3487 7416 49
3487 7424 14
3487 7406 32
3487 8339 8
3487 7423 56
3487 7428 10
3487 9171 55
3487 8340 40
3487 9705 54
3487 9500 47
3487 9507 38
3487 9828 47
3486 9174 59
3486 9173 44
3486 9175 1
3486 9501 26
3486 9172 16
3486 9813 16
3486 9702 58
3486 9502 58
3486 7414 25
3486 9812 41
3486 9703 15
3486 9711 28
3486 7413 1
3486 7407 32
3486 7425 47
3486 8341 26
3486 9704 2
3486 9508 49
3486 9712 42
3486 7405 27
3486 7416 46
3486 7424 12
3486 7406 13
3486 8339 4
3486 7423 29
3486 7428 27
3486 9171 48
3486 8340 18
3486 9705 5
3486 9500 42
3486 9507 28
3486 9828 21
3485 9174 4
3485 9173 19
3485 9175 56
3485 9501 1
3485 9172 51
3485 9813 45
3485 9702 54
3485 9502 54
3485 7414 30
3485 9812 49
3485 9703 36
3485 9711 36
3485 7413 34
3485 7407 46
3485 7425 28
3485 8341 15
3485 9704 46
3485 9508 3
3485 9712 57
3485 7405 49
3485 7416 57
3485 7424 23
3485 7406 31
3485 8339 13
3485 7423 57
3485 7428 9
3485 9171 2
3485 8340 43
3485 9705 26
3485 9500 33
3485 9507 48
3485 9828 12
3489 9174 32
3489 9173 48
3489 9175 11
3489 9501 15
3489 9172 48
3489 9813 30
3489 9702 14
3489 9502 38
3489 7414 8
3489 9812 35
3489 9703 21
3489 9711 25
3489 7413 7
3489 7407 50
3489 7425 46
3489 8341 0
3489 9704 48
3489 9508 24
3489 9712 21
3489 7405 52
3489 7416 25
3489 7424 8
3489 7406 5
3489 8339 56
3489 7423 47
3489 7428 49
3489 9171 12
3489 8340 43
3489 9705 13
3489 9500 25
3489 9507 48
3489 9828 14
3491 9174 40
3491 9173 51
3491 9175 31
3491 9501 19
3491 9172 29
3491 9813 17
3491 9702 6
3491 9502 43
3491 7414 53
3491 9812 56
3491 9703 16
3491 9711 32
3491 7413 7
3491 7407 37
3491 7425 20
3491 8341 32
3491 9704 53
3491 9508 19
3491 9712 17
3491 7405 54
3491 7416 55
3491 7424 37
3491 7406 5
3491 8339 2
3491 7423 49
3491 7428 44
3491 9171 6
3491 8340 14
3491 9705 28
3491 9500 25
3491 9507 40
3491 9828 41
3483 9174 60
3483 9173 35
3483 9175 2
3483 9501 57
3483 9172 1
3483 9813 54
3483 9702 16
3483 9502 28
3483 7414 8
3483 9812 0
3483 9703 31
3483 9711 43
3483 7413 42
3483 7407 37
3483 7425 15
3483 8341 32
3483 9704 26
3483 9508 14
3483 9712 21
3483 7405 50
3483 7416 35
3483 7424 8
3483 7406 41
3483 8339 14
3483 7423 58
3483 7428 35
3483 9171 59
3483 8340 35
3483 9705 14
3483 9500 4
3483 9507 48
3483 9828 56
3231 9174 38
3231 9173 11
3231 9175 51
3231 9501 52
3231 9172 38
3231 9813 44
3231 9702 5
3231 9502 38
3231 7414 2
3231 9812 57
3231 9703 0
3231 9711 32
3231 7413 57
3231 7407 60
3231 7425 7
3231 8341 6
3231 9704 33
3231 9508 10
3231 9712 32
3231 7405 57
3231 7416 45
3231 7424 14
3231 7406 23
3231 8339 17
3231 7423 30
3231 7428 39
3231 9171 35
3231 8340 39
3231 9705 53
3231 9500 40
3231 9507 28
3231 9828 16
3484 9174 2
3484 9173 51
3484 9175 50
3484 9501 49
3484 9172 2
3484 9813 54
3484 9702 40
3484 9502 56
3484 7414 23
3484 9812 52
3484 9703 37
3484 9711 6
3484 7413 8
3484 7407 57
3484 7425 32
3484 8341 41
3484 9704 56
3484 9508 6
3484 9712 41
3484 7405 36
3484 7416 29
3484 7424 1
3484 7406 54
3484 8339 2
3484 7423 44
3484 7428 48
3484 9171 35
3484 8340 51
3484 9705 24
3484 9500 49
3484 9507 15
3484 9828 38
3488 9174 53
3488 9173 33
3488 9175 7
3488 9501 39
3488 9172 31
3488 9813 35
3488 9702 34
3488 9502 14
3488 7414 40
3488 9812 33
3488 9703 15
3488 9711 16
3488 7413 26
3488 7407 26
3488 7425 37
3488 8341 22
3488 9704 60
3488 9508 16
3488 9712 3
3488 7405 18
3488 7416 0
3488 7424 26
3488 7406 51
3488 8339 55
3488 7423 58
3488 7428 26
3488 9171 0
3488 8340 24
3488 9705 23
3488 9500 24
3488 9507 45
3488 9828 42
3492 9174 32
3492 9173 20
3492 9175 59
3492 9501 15
3492 9172 5
3492 9813 40
3492 9702 47
3492 9502 42
3492 7414 47
3492 9812 41
3492 9703 26
3492 9711 0
3492 7413 35
3492 7407 13
3492 7425 38
3492 8341 14
3492 9704 57
3492 9508 33
3492 9712 4
3492 7405 46
3492 7416 42
3492 7424 40
3492 7406 3
3492 8339 7
3492 7423 40
3492 7428 48
3492 9171 4
3492 8340 60
3492 9705 49
3492 9500 28
3492 9507 26
3492 9828 18
3493 9174 18
3493 9173 24
3493 9175 16
3493 9501 27
3493 9172 59
3493 9813 47
3493 9702 45
3493 9502 5
3493 7414 2
3493 9812 11
3493 9703 50
3493 9711 19
3493 7413 58
3493 7407 55
3493 7425 11
3493 8341 9
3493 9704 37
3493 9508 30
3493 9712 7
3493 7405 1
3493 7416 16
3493 7424 15
3493 7406 45
3493 8339 25
3493 7423 42
3493 7428 24
3493 9171 17
3493 8340 0
3493 9705 29
3493 9500 56
3493 9507 40
3493 9828 51
3504 9174 11
3504 9173 21
3504 9175 15
3504 9501 58
3504 9172 7
3504 9813 15
3504 9702 26
3504 9502 39
3504 7414 40
3504 9812 5
3504 9703 40
3504 9711 5
3504 7413 29
3504 7407 44
3504 7425 40
3504 8341 43
3504 9704 60
3504 9508 44
3504 9712 7
3504 7405 54
3504 7416 29
3504 7424 37
3504 7406 29
3504 8339 44
3504 7423 55
3504 7428 5
3504 9171 60
3504 8340 12
3504 9705 6
3504 9500 40
3504 9507 50
3504 9828 38
3228 9174 38
3228 9173 47
3228 9175 22
3228 9501 5
3228 9172 49
3228 9813 14
3228 9702 20
3228 9502 10
3228 7414 45
3228 9812 3
3228 9703 22
3228 9711 43
3228 7413 37
3228 7407 40
3228 7425 17
3228 8341 13
3228 9704 16
3228 9508 1
3228 9712 12
3228 7405 35
3228 7416 28
3228 7424 34
3228 7406 16
3228 8339 25
3228 7423 20
3228 7428 13
3228 9171 48
3228 8340 41
3228 9705 16
3228 9500 29
3228 9507 34
3228 9828 58
3229 9174 17
3229 9173 3
3229 9175 33
3229 9501 50
3229 9172 59
3229 9813 42
3229 9702 25
3229 9502 58
3229 7414 10
3229 9812 39
3229 9703 7
3229 9711 0
3229 7413 25
3229 7407 10
3229 7425 37
3229 8341 53
3229 9704 18
3229 9508 34
3229 9712 20
3229 7405 28
3229 7416 36
3229 7424 45
3229 7406 8
3229 8339 25
3229 7423 37
3229 7428 3
3229 9171 14
3229 8340 24
3229 9705 32
3229 9500 1
3229 9507 37
3229 9828 18
3490 9174 6
3490 9173 29
3490 9175 23
3490 9501 7
3490 9172 38
3490 9813 32
3490 9702 10
3490 9502 52
3490 7414 29
3490 9812 47
3490 9703 2
3490 9711 34
3490 7413 49
3490 7407 16
3490 7425 43
3490 8341 1
3490 9704 29
3490 9508 15
3490 9712 49
3490 7405 40
3490 7416 13
3490 7424 27
3490 7406 15
3490 8339 0
3490 7423 4
3490 7428 50
3490 9171 58
3490 8340 52
3490 9705 60
3490 9500 5
3490 9507 54
3490 9828 51
3223 9174 48
3223 9173 39
3223 9175 44
3223 9501 22
3223 9172 15
3223 9813 59
3223 9702 29
3223 9502 46
3223 7414 20
3223 9812 34
3223 9703 39
3223 9711 56
3223 7413 7
3223 7407 34
3223 7425 33
3223 8341 58
3223 9704 31
3223 9508 52
3223 9712 15
3223 7405 51
3223 7416 48
3223 7424 5
3223 7406 12
3223 8339 54
3223 7423 23
3223 7428 24
3223 9171 44
3223 8340 32
3223 9705 48
3223 9500 11
3223 9507 29
3223 9828 17
3499 9174 42
3499 9173 51
3499 9175 32
3499 9501 55
3499 9172 11
3499 9813 58
3499 9702 37
3499 9502 38
3499 7414 45
3499 9812 11
3499 9703 41
3499 9711 33
3499 7413 56
3499 7407 15
3499 7425 50
3499 8341 43
3499 9704 2
3499 9508 23
3499 9712 37
3499 7405 21
3499 7416 44
3499 7424 55
3499 7406 18
3499 8339 13
3499 7423 2
3499 7428 10
3499 9171 46
3499 8340 50
3499 9705 29
3499 9500 37
3499 9507 24
3499 9828 46
3500 9174 25
3500 9173 25
3500 9175 42
3500 9501 39
3500 9172 56
3500 9813 37
3500 9702 54
3500 9502 24
3500 7414 31
3500 9812 46
3500 9703 12
3500 9711 16
3500 7413 0
3500 7407 8
3500 7425 56
3500 8341 16
3500 9704 53
3500 9508 53
3500 9712 18
3500 7405 30
3500 7416 15
3500 7424 30
3500 7406 27
3500 8339 25
3500 7423 58
3500 7428 40
3500 9171 11
3500 8340 14
3500 9705 12
3500 9500 53
3500 9507 35
3500 9828 19
3505 9174 28
3505 9173 6
3505 9175 43
3505 9501 17
3505 9172 42
3505 9813 19
3505 9702 50
3505 9502 10
3505 7414 35
3505 9812 16
3505 9703 59
3505 9711 26
3505 7413 49
3505 7407 46
3505 7425 23
3505 8341 60
3505 9704 37
3505 9508 50
3505 9712 30
3505 7405 20
3505 7416 18
3505 7424 21
3505 7406 60
3505 8339 10
3505 7423 9
3505 7428 59
3505 9171 14
3505 8340 24
3505 9705 59
3505 9500 22
3505 9507 36
3505 9828 59
3506 9174 58
3506 9173 59
3506 9175 27
3506 9501 56
3506 9172 18
3506 9813 34
3506 9702 35
3506 9502 26
3506 7414 40
3506 9812 43
3506 9703 34
3506 9711 55
3506 7413 1
3506 7407 21
3506 7425 20
3506 8341 30
3506 9704 52
3506 9508 18
3506 9712 18
3506 7405 59
3506 7416 14
3506 7424 22
3506 7406 19
3506 8339 9
3506 7423 28
3506 7428 29
3506 9171 6
3506 8340 47
3506 9705 3
3506 9500 17
3506 9507 9
3506 9828 1
3247 9174 18
3247 9173 27
3247 9175 1
3247 9501 2
3247 9172 6
3247 9813 30
3247 9702 55
3247 9502 32
3247 7414 47
3247 9812 10
3247 9703 9
3247 9711 19
3247 7413 16
3247 7407 50
3247 7425 59
3247 8341 19
3247 9704 54
3247 9508 37
3247 9712 56
3247 7405 4
3247 7416 25
3247 7424 9
3247 7406 30
3247 8339 56
3247 7423 47
3247 7428 52
3247 9171 2
3247 8340 6
3247 9705 32
3247 9500 24
3247 9507 35
3247 9828 46
3225 9174 48
3225 9173 50
3225 9175 42
3225 9501 36
3225 9172 29
3225 9813 54
3225 9702 22
3225 9502 26
3225 7414 59
3225 9812 48
3225 9703 3
3225 9711 36
3225 7413 42
3225 7407 9
3225 7425 50
3225 8341 25
3225 9704 15
3225 9508 3
3225 9712 7
3225 7405 12
3225 7416 52
3225 7424 39
3225 7406 6
3225 8339 38
3225 7423 21
3225 7428 60
3225 9171 19
3225 8340 44
3225 9705 38
3225 9500 46
3225 9507 45
3225 9828 44
3227 9174 4
3227 9173 41
3227 9175 7
3227 9501 35
3227 9172 50
3227 9813 8
3227 9702 54
3227 9502 5
3227 7414 30
3227 9812 39
3227 9703 6
3227 9711 33
3227 7413 44
3227 7407 60
3227 7425 29
3227 8341 26
3227 9704 45
3227 9508 28
3227 9712 21
3227 7405 17
3227 7416 23
3227 7424 38
3227 7406 46
3227 8339 27
3227 7423 37
3227 7428 31
3227 9171 56
3227 8340 1
3227 9705 42
3227 9500 25
3227 9507 59
3227 9828 8
3232 9174 58
3232 9173 15
3232 9175 41
3232 9501 39
3232 9172 28
3232 9813 9
3232 9702 27
3232 9502 11
3232 7414 3
3232 9812 10
3232 9703 25
3232 9711 17
3232 7413 46
3232 7407 44
3232 7425 20
3232 8341 14
3232 9704 13
3232 9508 11
3232 9712 50
3232 7405 25
3232 7416 36
3232 7424 33
3232 7406 41
3232 8339 55
3232 7423 25
3232 7428 35
3232 9171 48
3232 8340 3
3232 9705 16
3232 9500 5
3232 9507 0
3232 9828 26
3222 9174 41
3222 9173 27
3222 9175 43
3222 9501 10
3222 9172 17
3222 9813 42
3222 9702 47
3222 9502 49
3222 7414 30
3222 9812 39
3222 9703 49
3222 9711 25
3222 7413 30
3222 7407 1
3222 7425 18
3222 8341 15
3222 9704 18
3222 9508 2
3222 9712 11
3222 7405 55
3222 7416 54
3222 7424 0
3222 7406 2
3222 8339 33
3222 7423 17
3222 7428 2
3222 9171 38
3222 8340 42
3222 9705 49
3222 9500 22
3222 9507 52
3222 9828 15
3495 9174 34
3495 9173 39
3495 9175 26
3495 9501 13
3495 9172 35
3495 9813 5
3495 9702 7
3495 9502 31
3495 7414 1
3495 9812 45
3495 9703 6
3495 9711 56
3495 7413 13
3495 7407 30
3495 7425 54
3495 8341 47
3495 9704 42
3495 9508 50
3495 9712 41
3495 7405 27
3495 7416 12
3495 7424 25
3495 7406 9
3495 8339 13
3495 7423 47
3495 7428 2
3495 9171 0
3495 8340 10
3495 9705 60
3495 9500 58
3495 9507 25
3495 9828 13
3501 9174 2
3501 9173 30
3501 9175 12
3501 9501 0
3501 9172 51
3501 9813 13
3501 9702 42
3501 9502 34
3501 7414 59
3501 9812 38
3501 9703 57
3501 9711 8
3501 7413 41
3501 7407 1
3501 7425 24
3501 8341 18
3501 9704 9
3501 9508 5
3501 9712 48
3501 7405 30
3501 7416 28
3501 7424 56
3501 7406 30
3501 8339 16
3501 7423 15
3501 7428 27
3501 9171 36
3501 8340 49
3501 9705 35
3501 9500 35
3501 9507 44
3501 9828 21
3509 9174 49
3509 9173 19
3509 9175 4
3509 9501 12
3509 9172 36
3509 9813 37
3509 9702 50
3509 9502 3
3509 7414 37
3509 9812 40
3509 9703 54
3509 9711 51
3509 7413 21
3509 7407 17
3509 7425 0
3509 8341 47
3509 9704 27
3509 9508 52
3509 9712 51
3509 7405 48
3509 7416 35
3509 7424 8
3509 7406 7
3509 8339 21
3509 7423 36
3509 7428 32
3509 9171 6
3509 8340 40
3509 9705 0
3509 9500 41
3509 9507 57
3509 9828 16
3507 9174 55
3507 9173 2
3507 9175 25
3507 9501 56
3507 9172 33
3507 9813 11
3507 9702 2
3507 9502 0
3507 7414 28
3507 9812 58
3507 9703 29
3507 9711 37
3507 7413 0
3507 7407 13
3507 7425 19
3507 8341 13
3507 9704 6
3507 9508 42
3507 9712 32
3507 7405 57
3507 7416 12
3507 7424 19
3507 7406 38
3507 8339 55
3507 7423 42
3507 7428 11
3507 9171 47
3507 8340 46
3507 9705 6
3507 9500 38
3507 9507 12
3507 9828 30
3288 9174 40
3288 9173 20
3288 9175 54
3288 9501 8
3288 9172 41
3288 9813 22
3288 9702 45
3288 9502 14
3288 7414 31
3288 9812 54
3288 9703 46
3288 9711 37
3288 7413 45
3288 7407 24
3288 7425 22
3288 8341 51
3288 9704 31
3288 9508 7
3288 9712 30
3288 7405 58
3288 7416 17
3288 7424 50
3288 7406 39
3288 8339 50
3288 7423 40
3288 7428 57
3288 9171 18
3288 8340 16
3288 9705 44
3288 9500 19
3288 9507 0
3288 9828 0
3243 9174 50
3243 9173 59
3243 9175 53
3243 9501 4
3243 9172 35
3243 9813 53
3243 9702 45
3243 9502 48
3243 7414 47
3243 9812 53
3243 9703 36
3243 9711 42
3243 7413 40
3243 7407 4
3243 7425 50
3243 8341 27
3243 9704 36
3243 9508 1
3243 9712 56
3243 7405 39
3243 7416 22
3243 7424 12
3243 7406 47
3243 8339 17
3243 7423 27
3243 7428 4
3243 9171 35
3243 8340 30
3243 9705 18
3243 9500 19
3243 9507 51
3243 9828 3
3224 9174 39
3224 9173 52
3224 9175 58
3224 9501 31
3224 9172 4
3224 9813 42
3224 9702 51
3224 9502 20
3224 7414 17
3224 9812 32
3224 9703 16
3224 9711 35
3224 7413 38
3224 7407 45
3224 7425 14
3224 8341 5
3224 9704 60
3224 9508 49
3224 9712 12
3224 7405 58
3224 7416 13
3224 7424 32
3224 7406 9
3224 8339 50
3224 7423 21
3224 7428 41
3224 9171 9
3224 8340 0
3224 9705 48
3224 9500 28
3224 9507 37
3224 9828 23
