7818 5371 54
7818 5371 2
7818 5371 28
7818 5371 43
7818 5370 27
7818 5370 17
7818 5370 8
7818 5370 24
7818 5355 41
7818 5355 46
7818 5355 42
7818 5355 1
7818 5362 58
7818 5362 53
7818 5362 52
7818 5362 55
7818 5376 23
7818 5376 38
7818 5376 18
7818 5376 0
7818 5282 8
7818 5282 41
7818 5282 42
7818 5282 37
7818 5368 19
7818 5368 33
7818 5368 50
7818 5368 56
7818 5375 22
7818 5375 15
7818 5375 14
7818 5375 60
7818 5353 12
7818 5353 57
7818 5353 36
7818 5353 53
7818 5256 54
7818 5256 26
7818 5256 58
7818 5256 55
7818 5360 18
7818 5360 32
7818 5360 60
7818 5360 58
7818 5378 3
7818 5378 4
7818 5378 55
7818 5378 21
7818 5401 17
7818 5401 7
7818 5401 41
7818 5401 32
7818 5281 12
7818 5281 50
7818 5281 12
7818 5281 52
7818 5252 26
7818 5252 59
7818 5252 46
7818 5252 13
7818 5367 47
7818 5367 6
7818 5367 27
7818 5367 55
7818 5377 45
7818 5377 29
7818 5377 13
7818 5377 1
7818 5402 38
7818 5402 17
7818 5402 50
7818 5402 20
7818 5354 19
7818 5354 15
7818 5354 9
7818 5354 43
7818 5257 33
7818 5257 19
7818 5257 60
7818 5257 37
7818 5243 49
7818 5243 39
7818 5243 56
7818 5243 46
7818 5361 2
7818 5361 4
7818 5361 6
7818 5361 15
7818 5398 32
7818 5398 18
7818 5398 5
7818 5398 23
7818 5399 15
7818 5399 48
7818 5399 9
7818 5399 18
7818 5410 58
7818 5410 9
7818 5410 11
7818 5410 6
7818 5251 53
7818 5251 18
7818 5251 9
7818 5251 37
7818 5283 47
7818 5283 53
7818 5283 56
7818 5283 38
7818 5242 27
7818 5242 50
7818 5242 34
7818 5242 0
7818 5369 55
7818 5369 50
7818 5369 41
7818 5369 17
7818 5383 8
7818 5383 31
7818 5383 35
7818 5383 26
7818 5404 0
7818 5404 45
7818 5404 24
7818 5404 46
7818 5412 44
7818 5412 56
7818 5412 49
7818 5412 41
7817 5371 60
7817 5371 56
7817 5371 40
7817 5371 50
7817 5370 55
7817 5370 39
7817 5370 55
7817 5370 59
7817 5355 18
7817 5355 58
7817 5355 56
7817 5355 24
7817 5362 30
7817 5362 44
7817 5362 21
7817 5362 52
7817 5376 21
7817 5376 39
7817 5376 25
7817 5376 30
7817 5282 44
7817 5282 41
7817 5282 44
7817 5282 28
7817 5368 52
7817 5368 50
7817 5368 23
7817 5368 3
7817 5375 15
7817 5375 25
7817 5375 58
7817 5375 31
7817 5353 57
7817 5353 44
7817 5353 48
7817 5353 49
7817 5256 52
7817 5256 36
7817 5256 1
7817 5256 27
7817 5360 13
7817 5360 40
7817 5360 45
7817 5360 12
7817 5378 8
7817 5378 43
7817 5378 5
7817 5378 13
7817 5401 0
7817 5401 31
7817 5401 32
7817 5401 13
7817 5281 25
7817 5281 2
7817 5281 45
7817 5281 23
7817 5252 26
7817 5252 47
7817 5252 35
7817 5252 10
7817 5367 30
7817 5367 19
7817 5367 10
7817 5367 54
7817 5377 30
7817 5377 45
7817 5377 24
7817 5377 40
7817 5402 52
7817 5402 38
7817 5402 0
7817 5402 19
7817 5354 35
7817 5354 25
7817 5354 30
7817 5354 29
7817 5257 33
7817 5257 34
7817 5257 24
7817 5257 52
7817 5243 31
7817 5243 53
7817 5243 50
7817 5243 24
7817 5361 32
7817 5361 7
7817 5361 54
7817 5361 15
7817 5398 59
7817 5398 8
7817 5398 47
7817 5398 31
7817 5399 48
7817 5399 59
7817 5399 12
7817 5399 20
7817 5410 14
7817 5410 13
7817 5410 49
7817 5410 56
7817 5251 23
7817 5251 38
7817 5251 27
7817 5251 55
7817 5283 35
7817 5283 13
7817 5283 24
7817 5283 21
7817 5242 39
7817 5242 8
7817 5242 21
7817 5242 21
7817 5369 36
7817 5369 5
7817 5369 8
7817 5369 23
7817 5383 15
7817 5383 45
7817 5383 11
7817 5383 53
7817 5404 16
7817 5404 38
7817 5404 52
7817 5404 56
7817 5412 18
7817 5412 36
7817 5412 23
7817 5412 59
7816 5371 12
7816 5371 60
7816 5371 6
7816 5371 26
7816 5370 33
7816 5370 51
7816 5370 58
7816 5370 48
7816 5355 10
7816 5355 15
7816 5355 32
7816 5355 57
7816 5362 17
7816 5362 25
7816 5362 33
7816 5362 11
7816 5376 26
7816 5376 8
7816 5376 20
7816 5376 4
7816 5282 5
7816 5282 1
7816 5282 60
7816 5282 33
7816 5368 25
7816 5368 9
7816 5368 27
7816 5368 1
7816 5375 47
7816 5375 18
7816 5375 43
7816 5375 55
7816 5353 36
7816 5353 35
7816 5353 31
7816 5353 44
7816 5256 29
7816 5256 30
7816 5256 10
7816 5256 50
7816 5360 33
7816 5360 39
7816 5360 18
7816 5360 43
7816 5378 16
7816 5378 8
7816 5378 17
7816 5378 22
7816 5401 46
7816 5401 43
7816 5401 31
7816 5401 54
7816 5281 39
7816 5281 36
7816 5281 39
7816 5281 44
7816 5252 45
7816 5252 54
7816 5252 56
7816 5252 39
7816 5367 28
7816 5367 34
7816 5367 36
7816 5367 31
7816 5377 16
7816 5377 49
7816 5377 18
7816 5377 53
7816 5402 1
7816 5402 25
7816 5402 10
7816 5402 14
7816 5354 20
7816 5354 24
7816 5354 12
7816 5354 33
7816 5257 1
7816 5257 12
7816 5257 41
7816 5257 7
7816 5243 57
7816 5243 40
7816 5243 20
7816 5243 46
7816 5361 10
7816 5361 18
7816 5361 36
7816 5361 51
7816 5398 27
7816 5398 21
7816 5398 39
7816 5398 36
7816 5399 0
7816 5399 46
7816 5399 1
7816 5399 32
7816 5410 40
7816 5410 23
7816 5410 38
7816 5410 19
7816 5251 5
7816 5251 44
7816 5251 35
7816 5251 44
7816 5283 0
7816 5283 14
7816 5283 18
7816 5283 26
7816 5242 46
7816 5242 15
7816 5242 60
7816 5242 13
7816 5369 26
7816 5369 42
7816 5369 25
7816 5369 57
7816 5383 13
7816 5383 24
7816 5383 11
7816 5383 40
7816 5404 8
7816 5404 26
7816 5404 44
7816 5404 17
7816 5412 36
7816 5412 48
7816 5412 45
7816 5412 37
7824 5371 52
7824 5371 39
7824 5371 19
7824 5371 24
7824 5370 0
7824 5370 39
7824 5370 55
7824 5370 23
7824 5355 12
7824 5355 30
7824 5355 45
7824 5355 40
7824 5362 32
7824 5362 36
7824 5362 14
7824 5362 16
7824 5376 19
7824 5376 10
7824 5376 12
7824 5376 32
7824 5282 49
7824 5282 24
7824 5282 56
7824 5282 31
7824 5368 23
7824 5368 0
7824 5368 20
7824 5368 25
7824 5375 56
7824 5375 46
7824 5375 35
7824 5375 20
7824 5353 4
7824 5353 24
7824 5353 14
7824 5353 16
7824 5256 28
7824 5256 20
7824 5256 41
7824 5256 45
7824 5360 34
7824 5360 28
7824 5360 27
7824 5360 7
7824 5378 50
7824 5378 47
7824 5378 19
7824 5378 52
7824 5401 59
7824 5401 12
7824 5401 42
7824 5401 56
7824 5281 24
7824 5281 21
7824 5281 21
7824 5281 51
7824 5252 51
7824 5252 42
7824 5252 56
7824 5252 10
7824 5367 11
7824 5367 39
7824 5367 19
7824 5367 22
7824 5377 28
7824 5377 43
7824 5377 16
7824 5377 36
7824 5402 60
7824 5402 54
7824 5402 11
7824 5402 16
7824 5354 46
7824 5354 18
7824 5354 43
7824 5354 4
7824 5257 23
7824 5257 49
7824 5257 38
7824 5257 25
7824 5243 24
7824 5243 5
7824 5243 26
7824 5243 6
7824 5361 13
7824 5361 53
7824 5361 53
7824 5361 29
7824 5398 43
7824 5398 8
7824 5398 32
7824 5398 31
7824 5399 5
7824 5399 27
7824 5399 10
7824 5399 37
7824 5410 9
7824 5410 39
7824 5410 4
7824 5410 44
7824 5251 59
7824 5251 22
7824 5251 44
7824 5251 6
7824 5283 45
7824 5283 30
7824 5283 31
7824 5283 27
7824 5242 30
7824 5242 51
7824 5242 27
7824 5242 15
7824 5369 46
7824 5369 33
7824 5369 49
7824 5369 26
7824 5383 10
7824 5383 11
7824 5383 10
7824 5383 37
7824 5404 32
7824 5404 46
7824 5404 31
7824 5404 14
7824 5412 20
7824 5412 51
7824 5412 35
7824 5412 15
7828 5371 42
7828 5371 38
7828 5371 16
7828 5371 39
7828 5370 15
7828 5370 4
7828 5370 35
7828 5370 47
7828 5355 42
7828 5355 44
7828 5355 6
7828 5355 55
7828 5362 4
7828 5362 11
7828 5362 13
7828 5362 45
7828 5376 6
7828 5376 58
7828 5376 2
7828 5376 48
7828 5282 8
7828 5282 35
7828 5282 35
7828 5282 30
7828 5368 19
7828 5368 20
7828 5368 24
7828 5368 16
7828 5375 58
7828 5375 29
7828 5375 9
7828 5375 5
7828 5353 18
7828 5353 55
7828 5353 34
7828 5353 16
7828 5256 29
7828 5256 38
7828 5256 59
7828 5256 28
7828 5360 14
7828 5360 7
7828 5360 15
7828 5360 39
7828 5378 23
7828 5378 14
7828 5378 39
7828 5378 9
7828 5401 5
7828 5401 34
7828 5401 28
7828 5401 22
7828 5281 18
7828 5281 3
7828 5281 14
7828 5281 36
7828 5252 60
7828 5252 53
7828 5252 28
7828 5252 20
7828 5367 30
7828 5367 27
7828 5367 46
7828 5367 24
7828 5377 4
7828 5377 3
7828 5377 59
7828 5377 38
7828 5402 22
7828 5402 43
7828 5402 6
7828 5402 58
7828 5354 9
7828 5354 5
7828 5354 0
7828 5354 56
7828 5257 32
7828 5257 23
7828 5257 16
7828 5257 44
7828 5243 15
7828 5243 33
7828 5243 55
7828 5243 12
7828 5361 15
7828 5361 19
7828 5361 49
7828 5361 12
7828 5398 59
7828 5398 19
7828 5398 48
7828 5398 13
7828 5399 44
7828 5399 14
7828 5399 14
7828 5399 24
7828 5410 6
7828 5410 34
7828 5410 8
7828 5410 40
7828 5251 26
7828 5251 41
7828 5251 52
7828 5251 39
7828 5283 33
7828 5283 24
7828 5283 22
7828 5283 9
7828 5242 2
7828 5242 58
7828 5242 58
7828 5242 55
7828 5369 47
7828 5369 2
7828 5369 55
7828 5369 22
7828 5383 11
7828 5383 2
7828 5383 20
7828 5383 19
7828 5404 48
7828 5404 53
7828 5404 0
7828 5404 28
7828 5412 50
7828 5412 34
7828 5412 17
7828 5412 27
7807 5371 25
7807 5371 2
7807 5371 38
7807 5371 17
7807 5370 58
7807 5370 34
7807 5370 52
7807 5370 13
7807 5355 11
7807 5355 5
7807 5355 49
7807 5355 45
7807 5362 19
7807 5362 24
7807 5362 26
7807 5362 53
7807 5376 31
7807 5376 53
7807 5376 31
7807 5376 47
7807 5282 19
7807 5282 10
7807 5282 40
7807 5282 40
7807 5368 45
7807 5368 50
7807 5368 6
7807 5368 39
7807 5375 26
7807 5375 31
7807 5375 57
7807 5375 52
7807 5353 28
7807 5353 53
7807 5353 8
7807 5353 48
7807 5256 27
7807 5256 34
7807 5256 2
7807 5256 32
7807 5360 7
7807 5360 56
7807 5360 23
7807 5360 40
7807 5378 39
7807 5378 37
7807 5378 25
7807 5378 32
7807 5401 30
7807 5401 35
7807 5401 20
7807 5401 59
7807 5281 53
7807 5281 14
7807 5281 31
7807 5281 24
7807 5252 36
7807 5252 5
7807 5252 39
7807 5252 27
7807 5367 3
7807 5367 52
7807 5367 1
7807 5367 49
7807 5377 42
7807 5377 45
7807 5377 47
7807 5377 7
7807 5402 55
7807 5402 36
7807 5402 13
7807 5402 41
7807 5354 59
7807 5354 19
7807 5354 26
7807 5354 58
7807 5257 44
7807 5257 26
7807 5257 0
7807 5257 55
7807 5243 55
7807 5243 3
7807 5243 35
7807 5243 59
7807 5361 38
7807 5361 16
7807 5361 38
7807 5361 3
7807 5398 48
7807 5398 9
7807 5398 45
7807 5398 48
7807 5399 52
7807 5399 34
7807 5399 40
7807 5399 20
7807 5410 16
7807 5410 13
7807 5410 19
7807 5410 16
7807 5251 19
7807 5251 55
7807 5251 20
7807 5251 6
7807 5283 20
7807 5283 55
7807 5283 56
7807 5283 40
7807 5242 44
7807 5242 37
7807 5242 2
7807 5242 41
7807 5369 6
7807 5369 27
7807 5369 58
7807 5369 13
7807 5383 42
7807 5383 34
7807 5383 4
7807 5383 42
7807 5404 29
7807 5404 16
7807 5404 0
7807 5404 17
7807 5412 14
7807 5412 9
7807 5412 36
7807 5412 41
7819 5371 47
7819 5371 59
7819 5371 51
7819 5371 11
7819 5370 32
7819 5370 40
7819 5370 28
7819 5370 21
7819 5355 55
7819 5355 51
7819 5355 60
7819 5355 1
7819 5362 56
7819 5362 17
7819 5362 4
7819 5362 0
7819 5376 60
7819 5376 8
7819 5376 30
7819 5376 39
7819 5282 40
7819 5282 33
7819 5282 35
7819 5282 3
7819 5368 21
7819 5368 43
7819 5368 30
7819 5368 44
7819 5375 46
7819 5375 2
7819 5375 28
7819 5375 6
7819 5353 19
7819 5353 11
7819 5353 7
7819 5353 7
7819 5256 21
7819 5256 19
7819 5256 12
7819 5256 18
7819 5360 47
7819 5360 56
7819 5360 52
7819 5360 54
7819 5378 47
7819 5378 29
7819 5378 36
7819 5378 48
7819 5401 40
7819 5401 18
7819 5401 51
7819 5401 38
7819 5281 0
7819 5281 34
7819 5281 47
7819 5281 11
7819 5252 12
7819 5252 47
7819 5252 24
7819 5252 43
7819 5367 41
7819 5367 60
7819 5367 12
7819 5367 59
7819 5377 30
7819 5377 25
7819 5377 13
7819 5377 14
7819 5402 44
7819 5402 16
7819 5402 33
7819 5402 8
7819 5354 18
7819 5354 30
7819 5354 59
7819 5354 41
7819 5257 16
7819 5257 55
7819 5257 55
7819 5257 35
7819 5243 4
7819 5243 0
7819 5243 46
7819 5243 22
7819 5361 4
7819 5361 39
7819 5361 54
7819 5361 27
7819 5398 56
7819 5398 42
7819 5398 33
7819 5398 49
7819 5399 32
7819 5399 11
7819 5399 35
7819 5399 22
7819 5410 1
7819 5410 11
7819 5410 51
7819 5410 52
7819 5251 1
7819 5251 25
7819 5251 14
7819 5251 43
7819 5283 32
7819 5283 18
7819 5283 5
7819 5283 3
7819 5242 31
7819 5242 18
7819 5242 41
7819 5242 49
7819 5369 35
7819 5369 9
7819 5369 0
7819 5369 0
7819 5383 20
7819 5383 20
7819 5383 44
7819 5383 42
7819 5404 21
7819 5404 42
7819 5404 17
7819 5404 4
7819 5412 14
7819 5412 49
7819 5412 7
7819 5412 41
7827 5371 26
7827 5371 11
7827 5371 18
7827 5371 12
7827 5370 41
7827 5370 8
7827 5370 16
7827 5370 32
7827 5355 38
7827 5355 23
7827 5355 44
7827 5355 52
7827 5362 34
7827 5362 17
7827 5362 20
7827 5362 44
7827 5376 5
7827 5376 43
7827 5376 29
7827 5376 32
7827 5282 47
7827 5282 56
7827 5282 36
7827 5282 6
7827 5368 51
7827 5368 37
7827 5368 15
7827 5368 52
7827 5375 57
7827 5375 38
7827 5375 49
7827 5375 54
7827 5353 16
7827 5353 59
7827 5353 9
7827 5353 21
7827 5256 52
7827 5256 30
7827 5256 8
7827 5256 33
7827 5360 5
7827 5360 19
7827 5360 48
7827 5360 13
7827 5378 0
7827 5378 38
7827 5378 54
7827 5378 50
7827 5401 15
7827 5401 24
7827 5401 42
7827 5401 45
7827 5281 22
7827 5281 55
7827 5281 12
7827 5281 16
7827 5252 38
7827 5252 27
7827 5252 41
7827 5252 17
7827 5367 36
7827 5367 9
7827 5367 41
7827 5367 6
7827 5377 36
7827 5377 18
7827 5377 19
7827 5377 28
7827 5402 39
7827 5402 59
7827 5402 5
7827 5402 6
7827 5354 46
7827 5354 28
7827 5354 37
7827 5354 46
7827 5257 23
7827 5257 59
7827 5257 30
7827 5257 13
7827 5243 6
7827 5243 29
7827 5243 18
7827 5243 29
7827 5361 50
7827 5361 33
7827 5361 36
7827 5361 43
7827 5398 3
7827 5398 26
7827 5398 50
7827 5398 33
7827 5399 56
7827 5399 42
7827 5399 10
7827 5399 14
7827 5410 17
7827 5410 34
7827 5410 2
7827 5410 11
7827 5251 30
7827 5251 33
7827 5251 10
7827 5251 52
7827 5283 25
7827 5283 21
7827 5283 32
7827 5283 22
7827 5242 31
7827 5242 17
7827 5242 1
7827 5242 53
7827 5369 47
7827 5369 46
7827 5369 52
7827 5369 26
7827 5383 57
7827 5383 48
7827 5383 35
7827 5383 5
7827 5404 48
7827 5404 38
7827 5404 28
7827 5404 21
7827 5412 16
7827 5412 57
7827 5412 10
7827 5412 46
7815 5371 5
7815 5371 14
7815 5371 18
7815 5371 40
7815 5370 24
7815 5370 25
7815 5370 20
7815 5370 4
7815 5355 14
7815 5355 17
7815 5355 52
7815 5355 44
7815 5362 59
7815 5362 12
7815 5362 28
7815 5362 22
7815 5376 58
7815 5376 24
7815 5376 14
7815 5376 7
7815 5282 34
7815 5282 7
7815 5282 13
7815 5282 49
7815 5368 15
7815 5368 36
7815 5368 1
7815 5368 40
7815 5375 47
7815 5375 49
7815 5375 54
7815 5375 38
7815 5353 27
7815 5353 59
7815 5353 26
7815 5353 9
7815 5256 54
7815 5256 42
7815 5256 3
7815 5256 34
7815 5360 17
7815 5360 47
7815 5360 24
7815 5360 50
7815 5378 36
7815 5378 24
7815 5378 33
7815 5378 36
7815 5401 45
7815 5401 10
7815 5401 31
7815 5401 36
7815 5281 17
7815 5281 9
7815 5281 25
7815 5281 42
7815 5252 52
7815 5252 32
7815 5252 20
7815 5252 49
7815 5367 43
7815 5367 15
7815 5367 15
7815 5367 20
7815 5377 17
7815 5377 47
7815 5377 27
7815 5377 24
7815 5402 28
7815 5402 35
7815 5402 1
7815 5402 58
7815 5354 41
7815 5354 24
7815 5354 46
7815 5354 25
7815 5257 42
7815 5257 3
7815 5257 56
7815 5257 19
7815 5243 59
7815 5243 24
7815 5243 6
7815 5243 21
7815 5361 45
7815 5361 37
7815 5361 35
7815 5361 12
7815 5398 20
7815 5398 25
7815 5398 14
7815 5398 12
7815 5399 14
7815 5399 20
7815 5399 18
7815 5399 38
7815 5410 36
7815 5410 7
7815 5410 58
7815 5410 5
7815 5251 42
7815 5251 37
7815 5251 27
7815 5251 11
7815 5283 46
7815 5283 42
7815 5283 26
7815 5283 7
7815 5242 15
7815 5242 50
7815 5242 22
7815 5242 26
7815 5369 58
7815 5369 33
7815 5369 0
7815 5369 40
7815 5383 26
7815 5383 2
7815 5383 15
7815 5383 11
7815 5404 20
7815 5404 0
7815 5404 32
7815 5404 3
7815 5412 60
7815 5412 25
7815 5412 53
7815 5412 27
7820 5371 12
7820 5371 7
7820 5371 26
7820 5371 34
7820 5370 36
7820 5370 18
7820 5370 60
7820 5370 24
7820 5355 2
7820 5355 0
7820 5355 17
7820 5355 5
7820 5362 39
7820 5362 10
7820 5362 15
7820 5362 39
7820 5376 21
7820 5376 19
7820 5376 15
7820 5376 8
7820 5282 60
7820 5282 2
7820 5282 10
7820 5282 47
7820 5368 16
7820 5368 48
7820 5368 46
7820 5368 37
7820 5375 26
7820 5375 58
7820 5375 18
7820 5375 0
7820 5353 46
7820 5353 17
7820 5353 19
7820 5353 1
7820 5256 38
7820 5256 24
7820 5256 60
7820 5256 5
7820 5360 37
7820 5360 35
7820 5360 18
7820 5360 36
7820 5378 18
7820 5378 3
7820 5378 24
7820 5378 3
7820 5401 42
7820 5401 24
7820 5401 42
7820 5401 41
7820 5281 55
7820 5281 55
7820 5281 18
7820 5281 1
7820 5252 37
7820 5252 26
7820 5252 29
7820 5252 56
7820 5367 8
7820 5367 32
7820 5367 34
7820 5367 56
7820 5377 45
7820 5377 55
7820 5377 5
7820 5377 21
7820 5402 29
7820 5402 34
7820 5402 45
7820 5402 31
7820 5354 39
7820 5354 37
7820 5354 51
7820 5354 24
7820 5257 21
7820 5257 16
7820 5257 34
7820 5257 56
7820 5243 33
7820 5243 9
7820 5243 29
7820 5243 50
7820 5361 41
7820 5361 38
7820 5361 37
7820 5361 21
7820 5398 16
7820 5398 5
7820 5398 51
7820 5398 53
7820 5399 29
7820 5399 18
7820 5399 1
7820 5399 53
7820 5410 25
7820 5410 47
7820 5410 35
7820 5410 5
7820 5251 43
7820 5251 34
7820 5251 24
7820 5251 19
7820 5283 51
7820 5283 12
7820 5283 52
7820 5283 26
7820 5242 46
7820 5242 45
7820 5242 13
7820 5242 24
7820 5369 17
7820 5369 32
7820 5369 40
7820 5369 35
7820 5383 42
7820 5383 34
7820 5383 28
7820 5383 52
7820 5404 13
7820 5404 52
7820 5404 37
7820 5404 51
7820 5412 51
7820 5412 26
7820 5412 0
7820 5412 20
7825 5371 4
7825 5371 5
7825 5371 14
7825 5371 42
7825 5370 38
7825 5370 26
7825 5370 48
7825 5370 59
7825 5355 3
7825 5355 17
7825 5355 29
7825 5355 9
7825 5362 3
7825 5362 38
7825 5362 51
7825 5362 57
7825 5376 43
7825 5376 15
7825 5376 25
7825 5376 21
7825 5282 4
7825 5282 31
7825 5282 15
7825 5282 34
7825 5368 54
7825 5368 59
7825 5368 42
7825 5368 1
7825 5375 28
7825 5375 35
7825 5375 54
7825 5375 11
7825 5353 17
7825 5353 53
7825 5353 3
7825 5353 40
7825 5256 54
7825 5256 56
7825 5256 49
7825 5256 11
7825 5360 24
7825 5360 45
7825 5360 46
7825 5360 26
7825 5378 31
7825 5378 25
7825 5378 6
7825 5378 56
7825 5401 52
7825 5401 31
7825 5401 35
7825 5401 45
7825 5281 13
7825 5281 37
7825 5281 50
7825 5281 34
7825 5252 1
7825 5252 6
7825 5252 5
7825 5252 24
7825 5367 12
7825 5367 10
7825 5367 3
7825 5367 44
7825 5377 35
7825 5377 11
7825 5377 26
7825 5377 31
7825 5402 14
7825 5402 5
7825 5402 19
7825 5402 59
7825 5354 26
7825 5354 15
7825 5354 11
7825 5354 19
7825 5257 10
7825 5257 21
7825 5257 34
7825 5257 50
7825 5243 57
7825 5243 7
7825 5243 37
7825 5243 14
7825 5361 32
7825 5361 36
7825 5361 30
7825 5361 46
7825 5398 23
7825 5398 45
7825 5398 44
7825 5398 10
7825 5399 21
7825 5399 19
7825 5399 11
7825 5399 32
7825 5410 22
7825 5410 18
7825 5410 36
7825 5410 29
7825 5251 33
7825 5251 46
7825 5251 13
7825 5251 38
7825 5283 37
7825 5283 23
7825 5283 45
7825 5283 18
7825 5242 17
7825 5242 18
7825 5242 60
7825 5242 55
7825 5369 20
7825 5369 51
7825 5369 14
7825 5369 28
7825 5383 53
7825 5383 43
7825 5383 27
7825 5383 57
7825 5404 54
7825 5404 10
7825 5404 25
7825 5404 3
7825 5412 18
7825 5412 51
7825 5412 8
7825 5412 30
7841 5371 51
7841 5371 56
7841 5371 58
7841 5371 48
7841 5370 52
7841 5370 13
7841 5370 22
7841 5370 20
7841 5355 5
7841 5355 53
7841 5355 47
7841 5355 60
7841 5362 23
7841 5362 47
7841 5362 45
7841 5362 23
7841 5376 22
7841 5376 11
7841 5376 5
7841 5376 3
7841 5282 41
7841 5282 50
7841 5282 35
7841 5282 47
7841 5368 9
7841 5368 2
7841 5368 6
7841 5368 42
7841 5375 33
7841 5375 40
7841 5375 32
7841 5375 23
7841 5353 19
7841 5353 32
7841 5353 2
7841 5353 1
7841 5256 46
7841 5256 43
7841 5256 26
7841 5256 19
7841 5360 32
7841 5360 9
7841 5360 50
7841 5360 48
7841 5378 17
7841 5378 60
7841 5378 38
7841 5378 16
7841 5401 32
7841 5401 9
7841 5401 17
7841 5401 45
7841 5281 20
7841 5281 43
7841 5281 57
7841 5281 27
7841 5252 49
7841 5252 26
7841 5252 46
7841 5252 2
7841 5367 13
7841 5367 2
7841 5367 45
7841 5367 57
7841 5377 53
7841 5377 18
7841 5377 20
7841 5377 45
7841 5402 48
7841 5402 26
7841 5402 37
7841 5402 24
7841 5354 36
7841 5354 58
7841 5354 3
7841 5354 23
7841 5257 36
7841 5257 29
7841 5257 26
7841 5257 26
7841 5243 47
7841 5243 27
7841 5243 27
7841 5243 3
7841 5361 43
7841 5361 10
7841 5361 14
7841 5361 40
7841 5398 1
7841 5398 48
7841 5398 59
7841 5398 49
7841 5399 2
7841 5399 51
7841 5399 35
7841 5399 46
7841 5410 29
7841 5410 2
7841 5410 41
7841 5410 43
7841 5251 2
7841 5251 37
7841 5251 53
7841 5251 35
7841 5283 45
7841 5283 34
7841 5283 2
7841 5283 51
7841 5242 30
7841 5242 2
7841 5242 60
7841 5242 47
7841 5369 18
7841 5369 51
7841 5369 30
7841 5369 1
7841 5383 8
7841 5383 13
7841 5383 21
7841 5383 29
7841 5404 48
7841 5404 37
7841 5404 7
7841 5404 1
7841 5412 48
7841 5412 15
7841 5412 11
7841 5412 44
7842 5371 32
7842 5371 24
7842 5371 43
7842 5371 57
7842 5370 60
7842 5370 27
7842 5370 60
7842 5370 25
7842 5355 26
7842 5355 34
7842 5355 44
7842 5355 10
7842 5362 26
7842 5362 37
7842 5362 24
7842 5362 22
7842 5376 26
7842 5376 15
7842 5376 13
7842 5376 23
7842 5282 53
7842 5282 4
7842 5282 59
7842 5282 27
7842 5368 3
7842 5368 23
7842 5368 53
7842 5368 60
7842 5375 22
7842 5375 14
7842 5375 44
7842 5375 24
7842 5353 56
7842 5353 16
7842 5353 21
7842 5353 9
7842 5256 60
7842 5256 26
7842 5256 47
7842 5256 44
7842 5360 59
7842 5360 45
7842 5360 17
7842 5360 2
7842 5378 21
7842 5378 18
7842 5378 17
7842 5378 56
7842 5401 4
7842 5401 13
7842 5401 11
7842 5401 26
7842 5281 47
7842 5281 3
7842 5281 1
7842 5281 16
7842 5252 33
7842 5252 12
7842 5252 7
7842 5252 19
7842 5367 17
7842 5367 36
7842 5367 27
7842 5367 1
7842 5377 20
7842 5377 33
7842 5377 53
7842 5377 18
7842 5402 45
7842 5402 0
7842 5402 15
7842 5402 33
7842 5354 8
7842 5354 53
7842 5354 50
7842 5354 22
7842 5257 38
7842 5257 29
7842 5257 51
7842 5257 6
7842 5243 59
7842 5243 18
7842 5243 21
7842 5243 34
7842 5361 1
7842 5361 6
7842 5361 21
7842 5361 36
7842 5398 22
7842 5398 3
7842 5398 17
7842 5398 16
7842 5399 58
7842 5399 11
7842 5399 39
7842 5399 42
7842 5410 42
7842 5410 19
7842 5410 6
7842 5410 44
7842 5251 57
7842 5251 50
7842 5251 8
7842 5251 44
7842 5283 2
7842 5283 46
7842 5283 47
7842 5283 57
7842 5242 33
7842 5242 36
7842 5242 10
7842 5242 12
7842 5369 45
7842 5369 28
7842 5369 58
7842 5369 46
7842 5383 18
7842 5383 27
7842 5383 9
7842 5383 45
7842 5404 16
7842 5404 58
7842 5404 41
7842 5404 48
7842 5412 56
7842 5412 38
7842 5412 15
7842 5412 33
7806 5371 16
7806 5371 10
7806 5371 46
7806 5371 59
7806 5370 8
7806 5370 8
7806 5370 21
7806 5370 32
7806 5355 11
7806 5355 10
7806 5355 32
7806 5355 28
7806 5362 4
7806 5362 1
7806 5362 15
7806 5362 36
7806 5376 38
7806 5376 38
7806 5376 27
7806 5376 10
7806 5282 22
7806 5282 43
7806 5282 14
7806 5282 12
7806 5368 54
7806 5368 37
7806 5368 17
7806 5368 50
7806 5375 4
7806 5375 28
7806 5375 2
7806 5375 38
7806 5353 15
7806 5353 43
7806 5353 41
7806 5353 20
7806 5256 50
7806 5256 48
7806 5256 42
7806 5256 15
7806 5360 35
7806 5360 17
7806 5360 55
7806 5360 3
7806 5378 23
7806 5378 15
7806 5378 26
7806 5378 15
7806 5401 51
7806 5401 6
7806 5401 1
7806 5401 42
7806 5281 31
7806 5281 57
7806 5281 2
7806 5281 38
7806 5252 6
7806 5252 5
7806 5252 27
7806 5252 60
7806 5367 52
7806 5367 34
7806 5367 46
7806 5367 41
7806 5377 14
7806 5377 23
7806 5377 41
7806 5377 1
7806 5402 29
7806 5402 18
7806 5402 29
7806 5402 52
7806 5354 1
7806 5354 46
7806 5354 33
7806 5354 35
7806 5257 18
7806 5257 14
7806 5257 30
7806 5257 18
7806 5243 41
7806 5243 21
7806 5243 23
7806 5243 2
7806 5361 32
7806 5361 1
7806 5361 22
7806 5361 1
7806 5398 52
7806 5398 26
7806 5398 10
7806 5398 5
7806 5399 20
7806 5399 33
7806 5399 43
7806 5399 23
7806 5410 48
7806 5410 19
7806 5410 22
7806 5410 47
7806 5251 34
7806 5251 38
7806 5251 8
7806 5251 41
7806 5283 18
7806 5283 16
7806 5283 22
7806 5283 50
7806 5242 57
7806 5242 42
7806 5242 33
7806 5242 10
7806 5369 36
7806 5369 7
7806 5369 23
7806 5369 54
7806 5383 4
7806 5383 30
7806 5383 44
7806 5383 26
7806 5404 26
7806 5404 47
7806 5404 47
7806 5404 8
7806 5412 34
7806 5412 34
7806 5412 37
7806 5412 8
7809 5371 58
7809 5371 42
7809 5371 49
7809 5371 35
7809 5370 57
7809 5370 54
7809 5370 9
7809 5370 21
7809 5355 34
7809 5355 21
7809 5355 30
7809 5355 6
7809 5362 36
7809 5362 27
7809 5362 36
7809 5362 41
7809 5376 52
7809 5376 39
7809 5376 49
7809 5376 31
7809 5282 26
7809 5282 47
7809 5282 58
7809 5282 28
7809 5368 27
7809 5368 14
7809 5368 52
7809 5368 20
7809 5375 29
7809 5375 57
7809 5375 57
7809 5375 30
7809 5353 41
7809 5353 18
7809 5353 0
7809 5353 18
7809 5256 10
7809 5256 29
7809 5256 30
7809 5256 51
7809 5360 35
7809 5360 37
7809 5360 44
7809 5360 0
7809 5378 54
7809 5378 21
7809 5378 5
7809 5378 35
7809 5401 48
7809 5401 34
7809 5401 33
7809 5401 21
7809 5281 40
7809 5281 31
7809 5281 60
7809 5281 30
7809 5252 1
7809 5252 55
7809 5252 4
7809 5252 6
7809 5367 17
7809 5367 42
7809 5367 30
7809 5367 59
7809 5377 22
7809 5377 12
7809 5377 36
7809 5377 15
7809 5402 16
7809 5402 32
7809 5402 4
7809 5402 32
7809 5354 56
7809 5354 2
7809 5354 38
7809 5354 2
7809 5257 54
7809 5257 39
7809 5257 33
7809 5257 56
7809 5243 34
7809 5243 48
7809 5243 10
7809 5243 1
7809 5361 5
7809 5361 47
7809 5361 34
7809 5361 55
7809 5398 58
7809 5398 20
7809 5398 23
7809 5398 11
7809 5399 51
7809 5399 30
7809 5399 13
7809 5399 16
7809 5410 54
7809 5410 10
7809 5410 27
7809 5410 56
7809 5251 55
7809 5251 31
7809 5251 0
7809 5251 14
7809 5283 5
7809 5283 23
7809 5283 32
7809 5283 43
7809 5242 22
7809 5242 9
7809 5242 13
7809 5242 56
7809 5369 7
7809 5369 49
7809 5369 37
7809 5369 56
7809 5383 14
7809 5383 13
7809 5383 31
7809 5383 33
7809 5404 53
7809 5404 36
7809 5404 33
7809 5404 2
7809 5412 29
7809 5412 26
7809 5412 59
7809 5412 42
7633 5371 49
7633 5371 32
7633 5371 48
7633 5371 28
7633 5370 15
7633 5370 23
7633 5370 51
7633 5370 53
7633 5355 23
7633 5355 21
7633 5355 52
7633 5355 21
7633 5362 26
7633 5362 0
7633 5362 32
7633 5362 29
7633 5376 41
7633 5376 52
7633 5376 25
7633 5376 32
7633 5282 42
7633 5282 0
7633 5282 27
7633 5282 24
7633 5368 12
7633 5368 38
7633 5368 39
7633 5368 34
7633 5375 21
7633 5375 26
7633 5375 1
7633 5375 24
7633 5353 36
7633 5353 27
7633 5353 46
7633 5353 17
7633 5256 14
7633 5256 58
7633 5256 60
7633 5256 47
7633 5360 27
7633 5360 11
7633 5360 11
7633 5360 9
7633 5378 58
7633 5378 47
7633 5378 25
7633 5378 4
7633 5401 20
7633 5401 16
7633 5401 22
7633 5401 46
7633 5281 35
7633 5281 56
7633 5281 20
7633 5281 48
7633 5252 39
7633 5252 47
7633 5252 12
7633 5252 28
7633 5367 27
7633 5367 37
7633 5367 31
7633 5367 49
7633 5377 8
7633 5377 22
7633 5377 35
7633 5377 5
7633 5402 38
7633 5402 56
7633 5402 56
7633 5402 60
7633 5354 8
7633 5354 1
7633 5354 49
7633 5354 15
7633 5257 33
7633 5257 24
7633 5257 29
7633 5257 56
7633 5243 42
7633 5243 0
7633 5243 33
7633 5243 41
7633 5361 47
7633 5361 16
7633 5361 43
7633 5361 26
7633 5398 60
7633 5398 0
7633 5398 19
7633 5398 18
7633 5399 15
7633 5399 32
7633 5399 16
7633 5399 24
7633 5410 46
7633 5410 47
7633 5410 60
7633 5410 0
7633 5251 56
7633 5251 59
7633 5251 2
7633 5251 1
7633 5283 8
7633 5283 23
7633 5283 18
7633 5283 37
7633 5242 34
7633 5242 50
7633 5242 29
7633 5242 49
7633 5369 49
7633 5369 53
7633 5369 15
7633 5369 38
7633 5383 29
7633 5383 8
7633 5383 4
7633 5383 36
7633 5404 4
7633 5404 7
7633 5404 26
7633 5404 13
7633 5412 10
7633 5412 16
7633 5412 28
7633 5412 7
7829 5371 56
7829 5371 48
7829 5371 27
7829 5371 36
7829 5370 40
7829 5370 39
7829 5370 55
7829 5370 16
7829 5355 47
7829 5355 38
7829 5355 45
7829 5355 31
7829 5362 57
7829 5362 29
7829 5362 14
7829 5362 6
7829 5376 48
7829 5376 16
7829 5376 45
7829 5376 20
7829 5282 34
7829 5282 34
7829 5282 37
7829 5282 23
7829 5368 4
7829 5368 36
7829 5368 26
7829 5368 43
7829 5375 37
7829 5375 59
7829 5375 13
7829 5375 2
7829 5353 54
7829 5353 9
7829 5353 19
7829 5353 3
7829 5256 21
7829 5256 44
7829 5256 0
7829 5256 57
7829 5360 29
7829 5360 38
7829 5360 51
7829 5360 59
7829 5378 3
7829 5378 38
7829 5378 41
7829 5378 40
7829 5401 10
7829 5401 15
7829 5401 34
7829 5401 8
7829 5281 47
7829 5281 8
7829 5281 8
7829 5281 44
7829 5252 22
7829 5252 34
7829 5252 41
7829 5252 24
7829 5367 27
7829 5367 8
7829 5367 34
7829 5367 58
7829 5377 48
7829 5377 54
7829 5377 34
7829 5377 19
7829 5402 51
7829 5402 11
7829 5402 9
7829 5402 29
7829 5354 7
7829 5354 43
7829 5354 47
7829 5354 43
7829 5257 47
7829 5257 23
7829 5257 55
7829 5257 26
7829 5243 1
7829 5243 50
7829 5243 25
7829 5243 0
7829 5361 9
7829 5361 32
7829 5361 41
7829 5361 59
7829 5398 32
7829 5398 33
7829 5398 4
7829 5398 19
7829 5399 14
7829 5399 32
7829 5399 20
7829 5399 43
7829 5410 59
7829 5410 1
7829 5410 11
7829 5410 23
7829 5251 14
7829 5251 8
7829 5251 49
7829 5251 55
7829 5283 35
7829 5283 60
7829 5283 18
7829 5283 59
7829 5242 45
7829 5242 0
7829 5242 21
7829 5242 16
7829 5369 48
7829 5369 8
7829 5369 23
7829 5369 44
7829 5383 30
7829 5383 33
7829 5383 14
7829 5383 20
7829 5404 19
7829 5404 48
7829 5404 46
7829 5404 4
7829 5412 60
7829 5412 14
7829 5412 43
7829 5412 6
7844 5371 28
7844 5371 17
7844 5371 48
7844 5371 8
7844 5370 21
7844 5370 37
7844 5370 40
7844 5370 24
7844 5355 32
7844 5355 40
7844 5355 20
7844 5355 16
7844 5362 16
7844 5362 4
7844 5362 22
7844 5362 39
7844 5376 60
7844 5376 37
7844 5376 36
7844 5376 16
7844 5282 38
7844 5282 27
7844 5282 41
7844 5282 36
7844 5368 23
7844 5368 36
7844 5368 8
7844 5368 10
7844 5375 56
7844 5375 16
7844 5375 58
7844 5375 42
7844 5353 26
7844 5353 40
7844 5353 60
7844 5353 22
7844 5256 30
7844 5256 31
7844 5256 25
7844 5256 8
7844 5360 5
7844 5360 54
7844 5360 53
7844 5360 6
7844 5378 52
7844 5378 45
7844 5378 44
7844 5378 6
7844 5401 33
7844 5401 19
7844 5401 9
7844 5401 57
7844 5281 2
7844 5281 11
7844 5281 41
7844 5281 54
7844 5252 32
7844 5252 5
7844 5252 37
7844 5252 18
7844 5367 47
7844 5367 51
7844 5367 0
7844 5367 60
7844 5377 17
7844 5377 51
7844 5377 41
7844 5377 56
7844 5402 13
7844 5402 0
7844 5402 36
7844 5402 4
7844 5354 17
7844 5354 58
7844 5354 43
7844 5354 30
7844 5257 42
7844 5257 43
7844 5257 4
7844 5257 31
7844 5243 59
7844 5243 33
7844 5243 14
7844 5243 1
7844 5361 6
7844 5361 12
7844 5361 26
7844 5361 28
7844 5398 54
7844 5398 6
7844 5398 4
7844 5398 6
7844 5399 49
7844 5399 39
7844 5399 2
7844 5399 34
7844 5410 59
7844 5410 48
7844 5410 60
7844 5410 40
7844 5251 50
7844 5251 15
7844 5251 60
7844 5251 14
7844 5283 19
7844 5283 10
7844 5283 15
7844 5283 15
7844 5242 45
7844 5242 20
7844 5242 24
7844 5242 35
7844 5369 5
7844 5369 37
7844 5369 53
7844 5369 54
7844 5383 49
7844 5383 53
7844 5383 8
7844 5383 26
7844 5404 14
7844 5404 0
7844 5404 1
7844 5404 41
7844 5412 52
7844 5412 31
7844 5412 41
7844 5412 39
7821 5371 37
7821 5371 47
7821 5371 26
7821 5371 1
7821 5370 58
7821 5370 49
7821 5370 52
7821 5370 57
7821 5355 46
7821 5355 15
7821 5355 15
7821 5355 46
7821 5362 49
7821 5362 21
7821 5362 32
7821 5362 53
7821 5376 38
7821 5376 15
7821 5376 8
7821 5376 38
7821 5282 10
7821 5282 57
7821 5282 32
7821 5282 58
7821 5368 3
7821 5368 49
7821 5368 6
7821 5368 8
7821 5375 52
7821 5375 60
7821 5375 47
7821 5375 2
7821 5353 57
7821 5353 24
7821 5353 43
7821 5353 39
7821 5256 52
7821 5256 29
7821 5256 4
7821 5256 21
7821 5360 8
7821 5360 32
7821 5360 22
7821 5360 22
7821 5378 30
7821 5378 2
7821 5378 33
7821 5378 33
7821 5401 30
7821 5401 40
7821 5401 3
7821 5401 0
7821 5281 26
7821 5281 0
7821 5281 7
7821 5281 55
7821 5252 33
7821 5252 52
7821 5252 13
7821 5252 2
7821 5367 44
7821 5367 2
7821 5367 10
7821 5367 17
7821 5377 24
7821 5377 44
7821 5377 56
7821 5377 10
7821 5402 47
7821 5402 18
7821 5402 45
7821 5402 28
7821 5354 42
7821 5354 9
7821 5354 33
7821 5354 51
7821 5257 6
7821 5257 21
7821 5257 26
7821 5257 16
7821 5243 2
7821 5243 16
7821 5243 26
7821 5243 54
7821 5361 30
7821 5361 22
7821 5361 60
7821 5361 42
7821 5398 56
7821 5398 11
7821 5398 37
7821 5398 33
7821 5399 26
7821 5399 8
7821 5399 39
7821 5399 59
7821 5410 53
7821 5410 10
7821 5410 55
7821 5410 12
7821 5251 32
7821 5251 28
7821 5251 1
7821 5251 47
7821 5283 55
7821 5283 31
7821 5283 35
7821 5283 4
7821 5242 30
7821 5242 7
7821 5242 4
7821 5242 1
7821 5369 44
7821 5369 50
7821 5369 33
7821 5369 36
7821 5383 12
7821 5383 6
7821 5383 13
7821 5383 31
7821 5404 43
7821 5404 28
7821 5404 35
7821 5404 36
7821 5412 43
7821 5412 5
7821 5412 56
7821 5412 7
7823 5371 55
7823 5371 24
7823 5371 14
7823 5371 52
7823 5370 39
7823 5370 50
7823 5370 30
7823 5370 12
7823 5355 19
7823 5355 9
7823 5355 57
7823 5355 57
7823 5362 8
7823 5362 43
7823 5362 0
7823 5362 42
7823 5376 19
7823 5376 57
7823 5376 31
7823 5376 0
7823 5282 32
7823 5282 17
7823 5282 26
7823 5282 30
7823 5368 33
7823 5368 36
7823 5368 46
7823 5368 14
7823 5375 31
7823 5375 45
7823 5375 52
7823 5375 22
7823 5353 8
7823 5353 32
7823 5353 32
7823 5353 60
7823 5256 20
7823 5256 29
7823 5256 60
7823 5256 8
7823 5360 23
7823 5360 51
7823 5360 50
7823 5360 2
7823 5378 11
7823 5378 57
7823 5378 3
7823 5378 39
7823 5401 45
7823 5401 24
7823 5401 49
7823 5401 45
7823 5281 4
7823 5281 17
7823 5281 12
7823 5281 6
7823 5252 16
7823 5252 13
7823 5252 7
7823 5252 9
7823 5367 36
7823 5367 30
7823 5367 47
7823 5367 14
7823 5377 15
7823 5377 25
7823 5377 49
7823 5377 24
7823 5402 46
7823 5402 18
7823 5402 32
7823 5402 13
7823 5354 37
7823 5354 45
7823 5354 57
7823 5354 26
7823 5257 46
7823 5257 47
7823 5257 24
7823 5257 57
7823 5243 29
7823 5243 55
7823 5243 58
7823 5243 60
7823 5361 35
7823 5361 47
7823 5361 22
7823 5361 11
7823 5398 48
7823 5398 54
7823 5398 41
7823 5398 5
7823 5399 44
7823 5399 29
7823 5399 30
7823 5399 9
7823 5410 39
7823 5410 54
7823 5410 16
7823 5410 25
7823 5251 29
7823 5251 4
7823 5251 42
7823 5251 57
7823 5283 46
7823 5283 27
7823 5283 3
7823 5283 50
7823 5242 52
7823 5242 3
7823 5242 0
7823 5242 19
7823 5369 29
7823 5369 45
7823 5369 38
7823 5369 30
7823 5383 11
7823 5383 55
7823 5383 33
7823 5383 60
7823 5404 53
7823 5404 7
7823 5404 33
7823 5404 10
7823 5412 59
7823 5412 10
7823 5412 57
7823 5412 43
7811 5371 53
7811 5371 3
7811 5371 4
7811 5371 38
7811 5370 36
7811 5370 51
7811 5370 12
7811 5370 51
7811 5355 56
7811 5355 46
7811 5355 21
7811 5355 20
7811 5362 8
7811 5362 2
7811 5362 25
7811 5362 60
7811 5376 14
7811 5376 24
7811 5376 5
7811 5376 42
7811 5282 40
7811 5282 3
7811 5282 51
7811 5282 32
7811 5368 41
7811 5368 45
7811 5368 32
7811 5368 6
7811 5375 54
7811 5375 11
7811 5375 30
7811 5375 25
7811 5353 42
7811 5353 28
7811 5353 7
7811 5353 4
7811 5256 15
7811 5256 40
7811 5256 44
7811 5256 1
7811 5360 37
7811 5360 33
7811 5360 54
7811 5360 4
7811 5378 23
7811 5378 39
7811 5378 19
7811 5378 43
7811 5401 41
7811 5401 41
7811 5401 53
7811 5401 31
7811 5281 0
7811 5281 45
7811 5281 19
7811 5281 20
7811 5252 50
7811 5252 3
7811 5252 4
7811 5252 50
7811 5367 35
7811 5367 39
7811 5367 13
7811 5367 22
7811 5377 22
7811 5377 28
7811 5377 0
7811 5377 50
7811 5402 9
7811 5402 22
7811 5402 0
7811 5402 6
7811 5354 5
7811 5354 27
7811 5354 25
7811 5354 31
7811 5257 54
7811 5257 40
7811 5257 49
7811 5257 48
7811 5243 31
7811 5243 34
7811 5243 29
7811 5243 22
7811 5361 28
7811 5361 49
7811 5361 45
7811 5361 19
7811 5398 26
7811 5398 46
7811 5398 52
7811 5398 38
7811 5399 28
7811 5399 0
7811 5399 30
7811 5399 3
7811 5410 48
7811 5410 11
7811 5410 51
7811 5410 46
7811 5251 25
7811 5251 24
7811 5251 1
7811 5251 12
7811 5283 8
7811 5283 46
7811 5283 46
7811 5283 13
7811 5242 32
7811 5242 50
7811 5242 9
7811 5242 28
7811 5369 39
7811 5369 48
7811 5369 2
7811 5369 25
7811 5383 28
7811 5383 10
7811 5383 44
7811 5383 18
7811 5404 45
7811 5404 47
7811 5404 4
7811 5404 17
7811 5412 6
7811 5412 20
7811 5412 16
7811 5412 18
7840 5371 5
7840 5371 4
7840 5371 38
7840 5371 8
7840 5370 26
7840 5370 27
7840 5370 1
7840 5370 49
7840 5355 27
7840 5355 12
7840 5355 41
7840 5355 45
7840 5362 60
7840 5362 33
7840 5362 12
7840 5362 21
7840 5376 0
7840 5376 38
7840 5376 0
7840 5376 52
7840 5282 1
7840 5282 34
7840 5282 0
7840 5282 16
7840 5368 48
7840 5368 51
7840 5368 24
7840 5368 56
7840 5375 18
7840 5375 32
7840 5375 41
7840 5375 20
7840 5353 6
7840 5353 1
7840 5353 21
7840 5353 37
7840 5256 60
7840 5256 22
7840 5256 19
7840 5256 6
7840 5360 10
7840 5360 3
7840 5360 9
7840 5360 14
7840 5378 34
7840 5378 38
7840 5378 17
7840 5378 57
7840 5401 22
7840 5401 49
7840 5401 0
7840 5401 9
7840 5281 25
7840 5281 41
7840 5281 38
7840 5281 23
7840 5252 37
7840 5252 5
7840 5252 36
7840 5252 43
7840 5367 6
7840 5367 51
7840 5367 60
7840 5367 25
7840 5377 13
7840 5377 58
7840 5377 60
7840 5377 2
7840 5402 58
7840 5402 51
7840 5402 42
7840 5402 52
7840 5354 46
7840 5354 5
7840 5354 56
7840 5354 15
7840 5257 51
7840 5257 2
7840 5257 47
7840 5257 57
7840 5243 34
7840 5243 38
7840 5243 21
7840 5243 36
7840 5361 41
7840 5361 37
7840 5361 49
7840 5361 8
7840 5398 58
7840 5398 28
7840 5398 25
7840 5398 6
7840 5399 27
7840 5399 28
7840 5399 2
7840 5399 43
7840 5410 50
7840 5410 43
7840 5410 28
7840 5410 29
7840 5251 10
7840 5251 45
7840 5251 13
7840 5251 35
7840 5283 54
7840 5283 16
7840 5283 27
7840 5283 55
7840 5242 54
7840 5242 24
7840 5242 15
7840 5242 32
7840 5369 50
7840 5369 50
7840 5369 14
7840 5369 43
7840 5383 30
7840 5383 57
7840 5383 1
7840 5383 43
7840 5404 35
7840 5404 3
7840 5404 48
7840 5404 40
7840 5412 34
7840 5412 49
7840 5412 54
7840 5412 37
7843 5371 55
7843 5371 12
7843 5371 36
7843 5371 55
7843 5370 14
7843 5370 25
7843 5370 52
7843 5370 55
7843 5355 4
7843 5355 51
7843 5355 55
7843 5355 37
7843 5362 48
7843 5362 12
7843 5362 29
7843 5362 35
7843 5376 50
7843 5376 6
7843 5376 10
7843 5376 17
7843 5282 15
7843 5282 30
7843 5282 41
7843 5282 44
7843 5368 16
7843 5368 19
7843 5368 10
7843 5368 23
7843 5375 35
7843 5375 39
7843 5375 29
7843 5375 21
7843 5353 16
7843 5353 18
7843 5353 27
7843 5353 5
7843 5256 14
7843 5256 21
7843 5256 18
7843 5256 40
7843 5360 40
7843 5360 18
7843 5360 50
7843 5360 39
7843 5378 33
7843 5378 10
7843 5378 9
7843 5378 16
7843 5401 58
7843 5401 16
7843 5401 7
7843 5401 8
7843 5281 51
7843 5281 12
7843 5281 11
7843 5281 34
7843 5252 15
7843 5252 51
7843 5252 3
7843 5252 44
7843 5367 28
7843 5367 32
7843 5367 24
7843 5367 44
7843 5377 10
7843 5377 3
7843 5377 25
7843 5377 53
7843 5402 10
7843 5402 58
7843 5402 10
7843 5402 12
7843 5354 27
7843 5354 53
7843 5354 37
7843 5354 4
7843 5257 43
7843 5257 53
7843 5257 8
7843 5257 35
7843 5243 4
7843 5243 34
7843 5243 24
7843 5243 51
7843 5361 30
7843 5361 6
7843 5361 19
7843 5361 54
7843 5398 6
7843 5398 11
7843 5398 24
7843 5398 25
7843 5399 2
7843 5399 50
7843 5399 27
7843 5399 18
7843 5410 5
7843 5410 34
7843 5410 11
7843 5410 21
7843 5251 28
7843 5251 20
7843 5251 38
7843 5251 28
7843 5283 37
7843 5283 31
7843 5283 5
7843 5283 51
7843 5242 6
7843 5242 5
7843 5242 40
7843 5242 20
7843 5369 19
7843 5369 48
7843 5369 37
7843 5369 14
7843 5383 20
7843 5383 53
7843 5383 38
7843 5383 1
7843 5404 20
7843 5404 44
7843 5404 35
7843 5404 2
7843 5412 59
7843 5412 6
7843 5412 3
7843 5412 60
7889 5371 22
7889 5371 57
7889 5371 12
7889 5371 21
7889 5370 48
7889 5370 35
7889 5370 59
7889 5370 8
7889 5355 34
7889 5355 48
7889 5355 18
7889 5355 4
7889 5362 20
7889 5362 8
7889 5362 31
7889 5362 41
7889 5376 38
7889 5376 8
7889 5376 44
7889 5376 19
7889 5282 11
7889 5282 7
7889 5282 32
7889 5282 1
7889 5368 38
7889 5368 19
7889 5368 33
7889 5368 6
7889 5375 23
7889 5375 13
7889 5375 37
7889 5375 58
7889 5353 60
7889 5353 36
7889 5353 31
7889 5353 50
7889 5256 21
7889 5256 0
7889 5256 22
7889 5256 38
7889 5360 4
7889 5360 16
7889 5360 40
7889 5360 22
7889 5378 8
7889 5378 45
7889 5378 2
7889 5378 59
7889 5401 13
7889 5401 47
7889 5401 16
7889 5401 19
7889 5281 13
7889 5281 4
7889 5281 40
7889 5281 55
7889 5252 9
7889 5252 55
7889 5252 38
7889 5252 35
7889 5367 15
7889 5367 25
7889 5367 47
7889 5367 37
7889 5377 15
7889 5377 24
7889 5377 0
7889 5377 58
7889 5402 6
7889 5402 34
7889 5402 15
7889 5402 25
7889 5354 0
7889 5354 23
7889 5354 9
7889 5354 43
7889 5257 8
7889 5257 14
7889 5257 2
7889 5257 51
7889 5243 17
7889 5243 46
7889 5243 9
7889 5243 41
7889 5361 43
7889 5361 10
7889 5361 17
7889 5361 36
7889 5398 26
7889 5398 20
7889 5398 20
7889 5398 17
7889 5399 52
7889 5399 20
7889 5399 0
7889 5399 3
7889 5410 13
7889 5410 43
7889 5410 35
7889 5410 19
7889 5251 57
7889 5251 49
7889 5251 54
7889 5251 60
7889 5283 54
7889 5283 54
7889 5283 40
7889 5283 5
7889 5242 59
7889 5242 3
7889 5242 20
7889 5242 9
7889 5369 5
7889 5369 42
7889 5369 16
7889 5369 13
7889 5383 46
7889 5383 8
7889 5383 56
7889 5383 40
7889 5404 26
7889 5404 43
7889 5404 9
7889 5404 33
7889 5412 60
7889 5412 43
7889 5412 1
7889 5412 31
7808 5371 49
7808 5371 9
7808 5371 21
7808 5371 54
7808 5370 3
7808 5370 4
7808 5370 1
7808 5370 39
7808 5355 1
7808 5355 30
7808 5355 56
7808 5355 37
7808 5362 28
7808 5362 55
7808 5362 21
7808 5362 50
7808 5376 25
7808 5376 42
7808 5376 29
7808 5376 26
7808 5282 57
7808 5282 21
7808 5282 16
7808 5282 39
7808 5368 1
7808 5368 35
7808 5368 26
7808 5368 1
7808 5375 33
7808 5375 50
7808 5375 59
7808 5375 23
7808 5353 57
7808 5353 48
7808 5353 42
7808 5353 28
7808 5256 26
7808 5256 39
7808 5256 58
7808 5256 21
7808 5360 30
7808 5360 3
7808 5360 34
7808 5360 35
7808 5378 56
7808 5378 2
7808 5378 8
7808 5378 48
7808 5401 58
7808 5401 30
7808 5401 17
7808 5401 35
7808 5281 32
7808 5281 36
7808 5281 52
7808 5281 49
7808 5252 2
7808 5252 54
7808 5252 5
7808 5252 48
7808 5367 23
7808 5367 23
7808 5367 0
7808 5367 46
7808 5377 13
7808 5377 14
7808 5377 56
7808 5377 50
7808 5402 44
7808 5402 3
7808 5402 40
7808 5402 2
7808 5354 49
7808 5354 22
7808 5354 44
7808 5354 46
7808 5257 57
7808 5257 25
7808 5257 2
7808 5257 27
7808 5243 27
7808 5243 27
7808 5243 41
7808 5243 7
7808 5361 25
7808 5361 39
7808 5361 37
7808 5361 22
7808 5398 59
7808 5398 21
7808 5398 45
7808 5398 10
7808 5399 26
7808 5399 13
7808 5399 27
7808 5399 30
7808 5410 49
7808 5410 54
7808 5410 56
7808 5410 37
7808 5251 12
7808 5251 54
7808 5251 55
7808 5251 28
7808 5283 24
7808 5283 1
7808 5283 22
7808 5283 8
7808 5242 21
7808 5242 33
7808 5242 56
7808 5242 2
7808 5369 30
7808 5369 56
7808 5369 47
7808 5369 58
7808 5383 35
7808 5383 48
7808 5383 40
7808 5383 31
7808 5404 9
7808 5404 34
7808 5404 3
7808 5404 5
7808 5412 39
7808 5412 26
7808 5412 13
7808 5412 44
7635 5371 15
7635 5371 19
7635 5371 17
7635 5371 9
7635 5370 14
7635 5370 9
7635 5370 8
7635 5370 14
7635 5355 26
7635 5355 13
7635 5355 27
7635 5355 52
7635 5362 20
7635 5362 29
7635 5362 39
7635 5362 39
7635 5376 17
7635 5376 53
7635 5376 58
7635 5376 58
7635 5282 2
7635 5282 44
7635 5282 18
7635 5282 33
7635 5368 41
7635 5368 57
7635 5368 5
7635 5368 2
7635 5375 48
7635 5375 32
7635 5375 35
7635 5375 5
7635 5353 25
7635 5353 57
7635 5353 58
7635 5353 42
7635 5256 52
7635 5256 51
7635 5256 30
7635 5256 11
7635 5360 3
7635 5360 2
7635 5360 33
7635 5360 55
7635 5378 27
7635 5378 57
7635 5378 14
7635 5378 40
7635 5401 57
7635 5401 8
7635 5401 50
7635 5401 24
7635 5281 11
7635 5281 15
7635 5281 58
7635 5281 13
7635 5252 22
7635 5252 54
7635 5252 29
7635 5252 30
7635 5367 43
7635 5367 46
7635 5367 48
7635 5367 54
7635 5377 21
7635 5377 47
7635 5377 21
7635 5377 11
7635 5402 48
7635 5402 49
7635 5402 12
7635 5402 56
7635 5354 34
7635 5354 53
7635 5354 20
7635 5354 13
7635 5257 4
7635 5257 60
7635 5257 39
7635 5257 41
7635 5243 15
7635 5243 60
7635 5243 7
7635 5243 7
7635 5361 14
7635 5361 32
7635 5361 1
7635 5361 34
7635 5398 5
7635 5398 40
7635 5398 19
7635 5398 16
7635 5399 24
7635 5399 4
7635 5399 19
7635 5399 46
7635 5410 0
7635 5410 20
7635 5410 25
7635 5410 24
7635 5251 42
7635 5251 58
7635 5251 0
7635 5251 26
7635 5283 33
7635 5283 60
7635 5283 11
7635 5283 4
7635 5242 38
7635 5242 57
7635 5242 46
7635 5242 16
7635 5369 16
7635 5369 7
7635 5369 53
7635 5369 10
7635 5383 15
7635 5383 20
7635 5383 57
7635 5383 10
7635 5404 0
7635 5404 49
7635 5404 14
7635 5404 39
7635 5412 41
7635 5412 34
7635 5412 16
7635 5412 22
7632 5371 29
7632 5371 42
7632 5371 18
7632 5371 48
7632 5370 12
7632 5370 36
7632 5370 34
7632 5370 42
7632 5355 13
7632 5355 35
7632 5355 32
7632 5355 10
7632 5362 27
7632 5362 31
7632 5362 22
7632 5362 37
7632 5376 4
7632 5376 33
7632 5376 57
7632 5376 26
7632 5282 31
7632 5282 18
7632 5282 14
7632 5282 35
7632 5368 42
7632 5368 22
7632 5368 35
7632 5368 13
7632 5375 54
7632 5375 28
7632 5375 49
7632 5375 25
7632 5353 4
7632 5353 54
7632 5353 31
7632 5353 47
7632 5256 4
7632 5256 13
7632 5256 11
7632 5256 1
7632 5360 0
7632 5360 4
7632 5360 44
7632 5360 21
7632 5378 32
7632 5378 23
7632 5378 5
7632 5378 2
7632 5401 19
7632 5401 22
7632 5401 51
7632 5401 39
7632 5281 55
7632 5281 12
7632 5281 4
7632 5281 14
7632 5252 43
7632 5252 32
7632 5252 52
7632 5252 58
7632 5367 1
7632 5367 5
7632 5367 10
7632 5367 17
7632 5377 59
7632 5377 30
7632 5377 40
7632 5377 16
7632 5402 15
7632 5402 1
7632 5402 7
7632 5402 51
7632 5354 31
7632 5354 34
7632 5354 30
7632 5354 10
7632 5257 39
7632 5257 6
7632 5257 47
7632 5257 19
7632 5243 35
7632 5243 49
7632 5243 19
7632 5243 12
7632 5361 40
7632 5361 52
7632 5361 13
7632 5361 43
7632 5398 41
7632 5398 1
7632 5398 21
7632 5398 12
7632 5399 38
7632 5399 11
7632 5399 40
7632 5399 57
7632 5410 46
7632 5410 57
7632 5410 0
7632 5410 25
7632 5251 30
7632 5251 54
7632 5251 24
7632 5251 44
7632 5283 9
7632 5283 55
7632 5283 37
7632 5283 48
7632 5242 17
7632 5242 45
7632 5242 4
7632 5242 43
7632 5369 53
7632 5369 21
7632 5369 14
7632 5369 16
7632 5383 18
7632 5383 12
7632 5383 45
7632 5383 9
7632 5404 51
7632 5404 53
7632 5404 49
7632 5404 26
7632 5412 14
7632 5412 0
7632 5412 17
7632 5412 4
7910 5371 22
7910 5371 17
7910 5371 60
7910 5371 42
7910 5370 20
7910 5370 58
7910 5370 15
7910 5370 30
7910 5355 2
7910 5355 55
7910 5355 43
7910 5355 2
7910 5362 55
7910 5362 22
7910 5362 22
7910 5362 38
7910 5376 27
7910 5376 13
7910 5376 27
7910 5376 58
7910 5282 13
7910 5282 43
7910 5282 20
7910 5282 6
7910 5368 52
7910 5368 48
7910 5368 45
7910 5368 8
7910 5375 23
7910 5375 11
7910 5375 39
7910 5375 0
7910 5353 22
7910 5353 58
7910 5353 3
7910 5353 5
7910 5256 1
7910 5256 1
7910 5256 37
7910 5256 29
7910 5360 47
7910 5360 54
7910 5360 0
7910 5360 19
7910 5378 1
7910 5378 1
7910 5378 0
7910 5378 55
7910 5401 28
7910 5401 22
7910 5401 39
7910 5401 9
7910 5281 40
7910 5281 52
7910 5281 44
7910 5281 5
7910 5252 12
7910 5252 46
7910 5252 4
7910 5252 17
7910 5367 13
7910 5367 39
7910 5367 54
7910 5367 43
7910 5377 21
7910 5377 36
7910 5377 6
7910 5377 50
7910 5402 55
7910 5402 27
7910 5402 59
7910 5402 5
7910 5354 49
7910 5354 29
7910 5354 44
7910 5354 44
7910 5257 14
7910 5257 6
7910 5257 56
7910 5257 2
7910 5243 29
7910 5243 53
7910 5243 53
7910 5243 2
7910 5361 38
7910 5361 6
7910 5361 31
7910 5361 11
7910 5398 3
7910 5398 53
7910 5398 31
7910 5398 35
7910 5399 16
7910 5399 20
7910 5399 6
7910 5399 3
7910 5410 57
7910 5410 30
7910 5410 41
7910 5410 51
7910 5251 14
7910 5251 21
7910 5251 1
7910 5251 24
7910 5283 3
7910 5283 13
7910 5283 29
7910 5283 35
7910 5242 59
7910 5242 18
7910 5242 30
7910 5242 4
7910 5369 20
7910 5369 12
7910 5369 43
7910 5369 29
7910 5383 37
7910 5383 29
7910 5383 48
7910 5383 52
7910 5404 6
7910 5404 43
7910 5404 52
7910 5404 18
7910 5412 53
7910 5412 4
7910 5412 7
7910 5412 52
7922 5371 13
7922 5371 46
7922 5371 17
7922 5371 13
7922 5370 56
7922 5370 2
7922 5370 25
7922 5370 32
7922 5355 22
7922 5355 35
7922 5355 54
7922 5355 14
7922 5362 2
7922 5362 35
7922 5362 31
7922 5362 47
7922 5376 45
7922 5376 18
7922 5376 14
7922 5376 59
7922 5282 53
7922 5282 50
7922 5282 35
7922 5282 16
7922 5368 60
7922 5368 59
7922 5368 8
7922 5368 58
7922 5375 8
7922 5375 2
7922 5375 34
7922 5375 31
7922 5353 52
7922 5353 11
7922 5353 9
7922 5353 4
7922 5256 19
7922 5256 52
7922 5256 30
7922 5256 48
7922 5360 47
7922 5360 23
7922 5360 25
7922 5360 11
7922 5378 18
7922 5378 10
7922 5378 15
7922 5378 14
7922 5401 33
7922 5401 56
7922 5401 9
7922 5401 50
7922 5281 29
7922 5281 58
7922 5281 17
7922 5281 34
7922 5252 50
7922 5252 16
7922 5252 31
7922 5252 39
7922 5367 38
7922 5367 6
7922 5367 4
7922 5367 41
7922 5377 2
7922 5377 35
7922 5377 16
7922 5377 6
7922 5402 14
7922 5402 56
7922 5402 57
7922 5402 11
7922 5354 24
7922 5354 28
7922 5354 50
7922 5354 19
7922 5257 49
7922 5257 13
7922 5257 55
7922 5257 8
7922 5243 25
7922 5243 51
7922 5243 6
7922 5243 0
7922 5361 2
7922 5361 58
7922 5361 51
7922 5361 59
7922 5398 41
7922 5398 53
7922 5398 4
7922 5398 0
7922 5399 15
7922 5399 60
7922 5399 2
7922 5399 44
7922 5410 10
7922 5410 43
7922 5410 47
7922 5410 9
7922 5251 16
7922 5251 27
7922 5251 7
7922 5251 45
7922 5283 23
7922 5283 42
7922 5283 56
7922 5283 44
7922 5242 20
7922 5242 29
7922 5242 34
7922 5242 16
7922 5369 39
7922 5369 27
7922 5369 4
7922 5369 51
7922 5383 23
7922 5383 13
7922 5383 56
7922 5383 12
7922 5404 32
7922 5404 12
7922 5404 7
7922 5404 47
7922 5412 0
7922 5412 56
7922 5412 22
7922 5412 48
7924 5371 5
7924 5371 28
7924 5371 11
7924 5371 1
7924 5370 19
7924 5370 26
7924 5370 21
7924 5370 30
7924 5355 35
7924 5355 25
7924 5355 29
7924 5355 20
7924 5362 42
7924 5362 23
7924 5362 26
7924 5362 5
7924 5376 15
7924 5376 54
7924 5376 6
7924 5376 36
7924 5282 30
7924 5282 19
7924 5282 54
7924 5282 0
7924 5368 6
7924 5368 38
7924 5368 12
7924 5368 33
7924 5375 46
7924 5375 31
7924 5375 15
7924 5375 25
7924 5353 44
7924 5353 0
7924 5353 32
7924 5353 44
7924 5256 20
7924 5256 5
7924 5256 32
7924 5256 18
7924 5360 40
7924 5360 22
7924 5360 25
7924 5360 21
7924 5378 31
7924 5378 53
7924 5378 36
7924 5378 24
7924 5401 39
7924 5401 20
7924 5401 11
7924 5401 36
7924 5281 45
7924 5281 48
7924 5281 29
7924 5281 35
7924 5252 54
7924 5252 42
7924 5252 12
7924 5252 57
7924 5367 31
7924 5367 51
7924 5367 0
7924 5367 12
7924 5377 44
7924 5377 36
7924 5377 47
7924 5377 59
7924 5402 42
7924 5402 26
7924 5402 57
7924 5402 4
7924 5354 9
7924 5354 58
7924 5354 22
7924 5354 13
7924 5257 30
7924 5257 9
7924 5257 46
7924 5257 57
7924 5243 16
7924 5243 36
7924 5243 16
7924 5243 30
7924 5361 60
7924 5361 9
7924 5361 32
7924 5361 2
7924 5398 1
7924 5398 60
7924 5398 7
7924 5398 27
7924 5399 21
7924 5399 57
7924 5399 0
7924 5399 38
7924 5410 25
7924 5410 29
7924 5410 45
7924 5410 5
7924 5251 20
7924 5251 37
7924 5251 25
7924 5251 12
7924 5283 24
7924 5283 15
7924 5283 22
7924 5283 21
7924 5242 52
7924 5242 12
7924 5242 24
7924 5242 25
7924 5369 21
7924 5369 47
7924 5369 54
7924 5369 13
7924 5383 2
7924 5383 40
7924 5383 12
7924 5383 13
7924 5404 33
7924 5404 10
7924 5404 33
7924 5404 45
7924 5412 9
7924 5412 32
7924 5412 33
7924 5412 57
7822 5371 26
7822 5371 22
7822 5371 54
7822 5371 49
7822 5370 44
7822 5370 17
7822 5370 41
7822 5370 53
7822 5355 8
7822 5355 6
7822 5355 60
7822 5355 19
7822 5362 55
7822 5362 9
7822 5362 22
7822 5362 47
7822 5376 20
7822 5376 35
7822 5376 19
7822 5376 18
7822 5282 9
7822 5282 41
7822 5282 3
7822 5282 43
7822 5368 53
7822 5368 50
7822 5368 21
7822 5368 16
7822 5375 5
7822 5375 19
7822 5375 42
7822 5375 38
7822 5353 53
7822 5353 18
7822 5353 25
7822 5353 44
7822 5256 15
7822 5256 30
7822 5256 48
7822 5256 23
7822 5360 42
7822 5360 1
7822 5360 20
7822 5360 22
7822 5378 59
7822 5378 56
7822 5378 10
7822 5378 38
7822 5401 3
7822 5401 10
7822 5401 9
7822 5401 7
7822 5281 51
7822 5281 18
7822 5281 2
7822 5281 24
7822 5252 53
7822 5252 57
7822 5252 20
7822 5252 56
7822 5367 33
7822 5367 43
7822 5367 29
7822 5367 3
7822 5377 34
7822 5377 5
7822 5377 13
7822 5377 22
7822 5402 4
7822 5402 35
7822 5402 18
7822 5402 34
7822 5354 24
7822 5354 25
7822 5354 27
7822 5354 13
7822 5257 7
7822 5257 12
7822 5257 51
7822 5257 55
7822 5243 51
7822 5243 33
7822 5243 53
7822 5243 9
7822 5361 8
7822 5361 19
7822 5361 40
7822 5361 55
7822 5398 16
7822 5398 35
7822 5398 9
7822 5398 17
7822 5399 44
7822 5399 34
7822 5399 37
7822 5399 20
7822 5410 36
7822 5410 60
7822 5410 32
7822 5410 37
7822 5251 44
7822 5251 21
7822 5251 0
7822 5251 51
7822 5283 8
7822 5283 28
7822 5283 44
7822 5283 9
7822 5242 30
7822 5242 22
7822 5242 37
7822 5242 59
7822 5369 32
7822 5369 3
7822 5369 10
7822 5369 27
7822 5383 36
7822 5383 10
7822 5383 44
7822 5383 45
7822 5404 3
7822 5404 43
7822 5404 22
7822 5404 16
7822 5412 42
7822 5412 28
7822 5412 0
7822 5412 5
7813 5371 17
7813 5371 40
7813 5371 54
7813 5371 34
7813 5370 41
7813 5370 44
7813 5370 30
7813 5370 9
7813 5355 3
7813 5355 1
7813 5355 35
7813 5355 22
7813 5362 37
7813 5362 20
7813 5362 21
7813 5362 27
7813 5376 1
7813 5376 29
7813 5376 42
7813 5376 34
7813 5282 9
7813 5282 37
7813 5282 8
7813 5282 42
7813 5368 6
7813 5368 3
7813 5368 24
7813 5368 43
7813 5375 43
7813 5375 26
7813 5375 55
7813 5375 37
7813 5353 6
7813 5353 5
7813 5353 12
7813 5353 36
7813 5256 39
7813 5256 59
7813 5256 9
7813 5256 32
7813 5360 58
7813 5360 32
7813 5360 32
7813 5360 9
7813 5378 23
7813 5378 13
7813 5378 11
7813 5378 59
7813 5401 58
7813 5401 18
7813 5401 35
7813 5401 1
7813 5281 15
7813 5281 21
7813 5281 55
7813 5281 18
7813 5252 38
7813 5252 52
7813 5252 32
7813 5252 45
7813 5367 28
7813 5367 59
7813 5367 14
7813 5367 30
7813 5377 13
7813 5377 12
7813 5377 8
7813 5377 0
7813 5402 30
7813 5402 50
7813 5402 2
7813 5402 20
7813 5354 11
7813 5354 43
7813 5354 45
7813 5354 4
7813 5257 32
7813 5257 2
7813 5257 42
7813 5257 54
7813 5243 30
7813 5243 35
7813 5243 42
7813 5243 13
7813 5361 55
7813 5361 39
7813 5361 29
7813 5361 46
7813 5398 59
7813 5398 32
7813 5398 15
7813 5398 36
7813 5399 27
7813 5399 56
7813 5399 28
7813 5399 26
7813 5410 59
7813 5410 15
7813 5410 58
7813 5410 26
7813 5251 51
7813 5251 24
7813 5251 19
7813 5251 52
7813 5283 37
7813 5283 14
7813 5283 10
7813 5283 14
7813 5242 3
7813 5242 11
7813 5242 39
7813 5242 30
7813 5369 22
7813 5369 42
7813 5369 39
7813 5369 40
7813 5383 42
7813 5383 25
7813 5383 20
7813 5383 0
7813 5404 18
7813 5404 22
7813 5404 28
7813 5404 41
7813 5412 59
7813 5412 33
7813 5412 36
7813 5412 17
