1815 2112 5
1815 2112 32
1815 2112 11
1815 2112 10
1815 1787 11
1815 1787 54
1815 1787 9
1815 1787 57
1815 2101 1
1815 2101 25
1815 2101 6
1815 2101 11
1815 2114 58
1815 2114 50
1815 2114 3
1815 2114 20
1815 2115 17
1815 2115 16
1815 2115 33
1815 2115 37
1815 1786 20
1815 1786 59
1815 1786 54
1815 1786 8
1815 682 1
1815 682 51
1815 682 59
1815 682 7
1815 2099 39
1815 2099 14
1815 2099 60
1815 2099 53
1815 2113 26
1815 2113 19
1815 2113 46
1815 2113 9
1815 2116 57
1815 2116 54
1815 2116 44
1815 2116 33
1815 2117 44
1815 2117 3
1815 2117 8
1815 2117 11
1815 2118 30
1815 2118 55
1815 2118 8
1815 2118 0
1815 2119 11
1815 2119 45
1815 2119 19
1815 2119 38
1815 2120 35
1815 2120 57
1815 2120 11
1815 2120 28
1815 2080 27
1815 2080 37
1815 2080 18
1815 2080 1
1815 2111 44
1815 2111 19
1815 2111 59
1815 2111 23
1815 2096 60
1815 2096 12
1815 2096 59
1815 2096 5
1815 681 33
1815 681 58
1815 681 55
1815 681 29
1815 677 8
1815 677 47
1815 677 8
1815 677 29
1815 2098 48
1815 2098 12
1815 2098 21
1815 2098 8
1815 2102 48
1815 2102 29
1815 2102 41
1815 2102 60
1815 2137 8
1815 2137 54
1815 2137 58
1815 2137 57
1815 2139 28
1815 2139 3
1815 2139 60
1815 2139 19
1815 2121 20
1815 2121 7
1815 2121 57
1815 2121 22
1815 2079 27
1815 2079 25
1815 2079 18
1815 2079 4
1815 2093 31
1815 2093 11
1815 2093 40
1815 2093 28
1815 2081 28
1815 2081 56
1815 2081 8
1815 2081 22
1815 678 49
1815 678 28
1815 678 48
1815 678 60
1815 2092 12
1815 2092 30
1815 2092 6
1815 2092 9
1815 2095 45
1815 2095 39
1815 2095 55
1815 2095 35
1815 691 57
1815 691 39
1815 691 34
1815 691 7
1815 679 41
1815 679 0
1815 679 8
1815 679 49
1797 2112 60
1797 2112 41
1797 2112 42
1797 2112 4
1797 1787 21
1797 1787 16
1797 1787 1
1797 1787 50
1797 2101 31
1797 2101 15
1797 2101 37
1797 2101 22
1797 2114 25
1797 2114 39
1797 2114 54
1797 2114 41
1797 2115 51
1797 2115 27
1797 2115 51
1797 2115 40
1797 1786 12
1797 1786 32
1797 1786 44
1797 1786 54
1797 682 22
1797 682 6
1797 682 0
1797 682 6
1797 2099 2
1797 2099 53
1797 2099 19
1797 2099 2
1797 2113 45
1797 2113 14
1797 2113 46
1797 2113 36
1797 2116 19
1797 2116 2
1797 2116 36
1797 2116 55
1797 2117 0
1797 2117 16
1797 2117 40
1797 2117 42
1797 2118 19
1797 2118 40
1797 2118 54
1797 2118 13
1797 2119 28
1797 2119 47
1797 2119 49
1797 2119 51
1797 2120 1
1797 2120 55
1797 2120 52
1797 2120 51
1797 2080 27
1797 2080 32
1797 2080 22
1797 2080 45
1797 2111 8
1797 2111 9
1797 2111 14
1797 2111 41
1797 2096 28
1797 2096 53
1797 2096 39
1797 2096 26
1797 681 58
1797 681 36
1797 681 20
1797 681 14
1797 677 20
1797 677 56
1797 677 36
1797 677 12
1797 2098 3
1797 2098 13
1797 2098 34
1797 2098 21
1797 2102 57
1797 2102 7
1797 2102 7
1797 2102 54
1797 2137 11
1797 2137 16
1797 2137 58
1797 2137 1
1797 2139 31
1797 2139 48
1797 2139 42
1797 2139 13
1797 2121 37
1797 2121 15
1797 2121 37
1797 2121 7
1797 2079 23
1797 2079 10
1797 2079 10
1797 2079 3
1797 2093 33
1797 2093 13
1797 2093 56
1797 2093 53
1797 2081 15
1797 2081 43
1797 2081 33
1797 2081 29
1797 678 35
1797 678 48
1797 678 21
1797 678 57
1797 2092 32
1797 2092 18
1797 2092 17
1797 2092 26
1797 2095 7
1797 2095 43
1797 2095 48
1797 2095 49
1797 691 59
1797 691 31
1797 691 49
1797 691 27
1797 679 24
1797 679 5
1797 679 43
1797 679 10
1798 2112 8
1798 2112 13
1798 2112 6
1798 2112 8
1798 1787 15
1798 1787 43
1798 1787 29
1798 1787 25
1798 2101 37
1798 2101 59
1798 2101 49
1798 2101 6
1798 2114 30
1798 2114 34
1798 2114 32
1798 2114 1
1798 2115 26
1798 2115 56
1798 2115 35
1798 2115 15
1798 1786 11
1798 1786 39
1798 1786 29
1798 1786 18
1798 682 36
1798 682 34
1798 682 51
1798 682 18
1798 2099 3
1798 2099 3
1798 2099 22
1798 2099 5
1798 2113 42
1798 2113 46
1798 2113 42
1798 2113 44
1798 2116 6
1798 2116 35
1798 2116 37
1798 2116 28
1798 2117 8
1798 2117 22
1798 2117 39
1798 2117 1
1798 2118 40
1798 2118 4
1798 2118 58
1798 2118 11
1798 2119 41
1798 2119 43
1798 2119 2
1798 2119 23
1798 2120 49
1798 2120 48
1798 2120 30
1798 2120 5
1798 2080 26
1798 2080 15
1798 2080 58
1798 2080 0
1798 2111 33
1798 2111 34
1798 2111 6
1798 2111 41
1798 2096 28
1798 2096 39
1798 2096 59
1798 2096 11
1798 681 21
1798 681 57
1798 681 27
1798 681 31
1798 677 58
1798 677 50
1798 677 29
1798 677 13
1798 2098 19
1798 2098 48
1798 2098 12
1798 2098 3
1798 2102 7
1798 2102 57
1798 2102 28
1798 2102 22
1798 2137 8
1798 2137 26
1798 2137 54
1798 2137 37
1798 2139 12
1798 2139 5
1798 2139 36
1798 2139 3
1798 2121 0
1798 2121 32
1798 2121 43
1798 2121 39
1798 2079 40
1798 2079 13
1798 2079 28
1798 2079 9
1798 2093 21
1798 2093 15
1798 2093 46
1798 2093 18
1798 2081 47
1798 2081 57
1798 2081 30
1798 2081 18
1798 678 2
1798 678 55
1798 678 13
1798 678 1
1798 2092 20
1798 2092 21
1798 2092 2
1798 2092 27
1798 2095 41
1798 2095 10
1798 2095 38
1798 2095 55
1798 691 53
1798 691 44
1798 691 37
1798 691 1
1798 679 35
1798 679 6
1798 679 21
1798 679 37
1816 2112 43
1816 2112 60
1816 2112 14
1816 2112 8
1816 1787 39
1816 1787 26
1816 1787 1
1816 1787 51
1816 2101 22
1816 2101 33
1816 2101 0
1816 2101 42
1816 2114 10
1816 2114 37
1816 2114 17
1816 2114 24
1816 2115 48
1816 2115 21
1816 2115 38
1816 2115 44
1816 1786 39
1816 1786 48
1816 1786 6
1816 1786 34
1816 682 54
1816 682 31
1816 682 46
1816 682 16
1816 2099 60
1816 2099 9
1816 2099 59
1816 2099 45
1816 2113 50
1816 2113 8
1816 2113 55
1816 2113 9
1816 2116 48
1816 2116 15
1816 2116 51
1816 2116 14
1816 2117 55
1816 2117 26
1816 2117 22
1816 2117 39
1816 2118 47
1816 2118 43
1816 2118 28
1816 2118 20
1816 2119 8
1816 2119 22
1816 2119 27
1816 2119 11
1816 2120 45
1816 2120 43
1816 2120 35
1816 2120 52
1816 2080 44
1816 2080 22
1816 2080 1
1816 2080 15
1816 2111 39
1816 2111 54
1816 2111 32
1816 2111 20
1816 2096 31
1816 2096 10
1816 2096 24
1816 2096 35
1816 681 20
1816 681 26
1816 681 38
1816 681 47
1816 677 21
1816 677 2
1816 677 55
1816 677 33
1816 2098 35
1816 2098 30
1816 2098 23
1816 2098 32
1816 2102 7
1816 2102 54
1816 2102 39
1816 2102 11
1816 2137 25
1816 2137 23
1816 2137 28
1816 2137 3
1816 2139 9
1816 2139 36
1816 2139 45
1816 2139 57
1816 2121 9
1816 2121 27
1816 2121 54
1816 2121 20
1816 2079 3
1816 2079 31
1816 2079 20
1816 2079 4
1816 2093 44
1816 2093 35
1816 2093 25
1816 2093 32
1816 2081 43
1816 2081 11
1816 2081 20
1816 2081 16
1816 678 40
1816 678 11
1816 678 4
1816 678 52
1816 2092 22
1816 2092 21
1816 2092 32
1816 2092 31
1816 2095 51
1816 2095 33
1816 2095 9
1816 2095 56
1816 691 11
1816 691 24
1816 691 0
1816 691 29
1816 679 44
1816 679 22
1816 679 39
1816 679 31
1825 2112 8
1825 2112 51
1825 2112 6
1825 2112 48
1825 1787 20
1825 1787 27
1825 1787 34
1825 1787 55
1825 2101 59
1825 2101 30
1825 2101 45
1825 2101 17
1825 2114 59
1825 2114 45
1825 2114 3
1825 2114 51
1825 2115 8
1825 2115 21
1825 2115 49
1825 2115 35
1825 1786 54
1825 1786 30
1825 1786 30
1825 1786 5
1825 682 47
1825 682 58
1825 682 9
1825 682 46
1825 2099 18
1825 2099 49
1825 2099 6
1825 2099 11
1825 2113 50
1825 2113 44
1825 2113 43
1825 2113 3
1825 2116 31
1825 2116 52
1825 2116 24
1825 2116 58
1825 2117 49
1825 2117 31
1825 2117 54
1825 2117 15
1825 2118 47
1825 2118 16
1825 2118 1
1825 2118 9
1825 2119 31
1825 2119 0
1825 2119 52
1825 2119 34
1825 2120 9
1825 2120 8
1825 2120 2
1825 2120 4
1825 2080 50
1825 2080 3
1825 2080 21
1825 2080 37
1825 2111 23
1825 2111 20
1825 2111 15
1825 2111 49
1825 2096 38
1825 2096 14
1825 2096 40
1825 2096 37
1825 681 7
1825 681 11
1825 681 10
1825 681 60
1825 677 0
1825 677 34
1825 677 35
1825 677 22
1825 2098 59
1825 2098 44
1825 2098 56
1825 2098 51
1825 2102 29
1825 2102 12
1825 2102 14
1825 2102 23
1825 2137 10
1825 2137 18
1825 2137 41
1825 2137 20
1825 2139 59
1825 2139 3
1825 2139 59
1825 2139 57
1825 2121 58
1825 2121 37
1825 2121 45
1825 2121 8
1825 2079 55
1825 2079 36
1825 2079 28
1825 2079 11
1825 2093 49
1825 2093 27
1825 2093 33
1825 2093 52
1825 2081 30
1825 2081 43
1825 2081 33
1825 2081 59
1825 678 11
1825 678 8
1825 678 12
1825 678 31
1825 2092 27
1825 2092 36
1825 2092 30
1825 2092 9
1825 2095 27
1825 2095 35
1825 2095 53
1825 2095 30
1825 691 1
1825 691 35
1825 691 60
1825 691 2
1825 679 30
1825 679 12
1825 679 53
1825 679 12
1792 2112 55
1792 2112 56
1792 2112 43
1792 2112 5
1792 1787 34
1792 1787 21
1792 1787 47
1792 1787 34
1792 2101 47
1792 2101 47
1792 2101 16
1792 2101 19
1792 2114 47
1792 2114 14
1792 2114 36
1792 2114 15
1792 2115 19
1792 2115 53
1792 2115 26
1792 2115 45
1792 1786 32
1792 1786 40
1792 1786 44
1792 1786 51
1792 682 33
1792 682 44
1792 682 2
1792 682 54
1792 2099 0
1792 2099 59
1792 2099 13
1792 2099 51
1792 2113 43
1792 2113 15
1792 2113 6
1792 2113 39
1792 2116 52
1792 2116 51
1792 2116 13
1792 2116 1
1792 2117 26
1792 2117 11
1792 2117 28
1792 2117 9
1792 2118 60
1792 2118 3
1792 2118 23
1792 2118 41
1792 2119 1
1792 2119 13
1792 2119 19
1792 2119 1
1792 2120 17
1792 2120 1
1792 2120 55
1792 2120 25
1792 2080 29
1792 2080 1
1792 2080 60
1792 2080 4
1792 2111 57
1792 2111 47
1792 2111 18
1792 2111 20
1792 2096 27
1792 2096 18
1792 2096 38
1792 2096 29
1792 681 38
1792 681 54
1792 681 11
1792 681 60
1792 677 27
1792 677 22
1792 677 37
1792 677 56
1792 2098 28
1792 2098 25
1792 2098 42
1792 2098 14
1792 2102 31
1792 2102 46
1792 2102 19
1792 2102 25
1792 2137 58
1792 2137 33
1792 2137 60
1792 2137 11
1792 2139 24
1792 2139 5
1792 2139 5
1792 2139 46
1792 2121 56
1792 2121 1
1792 2121 3
1792 2121 37
1792 2079 24
1792 2079 40
1792 2079 33
1792 2079 39
1792 2093 21
1792 2093 39
1792 2093 15
1792 2093 43
1792 2081 53
1792 2081 17
1792 2081 1
1792 2081 21
1792 678 59
1792 678 28
1792 678 3
1792 678 19
1792 2092 0
1792 2092 60
1792 2092 58
1792 2092 17
1792 2095 47
1792 2095 10
1792 2095 29
1792 2095 42
1792 691 32
1792 691 43
1792 691 21
1792 691 2
1792 679 7
1792 679 42
1792 679 1
1792 679 50
1814 2112 1
1814 2112 44
1814 2112 49
1814 2112 18
1814 1787 47
1814 1787 38
1814 1787 54
1814 1787 35
1814 2101 17
1814 2101 31
1814 2101 30
1814 2101 42
1814 2114 12
1814 2114 0
1814 2114 51
1814 2114 49
1814 2115 23
1814 2115 7
1814 2115 53
1814 2115 11
1814 1786 1
1814 1786 56
1814 1786 40
1814 1786 10
1814 682 31
1814 682 23
1814 682 12
1814 682 42
1814 2099 10
1814 2099 27
1814 2099 31
1814 2099 7
1814 2113 29
1814 2113 49
1814 2113 44
1814 2113 18
1814 2116 53
1814 2116 18
1814 2116 59
1814 2116 18
1814 2117 28
1814 2117 22
1814 2117 7
1814 2117 57
1814 2118 33
1814 2118 5
1814 2118 59
1814 2118 49
1814 2119 3
1814 2119 42
1814 2119 32
1814 2119 10
1814 2120 39
1814 2120 8
1814 2120 22
1814 2120 41
1814 2080 45
1814 2080 35
1814 2080 45
1814 2080 2
1814 2111 50
1814 2111 40
1814 2111 40
1814 2111 9
1814 2096 32
1814 2096 33
1814 2096 43
1814 2096 39
1814 681 23
1814 681 54
1814 681 3
1814 681 60
1814 677 58
1814 677 35
1814 677 28
1814 677 17
1814 2098 16
1814 2098 13
1814 2098 53
1814 2098 43
1814 2102 22
1814 2102 49
1814 2102 1
1814 2102 5
1814 2137 49
1814 2137 29
1814 2137 5
1814 2137 35
1814 2139 42
1814 2139 58
1814 2139 0
1814 2139 54
1814 2121 5
1814 2121 1
1814 2121 31
1814 2121 40
1814 2079 3
1814 2079 40
1814 2079 32
1814 2079 7
1814 2093 53
1814 2093 46
1814 2093 18
1814 2093 49
1814 2081 47
1814 2081 33
1814 2081 22
1814 2081 50
1814 678 27
1814 678 15
1814 678 11
1814 678 12
1814 2092 56
1814 2092 31
1814 2092 2
1814 2092 18
1814 2095 27
1814 2095 10
1814 2095 51
1814 2095 50
1814 691 43
1814 691 47
1814 691 43
1814 691 7
1814 679 7
1814 679 57
1814 679 30
1814 679 39
1799 2112 17
1799 2112 52
1799 2112 35
1799 2112 59
1799 1787 15
1799 1787 21
1799 1787 25
1799 1787 56
1799 2101 34
1799 2101 3
1799 2101 23
1799 2101 55
1799 2114 31
1799 2114 33
1799 2114 30
1799 2114 57
1799 2115 22
1799 2115 0
1799 2115 30
1799 2115 5
1799 1786 58
1799 1786 34
1799 1786 60
1799 1786 29
1799 682 37
1799 682 8
1799 682 3
1799 682 32
1799 2099 42
1799 2099 44
1799 2099 56
1799 2099 47
1799 2113 22
1799 2113 18
1799 2113 36
1799 2113 6
1799 2116 29
1799 2116 33
1799 2116 35
1799 2116 40
1799 2117 54
1799 2117 30
1799 2117 24
1799 2117 45
1799 2118 40
1799 2118 49
1799 2118 23
1799 2118 13
1799 2119 52
1799 2119 44
1799 2119 23
1799 2119 17
1799 2120 2
1799 2120 34
1799 2120 36
1799 2120 26
1799 2080 8
1799 2080 49
1799 2080 27
1799 2080 13
1799 2111 23
1799 2111 24
1799 2111 51
1799 2111 51
1799 2096 44
1799 2096 60
1799 2096 23
1799 2096 13
1799 681 36
1799 681 6
1799 681 37
1799 681 4
1799 677 30
1799 677 48
1799 677 46
1799 677 8
1799 2098 55
1799 2098 41
1799 2098 54
1799 2098 59
1799 2102 14
1799 2102 17
1799 2102 49
1799 2102 20
1799 2137 11
1799 2137 58
1799 2137 5
1799 2137 12
1799 2139 30
1799 2139 48
1799 2139 4
1799 2139 52
1799 2121 6
1799 2121 51
1799 2121 55
1799 2121 31
1799 2079 30
1799 2079 25
1799 2079 20
1799 2079 45
1799 2093 37
1799 2093 14
1799 2093 41
1799 2093 10
1799 2081 3
1799 2081 44
1799 2081 43
1799 2081 2
1799 678 50
1799 678 15
1799 678 4
1799 678 7
1799 2092 49
1799 2092 23
1799 2092 50
1799 2092 20
1799 2095 45
1799 2095 13
1799 2095 52
1799 2095 56
1799 691 60
1799 691 41
1799 691 7
1799 691 14
1799 679 33
1799 679 37
1799 679 51
1799 679 41
1817 2112 22
1817 2112 12
1817 2112 57
1817 2112 19
1817 1787 10
1817 1787 20
1817 1787 10
1817 1787 33
1817 2101 12
1817 2101 39
1817 2101 26
1817 2101 54
1817 2114 39
1817 2114 17
1817 2114 50
1817 2114 39
1817 2115 42
1817 2115 0
1817 2115 45
1817 2115 38
1817 1786 54
1817 1786 45
1817 1786 54
1817 1786 41
1817 682 56
1817 682 52
1817 682 48
1817 682 59
1817 2099 59
1817 2099 46
1817 2099 21
1817 2099 59
1817 2113 38
1817 2113 6
1817 2113 0
1817 2113 53
1817 2116 29
1817 2116 0
1817 2116 21
1817 2116 43
1817 2117 37
1817 2117 59
1817 2117 29
1817 2117 60
1817 2118 51
1817 2118 42
1817 2118 5
1817 2118 50
1817 2119 45
1817 2119 12
1817 2119 25
1817 2119 22
1817 2120 34
1817 2120 29
1817 2120 45
1817 2120 57
1817 2080 58
1817 2080 8
1817 2080 56
1817 2080 14
1817 2111 25
1817 2111 48
1817 2111 56
1817 2111 51
1817 2096 58
1817 2096 36
1817 2096 29
1817 2096 13
1817 681 44
1817 681 1
1817 681 42
1817 681 41
1817 677 41
1817 677 37
1817 677 16
1817 677 23
1817 2098 7
1817 2098 14
1817 2098 42
1817 2098 53
1817 2102 5
1817 2102 6
1817 2102 34
1817 2102 39
1817 2137 47
1817 2137 4
1817 2137 26
1817 2137 3
1817 2139 13
1817 2139 39
1817 2139 6
1817 2139 17
1817 2121 41
1817 2121 27
1817 2121 37
1817 2121 11
1817 2079 2
1817 2079 50
1817 2079 37
1817 2079 32
1817 2093 6
1817 2093 46
1817 2093 56
1817 2093 14
1817 2081 54
1817 2081 57
1817 2081 4
1817 2081 59
1817 678 34
1817 678 34
1817 678 56
1817 678 16
1817 2092 10
1817 2092 27
1817 2092 57
1817 2092 31
1817 2095 19
1817 2095 15
1817 2095 20
1817 2095 5
1817 691 39
1817 691 24
1817 691 53
1817 691 7
1817 679 26
1817 679 16
1817 679 28
1817 679 9
1826 2112 20
1826 2112 38
1826 2112 25
1826 2112 23
1826 1787 14
1826 1787 28
1826 1787 58
1826 1787 28
1826 2101 46
1826 2101 5
1826 2101 51
1826 2101 10
1826 2114 22
1826 2114 52
1826 2114 33
1826 2114 24
1826 2115 15
1826 2115 41
1826 2115 21
1826 2115 20
1826 1786 9
1826 1786 17
1826 1786 8
1826 1786 2
1826 682 33
1826 682 41
1826 682 19
1826 682 4
1826 2099 19
1826 2099 43
1826 2099 57
1826 2099 16
1826 2113 17
1826 2113 26
1826 2113 58
1826 2113 57
1826 2116 26
1826 2116 14
1826 2116 53
1826 2116 50
1826 2117 36
1826 2117 58
1826 2117 39
1826 2117 10
1826 2118 36
1826 2118 16
1826 2118 52
1826 2118 48
1826 2119 43
1826 2119 11
1826 2119 26
1826 2119 15
1826 2120 21
1826 2120 12
1826 2120 11
1826 2120 11
1826 2080 26
1826 2080 37
1826 2080 49
1826 2080 22
1826 2111 37
1826 2111 2
1826 2111 60
1826 2111 3
1826 2096 39
1826 2096 27
1826 2096 12
1826 2096 54
1826 681 60
1826 681 29
1826 681 30
1826 681 37
1826 677 15
1826 677 50
1826 677 22
1826 677 7
1826 2098 57
1826 2098 0
1826 2098 4
1826 2098 49
1826 2102 59
1826 2102 33
1826 2102 59
1826 2102 17
1826 2137 37
1826 2137 8
1826 2137 26
1826 2137 19
1826 2139 2
1826 2139 2
1826 2139 57
1826 2139 13
1826 2121 18
1826 2121 8
1826 2121 39
1826 2121 52
1826 2079 57
1826 2079 8
1826 2079 34
1826 2079 30
1826 2093 13
1826 2093 4
1826 2093 30
1826 2093 22
1826 2081 30
1826 2081 47
1826 2081 42
1826 2081 52
1826 678 44
1826 678 17
1826 678 51
1826 678 59
1826 2092 22
1826 2092 20
1826 2092 30
1826 2092 40
1826 2095 2
1826 2095 44
1826 2095 11
1826 2095 52
1826 691 34
1826 691 12
1826 691 6
1826 691 34
1826 679 36
1826 679 25
1826 679 23
1826 679 57
1860 2112 14
1860 2112 12
1860 2112 0
1860 2112 27
1860 1787 13
1860 1787 53
1860 1787 53
1860 1787 22
1860 2101 39
1860 2101 2
1860 2101 20
1860 2101 57
1860 2114 20
1860 2114 51
1860 2114 27
1860 2114 49
1860 2115 40
1860 2115 48
1860 2115 55
1860 2115 20
1860 1786 43
1860 1786 37
1860 1786 36
1860 1786 27
1860 682 19
1860 682 3
1860 682 42
1860 682 28
1860 2099 6
1860 2099 18
1860 2099 47
1860 2099 39
1860 2113 49
1860 2113 29
1860 2113 4
1860 2113 9
1860 2116 37
1860 2116 54
1860 2116 53
1860 2116 3
1860 2117 16
1860 2117 23
1860 2117 36
1860 2117 47
1860 2118 15
1860 2118 15
1860 2118 41
1860 2118 33
1860 2119 50
1860 2119 12
1860 2119 0
1860 2119 44
1860 2120 49
1860 2120 22
1860 2120 46
1860 2120 36
1860 2080 55
1860 2080 30
1860 2080 18
1860 2080 59
1860 2111 43
1860 2111 3
1860 2111 55
1860 2111 1
1860 2096 6
1860 2096 55
1860 2096 37
1860 2096 55
1860 681 58
1860 681 52
1860 681 55
1860 681 40
1860 677 34
1860 677 15
1860 677 58
1860 677 31
1860 2098 39
1860 2098 31
1860 2098 57
1860 2098 19
1860 2102 7
1860 2102 55
1860 2102 34
1860 2102 8
1860 2137 43
1860 2137 37
1860 2137 57
1860 2137 50
1860 2139 40
1860 2139 1
1860 2139 1
1860 2139 39
1860 2121 36
1860 2121 18
1860 2121 58
1860 2121 15
1860 2079 45
1860 2079 46
1860 2079 36
1860 2079 46
1860 2093 52
1860 2093 59
1860 2093 52
1860 2093 15
1860 2081 15
1860 2081 28
1860 2081 15
1860 2081 30
1860 678 34
1860 678 32
1860 678 13
1860 678 21
1860 2092 29
1860 2092 59
1860 2092 5
1860 2092 13
1860 2095 30
1860 2095 23
1860 2095 38
1860 2095 3
1860 691 11
1860 691 19
1860 691 42
1860 691 35
1860 679 44
1860 679 53
1860 679 22
1860 679 11
1862 2112 20
1862 2112 11
1862 2112 50
1862 2112 0
1862 1787 17
1862 1787 48
1862 1787 29
1862 1787 2
1862 2101 39
1862 2101 21
1862 2101 17
1862 2101 53
1862 2114 57
1862 2114 1
1862 2114 47
1862 2114 12
1862 2115 46
1862 2115 53
1862 2115 27
1862 2115 24
1862 1786 31
1862 1786 3
1862 1786 9
1862 1786 30
1862 682 5
1862 682 28
1862 682 25
1862 682 18
1862 2099 56
1862 2099 14
1862 2099 45
1862 2099 22
1862 2113 39
1862 2113 40
1862 2113 58
1862 2113 43
1862 2116 54
1862 2116 31
1862 2116 45
1862 2116 44
1862 2117 38
1862 2117 16
1862 2117 16
1862 2117 12
1862 2118 60
1862 2118 8
1862 2118 16
1862 2118 53
1862 2119 37
1862 2119 19
1862 2119 3
1862 2119 8
1862 2120 56
1862 2120 48
1862 2120 43
1862 2120 41
1862 2080 33
1862 2080 8
1862 2080 31
1862 2080 48
1862 2111 34
1862 2111 47
1862 2111 17
1862 2111 1
1862 2096 20
1862 2096 15
1862 2096 9
1862 2096 17
1862 681 56
1862 681 44
1862 681 7
1862 681 43
1862 677 2
1862 677 57
1862 677 3
1862 677 36
1862 2098 38
1862 2098 57
1862 2098 26
1862 2098 22
1862 2102 28
1862 2102 4
1862 2102 22
1862 2102 35
1862 2137 44
1862 2137 22
1862 2137 30
1862 2137 0
1862 2139 48
1862 2139 11
1862 2139 4
1862 2139 32
1862 2121 50
1862 2121 30
1862 2121 10
1862 2121 55
1862 2079 40
1862 2079 58
1862 2079 28
1862 2079 58
1862 2093 11
1862 2093 59
1862 2093 60
1862 2093 34
1862 2081 49
1862 2081 49
1862 2081 0
1862 2081 59
1862 678 8
1862 678 34
1862 678 4
1862 678 55
1862 2092 29
1862 2092 51
1862 2092 18
1862 2092 10
1862 2095 49
1862 2095 59
1862 2095 38
1862 2095 27
1862 691 57
1862 691 24
1862 691 20
1862 691 48
1862 679 27
1862 679 28
1862 679 4
1862 679 58
1795 2112 58
1795 2112 19
1795 2112 36
1795 2112 56
1795 1787 60
1795 1787 37
1795 1787 0
1795 1787 41
1795 2101 5
1795 2101 45
1795 2101 34
1795 2101 34
1795 2114 22
1795 2114 34
1795 2114 51
1795 2114 40
1795 2115 37
1795 2115 27
1795 2115 58
1795 2115 11
1795 1786 60
1795 1786 14
1795 1786 15
1795 1786 13
1795 682 60
1795 682 52
1795 682 48
1795 682 46
1795 2099 28
1795 2099 40
1795 2099 21
1795 2099 46
1795 2113 25
1795 2113 35
1795 2113 5
1795 2113 13
1795 2116 9
1795 2116 35
1795 2116 46
1795 2116 51
1795 2117 48
1795 2117 37
1795 2117 56
1795 2117 35
1795 2118 22
1795 2118 7
1795 2118 48
1795 2118 47
1795 2119 35
1795 2119 36
1795 2119 2
1795 2119 21
1795 2120 6
1795 2120 26
1795 2120 0
1795 2120 43
1795 2080 6
1795 2080 24
1795 2080 27
1795 2080 25
1795 2111 2
1795 2111 15
1795 2111 54
1795 2111 11
1795 2096 29
1795 2096 10
1795 2096 57
1795 2096 39
1795 681 39
1795 681 27
1795 681 9
1795 681 54
1795 677 23
1795 677 36
1795 677 3
1795 677 3
1795 2098 28
1795 2098 60
1795 2098 49
1795 2098 6
1795 2102 5
1795 2102 16
1795 2102 38
1795 2102 58
1795 2137 57
1795 2137 59
1795 2137 6
1795 2137 31
1795 2139 4
1795 2139 45
1795 2139 33
1795 2139 41
1795 2121 16
1795 2121 33
1795 2121 25
1795 2121 2
1795 2079 3
1795 2079 13
1795 2079 19
1795 2079 56
1795 2093 17
1795 2093 0
1795 2093 39
1795 2093 4
1795 2081 18
1795 2081 22
1795 2081 53
1795 2081 46
1795 678 30
1795 678 58
1795 678 30
1795 678 21
1795 2092 43
1795 2092 34
1795 2092 56
1795 2092 40
1795 2095 41
1795 2095 13
1795 2095 14
1795 2095 50
1795 691 58
1795 691 52
1795 691 35
1795 691 3
1795 679 52
1795 679 49
1795 679 4
1795 679 24
1813 2112 57
1813 2112 27
1813 2112 34
1813 2112 4
1813 1787 17
1813 1787 17
1813 1787 47
1813 1787 3
1813 2101 25
1813 2101 28
1813 2101 29
1813 2101 2
1813 2114 6
1813 2114 5
1813 2114 49
1813 2114 51
1813 2115 14
1813 2115 17
1813 2115 38
1813 2115 35
1813 1786 50
1813 1786 35
1813 1786 47
1813 1786 13
1813 682 25
1813 682 43
1813 682 41
1813 682 52
1813 2099 27
1813 2099 57
1813 2099 27
1813 2099 25
1813 2113 59
1813 2113 10
1813 2113 40
1813 2113 17
1813 2116 14
1813 2116 3
1813 2116 49
1813 2116 51
1813 2117 57
1813 2117 7
1813 2117 54
1813 2117 20
1813 2118 53
1813 2118 13
1813 2118 28
1813 2118 55
1813 2119 34
1813 2119 53
1813 2119 17
1813 2119 27
1813 2120 14
1813 2120 48
1813 2120 15
1813 2120 8
1813 2080 44
1813 2080 36
1813 2080 55
1813 2080 44
1813 2111 47
1813 2111 27
1813 2111 49
1813 2111 1
1813 2096 44
1813 2096 53
1813 2096 38
1813 2096 40
1813 681 24
1813 681 38
1813 681 48
1813 681 36
1813 677 56
1813 677 47
1813 677 58
1813 677 15
1813 2098 35
1813 2098 42
1813 2098 53
1813 2098 16
1813 2102 4
1813 2102 35
1813 2102 4
1813 2102 56
1813 2137 23
1813 2137 11
1813 2137 12
1813 2137 9
1813 2139 49
1813 2139 6
1813 2139 53
1813 2139 49
1813 2121 32
1813 2121 45
1813 2121 35
1813 2121 18
1813 2079 9
1813 2079 59
1813 2079 27
1813 2079 1
1813 2093 16
1813 2093 46
1813 2093 37
1813 2093 33
1813 2081 29
1813 2081 47
1813 2081 41
1813 2081 50
1813 678 50
1813 678 3
1813 678 58
1813 678 35
1813 2092 48
1813 2092 57
1813 2092 34
1813 2092 8
1813 2095 9
1813 2095 43
1813 2095 38
1813 2095 56
1813 691 58
1813 691 3
1813 691 32
1813 691 18
1813 679 10
1813 679 46
1813 679 49
1813 679 56
1796 2112 16
1796 2112 34
1796 2112 59
1796 2112 26
1796 1787 25
1796 1787 59
1796 1787 50
1796 1787 13
1796 2101 55
1796 2101 19
1796 2101 58
1796 2101 25
1796 2114 31
1796 2114 22
1796 2114 35
1796 2114 19
1796 2115 60
1796 2115 12
1796 2115 20
1796 2115 10
1796 1786 14
1796 1786 18
1796 1786 50
1796 1786 25
1796 682 29
1796 682 53
1796 682 29
1796 682 33
1796 2099 55
1796 2099 35
1796 2099 18
1796 2099 0
1796 2113 6
1796 2113 40
1796 2113 43
1796 2113 45
1796 2116 36
1796 2116 27
1796 2116 52
1796 2116 59
1796 2117 12
1796 2117 30
1796 2117 23
1796 2117 4
1796 2118 4
1796 2118 23
1796 2118 34
1796 2118 52
1796 2119 19
1796 2119 38
1796 2119 31
1796 2119 29
1796 2120 38
1796 2120 15
1796 2120 56
1796 2120 38
1796 2080 34
1796 2080 11
1796 2080 26
1796 2080 6
1796 2111 17
1796 2111 47
1796 2111 7
1796 2111 37
1796 2096 47
1796 2096 16
1796 2096 49
1796 2096 39
1796 681 20
1796 681 46
1796 681 60
1796 681 59
1796 677 27
1796 677 56
1796 677 59
1796 677 42
1796 2098 5
1796 2098 7
1796 2098 37
1796 2098 3
1796 2102 13
1796 2102 18
1796 2102 47
1796 2102 25
1796 2137 7
1796 2137 43
1796 2137 11
1796 2137 27
1796 2139 9
1796 2139 35
1796 2139 11
1796 2139 36
1796 2121 37
1796 2121 0
1796 2121 35
1796 2121 27
1796 2079 1
1796 2079 47
1796 2079 54
1796 2079 34
1796 2093 42
1796 2093 27
1796 2093 13
1796 2093 58
1796 2081 54
1796 2081 27
1796 2081 39
1796 2081 0
1796 678 53
1796 678 0
1796 678 13
1796 678 26
1796 2092 12
1796 2092 9
1796 2092 59
1796 2092 29
1796 2095 56
1796 2095 26
1796 2095 16
1796 2095 42
1796 691 37
1796 691 19
1796 691 44
1796 691 38
1796 679 1
1796 679 3
1796 679 12
1796 679 60
1801 2112 10
1801 2112 39
1801 2112 28
1801 2112 56
1801 1787 52
1801 1787 52
1801 1787 16
1801 1787 23
1801 2101 26
1801 2101 52
1801 2101 41
1801 2101 58
1801 2114 31
1801 2114 24
1801 2114 32
1801 2114 4
1801 2115 37
1801 2115 16
1801 2115 17
1801 2115 60
1801 1786 35
1801 1786 18
1801 1786 23
1801 1786 57
1801 682 30
1801 682 4
1801 682 2
1801 682 26
1801 2099 45
1801 2099 6
1801 2099 54
1801 2099 16
1801 2113 50
1801 2113 39
1801 2113 11
1801 2113 59
1801 2116 0
1801 2116 25
1801 2116 5
1801 2116 8
1801 2117 10
1801 2117 44
1801 2117 37
1801 2117 15
1801 2118 34
1801 2118 43
1801 2118 16
1801 2118 27
1801 2119 57
1801 2119 17
1801 2119 24
1801 2119 52
1801 2120 44
1801 2120 19
1801 2120 7
1801 2120 47
1801 2080 48
1801 2080 13
1801 2080 9
1801 2080 0
1801 2111 43
1801 2111 47
1801 2111 7
1801 2111 27
1801 2096 28
1801 2096 36
1801 2096 10
1801 2096 56
1801 681 24
1801 681 23
1801 681 1
1801 681 58
1801 677 45
1801 677 48
1801 677 43
1801 677 15
1801 2098 59
1801 2098 27
1801 2098 44
1801 2098 0
1801 2102 35
1801 2102 3
1801 2102 45
1801 2102 48
1801 2137 21
1801 2137 60
1801 2137 56
1801 2137 32
1801 2139 26
1801 2139 54
1801 2139 57
1801 2139 45
1801 2121 13
1801 2121 26
1801 2121 3
1801 2121 49
1801 2079 17
1801 2079 49
1801 2079 25
1801 2079 47
1801 2093 57
1801 2093 52
1801 2093 47
1801 2093 47
1801 2081 44
1801 2081 11
1801 2081 18
1801 2081 28
1801 678 53
1801 678 22
1801 678 34
1801 678 48
1801 2092 9
1801 2092 46
1801 2092 0
1801 2092 46
1801 2095 35
1801 2095 57
1801 2095 51
1801 2095 57
1801 691 36
1801 691 7
1801 691 34
1801 691 55
1801 679 3
1801 679 59
1801 679 30
1801 679 0
1800 2112 4
1800 2112 58
1800 2112 13
1800 2112 15
1800 1787 32
1800 1787 46
1800 1787 3
1800 1787 33
1800 2101 15
1800 2101 29
1800 2101 50
1800 2101 29
1800 2114 16
1800 2114 54
1800 2114 37
1800 2114 52
1800 2115 1
1800 2115 10
1800 2115 10
1800 2115 26
1800 1786 2
1800 1786 34
1800 1786 53
1800 1786 19
1800 682 16
1800 682 7
1800 682 4
1800 682 40
1800 2099 46
1800 2099 6
1800 2099 54
1800 2099 2
1800 2113 22
1800 2113 38
1800 2113 12
1800 2113 46
1800 2116 43
1800 2116 21
1800 2116 17
1800 2116 55
1800 2117 25
1800 2117 1
1800 2117 17
1800 2117 4
1800 2118 30
1800 2118 22
1800 2118 17
1800 2118 52
1800 2119 40
1800 2119 13
1800 2119 49
1800 2119 28
1800 2120 58
1800 2120 44
1800 2120 37
1800 2120 39
1800 2080 50
1800 2080 19
1800 2080 59
1800 2080 7
1800 2111 22
1800 2111 34
1800 2111 17
1800 2111 28
1800 2096 14
1800 2096 1
1800 2096 43
1800 2096 7
1800 681 22
1800 681 50
1800 681 41
1800 681 3
1800 677 11
1800 677 47
1800 677 53
1800 677 3
1800 2098 0
1800 2098 34
1800 2098 15
1800 2098 51
1800 2102 8
1800 2102 57
1800 2102 21
1800 2102 19
1800 2137 1
1800 2137 60
1800 2137 0
1800 2137 51
1800 2139 39
1800 2139 26
1800 2139 32
1800 2139 46
1800 2121 37
1800 2121 3
1800 2121 43
1800 2121 25
1800 2079 58
1800 2079 34
1800 2079 31
1800 2079 15
1800 2093 40
1800 2093 48
1800 2093 47
1800 2093 5
1800 2081 41
1800 2081 43
1800 2081 54
1800 2081 32
1800 678 53
1800 678 40
1800 678 45
1800 678 48
1800 2092 10
1800 2092 26
1800 2092 42
1800 2092 16
1800 2095 24
1800 2095 0
1800 2095 10
1800 2095 17
1800 691 56
1800 691 20
1800 691 36
1800 691 31
1800 679 53
1800 679 16
1800 679 23
1800 679 37
1818 2112 57
1818 2112 60
1818 2112 32
1818 2112 9
1818 1787 3
1818 1787 60
1818 1787 57
1818 1787 39
1818 2101 34
1818 2101 60
1818 2101 57
1818 2101 18
1818 2114 59
1818 2114 28
1818 2114 40
1818 2114 60
1818 2115 17
1818 2115 11
1818 2115 46
1818 2115 52
1818 1786 40
1818 1786 31
1818 1786 8
1818 1786 47
1818 682 18
1818 682 39
1818 682 58
1818 682 23
1818 2099 41
1818 2099 3
1818 2099 45
1818 2099 37
1818 2113 37
1818 2113 24
1818 2113 43
1818 2113 3
1818 2116 55
1818 2116 38
1818 2116 55
1818 2116 58
1818 2117 11
1818 2117 59
1818 2117 22
1818 2117 3
1818 2118 10
1818 2118 55
1818 2118 60
1818 2118 51
1818 2119 38
1818 2119 43
1818 2119 20
1818 2119 60
1818 2120 45
1818 2120 25
1818 2120 17
1818 2120 38
1818 2080 40
1818 2080 7
1818 2080 29
1818 2080 5
1818 2111 17
1818 2111 22
1818 2111 22
1818 2111 13
1818 2096 13
1818 2096 23
1818 2096 38
1818 2096 37
1818 681 36
1818 681 55
1818 681 24
1818 681 51
1818 677 53
1818 677 17
1818 677 40
1818 677 46
1818 2098 57
1818 2098 49
1818 2098 47
1818 2098 17
1818 2102 31
1818 2102 44
1818 2102 47
1818 2102 27
1818 2137 2
1818 2137 6
1818 2137 27
1818 2137 5
1818 2139 29
1818 2139 19
1818 2139 38
1818 2139 30
1818 2121 48
1818 2121 29
1818 2121 39
1818 2121 8
1818 2079 21
1818 2079 3
1818 2079 46
1818 2079 5
1818 2093 31
1818 2093 50
1818 2093 59
1818 2093 0
1818 2081 46
1818 2081 12
1818 2081 11
1818 2081 5
1818 678 9
1818 678 26
1818 678 45
1818 678 50
1818 2092 23
1818 2092 28
1818 2092 8
1818 2092 28
1818 2095 24
1818 2095 8
1818 2095 10
1818 2095 52
1818 691 9
1818 691 16
1818 691 29
1818 691 20
1818 679 53
1818 679 20
1818 679 22
1818 679 30
1823 2112 8
1823 2112 26
1823 2112 2
1823 2112 15
1823 1787 55
1823 1787 32
1823 1787 56
1823 1787 21
1823 2101 7
1823 2101 54
1823 2101 12
1823 2101 36
1823 2114 6
1823 2114 44
1823 2114 51
1823 2114 51
1823 2115 1
1823 2115 40
1823 2115 26
1823 2115 49
1823 1786 42
1823 1786 34
1823 1786 37
1823 1786 23
1823 682 36
1823 682 20
1823 682 27
1823 682 56
1823 2099 28
1823 2099 36
1823 2099 60
1823 2099 51
1823 2113 48
1823 2113 28
1823 2113 31
1823 2113 9
1823 2116 3
1823 2116 3
1823 2116 37
1823 2116 13
1823 2117 40
1823 2117 44
1823 2117 37
1823 2117 45
1823 2118 29
1823 2118 3
1823 2118 45
1823 2118 10
1823 2119 49
1823 2119 16
1823 2119 4
1823 2119 55
1823 2120 31
1823 2120 53
1823 2120 31
1823 2120 33
1823 2080 33
1823 2080 17
1823 2080 51
1823 2080 36
1823 2111 9
1823 2111 1
1823 2111 24
1823 2111 29
1823 2096 20
1823 2096 0
1823 2096 58
1823 2096 40
1823 681 35
1823 681 1
1823 681 1
1823 681 28
1823 677 28
1823 677 12
1823 677 21
1823 677 17
1823 2098 27
1823 2098 54
1823 2098 26
1823 2098 14
1823 2102 19
1823 2102 5
1823 2102 23
1823 2102 15
1823 2137 28
1823 2137 10
1823 2137 40
1823 2137 29
1823 2139 13
1823 2139 39
1823 2139 43
1823 2139 51
1823 2121 18
1823 2121 36
1823 2121 2
1823 2121 59
1823 2079 6
1823 2079 26
1823 2079 49
1823 2079 58
1823 2093 53
1823 2093 47
1823 2093 58
1823 2093 39
1823 2081 45
1823 2081 6
1823 2081 51
1823 2081 33
1823 678 8
1823 678 43
1823 678 14
1823 678 35
1823 2092 26
1823 2092 27
1823 2092 16
1823 2092 44
1823 2095 58
1823 2095 60
1823 2095 52
1823 2095 9
1823 691 57
1823 691 53
1823 691 12
1823 691 51
1823 679 49
1823 679 9
1823 679 2
1823 679 55
1807 2112 28
1807 2112 11
1807 2112 24
1807 2112 60
1807 1787 1
1807 1787 55
1807 1787 13
1807 1787 20
1807 2101 36
1807 2101 58
1807 2101 29
1807 2101 49
1807 2114 10
1807 2114 23
1807 2114 20
1807 2114 52
1807 2115 28
1807 2115 23
1807 2115 1
1807 2115 35
1807 1786 33
1807 1786 52
1807 1786 55
1807 1786 29
1807 682 34
1807 682 51
1807 682 34
1807 682 29
1807 2099 42
1807 2099 54
1807 2099 23
1807 2099 34
1807 2113 20
1807 2113 42
1807 2113 1
1807 2113 4
1807 2116 0
1807 2116 12
1807 2116 6
1807 2116 42
1807 2117 6
1807 2117 42
1807 2117 18
1807 2117 3
1807 2118 37
1807 2118 28
1807 2118 37
1807 2118 38
1807 2119 44
1807 2119 35
1807 2119 2
1807 2119 46
1807 2120 37
1807 2120 0
1807 2120 30
1807 2120 17
1807 2080 46
1807 2080 15
1807 2080 21
1807 2080 1
1807 2111 24
1807 2111 36
1807 2111 8
1807 2111 3
1807 2096 41
1807 2096 11
1807 2096 49
1807 2096 21
1807 681 24
1807 681 46
1807 681 18
1807 681 40
1807 677 6
1807 677 31
1807 677 28
1807 677 31
1807 2098 24
1807 2098 4
1807 2098 24
1807 2098 40
1807 2102 53
1807 2102 59
1807 2102 21
1807 2102 44
1807 2137 55
1807 2137 41
1807 2137 50
1807 2137 51
1807 2139 60
1807 2139 7
1807 2139 15
1807 2139 27
1807 2121 2
1807 2121 23
1807 2121 16
1807 2121 57
1807 2079 27
1807 2079 16
1807 2079 8
1807 2079 45
1807 2093 10
1807 2093 40
1807 2093 4
1807 2093 33
1807 2081 20
1807 2081 1
1807 2081 27
1807 2081 11
1807 678 3
1807 678 32
1807 678 14
1807 678 12
1807 2092 8
1807 2092 32
1807 2092 60
1807 2092 15
1807 2095 54
1807 2095 60
1807 2095 37
1807 2095 39
1807 691 21
1807 691 51
1807 691 51
1807 691 42
1807 679 26
1807 679 60
1807 679 26
1807 679 40
1861 2112 13
1861 2112 20
1861 2112 27
1861 2112 34
1861 1787 3
1861 1787 35
1861 1787 30
1861 1787 36
1861 2101 3
1861 2101 39
1861 2101 45
1861 2101 42
1861 2114 28
1861 2114 30
1861 2114 22
1861 2114 15
1861 2115 50
1861 2115 25
1861 2115 45
1861 2115 51
1861 1786 28
1861 1786 24
1861 1786 1
1861 1786 28
1861 682 19
1861 682 46
1861 682 22
1861 682 30
1861 2099 55
1861 2099 33
1861 2099 44
1861 2099 38
1861 2113 45
1861 2113 55
1861 2113 60
1861 2113 25
1861 2116 23
1861 2116 11
1861 2116 24
1861 2116 0
1861 2117 51
1861 2117 51
1861 2117 34
1861 2117 2
1861 2118 26
1861 2118 29
1861 2118 42
1861 2118 60
1861 2119 48
1861 2119 51
1861 2119 14
1861 2119 12
1861 2120 0
1861 2120 35
1861 2120 47
1861 2120 54
1861 2080 19
1861 2080 1
1861 2080 36
1861 2080 33
1861 2111 20
1861 2111 38
1861 2111 7
1861 2111 12
1861 2096 0
1861 2096 3
1861 2096 22
1861 2096 36
1861 681 18
1861 681 49
1861 681 55
1861 681 24
1861 677 60
1861 677 15
1861 677 18
1861 677 42
1861 2098 25
1861 2098 10
1861 2098 16
1861 2098 37
1861 2102 18
1861 2102 56
1861 2102 21
1861 2102 33
1861 2137 52
1861 2137 59
1861 2137 48
1861 2137 19
1861 2139 27
1861 2139 54
1861 2139 9
1861 2139 9
1861 2121 10
1861 2121 14
1861 2121 19
1861 2121 35
1861 2079 37
1861 2079 17
1861 2079 49
1861 2079 27
1861 2093 39
1861 2093 28
1861 2093 50
1861 2093 33
1861 2081 30
1861 2081 9
1861 2081 28
1861 2081 57
1861 678 58
1861 678 54
1861 678 50
1861 678 20
1861 2092 1
1861 2092 3
1861 2092 2
1861 2092 39
1861 2095 51
1861 2095 21
1861 2095 1
1861 2095 50
1861 691 4
1861 691 15
1861 691 54
1861 691 20
1861 679 33
1861 679 7
1861 679 43
1861 679 57
1863 2112 55
1863 2112 13
1863 2112 41
1863 2112 19
1863 1787 21
1863 1787 15
1863 1787 8
1863 1787 46
1863 2101 53
1863 2101 13
1863 2101 56
1863 2101 18
1863 2114 60
1863 2114 7
1863 2114 46
1863 2114 30
1863 2115 15
1863 2115 35
1863 2115 44
1863 2115 16
1863 1786 13
1863 1786 55
1863 1786 18
1863 1786 57
1863 682 1
1863 682 31
1863 682 37
1863 682 10
1863 2099 8
1863 2099 58
1863 2099 0
1863 2099 46
1863 2113 9
1863 2113 37
1863 2113 55
1863 2113 57
1863 2116 22
1863 2116 57
1863 2116 5
1863 2116 56
1863 2117 35
1863 2117 59
1863 2117 5
1863 2117 29
1863 2118 56
1863 2118 21
1863 2118 54
1863 2118 59
1863 2119 11
1863 2119 28
1863 2119 34
1863 2119 57
1863 2120 45
1863 2120 41
1863 2120 1
1863 2120 1
1863 2080 23
1863 2080 6
1863 2080 15
1863 2080 4
1863 2111 25
1863 2111 7
1863 2111 52
1863 2111 38
1863 2096 20
1863 2096 51
1863 2096 31
1863 2096 11
1863 681 32
1863 681 24
1863 681 25
1863 681 11
1863 677 52
1863 677 9
1863 677 20
1863 677 52
1863 2098 10
1863 2098 35
1863 2098 7
1863 2098 0
1863 2102 14
1863 2102 30
1863 2102 42
1863 2102 55
1863 2137 36
1863 2137 38
1863 2137 14
1863 2137 43
1863 2139 9
1863 2139 9
1863 2139 39
1863 2139 45
1863 2121 59
1863 2121 47
1863 2121 60
1863 2121 36
1863 2079 8
1863 2079 20
1863 2079 32
1863 2079 34
1863 2093 40
1863 2093 32
1863 2093 37
1863 2093 16
1863 2081 56
1863 2081 43
1863 2081 50
1863 2081 39
1863 678 33
1863 678 9
1863 678 33
1863 678 45
1863 2092 23
1863 2092 6
1863 2092 0
1863 2092 57
1863 2095 39
1863 2095 0
1863 2095 33
1863 2095 44
1863 691 57
1863 691 4
1863 691 50
1863 691 9
1863 679 0
1863 679 18
1863 679 59
1863 679 0
1791 2112 29
1791 2112 21
1791 2112 27
1791 2112 30
1791 1787 49
1791 1787 52
1791 1787 6
1791 1787 53
1791 2101 1
1791 2101 19
1791 2101 49
1791 2101 38
1791 2114 22
1791 2114 37
1791 2114 16
1791 2114 37
1791 2115 56
1791 2115 42
1791 2115 25
1791 2115 15
1791 1786 8
1791 1786 37
1791 1786 34
1791 1786 3
1791 682 12
1791 682 39
1791 682 60
1791 682 20
1791 2099 10
1791 2099 53
1791 2099 31
1791 2099 33
1791 2113 11
1791 2113 58
1791 2113 13
1791 2113 29
1791 2116 11
1791 2116 13
1791 2116 21
1791 2116 38
1791 2117 30
1791 2117 5
1791 2117 46
1791 2117 5
1791 2118 57
1791 2118 18
1791 2118 49
1791 2118 22
1791 2119 37
1791 2119 5
1791 2119 11
1791 2119 50
1791 2120 7
1791 2120 45
1791 2120 15
1791 2120 5
1791 2080 47
1791 2080 48
1791 2080 35
1791 2080 33
1791 2111 36
1791 2111 21
1791 2111 13
1791 2111 24
1791 2096 49
1791 2096 52
1791 2096 5
1791 2096 27
1791 681 46
1791 681 1
1791 681 28
1791 681 29
1791 677 37
1791 677 29
1791 677 35
1791 677 24
1791 2098 47
1791 2098 51
1791 2098 0
1791 2098 2
1791 2102 22
1791 2102 49
1791 2102 19
1791 2102 15
1791 2137 29
1791 2137 13
1791 2137 13
1791 2137 59
1791 2139 11
1791 2139 27
1791 2139 14
1791 2139 55
1791 2121 19
1791 2121 24
1791 2121 10
1791 2121 38
1791 2079 36
1791 2079 25
1791 2079 6
1791 2079 25
1791 2093 9
1791 2093 41
1791 2093 9
1791 2093 59
1791 2081 18
1791 2081 5
1791 2081 47
1791 2081 13
1791 678 54
1791 678 26
1791 678 51
1791 678 27
1791 2092 49
1791 2092 14
1791 2092 6
1791 2092 3
1791 2095 17
1791 2095 26
1791 2095 7
1791 2095 7
1791 691 25
1791 691 42
1791 691 34
1791 691 40
1791 679 22
1791 679 8
1791 679 48
1791 679 40
1794 2112 9
1794 2112 2
1794 2112 6
1794 2112 21
1794 1787 38
1794 1787 38
1794 1787 28
1794 1787 24
1794 2101 18
1794 2101 60
1794 2101 37
1794 2101 27
1794 2114 23
1794 2114 12
1794 2114 57
1794 2114 51
1794 2115 4
1794 2115 33
1794 2115 30
1794 2115 52
1794 1786 31
1794 1786 58
1794 1786 38
1794 1786 11
1794 682 55
1794 682 51
1794 682 30
1794 682 8
1794 2099 1
1794 2099 35
1794 2099 52
1794 2099 38
1794 2113 42
1794 2113 2
1794 2113 38
1794 2113 32
1794 2116 24
1794 2116 46
1794 2116 29
1794 2116 8
1794 2117 22
1794 2117 28
1794 2117 54
1794 2117 59
1794 2118 59
1794 2118 18
1794 2118 47
1794 2118 9
1794 2119 53
1794 2119 5
1794 2119 58
1794 2119 21
1794 2120 37
1794 2120 1
1794 2120 11
1794 2120 28
1794 2080 60
1794 2080 31
1794 2080 2
1794 2080 45
1794 2111 25
1794 2111 1
1794 2111 60
1794 2111 27
1794 2096 10
1794 2096 12
1794 2096 57
1794 2096 60
1794 681 41
1794 681 25
1794 681 3
1794 681 42
1794 677 28
1794 677 53
1794 677 3
1794 677 37
1794 2098 24
1794 2098 24
1794 2098 23
1794 2098 44
1794 2102 1
1794 2102 14
1794 2102 19
1794 2102 10
1794 2137 6
1794 2137 24
1794 2137 9
1794 2137 39
1794 2139 6
1794 2139 59
1794 2139 1
1794 2139 45
1794 2121 18
1794 2121 16
1794 2121 48
1794 2121 37
1794 2079 27
1794 2079 46
1794 2079 17
1794 2079 20
1794 2093 20
1794 2093 32
1794 2093 26
1794 2093 39
1794 2081 46
1794 2081 18
1794 2081 38
1794 2081 9
1794 678 34
1794 678 38
1794 678 45
1794 678 11
1794 2092 56
1794 2092 5
1794 2092 51
1794 2092 23
1794 2095 42
1794 2095 49
1794 2095 9
1794 2095 32
1794 691 6
1794 691 32
1794 691 28
1794 691 33
1794 679 18
1794 679 59
1794 679 24
1794 679 3
1806 2112 7
1806 2112 35
1806 2112 16
1806 2112 13
1806 1787 24
1806 1787 1
1806 1787 49
1806 1787 57
1806 2101 10
1806 2101 34
1806 2101 53
1806 2101 13
1806 2114 17
1806 2114 41
1806 2114 56
1806 2114 46
1806 2115 55
1806 2115 28
1806 2115 44
1806 2115 55
1806 1786 52
1806 1786 16
1806 1786 43
1806 1786 58
1806 682 56
1806 682 24
1806 682 43
1806 682 30
1806 2099 50
1806 2099 2
1806 2099 51
1806 2099 59
1806 2113 35
1806 2113 37
1806 2113 37
1806 2113 54
1806 2116 40
1806 2116 56
1806 2116 27
1806 2116 12
1806 2117 43
1806 2117 17
1806 2117 10
1806 2117 10
1806 2118 12
1806 2118 35
1806 2118 2
1806 2118 35
1806 2119 47
1806 2119 51
1806 2119 6
1806 2119 39
1806 2120 8
1806 2120 9
1806 2120 14
1806 2120 27
1806 2080 46
1806 2080 1
1806 2080 9
1806 2080 4
1806 2111 19
1806 2111 7
1806 2111 30
1806 2111 47
1806 2096 36
1806 2096 52
1806 2096 25
1806 2096 36
1806 681 22
1806 681 36
1806 681 1
1806 681 30
1806 677 16
1806 677 44
1806 677 16
1806 677 1
1806 2098 22
1806 2098 16
1806 2098 42
1806 2098 1
1806 2102 38
1806 2102 36
1806 2102 13
1806 2102 47
1806 2137 0
1806 2137 8
1806 2137 46
1806 2137 9
1806 2139 43
1806 2139 27
1806 2139 2
1806 2139 41
1806 2121 18
1806 2121 2
1806 2121 40
1806 2121 60
1806 2079 19
1806 2079 14
1806 2079 27
1806 2079 47
1806 2093 52
1806 2093 10
1806 2093 37
1806 2093 26
1806 2081 49
1806 2081 46
1806 2081 12
1806 2081 21
1806 678 54
1806 678 23
1806 678 27
1806 678 54
1806 2092 39
1806 2092 9
1806 2092 0
1806 2092 40
1806 2095 18
1806 2095 49
1806 2095 29
1806 2095 33
1806 691 4
1806 691 0
1806 691 59
1806 691 8
1806 679 11
1806 679 59
1806 679 40
1806 679 49
1802 2112 10
1802 2112 13
1802 2112 6
1802 2112 47
1802 1787 59
1802 1787 20
1802 1787 54
1802 1787 34
1802 2101 45
1802 2101 29
1802 2101 49
1802 2101 21
1802 2114 38
1802 2114 3
1802 2114 53
1802 2114 31
1802 2115 18
1802 2115 12
1802 2115 23
1802 2115 49
1802 1786 52
1802 1786 7
1802 1786 2
1802 1786 0
1802 682 2
1802 682 33
1802 682 13
1802 682 8
1802 2099 45
1802 2099 8
1802 2099 18
1802 2099 51
1802 2113 23
1802 2113 51
1802 2113 57
1802 2113 37
1802 2116 38
1802 2116 16
1802 2116 59
1802 2116 13
1802 2117 2
1802 2117 50
1802 2117 41
1802 2117 10
1802 2118 8
1802 2118 59
1802 2118 45
1802 2118 9
1802 2119 42
1802 2119 48
1802 2119 9
1802 2119 2
1802 2120 12
1802 2120 28
1802 2120 57
1802 2120 5
1802 2080 30
1802 2080 0
1802 2080 50
1802 2080 44
1802 2111 33
1802 2111 59
1802 2111 26
1802 2111 37
1802 2096 15
1802 2096 60
1802 2096 49
1802 2096 2
1802 681 24
1802 681 25
1802 681 3
1802 681 47
1802 677 54
1802 677 14
1802 677 56
1802 677 40
1802 2098 20
1802 2098 26
1802 2098 32
1802 2098 28
1802 2102 28
1802 2102 27
1802 2102 6
1802 2102 5
1802 2137 19
1802 2137 55
1802 2137 40
1802 2137 39
1802 2139 56
1802 2139 42
1802 2139 39
1802 2139 15
1802 2121 18
1802 2121 21
1802 2121 28
1802 2121 25
1802 2079 14
1802 2079 35
1802 2079 57
1802 2079 38
1802 2093 44
1802 2093 30
1802 2093 5
1802 2093 10
1802 2081 53
1802 2081 42
1802 2081 60
1802 2081 22
1802 678 33
1802 678 20
1802 678 53
1802 678 41
1802 2092 57
1802 2092 6
1802 2092 43
1802 2092 8
1802 2095 59
1802 2095 47
1802 2095 30
1802 2095 58
1802 691 55
1802 691 12
1802 691 31
1802 691 12
1802 679 12
1802 679 54
1802 679 29
1802 679 35
1805 2112 8
1805 2112 46
1805 2112 44
1805 2112 52
1805 1787 20
1805 1787 14
1805 1787 41
1805 1787 17
1805 2101 15
1805 2101 23
1805 2101 59
1805 2101 53
1805 2114 50
1805 2114 3
1805 2114 20
1805 2114 10
1805 2115 12
1805 2115 18
1805 2115 40
1805 2115 11
1805 1786 36
1805 1786 40
1805 1786 23
1805 1786 12
1805 682 52
1805 682 46
1805 682 34
1805 682 10
1805 2099 26
1805 2099 15
1805 2099 6
1805 2099 1
1805 2113 60
1805 2113 3
1805 2113 25
1805 2113 51
1805 2116 51
1805 2116 33
1805 2116 22
1805 2116 46
1805 2117 6
1805 2117 41
1805 2117 13
1805 2117 44
1805 2118 31
1805 2118 17
1805 2118 59
1805 2118 4
1805 2119 31
1805 2119 25
1805 2119 23
1805 2119 8
1805 2120 55
1805 2120 6
1805 2120 47
1805 2120 32
1805 2080 44
1805 2080 26
1805 2080 41
1805 2080 9
1805 2111 52
1805 2111 36
1805 2111 32
1805 2111 43
1805 2096 0
1805 2096 18
1805 2096 53
1805 2096 45
1805 681 9
1805 681 41
1805 681 42
1805 681 12
1805 677 7
1805 677 1
1805 677 55
1805 677 47
1805 2098 59
1805 2098 31
1805 2098 59
1805 2098 45
1805 2102 50
1805 2102 15
1805 2102 12
1805 2102 20
1805 2137 48
1805 2137 31
1805 2137 43
1805 2137 46
1805 2139 56
1805 2139 38
1805 2139 33
1805 2139 59
1805 2121 42
1805 2121 34
1805 2121 28
1805 2121 14
1805 2079 6
1805 2079 53
1805 2079 51
1805 2079 9
1805 2093 28
1805 2093 32
1805 2093 30
1805 2093 3
1805 2081 29
1805 2081 3
1805 2081 35
1805 2081 51
1805 678 20
1805 678 25
1805 678 32
1805 678 7
1805 2092 54
1805 2092 36
1805 2092 20
1805 2092 18
1805 2095 6
1805 2095 22
1805 2095 30
1805 2095 60
1805 691 0
1805 691 50
1805 691 4
1805 691 16
1805 679 10
1805 679 8
1805 679 25
1805 679 9
1820 2112 43
1820 2112 23
1820 2112 53
1820 2112 11
1820 1787 58
1820 1787 4
1820 1787 0
1820 1787 22
1820 2101 2
1820 2101 11
1820 2101 35
1820 2101 1
1820 2114 52
1820 2114 33
1820 2114 58
1820 2114 39
1820 2115 32
1820 2115 59
1820 2115 43
1820 2115 58
1820 1786 33
1820 1786 15
1820 1786 19
1820 1786 31
1820 682 32
1820 682 42
1820 682 7
1820 682 12
1820 2099 31
1820 2099 24
1820 2099 44
1820 2099 47
1820 2113 37
1820 2113 59
1820 2113 48
1820 2113 29
1820 2116 26
1820 2116 5
1820 2116 59
1820 2116 27
1820 2117 12
1820 2117 22
1820 2117 54
1820 2117 23
1820 2118 28
1820 2118 60
1820 2118 32
1820 2118 26
1820 2119 24
1820 2119 31
1820 2119 25
1820 2119 37
1820 2120 13
1820 2120 47
1820 2120 56
1820 2120 9
1820 2080 49
1820 2080 24
1820 2080 51
1820 2080 41
1820 2111 33
1820 2111 28
1820 2111 5
1820 2111 8
1820 2096 58
1820 2096 36
1820 2096 52
1820 2096 59
1820 681 37
1820 681 11
1820 681 0
1820 681 27
1820 677 19
1820 677 48
1820 677 20
1820 677 53
1820 2098 18
1820 2098 45
1820 2098 29
1820 2098 60
1820 2102 25
1820 2102 29
1820 2102 12
1820 2102 58
1820 2137 56
1820 2137 45
1820 2137 49
1820 2137 49
1820 2139 29
1820 2139 34
1820 2139 52
1820 2139 35
1820 2121 50
1820 2121 52
1820 2121 33
1820 2121 8
1820 2079 25
1820 2079 23
1820 2079 15
1820 2079 57
1820 2093 52
1820 2093 5
1820 2093 50
1820 2093 4
1820 2081 56
1820 2081 44
1820 2081 47
1820 2081 32
1820 678 33
1820 678 4
1820 678 49
1820 678 56
1820 2092 13
1820 2092 54
1820 2092 20
1820 2092 11
1820 2095 52
1820 2095 16
1820 2095 37
1820 2095 25
1820 691 24
1820 691 26
1820 691 56
1820 691 41
1820 679 60
1820 679 54
1820 679 27
1820 679 13
1824 2112 47
1824 2112 52
1824 2112 11
1824 2112 8
1824 1787 7
1824 1787 59
1824 1787 59
1824 1787 51
1824 2101 17
1824 2101 55
1824 2101 21
1824 2101 42
1824 2114 30
1824 2114 5
1824 2114 18
1824 2114 5
1824 2115 1
1824 2115 44
1824 2115 58
1824 2115 54
1824 1786 43
1824 1786 22
1824 1786 38
1824 1786 39
1824 682 10
1824 682 20
1824 682 43
1824 682 0
1824 2099 43
1824 2099 29
1824 2099 6
1824 2099 41
1824 2113 50
1824 2113 2
1824 2113 54
1824 2113 43
1824 2116 26
1824 2116 20
1824 2116 52
1824 2116 25
1824 2117 21
1824 2117 11
1824 2117 45
1824 2117 37
1824 2118 50
1824 2118 12
1824 2118 57
1824 2118 22
1824 2119 50
1824 2119 26
1824 2119 10
1824 2119 36
1824 2120 44
1824 2120 57
1824 2120 4
1824 2120 9
1824 2080 50
1824 2080 21
1824 2080 60
1824 2080 12
1824 2111 56
1824 2111 42
1824 2111 41
1824 2111 20
1824 2096 22
1824 2096 57
1824 2096 28
1824 2096 4
1824 681 58
1824 681 52
1824 681 7
1824 681 17
1824 677 56
1824 677 46
1824 677 35
1824 677 14
1824 2098 16
1824 2098 47
1824 2098 13
1824 2098 48
1824 2102 53
1824 2102 60
1824 2102 18
1824 2102 23
1824 2137 46
1824 2137 52
1824 2137 37
1824 2137 47
1824 2139 0
1824 2139 33
1824 2139 35
1824 2139 43
1824 2121 13
1824 2121 40
1824 2121 1
1824 2121 39
1824 2079 30
1824 2079 38
1824 2079 46
1824 2079 3
1824 2093 57
1824 2093 51
1824 2093 45
1824 2093 21
1824 2081 28
1824 2081 55
1824 2081 47
1824 2081 20
1824 678 21
1824 678 55
1824 678 38
1824 678 7
1824 2092 37
1824 2092 49
1824 2092 6
1824 2092 5
1824 2095 1
1824 2095 2
1824 2095 13
1824 2095 12
1824 691 15
1824 691 26
1824 691 43
1824 691 52
1824 679 45
1824 679 44
1824 679 45
1824 679 59
1808 2112 30
1808 2112 28
1808 2112 49
1808 2112 0
1808 1787 35
1808 1787 41
1808 1787 17
1808 1787 10
1808 2101 7
1808 2101 23
1808 2101 29
1808 2101 47
1808 2114 54
1808 2114 9
1808 2114 52
1808 2114 50
1808 2115 31
1808 2115 50
1808 2115 40
1808 2115 24
1808 1786 0
1808 1786 33
1808 1786 30
1808 1786 21
1808 682 1
1808 682 15
1808 682 1
1808 682 22
1808 2099 52
1808 2099 37
1808 2099 22
1808 2099 9
1808 2113 53
1808 2113 60
1808 2113 45
1808 2113 23
1808 2116 26
1808 2116 21
1808 2116 14
1808 2116 48
1808 2117 18
1808 2117 5
1808 2117 56
1808 2117 10
1808 2118 49
1808 2118 52
1808 2118 10
1808 2118 21
1808 2119 45
1808 2119 35
1808 2119 41
1808 2119 36
1808 2120 6
1808 2120 35
1808 2120 59
1808 2120 45
1808 2080 4
1808 2080 12
1808 2080 57
1808 2080 25
1808 2111 23
1808 2111 17
1808 2111 49
1808 2111 15
1808 2096 11
1808 2096 27
1808 2096 50
1808 2096 10
1808 681 8
1808 681 2
1808 681 13
1808 681 36
1808 677 44
1808 677 2
1808 677 54
1808 677 32
1808 2098 35
1808 2098 16
1808 2098 37
1808 2098 55
1808 2102 32
1808 2102 7
1808 2102 5
1808 2102 28
1808 2137 51
1808 2137 12
1808 2137 30
1808 2137 25
1808 2139 40
1808 2139 47
1808 2139 6
1808 2139 35
1808 2121 27
1808 2121 40
1808 2121 9
1808 2121 49
1808 2079 29
1808 2079 47
1808 2079 52
1808 2079 60
1808 2093 28
1808 2093 46
1808 2093 47
1808 2093 15
1808 2081 34
1808 2081 42
1808 2081 5
1808 2081 19
1808 678 24
1808 678 33
1808 678 10
1808 678 14
1808 2092 18
1808 2092 29
1808 2092 47
1808 2092 23
1808 2095 9
1808 2095 15
1808 2095 39
1808 2095 11
1808 691 41
1808 691 26
1808 691 38
1808 691 21
1808 679 57
1808 679 30
1808 679 19
1808 679 31
1810 2112 43
1810 2112 41
1810 2112 16
1810 2112 23
1810 1787 51
1810 1787 56
1810 1787 7
1810 1787 36
1810 2101 4
1810 2101 36
1810 2101 11
1810 2101 34
1810 2114 13
1810 2114 11
1810 2114 11
1810 2114 25
1810 2115 45
1810 2115 54
1810 2115 48
1810 2115 39
1810 1786 0
1810 1786 25
1810 1786 36
1810 1786 50
1810 682 51
1810 682 42
1810 682 34
1810 682 38
1810 2099 5
1810 2099 58
1810 2099 26
1810 2099 25
1810 2113 16
1810 2113 3
1810 2113 42
1810 2113 44
1810 2116 30
1810 2116 54
1810 2116 57
1810 2116 42
1810 2117 47
1810 2117 58
1810 2117 32
1810 2117 34
1810 2118 45
1810 2118 52
1810 2118 51
1810 2118 23
1810 2119 40
1810 2119 26
1810 2119 13
1810 2119 59
1810 2120 58
1810 2120 48
1810 2120 4
1810 2120 48
1810 2080 23
1810 2080 60
1810 2080 15
1810 2080 1
1810 2111 27
1810 2111 23
1810 2111 5
1810 2111 52
1810 2096 19
1810 2096 47
1810 2096 48
1810 2096 24
1810 681 33
1810 681 21
1810 681 34
1810 681 55
1810 677 26
1810 677 1
1810 677 25
1810 677 10
1810 2098 12
1810 2098 20
1810 2098 6
1810 2098 55
1810 2102 28
1810 2102 44
1810 2102 50
1810 2102 56
1810 2137 20
1810 2137 60
1810 2137 5
1810 2137 10
1810 2139 2
1810 2139 10
1810 2139 56
1810 2139 4
1810 2121 45
1810 2121 22
1810 2121 4
1810 2121 12
1810 2079 33
1810 2079 27
1810 2079 40
1810 2079 32
1810 2093 39
1810 2093 9
1810 2093 55
1810 2093 23
1810 2081 10
1810 2081 41
1810 2081 31
1810 2081 25
1810 678 8
1810 678 51
1810 678 60
1810 678 20
1810 2092 10
1810 2092 27
1810 2092 14
1810 2092 22
1810 2095 33
1810 2095 1
1810 2095 25
1810 2095 59
1810 691 27
1810 691 50
1810 691 1
1810 691 44
1810 679 43
1810 679 52
1810 679 45
1810 679 46
1864 2112 50
1864 2112 34
1864 2112 14
1864 2112 55
1864 1787 8
1864 1787 24
1864 1787 48
1864 1787 35
1864 2101 41
1864 2101 43
1864 2101 36
1864 2101 35
1864 2114 47
1864 2114 16
1864 2114 59
1864 2114 0
1864 2115 58
1864 2115 47
1864 2115 2
1864 2115 57
1864 1786 25
1864 1786 52
1864 1786 55
1864 1786 54
1864 682 0
1864 682 53
1864 682 17
1864 682 27
1864 2099 6
1864 2099 1
1864 2099 4
1864 2099 11
1864 2113 18
1864 2113 7
1864 2113 23
1864 2113 55
1864 2116 14
1864 2116 26
1864 2116 33
1864 2116 48
1864 2117 50
1864 2117 52
1864 2117 46
1864 2117 51
1864 2118 20
1864 2118 5
1864 2118 18
1864 2118 50
1864 2119 5
1864 2119 53
1864 2119 1
1864 2119 9
1864 2120 16
1864 2120 35
1864 2120 41
1864 2120 41
1864 2080 4
1864 2080 60
1864 2080 54
1864 2080 50
1864 2111 19
1864 2111 1
1864 2111 60
1864 2111 15
1864 2096 38
1864 2096 29
1864 2096 32
1864 2096 32
1864 681 18
1864 681 4
1864 681 7
1864 681 29
1864 677 34
1864 677 55
1864 677 58
1864 677 47
1864 2098 16
1864 2098 24
1864 2098 53
1864 2098 8
1864 2102 2
1864 2102 4
1864 2102 19
1864 2102 19
1864 2137 16
1864 2137 8
1864 2137 43
1864 2137 58
1864 2139 7
1864 2139 60
1864 2139 45
1864 2139 21
1864 2121 60
1864 2121 20
1864 2121 35
1864 2121 33
1864 2079 7
1864 2079 56
1864 2079 48
1864 2079 43
1864 2093 5
1864 2093 6
1864 2093 57
1864 2093 13
1864 2081 25
1864 2081 58
1864 2081 15
1864 2081 60
1864 678 10
1864 678 37
1864 678 32
1864 678 36
1864 2092 24
1864 2092 50
1864 2092 57
1864 2092 58
1864 2095 7
1864 2095 46
1864 2095 20
1864 2095 41
1864 691 33
1864 691 39
1864 691 47
1864 691 58
1864 679 43
1864 679 9
1864 679 7
1864 679 3
