5116 4425 21
5116 4314 13
5116 4389 51
5116 4427 27
5116 4426 31
5116 4313 4
5116 4310 46
5116 4327 32
5116 4390 23
5116 4392 1
5116 4437 35
5116 4428 33
5116 4429 59
5116 4309 5
5116 4315 30
5116 4386 24
5116 4329 30
5116 4387 51
5116 4391 51
5116 4434 23
5116 4440 36
5116 4438 40
5116 4433 19
5116 4431 34
5116 4307 37
5116 4312 34
5116 4328 8
5116 4385 7
5116 4384 6
5116 4430 9
5116 4388 45
5116 4394 17
5111 4425 36
5111 4314 35
5111 4389 43
5111 4427 33
5111 4426 38
5111 4313 41
5111 4310 48
5111 4327 42
5111 4390 8
5111 4392 39
5111 4437 55
5111 4428 29
5111 4429 16
5111 4309 39
5111 4315 2
5111 4386 26
5111 4329 56
5111 4387 31
5111 4391 14
5111 4434 37
5111 4440 19
5111 4438 47
5111 4433 57
5111 4431 19
5111 4307 32
5111 4312 47
5111 4328 28
5111 4385 1
5111 4384 31
5111 4430 24
5111 4388 58
5111 4394 35
5117 4425 29
5117 4314 2
5117 4389 35
5117 4427 32
5117 4426 28
5117 4313 11
5117 4310 32
5117 4327 15
5117 4390 17
5117 4392 35
5117 4437 25
5117 4428 15
5117 4429 58
5117 4309 13
5117 4315 41
5117 4386 57
5117 4329 13
5117 4387 46
5117 4391 9
5117 4434 54
5117 4440 35
5117 4438 43
5117 4433 43
5117 4431 55
5117 4307 47
5117 4312 29
5117 4328 19
5117 4385 43
5117 4384 29
5117 4430 20
5117 4388 2
5117 4394 30
5118 4425 36
5118 4314 4
5118 4389 33
5118 4427 28
5118 4426 19
5118 4313 46
5118 4310 56
5118 4327 44
5118 4390 56
5118 4392 39
5118 4437 34
5118 4428 40
5118 4429 39
5118 4309 48
5118 4315 41
5118 4386 37
5118 4329 40
5118 4387 59
5118 4391 14
5118 4434 0
5118 4440 28
5118 4438 42
5118 4433 9
5118 4431 14
5118 4307 27
5118 4312 54
5118 4328 11
5118 4385 58
5118 4384 34
5118 4430 2
5118 4388 36
5118 4394 56
5113 4425 52
5113 4314 48
5113 4389 10
5113 4427 42
5113 4426 49
5113 4313 43
5113 4310 6
5113 4327 6
5113 4390 51
5113 4392 46
5113 4437 3
5113 4428 14
5113 4429 28
5113 4309 1
5113 4315 56
5113 4386 0
5113 4329 31
5113 4387 59
5113 4391 58
5113 4434 14
5113 4440 4
5113 4438 49
5113 4433 55
5113 4431 8
5113 4307 28
5113 4312 46
5113 4328 42
5113 4385 44
5113 4384 21
5113 4430 10
5113 4388 22
5113 4394 21
5110 4425 40
5110 4314 18
5110 4389 2
5110 4427 24
5110 4426 9
5110 4313 36
5110 4310 7
5110 4327 7
5110 4390 30
5110 4392 52
5110 4437 12
5110 4428 1
5110 4429 32
5110 4309 19
5110 4315 44
5110 4386 21
5110 4329 14
5110 4387 51
5110 4391 51
5110 4434 32
5110 4440 52
5110 4438 48
5110 4433 5
5110 4431 25
5110 4307 21
5110 4312 42
5110 4328 3
5110 4385 47
5110 4384 5
5110 4430 1
5110 4388 21
5110 4394 52
5112 4425 33
5112 4314 8
5112 4389 25
5112 4427 18
5112 4426 6
5112 4313 21
5112 4310 9
5112 4327 60
5112 4390 30
5112 4392 28
5112 4437 59
5112 4428 30
5112 4429 26
5112 4309 28
5112 4315 10
5112 4386 35
5112 4329 57
5112 4387 2
5112 4391 25
5112 4434 42
5112 4440 6
5112 4438 0
5112 4433 14
5112 4431 10
5112 4307 47
5112 4312 18
5112 4328 5
5112 4385 16
5112 4384 44
5112 4430 5
5112 4388 20
5112 4394 40
5114 4425 7
5114 4314 38
5114 4389 18
5114 4427 3
5114 4426 21
5114 4313 47
5114 4310 11
5114 4327 40
5114 4390 57
5114 4392 30
5114 4437 24
5114 4428 2
5114 4429 48
5114 4309 33
5114 4315 58
5114 4386 56
5114 4329 10
5114 4387 53
5114 4391 39
5114 4434 54
5114 4440 55
5114 4438 10
5114 4433 56
5114 4431 9
5114 4307 19
5114 4312 33
5114 4328 5
5114 4385 47
5114 4384 36
5114 4430 3
5114 4388 59
5114 4394 21
5115 4425 54
5115 4314 46
5115 4389 45
5115 4427 53
5115 4426 38
5115 4313 32
5115 4310 8
5115 4327 32
5115 4390 32
5115 4392 60
5115 4437 56
5115 4428 5
5115 4429 32
5115 4309 0
5115 4315 3
5115 4386 59
5115 4329 48
5115 4387 31
5115 4391 51
5115 4434 39
5115 4440 17
5115 4438 56
5115 4433 55
5115 4431 53
5115 4307 54
5115 4312 26
5115 4328 5
5115 4385 49
5115 4384 36
5115 4430 47
5115 4388 49
5115 4394 22
5104 4425 49
5104 4314 27
5104 4389 6
5104 4427 42
5104 4426 43
5104 4313 51
5104 4310 40
5104 4327 19
5104 4390 21
5104 4392 4
5104 4437 19
5104 4428 41
5104 4429 1
5104 4309 11
5104 4315 21
5104 4386 9
5104 4329 48
5104 4387 56
5104 4391 45
5104 4434 14
5104 4440 12
5104 4438 34
5104 4433 10
5104 4431 55
5104 4307 11
5104 4312 31
5104 4328 29
5104 4385 22
5104 4384 38
5104 4430 15
5104 4388 5
5104 4394 41
5105 4425 11
5105 4314 27
5105 4389 7
5105 4427 25
5105 4426 17
5105 4313 30
5105 4310 60
5105 4327 9
5105 4390 42
5105 4392 44
5105 4437 1
5105 4428 2
5105 4429 1
5105 4309 5
5105 4315 26
5105 4386 44
5105 4329 36
5105 4387 27
5105 4391 44
5105 4434 55
5105 4440 21
5105 4438 15
5105 4433 34
5105 4431 22
5105 4307 33
5105 4312 47
5105 4328 23
5105 4385 48
5105 4384 18
5105 4430 30
5105 4388 58
5105 4394 60
5120 4425 36
5120 4314 34
5120 4389 38
5120 4427 40
5120 4426 41
5120 4313 50
5120 4310 9
5120 4327 4
5120 4390 23
5120 4392 9
5120 4437 49
5120 4428 49
5120 4429 26
5120 4309 29
5120 4315 15
5120 4386 11
5120 4329 7
5120 4387 50
5120 4391 54
5120 4434 35
5120 4440 54
5120 4438 48
5120 4433 53
5120 4431 18
5120 4307 14
5120 4312 40
5120 4328 60
5120 4385 16
5120 4384 42
5120 4430 2
5120 4388 5
5120 4394 27
5119 4425 8
5119 4314 32
5119 4389 24
5119 4427 50
5119 4426 37
5119 4313 42
5119 4310 52
5119 4327 38
5119 4390 35
5119 4392 29
5119 4437 27
5119 4428 38
5119 4429 14
5119 4309 47
5119 4315 19
5119 4386 34
5119 4329 0
5119 4387 28
5119 4391 48
5119 4434 47
5119 4440 28
5119 4438 19
5119 4433 28
5119 4431 27
5119 4307 30
5119 4312 7
5119 4328 16
5119 4385 37
5119 4384 35
5119 4430 29
5119 4388 0
5119 4394 20
5084 4425 7
5084 4314 44
5084 4389 50
5084 4427 6
5084 4426 44
5084 4313 37
5084 4310 26
5084 4327 11
5084 4390 8
5084 4392 3
5084 4437 57
5084 4428 57
5084 4429 50
5084 4309 42
5084 4315 51
5084 4386 28
5084 4329 32
5084 4387 45
5084 4391 36
5084 4434 15
5084 4440 52
5084 4438 44
5084 4433 57
5084 4431 23
5084 4307 20
5084 4312 15
5084 4328 24
5084 4385 46
5084 4384 35
5084 4430 5
5084 4388 2
5084 4394 27
5093 4425 47
5093 4314 13
5093 4389 46
5093 4427 31
5093 4426 22
5093 4313 34
5093 4310 27
5093 4327 56
5093 4390 2
5093 4392 8
5093 4437 9
5093 4428 11
5093 4429 13
5093 4309 4
5093 4315 40
5093 4386 32
5093 4329 3
5093 4387 48
5093 4391 31
5093 4434 46
5093 4440 43
5093 4438 26
5093 4433 57
5093 4431 15
5093 4307 9
5093 4312 60
5093 4328 18
5093 4385 44
5093 4384 44
5093 4430 18
5093 4388 47
5093 4394 14
5086 4425 8
5086 4314 4
5086 4389 59
5086 4427 17
5086 4426 47
5086 4313 47
5086 4310 56
5086 4327 45
5086 4390 46
5086 4392 58
5086 4437 13
5086 4428 5
5086 4429 34
5086 4309 19
5086 4315 59
5086 4386 23
5086 4329 47
5086 4387 22
5086 4391 41
5086 4434 60
5086 4440 40
5086 4438 14
5086 4433 21
5086 4431 56
5086 4307 8
5086 4312 16
5086 4328 16
5086 4385 3
5086 4384 48
5086 4430 54
5086 4388 31
5086 4394 40
5094 4425 3
5094 4314 22
5094 4389 25
5094 4427 27
5094 4426 8
5094 4313 31
5094 4310 17
5094 4327 30
5094 4390 15
5094 4392 17
5094 4437 54
5094 4428 36
5094 4429 21
5094 4309 16
5094 4315 38
5094 4386 58
5094 4329 29
5094 4387 11
5094 4391 9
5094 4434 56
5094 4440 4
5094 4438 58
5094 4433 52
5094 4431 4
5094 4307 23
5094 4312 19
5094 4328 1
5094 4385 7
5094 4384 57
5094 4430 16
5094 4388 46
5094 4394 49
5095 4425 6
5095 4314 33
5095 4389 27
5095 4427 39
5095 4426 23
5095 4313 48
5095 4310 43
5095 4327 56
5095 4390 41
5095 4392 53
5095 4437 44
5095 4428 33
5095 4429 19
5095 4309 26
5095 4315 37
5095 4386 9
5095 4329 14
5095 4387 25
5095 4391 14
5095 4434 12
5095 4440 54
5095 4438 22
5095 4433 60
5095 4431 42
5095 4307 51
5095 4312 31
5095 4328 19
5095 4385 34
5095 4384 60
5095 4430 15
5095 4388 8
5095 4394 38
5096 4425 57
5096 4314 32
5096 4389 16
5096 4427 15
5096 4426 41
5096 4313 38
5096 4310 53
5096 4327 47
5096 4390 12
5096 4392 1
5096 4437 35
5096 4428 10
5096 4429 7
5096 4309 21
5096 4315 3
5096 4386 21
5096 4329 17
5096 4387 53
5096 4391 4
5096 4434 55
5096 4440 45
5096 4438 47
5096 4433 55
5096 4431 22
5096 4307 30
5096 4312 41
5096 4328 42
5096 4385 34
5096 4384 2
5096 4430 51
5096 4388 26
5096 4394 40
5100 4425 26
5100 4314 42
5100 4389 45
5100 4427 38
5100 4426 60
5100 4313 29
5100 4310 48
5100 4327 40
5100 4390 45
5100 4392 40
5100 4437 7
5100 4428 15
5100 4429 37
5100 4309 49
5100 4315 39
5100 4386 51
5100 4329 10
5100 4387 10
5100 4391 21
5100 4434 32
5100 4440 15
5100 4438 5
5100 4433 47
5100 4431 6
5100 4307 58
5100 4312 0
5100 4328 33
5100 4385 34
5100 4384 4
5100 4430 23
5100 4388 21
5100 4394 56
5101 4425 57
5101 4314 37
5101 4389 15
5101 4427 59
5101 4426 39
5101 4313 45
5101 4310 0
5101 4327 56
5101 4390 2
5101 4392 41
5101 4437 15
5101 4428 27
5101 4429 15
5101 4309 57
5101 4315 31
5101 4386 30
5101 4329 7
5101 4387 21
5101 4391 10
5101 4434 14
5101 4440 27
5101 4438 55
5101 4433 47
5101 4431 14
5101 4307 54
5101 4312 40
5101 4328 19
5101 4385 12
5101 4384 43
5101 4430 21
5101 4388 48
5101 4394 17
5123 4425 23
5123 4314 50
5123 4389 51
5123 4427 50
5123 4426 41
5123 4313 22
5123 4310 10
5123 4327 38
5123 4390 12
5123 4392 3
5123 4437 43
5123 4428 7
5123 4429 18
5123 4309 1
5123 4315 8
5123 4386 51
5123 4329 28
5123 4387 22
5123 4391 7
5123 4434 32
5123 4440 8
5123 4438 9
5123 4433 27
5123 4431 29
5123 4307 28
5123 4312 51
5123 4328 23
5123 4385 16
5123 4384 20
5123 4430 51
5123 4388 50
5123 4394 26
5121 4425 26
5121 4314 39
5121 4389 8
5121 4427 13
5121 4426 54
5121 4313 39
5121 4310 27
5121 4327 37
5121 4390 16
5121 4392 60
5121 4437 40
5121 4428 36
5121 4429 0
5121 4309 0
5121 4315 29
5121 4386 39
5121 4329 41
5121 4387 28
5121 4391 20
5121 4434 52
5121 4440 25
5121 4438 43
5121 4433 52
5121 4431 60
5121 4307 15
5121 4312 57
5121 4328 4
5121 4385 50
5121 4384 24
5121 4430 48
5121 4388 9
5121 4394 9
5126 4425 32
5126 4314 17
5126 4389 17
5126 4427 20
5126 4426 55
5126 4313 49
5126 4310 55
5126 4327 12
5126 4390 26
5126 4392 5
5126 4437 58
5126 4428 9
5126 4429 51
5126 4309 39
5126 4315 10
5126 4386 26
5126 4329 16
5126 4387 52
5126 4391 8
5126 4434 56
5126 4440 35
5126 4438 18
5126 4433 29
5126 4431 2
5126 4307 5
5126 4312 48
5126 4328 35
5126 4385 20
5126 4384 46
5126 4430 1
5126 4388 38
5126 4394 39
10520 4425 14
10520 4314 43
10520 4389 46
10520 4427 57
10520 4426 5
10520 4313 36
10520 4310 52
10520 4327 33
10520 4390 57
10520 4392 33
10520 4437 28
10520 4428 46
10520 4429 17
10520 4309 59
10520 4315 5
10520 4386 44
10520 4329 31
10520 4387 36
10520 4391 14
10520 4434 27
10520 4440 58
10520 4438 26
10520 4433 60
10520 4431 14
10520 4307 26
10520 4312 49
10520 4328 43
10520 4385 18
10520 4384 14
10520 4430 0
10520 4388 56
10520 4394 60
5083 4425 6
5083 4314 58
5083 4389 14
5083 4427 38
5083 4426 6
5083 4313 58
5083 4310 11
5083 4327 13
5083 4390 56
5083 4392 26
5083 4437 6
5083 4428 47
5083 4429 52
5083 4309 6
5083 4315 22
5083 4386 41
5083 4329 4
5083 4387 26
5083 4391 53
5083 4434 60
5083 4440 31
5083 4438 13
5083 4433 1
5083 4431 36
5083 4307 36
5083 4312 8
5083 4328 18
5083 4385 5
5083 4384 30
5083 4430 10
5083 4388 33
5083 4394 16
5089 4425 40
5089 4314 14
5089 4389 14
5089 4427 58
5089 4426 16
5089 4313 50
5089 4310 45
5089 4327 5
5089 4390 7
5089 4392 53
5089 4437 51
5089 4428 36
5089 4429 33
5089 4309 29
5089 4315 47
5089 4386 55
5089 4329 8
5089 4387 50
5089 4391 46
5089 4434 21
5089 4440 54
5089 4438 6
5089 4433 38
5089 4431 33
5089 4307 35
5089 4312 38
5089 4328 40
5089 4385 43
5089 4384 59
5089 4430 43
5089 4388 18
5089 4394 22
5149 4425 8
5149 4314 58
5149 4389 7
5149 4427 48
5149 4426 27
5149 4313 45
5149 4310 11
5149 4327 21
5149 4390 35
5149 4392 18
5149 4437 38
5149 4428 55
5149 4429 20
5149 4309 48
5149 4315 11
5149 4386 51
5149 4329 42
5149 4387 20
5149 4391 27
5149 4434 26
5149 4440 24
5149 4438 13
5149 4433 49
5149 4431 10
5149 4307 32
5149 4312 15
5149 4328 29
5149 4385 16
5149 4384 49
5149 4430 21
5149 4388 60
5149 4394 27
5088 4425 40
5088 4314 7
5088 4389 3
5088 4427 52
5088 4426 22
5088 4313 60
5088 4310 12
5088 4327 11
5088 4390 59
5088 4392 5
5088 4437 12
5088 4428 26
5088 4429 22
5088 4309 44
5088 4315 53
5088 4386 17
5088 4329 39
5088 4387 44
5088 4391 57
5088 4434 40
5088 4440 8
5088 4438 18
5088 4433 18
5088 4431 18
5088 4307 54
5088 4312 43
5088 4328 60
5088 4385 41
5088 4384 52
5088 4430 15
5088 4388 19
5088 4394 41
5085 4425 51
5085 4314 42
5085 4389 0
5085 4427 8
5085 4426 31
5085 4313 19
5085 4310 21
5085 4327 2
5085 4390 52
5085 4392 22
5085 4437 37
5085 4428 58
5085 4429 12
5085 4309 54
5085 4315 4
5085 4386 4
5085 4329 50
5085 4387 25
5085 4391 31
5085 4434 1
5085 4440 39
5085 4438 33
5085 4433 59
5085 4431 47
5085 4307 15
5085 4312 11
5085 4328 19
5085 4385 30
5085 4384 55
5085 4430 60
5085 4388 28
5085 4394 51
10518 4425 53
10518 4314 5
10518 4389 17
10518 4427 53
10518 4426 29
10518 4313 41
10518 4310 50
10518 4327 5
10518 4390 24
10518 4392 14
10518 4437 49
10518 4428 29
10518 4429 35
10518 4309 48
10518 4315 4
10518 4386 59
10518 4329 45
10518 4387 51
10518 4391 14
10518 4434 55
10518 4440 48
10518 4438 4
10518 4433 1
10518 4431 8
10518 4307 44
10518 4312 53
10518 4328 37
10518 4385 50
10518 4384 38
10518 4430 6
10518 4388 9
10518 4394 27
5091 4425 47
5091 4314 57
5091 4389 48
5091 4427 60
5091 4426 55
5091 4313 8
5091 4310 22
5091 4327 28
5091 4390 19
5091 4392 42
5091 4437 46
5091 4428 10
5091 4429 19
5091 4309 60
5091 4315 7
5091 4386 58
5091 4329 57
5091 4387 59
5091 4391 36
5091 4434 29
5091 4440 50
5091 4438 21
5091 4433 21
5091 4431 23
5091 4307 49
5091 4312 11
5091 4328 58
5091 4385 43
5091 4384 28
5091 4430 38
5091 4388 20
5091 4394 4
