5116 4425 31
5116 4425 44
5116 4314 59
5116 4314 38
5116 4389 41
5116 4389 4
5116 4427 30
5116 4427 33
5116 4426 53
5116 4426 33
5116 4313 3
5116 4313 33
5116 4310 34
5116 4310 32
5116 4327 51
5116 4327 49
5116 4390 7
5116 4390 46
5116 4392 20
5116 4392 52
5116 4437 12
5116 4437 46
5116 4428 12
5116 4428 35
5116 4429 45
5116 4429 42
5116 4309 27
5116 4309 28
5116 4315 39
5116 4315 10
5116 4386 7
5116 4386 4
5116 4329 13
5116 4329 36
5116 4387 5
5116 4387 13
5116 4391 22
5116 4391 11
5116 4434 58
5116 4434 41
5116 4440 21
5116 4440 40
5116 4438 30
5116 4438 60
5116 4433 7
5116 4433 26
5116 4431 38
5116 4431 45
5116 4307 30
5116 4307 6
5116 4312 48
5116 4312 1
5116 4328 7
5116 4328 50
5116 4385 47
5116 4385 12
5116 4384 8
5116 4384 29
5116 4430 53
5116 4430 31
5116 4388 39
5116 4388 23
5116 4394 17
5116 4394 6
5111 4425 41
5111 4425 3
5111 4314 55
5111 4314 52
5111 4389 0
5111 4389 9
5111 4427 8
5111 4427 29
5111 4426 48
5111 4426 36
5111 4313 27
5111 4313 46
5111 4310 49
5111 4310 20
5111 4327 14
5111 4327 36
5111 4390 16
5111 4390 44
5111 4392 9
5111 4392 24
5111 4437 29
5111 4437 42
5111 4428 34
5111 4428 49
5111 4429 41
5111 4429 51
5111 4309 39
5111 4309 54
5111 4315 38
5111 4315 41
5111 4386 46
5111 4386 14
5111 4329 60
5111 4329 22
5111 4387 22
5111 4387 53
5111 4391 6
5111 4391 10
5111 4434 6
5111 4434 57
5111 4440 5
5111 4440 35
5111 4438 5
5111 4438 48
5111 4433 55
5111 4433 1
5111 4431 28
5111 4431 49
5111 4307 3
5111 4307 31
5111 4312 15
5111 4312 35
5111 4328 4
5111 4328 19
5111 4385 36
5111 4385 52
5111 4384 60
5111 4384 50
5111 4430 29
5111 4430 37
5111 4388 23
5111 4388 7
5111 4394 7
5111 4394 23
5117 4425 26
5117 4425 21
5117 4314 31
5117 4314 59
5117 4389 32
5117 4389 35
5117 4427 38
5117 4427 12
5117 4426 38
5117 4426 45
5117 4313 32
5117 4313 3
5117 4310 13
5117 4310 9
5117 4327 1
5117 4327 15
5117 4390 34
5117 4390 29
5117 4392 6
5117 4392 4
5117 4437 30
5117 4437 57
5117 4428 60
5117 4428 21
5117 4429 38
5117 4429 54
5117 4309 15
5117 4309 4
5117 4315 21
5117 4315 2
5117 4386 5
5117 4386 39
5117 4329 30
5117 4329 38
5117 4387 19
5117 4387 57
5117 4391 50
5117 4391 14
5117 4434 41
5117 4434 5
5117 4440 21
5117 4440 28
5117 4438 57
5117 4438 50
5117 4433 6
5117 4433 15
5117 4431 52
5117 4431 45
5117 4307 34
5117 4307 7
5117 4312 11
5117 4312 26
5117 4328 11
5117 4328 56
5117 4385 15
5117 4385 3
5117 4384 58
5117 4384 47
5117 4430 53
5117 4430 30
5117 4388 8
5117 4388 23
5117 4394 49
5117 4394 48
5118 4425 35
5118 4425 0
5118 4314 15
5118 4314 15
5118 4389 0
5118 4389 19
5118 4427 17
5118 4427 38
5118 4426 9
5118 4426 16
5118 4313 21
5118 4313 57
5118 4310 26
5118 4310 40
5118 4327 42
5118 4327 54
5118 4390 5
5118 4390 32
5118 4392 51
5118 4392 55
5118 4437 13
5118 4437 2
5118 4428 26
5118 4428 37
5118 4429 54
5118 4429 38
5118 4309 20
5118 4309 39
5118 4315 25
5118 4315 58
5118 4386 14
5118 4386 21
5118 4329 5
5118 4329 40
5118 4387 21
5118 4387 48
5118 4391 30
5118 4391 17
5118 4434 34
5118 4434 46
5118 4440 57
5118 4440 6
5118 4438 51
5118 4438 49
5118 4433 21
5118 4433 3
5118 4431 14
5118 4431 17
5118 4307 35
5118 4307 21
5118 4312 6
5118 4312 3
5118 4328 0
5118 4328 0
5118 4385 44
5118 4385 3
5118 4384 51
5118 4384 51
5118 4430 10
5118 4430 23
5118 4388 11
5118 4388 12
5118 4394 55
5118 4394 48
5113 4425 42
5113 4425 13
5113 4314 21
5113 4314 33
5113 4389 1
5113 4389 6
5113 4427 60
5113 4427 52
5113 4426 0
5113 4426 47
5113 4313 39
5113 4313 38
5113 4310 23
5113 4310 16
5113 4327 41
5113 4327 31
5113 4390 13
5113 4390 7
5113 4392 56
5113 4392 7
5113 4437 21
5113 4437 24
5113 4428 34
5113 4428 58
5113 4429 51
5113 4429 58
5113 4309 30
5113 4309 13
5113 4315 19
5113 4315 21
5113 4386 37
5113 4386 38
5113 4329 39
5113 4329 11
5113 4387 10
5113 4387 57
5113 4391 33
5113 4391 57
5113 4434 27
5113 4434 43
5113 4440 6
5113 4440 15
5113 4438 26
5113 4438 54
5113 4433 9
5113 4433 55
5113 4431 7
5113 4431 48
5113 4307 35
5113 4307 16
5113 4312 55
5113 4312 45
5113 4328 7
5113 4328 16
5113 4385 38
5113 4385 46
5113 4384 5
5113 4384 10
5113 4430 18
5113 4430 5
5113 4388 1
5113 4388 34
5113 4394 16
5113 4394 20
5110 4425 46
5110 4425 24
5110 4314 51
5110 4314 15
5110 4389 33
5110 4389 59
5110 4427 10
5110 4427 56
5110 4426 16
5110 4426 41
5110 4313 28
5110 4313 14
5110 4310 13
5110 4310 34
5110 4327 54
5110 4327 14
5110 4390 51
5110 4390 11
5110 4392 24
5110 4392 51
5110 4437 9
5110 4437 9
5110 4428 23
5110 4428 36
5110 4429 32
5110 4429 13
5110 4309 27
5110 4309 15
5110 4315 50
5110 4315 57
5110 4386 53
5110 4386 22
5110 4329 41
5110 4329 51
5110 4387 26
5110 4387 29
5110 4391 44
5110 4391 60
5110 4434 34
5110 4434 48
5110 4440 55
5110 4440 40
5110 4438 37
5110 4438 17
5110 4433 17
5110 4433 58
5110 4431 54
5110 4431 0
5110 4307 21
5110 4307 36
5110 4312 15
5110 4312 39
5110 4328 25
5110 4328 52
5110 4385 56
5110 4385 4
5110 4384 19
5110 4384 24
5110 4430 18
5110 4430 14
5110 4388 34
5110 4388 26
5110 4394 58
5110 4394 36
5112 4425 3
5112 4425 59
5112 4314 55
5112 4314 59
5112 4389 33
5112 4389 27
5112 4427 43
5112 4427 4
5112 4426 58
5112 4426 14
5112 4313 59
5112 4313 41
5112 4310 40
5112 4310 2
5112 4327 7
5112 4327 0
5112 4390 50
5112 4390 9
5112 4392 25
5112 4392 57
5112 4437 39
5112 4437 1
5112 4428 58
5112 4428 33
5112 4429 8
5112 4429 3
5112 4309 0
5112 4309 8
5112 4315 25
5112 4315 4
5112 4386 45
5112 4386 55
5112 4329 42
5112 4329 57
5112 4387 54
5112 4387 17
5112 4391 47
5112 4391 46
5112 4434 56
5112 4434 36
5112 4440 14
5112 4440 14
5112 4438 22
5112 4438 25
5112 4433 35
5112 4433 36
5112 4431 60
5112 4431 34
5112 4307 54
5112 4307 10
5112 4312 29
5112 4312 33
5112 4328 35
5112 4328 12
5112 4385 30
5112 4385 4
5112 4384 9
5112 4384 50
5112 4430 21
5112 4430 47
5112 4388 58
5112 4388 28
5112 4394 10
5112 4394 30
5114 4425 2
5114 4425 36
5114 4314 13
5114 4314 28
5114 4389 55
5114 4389 34
5114 4427 49
5114 4427 27
5114 4426 28
5114 4426 24
5114 4313 41
5114 4313 18
5114 4310 49
5114 4310 36
5114 4327 35
5114 4327 37
5114 4390 26
5114 4390 46
5114 4392 33
5114 4392 14
5114 4437 42
5114 4437 41
5114 4428 10
5114 4428 21
5114 4429 1
5114 4429 2
5114 4309 16
5114 4309 25
5114 4315 53
5114 4315 1
5114 4386 0
5114 4386 25
5114 4329 38
5114 4329 22
5114 4387 40
5114 4387 15
5114 4391 31
5114 4391 4
5114 4434 47
5114 4434 4
5114 4440 22
5114 4440 16
5114 4438 42
5114 4438 43
5114 4433 19
5114 4433 21
5114 4431 55
5114 4431 23
5114 4307 52
5114 4307 49
5114 4312 51
5114 4312 20
5114 4328 37
5114 4328 0
5114 4385 43
5114 4385 6
5114 4384 9
5114 4384 39
5114 4430 55
5114 4430 11
5114 4388 59
5114 4388 46
5114 4394 20
5114 4394 36
5115 4425 10
5115 4425 32
5115 4314 37
5115 4314 42
5115 4389 53
5115 4389 34
5115 4427 25
5115 4427 31
5115 4426 18
5115 4426 17
5115 4313 36
5115 4313 5
5115 4310 58
5115 4310 46
5115 4327 55
5115 4327 30
5115 4390 24
5115 4390 33
5115 4392 51
5115 4392 38
5115 4437 37
5115 4437 58
5115 4428 44
5115 4428 34
5115 4429 17
5115 4429 6
5115 4309 42
5115 4309 28
5115 4315 6
5115 4315 29
5115 4386 42
5115 4386 52
5115 4329 10
5115 4329 39
5115 4387 10
5115 4387 6
5115 4391 23
5115 4391 14
5115 4434 58
5115 4434 0
5115 4440 21
5115 4440 33
5115 4438 5
5115 4438 19
5115 4433 13
5115 4433 13
5115 4431 38
5115 4431 48
5115 4307 7
5115 4307 21
5115 4312 15
5115 4312 3
5115 4328 54
5115 4328 27
5115 4385 11
5115 4385 32
5115 4384 46
5115 4384 41
5115 4430 32
5115 4430 25
5115 4388 5
5115 4388 8
5115 4394 33
5115 4394 38
5104 4425 23
5104 4425 20
5104 4314 11
5104 4314 36
5104 4389 2
5104 4389 56
5104 4427 13
5104 4427 55
5104 4426 10
5104 4426 47
5104 4313 36
5104 4313 60
5104 4310 34
5104 4310 12
5104 4327 48
5104 4327 11
5104 4390 38
5104 4390 27
5104 4392 14
5104 4392 16
5104 4437 10
5104 4437 53
5104 4428 32
5104 4428 56
5104 4429 5
5104 4429 59
5104 4309 46
5104 4309 9
5104 4315 24
5104 4315 42
5104 4386 23
5104 4386 33
5104 4329 32
5104 4329 55
5104 4387 3
5104 4387 48
5104 4391 27
5104 4391 42
5104 4434 46
5104 4434 22
5104 4440 3
5104 4440 39
5104 4438 32
5104 4438 5
5104 4433 9
5104 4433 3
5104 4431 22
5104 4431 20
5104 4307 14
5104 4307 58
5104 4312 41
5104 4312 31
5104 4328 24
5104 4328 3
5104 4385 44
5104 4385 19
5104 4384 33
5104 4384 49
5104 4430 35
5104 4430 3
5104 4388 32
5104 4388 4
5104 4394 31
5104 4394 25
5105 4425 51
5105 4425 33
5105 4314 52
5105 4314 34
5105 4389 51
5105 4389 3
5105 4427 49
5105 4427 33
5105 4426 56
5105 4426 49
5105 4313 36
5105 4313 8
5105 4310 12
5105 4310 2
5105 4327 35
5105 4327 4
5105 4390 46
5105 4390 22
5105 4392 17
5105 4392 11
5105 4437 6
5105 4437 50
5105 4428 28
5105 4428 29
5105 4429 21
5105 4429 32
5105 4309 34
5105 4309 17
5105 4315 59
5105 4315 30
5105 4386 44
5105 4386 45
5105 4329 17
5105 4329 45
5105 4387 34
5105 4387 46
5105 4391 39
5105 4391 36
5105 4434 58
5105 4434 46
5105 4440 10
5105 4440 17
5105 4438 44
5105 4438 18
5105 4433 36
5105 4433 34
5105 4431 41
5105 4431 31
5105 4307 46
5105 4307 8
5105 4312 18
5105 4312 34
5105 4328 40
5105 4328 52
5105 4385 54
5105 4385 24
5105 4384 24
5105 4384 35
5105 4430 2
5105 4430 6
5105 4388 15
5105 4388 44
5105 4394 49
5105 4394 24
5120 4425 23
5120 4425 53
5120 4314 0
5120 4314 18
5120 4389 55
5120 4389 52
5120 4427 20
5120 4427 47
5120 4426 21
5120 4426 42
5120 4313 60
5120 4313 20
5120 4310 57
5120 4310 33
5120 4327 15
5120 4327 30
5120 4390 22
5120 4390 13
5120 4392 22
5120 4392 3
5120 4437 26
5120 4437 56
5120 4428 49
5120 4428 18
5120 4429 42
5120 4429 42
5120 4309 57
5120 4309 41
5120 4315 38
5120 4315 39
5120 4386 0
5120 4386 30
5120 4329 6
5120 4329 1
5120 4387 27
5120 4387 50
5120 4391 50
5120 4391 44
5120 4434 35
5120 4434 38
5120 4440 4
5120 4440 19
5120 4438 38
5120 4438 15
5120 4433 7
5120 4433 9
5120 4431 34
5120 4431 52
5120 4307 44
5120 4307 15
5120 4312 24
5120 4312 44
5120 4328 29
5120 4328 33
5120 4385 42
5120 4385 60
5120 4384 11
5120 4384 52
5120 4430 58
5120 4430 2
5120 4388 1
5120 4388 47
5120 4394 14
5120 4394 0
5119 4425 34
5119 4425 50
5119 4314 44
5119 4314 37
5119 4389 2
5119 4389 9
5119 4427 23
5119 4427 41
5119 4426 31
5119 4426 47
5119 4313 11
5119 4313 51
5119 4310 1
5119 4310 4
5119 4327 56
5119 4327 27
5119 4390 16
5119 4390 14
5119 4392 41
5119 4392 54
5119 4437 42
5119 4437 55
5119 4428 12
5119 4428 22
5119 4429 19
5119 4429 54
5119 4309 13
5119 4309 33
5119 4315 11
5119 4315 11
5119 4386 14
5119 4386 31
5119 4329 20
5119 4329 4
5119 4387 58
5119 4387 28
5119 4391 33
5119 4391 9
5119 4434 15
5119 4434 29
5119 4440 37
5119 4440 24
5119 4438 8
5119 4438 59
5119 4433 22
5119 4433 26
5119 4431 8
5119 4431 40
5119 4307 57
5119 4307 54
5119 4312 43
5119 4312 47
5119 4328 7
5119 4328 50
5119 4385 21
5119 4385 44
5119 4384 19
5119 4384 36
5119 4430 33
5119 4430 29
5119 4388 39
5119 4388 28
5119 4394 14
5119 4394 58
5084 4425 2
5084 4425 10
5084 4314 5
5084 4314 24
5084 4389 32
5084 4389 35
5084 4427 18
5084 4427 42
5084 4426 51
5084 4426 33
5084 4313 57
5084 4313 20
5084 4310 42
5084 4310 14
5084 4327 39
5084 4327 1
5084 4390 15
5084 4390 57
5084 4392 33
5084 4392 59
5084 4437 22
5084 4437 30
5084 4428 60
5084 4428 48
5084 4429 44
5084 4429 56
5084 4309 13
5084 4309 43
5084 4315 14
5084 4315 7
5084 4386 44
5084 4386 1
5084 4329 17
5084 4329 5
5084 4387 57
5084 4387 19
5084 4391 58
5084 4391 26
5084 4434 10
5084 4434 51
5084 4440 12
5084 4440 11
5084 4438 45
5084 4438 58
5084 4433 8
5084 4433 2
5084 4431 21
5084 4431 27
5084 4307 20
5084 4307 0
5084 4312 37
5084 4312 29
5084 4328 43
5084 4328 47
5084 4385 30
5084 4385 11
5084 4384 6
5084 4384 59
5084 4430 14
5084 4430 42
5084 4388 54
5084 4388 37
5084 4394 43
5084 4394 38
5093 4425 32
5093 4425 54
5093 4314 15
5093 4314 56
5093 4389 9
5093 4389 60
5093 4427 49
5093 4427 28
5093 4426 26
5093 4426 50
5093 4313 60
5093 4313 15
5093 4310 28
5093 4310 14
5093 4327 57
5093 4327 58
5093 4390 14
5093 4390 10
5093 4392 35
5093 4392 44
5093 4437 28
5093 4437 36
5093 4428 25
5093 4428 41
5093 4429 15
5093 4429 60
5093 4309 52
5093 4309 21
5093 4315 24
5093 4315 10
5093 4386 22
5093 4386 15
5093 4329 48
5093 4329 2
5093 4387 24
5093 4387 24
5093 4391 16
5093 4391 16
5093 4434 2
5093 4434 6
5093 4440 19
5093 4440 59
5093 4438 9
5093 4438 16
5093 4433 55
5093 4433 22
5093 4431 23
5093 4431 9
5093 4307 39
5093 4307 11
5093 4312 44
5093 4312 4
5093 4328 11
5093 4328 41
5093 4385 33
5093 4385 38
5093 4384 23
5093 4384 39
5093 4430 54
5093 4430 55
5093 4388 56
5093 4388 19
5093 4394 8
5093 4394 55
5086 4425 24
5086 4425 40
5086 4314 36
5086 4314 31
5086 4389 17
5086 4389 42
5086 4427 7
5086 4427 20
5086 4426 53
5086 4426 28
5086 4313 14
5086 4313 36
5086 4310 40
5086 4310 54
5086 4327 58
5086 4327 6
5086 4390 4
5086 4390 37
5086 4392 20
5086 4392 48
5086 4437 17
5086 4437 28
5086 4428 3
5086 4428 44
5086 4429 14
5086 4429 21
5086 4309 30
5086 4309 17
5086 4315 9
5086 4315 54
5086 4386 49
5086 4386 18
5086 4329 11
5086 4329 47
5086 4387 56
5086 4387 26
5086 4391 7
5086 4391 44
5086 4434 4
5086 4434 32
5086 4440 27
5086 4440 33
5086 4438 20
5086 4438 4
5086 4433 16
5086 4433 1
5086 4431 5
5086 4431 26
5086 4307 44
5086 4307 59
5086 4312 20
5086 4312 1
5086 4328 47
5086 4328 0
5086 4385 40
5086 4385 18
5086 4384 30
5086 4384 19
5086 4430 30
5086 4430 52
5086 4388 16
5086 4388 1
5086 4394 28
5086 4394 26
5094 4425 32
5094 4425 27
5094 4314 60
5094 4314 14
5094 4389 42
5094 4389 21
5094 4427 9
5094 4427 27
5094 4426 31
5094 4426 3
5094 4313 7
5094 4313 3
5094 4310 22
5094 4310 35
5094 4327 54
5094 4327 48
5094 4390 19
5094 4390 21
5094 4392 22
5094 4392 29
5094 4437 36
5094 4437 8
5094 4428 41
5094 4428 1
5094 4429 52
5094 4429 35
5094 4309 52
5094 4309 43
5094 4315 39
5094 4315 17
5094 4386 56
5094 4386 23
5094 4329 46
5094 4329 19
5094 4387 31
5094 4387 0
5094 4391 3
5094 4391 57
5094 4434 6
5094 4434 40
5094 4440 58
5094 4440 6
5094 4438 56
5094 4438 8
5094 4433 34
5094 4433 55
5094 4431 15
5094 4431 40
5094 4307 6
5094 4307 55
5094 4312 37
5094 4312 39
5094 4328 25
5094 4328 23
5094 4385 9
5094 4385 45
5094 4384 59
5094 4384 55
5094 4430 32
5094 4430 19
5094 4388 11
5094 4388 45
5094 4394 18
5094 4394 42
5095 4425 4
5095 4425 10
5095 4314 12
5095 4314 48
5095 4389 5
5095 4389 37
5095 4427 23
5095 4427 39
5095 4426 6
5095 4426 25
5095 4313 43
5095 4313 33
5095 4310 45
5095 4310 21
5095 4327 12
5095 4327 30
5095 4390 11
5095 4390 36
5095 4392 47
5095 4392 17
5095 4437 32
5095 4437 22
5095 4428 18
5095 4428 51
5095 4429 54
5095 4429 13
5095 4309 10
5095 4309 9
5095 4315 9
5095 4315 14
5095 4386 19
5095 4386 50
5095 4329 42
5095 4329 10
5095 4387 10
5095 4387 24
5095 4391 6
5095 4391 44
5095 4434 2
5095 4434 54
5095 4440 54
5095 4440 11
5095 4438 18
5095 4438 44
5095 4433 12
5095 4433 59
5095 4431 28
5095 4431 36
5095 4307 8
5095 4307 53
5095 4312 31
5095 4312 2
5095 4328 56
5095 4328 40
5095 4385 39
5095 4385 40
5095 4384 10
5095 4384 47
5095 4430 34
5095 4430 18
5095 4388 59
5095 4388 40
5095 4394 29
5095 4394 46
5096 4425 59
5096 4425 56
5096 4314 35
5096 4314 9
5096 4389 54
5096 4389 18
5096 4427 8
5096 4427 52
5096 4426 22
5096 4426 43
5096 4313 27
5096 4313 16
5096 4310 42
5096 4310 39
5096 4327 18
5096 4327 5
5096 4390 18
5096 4390 36
5096 4392 34
5096 4392 54
5096 4437 52
5096 4437 57
5096 4428 28
5096 4428 4
5096 4429 49
5096 4429 35
5096 4309 43
5096 4309 49
5096 4315 23
5096 4315 22
5096 4386 19
5096 4386 27
5096 4329 15
5096 4329 11
5096 4387 50
5096 4387 50
5096 4391 8
5096 4391 39
5096 4434 53
5096 4434 0
5096 4440 56
5096 4440 24
5096 4438 29
5096 4438 48
5096 4433 19
5096 4433 40
5096 4431 17
5096 4431 46
5096 4307 50
5096 4307 17
5096 4312 41
5096 4312 46
5096 4328 0
5096 4328 51
5096 4385 44
5096 4385 42
5096 4384 29
5096 4384 31
5096 4430 44
5096 4430 9
5096 4388 13
5096 4388 19
5096 4394 33
5096 4394 3
5100 4425 26
5100 4425 4
5100 4314 54
5100 4314 22
5100 4389 3
5100 4389 57
5100 4427 25
5100 4427 20
5100 4426 7
5100 4426 5
5100 4313 7
5100 4313 47
5100 4310 30
5100 4310 15
5100 4327 19
5100 4327 2
5100 4390 41
5100 4390 8
5100 4392 2
5100 4392 28
5100 4437 28
5100 4437 8
5100 4428 53
5100 4428 36
5100 4429 49
5100 4429 51
5100 4309 23
5100 4309 5
5100 4315 59
5100 4315 3
5100 4386 34
5100 4386 38
5100 4329 15
5100 4329 14
5100 4387 19
5100 4387 45
5100 4391 28
5100 4391 7
5100 4434 27
5100 4434 18
5100 4440 39
5100 4440 2
5100 4438 17
5100 4438 3
5100 4433 3
5100 4433 51
5100 4431 7
5100 4431 4
5100 4307 54
5100 4307 27
5100 4312 3
5100 4312 57
5100 4328 28
5100 4328 30
5100 4385 32
5100 4385 34
5100 4384 47
5100 4384 51
5100 4430 28
5100 4430 9
5100 4388 51
5100 4388 23
5100 4394 48
5100 4394 22
5101 4425 23
5101 4425 41
5101 4314 20
5101 4314 0
5101 4389 31
5101 4389 7
5101 4427 47
5101 4427 60
5101 4426 8
5101 4426 28
5101 4313 59
5101 4313 3
5101 4310 54
5101 4310 47
5101 4327 19
5101 4327 24
5101 4390 23
5101 4390 54
5101 4392 32
5101 4392 51
5101 4437 56
5101 4437 22
5101 4428 29
5101 4428 51
5101 4429 18
5101 4429 55
5101 4309 45
5101 4309 39
5101 4315 58
5101 4315 8
5101 4386 14
5101 4386 50
5101 4329 27
5101 4329 59
5101 4387 60
5101 4387 25
5101 4391 60
5101 4391 15
5101 4434 36
5101 4434 6
5101 4440 21
5101 4440 34
5101 4438 44
5101 4438 2
5101 4433 7
5101 4433 41
5101 4431 6
5101 4431 45
5101 4307 10
5101 4307 19
5101 4312 52
5101 4312 11
5101 4328 47
5101 4328 58
5101 4385 28
5101 4385 45
5101 4384 15
5101 4384 6
5101 4430 55
5101 4430 12
5101 4388 17
5101 4388 42
5101 4394 46
5101 4394 18
5123 4425 16
5123 4425 4
5123 4314 45
5123 4314 20
5123 4389 51
5123 4389 25
5123 4427 43
5123 4427 9
5123 4426 15
5123 4426 47
5123 4313 50
5123 4313 15
5123 4310 7
5123 4310 5
5123 4327 15
5123 4327 43
5123 4390 56
5123 4390 15
5123 4392 47
5123 4392 37
5123 4437 45
5123 4437 31
5123 4428 32
5123 4428 47
5123 4429 60
5123 4429 40
5123 4309 22
5123 4309 35
5123 4315 25
5123 4315 24
5123 4386 34
5123 4386 47
5123 4329 52
5123 4329 6
5123 4387 52
5123 4387 49
5123 4391 56
5123 4391 46
5123 4434 42
5123 4434 52
5123 4440 4
5123 4440 46
5123 4438 18
5123 4438 49
5123 4433 20
5123 4433 35
5123 4431 29
5123 4431 7
5123 4307 52
5123 4307 60
5123 4312 4
5123 4312 10
5123 4328 32
5123 4328 37
5123 4385 18
5123 4385 32
5123 4384 31
5123 4384 44
5123 4430 19
5123 4430 25
5123 4388 36
5123 4388 22
5123 4394 3
5123 4394 42
5121 4425 55
5121 4425 24
5121 4314 42
5121 4314 16
5121 4389 3
5121 4389 37
5121 4427 29
5121 4427 6
5121 4426 1
5121 4426 36
5121 4313 2
5121 4313 19
5121 4310 47
5121 4310 48
5121 4327 0
5121 4327 42
5121 4390 11
5121 4390 57
5121 4392 53
5121 4392 52
5121 4437 27
5121 4437 47
5121 4428 9
5121 4428 59
5121 4429 56
5121 4429 37
5121 4309 49
5121 4309 44
5121 4315 51
5121 4315 33
5121 4386 52
5121 4386 58
5121 4329 24
5121 4329 44
5121 4387 23
5121 4387 30
5121 4391 25
5121 4391 2
5121 4434 43
5121 4434 44
5121 4440 56
5121 4440 18
5121 4438 44
5121 4438 5
5121 4433 26
5121 4433 39
5121 4431 23
5121 4431 19
5121 4307 40
5121 4307 1
5121 4312 27
5121 4312 49
5121 4328 55
5121 4328 15
5121 4385 19
5121 4385 24
5121 4384 46
5121 4384 32
5121 4430 17
5121 4430 29
5121 4388 53
5121 4388 41
5121 4394 40
5121 4394 8
5126 4425 49
5126 4425 20
5126 4314 25
5126 4314 11
5126 4389 40
5126 4389 2
5126 4427 9
5126 4427 60
5126 4426 58
5126 4426 13
5126 4313 35
5126 4313 55
5126 4310 21
5126 4310 26
5126 4327 54
5126 4327 50
5126 4390 18
5126 4390 58
5126 4392 0
5126 4392 54
5126 4437 46
5126 4437 8
5126 4428 16
5126 4428 20
5126 4429 41
5126 4429 15
5126 4309 16
5126 4309 54
5126 4315 48
5126 4315 56
5126 4386 33
5126 4386 40
5126 4329 18
5126 4329 48
5126 4387 31
5126 4387 1
5126 4391 7
5126 4391 14
5126 4434 56
5126 4434 26
5126 4440 14
5126 4440 55
5126 4438 46
5126 4438 7
5126 4433 22
5126 4433 28
5126 4431 56
5126 4431 35
5126 4307 3
5126 4307 51
5126 4312 12
5126 4312 34
5126 4328 8
5126 4328 56
5126 4385 51
5126 4385 7
5126 4384 48
5126 4384 43
5126 4430 52
5126 4430 58
5126 4388 21
5126 4388 43
5126 4394 8
5126 4394 44
10520 4425 41
10520 4425 45
10520 4314 36
10520 4314 9
10520 4389 28
10520 4389 52
10520 4427 8
10520 4427 36
10520 4426 58
10520 4426 48
10520 4313 27
10520 4313 39
10520 4310 5
10520 4310 19
10520 4327 56
10520 4327 56
10520 4390 57
10520 4390 23
10520 4392 11
10520 4392 21
10520 4437 1
10520 4437 17
10520 4428 41
10520 4428 34
10520 4429 43
10520 4429 11
10520 4309 31
10520 4309 24
10520 4315 47
10520 4315 3
10520 4386 38
10520 4386 36
10520 4329 0
10520 4329 28
10520 4387 5
10520 4387 38
10520 4391 32
10520 4391 2
10520 4434 59
10520 4434 58
10520 4440 7
10520 4440 37
10520 4438 48
10520 4438 35
10520 4433 11
10520 4433 3
10520 4431 51
10520 4431 50
10520 4307 6
10520 4307 29
10520 4312 31
10520 4312 53
10520 4328 54
10520 4328 33
10520 4385 41
10520 4385 58
10520 4384 42
10520 4384 33
10520 4430 22
10520 4430 48
10520 4388 39
10520 4388 44
10520 4394 2
10520 4394 33
5083 4425 13
5083 4425 34
5083 4314 53
5083 4314 60
5083 4389 42
5083 4389 8
5083 4427 22
5083 4427 12
5083 4426 9
5083 4426 8
5083 4313 35
5083 4313 9
5083 4310 51
5083 4310 14
5083 4327 17
5083 4327 55
5083 4390 25
5083 4390 27
5083 4392 14
5083 4392 23
5083 4437 32
5083 4437 56
5083 4428 44
5083 4428 28
5083 4429 32
5083 4429 54
5083 4309 52
5083 4309 22
5083 4315 10
5083 4315 59
5083 4386 2
5083 4386 15
5083 4329 38
5083 4329 7
5083 4387 26
5083 4387 36
5083 4391 51
5083 4391 25
5083 4434 57
5083 4434 2
5083 4440 3
5083 4440 2
5083 4438 23
5083 4438 43
5083 4433 34
5083 4433 13
5083 4431 40
5083 4431 5
5083 4307 14
5083 4307 8
5083 4312 12
5083 4312 7
5083 4328 32
5083 4328 42
5083 4385 24
5083 4385 39
5083 4384 24
5083 4384 4
5083 4430 53
5083 4430 18
5083 4388 10
5083 4388 23
5083 4394 40
5083 4394 48
5089 4425 1
5089 4425 6
5089 4314 50
5089 4314 34
5089 4389 44
5089 4389 59
5089 4427 3
5089 4427 34
5089 4426 22
5089 4426 17
5089 4313 35
5089 4313 27
5089 4310 33
5089 4310 46
5089 4327 34
5089 4327 16
5089 4390 27
5089 4390 44
5089 4392 13
5089 4392 10
5089 4437 22
5089 4437 42
5089 4428 41
5089 4428 22
5089 4429 55
5089 4429 51
5089 4309 11
5089 4309 35
5089 4315 27
5089 4315 7
5089 4386 37
5089 4386 46
5089 4329 47
5089 4329 51
5089 4387 40
5089 4387 0
5089 4391 47
5089 4391 24
5089 4434 16
5089 4434 41
5089 4440 25
5089 4440 1
5089 4438 14
5089 4438 14
5089 4433 40
5089 4433 51
5089 4431 51
5089 4431 7
5089 4307 23
5089 4307 19
5089 4312 5
5089 4312 54
5089 4328 20
5089 4328 57
5089 4385 10
5089 4385 36
5089 4384 5
5089 4384 33
5089 4430 37
5089 4430 57
5089 4388 55
5089 4388 44
5089 4394 49
5089 4394 51
5149 4425 50
5149 4425 27
5149 4314 43
5149 4314 52
5149 4389 27
5149 4389 40
5149 4427 9
5149 4427 43
5149 4426 46
5149 4426 53
5149 4313 38
5149 4313 39
5149 4310 44
5149 4310 46
5149 4327 12
5149 4327 24
5149 4390 12
5149 4390 34
5149 4392 22
5149 4392 50
5149 4437 2
5149 4437 38
5149 4428 46
5149 4428 41
5149 4429 56
5149 4429 4
5149 4309 6
5149 4309 6
5149 4315 50
5149 4315 39
5149 4386 38
5149 4386 56
5149 4329 9
5149 4329 4
5149 4387 44
5149 4387 32
5149 4391 58
5149 4391 48
5149 4434 22
5149 4434 35
5149 4440 1
5149 4440 18
5149 4438 36
5149 4438 31
5149 4433 16
5149 4433 15
5149 4431 42
5149 4431 33
5149 4307 7
5149 4307 57
5149 4312 18
5149 4312 45
5149 4328 24
5149 4328 32
5149 4385 23
5149 4385 55
5149 4384 45
5149 4384 5
5149 4430 35
5149 4430 29
5149 4388 30
5149 4388 57
5149 4394 51
5149 4394 8
5088 4425 42
5088 4425 26
5088 4314 19
5088 4314 16
5088 4389 44
5088 4389 30
5088 4427 8
5088 4427 49
5088 4426 27
5088 4426 9
5088 4313 44
5088 4313 39
5088 4310 36
5088 4310 26
5088 4327 51
5088 4327 9
5088 4390 38
5088 4390 2
5088 4392 4
5088 4392 43
5088 4437 11
5088 4437 17
5088 4428 16
5088 4428 21
5088 4429 33
5088 4429 45
5088 4309 28
5088 4309 30
5088 4315 40
5088 4315 2
5088 4386 58
5088 4386 44
5088 4329 39
5088 4329 37
5088 4387 44
5088 4387 54
5088 4391 25
5088 4391 6
5088 4434 15
5088 4434 53
5088 4440 55
5088 4440 45
5088 4438 35
5088 4438 52
5088 4433 14
5088 4433 36
5088 4431 53
5088 4431 53
5088 4307 57
5088 4307 7
5088 4312 39
5088 4312 22
5088 4328 9
5088 4328 21
5088 4385 45
5088 4385 45
5088 4384 22
5088 4384 51
5088 4430 51
5088 4430 7
5088 4388 49
5088 4388 10
5088 4394 29
5088 4394 5
5085 4425 36
5085 4425 56
5085 4314 5
5085 4314 1
5085 4389 10
5085 4389 39
5085 4427 49
5085 4427 26
5085 4426 3
5085 4426 6
5085 4313 56
5085 4313 54
5085 4310 58
5085 4310 7
5085 4327 32
5085 4327 0
5085 4390 24
5085 4390 10
5085 4392 36
5085 4392 55
5085 4437 17
5085 4437 40
5085 4428 54
5085 4428 5
5085 4429 59
5085 4429 43
5085 4309 35
5085 4309 29
5085 4315 46
5085 4315 29
5085 4386 47
5085 4386 56
5085 4329 11
5085 4329 44
5085 4387 10
5085 4387 57
5085 4391 7
5085 4391 15
5085 4434 5
5085 4434 24
5085 4440 50
5085 4440 33
5085 4438 44
5085 4438 7
5085 4433 25
5085 4433 9
5085 4431 34
5085 4431 51
5085 4307 5
5085 4307 24
5085 4312 18
5085 4312 9
5085 4328 21
5085 4328 4
5085 4385 47
5085 4385 31
5085 4384 39
5085 4384 8
5085 4430 10
5085 4430 8
5085 4388 60
5085 4388 60
5085 4394 11
5085 4394 56
10518 4425 12
10518 4425 19
10518 4314 26
10518 4314 0
10518 4389 36
10518 4389 47
10518 4427 14
10518 4427 22
10518 4426 35
10518 4426 40
10518 4313 13
10518 4313 2
10518 4310 15
10518 4310 11
10518 4327 16
10518 4327 47
10518 4390 1
10518 4390 33
10518 4392 57
10518 4392 44
10518 4437 56
10518 4437 38
10518 4428 48
10518 4428 44
10518 4429 20
10518 4429 42
10518 4309 51
10518 4309 35
10518 4315 32
10518 4315 34
10518 4386 54
10518 4386 8
10518 4329 15
10518 4329 37
10518 4387 54
10518 4387 17
10518 4391 5
10518 4391 14
10518 4434 39
10518 4434 30
10518 4440 47
10518 4440 9
10518 4438 21
10518 4438 24
10518 4433 43
10518 4433 41
10518 4431 51
10518 4431 11
10518 4307 42
10518 4307 52
10518 4312 22
10518 4312 11
10518 4328 4
10518 4328 26
10518 4385 3
10518 4385 16
10518 4384 21
10518 4384 2
10518 4430 6
10518 4430 51
10518 4388 32
10518 4388 3
10518 4394 38
10518 4394 33
5091 4425 15
5091 4425 13
5091 4314 45
5091 4314 53
5091 4389 53
5091 4389 34
5091 4427 15
5091 4427 46
5091 4426 53
5091 4426 6
5091 4313 8
5091 4313 35
5091 4310 26
5091 4310 15
5091 4327 7
5091 4327 43
5091 4390 18
5091 4390 21
5091 4392 38
5091 4392 49
5091 4437 34
5091 4437 37
5091 4428 41
5091 4428 25
5091 4429 2
5091 4429 57
5091 4309 51
5091 4309 42
5091 4315 17
5091 4315 51
5091 4386 16
5091 4386 47
5091 4329 6
5091 4329 32
5091 4387 16
5091 4387 45
5091 4391 57
5091 4391 55
5091 4434 2
5091 4434 40
5091 4440 45
5091 4440 10
5091 4438 25
5091 4438 16
5091 4433 18
5091 4433 47
5091 4431 6
5091 4431 11
5091 4307 43
5091 4307 26
5091 4312 52
5091 4312 24
5091 4328 9
5091 4328 33
5091 4385 30
5091 4385 15
5091 4384 58
5091 4384 5
5091 4430 33
5091 4430 40
5091 4388 55
5091 4388 20
5091 4394 3
5091 4394 19
