1815 2112 21
1815 1787 47
1815 2101 33
1815 2114 2
1815 2115 12
1815 1786 29
1815 682 50
1815 2099 13
1815 2113 32
1815 2116 13
1815 2117 43
1815 2118 37
1815 2119 39
1815 2120 38
1815 2080 34
1815 2111 24
1815 2096 1
1815 681 10
1815 677 2
1815 2098 46
1815 2102 38
1815 2137 30
1815 2139 10
1815 2121 29
1815 2079 38
1815 2093 4
1815 2081 6
1815 678 34
1815 2092 14
1815 2095 60
1815 691 29
1815 679 48
1797 2112 7
1797 1787 0
1797 2101 10
1797 2114 48
1797 2115 40
1797 1786 15
1797 682 14
1797 2099 40
1797 2113 26
1797 2116 10
1797 2117 32
1797 2118 22
1797 2119 36
1797 2120 37
1797 2080 16
1797 2111 53
1797 2096 11
1797 681 54
1797 677 27
1797 2098 26
1797 2102 26
1797 2137 14
1797 2139 10
1797 2121 39
1797 2079 26
1797 2093 46
1797 2081 5
1797 678 3
1797 2092 6
1797 2095 13
1797 691 23
1797 679 22
1798 2112 52
1798 1787 14
1798 2101 29
1798 2114 55
1798 2115 28
1798 1786 47
1798 682 19
1798 2099 39
1798 2113 58
1798 2116 34
1798 2117 20
1798 2118 5
1798 2119 49
1798 2120 17
1798 2080 14
1798 2111 51
1798 2096 60
1798 681 40
1798 677 44
1798 2098 36
1798 2102 3
1798 2137 53
1798 2139 0
1798 2121 38
1798 2079 24
1798 2093 12
1798 2081 35
1798 678 37
1798 2092 45
1798 2095 54
1798 691 7
1798 679 26
1816 2112 40
1816 1787 21
1816 2101 52
1816 2114 44
1816 2115 55
1816 1786 43
1816 682 47
1816 2099 43
1816 2113 18
1816 2116 6
1816 2117 19
1816 2118 27
1816 2119 40
1816 2120 49
1816 2080 39
1816 2111 1
1816 2096 17
1816 681 12
1816 677 37
1816 2098 3
1816 2102 31
1816 2137 8
1816 2139 50
1816 2121 11
1816 2079 24
1816 2093 41
1816 2081 38
1816 678 40
1816 2092 15
1816 2095 47
1816 691 34
1816 679 19
1825 2112 15
1825 1787 51
1825 2101 3
1825 2114 14
1825 2115 33
1825 1786 54
1825 682 49
1825 2099 39
1825 2113 11
1825 2116 5
1825 2117 0
1825 2118 12
1825 2119 8
1825 2120 10
1825 2080 25
1825 2111 24
1825 2096 58
1825 681 51
1825 677 50
1825 2098 55
1825 2102 34
1825 2137 32
1825 2139 11
1825 2121 22
1825 2079 36
1825 2093 3
1825 2081 25
1825 678 9
1825 2092 30
1825 2095 31
1825 691 15
1825 679 18
1792 2112 51
1792 1787 15
1792 2101 17
1792 2114 26
1792 2115 31
1792 1786 31
1792 682 23
1792 2099 13
1792 2113 36
1792 2116 11
1792 2117 35
1792 2118 24
1792 2119 56
1792 2120 4
1792 2080 47
1792 2111 12
1792 2096 7
1792 681 52
1792 677 21
1792 2098 18
1792 2102 53
1792 2137 32
1792 2139 31
1792 2121 40
1792 2079 43
1792 2093 38
1792 2081 18
1792 678 10
1792 2092 37
1792 2095 0
1792 691 36
1792 679 11
1814 2112 13
1814 1787 41
1814 2101 19
1814 2114 54
1814 2115 9
1814 1786 57
1814 682 56
1814 2099 36
1814 2113 18
1814 2116 38
1814 2117 42
1814 2118 27
1814 2119 52
1814 2120 18
1814 2080 1
1814 2111 60
1814 2096 29
1814 681 21
1814 677 59
1814 2098 45
1814 2102 16
1814 2137 21
1814 2139 13
1814 2121 9
1814 2079 46
1814 2093 35
1814 2081 19
1814 678 4
1814 2092 58
1814 2095 34
1814 691 8
1814 679 21
1799 2112 33
1799 1787 21
1799 2101 5
1799 2114 35
1799 2115 18
1799 1786 14
1799 682 59
1799 2099 40
1799 2113 55
1799 2116 22
1799 2117 21
1799 2118 40
1799 2119 10
1799 2120 52
1799 2080 56
1799 2111 47
1799 2096 37
1799 681 12
1799 677 5
1799 2098 35
1799 2102 57
1799 2137 14
1799 2139 8
1799 2121 54
1799 2079 51
1799 2093 36
1799 2081 30
1799 678 23
1799 2092 42
1799 2095 4
1799 691 1
1799 679 29
1817 2112 43
1817 1787 0
1817 2101 21
1817 2114 30
1817 2115 48
1817 1786 27
1817 682 8
1817 2099 36
1817 2113 36
1817 2116 35
1817 2117 30
1817 2118 7
1817 2119 25
1817 2120 57
1817 2080 38
1817 2111 13
1817 2096 46
1817 681 21
1817 677 25
1817 2098 42
1817 2102 59
1817 2137 20
1817 2139 44
1817 2121 23
1817 2079 2
1817 2093 43
1817 2081 5
1817 678 16
1817 2092 60
1817 2095 34
1817 691 44
1817 679 38
1826 2112 30
1826 1787 50
1826 2101 30
1826 2114 18
1826 2115 0
1826 1786 40
1826 682 22
1826 2099 19
1826 2113 5
1826 2116 4
1826 2117 2
1826 2118 46
1826 2119 33
1826 2120 3
1826 2080 43
1826 2111 49
1826 2096 37
1826 681 60
1826 677 21
1826 2098 11
1826 2102 45
1826 2137 57
1826 2139 16
1826 2121 29
1826 2079 56
1826 2093 21
1826 2081 5
1826 678 58
1826 2092 58
1826 2095 29
1826 691 29
1826 679 52
1860 2112 28
1860 1787 23
1860 2101 4
1860 2114 14
1860 2115 40
1860 1786 18
1860 682 46
1860 2099 14
1860 2113 55
1860 2116 27
1860 2117 19
1860 2118 27
1860 2119 29
1860 2120 39
1860 2080 6
1860 2111 55
1860 2096 43
1860 681 7
1860 677 20
1860 2098 47
1860 2102 37
1860 2137 12
1860 2139 46
1860 2121 31
1860 2079 46
1860 2093 20
1860 2081 6
1860 678 25
1860 2092 8
1860 2095 51
1860 691 8
1860 679 19
1862 2112 59
1862 1787 7
1862 2101 12
1862 2114 19
1862 2115 4
1862 1786 39
1862 682 39
1862 2099 37
1862 2113 45
1862 2116 5
1862 2117 38
1862 2118 18
1862 2119 28
1862 2120 39
1862 2080 58
1862 2111 59
1862 2096 36
1862 681 46
1862 677 4
1862 2098 13
1862 2102 31
1862 2137 32
1862 2139 58
1862 2121 34
1862 2079 30
1862 2093 47
1862 2081 30
1862 678 13
1862 2092 60
1862 2095 56
1862 691 23
1862 679 3
1795 2112 58
1795 1787 55
1795 2101 42
1795 2114 59
1795 2115 24
1795 1786 21
1795 682 29
1795 2099 0
1795 2113 60
1795 2116 53
1795 2117 25
1795 2118 7
1795 2119 51
1795 2120 34
1795 2080 59
1795 2111 8
1795 2096 14
1795 681 17
1795 677 13
1795 2098 14
1795 2102 60
1795 2137 1
1795 2139 14
1795 2121 31
1795 2079 50
1795 2093 38
1795 2081 23
1795 678 9
1795 2092 16
1795 2095 44
1795 691 42
1795 679 42
1813 2112 12
1813 1787 18
1813 2101 4
1813 2114 59
1813 2115 31
1813 1786 54
1813 682 29
1813 2099 5
1813 2113 34
1813 2116 8
1813 2117 41
1813 2118 42
1813 2119 32
1813 2120 3
1813 2080 60
1813 2111 18
1813 2096 19
1813 681 57
1813 677 54
1813 2098 9
1813 2102 10
1813 2137 50
1813 2139 32
1813 2121 40
1813 2079 7
1813 2093 19
1813 2081 9
1813 678 37
1813 2092 34
1813 2095 49
1813 691 42
1813 679 16
1796 2112 48
1796 1787 30
1796 2101 54
1796 2114 4
1796 2115 48
1796 1786 36
1796 682 16
1796 2099 49
1796 2113 5
1796 2116 57
1796 2117 33
1796 2118 7
1796 2119 56
1796 2120 55
1796 2080 26
1796 2111 33
1796 2096 20
1796 681 15
1796 677 34
1796 2098 46
1796 2102 52
1796 2137 18
1796 2139 39
1796 2121 18
1796 2079 51
1796 2093 25
1796 2081 45
1796 678 19
1796 2092 44
1796 2095 21
1796 691 53
1796 679 5
1801 2112 13
1801 1787 26
1801 2101 19
1801 2114 28
1801 2115 42
1801 1786 40
1801 682 6
1801 2099 7
1801 2113 5
1801 2116 23
1801 2117 32
1801 2118 57
1801 2119 49
1801 2120 15
1801 2080 14
1801 2111 13
1801 2096 27
1801 681 58
1801 677 15
1801 2098 53
1801 2102 52
1801 2137 36
1801 2139 44
1801 2121 26
1801 2079 16
1801 2093 17
1801 2081 36
1801 678 12
1801 2092 55
1801 2095 20
1801 691 38
1801 679 32
1800 2112 3
1800 1787 54
1800 2101 59
1800 2114 58
1800 2115 40
1800 1786 25
1800 682 38
1800 2099 38
1800 2113 21
1800 2116 44
1800 2117 47
1800 2118 6
1800 2119 33
1800 2120 44
1800 2080 48
1800 2111 37
1800 2096 11
1800 681 24
1800 677 42
1800 2098 8
1800 2102 59
1800 2137 8
1800 2139 9
1800 2121 6
1800 2079 13
1800 2093 37
1800 2081 4
1800 678 53
1800 2092 16
1800 2095 14
1800 691 24
1800 679 46
1818 2112 38
1818 1787 37
1818 2101 41
1818 2114 18
1818 2115 12
1818 1786 11
1818 682 6
1818 2099 21
1818 2113 28
1818 2116 7
1818 2117 1
1818 2118 26
1818 2119 10
1818 2120 16
1818 2080 7
1818 2111 29
1818 2096 38
1818 681 12
1818 677 5
1818 2098 10
1818 2102 5
1818 2137 53
1818 2139 17
1818 2121 18
1818 2079 0
1818 2093 59
1818 2081 16
1818 678 37
1818 2092 30
1818 2095 20
1818 691 37
1818 679 8
1823 2112 29
1823 1787 33
1823 2101 41
1823 2114 32
1823 2115 38
1823 1786 31
1823 682 30
1823 2099 27
1823 2113 24
1823 2116 29
1823 2117 26
1823 2118 47
1823 2119 6
1823 2120 57
1823 2080 60
1823 2111 37
1823 2096 15
1823 681 4
1823 677 36
1823 2098 5
1823 2102 46
1823 2137 30
1823 2139 45
1823 2121 45
1823 2079 25
1823 2093 54
1823 2081 45
1823 678 1
1823 2092 10
1823 2095 39
1823 691 4
1823 679 19
1807 2112 51
1807 1787 2
1807 2101 10
1807 2114 43
1807 2115 10
1807 1786 10
1807 682 54
1807 2099 55
1807 2113 50
1807 2116 18
1807 2117 20
1807 2118 44
1807 2119 59
1807 2120 36
1807 2080 12
1807 2111 24
1807 2096 21
1807 681 38
1807 677 35
1807 2098 3
1807 2102 40
1807 2137 47
1807 2139 52
1807 2121 12
1807 2079 24
1807 2093 11
1807 2081 2
1807 678 57
1807 2092 29
1807 2095 59
1807 691 4
1807 679 6
1861 2112 36
1861 1787 9
1861 2101 30
1861 2114 15
1861 2115 47
1861 1786 44
1861 682 56
1861 2099 23
1861 2113 45
1861 2116 27
1861 2117 3
1861 2118 19
1861 2119 58
1861 2120 51
1861 2080 45
1861 2111 25
1861 2096 56
1861 681 56
1861 677 36
1861 2098 55
1861 2102 50
1861 2137 52
1861 2139 23
1861 2121 19
1861 2079 55
1861 2093 44
1861 2081 5
1861 678 34
1861 2092 38
1861 2095 11
1861 691 23
1861 679 16
1863 2112 47
1863 1787 55
1863 2101 53
1863 2114 26
1863 2115 53
1863 1786 43
1863 682 59
1863 2099 34
1863 2113 53
1863 2116 53
1863 2117 60
1863 2118 24
1863 2119 38
1863 2120 31
1863 2080 6
1863 2111 20
1863 2096 60
1863 681 53
1863 677 55
1863 2098 16
1863 2102 44
1863 2137 6
1863 2139 15
1863 2121 36
1863 2079 30
1863 2093 20
1863 2081 45
1863 678 25
1863 2092 43
1863 2095 31
1863 691 60
1863 679 39
1791 2112 23
1791 1787 57
1791 2101 15
1791 2114 0
1791 2115 53
1791 1786 33
1791 682 55
1791 2099 29
1791 2113 29
1791 2116 37
1791 2117 52
1791 2118 35
1791 2119 28
1791 2120 1
1791 2080 31
1791 2111 20
1791 2096 10
1791 681 58
1791 677 40
1791 2098 29
1791 2102 55
1791 2137 25
1791 2139 27
1791 2121 48
1791 2079 48
1791 2093 40
1791 2081 29
1791 678 55
1791 2092 0
1791 2095 45
1791 691 20
1791 679 44
1794 2112 25
1794 1787 36
1794 2101 60
1794 2114 16
1794 2115 49
1794 1786 25
1794 682 2
1794 2099 31
1794 2113 3
1794 2116 24
1794 2117 42
1794 2118 15
1794 2119 9
1794 2120 21
1794 2080 23
1794 2111 5
1794 2096 37
1794 681 22
1794 677 11
1794 2098 44
1794 2102 47
1794 2137 22
1794 2139 44
1794 2121 35
1794 2079 14
1794 2093 37
1794 2081 16
1794 678 32
1794 2092 32
1794 2095 54
1794 691 29
1794 679 59
1806 2112 33
1806 1787 2
1806 2101 5
1806 2114 56
1806 2115 57
1806 1786 54
1806 682 33
1806 2099 29
1806 2113 47
1806 2116 51
1806 2117 23
1806 2118 2
1806 2119 18
1806 2120 21
1806 2080 60
1806 2111 22
1806 2096 11
1806 681 48
1806 677 21
1806 2098 60
1806 2102 33
1806 2137 10
1806 2139 2
1806 2121 4
1806 2079 42
1806 2093 9
1806 2081 44
1806 678 37
1806 2092 20
1806 2095 17
1806 691 1
1806 679 53
1802 2112 2
1802 1787 52
1802 2101 13
1802 2114 28
1802 2115 7
1802 1786 25
1802 682 14
1802 2099 26
1802 2113 34
1802 2116 48
1802 2117 13
1802 2118 17
1802 2119 46
1802 2120 44
1802 2080 11
1802 2111 35
1802 2096 56
1802 681 21
1802 677 58
1802 2098 5
1802 2102 54
1802 2137 1
1802 2139 54
1802 2121 59
1802 2079 54
1802 2093 18
1802 2081 22
1802 678 52
1802 2092 46
1802 2095 18
1802 691 33
1802 679 34
1805 2112 40
1805 1787 36
1805 2101 7
1805 2114 25
1805 2115 50
1805 1786 22
1805 682 11
1805 2099 24
1805 2113 10
1805 2116 21
1805 2117 47
1805 2118 18
1805 2119 5
1805 2120 42
1805 2080 22
1805 2111 25
1805 2096 38
1805 681 38
1805 677 50
1805 2098 48
1805 2102 14
1805 2137 57
1805 2139 4
1805 2121 21
1805 2079 24
1805 2093 24
1805 2081 44
1805 678 54
1805 2092 33
1805 2095 30
1805 691 7
1805 679 0
1820 2112 12
1820 1787 22
1820 2101 21
1820 2114 29
1820 2115 11
1820 1786 52
1820 682 2
1820 2099 31
1820 2113 12
1820 2116 33
1820 2117 48
1820 2118 28
1820 2119 1
1820 2120 31
1820 2080 39
1820 2111 10
1820 2096 43
1820 681 21
1820 677 24
1820 2098 48
1820 2102 51
1820 2137 15
1820 2139 4
1820 2121 41
1820 2079 44
1820 2093 29
1820 2081 25
1820 678 43
1820 2092 3
1820 2095 10
1820 691 52
1820 679 26
1824 2112 8
1824 1787 14
1824 2101 56
1824 2114 41
1824 2115 24
1824 1786 48
1824 682 55
1824 2099 47
1824 2113 33
1824 2116 34
1824 2117 48
1824 2118 53
1824 2119 38
1824 2120 35
1824 2080 28
1824 2111 3
1824 2096 17
1824 681 58
1824 677 16
1824 2098 18
1824 2102 5
1824 2137 59
1824 2139 51
1824 2121 52
1824 2079 36
1824 2093 10
1824 2081 36
1824 678 33
1824 2092 20
1824 2095 9
1824 691 2
1824 679 32
1808 2112 29
1808 1787 51
1808 2101 5
1808 2114 43
1808 2115 35
1808 1786 16
1808 682 10
1808 2099 12
1808 2113 40
1808 2116 49
1808 2117 22
1808 2118 0
1808 2119 17
1808 2120 19
1808 2080 5
1808 2111 13
1808 2096 25
1808 681 24
1808 677 7
1808 2098 42
1808 2102 21
1808 2137 60
1808 2139 60
1808 2121 33
1808 2079 47
1808 2093 13
1808 2081 33
1808 678 38
1808 2092 10
1808 2095 14
1808 691 9
1808 679 0
1810 2112 5
1810 1787 9
1810 2101 54
1810 2114 54
1810 2115 46
1810 1786 42
1810 682 46
1810 2099 37
1810 2113 14
1810 2116 56
1810 2117 42
1810 2118 53
1810 2119 45
1810 2120 39
1810 2080 18
1810 2111 35
1810 2096 54
1810 681 5
1810 677 44
1810 2098 11
1810 2102 22
1810 2137 5
1810 2139 1
1810 2121 52
1810 2079 6
1810 2093 22
1810 2081 34
1810 678 59
1810 2092 49
1810 2095 32
1810 691 42
1810 679 56
1864 2112 23
1864 1787 37
1864 2101 54
1864 2114 32
1864 2115 19
1864 1786 17
1864 682 18
1864 2099 0
1864 2113 14
1864 2116 34
1864 2117 14
1864 2118 36
1864 2119 12
1864 2120 32
1864 2080 22
1864 2111 51
1864 2096 44
1864 681 28
1864 677 19
1864 2098 7
1864 2102 30
1864 2137 38
1864 2139 9
1864 2121 56
1864 2079 26
1864 2093 26
1864 2081 17
1864 678 17
1864 2092 32
1864 2095 25
1864 691 3
1864 679 51
