10591 4465 34
10591 4465 8
10591 4464 31
10591 4464 52
10591 4467 6
10591 4467 53
10591 4466 26
10591 4466 49
10591 4440 37
10591 4440 59
10591 4448 47
10591 4448 16
10591 4463 15
10591 4463 51
10591 4468 56
10591 4468 47
10591 4469 53
10591 4469 35
10591 4686 49
10591 4686 60
10591 4437 28
10591 4437 25
10591 4439 0
10591 4439 31
10591 4438 10
10591 4438 6
10591 4449 7
10591 4449 30
10591 4454 42
10591 4454 30
10591 4456 45
10591 4456 7
10591 4470 27
10591 4470 4
10591 4471 19
10591 4471 34
10591 4472 38
10591 4472 38
10591 4689 59
10591 4689 55
10591 4450 32
10591 4450 23
10591 4687 19
10591 4687 57
10591 4427 23
10591 4427 44
10591 4434 26
10591 4434 7
10591 4436 12
10591 4436 40
10591 4428 5
10591 4428 37
10591 4447 50
10591 4447 21
10591 4451 22
10591 4451 59
10591 4455 52
10591 4455 57
10591 4475 13
10591 4475 23
10591 4485 27
10591 4485 37
10591 4691 39
10591 4691 45
10590 4465 13
10590 4465 11
10590 4464 60
10590 4464 51
10590 4467 14
10590 4467 0
10590 4466 36
10590 4466 43
10590 4440 44
10590 4440 47
10590 4448 60
10590 4448 43
10590 4463 44
10590 4463 10
10590 4468 45
10590 4468 20
10590 4469 2
10590 4469 25
10590 4686 27
10590 4686 8
10590 4437 32
10590 4437 11
10590 4439 52
10590 4439 53
10590 4438 33
10590 4438 39
10590 4449 44
10590 4449 12
10590 4454 19
10590 4454 27
10590 4456 37
10590 4456 52
10590 4470 56
10590 4470 3
10590 4471 26
10590 4471 38
10590 4472 58
10590 4472 55
10590 4689 16
10590 4689 0
10590 4450 49
10590 4450 28
10590 4687 39
10590 4687 44
10590 4427 40
10590 4427 55
10590 4434 4
10590 4434 35
10590 4436 32
10590 4436 24
10590 4428 0
10590 4428 3
10590 4447 59
10590 4447 39
10590 4451 45
10590 4451 10
10590 4455 60
10590 4455 52
10590 4475 19
10590 4475 15
10590 4485 22
10590 4485 41
10590 4691 18
10590 4691 57
10595 4465 49
10595 4465 25
10595 4464 58
10595 4464 50
10595 4467 5
10595 4467 27
10595 4466 51
10595 4466 0
10595 4440 24
10595 4440 41
10595 4448 23
10595 4448 51
10595 4463 28
10595 4463 57
10595 4468 12
10595 4468 55
10595 4469 53
10595 4469 29
10595 4686 50
10595 4686 51
10595 4437 12
10595 4437 11
10595 4439 53
10595 4439 55
10595 4438 15
10595 4438 48
10595 4449 37
10595 4449 14
10595 4454 38
10595 4454 22
10595 4456 28
10595 4456 59
10595 4470 23
10595 4470 52
10595 4471 39
10595 4471 13
10595 4472 19
10595 4472 28
10595 4689 4
10595 4689 12
10595 4450 18
10595 4450 40
10595 4687 60
10595 4687 27
10595 4427 20
10595 4427 10
10595 4434 43
10595 4434 17
10595 4436 47
10595 4436 4
10595 4428 18
10595 4428 14
10595 4447 48
10595 4447 28
10595 4451 35
10595 4451 37
10595 4455 46
10595 4455 46
10595 4475 0
10595 4475 4
10595 4485 16
10595 4485 0
10595 4691 25
10595 4691 4
10596 4465 4
10596 4465 14
10596 4464 30
10596 4464 21
10596 4467 4
10596 4467 49
10596 4466 38
10596 4466 33
10596 4440 13
10596 4440 7
10596 4448 58
10596 4448 17
10596 4463 12
10596 4463 12
10596 4468 55
10596 4468 23
10596 4469 36
10596 4469 51
10596 4686 60
10596 4686 0
10596 4437 36
10596 4437 16
10596 4439 55
10596 4439 16
10596 4438 30
10596 4438 1
10596 4449 54
10596 4449 42
10596 4454 36
10596 4454 34
10596 4456 54
10596 4456 46
10596 4470 32
10596 4470 0
10596 4471 45
10596 4471 44
10596 4472 55
10596 4472 13
10596 4689 23
10596 4689 0
10596 4450 33
10596 4450 39
10596 4687 14
10596 4687 6
10596 4427 28
10596 4427 5
10596 4434 4
10596 4434 39
10596 4436 45
10596 4436 15
10596 4428 23
10596 4428 36
10596 4447 52
10596 4447 11
10596 4451 37
10596 4451 58
10596 4455 2
10596 4455 13
10596 4475 17
10596 4475 37
10596 4485 6
10596 4485 48
10596 4691 58
10596 4691 18
10594 4465 43
10594 4465 7
10594 4464 55
10594 4464 46
10594 4467 24
10594 4467 47
10594 4466 33
10594 4466 29
10594 4440 4
10594 4440 53
10594 4448 29
10594 4448 17
10594 4463 39
10594 4463 7
10594 4468 57
10594 4468 28
10594 4469 25
10594 4469 20
10594 4686 16
10594 4686 16
10594 4437 6
10594 4437 5
10594 4439 13
10594 4439 36
10594 4438 60
10594 4438 2
10594 4449 37
10594 4449 17
10594 4454 23
10594 4454 45
10594 4456 40
10594 4456 60
10594 4470 35
10594 4470 30
10594 4471 5
10594 4471 43
10594 4472 53
10594 4472 33
10594 4689 28
10594 4689 8
10594 4450 58
10594 4450 32
10594 4687 24
10594 4687 55
10594 4427 45
10594 4427 14
10594 4434 8
10594 4434 18
10594 4436 19
10594 4436 6
10594 4428 40
10594 4428 11
10594 4447 40
10594 4447 5
10594 4451 43
10594 4451 52
10594 4455 25
10594 4455 7
10594 4475 11
10594 4475 21
10594 4485 13
10594 4485 57
10594 4691 52
10594 4691 49
10585 4465 32
10585 4465 2
10585 4464 48
10585 4464 19
10585 4467 48
10585 4467 20
10585 4466 27
10585 4466 40
10585 4440 23
10585 4440 11
10585 4448 10
10585 4448 24
10585 4463 17
10585 4463 28
10585 4468 13
10585 4468 29
10585 4469 13
10585 4469 27
10585 4686 40
10585 4686 48
10585 4437 4
10585 4437 23
10585 4439 48
10585 4439 5
10585 4438 34
10585 4438 41
10585 4449 53
10585 4449 39
10585 4454 9
10585 4454 3
10585 4456 20
10585 4456 24
10585 4470 11
10585 4470 39
10585 4471 19
10585 4471 27
10585 4472 15
10585 4472 43
10585 4689 18
10585 4689 38
10585 4450 30
10585 4450 29
10585 4687 53
10585 4687 4
10585 4427 15
10585 4427 43
10585 4434 22
10585 4434 58
10585 4436 58
10585 4436 27
10585 4428 47
10585 4428 55
10585 4447 22
10585 4447 56
10585 4451 50
10585 4451 12
10585 4455 9
10585 4455 5
10585 4475 35
10585 4475 47
10585 4485 38
10585 4485 25
10585 4691 29
10585 4691 12
10592 4465 31
10592 4465 41
10592 4464 5
10592 4464 1
10592 4467 16
10592 4467 56
10592 4466 7
10592 4466 15
10592 4440 55
10592 4440 37
10592 4448 24
10592 4448 51
10592 4463 22
10592 4463 22
10592 4468 36
10592 4468 55
10592 4469 29
10592 4469 56
10592 4686 53
10592 4686 15
10592 4437 41
10592 4437 21
10592 4439 44
10592 4439 58
10592 4438 3
10592 4438 13
10592 4449 48
10592 4449 32
10592 4454 37
10592 4454 32
10592 4456 17
10592 4456 5
10592 4470 2
10592 4470 13
10592 4471 5
10592 4471 30
10592 4472 60
10592 4472 49
10592 4689 55
10592 4689 23
10592 4450 51
10592 4450 3
10592 4687 7
10592 4687 24
10592 4427 29
10592 4427 23
10592 4434 17
10592 4434 7
10592 4436 54
10592 4436 26
10592 4428 41
10592 4428 51
10592 4447 56
10592 4447 38
10592 4451 25
10592 4451 35
10592 4455 13
10592 4455 12
10592 4475 3
10592 4475 20
10592 4485 59
10592 4485 5
10592 4691 26
10592 4691 29
10593 4465 52
10593 4465 28
10593 4464 2
10593 4464 46
10593 4467 59
10593 4467 46
10593 4466 43
10593 4466 3
10593 4440 36
10593 4440 16
10593 4448 11
10593 4448 27
10593 4463 7
10593 4463 42
10593 4468 58
10593 4468 24
10593 4469 13
10593 4469 59
10593 4686 34
10593 4686 21
10593 4437 36
10593 4437 47
10593 4439 46
10593 4439 7
10593 4438 22
10593 4438 3
10593 4449 4
10593 4449 23
10593 4454 7
10593 4454 30
10593 4456 45
10593 4456 30
10593 4470 8
10593 4470 54
10593 4471 41
10593 4471 15
10593 4472 29
10593 4472 19
10593 4689 37
10593 4689 38
10593 4450 17
10593 4450 36
10593 4687 26
10593 4687 19
10593 4427 60
10593 4427 45
10593 4434 27
10593 4434 40
10593 4436 58
10593 4436 31
10593 4428 37
10593 4428 41
10593 4447 58
10593 4447 42
10593 4451 38
10593 4451 47
10593 4455 9
10593 4455 35
10593 4475 30
10593 4475 54
10593 4485 52
10593 4485 29
10593 4691 9
10593 4691 20
10597 4465 54
10597 4465 26
10597 4464 55
10597 4464 52
10597 4467 12
10597 4467 25
10597 4466 40
10597 4466 51
10597 4440 24
10597 4440 53
10597 4448 4
10597 4448 58
10597 4463 58
10597 4463 11
10597 4468 14
10597 4468 12
10597 4469 38
10597 4469 48
10597 4686 12
10597 4686 49
10597 4437 32
10597 4437 30
10597 4439 12
10597 4439 51
10597 4438 19
10597 4438 27
10597 4449 54
10597 4449 18
10597 4454 57
10597 4454 16
10597 4456 40
10597 4456 17
10597 4470 45
10597 4470 46
10597 4471 52
10597 4471 23
10597 4472 21
10597 4472 53
10597 4689 10
10597 4689 19
10597 4450 30
10597 4450 6
10597 4687 33
10597 4687 47
10597 4427 49
10597 4427 7
10597 4434 10
10597 4434 8
10597 4436 30
10597 4436 33
10597 4428 6
10597 4428 30
10597 4447 57
10597 4447 47
10597 4451 29
10597 4451 34
10597 4455 56
10597 4455 38
10597 4475 58
10597 4475 34
10597 4485 31
10597 4485 27
10597 4691 25
10597 4691 59
10598 4465 50
10598 4465 37
10598 4464 1
10598 4464 4
10598 4467 52
10598 4467 41
10598 4466 58
10598 4466 21
10598 4440 38
10598 4440 60
10598 4448 0
10598 4448 21
10598 4463 17
10598 4463 14
10598 4468 9
10598 4468 16
10598 4469 1
10598 4469 0
10598 4686 20
10598 4686 29
10598 4437 5
10598 4437 30
10598 4439 52
10598 4439 27
10598 4438 35
10598 4438 60
10598 4449 55
10598 4449 28
10598 4454 28
10598 4454 53
10598 4456 26
10598 4456 2
10598 4470 16
10598 4470 46
10598 4471 42
10598 4471 39
10598 4472 17
10598 4472 1
10598 4689 58
10598 4689 3
10598 4450 31
10598 4450 58
10598 4687 43
10598 4687 19
10598 4427 47
10598 4427 6
10598 4434 38
10598 4434 51
10598 4436 18
10598 4436 38
10598 4428 42
10598 4428 55
10598 4447 17
10598 4447 5
10598 4451 0
10598 4451 40
10598 4455 28
10598 4455 38
10598 4475 16
10598 4475 27
10598 4485 50
10598 4485 7
10598 4691 39
10598 4691 51
10607 4465 34
10607 4465 12
10607 4464 34
10607 4464 8
10607 4467 23
10607 4467 5
10607 4466 1
10607 4466 27
10607 4440 0
10607 4440 50
10607 4448 54
10607 4448 3
10607 4463 26
10607 4463 27
10607 4468 21
10607 4468 30
10607 4469 50
10607 4469 25
10607 4686 29
10607 4686 2
10607 4437 11
10607 4437 35
10607 4439 6
10607 4439 37
10607 4438 49
10607 4438 6
10607 4449 49
10607 4449 39
10607 4454 34
10607 4454 37
10607 4456 57
10607 4456 11
10607 4470 42
10607 4470 13
10607 4471 48
10607 4471 7
10607 4472 52
10607 4472 58
10607 4689 12
10607 4689 39
10607 4450 30
10607 4450 26
10607 4687 12
10607 4687 52
10607 4427 57
10607 4427 0
10607 4434 8
10607 4434 53
10607 4436 35
10607 4436 33
10607 4428 16
10607 4428 58
10607 4447 12
10607 4447 36
10607 4451 28
10607 4451 19
10607 4455 32
10607 4455 39
10607 4475 1
10607 4475 35
10607 4485 49
10607 4485 31
10607 4691 60
10607 4691 20
5138 4465 49
5138 4465 26
5138 4464 1
5138 4464 11
5138 4467 24
5138 4467 46
5138 4466 12
5138 4466 41
5138 4440 7
5138 4440 14
5138 4448 53
5138 4448 1
5138 4463 9
5138 4463 22
5138 4468 57
5138 4468 22
5138 4469 23
5138 4469 37
5138 4686 0
5138 4686 34
5138 4437 58
5138 4437 5
5138 4439 23
5138 4439 30
5138 4438 35
5138 4438 45
5138 4449 23
5138 4449 59
5138 4454 44
5138 4454 37
5138 4456 22
5138 4456 38
5138 4470 17
5138 4470 10
5138 4471 21
5138 4471 34
5138 4472 6
5138 4472 10
5138 4689 19
5138 4689 9
5138 4450 16
5138 4450 16
5138 4687 12
5138 4687 36
5138 4427 23
5138 4427 22
5138 4434 5
5138 4434 37
5138 4436 8
5138 4436 35
5138 4428 30
5138 4428 38
5138 4447 12
5138 4447 1
5138 4451 33
5138 4451 40
5138 4455 22
5138 4455 31
5138 4475 27
5138 4475 16
5138 4485 8
5138 4485 10
5138 4691 55
5138 4691 17
10583 4465 0
10583 4465 60
10583 4464 29
10583 4464 17
10583 4467 0
10583 4467 55
10583 4466 41
10583 4466 4
10583 4440 21
10583 4440 52
10583 4448 33
10583 4448 52
10583 4463 37
10583 4463 49
10583 4468 47
10583 4468 19
10583 4469 42
10583 4469 8
10583 4686 19
10583 4686 28
10583 4437 21
10583 4437 12
10583 4439 8
10583 4439 57
10583 4438 6
10583 4438 17
10583 4449 14
10583 4449 37
10583 4454 33
10583 4454 24
10583 4456 8
10583 4456 7
10583 4470 40
10583 4470 13
10583 4471 46
10583 4471 21
10583 4472 23
10583 4472 18
10583 4689 18
10583 4689 25
10583 4450 11
10583 4450 18
10583 4687 35
10583 4687 47
10583 4427 25
10583 4427 57
10583 4434 41
10583 4434 12
10583 4436 11
10583 4436 6
10583 4428 48
10583 4428 38
10583 4447 18
10583 4447 28
10583 4451 53
10583 4451 19
10583 4455 57
10583 4455 34
10583 4475 58
10583 4475 51
10583 4485 9
10583 4485 1
10583 4691 34
10583 4691 50
10589 4465 45
10589 4465 13
10589 4464 26
10589 4464 39
10589 4467 44
10589 4467 12
10589 4466 3
10589 4466 40
10589 4440 37
10589 4440 22
10589 4448 0
10589 4448 26
10589 4463 35
10589 4463 4
10589 4468 50
10589 4468 38
10589 4469 17
10589 4469 0
10589 4686 19
10589 4686 7
10589 4437 57
10589 4437 56
10589 4439 1
10589 4439 24
10589 4438 33
10589 4438 39
10589 4449 8
10589 4449 1
10589 4454 51
10589 4454 28
10589 4456 30
10589 4456 60
10589 4470 31
10589 4470 58
10589 4471 45
10589 4471 43
10589 4472 8
10589 4472 4
10589 4689 51
10589 4689 55
10589 4450 40
10589 4450 7
10589 4687 4
10589 4687 33
10589 4427 39
10589 4427 27
10589 4434 2
10589 4434 25
10589 4436 3
10589 4436 60
10589 4428 43
10589 4428 16
10589 4447 52
10589 4447 32
10589 4451 50
10589 4451 14
10589 4455 58
10589 4455 44
10589 4475 8
10589 4475 15
10589 4485 25
10589 4485 2
10589 4691 9
10589 4691 20
10588 4465 9
10588 4465 20
10588 4464 34
10588 4464 36
10588 4467 42
10588 4467 19
10588 4466 11
10588 4466 28
10588 4440 32
10588 4440 6
10588 4448 57
10588 4448 54
10588 4463 52
10588 4463 40
10588 4468 21
10588 4468 59
10588 4469 21
10588 4469 15
10588 4686 19
10588 4686 9
10588 4437 47
10588 4437 0
10588 4439 54
10588 4439 20
10588 4438 58
10588 4438 18
10588 4449 56
10588 4449 47
10588 4454 27
10588 4454 21
10588 4456 23
10588 4456 13
10588 4470 14
10588 4470 53
10588 4471 51
10588 4471 12
10588 4472 0
10588 4472 36
10588 4689 59
10588 4689 29
10588 4450 49
10588 4450 27
10588 4687 24
10588 4687 20
10588 4427 30
10588 4427 11
10588 4434 60
10588 4434 29
10588 4436 15
10588 4436 57
10588 4428 16
10588 4428 33
10588 4447 55
10588 4447 47
10588 4451 29
10588 4451 44
10588 4455 11
10588 4455 7
10588 4475 11
10588 4475 48
10588 4485 11
10588 4485 13
10588 4691 47
10588 4691 22
5137 4465 56
5137 4465 51
5137 4464 49
5137 4464 55
5137 4467 41
5137 4467 27
5137 4466 48
5137 4466 58
5137 4440 4
5137 4440 44
5137 4448 4
5137 4448 3
5137 4463 18
5137 4463 10
5137 4468 19
5137 4468 28
5137 4469 45
5137 4469 39
5137 4686 44
5137 4686 9
5137 4437 26
5137 4437 42
5137 4439 47
5137 4439 35
5137 4438 38
5137 4438 52
5137 4449 14
5137 4449 40
5137 4454 48
5137 4454 29
5137 4456 16
5137 4456 22
5137 4470 26
5137 4470 25
5137 4471 40
5137 4471 37
5137 4472 39
5137 4472 29
5137 4689 9
5137 4689 34
5137 4450 53
5137 4450 11
5137 4687 51
5137 4687 52
5137 4427 16
5137 4427 15
5137 4434 31
5137 4434 24
5137 4436 20
5137 4436 54
5137 4428 4
5137 4428 21
5137 4447 12
5137 4447 55
5137 4451 46
5137 4451 55
5137 4455 57
5137 4455 8
5137 4475 55
5137 4475 54
5137 4485 37
5137 4485 51
5137 4691 43
5137 4691 1
5143 4465 20
5143 4465 36
5143 4464 55
5143 4464 41
5143 4467 2
5143 4467 22
5143 4466 41
5143 4466 30
5143 4440 55
5143 4440 41
5143 4448 40
5143 4448 31
5143 4463 52
5143 4463 7
5143 4468 37
5143 4468 24
5143 4469 16
5143 4469 30
5143 4686 49
5143 4686 43
5143 4437 34
5143 4437 35
5143 4439 51
5143 4439 52
5143 4438 59
5143 4438 42
5143 4449 7
5143 4449 27
5143 4454 37
5143 4454 39
5143 4456 15
5143 4456 56
5143 4470 25
5143 4470 54
5143 4471 10
5143 4471 2
5143 4472 29
5143 4472 23
5143 4689 13
5143 4689 24
5143 4450 16
5143 4450 60
5143 4687 14
5143 4687 13
5143 4427 52
5143 4427 9
5143 4434 37
5143 4434 21
5143 4436 47
5143 4436 1
5143 4428 40
5143 4428 19
5143 4447 49
5143 4447 3
5143 4451 48
5143 4451 57
5143 4455 27
5143 4455 18
5143 4475 25
5143 4475 42
5143 4485 7
5143 4485 21
5143 4691 20
5143 4691 22
10599 4465 2
10599 4465 6
10599 4464 24
10599 4464 19
10599 4467 18
10599 4467 35
10599 4466 54
10599 4466 33
10599 4440 57
10599 4440 43
10599 4448 47
10599 4448 19
10599 4463 40
10599 4463 19
10599 4468 37
10599 4468 46
10599 4469 60
10599 4469 2
10599 4686 54
10599 4686 21
10599 4437 26
10599 4437 41
10599 4439 43
10599 4439 1
10599 4438 25
10599 4438 16
10599 4449 44
10599 4449 52
10599 4454 30
10599 4454 7
10599 4456 56
10599 4456 54
10599 4470 5
10599 4470 2
10599 4471 27
10599 4471 50
10599 4472 50
10599 4472 29
10599 4689 31
10599 4689 25
10599 4450 21
10599 4450 21
10599 4687 56
10599 4687 16
10599 4427 7
10599 4427 31
10599 4434 11
10599 4434 7
10599 4436 18
10599 4436 9
10599 4428 49
10599 4428 40
10599 4447 11
10599 4447 60
10599 4451 56
10599 4451 32
10599 4455 3
10599 4455 0
10599 4475 40
10599 4475 6
10599 4485 42
10599 4485 28
10599 4691 18
10599 4691 34
10608 4465 50
10608 4465 0
10608 4464 26
10608 4464 20
10608 4467 49
10608 4467 18
10608 4466 54
10608 4466 16
10608 4440 15
10608 4440 4
10608 4448 14
10608 4448 31
10608 4463 1
10608 4463 57
10608 4468 23
10608 4468 35
10608 4469 59
10608 4469 32
10608 4686 38
10608 4686 40
10608 4437 32
10608 4437 42
10608 4439 16
10608 4439 35
10608 4438 6
10608 4438 56
10608 4449 21
10608 4449 13
10608 4454 24
10608 4454 38
10608 4456 5
10608 4456 3
10608 4470 20
10608 4470 32
10608 4471 16
10608 4471 13
10608 4472 50
10608 4472 28
10608 4689 57
10608 4689 20
10608 4450 33
10608 4450 35
10608 4687 47
10608 4687 24
10608 4427 4
10608 4427 44
10608 4434 35
10608 4434 19
10608 4436 34
10608 4436 26
10608 4428 38
10608 4428 57
10608 4447 23
10608 4447 34
10608 4451 45
10608 4451 36
10608 4455 31
10608 4455 1
10608 4475 51
10608 4475 34
10608 4485 51
10608 4485 50
10608 4691 33
10608 4691 16
10609 4465 28
10609 4465 49
10609 4464 7
10609 4464 32
10609 4467 2
10609 4467 7
10609 4466 23
10609 4466 33
10609 4440 0
10609 4440 38
10609 4448 57
10609 4448 41
10609 4463 21
10609 4463 37
10609 4468 55
10609 4468 20
10609 4469 44
10609 4469 25
10609 4686 4
10609 4686 39
10609 4437 0
10609 4437 49
10609 4439 23
10609 4439 49
10609 4438 28
10609 4438 60
10609 4449 56
10609 4449 2
10609 4454 32
10609 4454 42
10609 4456 23
10609 4456 59
10609 4470 51
10609 4470 23
10609 4471 42
10609 4471 34
10609 4472 1
10609 4472 15
10609 4689 16
10609 4689 27
10609 4450 44
10609 4450 14
10609 4687 25
10609 4687 48
10609 4427 54
10609 4427 52
10609 4434 55
10609 4434 51
10609 4436 42
10609 4436 15
10609 4428 9
10609 4428 39
10609 4447 44
10609 4447 52
10609 4451 12
10609 4451 10
10609 4455 18
10609 4455 44
10609 4475 37
10609 4475 46
10609 4485 34
10609 4485 21
10609 4691 1
10609 4691 52
5136 4465 6
5136 4465 35
5136 4464 9
5136 4464 14
5136 4467 9
5136 4467 17
5136 4466 14
5136 4466 13
5136 4440 11
5136 4440 56
5136 4448 5
5136 4448 57
5136 4463 15
5136 4463 56
5136 4468 4
5136 4468 41
5136 4469 39
5136 4469 20
5136 4686 58
5136 4686 39
5136 4437 27
5136 4437 9
5136 4439 17
5136 4439 50
5136 4438 58
5136 4438 2
5136 4449 3
5136 4449 16
5136 4454 3
5136 4454 54
5136 4456 29
5136 4456 20
5136 4470 58
5136 4470 2
5136 4471 30
5136 4471 27
5136 4472 18
5136 4472 59
5136 4689 8
5136 4689 22
5136 4450 29
5136 4450 45
5136 4687 35
5136 4687 60
5136 4427 1
5136 4427 37
5136 4434 41
5136 4434 30
5136 4436 35
5136 4436 46
5136 4428 18
5136 4428 14
5136 4447 56
5136 4447 36
5136 4451 29
5136 4451 1
5136 4455 20
5136 4455 34
5136 4475 20
5136 4475 10
5136 4485 18
5136 4485 34
5136 4691 2
5136 4691 39
10578 4465 22
10578 4465 20
10578 4464 28
10578 4464 43
10578 4467 16
10578 4467 27
10578 4466 33
10578 4466 13
10578 4440 51
10578 4440 51
10578 4448 1
10578 4448 22
10578 4463 31
10578 4463 42
10578 4468 50
10578 4468 36
10578 4469 40
10578 4469 43
10578 4686 60
10578 4686 39
10578 4437 25
10578 4437 49
10578 4439 34
10578 4439 7
10578 4438 29
10578 4438 41
10578 4449 5
10578 4449 39
10578 4454 36
10578 4454 11
10578 4456 40
10578 4456 11
10578 4470 27
10578 4470 22
10578 4471 19
10578 4471 39
10578 4472 11
10578 4472 21
10578 4689 21
10578 4689 60
10578 4450 24
10578 4450 4
10578 4687 52
10578 4687 56
10578 4427 50
10578 4427 39
10578 4434 4
10578 4434 21
10578 4436 56
10578 4436 31
10578 4428 24
10578 4428 25
10578 4447 17
10578 4447 2
10578 4451 20
10578 4451 29
10578 4455 40
10578 4455 21
10578 4475 11
10578 4475 19
10578 4485 29
10578 4485 13
10578 4691 4
10578 4691 7
10584 4465 40
10584 4465 17
10584 4464 20
10584 4464 28
10584 4467 26
10584 4467 47
10584 4466 7
10584 4466 3
10584 4440 15
10584 4440 48
10584 4448 52
10584 4448 10
10584 4463 25
10584 4463 12
10584 4468 20
10584 4468 60
10584 4469 32
10584 4469 37
10584 4686 10
10584 4686 3
10584 4437 17
10584 4437 11
10584 4439 50
10584 4439 11
10584 4438 46
10584 4438 12
10584 4449 2
10584 4449 14
10584 4454 12
10584 4454 6
10584 4456 37
10584 4456 19
10584 4470 39
10584 4470 23
10584 4471 55
10584 4471 51
10584 4472 40
10584 4472 56
10584 4689 52
10584 4689 31
10584 4450 47
10584 4450 11
10584 4687 2
10584 4687 8
10584 4427 60
10584 4427 3
10584 4434 23
10584 4434 31
10584 4436 11
10584 4436 19
10584 4428 48
10584 4428 35
10584 4447 33
10584 4447 32
10584 4451 35
10584 4451 43
10584 4455 28
10584 4455 17
10584 4475 11
10584 4475 49
10584 4485 23
10584 4485 13
10584 4691 12
10584 4691 4
10579 4465 28
10579 4465 23
10579 4464 9
10579 4464 52
10579 4467 26
10579 4467 14
10579 4466 34
10579 4466 24
10579 4440 6
10579 4440 41
10579 4448 15
10579 4448 26
10579 4463 34
10579 4463 56
10579 4468 32
10579 4468 56
10579 4469 19
10579 4469 31
10579 4686 40
10579 4686 60
10579 4437 45
10579 4437 58
10579 4439 18
10579 4439 53
10579 4438 25
10579 4438 14
10579 4449 33
10579 4449 11
10579 4454 10
10579 4454 27
10579 4456 50
10579 4456 38
10579 4470 24
10579 4470 18
10579 4471 28
10579 4471 30
10579 4472 35
10579 4472 52
10579 4689 32
10579 4689 29
10579 4450 24
10579 4450 30
10579 4687 5
10579 4687 10
10579 4427 56
10579 4427 3
10579 4434 23
10579 4434 0
10579 4436 27
10579 4436 28
10579 4428 51
10579 4428 25
10579 4447 8
10579 4447 1
10579 4451 45
10579 4451 19
10579 4455 14
10579 4455 29
10579 4475 54
10579 4475 25
10579 4485 7
10579 4485 20
10579 4691 21
10579 4691 22
5134 4465 49
5134 4465 28
5134 4464 56
5134 4464 26
5134 4467 11
5134 4467 52
5134 4466 13
5134 4466 20
5134 4440 5
5134 4440 11
5134 4448 57
5134 4448 28
5134 4463 17
5134 4463 32
5134 4468 50
5134 4468 31
5134 4469 27
5134 4469 48
5134 4686 48
5134 4686 51
5134 4437 54
5134 4437 52
5134 4439 12
5134 4439 53
5134 4438 51
5134 4438 53
5134 4449 41
5134 4449 25
5134 4454 6
5134 4454 60
5134 4456 20
5134 4456 42
5134 4470 60
5134 4470 20
5134 4471 58
5134 4471 54
5134 4472 45
5134 4472 30
5134 4689 53
5134 4689 52
5134 4450 2
5134 4450 48
5134 4687 42
5134 4687 32
5134 4427 29
5134 4427 20
5134 4434 41
5134 4434 21
5134 4436 58
5134 4436 17
5134 4428 57
5134 4428 48
5134 4447 30
5134 4447 34
5134 4451 10
5134 4451 48
5134 4455 46
5134 4455 38
5134 4475 48
5134 4475 54
5134 4485 38
5134 4485 26
5134 4691 50
5134 4691 57
5135 4465 54
5135 4465 57
5135 4464 34
5135 4464 36
5135 4467 55
5135 4467 53
5135 4466 52
5135 4466 56
5135 4440 24
5135 4440 43
5135 4448 25
5135 4448 59
5135 4463 22
5135 4463 34
5135 4468 20
5135 4468 40
5135 4469 4
5135 4469 1
5135 4686 0
5135 4686 41
5135 4437 47
5135 4437 1
5135 4439 25
5135 4439 32
5135 4438 28
5135 4438 34
5135 4449 26
5135 4449 6
5135 4454 48
5135 4454 46
5135 4456 18
5135 4456 49
5135 4470 11
5135 4470 34
5135 4471 0
5135 4471 21
5135 4472 18
5135 4472 15
5135 4689 5
5135 4689 2
5135 4450 13
5135 4450 45
5135 4687 19
5135 4687 48
5135 4427 21
5135 4427 50
5135 4434 41
5135 4434 42
5135 4436 4
5135 4436 25
5135 4428 15
5135 4428 33
5135 4447 50
5135 4447 47
5135 4451 39
5135 4451 39
5135 4455 34
5135 4455 59
5135 4475 3
5135 4475 34
5135 4485 32
5135 4485 59
5135 4691 51
5135 4691 38
5139 4465 54
5139 4465 27
5139 4464 36
5139 4464 29
5139 4467 39
5139 4467 8
5139 4466 0
5139 4466 58
5139 4440 54
5139 4440 59
5139 4448 1
5139 4448 59
5139 4463 24
5139 4463 7
5139 4468 36
5139 4468 32
5139 4469 22
5139 4469 17
5139 4686 11
5139 4686 26
5139 4437 36
5139 4437 48
5139 4439 8
5139 4439 31
5139 4438 28
5139 4438 53
5139 4449 5
5139 4449 3
5139 4454 49
5139 4454 33
5139 4456 24
5139 4456 9
5139 4470 50
5139 4470 57
5139 4471 27
5139 4471 40
5139 4472 21
5139 4472 57
5139 4689 13
5139 4689 26
5139 4450 49
5139 4450 25
5139 4687 32
5139 4687 37
5139 4427 41
5139 4427 8
5139 4434 51
5139 4434 40
5139 4436 40
5139 4436 33
5139 4428 20
5139 4428 58
5139 4447 56
5139 4447 41
5139 4451 42
5139 4451 41
5139 4455 12
5139 4455 12
5139 4475 0
5139 4475 8
5139 4485 27
5139 4485 56
5139 4691 48
5139 4691 23
5144 4465 26
5144 4465 17
5144 4464 39
5144 4464 21
5144 4467 53
5144 4467 47
5144 4466 37
5144 4466 17
5144 4440 3
5144 4440 27
5144 4448 51
5144 4448 55
5144 4463 40
5144 4463 35
5144 4468 28
5144 4468 59
5144 4469 52
5144 4469 5
5144 4686 43
5144 4686 45
5144 4437 34
5144 4437 16
5144 4439 49
5144 4439 55
5144 4438 20
5144 4438 27
5144 4449 60
5144 4449 55
5144 4454 57
5144 4454 38
5144 4456 19
5144 4456 0
5144 4470 59
5144 4470 56
5144 4471 49
5144 4471 1
5144 4472 41
5144 4472 28
5144 4689 11
5144 4689 40
5144 4450 33
5144 4450 60
5144 4687 31
5144 4687 34
5144 4427 29
5144 4427 35
5144 4434 12
5144 4434 2
5144 4436 46
5144 4436 37
5144 4428 32
5144 4428 52
5144 4447 32
5144 4447 36
5144 4451 39
5144 4451 32
5144 4455 12
5144 4455 49
5144 4475 29
5144 4475 11
5144 4485 17
5144 4485 58
5144 4691 51
5144 4691 7
10600 4465 11
10600 4465 23
10600 4464 21
10600 4464 13
10600 4467 53
10600 4467 18
10600 4466 46
10600 4466 34
10600 4440 0
10600 4440 28
10600 4448 48
10600 4448 9
10600 4463 37
10600 4463 32
10600 4468 48
10600 4468 29
10600 4469 11
10600 4469 10
10600 4686 8
10600 4686 35
10600 4437 35
10600 4437 1
10600 4439 27
10600 4439 32
10600 4438 2
10600 4438 24
10600 4449 10
10600 4449 22
10600 4454 52
10600 4454 12
10600 4456 40
10600 4456 10
10600 4470 20
10600 4470 31
10600 4471 18
10600 4471 45
10600 4472 39
10600 4472 12
10600 4689 47
10600 4689 58
10600 4450 31
10600 4450 10
10600 4687 45
10600 4687 55
10600 4427 52
10600 4427 12
10600 4434 26
10600 4434 21
10600 4436 16
10600 4436 52
10600 4428 33
10600 4428 2
10600 4447 31
10600 4447 42
10600 4451 56
10600 4451 0
10600 4455 44
10600 4455 26
10600 4475 43
10600 4475 0
10600 4485 19
10600 4485 10
10600 4691 37
10600 4691 55
5140 4465 49
5140 4465 31
5140 4464 22
5140 4464 45
5140 4467 56
5140 4467 59
5140 4466 22
5140 4466 49
5140 4440 24
5140 4440 56
5140 4448 3
5140 4448 39
5140 4463 23
5140 4463 59
5140 4468 20
5140 4468 20
5140 4469 17
5140 4469 6
5140 4686 12
5140 4686 21
5140 4437 55
5140 4437 18
5140 4439 10
5140 4439 23
5140 4438 38
5140 4438 8
5140 4449 17
5140 4449 2
5140 4454 23
5140 4454 27
5140 4456 32
5140 4456 55
5140 4470 52
5140 4470 9
5140 4471 58
5140 4471 48
5140 4472 39
5140 4472 48
5140 4689 35
5140 4689 46
5140 4450 44
5140 4450 7
5140 4687 8
5140 4687 45
5140 4427 32
5140 4427 10
5140 4434 9
5140 4434 47
5140 4436 57
5140 4436 47
5140 4428 48
5140 4428 60
5140 4447 6
5140 4447 9
5140 4451 19
5140 4451 15
5140 4455 27
5140 4455 40
5140 4475 0
5140 4475 60
5140 4485 6
5140 4485 23
5140 4691 18
5140 4691 36
10569 4465 44
10569 4465 55
10569 4464 10
10569 4464 41
10569 4467 24
10569 4467 5
10569 4466 34
10569 4466 7
10569 4440 4
10569 4440 40
10569 4448 53
10569 4448 45
10569 4463 13
10569 4463 38
10569 4468 44
10569 4468 36
10569 4469 57
10569 4469 16
10569 4686 11
10569 4686 16
10569 4437 2
10569 4437 57
10569 4439 6
10569 4439 41
10569 4438 33
10569 4438 46
10569 4449 53
10569 4449 41
10569 4454 40
10569 4454 56
10569 4456 44
10569 4456 7
10569 4470 49
10569 4470 17
10569 4471 55
10569 4471 48
10569 4472 17
10569 4472 28
10569 4689 55
10569 4689 9
10569 4450 15
10569 4450 38
10569 4687 10
10569 4687 10
10569 4427 44
10569 4427 47
10569 4434 49
10569 4434 50
10569 4436 16
10569 4436 40
10569 4428 7
10569 4428 55
10569 4447 39
10569 4447 24
10569 4451 38
10569 4451 27
10569 4455 54
10569 4455 37
10569 4475 52
10569 4475 59
10569 4485 56
10569 4485 55
10569 4691 11
10569 4691 37
10570 4465 31
10570 4465 5
10570 4464 41
10570 4464 14
10570 4467 15
10570 4467 37
10570 4466 39
10570 4466 44
10570 4440 25
10570 4440 41
10570 4448 8
10570 4448 33
10570 4463 19
10570 4463 20
10570 4468 27
10570 4468 34
10570 4469 15
10570 4469 51
10570 4686 56
10570 4686 49
10570 4437 49
10570 4437 5
10570 4439 28
10570 4439 57
10570 4438 52
10570 4438 12
10570 4449 52
10570 4449 36
10570 4454 18
10570 4454 54
10570 4456 46
10570 4456 7
10570 4470 19
10570 4470 35
10570 4471 12
10570 4471 4
10570 4472 4
10570 4472 42
10570 4689 7
10570 4689 38
10570 4450 5
10570 4450 54
10570 4687 28
10570 4687 37
10570 4427 38
10570 4427 7
10570 4434 29
10570 4434 56
10570 4436 15
10570 4436 15
10570 4428 34
10570 4428 1
10570 4447 37
10570 4447 20
10570 4451 39
10570 4451 42
10570 4455 32
10570 4455 19
10570 4475 56
10570 4475 44
10570 4485 12
10570 4485 0
10570 4691 40
10570 4691 38
