6403 2673 15
6403 2673 3
6403 2673 54
6403 2673 28
6403 2564 5
6403 2564 22
6403 2564 60
6403 2564 3
6403 2574 35
6403 2574 51
6403 2574 53
6403 2574 5
6403 2563 13
6403 2563 19
6403 2563 13
6403 2563 20
6403 2566 44
6403 2566 60
6403 2566 21
6403 2566 54
6403 2674 40
6403 2674 50
6403 2674 21
6403 2674 52
6403 2575 43
6403 2575 59
6403 2575 19
6403 2575 2
6403 2550 31
6403 2550 27
6403 2550 24
6403 2550 48
6403 2549 15
6403 2549 1
6403 2549 17
6403 2549 59
6403 2565 4
6403 2565 4
6403 2565 56
6403 2565 12
6403 2573 34
6403 2573 37
6403 2573 20
6403 2573 49
6403 2676 40
6403 2676 53
6403 2676 25
6403 2676 14
6403 2685 56
6403 2685 38
6403 2685 24
6403 2685 43
6403 2548 7
6403 2548 12
6403 2548 10
6403 2548 29
6403 2562 14
6403 2562 34
6403 2562 39
6403 2562 10
6403 2570 26
6403 2570 60
6403 2570 26
6403 2570 57
6403 2576 32
6403 2576 44
6403 2576 5
6403 2576 39
6403 2572 17
6403 2572 58
6403 2572 40
6403 2572 22
6403 2675 56
6403 2675 24
6403 2675 12
6403 2675 2
6403 2683 30
6403 2683 47
6403 2683 7
6403 2683 16
6403 2686 47
6403 2686 49
6403 2686 10
6403 2686 22
6403 2553 16
6403 2553 12
6403 2553 19
6403 2553 18
6403 2567 4
6403 2567 14
6403 2567 34
6403 2567 28
6403 2634 19
6403 2634 9
6403 2634 47
6403 2634 59
6403 2738 0
6403 2738 42
6403 2738 17
6403 2738 43
6403 2571 51
6403 2571 54
6403 2571 37
6403 2571 36
6403 2677 14
6403 2677 11
6403 2677 23
6403 2677 26
6403 2680 53
6403 2680 27
6403 2680 0
6403 2680 7
6403 2684 37
6403 2684 13
6403 2684 41
6403 2684 25
6403 2687 33
6403 2687 41
6403 2687 30
6403 2687 57
6403 2547 41
6403 2547 11
6403 2547 35
6403 2547 41
6403 2554 0
6403 2554 20
6403 2554 20
6403 2554 30
6402 2673 37
6402 2673 16
6402 2673 28
6402 2673 31
6402 2564 38
6402 2564 46
6402 2564 3
6402 2564 10
6402 2574 57
6402 2574 40
6402 2574 24
6402 2574 57
6402 2563 1
6402 2563 40
6402 2563 22
6402 2563 5
6402 2566 0
6402 2566 46
6402 2566 4
6402 2566 20
6402 2674 27
6402 2674 8
6402 2674 52
6402 2674 9
6402 2575 54
6402 2575 49
6402 2575 39
6402 2575 27
6402 2550 39
6402 2550 59
6402 2550 6
6402 2550 31
6402 2549 27
6402 2549 21
6402 2549 24
6402 2549 45
6402 2565 13
6402 2565 59
6402 2565 36
6402 2565 44
6402 2573 43
6402 2573 8
6402 2573 25
6402 2573 9
6402 2676 22
6402 2676 36
6402 2676 57
6402 2676 32
6402 2685 34
6402 2685 29
6402 2685 6
6402 2685 50
6402 2548 3
6402 2548 55
6402 2548 24
6402 2548 21
6402 2562 59
6402 2562 2
6402 2562 6
6402 2562 0
6402 2570 5
6402 2570 12
6402 2570 27
6402 2570 24
6402 2576 23
6402 2576 27
6402 2576 51
6402 2576 18
6402 2572 23
6402 2572 27
6402 2572 31
6402 2572 44
6402 2675 23
6402 2675 50
6402 2675 32
6402 2675 44
6402 2683 2
6402 2683 43
6402 2683 14
6402 2683 21
6402 2686 13
6402 2686 29
6402 2686 3
6402 2686 37
6402 2553 43
6402 2553 37
6402 2553 55
6402 2553 49
6402 2567 14
6402 2567 15
6402 2567 2
6402 2567 41
6402 2634 47
6402 2634 14
6402 2634 10
6402 2634 8
6402 2738 47
6402 2738 20
6402 2738 31
6402 2738 51
6402 2571 50
6402 2571 6
6402 2571 25
6402 2571 14
6402 2677 12
6402 2677 19
6402 2677 31
6402 2677 44
6402 2680 2
6402 2680 18
6402 2680 56
6402 2680 35
6402 2684 49
6402 2684 8
6402 2684 33
6402 2684 40
6402 2687 39
6402 2687 28
6402 2687 42
6402 2687 54
6402 2547 21
6402 2547 19
6402 2547 42
6402 2547 39
6402 2554 30
6402 2554 30
6402 2554 20
6402 2554 44
6406 2673 38
6406 2673 45
6406 2673 54
6406 2673 7
6406 2564 25
6406 2564 9
6406 2564 35
6406 2564 5
6406 2574 19
6406 2574 55
6406 2574 36
6406 2574 4
6406 2563 11
6406 2563 21
6406 2563 36
6406 2563 9
6406 2566 0
6406 2566 51
6406 2566 13
6406 2566 21
6406 2674 30
6406 2674 43
6406 2674 11
6406 2674 44
6406 2575 9
6406 2575 46
6406 2575 4
6406 2575 26
6406 2550 9
6406 2550 54
6406 2550 35
6406 2550 25
6406 2549 10
6406 2549 21
6406 2549 18
6406 2549 38
6406 2565 14
6406 2565 6
6406 2565 50
6406 2565 56
6406 2573 44
6406 2573 43
6406 2573 56
6406 2573 17
6406 2676 36
6406 2676 5
6406 2676 39
6406 2676 11
6406 2685 56
6406 2685 60
6406 2685 0
6406 2685 54
6406 2548 55
6406 2548 32
6406 2548 20
6406 2548 34
6406 2562 23
6406 2562 10
6406 2562 12
6406 2562 55
6406 2570 12
6406 2570 26
6406 2570 51
6406 2570 32
6406 2576 6
6406 2576 14
6406 2576 16
6406 2576 48
6406 2572 2
6406 2572 57
6406 2572 23
6406 2572 41
6406 2675 38
6406 2675 0
6406 2675 59
6406 2675 8
6406 2683 46
6406 2683 48
6406 2683 26
6406 2683 40
6406 2686 57
6406 2686 59
6406 2686 54
6406 2686 3
6406 2553 24
6406 2553 28
6406 2553 16
6406 2553 52
6406 2567 32
6406 2567 16
6406 2567 0
6406 2567 13
6406 2634 0
6406 2634 12
6406 2634 24
6406 2634 22
6406 2738 40
6406 2738 17
6406 2738 1
6406 2738 50
6406 2571 34
6406 2571 48
6406 2571 34
6406 2571 54
6406 2677 39
6406 2677 23
6406 2677 40
6406 2677 18
6406 2680 49
6406 2680 35
6406 2680 40
6406 2680 26
6406 2684 30
6406 2684 8
6406 2684 13
6406 2684 13
6406 2687 36
6406 2687 8
6406 2687 21
6406 2687 3
6406 2547 4
6406 2547 41
6406 2547 53
6406 2547 17
6406 2554 56
6406 2554 35
6406 2554 38
6406 2554 54
6408 2673 57
6408 2673 38
6408 2673 44
6408 2673 43
6408 2564 23
6408 2564 45
6408 2564 45
6408 2564 47
6408 2574 10
6408 2574 57
6408 2574 29
6408 2574 29
6408 2563 40
6408 2563 59
6408 2563 55
6408 2563 37
6408 2566 59
6408 2566 20
6408 2566 45
6408 2566 2
6408 2674 42
6408 2674 35
6408 2674 17
6408 2674 11
6408 2575 7
6408 2575 59
6408 2575 58
6408 2575 14
6408 2550 15
6408 2550 60
6408 2550 54
6408 2550 45
6408 2549 52
6408 2549 44
6408 2549 21
6408 2549 20
6408 2565 48
6408 2565 60
6408 2565 38
6408 2565 46
6408 2573 8
6408 2573 49
6408 2573 29
6408 2573 30
6408 2676 45
6408 2676 38
6408 2676 13
6408 2676 56
6408 2685 57
6408 2685 19
6408 2685 51
6408 2685 42
6408 2548 23
6408 2548 19
6408 2548 8
6408 2548 48
6408 2562 20
6408 2562 54
6408 2562 57
6408 2562 42
6408 2570 49
6408 2570 58
6408 2570 42
6408 2570 26
6408 2576 60
6408 2576 2
6408 2576 42
6408 2576 53
6408 2572 36
6408 2572 22
6408 2572 12
6408 2572 42
6408 2675 48
6408 2675 27
6408 2675 57
6408 2675 5
6408 2683 8
6408 2683 28
6408 2683 56
6408 2683 13
6408 2686 2
6408 2686 19
6408 2686 30
6408 2686 17
6408 2553 4
6408 2553 53
6408 2553 10
6408 2553 38
6408 2567 41
6408 2567 37
6408 2567 45
6408 2567 7
6408 2634 26
6408 2634 30
6408 2634 32
6408 2634 35
6408 2738 24
6408 2738 16
6408 2738 37
6408 2738 32
6408 2571 49
6408 2571 49
6408 2571 53
6408 2571 16
6408 2677 7
6408 2677 8
6408 2677 50
6408 2677 13
6408 2680 42
6408 2680 34
6408 2680 9
6408 2680 8
6408 2684 27
6408 2684 36
6408 2684 2
6408 2684 35
6408 2687 51
6408 2687 15
6408 2687 57
6408 2687 53
6408 2547 38
6408 2547 2
6408 2547 24
6408 2547 41
6408 2554 0
6408 2554 47
6408 2554 28
6408 2554 58
6539 2673 34
6539 2673 3
6539 2673 58
6539 2673 53
6539 2564 37
6539 2564 39
6539 2564 48
6539 2564 15
6539 2574 12
6539 2574 13
6539 2574 0
6539 2574 0
6539 2563 41
6539 2563 40
6539 2563 37
6539 2563 27
6539 2566 5
6539 2566 44
6539 2566 45
6539 2566 53
6539 2674 28
6539 2674 10
6539 2674 39
6539 2674 15
6539 2575 48
6539 2575 23
6539 2575 49
6539 2575 8
6539 2550 5
6539 2550 49
6539 2550 45
6539 2550 19
6539 2549 51
6539 2549 17
6539 2549 15
6539 2549 52
6539 2565 59
6539 2565 15
6539 2565 41
6539 2565 30
6539 2573 28
6539 2573 44
6539 2573 29
6539 2573 56
6539 2676 46
6539 2676 8
6539 2676 33
6539 2676 13
6539 2685 20
6539 2685 15
6539 2685 11
6539 2685 31
6539 2548 15
6539 2548 34
6539 2548 9
6539 2548 13
6539 2562 4
6539 2562 3
6539 2562 51
6539 2562 3
6539 2570 5
6539 2570 10
6539 2570 43
6539 2570 28
6539 2576 40
6539 2576 35
6539 2576 50
6539 2576 2
6539 2572 47
6539 2572 46
6539 2572 51
6539 2572 10
6539 2675 24
6539 2675 9
6539 2675 53
6539 2675 50
6539 2683 29
6539 2683 33
6539 2683 11
6539 2683 12
6539 2686 5
6539 2686 59
6539 2686 12
6539 2686 40
6539 2553 57
6539 2553 26
6539 2553 26
6539 2553 36
6539 2567 21
6539 2567 24
6539 2567 16
6539 2567 58
6539 2634 35
6539 2634 56
6539 2634 60
6539 2634 30
6539 2738 6
6539 2738 53
6539 2738 9
6539 2738 22
6539 2571 42
6539 2571 43
6539 2571 42
6539 2571 56
6539 2677 21
6539 2677 24
6539 2677 43
6539 2677 24
6539 2680 15
6539 2680 37
6539 2680 55
6539 2680 59
6539 2684 56
6539 2684 4
6539 2684 28
6539 2684 9
6539 2687 39
6539 2687 22
6539 2687 9
6539 2687 47
6539 2547 12
6539 2547 55
6539 2547 57
6539 2547 7
6539 2554 18
6539 2554 8
6539 2554 6
6539 2554 9
6404 2673 58
6404 2673 47
6404 2673 31
6404 2673 49
6404 2564 57
6404 2564 19
6404 2564 17
6404 2564 48
6404 2574 41
6404 2574 27
6404 2574 9
6404 2574 18
6404 2563 17
6404 2563 36
6404 2563 7
6404 2563 9
6404 2566 31
6404 2566 51
6404 2566 3
6404 2566 6
6404 2674 29
6404 2674 46
6404 2674 28
6404 2674 31
6404 2575 57
6404 2575 50
6404 2575 52
6404 2575 50
6404 2550 20
6404 2550 21
6404 2550 57
6404 2550 15
6404 2549 39
6404 2549 54
6404 2549 6
6404 2549 2
6404 2565 19
6404 2565 10
6404 2565 44
6404 2565 46
6404 2573 38
6404 2573 48
6404 2573 23
6404 2573 55
6404 2676 4
6404 2676 28
6404 2676 31
6404 2676 28
6404 2685 58
6404 2685 22
6404 2685 39
6404 2685 16
6404 2548 27
6404 2548 48
6404 2548 43
6404 2548 7
6404 2562 10
6404 2562 16
6404 2562 48
6404 2562 49
6404 2570 8
6404 2570 50
6404 2570 50
6404 2570 36
6404 2576 49
6404 2576 38
6404 2576 16
6404 2576 3
6404 2572 47
6404 2572 4
6404 2572 44
6404 2572 51
6404 2675 18
6404 2675 33
6404 2675 45
6404 2675 43
6404 2683 53
6404 2683 17
6404 2683 45
6404 2683 2
6404 2686 57
6404 2686 14
6404 2686 34
6404 2686 53
6404 2553 28
6404 2553 47
6404 2553 30
6404 2553 32
6404 2567 36
6404 2567 15
6404 2567 1
6404 2567 36
6404 2634 54
6404 2634 33
6404 2634 48
6404 2634 21
6404 2738 20
6404 2738 4
6404 2738 22
6404 2738 40
6404 2571 34
6404 2571 29
6404 2571 4
6404 2571 53
6404 2677 44
6404 2677 6
6404 2677 26
6404 2677 28
6404 2680 10
6404 2680 7
6404 2680 30
6404 2680 40
6404 2684 58
6404 2684 36
6404 2684 45
6404 2684 50
6404 2687 60
6404 2687 24
6404 2687 50
6404 2687 23
6404 2547 43
6404 2547 34
6404 2547 30
6404 2547 54
6404 2554 4
6404 2554 33
6404 2554 28
6404 2554 36
6540 2673 31
6540 2673 13
6540 2673 34
6540 2673 36
6540 2564 42
6540 2564 2
6540 2564 38
6540 2564 37
6540 2574 7
6540 2574 1
6540 2574 22
6540 2574 10
6540 2563 25
6540 2563 12
6540 2563 54
6540 2563 27
6540 2566 52
6540 2566 6
6540 2566 32
6540 2566 9
6540 2674 36
6540 2674 50
6540 2674 28
6540 2674 54
6540 2575 27
6540 2575 1
6540 2575 49
6540 2575 49
6540 2550 11
6540 2550 42
6540 2550 53
6540 2550 16
6540 2549 10
6540 2549 59
6540 2549 35
6540 2549 12
6540 2565 41
6540 2565 5
6540 2565 56
6540 2565 1
6540 2573 59
6540 2573 39
6540 2573 44
6540 2573 17
6540 2676 10
6540 2676 34
6540 2676 12
6540 2676 51
6540 2685 5
6540 2685 43
6540 2685 25
6540 2685 30
6540 2548 36
6540 2548 60
6540 2548 39
6540 2548 28
6540 2562 1
6540 2562 20
6540 2562 18
6540 2562 15
6540 2570 18
6540 2570 54
6540 2570 59
6540 2570 12
6540 2576 37
6540 2576 57
6540 2576 17
6540 2576 25
6540 2572 51
6540 2572 10
6540 2572 19
6540 2572 19
6540 2675 55
6540 2675 32
6540 2675 5
6540 2675 10
6540 2683 19
6540 2683 10
6540 2683 42
6540 2683 26
6540 2686 25
6540 2686 26
6540 2686 5
6540 2686 6
6540 2553 46
6540 2553 10
6540 2553 10
6540 2553 14
6540 2567 16
6540 2567 26
6540 2567 35
6540 2567 1
6540 2634 11
6540 2634 17
6540 2634 1
6540 2634 59
6540 2738 12
6540 2738 32
6540 2738 60
6540 2738 55
6540 2571 22
6540 2571 56
6540 2571 22
6540 2571 21
6540 2677 26
6540 2677 52
6540 2677 15
6540 2677 1
6540 2680 17
6540 2680 48
6540 2680 17
6540 2680 0
6540 2684 23
6540 2684 26
6540 2684 14
6540 2684 34
6540 2687 51
6540 2687 58
6540 2687 18
6540 2687 1
6540 2547 21
6540 2547 58
6540 2547 8
6540 2547 17
6540 2554 60
6540 2554 43
6540 2554 43
6540 2554 25
6400 2673 25
6400 2673 43
6400 2673 23
6400 2673 60
6400 2564 8
6400 2564 40
6400 2564 41
6400 2564 58
6400 2574 55
6400 2574 37
6400 2574 31
6400 2574 50
6400 2563 0
6400 2563 45
6400 2563 18
6400 2563 12
6400 2566 26
6400 2566 22
6400 2566 54
6400 2566 17
6400 2674 5
6400 2674 55
6400 2674 9
6400 2674 50
6400 2575 42
6400 2575 15
6400 2575 17
6400 2575 24
6400 2550 40
6400 2550 30
6400 2550 60
6400 2550 18
6400 2549 24
6400 2549 58
6400 2549 15
6400 2549 19
6400 2565 52
6400 2565 3
6400 2565 4
6400 2565 19
6400 2573 52
6400 2573 57
6400 2573 29
6400 2573 34
6400 2676 30
6400 2676 5
6400 2676 14
6400 2676 60
6400 2685 7
6400 2685 11
6400 2685 21
6400 2685 34
6400 2548 30
6400 2548 44
6400 2548 19
6400 2548 50
6400 2562 10
6400 2562 45
6400 2562 5
6400 2562 18
6400 2570 20
6400 2570 39
6400 2570 38
6400 2570 4
6400 2576 54
6400 2576 45
6400 2576 52
6400 2576 19
6400 2572 13
6400 2572 7
6400 2572 21
6400 2572 45
6400 2675 10
6400 2675 25
6400 2675 22
6400 2675 1
6400 2683 39
6400 2683 28
6400 2683 0
6400 2683 55
6400 2686 13
6400 2686 31
6400 2686 8
6400 2686 58
6400 2553 15
6400 2553 3
6400 2553 42
6400 2553 40
6400 2567 36
6400 2567 41
6400 2567 25
6400 2567 42
6400 2634 43
6400 2634 24
6400 2634 59
6400 2634 53
6400 2738 7
6400 2738 54
6400 2738 10
6400 2738 35
6400 2571 1
6400 2571 58
6400 2571 23
6400 2571 24
6400 2677 0
6400 2677 33
6400 2677 5
6400 2677 59
6400 2680 6
6400 2680 44
6400 2680 29
6400 2680 13
6400 2684 1
6400 2684 3
6400 2684 35
6400 2684 35
6400 2687 22
6400 2687 26
6400 2687 51
6400 2687 59
6400 2547 19
6400 2547 12
6400 2547 54
6400 2547 39
6400 2554 7
6400 2554 56
6400 2554 18
6400 2554 46
6405 2673 58
6405 2673 25
6405 2673 1
6405 2673 10
6405 2564 28
6405 2564 0
6405 2564 23
6405 2564 38
6405 2574 12
6405 2574 2
6405 2574 20
6405 2574 17
6405 2563 24
6405 2563 46
6405 2563 6
6405 2563 41
6405 2566 51
6405 2566 29
6405 2566 45
6405 2566 31
6405 2674 35
6405 2674 17
6405 2674 26
6405 2674 59
6405 2575 48
6405 2575 21
6405 2575 31
6405 2575 1
6405 2550 38
6405 2550 6
6405 2550 42
6405 2550 3
6405 2549 46
6405 2549 24
6405 2549 12
6405 2549 42
6405 2565 57
6405 2565 24
6405 2565 50
6405 2565 43
6405 2573 10
6405 2573 60
6405 2573 46
6405 2573 36
6405 2676 52
6405 2676 2
6405 2676 44
6405 2676 48
6405 2685 1
6405 2685 36
6405 2685 24
6405 2685 33
6405 2548 32
6405 2548 24
6405 2548 7
6405 2548 44
6405 2562 25
6405 2562 38
6405 2562 46
6405 2562 9
6405 2570 27
6405 2570 4
6405 2570 9
6405 2570 8
6405 2576 59
6405 2576 39
6405 2576 25
6405 2576 29
6405 2572 34
6405 2572 12
6405 2572 24
6405 2572 10
6405 2675 46
6405 2675 46
6405 2675 58
6405 2675 25
6405 2683 28
6405 2683 1
6405 2683 28
6405 2683 33
6405 2686 37
6405 2686 25
6405 2686 35
6405 2686 42
6405 2553 30
6405 2553 6
6405 2553 7
6405 2553 35
6405 2567 34
6405 2567 32
6405 2567 18
6405 2567 43
6405 2634 51
6405 2634 12
6405 2634 46
6405 2634 32
6405 2738 24
6405 2738 12
6405 2738 43
6405 2738 50
6405 2571 38
6405 2571 17
6405 2571 47
6405 2571 23
6405 2677 38
6405 2677 10
6405 2677 5
6405 2677 35
6405 2680 14
6405 2680 44
6405 2680 55
6405 2680 10
6405 2684 29
6405 2684 7
6405 2684 8
6405 2684 43
6405 2687 48
6405 2687 7
6405 2687 38
6405 2687 56
6405 2547 34
6405 2547 4
6405 2547 34
6405 2547 40
6405 2554 2
6405 2554 42
6405 2554 3
6405 2554 26
6409 2673 53
6409 2673 44
6409 2673 49
6409 2673 57
6409 2564 25
6409 2564 17
6409 2564 50
6409 2564 49
6409 2574 4
6409 2574 1
6409 2574 43
6409 2574 28
6409 2563 60
6409 2563 4
6409 2563 29
6409 2563 12
6409 2566 35
6409 2566 54
6409 2566 26
6409 2566 45
6409 2674 48
6409 2674 9
6409 2674 28
6409 2674 54
6409 2575 54
6409 2575 10
6409 2575 39
6409 2575 48
6409 2550 12
6409 2550 36
6409 2550 5
6409 2550 20
6409 2549 60
6409 2549 49
6409 2549 26
6409 2549 57
6409 2565 3
6409 2565 37
6409 2565 31
6409 2565 21
6409 2573 37
6409 2573 56
6409 2573 19
6409 2573 20
6409 2676 55
6409 2676 49
6409 2676 57
6409 2676 56
6409 2685 22
6409 2685 24
6409 2685 49
6409 2685 47
6409 2548 7
6409 2548 28
6409 2548 38
6409 2548 11
6409 2562 46
6409 2562 2
6409 2562 43
6409 2562 4
6409 2570 45
6409 2570 15
6409 2570 51
6409 2570 58
6409 2576 2
6409 2576 53
6409 2576 9
6409 2576 49
6409 2572 0
6409 2572 27
6409 2572 17
6409 2572 14
6409 2675 9
6409 2675 52
6409 2675 30
6409 2675 33
6409 2683 58
6409 2683 49
6409 2683 26
6409 2683 20
6409 2686 46
6409 2686 19
6409 2686 23
6409 2686 17
6409 2553 28
6409 2553 23
6409 2553 44
6409 2553 25
6409 2567 5
6409 2567 23
6409 2567 27
6409 2567 49
6409 2634 45
6409 2634 5
6409 2634 5
6409 2634 41
6409 2738 56
6409 2738 54
6409 2738 51
6409 2738 33
6409 2571 28
6409 2571 54
6409 2571 55
6409 2571 5
6409 2677 2
6409 2677 9
6409 2677 36
6409 2677 58
6409 2680 44
6409 2680 11
6409 2680 18
6409 2680 30
6409 2684 51
6409 2684 31
6409 2684 21
6409 2684 32
6409 2687 41
6409 2687 2
6409 2687 44
6409 2687 4
6409 2547 48
6409 2547 45
6409 2547 60
6409 2547 29
6409 2554 45
6409 2554 46
6409 2554 19
6409 2554 12
9531 2673 0
9531 2673 39
9531 2673 19
9531 2673 14
9531 2564 12
9531 2564 56
9531 2564 1
9531 2564 57
9531 2574 2
9531 2574 40
9531 2574 28
9531 2574 26
9531 2563 60
9531 2563 37
9531 2563 54
9531 2563 40
9531 2566 20
9531 2566 4
9531 2566 52
9531 2566 23
9531 2674 53
9531 2674 30
9531 2674 7
9531 2674 45
9531 2575 38
9531 2575 50
9531 2575 39
9531 2575 10
9531 2550 45
9531 2550 18
9531 2550 20
9531 2550 9
9531 2549 3
9531 2549 24
9531 2549 44
9531 2549 55
9531 2565 36
9531 2565 17
9531 2565 34
9531 2565 13
9531 2573 15
9531 2573 41
9531 2573 26
9531 2573 50
9531 2676 42
9531 2676 60
9531 2676 6
9531 2676 53
9531 2685 2
9531 2685 25
9531 2685 38
9531 2685 59
9531 2548 53
9531 2548 15
9531 2548 51
9531 2548 3
9531 2562 52
9531 2562 35
9531 2562 52
9531 2562 45
9531 2570 23
9531 2570 44
9531 2570 43
9531 2570 23
9531 2576 40
9531 2576 0
9531 2576 35
9531 2576 0
9531 2572 3
9531 2572 30
9531 2572 46
9531 2572 16
9531 2675 16
9531 2675 6
9531 2675 56
9531 2675 51
9531 2683 13
9531 2683 27
9531 2683 11
9531 2683 26
9531 2686 56
9531 2686 26
9531 2686 9
9531 2686 5
9531 2553 17
9531 2553 4
9531 2553 45
9531 2553 45
9531 2567 55
9531 2567 55
9531 2567 1
9531 2567 9
9531 2634 59
9531 2634 4
9531 2634 18
9531 2634 1
9531 2738 45
9531 2738 35
9531 2738 1
9531 2738 51
9531 2571 60
9531 2571 38
9531 2571 32
9531 2571 55
9531 2677 2
9531 2677 5
9531 2677 52
9531 2677 50
9531 2680 18
9531 2680 3
9531 2680 19
9531 2680 42
9531 2684 49
9531 2684 21
9531 2684 9
9531 2684 44
9531 2687 15
9531 2687 10
9531 2687 29
9531 2687 1
9531 2547 19
9531 2547 60
9531 2547 51
9531 2547 7
9531 2554 20
9531 2554 39
9531 2554 31
9531 2554 28
6407 2673 25
6407 2673 9
6407 2673 28
6407 2673 58
6407 2564 27
6407 2564 59
6407 2564 56
6407 2564 21
6407 2574 25
6407 2574 42
6407 2574 28
6407 2574 29
6407 2563 58
6407 2563 57
6407 2563 24
6407 2563 7
6407 2566 33
6407 2566 31
6407 2566 39
6407 2566 52
6407 2674 10
6407 2674 42
6407 2674 7
6407 2674 45
6407 2575 50
6407 2575 23
6407 2575 49
6407 2575 32
6407 2550 7
6407 2550 54
6407 2550 13
6407 2550 26
6407 2549 59
6407 2549 9
6407 2549 47
6407 2549 3
6407 2565 53
6407 2565 30
6407 2565 6
6407 2565 23
6407 2573 38
6407 2573 16
6407 2573 25
6407 2573 50
6407 2676 39
6407 2676 40
6407 2676 21
6407 2676 45
6407 2685 53
6407 2685 6
6407 2685 54
6407 2685 18
6407 2548 31
6407 2548 30
6407 2548 7
6407 2548 24
6407 2562 44
6407 2562 48
6407 2562 6
6407 2562 57
6407 2570 56
6407 2570 45
6407 2570 29
6407 2570 5
6407 2576 2
6407 2576 44
6407 2576 16
6407 2576 1
6407 2572 38
6407 2572 47
6407 2572 15
6407 2572 15
6407 2675 6
6407 2675 7
6407 2675 13
6407 2675 40
6407 2683 5
6407 2683 59
6407 2683 46
6407 2683 43
6407 2686 54
6407 2686 47
6407 2686 53
6407 2686 30
6407 2553 6
6407 2553 7
6407 2553 14
6407 2553 49
6407 2567 36
6407 2567 8
6407 2567 15
6407 2567 4
6407 2634 53
6407 2634 25
6407 2634 42
6407 2634 48
6407 2738 50
6407 2738 58
6407 2738 2
6407 2738 29
6407 2571 22
6407 2571 22
6407 2571 48
6407 2571 44
6407 2677 42
6407 2677 41
6407 2677 19
6407 2677 21
6407 2680 53
6407 2680 54
6407 2680 12
6407 2680 20
6407 2684 54
6407 2684 45
6407 2684 42
6407 2684 41
6407 2687 36
6407 2687 52
6407 2687 35
6407 2687 57
6407 2547 14
6407 2547 48
6407 2547 45
6407 2547 9
6407 2554 22
6407 2554 45
6407 2554 9
6407 2554 37
6544 2673 0
6544 2673 55
6544 2673 18
6544 2673 54
6544 2564 25
6544 2564 55
6544 2564 23
6544 2564 6
6544 2574 37
6544 2574 59
6544 2574 9
6544 2574 26
6544 2563 8
6544 2563 7
6544 2563 27
6544 2563 39
6544 2566 7
6544 2566 17
6544 2566 29
6544 2566 60
6544 2674 58
6544 2674 49
6544 2674 43
6544 2674 5
6544 2575 60
6544 2575 5
6544 2575 36
6544 2575 17
6544 2550 10
6544 2550 4
6544 2550 58
6544 2550 20
6544 2549 17
6544 2549 15
6544 2549 12
6544 2549 48
6544 2565 2
6544 2565 38
6544 2565 10
6544 2565 52
6544 2573 60
6544 2573 60
6544 2573 0
6544 2573 29
6544 2676 13
6544 2676 52
6544 2676 53
6544 2676 8
6544 2685 53
6544 2685 13
6544 2685 45
6544 2685 32
6544 2548 12
6544 2548 22
6544 2548 49
6544 2548 10
6544 2562 27
6544 2562 58
6544 2562 11
6544 2562 3
6544 2570 53
6544 2570 27
6544 2570 32
6544 2570 22
6544 2576 1
6544 2576 29
6544 2576 29
6544 2576 19
6544 2572 56
6544 2572 8
6544 2572 3
6544 2572 28
6544 2675 21
6544 2675 15
6544 2675 54
6544 2675 21
6544 2683 20
6544 2683 6
6544 2683 58
6544 2683 23
6544 2686 9
6544 2686 41
6544 2686 11
6544 2686 57
6544 2553 50
6544 2553 55
6544 2553 21
6544 2553 60
6544 2567 43
6544 2567 14
6544 2567 10
6544 2567 6
6544 2634 42
6544 2634 34
6544 2634 59
6544 2634 38
6544 2738 17
6544 2738 56
6544 2738 49
6544 2738 14
6544 2571 5
6544 2571 52
6544 2571 25
6544 2571 49
6544 2677 43
6544 2677 32
6544 2677 43
6544 2677 25
6544 2680 15
6544 2680 7
6544 2680 14
6544 2680 53
6544 2684 22
6544 2684 36
6544 2684 23
6544 2684 1
6544 2687 9
6544 2687 3
6544 2687 15
6544 2687 42
6544 2547 21
6544 2547 3
6544 2547 34
6544 2547 52
6544 2554 53
6544 2554 45
6544 2554 39
6544 2554 40
9637 2673 60
9637 2673 53
9637 2673 34
9637 2673 45
9637 2564 18
9637 2564 40
9637 2564 49
9637 2564 40
9637 2574 48
9637 2574 28
9637 2574 26
9637 2574 56
9637 2563 7
9637 2563 13
9637 2563 45
9637 2563 60
9637 2566 2
9637 2566 14
9637 2566 24
9637 2566 16
9637 2674 43
9637 2674 21
9637 2674 37
9637 2674 58
9637 2575 18
9637 2575 5
9637 2575 19
9637 2575 51
9637 2550 46
9637 2550 1
9637 2550 3
9637 2550 5
9637 2549 28
9637 2549 58
9637 2549 33
9637 2549 35
9637 2565 48
9637 2565 14
9637 2565 29
9637 2565 28
9637 2573 33
9637 2573 32
9637 2573 36
9637 2573 32
9637 2676 48
9637 2676 54
9637 2676 55
9637 2676 7
9637 2685 34
9637 2685 5
9637 2685 48
9637 2685 40
9637 2548 3
9637 2548 44
9637 2548 47
9637 2548 49
9637 2562 6
9637 2562 40
9637 2562 60
9637 2562 60
9637 2570 45
9637 2570 16
9637 2570 50
9637 2570 42
9637 2576 36
9637 2576 9
9637 2576 44
9637 2576 29
9637 2572 53
9637 2572 28
9637 2572 24
9637 2572 30
9637 2675 57
9637 2675 56
9637 2675 56
9637 2675 16
9637 2683 24
9637 2683 37
9637 2683 52
9637 2683 6
9637 2686 12
9637 2686 26
9637 2686 37
9637 2686 52
9637 2553 41
9637 2553 14
9637 2553 1
9637 2553 46
9637 2567 1
9637 2567 39
9637 2567 40
9637 2567 17
9637 2634 24
9637 2634 1
9637 2634 12
9637 2634 59
9637 2738 2
9637 2738 41
9637 2738 29
9637 2738 44
9637 2571 18
9637 2571 1
9637 2571 29
9637 2571 1
9637 2677 15
9637 2677 34
9637 2677 7
9637 2677 41
9637 2680 3
9637 2680 13
9637 2680 36
9637 2680 52
9637 2684 5
9637 2684 39
9637 2684 42
9637 2684 29
9637 2687 28
9637 2687 52
9637 2687 7
9637 2687 45
9637 2547 44
9637 2547 45
9637 2547 1
9637 2547 19
9637 2554 0
9637 2554 32
9637 2554 44
9637 2554 55
9834 2673 18
9834 2673 34
9834 2673 21
9834 2673 5
9834 2564 11
9834 2564 3
9834 2564 38
9834 2564 34
9834 2574 57
9834 2574 25
9834 2574 31
9834 2574 1
9834 2563 11
9834 2563 12
9834 2563 26
9834 2563 35
9834 2566 23
9834 2566 9
9834 2566 9
9834 2566 58
9834 2674 10
9834 2674 46
9834 2674 60
9834 2674 18
9834 2575 47
9834 2575 42
9834 2575 3
9834 2575 35
9834 2550 10
9834 2550 56
9834 2550 53
9834 2550 54
9834 2549 36
9834 2549 25
9834 2549 17
9834 2549 15
9834 2565 44
9834 2565 50
9834 2565 45
9834 2565 2
9834 2573 58
9834 2573 45
9834 2573 36
9834 2573 21
9834 2676 45
9834 2676 9
9834 2676 3
9834 2676 60
9834 2685 7
9834 2685 38
9834 2685 23
9834 2685 40
9834 2548 3
9834 2548 49
9834 2548 28
9834 2548 30
9834 2562 13
9834 2562 22
9834 2562 28
9834 2562 11
9834 2570 13
9834 2570 16
9834 2570 17
9834 2570 32
9834 2576 41
9834 2576 31
9834 2576 9
9834 2576 1
9834 2572 53
9834 2572 13
9834 2572 15
9834 2572 17
9834 2675 15
9834 2675 27
9834 2675 46
9834 2675 31
9834 2683 20
9834 2683 34
9834 2683 52
9834 2683 49
9834 2686 2
9834 2686 58
9834 2686 54
9834 2686 24
9834 2553 39
9834 2553 60
9834 2553 8
9834 2553 3
9834 2567 2
9834 2567 16
9834 2567 53
9834 2567 36
9834 2634 1
9834 2634 40
9834 2634 18
9834 2634 32
9834 2738 9
9834 2738 17
9834 2738 46
9834 2738 56
9834 2571 55
9834 2571 25
9834 2571 27
9834 2571 17
9834 2677 20
9834 2677 31
9834 2677 12
9834 2677 26
9834 2680 11
9834 2680 31
9834 2680 4
9834 2680 5
9834 2684 30
9834 2684 38
9834 2684 33
9834 2684 31
9834 2687 2
9834 2687 28
9834 2687 24
9834 2687 49
9834 2547 1
9834 2547 33
9834 2547 48
9834 2547 40
9834 2554 36
9834 2554 2
9834 2554 59
9834 2554 19
6550 2673 5
6550 2673 41
6550 2673 35
6550 2673 53
6550 2564 44
6550 2564 26
6550 2564 34
6550 2564 16
6550 2574 32
6550 2574 11
6550 2574 23
6550 2574 19
6550 2563 33
6550 2563 22
6550 2563 0
6550 2563 34
6550 2566 54
6550 2566 30
6550 2566 2
6550 2566 6
6550 2674 13
6550 2674 35
6550 2674 15
6550 2674 54
6550 2575 60
6550 2575 18
6550 2575 8
6550 2575 23
6550 2550 6
6550 2550 51
6550 2550 45
6550 2550 37
6550 2549 1
6550 2549 25
6550 2549 45
6550 2549 42
6550 2565 59
6550 2565 58
6550 2565 18
6550 2565 15
6550 2573 28
6550 2573 10
6550 2573 23
6550 2573 42
6550 2676 59
6550 2676 19
6550 2676 59
6550 2676 60
6550 2685 26
6550 2685 26
6550 2685 34
6550 2685 21
6550 2548 35
6550 2548 51
6550 2548 39
6550 2548 60
6550 2562 52
6550 2562 10
6550 2562 17
6550 2562 17
6550 2570 30
6550 2570 32
6550 2570 1
6550 2570 24
6550 2576 41
6550 2576 15
6550 2576 1
6550 2576 1
6550 2572 56
6550 2572 42
6550 2572 60
6550 2572 35
6550 2675 3
6550 2675 33
6550 2675 19
6550 2675 6
6550 2683 30
6550 2683 33
6550 2683 57
6550 2683 34
6550 2686 19
6550 2686 26
6550 2686 5
6550 2686 26
6550 2553 34
6550 2553 13
6550 2553 23
6550 2553 16
6550 2567 56
6550 2567 42
6550 2567 14
6550 2567 9
6550 2634 34
6550 2634 15
6550 2634 36
6550 2634 10
6550 2738 55
6550 2738 17
6550 2738 19
6550 2738 6
6550 2571 21
6550 2571 12
6550 2571 37
6550 2571 40
6550 2677 46
6550 2677 56
6550 2677 16
6550 2677 15
6550 2680 28
6550 2680 60
6550 2680 53
6550 2680 22
6550 2684 58
6550 2684 13
6550 2684 57
6550 2684 37
6550 2687 3
6550 2687 16
6550 2687 13
6550 2687 21
6550 2547 16
6550 2547 45
6550 2547 53
6550 2547 41
6550 2554 54
6550 2554 30
6550 2554 20
6550 2554 37
6399 2673 19
6399 2673 0
6399 2673 20
6399 2673 52
6399 2564 39
6399 2564 47
6399 2564 43
6399 2564 47
6399 2574 55
6399 2574 45
6399 2574 44
6399 2574 49
6399 2563 53
6399 2563 55
6399 2563 31
6399 2563 21
6399 2566 8
6399 2566 11
6399 2566 23
6399 2566 48
6399 2674 30
6399 2674 58
6399 2674 49
6399 2674 51
6399 2575 53
6399 2575 37
6399 2575 2
6399 2575 23
6399 2550 12
6399 2550 60
6399 2550 38
6399 2550 21
6399 2549 57
6399 2549 34
6399 2549 29
6399 2549 43
6399 2565 53
6399 2565 17
6399 2565 16
6399 2565 24
6399 2573 45
6399 2573 40
6399 2573 28
6399 2573 19
6399 2676 26
6399 2676 19
6399 2676 54
6399 2676 5
6399 2685 0
6399 2685 12
6399 2685 56
6399 2685 37
6399 2548 37
6399 2548 55
6399 2548 60
6399 2548 28
6399 2562 42
6399 2562 5
6399 2562 0
6399 2562 13
6399 2570 36
6399 2570 17
6399 2570 9
6399 2570 50
6399 2576 48
6399 2576 32
6399 2576 2
6399 2576 2
6399 2572 29
6399 2572 45
6399 2572 19
6399 2572 20
6399 2675 29
6399 2675 27
6399 2675 1
6399 2675 55
6399 2683 60
6399 2683 42
6399 2683 45
6399 2683 3
6399 2686 25
6399 2686 2
6399 2686 51
6399 2686 19
6399 2553 1
6399 2553 34
6399 2553 30
6399 2553 14
6399 2567 3
6399 2567 16
6399 2567 30
6399 2567 40
6399 2634 1
6399 2634 59
6399 2634 58
6399 2634 57
6399 2738 18
6399 2738 18
6399 2738 41
6399 2738 39
6399 2571 15
6399 2571 26
6399 2571 44
6399 2571 27
6399 2677 39
6399 2677 41
6399 2677 32
6399 2677 43
6399 2680 15
6399 2680 56
6399 2680 27
6399 2680 13
6399 2684 45
6399 2684 10
6399 2684 7
6399 2684 12
6399 2687 56
6399 2687 39
6399 2687 32
6399 2687 50
6399 2547 19
6399 2547 50
6399 2547 34
6399 2547 23
6399 2554 53
6399 2554 52
6399 2554 57
6399 2554 43
6401 2673 59
6401 2673 17
6401 2673 1
6401 2673 12
6401 2564 24
6401 2564 32
6401 2564 4
6401 2564 16
6401 2574 26
6401 2574 35
6401 2574 57
6401 2574 31
6401 2563 14
6401 2563 60
6401 2563 0
6401 2563 44
6401 2566 42
6401 2566 52
6401 2566 49
6401 2566 2
6401 2674 50
6401 2674 31
6401 2674 28
6401 2674 38
6401 2575 45
6401 2575 4
6401 2575 6
6401 2575 42
6401 2550 1
6401 2550 4
6401 2550 2
6401 2550 8
6401 2549 42
6401 2549 28
6401 2549 46
6401 2549 40
6401 2565 22
6401 2565 3
6401 2565 33
6401 2565 51
6401 2573 41
6401 2573 40
6401 2573 35
6401 2573 60
6401 2676 42
6401 2676 16
6401 2676 50
6401 2676 16
6401 2685 60
6401 2685 20
6401 2685 33
6401 2685 5
6401 2548 58
6401 2548 15
6401 2548 47
6401 2548 45
6401 2562 24
6401 2562 42
6401 2562 15
6401 2562 55
6401 2570 49
6401 2570 4
6401 2570 39
6401 2570 41
6401 2576 22
6401 2576 32
6401 2576 9
6401 2576 2
6401 2572 44
6401 2572 38
6401 2572 60
6401 2572 50
6401 2675 46
6401 2675 56
6401 2675 52
6401 2675 44
6401 2683 29
6401 2683 57
6401 2683 60
6401 2683 45
6401 2686 22
6401 2686 8
6401 2686 47
6401 2686 46
6401 2553 54
6401 2553 12
6401 2553 15
6401 2553 21
6401 2567 3
6401 2567 59
6401 2567 21
6401 2567 48
6401 2634 29
6401 2634 40
6401 2634 24
6401 2634 17
6401 2738 15
6401 2738 20
6401 2738 0
6401 2738 23
6401 2571 43
6401 2571 54
6401 2571 38
6401 2571 15
6401 2677 41
6401 2677 30
6401 2677 4
6401 2677 54
6401 2680 29
6401 2680 46
6401 2680 21
6401 2680 47
6401 2684 11
6401 2684 21
6401 2684 3
6401 2684 11
6401 2687 32
6401 2687 60
6401 2687 58
6401 2687 3
6401 2547 5
6401 2547 40
6401 2547 52
6401 2547 41
6401 2554 48
6401 2554 5
6401 2554 10
6401 2554 38
6419 2673 39
6419 2673 1
6419 2673 7
6419 2673 24
6419 2564 41
6419 2564 5
6419 2564 15
6419 2564 22
6419 2574 60
6419 2574 39
6419 2574 40
6419 2574 41
6419 2563 17
6419 2563 34
6419 2563 37
6419 2563 36
6419 2566 9
6419 2566 40
6419 2566 60
6419 2566 27
6419 2674 21
6419 2674 40
6419 2674 53
6419 2674 9
6419 2575 52
6419 2575 56
6419 2575 29
6419 2575 1
6419 2550 53
6419 2550 35
6419 2550 9
6419 2550 45
6419 2549 26
6419 2549 17
6419 2549 44
6419 2549 28
6419 2565 35
6419 2565 57
6419 2565 34
6419 2565 24
6419 2573 58
6419 2573 49
6419 2573 13
6419 2573 56
6419 2676 51
6419 2676 49
6419 2676 4
6419 2676 17
6419 2685 47
6419 2685 45
6419 2685 34
6419 2685 31
6419 2548 43
6419 2548 7
6419 2548 20
6419 2548 22
6419 2562 40
6419 2562 25
6419 2562 56
6419 2562 49
6419 2570 1
6419 2570 55
6419 2570 48
6419 2570 40
6419 2576 26
6419 2576 41
6419 2576 46
6419 2576 28
6419 2572 41
6419 2572 24
6419 2572 20
6419 2572 27
6419 2675 54
6419 2675 26
6419 2675 25
6419 2675 28
6419 2683 59
6419 2683 60
6419 2683 43
6419 2683 33
6419 2686 14
6419 2686 48
6419 2686 56
6419 2686 24
6419 2553 52
6419 2553 7
6419 2553 60
6419 2553 14
6419 2567 57
6419 2567 50
6419 2567 19
6419 2567 35
6419 2634 33
6419 2634 24
6419 2634 42
6419 2634 50
6419 2738 46
6419 2738 11
6419 2738 60
6419 2738 21
6419 2571 14
6419 2571 35
6419 2571 20
6419 2571 29
6419 2677 26
6419 2677 44
6419 2677 41
6419 2677 54
6419 2680 40
6419 2680 5
6419 2680 3
6419 2680 2
6419 2684 58
6419 2684 8
6419 2684 34
6419 2684 42
6419 2687 1
6419 2687 38
6419 2687 49
6419 2687 35
6419 2547 9
6419 2547 4
6419 2547 39
6419 2547 31
6419 2554 54
6419 2554 54
6419 2554 31
6419 2554 42
9641 2673 5
9641 2673 3
9641 2673 14
9641 2673 3
9641 2564 26
9641 2564 59
9641 2564 13
9641 2564 41
9641 2574 23
9641 2574 34
9641 2574 45
9641 2574 11
9641 2563 19
9641 2563 14
9641 2563 41
9641 2563 20
9641 2566 38
9641 2566 11
9641 2566 9
9641 2566 55
9641 2674 44
9641 2674 3
9641 2674 26
9641 2674 43
9641 2575 24
9641 2575 46
9641 2575 60
9641 2575 59
9641 2550 28
9641 2550 11
9641 2550 20
9641 2550 8
9641 2549 3
9641 2549 9
9641 2549 46
9641 2549 5
9641 2565 45
9641 2565 21
9641 2565 53
9641 2565 9
9641 2573 19
9641 2573 0
9641 2573 39
9641 2573 49
9641 2676 50
9641 2676 0
9641 2676 40
9641 2676 48
9641 2685 13
9641 2685 39
9641 2685 50
9641 2685 28
9641 2548 6
9641 2548 27
9641 2548 57
9641 2548 50
9641 2562 9
9641 2562 20
9641 2562 30
9641 2562 48
9641 2570 13
9641 2570 30
9641 2570 22
9641 2570 7
9641 2576 16
9641 2576 52
9641 2576 3
9641 2576 49
9641 2572 23
9641 2572 36
9641 2572 29
9641 2572 55
9641 2675 5
9641 2675 33
9641 2675 52
9641 2675 54
9641 2683 14
9641 2683 47
9641 2683 12
9641 2683 40
9641 2686 27
9641 2686 59
9641 2686 42
9641 2686 32
9641 2553 3
9641 2553 26
9641 2553 54
9641 2553 1
9641 2567 60
9641 2567 36
9641 2567 33
9641 2567 27
9641 2634 13
9641 2634 20
9641 2634 1
9641 2634 15
9641 2738 2
9641 2738 19
9641 2738 7
9641 2738 32
9641 2571 31
9641 2571 6
9641 2571 31
9641 2571 52
9641 2677 57
9641 2677 51
9641 2677 1
9641 2677 5
9641 2680 7
9641 2680 9
9641 2680 20
9641 2680 60
9641 2684 25
9641 2684 36
9641 2684 12
9641 2684 4
9641 2687 45
9641 2687 47
9641 2687 34
9641 2687 11
9641 2547 16
9641 2547 22
9641 2547 29
9641 2547 17
9641 2554 41
9641 2554 23
9641 2554 42
9641 2554 13
6351 2673 2
6351 2673 49
6351 2673 56
6351 2673 47
6351 2564 39
6351 2564 9
6351 2564 15
6351 2564 50
6351 2574 2
6351 2574 50
6351 2574 45
6351 2574 45
6351 2563 29
6351 2563 12
6351 2563 27
6351 2563 20
6351 2566 34
6351 2566 31
6351 2566 34
6351 2566 22
6351 2674 58
6351 2674 33
6351 2674 54
6351 2674 5
6351 2575 44
6351 2575 24
6351 2575 3
6351 2575 15
6351 2550 12
6351 2550 12
6351 2550 36
6351 2550 17
6351 2549 24
6351 2549 35
6351 2549 2
6351 2549 30
6351 2565 32
6351 2565 20
6351 2565 19
6351 2565 33
6351 2573 50
6351 2573 14
6351 2573 2
6351 2573 47
6351 2676 13
6351 2676 47
6351 2676 41
6351 2676 13
6351 2685 48
6351 2685 60
6351 2685 5
6351 2685 45
6351 2548 46
6351 2548 31
6351 2548 1
6351 2548 22
6351 2562 55
6351 2562 21
6351 2562 56
6351 2562 12
6351 2570 31
6351 2570 60
6351 2570 18
6351 2570 9
6351 2576 41
6351 2576 42
6351 2576 0
6351 2576 33
6351 2572 19
6351 2572 37
6351 2572 26
6351 2572 34
6351 2675 0
6351 2675 44
6351 2675 3
6351 2675 13
6351 2683 17
6351 2683 41
6351 2683 32
6351 2683 29
6351 2686 6
6351 2686 18
6351 2686 5
6351 2686 53
6351 2553 4
6351 2553 36
6351 2553 23
6351 2553 0
6351 2567 32
6351 2567 57
6351 2567 16
6351 2567 36
6351 2634 46
6351 2634 0
6351 2634 5
6351 2634 41
6351 2738 43
6351 2738 14
6351 2738 23
6351 2738 48
6351 2571 54
6351 2571 22
6351 2571 3
6351 2571 8
6351 2677 22
6351 2677 13
6351 2677 32
6351 2677 13
6351 2680 40
6351 2680 10
6351 2680 48
6351 2680 59
6351 2684 51
6351 2684 24
6351 2684 8
6351 2684 58
6351 2687 39
6351 2687 53
6351 2687 12
6351 2687 33
6351 2547 18
6351 2547 48
6351 2547 31
6351 2547 56
6351 2554 27
6351 2554 1
6351 2554 19
6351 2554 48
8678 2673 52
8678 2673 35
8678 2673 9
8678 2673 39
8678 2564 8
8678 2564 49
8678 2564 50
8678 2564 32
8678 2574 49
8678 2574 10
8678 2574 42
8678 2574 5
8678 2563 48
8678 2563 58
8678 2563 20
8678 2563 11
8678 2566 0
8678 2566 56
8678 2566 21
8678 2566 32
8678 2674 2
8678 2674 24
8678 2674 51
8678 2674 47
8678 2575 38
8678 2575 59
8678 2575 31
8678 2575 43
8678 2550 55
8678 2550 26
8678 2550 46
8678 2550 40
8678 2549 56
8678 2549 37
8678 2549 21
8678 2549 33
8678 2565 37
8678 2565 6
8678 2565 36
8678 2565 3
8678 2573 30
8678 2573 53
8678 2573 28
8678 2573 32
8678 2676 53
8678 2676 25
8678 2676 39
8678 2676 52
8678 2685 44
8678 2685 38
8678 2685 29
8678 2685 57
8678 2548 11
8678 2548 53
8678 2548 5
8678 2548 15
8678 2562 57
8678 2562 11
8678 2562 22
8678 2562 42
8678 2570 39
8678 2570 50
8678 2570 13
8678 2570 24
8678 2576 17
8678 2576 48
8678 2576 41
8678 2576 23
8678 2572 57
8678 2572 36
8678 2572 11
8678 2572 15
8678 2675 19
8678 2675 56
8678 2675 40
8678 2675 29
8678 2683 59
8678 2683 35
8678 2683 28
8678 2683 2
8678 2686 49
8678 2686 22
8678 2686 37
8678 2686 11
8678 2553 20
8678 2553 17
8678 2553 20
8678 2553 34
8678 2567 8
8678 2567 51
8678 2567 28
8678 2567 60
8678 2634 38
8678 2634 3
8678 2634 53
8678 2634 31
8678 2738 43
8678 2738 42
8678 2738 14
8678 2738 29
8678 2571 50
8678 2571 17
8678 2571 50
8678 2571 13
8678 2677 6
8678 2677 46
8678 2677 13
8678 2677 34
8678 2680 14
8678 2680 13
8678 2680 9
8678 2680 20
8678 2684 2
8678 2684 44
8678 2684 55
8678 2684 30
8678 2687 29
8678 2687 42
8678 2687 29
8678 2687 26
8678 2547 59
8678 2547 1
8678 2547 35
8678 2547 35
8678 2554 4
8678 2554 2
8678 2554 4
8678 2554 29
9530 2673 9
9530 2673 21
9530 2673 3
9530 2673 37
9530 2564 27
9530 2564 9
9530 2564 21
9530 2564 43
9530 2574 47
9530 2574 48
9530 2574 33
9530 2574 18
9530 2563 27
9530 2563 0
9530 2563 37
9530 2563 47
9530 2566 4
9530 2566 45
9530 2566 11
9530 2566 19
9530 2674 46
9530 2674 28
9530 2674 35
9530 2674 12
9530 2575 38
9530 2575 38
9530 2575 53
9530 2575 49
9530 2550 25
9530 2550 7
9530 2550 42
9530 2550 8
9530 2549 27
9530 2549 1
9530 2549 9
9530 2549 12
9530 2565 37
9530 2565 21
9530 2565 12
9530 2565 41
9530 2573 19
9530 2573 48
9530 2573 20
9530 2573 54
9530 2676 6
9530 2676 36
9530 2676 41
9530 2676 56
9530 2685 14
9530 2685 37
9530 2685 34
9530 2685 27
9530 2548 27
9530 2548 29
9530 2548 3
9530 2548 22
9530 2562 56
9530 2562 29
9530 2562 13
9530 2562 57
9530 2570 15
9530 2570 26
9530 2570 57
9530 2570 24
9530 2576 32
9530 2576 46
9530 2576 50
9530 2576 13
9530 2572 35
9530 2572 45
9530 2572 4
9530 2572 17
9530 2675 60
9530 2675 5
9530 2675 17
9530 2675 5
9530 2683 47
9530 2683 41
9530 2683 44
9530 2683 27
9530 2686 22
9530 2686 48
9530 2686 26
9530 2686 48
9530 2553 13
9530 2553 7
9530 2553 57
9530 2553 43
9530 2567 41
9530 2567 32
9530 2567 47
9530 2567 42
9530 2634 18
9530 2634 14
9530 2634 23
9530 2634 51
9530 2738 40
9530 2738 14
9530 2738 8
9530 2738 32
9530 2571 24
9530 2571 49
9530 2571 9
9530 2571 11
9530 2677 58
9530 2677 43
9530 2677 53
9530 2677 3
9530 2680 24
9530 2680 47
9530 2680 2
9530 2680 59
9530 2684 14
9530 2684 47
9530 2684 54
9530 2684 50
9530 2687 25
9530 2687 25
9530 2687 34
9530 2687 14
9530 2547 60
9530 2547 8
9530 2547 22
9530 2547 6
9530 2554 20
9530 2554 57
9530 2554 55
9530 2554 54
6382 2673 22
6382 2673 24
6382 2673 48
6382 2673 23
6382 2564 48
6382 2564 37
6382 2564 13
6382 2564 53
6382 2574 1
6382 2574 54
6382 2574 21
6382 2574 16
6382 2563 38
6382 2563 36
6382 2563 49
6382 2563 31
6382 2566 53
6382 2566 29
6382 2566 6
6382 2566 19
6382 2674 58
6382 2674 6
6382 2674 19
6382 2674 36
6382 2575 39
6382 2575 5
6382 2575 23
6382 2575 5
6382 2550 0
6382 2550 2
6382 2550 40
6382 2550 39
6382 2549 14
6382 2549 40
6382 2549 22
6382 2549 21
6382 2565 15
6382 2565 5
6382 2565 50
6382 2565 8
6382 2573 9
6382 2573 15
6382 2573 34
6382 2573 52
6382 2676 58
6382 2676 21
6382 2676 27
6382 2676 2
6382 2685 20
6382 2685 23
6382 2685 54
6382 2685 22
6382 2548 46
6382 2548 20
6382 2548 26
6382 2548 14
6382 2562 7
6382 2562 28
6382 2562 30
6382 2562 0
6382 2570 10
6382 2570 33
6382 2570 13
6382 2570 48
6382 2576 30
6382 2576 58
6382 2576 21
6382 2576 51
6382 2572 45
6382 2572 29
6382 2572 54
6382 2572 30
6382 2675 46
6382 2675 32
6382 2675 60
6382 2675 17
6382 2683 28
6382 2683 19
6382 2683 4
6382 2683 35
6382 2686 48
6382 2686 52
6382 2686 59
6382 2686 60
6382 2553 14
6382 2553 37
6382 2553 1
6382 2553 31
6382 2567 49
6382 2567 44
6382 2567 3
6382 2567 18
6382 2634 23
6382 2634 48
6382 2634 4
6382 2634 18
6382 2738 7
6382 2738 44
6382 2738 17
6382 2738 33
6382 2571 39
6382 2571 15
6382 2571 15
6382 2571 17
6382 2677 20
6382 2677 22
6382 2677 6
6382 2677 58
6382 2680 54
6382 2680 11
6382 2680 35
6382 2680 59
6382 2684 59
6382 2684 15
6382 2684 20
6382 2684 20
6382 2687 35
6382 2687 6
6382 2687 30
6382 2687 14
6382 2547 8
6382 2547 14
6382 2547 41
6382 2547 7
6382 2554 46
6382 2554 32
6382 2554 22
6382 2554 48
6543 2673 43
6543 2673 25
6543 2673 6
6543 2673 30
6543 2564 18
6543 2564 14
6543 2564 53
6543 2564 16
6543 2574 58
6543 2574 22
6543 2574 39
6543 2574 33
6543 2563 5
6543 2563 55
6543 2563 58
6543 2563 28
6543 2566 33
6543 2566 50
6543 2566 10
6543 2566 31
6543 2674 48
6543 2674 14
6543 2674 48
6543 2674 46
6543 2575 40
6543 2575 33
6543 2575 26
6543 2575 35
6543 2550 1
6543 2550 44
6543 2550 34
6543 2550 17
6543 2549 42
6543 2549 57
6543 2549 28
6543 2549 59
6543 2565 43
6543 2565 51
6543 2565 2
6543 2565 47
6543 2573 3
6543 2573 60
6543 2573 7
6543 2573 20
6543 2676 5
6543 2676 17
6543 2676 42
6543 2676 15
6543 2685 20
6543 2685 25
6543 2685 42
6543 2685 46
6543 2548 28
6543 2548 31
6543 2548 19
6543 2548 21
6543 2562 28
6543 2562 59
6543 2562 36
6543 2562 20
6543 2570 30
6543 2570 44
6543 2570 53
6543 2570 39
6543 2576 36
6543 2576 14
6543 2576 39
6543 2576 11
6543 2572 58
6543 2572 10
6543 2572 48
6543 2572 38
6543 2675 24
6543 2675 14
6543 2675 44
6543 2675 42
6543 2683 59
6543 2683 6
6543 2683 58
6543 2683 21
6543 2686 45
6543 2686 59
6543 2686 50
6543 2686 28
6543 2553 23
6543 2553 27
6543 2553 51
6543 2553 51
6543 2567 40
6543 2567 44
6543 2567 17
6543 2567 21
6543 2634 57
6543 2634 32
6543 2634 19
6543 2634 13
6543 2738 32
6543 2738 60
6543 2738 41
6543 2738 23
6543 2571 24
6543 2571 10
6543 2571 28
6543 2571 53
6543 2677 57
6543 2677 55
6543 2677 6
6543 2677 53
6543 2680 36
6543 2680 39
6543 2680 1
6543 2680 21
6543 2684 51
6543 2684 43
6543 2684 32
6543 2684 43
6543 2687 30
6543 2687 28
6543 2687 8
6543 2687 19
6543 2547 45
6543 2547 34
6543 2547 29
6543 2547 49
6543 2554 38
6543 2554 20
6543 2554 29
6543 2554 42
6549 2673 40
6549 2673 8
6549 2673 50
6549 2673 53
6549 2564 4
6549 2564 31
6549 2564 8
6549 2564 58
6549 2574 14
6549 2574 58
6549 2574 7
6549 2574 17
6549 2563 2
6549 2563 12
6549 2563 15
6549 2563 59
6549 2566 54
6549 2566 49
6549 2566 25
6549 2566 1
6549 2674 18
6549 2674 55
6549 2674 24
6549 2674 22
6549 2575 21
6549 2575 46
6549 2575 14
6549 2575 42
6549 2550 40
6549 2550 32
6549 2550 28
6549 2550 21
6549 2549 27
6549 2549 19
6549 2549 52
6549 2549 35
6549 2565 50
6549 2565 4
6549 2565 29
6549 2565 17
6549 2573 15
6549 2573 60
6549 2573 58
6549 2573 50
6549 2676 11
6549 2676 33
6549 2676 8
6549 2676 24
6549 2685 54
6549 2685 1
6549 2685 59
6549 2685 40
6549 2548 55
6549 2548 54
6549 2548 6
6549 2548 20
6549 2562 9
6549 2562 5
6549 2562 8
6549 2562 42
6549 2570 53
6549 2570 5
6549 2570 10
6549 2570 15
6549 2576 43
6549 2576 44
6549 2576 29
6549 2576 23
6549 2572 60
6549 2572 3
6549 2572 20
6549 2572 28
6549 2675 4
6549 2675 9
6549 2675 0
6549 2675 11
6549 2683 41
6549 2683 57
6549 2683 30
6549 2683 26
6549 2686 58
6549 2686 25
6549 2686 22
6549 2686 49
6549 2553 36
6549 2553 7
6549 2553 16
6549 2553 7
6549 2567 2
6549 2567 55
6549 2567 16
6549 2567 47
6549 2634 33
6549 2634 48
6549 2634 13
6549 2634 58
6549 2738 59
6549 2738 59
6549 2738 38
6549 2738 57
6549 2571 34
6549 2571 11
6549 2571 23
6549 2571 47
6549 2677 5
6549 2677 8
6549 2677 13
6549 2677 19
6549 2680 5
6549 2680 6
6549 2680 60
6549 2680 5
6549 2684 9
6549 2684 51
6549 2684 57
6549 2684 58
6549 2687 32
6549 2687 27
6549 2687 58
6549 2687 30
6549 2547 28
6549 2547 56
6549 2547 48
6549 2547 36
6549 2554 60
6549 2554 47
6549 2554 8
6549 2554 33
6552 2673 47
6552 2673 45
6552 2673 36
6552 2673 52
6552 2564 56
6552 2564 3
6552 2564 17
6552 2564 16
6552 2574 43
6552 2574 3
6552 2574 12
6552 2574 56
6552 2563 17
6552 2563 6
6552 2563 59
6552 2563 47
6552 2566 34
6552 2566 30
6552 2566 59
6552 2566 39
6552 2674 15
6552 2674 37
6552 2674 14
6552 2674 15
6552 2575 52
6552 2575 20
6552 2575 27
6552 2575 40
6552 2550 57
6552 2550 60
6552 2550 37
6552 2550 54
6552 2549 55
6552 2549 39
6552 2549 16
6552 2549 44
6552 2565 0
6552 2565 8
6552 2565 16
6552 2565 24
6552 2573 50
6552 2573 0
6552 2573 59
6552 2573 1
6552 2676 46
6552 2676 15
6552 2676 29
6552 2676 11
6552 2685 51
6552 2685 50
6552 2685 48
6552 2685 43
6552 2548 41
6552 2548 8
6552 2548 8
6552 2548 25
6552 2562 16
6552 2562 19
6552 2562 19
6552 2562 30
6552 2570 45
6552 2570 48
6552 2570 17
6552 2570 43
6552 2576 59
6552 2576 10
6552 2576 35
6552 2576 57
6552 2572 11
6552 2572 44
6552 2572 18
6552 2572 23
6552 2675 21
6552 2675 1
6552 2675 52
6552 2675 39
6552 2683 8
6552 2683 46
6552 2683 17
6552 2683 58
6552 2686 22
6552 2686 41
6552 2686 40
6552 2686 6
6552 2553 14
6552 2553 20
6552 2553 34
6552 2553 32
6552 2567 39
6552 2567 40
6552 2567 27
6552 2567 20
6552 2634 11
6552 2634 50
6552 2634 32
6552 2634 3
6552 2738 58
6552 2738 44
6552 2738 42
6552 2738 0
6552 2571 3
6552 2571 20
6552 2571 49
6552 2571 48
6552 2677 2
6552 2677 19
6552 2677 9
6552 2677 3
6552 2680 7
6552 2680 7
6552 2680 49
6552 2680 31
6552 2684 24
6552 2684 50
6552 2684 0
6552 2684 35
6552 2687 19
6552 2687 50
6552 2687 35
6552 2687 14
6552 2547 52
6552 2547 12
6552 2547 52
6552 2547 34
6552 2554 16
6552 2554 12
6552 2554 18
6552 2554 9
9638 2673 54
9638 2673 27
9638 2673 32
9638 2673 43
9638 2564 15
9638 2564 41
9638 2564 48
9638 2564 16
9638 2574 9
9638 2574 30
9638 2574 21
9638 2574 26
9638 2563 41
9638 2563 48
9638 2563 16
9638 2563 59
9638 2566 51
9638 2566 43
9638 2566 45
9638 2566 59
9638 2674 60
9638 2674 18
9638 2674 31
9638 2674 11
9638 2575 20
9638 2575 30
9638 2575 0
9638 2575 41
9638 2550 42
9638 2550 54
9638 2550 4
9638 2550 55
9638 2549 21
9638 2549 58
9638 2549 7
9638 2549 29
9638 2565 44
9638 2565 58
9638 2565 13
9638 2565 36
9638 2573 39
9638 2573 7
9638 2573 18
9638 2573 9
9638 2676 1
9638 2676 56
9638 2676 39
9638 2676 32
9638 2685 33
9638 2685 31
9638 2685 58
9638 2685 5
9638 2548 32
9638 2548 45
9638 2548 23
9638 2548 42
9638 2562 40
9638 2562 32
9638 2562 3
9638 2562 24
9638 2570 9
9638 2570 32
9638 2570 12
9638 2570 48
9638 2576 7
9638 2576 33
9638 2576 34
9638 2576 28
9638 2572 17
9638 2572 47
9638 2572 16
9638 2572 54
9638 2675 44
9638 2675 23
9638 2675 40
9638 2675 55
9638 2683 38
9638 2683 27
9638 2683 41
9638 2683 3
9638 2686 38
9638 2686 55
9638 2686 51
9638 2686 10
9638 2553 28
9638 2553 37
9638 2553 47
9638 2553 50
9638 2567 48
9638 2567 25
9638 2567 10
9638 2567 48
9638 2634 57
9638 2634 48
9638 2634 40
9638 2634 45
9638 2738 45
9638 2738 45
9638 2738 7
9638 2738 11
9638 2571 42
9638 2571 3
9638 2571 42
9638 2571 13
9638 2677 34
9638 2677 50
9638 2677 46
9638 2677 7
9638 2680 7
9638 2680 47
9638 2680 48
9638 2680 46
9638 2684 18
9638 2684 10
9638 2684 35
9638 2684 12
9638 2687 47
9638 2687 9
9638 2687 22
9638 2687 20
9638 2547 44
9638 2547 59
9638 2547 24
9638 2547 2
9638 2554 54
9638 2554 51
9638 2554 27
9638 2554 5
9639 2673 14
9639 2673 9
9639 2673 32
9639 2673 46
9639 2564 28
9639 2564 48
9639 2564 7
9639 2564 27
9639 2574 43
9639 2574 25
9639 2574 0
9639 2574 21
9639 2563 23
9639 2563 9
9639 2563 22
9639 2563 1
9639 2566 21
9639 2566 23
9639 2566 55
9639 2566 15
9639 2674 1
9639 2674 45
9639 2674 27
9639 2674 34
9639 2575 51
9639 2575 30
9639 2575 20
9639 2575 8
9639 2550 21
9639 2550 31
9639 2550 20
9639 2550 20
9639 2549 25
9639 2549 57
9639 2549 60
9639 2549 47
9639 2565 57
9639 2565 38
9639 2565 57
9639 2565 25
9639 2573 35
9639 2573 2
9639 2573 6
9639 2573 56
9639 2676 35
9639 2676 58
9639 2676 32
9639 2676 44
9639 2685 9
9639 2685 36
9639 2685 53
9639 2685 10
9639 2548 55
9639 2548 18
9639 2548 9
9639 2548 54
9639 2562 30
9639 2562 16
9639 2562 24
9639 2562 49
9639 2570 58
9639 2570 47
9639 2570 6
9639 2570 3
9639 2576 58
9639 2576 30
9639 2576 43
9639 2576 56
9639 2572 24
9639 2572 5
9639 2572 38
9639 2572 26
9639 2675 55
9639 2675 59
9639 2675 46
9639 2675 3
9639 2683 39
9639 2683 12
9639 2683 12
9639 2683 6
9639 2686 5
9639 2686 40
9639 2686 38
9639 2686 27
9639 2553 1
9639 2553 19
9639 2553 18
9639 2553 34
9639 2567 21
9639 2567 13
9639 2567 45
9639 2567 39
9639 2634 41
9639 2634 30
9639 2634 54
9639 2634 35
9639 2738 3
9639 2738 26
9639 2738 25
9639 2738 16
9639 2571 19
9639 2571 27
9639 2571 33
9639 2571 54
9639 2677 27
9639 2677 25
9639 2677 4
9639 2677 29
9639 2680 46
9639 2680 9
9639 2680 13
9639 2680 59
9639 2684 2
9639 2684 54
9639 2684 37
9639 2684 39
9639 2687 7
9639 2687 22
9639 2687 14
9639 2687 53
9639 2547 33
9639 2547 50
9639 2547 57
9639 2547 34
9639 2554 17
9639 2554 7
9639 2554 49
9639 2554 14
9729 2673 24
9729 2673 35
9729 2673 19
9729 2673 43
9729 2564 27
9729 2564 55
9729 2564 3
9729 2564 17
9729 2574 60
9729 2574 11
9729 2574 24
9729 2574 48
9729 2563 41
9729 2563 48
9729 2563 1
9729 2563 39
9729 2566 14
9729 2566 27
9729 2566 54
9729 2566 42
9729 2674 2
9729 2674 59
9729 2674 46
9729 2674 54
9729 2575 34
9729 2575 58
9729 2575 39
9729 2575 30
9729 2550 35
9729 2550 41
9729 2550 3
9729 2550 42
9729 2549 13
9729 2549 35
9729 2549 53
9729 2549 8
9729 2565 12
9729 2565 38
9729 2565 18
9729 2565 42
9729 2573 32
9729 2573 2
9729 2573 58
9729 2573 35
9729 2676 39
9729 2676 58
9729 2676 14
9729 2676 40
9729 2685 36
9729 2685 33
9729 2685 34
9729 2685 9
9729 2548 35
9729 2548 58
9729 2548 48
9729 2548 27
9729 2562 11
9729 2562 31
9729 2562 39
9729 2562 49
9729 2570 53
9729 2570 47
9729 2570 14
9729 2570 27
9729 2576 46
9729 2576 58
9729 2576 41
9729 2576 53
9729 2572 56
9729 2572 25
9729 2572 1
9729 2572 46
9729 2675 22
9729 2675 58
9729 2675 14
9729 2675 31
9729 2683 46
9729 2683 22
9729 2683 54
9729 2683 57
9729 2686 21
9729 2686 31
9729 2686 41
9729 2686 60
9729 2553 28
9729 2553 5
9729 2553 8
9729 2553 53
9729 2567 42
9729 2567 37
9729 2567 47
9729 2567 39
9729 2634 51
9729 2634 1
9729 2634 54
9729 2634 56
9729 2738 45
9729 2738 10
9729 2738 33
9729 2738 32
9729 2571 48
9729 2571 35
9729 2571 7
9729 2571 28
9729 2677 44
9729 2677 22
9729 2677 58
9729 2677 11
9729 2680 26
9729 2680 9
9729 2680 29
9729 2680 10
9729 2684 38
9729 2684 37
9729 2684 50
9729 2684 39
9729 2687 57
9729 2687 22
9729 2687 51
9729 2687 0
9729 2547 24
9729 2547 12
9729 2547 32
9729 2547 18
9729 2554 54
9729 2554 25
9729 2554 58
9729 2554 24
6392 2673 58
6392 2673 2
6392 2673 38
6392 2673 32
6392 2564 55
6392 2564 11
6392 2564 24
6392 2564 59
6392 2574 51
6392 2574 60
6392 2574 37
6392 2574 29
6392 2563 10
6392 2563 26
6392 2563 39
6392 2563 38
6392 2566 52
6392 2566 7
6392 2566 17
6392 2566 59
6392 2674 39
6392 2674 19
6392 2674 16
6392 2674 29
6392 2575 4
6392 2575 43
6392 2575 24
6392 2575 5
6392 2550 9
6392 2550 20
6392 2550 35
6392 2550 55
6392 2549 36
6392 2549 18
6392 2549 47
6392 2549 36
6392 2565 57
6392 2565 46
6392 2565 22
6392 2565 55
6392 2573 16
6392 2573 2
6392 2573 5
6392 2573 0
6392 2676 10
6392 2676 59
6392 2676 11
6392 2676 33
6392 2685 11
6392 2685 22
6392 2685 4
6392 2685 51
6392 2548 8
6392 2548 41
6392 2548 54
6392 2548 47
6392 2562 16
6392 2562 59
6392 2562 23
6392 2562 43
6392 2570 40
6392 2570 23
6392 2570 58
6392 2570 21
6392 2576 33
6392 2576 57
6392 2576 12
6392 2576 34
6392 2572 24
6392 2572 57
6392 2572 18
6392 2572 22
6392 2675 26
6392 2675 54
6392 2675 46
6392 2675 50
6392 2683 36
6392 2683 55
6392 2683 23
6392 2683 56
6392 2686 17
6392 2686 32
6392 2686 18
6392 2686 38
6392 2553 24
6392 2553 40
6392 2553 6
6392 2553 27
6392 2567 57
6392 2567 37
6392 2567 10
6392 2567 24
6392 2634 22
6392 2634 33
6392 2634 16
6392 2634 36
6392 2738 9
6392 2738 2
6392 2738 25
6392 2738 47
6392 2571 52
6392 2571 42
6392 2571 21
6392 2571 52
6392 2677 10
6392 2677 16
6392 2677 12
6392 2677 60
6392 2680 13
6392 2680 27
6392 2680 51
6392 2680 19
6392 2684 31
6392 2684 59
6392 2684 37
6392 2684 11
6392 2687 54
6392 2687 53
6392 2687 20
6392 2687 30
6392 2547 39
6392 2547 49
6392 2547 32
6392 2547 52
6392 2554 4
6392 2554 9
6392 2554 0
6392 2554 16
6418 2673 13
6418 2673 45
6418 2673 13
6418 2673 35
6418 2564 46
6418 2564 3
6418 2564 37
6418 2564 14
6418 2574 37
6418 2574 32
6418 2574 24
6418 2574 34
6418 2563 41
6418 2563 44
6418 2563 17
6418 2563 15
6418 2566 4
6418 2566 44
6418 2566 45
6418 2566 59
6418 2674 43
6418 2674 38
6418 2674 33
6418 2674 51
6418 2575 49
6418 2575 46
6418 2575 28
6418 2575 43
6418 2550 59
6418 2550 0
6418 2550 34
6418 2550 3
6418 2549 58
6418 2549 59
6418 2549 23
6418 2549 29
6418 2565 18
6418 2565 2
6418 2565 0
6418 2565 34
6418 2573 21
6418 2573 32
6418 2573 19
6418 2573 11
6418 2676 12
6418 2676 44
6418 2676 19
6418 2676 20
6418 2685 15
6418 2685 43
6418 2685 17
6418 2685 53
6418 2548 56
6418 2548 53
6418 2548 17
6418 2548 10
6418 2562 16
6418 2562 16
6418 2562 26
6418 2562 13
6418 2570 14
6418 2570 58
6418 2570 45
6418 2570 59
6418 2576 47
6418 2576 35
6418 2576 14
6418 2576 35
6418 2572 45
6418 2572 3
6418 2572 7
6418 2572 47
6418 2675 59
6418 2675 46
6418 2675 30
6418 2675 17
6418 2683 7
6418 2683 55
6418 2683 24
6418 2683 4
6418 2686 52
6418 2686 47
6418 2686 40
6418 2686 13
6418 2553 1
6418 2553 35
6418 2553 30
6418 2553 20
6418 2567 46
6418 2567 7
6418 2567 4
6418 2567 8
6418 2634 1
6418 2634 15
6418 2634 57
6418 2634 38
6418 2738 3
6418 2738 24
6418 2738 44
6418 2738 22
6418 2571 12
6418 2571 17
6418 2571 29
6418 2571 28
6418 2677 35
6418 2677 55
6418 2677 36
6418 2677 16
6418 2680 16
6418 2680 14
6418 2680 49
6418 2680 15
6418 2684 42
6418 2684 49
6418 2684 39
6418 2684 32
6418 2687 51
6418 2687 54
6418 2687 0
6418 2687 41
6418 2547 29
6418 2547 0
6418 2547 16
6418 2547 42
6418 2554 45
6418 2554 35
6418 2554 36
6418 2554 8
