8475 8152 47
8475 8152 3
8475 8152 56
8475 8152 11
8475 8151 10
8475 8151 42
8475 8151 23
8475 8151 38
8475 8142 8
8475 8142 5
8475 8142 19
8475 8142 2
8475 8157 43
8475 8157 34
8475 8157 10
8475 8157 1
8475 8162 1
8475 8162 43
8475 8162 30
8475 8162 8
8475 8141 29
8475 8141 48
8475 8141 1
8475 8141 19
8475 8153 59
8475 8153 30
8475 8153 23
8475 8153 50
8475 8161 21
8475 8161 21
8475 8161 35
8475 8161 55
8475 7643 45
8475 7643 31
8475 7643 15
8475 7643 2
8475 8146 15
8475 8146 13
8475 8146 36
8475 8146 43
8475 8156 19
8475 8156 27
8475 8156 47
8475 8156 29
8475 8160 58
8475 8160 5
8475 8160 38
8475 8160 37
8475 8167 8
8475 8167 29
8475 8167 3
8475 8167 3
8475 7639 8
8475 7639 6
8475 7639 1
8475 7639 8
8475 8143 43
8475 8143 17
8475 8143 55
8475 8143 15
8475 8150 14
8475 8150 5
8475 8150 49
8475 8150 0
8475 8163 52
8475 8163 4
8475 8163 33
8475 8163 53
8475 8166 58
8475 8166 59
8475 8166 1
8475 8166 4
8475 7642 53
8475 7642 34
8475 7642 12
8475 7642 59
8475 8140 39
8475 8140 19
8475 8140 21
8475 8140 54
8475 8145 22
8475 8145 42
8475 8145 52
8475 8145 27
8475 8154 28
8475 8154 18
8475 8154 1
8475 8154 14
8475 8158 54
8475 8158 49
8475 8158 37
8475 8158 6
8475 8206 14
8475 8206 33
8475 8206 17
8475 8206 58
8475 8208 58
8475 8208 30
8475 8208 13
8475 8208 30
8475 7638 17
8475 7638 37
8475 7638 44
8475 7638 39
8475 7637 6
8475 7637 42
8475 7637 15
8475 7637 41
8475 7663 35
8475 7663 13
8475 7663 50
8475 7663 38
8475 8148 9
8475 8148 24
8475 8148 60
8475 8148 60
8475 8164 53
8475 8164 18
8475 8164 23
8475 8164 8
8475 8168 28
8475 8168 21
8475 8168 13
8475 8168 49
8475 8207 1
8475 8207 33
8475 8207 11
8475 8207 59
8473 8152 13
8473 8152 28
8473 8152 32
8473 8152 59
8473 8151 37
8473 8151 4
8473 8151 57
8473 8151 5
8473 8142 31
8473 8142 4
8473 8142 16
8473 8142 53
8473 8157 52
8473 8157 24
8473 8157 44
8473 8157 13
8473 8162 54
8473 8162 5
8473 8162 21
8473 8162 22
8473 8141 3
8473 8141 9
8473 8141 7
8473 8141 40
8473 8153 53
8473 8153 42
8473 8153 52
8473 8153 19
8473 8161 50
8473 8161 25
8473 8161 6
8473 8161 17
8473 7643 51
8473 7643 3
8473 7643 59
8473 7643 44
8473 8146 30
8473 8146 48
8473 8146 34
8473 8146 51
8473 8156 21
8473 8156 32
8473 8156 2
8473 8156 4
8473 8160 26
8473 8160 12
8473 8160 51
8473 8160 8
8473 8167 47
8473 8167 10
8473 8167 4
8473 8167 39
8473 7639 60
8473 7639 52
8473 7639 60
8473 7639 19
8473 8143 1
8473 8143 54
8473 8143 15
8473 8143 17
8473 8150 10
8473 8150 18
8473 8150 37
8473 8150 59
8473 8163 9
8473 8163 17
8473 8163 28
8473 8163 22
8473 8166 31
8473 8166 34
8473 8166 34
8473 8166 14
8473 7642 31
8473 7642 4
8473 7642 27
8473 7642 35
8473 8140 24
8473 8140 51
8473 8140 13
8473 8140 12
8473 8145 55
8473 8145 27
8473 8145 53
8473 8145 1
8473 8154 32
8473 8154 50
8473 8154 39
8473 8154 56
8473 8158 18
8473 8158 28
8473 8158 26
8473 8158 59
8473 8206 9
8473 8206 44
8473 8206 47
8473 8206 37
8473 8208 38
8473 8208 5
8473 8208 60
8473 8208 9
8473 7638 57
8473 7638 39
8473 7638 13
8473 7638 34
8473 7637 38
8473 7637 54
8473 7637 54
8473 7637 46
8473 7663 34
8473 7663 51
8473 7663 33
8473 7663 41
8473 8148 35
8473 8148 0
8473 8148 49
8473 8148 45
8473 8164 32
8473 8164 28
8473 8164 44
8473 8164 53
8473 8168 20
8473 8168 12
8473 8168 57
8473 8168 14
8473 8207 47
8473 8207 56
8473 8207 54
8473 8207 54
8470 8152 26
8470 8152 32
8470 8152 54
8470 8152 56
8470 8151 36
8470 8151 36
8470 8151 2
8470 8151 60
8470 8142 3
8470 8142 50
8470 8142 29
8470 8142 12
8470 8157 51
8470 8157 13
8470 8157 20
8470 8157 23
8470 8162 23
8470 8162 27
8470 8162 9
8470 8162 53
8470 8141 57
8470 8141 5
8470 8141 51
8470 8141 45
8470 8153 7
8470 8153 54
8470 8153 12
8470 8153 44
8470 8161 26
8470 8161 51
8470 8161 35
8470 8161 9
8470 7643 18
8470 7643 31
8470 7643 30
8470 7643 3
8470 8146 48
8470 8146 21
8470 8146 7
8470 8146 21
8470 8156 59
8470 8156 38
8470 8156 40
8470 8156 53
8470 8160 56
8470 8160 50
8470 8160 47
8470 8160 55
8470 8167 3
8470 8167 37
8470 8167 34
8470 8167 39
8470 7639 54
8470 7639 12
8470 7639 34
8470 7639 11
8470 8143 2
8470 8143 30
8470 8143 3
8470 8143 17
8470 8150 36
8470 8150 21
8470 8150 0
8470 8150 40
8470 8163 42
8470 8163 13
8470 8163 50
8470 8163 13
8470 8166 41
8470 8166 33
8470 8166 31
8470 8166 35
8470 7642 60
8470 7642 8
8470 7642 30
8470 7642 32
8470 8140 15
8470 8140 36
8470 8140 43
8470 8140 39
8470 8145 19
8470 8145 19
8470 8145 23
8470 8145 1
8470 8154 48
8470 8154 2
8470 8154 25
8470 8154 34
8470 8158 16
8470 8158 31
8470 8158 17
8470 8158 34
8470 8206 47
8470 8206 52
8470 8206 48
8470 8206 49
8470 8208 31
8470 8208 39
8470 8208 39
8470 8208 24
8470 7638 20
8470 7638 45
8470 7638 31
8470 7638 5
8470 7637 11
8470 7637 11
8470 7637 40
8470 7637 31
8470 7663 60
8470 7663 3
8470 7663 19
8470 7663 47
8470 8148 55
8470 8148 42
8470 8148 21
8470 8148 34
8470 8164 19
8470 8164 9
8470 8164 13
8470 8164 47
8470 8168 41
8470 8168 3
8470 8168 47
8470 8168 49
8470 8207 49
8470 8207 59
8470 8207 0
8470 8207 5
8476 8152 7
8476 8152 45
8476 8152 12
8476 8152 23
8476 8151 47
8476 8151 41
8476 8151 29
8476 8151 1
8476 8142 4
8476 8142 23
8476 8142 49
8476 8142 17
8476 8157 40
8476 8157 7
8476 8157 17
8476 8157 12
8476 8162 55
8476 8162 12
8476 8162 33
8476 8162 27
8476 8141 24
8476 8141 27
8476 8141 7
8476 8141 41
8476 8153 8
8476 8153 56
8476 8153 5
8476 8153 53
8476 8161 53
8476 8161 55
8476 8161 20
8476 8161 44
8476 7643 57
8476 7643 42
8476 7643 11
8476 7643 10
8476 8146 34
8476 8146 13
8476 8146 26
8476 8146 12
8476 8156 59
8476 8156 31
8476 8156 5
8476 8156 30
8476 8160 27
8476 8160 40
8476 8160 44
8476 8160 56
8476 8167 31
8476 8167 22
8476 8167 25
8476 8167 21
8476 7639 24
8476 7639 7
8476 7639 38
8476 7639 37
8476 8143 6
8476 8143 46
8476 8143 55
8476 8143 51
8476 8150 51
8476 8150 25
8476 8150 39
8476 8150 1
8476 8163 33
8476 8163 13
8476 8163 49
8476 8163 37
8476 8166 4
8476 8166 39
8476 8166 27
8476 8166 25
8476 7642 47
8476 7642 38
8476 7642 31
8476 7642 19
8476 8140 44
8476 8140 50
8476 8140 26
8476 8140 47
8476 8145 3
8476 8145 15
8476 8145 59
8476 8145 13
8476 8154 28
8476 8154 51
8476 8154 36
8476 8154 5
8476 8158 53
8476 8158 53
8476 8158 42
8476 8158 36
8476 8206 45
8476 8206 43
8476 8206 8
8476 8206 54
8476 8208 8
8476 8208 21
8476 8208 16
8476 8208 27
8476 7638 23
8476 7638 47
8476 7638 28
8476 7638 42
8476 7637 35
8476 7637 13
8476 7637 8
8476 7637 24
8476 7663 12
8476 7663 20
8476 7663 50
8476 7663 53
8476 8148 58
8476 8148 10
8476 8148 48
8476 8148 1
8476 8164 0
8476 8164 11
8476 8164 40
8476 8164 28
8476 8168 12
8476 8168 29
8476 8168 43
8476 8168 42
8476 8207 28
8476 8207 3
8476 8207 28
8476 8207 46
8480 8152 60
8480 8152 34
8480 8152 46
8480 8152 57
8480 8151 20
8480 8151 25
8480 8151 59
8480 8151 58
8480 8142 36
8480 8142 47
8480 8142 28
8480 8142 40
8480 8157 51
8480 8157 46
8480 8157 14
8480 8157 24
8480 8162 54
8480 8162 33
8480 8162 31
8480 8162 10
8480 8141 19
8480 8141 21
8480 8141 55
8480 8141 51
8480 8153 6
8480 8153 12
8480 8153 37
8480 8153 6
8480 8161 11
8480 8161 43
8480 8161 0
8480 8161 10
8480 7643 31
8480 7643 36
8480 7643 8
8480 7643 1
8480 8146 47
8480 8146 50
8480 8146 34
8480 8146 43
8480 8156 38
8480 8156 50
8480 8156 34
8480 8156 40
8480 8160 15
8480 8160 12
8480 8160 60
8480 8160 33
8480 8167 57
8480 8167 39
8480 8167 18
8480 8167 47
8480 7639 43
8480 7639 58
8480 7639 31
8480 7639 51
8480 8143 45
8480 8143 20
8480 8143 49
8480 8143 46
8480 8150 2
8480 8150 53
8480 8150 23
8480 8150 54
8480 8163 31
8480 8163 60
8480 8163 19
8480 8163 9
8480 8166 38
8480 8166 44
8480 8166 1
8480 8166 60
8480 7642 5
8480 7642 24
8480 7642 31
8480 7642 22
8480 8140 48
8480 8140 51
8480 8140 6
8480 8140 18
8480 8145 41
8480 8145 47
8480 8145 44
8480 8145 1
8480 8154 10
8480 8154 54
8480 8154 51
8480 8154 8
8480 8158 3
8480 8158 20
8480 8158 36
8480 8158 37
8480 8206 48
8480 8206 55
8480 8206 22
8480 8206 0
8480 8208 60
8480 8208 7
8480 8208 39
8480 8208 59
8480 7638 34
8480 7638 35
8480 7638 22
8480 7638 4
8480 7637 39
8480 7637 36
8480 7637 4
8480 7637 44
8480 7663 30
8480 7663 39
8480 7663 6
8480 7663 26
8480 8148 9
8480 8148 43
8480 8148 55
8480 8148 56
8480 8164 39
8480 8164 60
8480 8164 33
8480 8164 21
8480 8168 7
8480 8168 13
8480 8168 40
8480 8168 57
8480 8207 4
8480 8207 58
8480 8207 42
8480 8207 38
8471 8152 24
8471 8152 30
8471 8152 55
8471 8152 46
8471 8151 31
8471 8151 1
8471 8151 20
8471 8151 2
8471 8142 32
8471 8142 11
8471 8142 60
8471 8142 48
8471 8157 52
8471 8157 36
8471 8157 56
8471 8157 7
8471 8162 50
8471 8162 54
8471 8162 33
8471 8162 13
8471 8141 42
8471 8141 7
8471 8141 29
8471 8141 59
8471 8153 5
8471 8153 25
8471 8153 55
8471 8153 18
8471 8161 30
8471 8161 54
8471 8161 52
8471 8161 12
8471 7643 34
8471 7643 50
8471 7643 53
8471 7643 13
8471 8146 1
8471 8146 8
8471 8146 31
8471 8146 44
8471 8156 50
8471 8156 25
8471 8156 40
8471 8156 57
8471 8160 9
8471 8160 21
8471 8160 5
8471 8160 24
8471 8167 26
8471 8167 36
8471 8167 11
8471 8167 44
8471 7639 41
8471 7639 21
8471 7639 48
8471 7639 39
8471 8143 14
8471 8143 45
8471 8143 30
8471 8143 18
8471 8150 23
8471 8150 24
8471 8150 7
8471 8150 40
8471 8163 25
8471 8163 24
8471 8163 18
8471 8163 42
8471 8166 30
8471 8166 28
8471 8166 19
8471 8166 40
8471 7642 32
8471 7642 2
8471 7642 37
8471 7642 10
8471 8140 35
8471 8140 58
8471 8140 43
8471 8140 45
8471 8145 9
8471 8145 1
8471 8145 16
8471 8145 6
8471 8154 44
8471 8154 0
8471 8154 25
8471 8154 4
8471 8158 9
8471 8158 3
8471 8158 22
8471 8158 40
8471 8206 52
8471 8206 14
8471 8206 44
8471 8206 14
8471 8208 52
8471 8208 12
8471 8208 1
8471 8208 18
8471 7638 31
8471 7638 59
8471 7638 46
8471 7638 28
8471 7637 30
8471 7637 37
8471 7637 30
8471 7637 22
8471 7663 1
8471 7663 28
8471 7663 26
8471 7663 44
8471 8148 2
8471 8148 50
8471 8148 11
8471 8148 21
8471 8164 8
8471 8164 8
8471 8164 52
8471 8164 24
8471 8168 34
8471 8168 0
8471 8168 23
8471 8168 42
8471 8207 56
8471 8207 54
8471 8207 6
8471 8207 32
8468 8152 11
8468 8152 21
8468 8152 10
8468 8152 40
8468 8151 5
8468 8151 47
8468 8151 2
8468 8151 37
8468 8142 37
8468 8142 5
8468 8142 28
8468 8142 36
8468 8157 23
8468 8157 38
8468 8157 17
8468 8157 25
8468 8162 17
8468 8162 10
8468 8162 19
8468 8162 51
8468 8141 48
8468 8141 58
8468 8141 27
8468 8141 48
8468 8153 36
8468 8153 30
8468 8153 36
8468 8153 4
8468 8161 60
8468 8161 58
8468 8161 9
8468 8161 26
8468 7643 50
8468 7643 27
8468 7643 49
8468 7643 26
8468 8146 59
8468 8146 57
8468 8146 16
8468 8146 3
8468 8156 45
8468 8156 6
8468 8156 0
8468 8156 2
8468 8160 7
8468 8160 47
8468 8160 55
8468 8160 9
8468 8167 21
8468 8167 22
8468 8167 14
8468 8167 9
8468 7639 19
8468 7639 45
8468 7639 4
8468 7639 48
8468 8143 35
8468 8143 25
8468 8143 22
8468 8143 2
8468 8150 1
8468 8150 21
8468 8150 19
8468 8150 48
8468 8163 31
8468 8163 14
8468 8163 56
8468 8163 3
8468 8166 28
8468 8166 35
8468 8166 36
8468 8166 1
8468 7642 39
8468 7642 17
8468 7642 4
8468 7642 36
8468 8140 36
8468 8140 33
8468 8140 41
8468 8140 38
8468 8145 26
8468 8145 13
8468 8145 17
8468 8145 48
8468 8154 57
8468 8154 26
8468 8154 28
8468 8154 5
8468 8158 60
8468 8158 43
8468 8158 50
8468 8158 55
8468 8206 38
8468 8206 60
8468 8206 35
8468 8206 11
8468 8208 49
8468 8208 42
8468 8208 16
8468 8208 45
8468 7638 2
8468 7638 32
8468 7638 49
8468 7638 20
8468 7637 55
8468 7637 27
8468 7637 54
8468 7637 8
8468 7663 47
8468 7663 28
8468 7663 14
8468 7663 17
8468 8148 30
8468 8148 18
8468 8148 27
8468 8148 6
8468 8164 7
8468 8164 19
8468 8164 36
8468 8164 56
8468 8168 28
8468 8168 17
8468 8168 20
8468 8168 58
8468 8207 58
8468 8207 13
8468 8207 58
8468 8207 8
8479 8152 12
8479 8152 37
8479 8152 21
8479 8152 20
8479 8151 39
8479 8151 60
8479 8151 28
8479 8151 19
8479 8142 37
8479 8142 6
8479 8142 11
8479 8142 34
8479 8157 49
8479 8157 48
8479 8157 57
8479 8157 26
8479 8162 42
8479 8162 0
8479 8162 9
8479 8162 20
8479 8141 22
8479 8141 41
8479 8141 4
8479 8141 59
8479 8153 50
8479 8153 9
8479 8153 19
8479 8153 38
8479 8161 31
8479 8161 3
8479 8161 38
8479 8161 52
8479 7643 58
8479 7643 38
8479 7643 52
8479 7643 43
8479 8146 9
8479 8146 59
8479 8146 26
8479 8146 1
8479 8156 18
8479 8156 34
8479 8156 52
8479 8156 7
8479 8160 51
8479 8160 45
8479 8160 10
8479 8160 32
8479 8167 3
8479 8167 11
8479 8167 15
8479 8167 33
8479 7639 43
8479 7639 24
8479 7639 26
8479 7639 21
8479 8143 0
8479 8143 57
8479 8143 5
8479 8143 35
8479 8150 6
8479 8150 39
8479 8150 17
8479 8150 30
8479 8163 40
8479 8163 12
8479 8163 4
8479 8163 42
8479 8166 4
8479 8166 2
8479 8166 19
8479 8166 11
8479 7642 22
8479 7642 47
8479 7642 8
8479 7642 45
8479 8140 22
8479 8140 10
8479 8140 37
8479 8140 10
8479 8145 48
8479 8145 11
8479 8145 42
8479 8145 59
8479 8154 25
8479 8154 5
8479 8154 55
8479 8154 24
8479 8158 40
8479 8158 13
8479 8158 44
8479 8158 28
8479 8206 20
8479 8206 43
8479 8206 5
8479 8206 23
8479 8208 21
8479 8208 51
8479 8208 25
8479 8208 10
8479 7638 49
8479 7638 21
8479 7638 51
8479 7638 18
8479 7637 51
8479 7637 19
8479 7637 25
8479 7637 2
8479 7663 51
8479 7663 38
8479 7663 0
8479 7663 41
8479 8148 13
8479 8148 2
8479 8148 55
8479 8148 30
8479 8164 10
8479 8164 55
8479 8164 46
8479 8164 42
8479 8168 49
8479 8168 5
8479 8168 42
8479 8168 41
8479 8207 39
8479 8207 18
8479 8207 16
8479 8207 29
8465 8152 45
8465 8152 4
8465 8152 14
8465 8152 37
8465 8151 56
8465 8151 45
8465 8151 21
8465 8151 32
8465 8142 45
8465 8142 51
8465 8142 31
8465 8142 10
8465 8157 39
8465 8157 45
8465 8157 17
8465 8157 13
8465 8162 12
8465 8162 36
8465 8162 25
8465 8162 26
8465 8141 8
8465 8141 49
8465 8141 48
8465 8141 52
8465 8153 12
8465 8153 57
8465 8153 17
8465 8153 46
8465 8161 15
8465 8161 49
8465 8161 8
8465 8161 43
8465 7643 40
8465 7643 2
8465 7643 55
8465 7643 41
8465 8146 4
8465 8146 25
8465 8146 43
8465 8146 60
8465 8156 30
8465 8156 23
8465 8156 52
8465 8156 20
8465 8160 40
8465 8160 20
8465 8160 17
8465 8160 58
8465 8167 14
8465 8167 49
8465 8167 51
8465 8167 60
8465 7639 6
8465 7639 13
8465 7639 2
8465 7639 18
8465 8143 49
8465 8143 48
8465 8143 31
8465 8143 59
8465 8150 43
8465 8150 24
8465 8150 41
8465 8150 6
8465 8163 32
8465 8163 51
8465 8163 2
8465 8163 52
8465 8166 9
8465 8166 50
8465 8166 1
8465 8166 17
8465 7642 28
8465 7642 34
8465 7642 13
8465 7642 19
8465 8140 8
8465 8140 31
8465 8140 50
8465 8140 19
8465 8145 22
8465 8145 42
8465 8145 20
8465 8145 47
8465 8154 13
8465 8154 48
8465 8154 25
8465 8154 38
8465 8158 60
8465 8158 32
8465 8158 59
8465 8158 55
8465 8206 9
8465 8206 30
8465 8206 19
8465 8206 12
8465 8208 16
8465 8208 52
8465 8208 38
8465 8208 60
8465 7638 42
8465 7638 35
8465 7638 0
8465 7638 12
8465 7637 12
8465 7637 40
8465 7637 48
8465 7637 4
8465 7663 11
8465 7663 33
8465 7663 36
8465 7663 13
8465 8148 9
8465 8148 18
8465 8148 54
8465 8148 57
8465 8164 35
8465 8164 30
8465 8164 13
8465 8164 12
8465 8168 5
8465 8168 32
8465 8168 15
8465 8168 35
8465 8207 57
8465 8207 33
8465 8207 46
8465 8207 31
8474 8152 29
8474 8152 37
8474 8152 50
8474 8152 52
8474 8151 45
8474 8151 12
8474 8151 14
8474 8151 39
8474 8142 3
8474 8142 43
8474 8142 37
8474 8142 31
8474 8157 43
8474 8157 41
8474 8157 20
8474 8157 43
8474 8162 28
8474 8162 20
8474 8162 38
8474 8162 33
8474 8141 52
8474 8141 19
8474 8141 3
8474 8141 10
8474 8153 53
8474 8153 7
8474 8153 3
8474 8153 42
8474 8161 21
8474 8161 35
8474 8161 39
8474 8161 21
8474 7643 23
8474 7643 40
8474 7643 59
8474 7643 48
8474 8146 39
8474 8146 37
8474 8146 18
8474 8146 58
8474 8156 42
8474 8156 42
8474 8156 48
8474 8156 13
8474 8160 35
8474 8160 14
8474 8160 32
8474 8160 11
8474 8167 3
8474 8167 19
8474 8167 46
8474 8167 8
8474 7639 23
8474 7639 27
8474 7639 10
8474 7639 12
8474 8143 31
8474 8143 10
8474 8143 47
8474 8143 56
8474 8150 53
8474 8150 3
8474 8150 24
8474 8150 51
8474 8163 37
8474 8163 3
8474 8163 13
8474 8163 46
8474 8166 24
8474 8166 1
8474 8166 45
8474 8166 29
8474 7642 51
8474 7642 4
8474 7642 5
8474 7642 13
8474 8140 28
8474 8140 18
8474 8140 16
8474 8140 53
8474 8145 41
8474 8145 47
8474 8145 54
8474 8145 19
8474 8154 11
8474 8154 9
8474 8154 16
8474 8154 36
8474 8158 0
8474 8158 2
8474 8158 11
8474 8158 10
8474 8206 15
8474 8206 45
8474 8206 58
8474 8206 13
8474 8208 0
8474 8208 22
8474 8208 20
8474 8208 22
8474 7638 2
8474 7638 40
8474 7638 29
8474 7638 45
8474 7637 2
8474 7637 35
8474 7637 52
8474 7637 25
8474 7663 32
8474 7663 35
8474 7663 40
8474 7663 31
8474 8148 54
8474 8148 11
8474 8148 5
8474 8148 44
8474 8164 4
8474 8164 23
8474 8164 46
8474 8164 9
8474 8168 41
8474 8168 35
8474 8168 59
8474 8168 17
8474 8207 55
8474 8207 42
8474 8207 0
8474 8207 20
6042 8152 35
6042 8152 19
6042 8152 18
6042 8152 46
6042 8151 24
6042 8151 38
6042 8151 35
6042 8151 49
6042 8142 37
6042 8142 3
6042 8142 16
6042 8142 56
6042 8157 11
6042 8157 35
6042 8157 58
6042 8157 48
6042 8162 2
6042 8162 60
6042 8162 39
6042 8162 26
6042 8141 44
6042 8141 37
6042 8141 14
6042 8141 60
6042 8153 44
6042 8153 10
6042 8153 0
6042 8153 58
6042 8161 27
6042 8161 5
6042 8161 39
6042 8161 52
6042 7643 50
6042 7643 41
6042 7643 25
6042 7643 27
6042 8146 17
6042 8146 0
6042 8146 36
6042 8146 60
6042 8156 8
6042 8156 41
6042 8156 31
6042 8156 27
6042 8160 7
6042 8160 15
6042 8160 34
6042 8160 59
6042 8167 22
6042 8167 31
6042 8167 32
6042 8167 38
6042 7639 19
6042 7639 5
6042 7639 18
6042 7639 8
6042 8143 42
6042 8143 46
6042 8143 4
6042 8143 3
6042 8150 6
6042 8150 19
6042 8150 58
6042 8150 15
6042 8163 4
6042 8163 37
6042 8163 30
6042 8163 37
6042 8166 44
6042 8166 56
6042 8166 50
6042 8166 40
6042 7642 14
6042 7642 25
6042 7642 8
6042 7642 37
6042 8140 1
6042 8140 33
6042 8140 42
6042 8140 26
6042 8145 56
6042 8145 59
6042 8145 28
6042 8145 34
6042 8154 12
6042 8154 14
6042 8154 24
6042 8154 25
6042 8158 39
6042 8158 0
6042 8158 2
6042 8158 25
6042 8206 30
6042 8206 18
6042 8206 42
6042 8206 40
6042 8208 23
6042 8208 58
6042 8208 34
6042 8208 46
6042 7638 26
6042 7638 7
6042 7638 21
6042 7638 23
6042 7637 29
6042 7637 30
6042 7637 8
6042 7637 47
6042 7663 42
6042 7663 5
6042 7663 5
6042 7663 17
6042 8148 40
6042 8148 4
6042 8148 4
6042 8148 26
6042 8164 2
6042 8164 31
6042 8164 45
6042 8164 58
6042 8168 17
6042 8168 19
6042 8168 35
6042 8168 23
6042 8207 28
6042 8207 12
6042 8207 60
6042 8207 57
6053 8152 56
6053 8152 26
6053 8152 8
6053 8152 55
6053 8151 60
6053 8151 4
6053 8151 43
6053 8151 25
6053 8142 27
6053 8142 20
6053 8142 35
6053 8142 26
6053 8157 17
6053 8157 0
6053 8157 4
6053 8157 14
6053 8162 7
6053 8162 46
6053 8162 41
6053 8162 11
6053 8141 49
6053 8141 50
6053 8141 40
6053 8141 19
6053 8153 43
6053 8153 50
6053 8153 18
6053 8153 30
6053 8161 51
6053 8161 5
6053 8161 34
6053 8161 10
6053 7643 48
6053 7643 33
6053 7643 16
6053 7643 29
6053 8146 60
6053 8146 20
6053 8146 26
6053 8146 40
6053 8156 3
6053 8156 59
6053 8156 46
6053 8156 28
6053 8160 27
6053 8160 9
6053 8160 59
6053 8160 38
6053 8167 43
6053 8167 16
6053 8167 60
6053 8167 10
6053 7639 37
6053 7639 37
6053 7639 36
6053 7639 27
6053 8143 0
6053 8143 48
6053 8143 20
6053 8143 28
6053 8150 28
6053 8150 19
6053 8150 23
6053 8150 22
6053 8163 23
6053 8163 31
6053 8163 18
6053 8163 34
6053 8166 49
6053 8166 34
6053 8166 22
6053 8166 7
6053 7642 45
6053 7642 55
6053 7642 19
6053 7642 59
6053 8140 3
6053 8140 41
6053 8140 34
6053 8140 3
6053 8145 22
6053 8145 54
6053 8145 14
6053 8145 1
6053 8154 16
6053 8154 52
6053 8154 19
6053 8154 7
6053 8158 36
6053 8158 14
6053 8158 50
6053 8158 40
6053 8206 21
6053 8206 40
6053 8206 24
6053 8206 54
6053 8208 21
6053 8208 56
6053 8208 13
6053 8208 42
6053 7638 16
6053 7638 16
6053 7638 6
6053 7638 1
6053 7637 34
6053 7637 20
6053 7637 20
6053 7637 0
6053 7663 18
6053 7663 51
6053 7663 30
6053 7663 31
6053 8148 56
6053 8148 33
6053 8148 49
6053 8148 40
6053 8164 40
6053 8164 15
6053 8164 20
6053 8164 49
6053 8168 14
6053 8168 35
6053 8168 31
6053 8168 17
6053 8207 50
6053 8207 36
6053 8207 41
6053 8207 1
6052 8152 59
6052 8152 31
6052 8152 19
6052 8152 57
6052 8151 39
6052 8151 17
6052 8151 56
6052 8151 27
6052 8142 21
6052 8142 14
6052 8142 22
6052 8142 18
6052 8157 47
6052 8157 54
6052 8157 3
6052 8157 50
6052 8162 23
6052 8162 44
6052 8162 6
6052 8162 51
6052 8141 41
6052 8141 6
6052 8141 43
6052 8141 58
6052 8153 54
6052 8153 25
6052 8153 52
6052 8153 20
6052 8161 4
6052 8161 28
6052 8161 54
6052 8161 16
6052 7643 56
6052 7643 32
6052 7643 44
6052 7643 9
6052 8146 27
6052 8146 32
6052 8146 21
6052 8146 44
6052 8156 54
6052 8156 60
6052 8156 13
6052 8156 14
6052 8160 34
6052 8160 6
6052 8160 15
6052 8160 60
6052 8167 22
6052 8167 6
6052 8167 31
6052 8167 4
6052 7639 32
6052 7639 50
6052 7639 19
6052 7639 41
6052 8143 56
6052 8143 21
6052 8143 20
6052 8143 40
6052 8150 57
6052 8150 51
6052 8150 35
6052 8150 36
6052 8163 5
6052 8163 56
6052 8163 11
6052 8163 37
6052 8166 40
6052 8166 30
6052 8166 12
6052 8166 39
6052 7642 38
6052 7642 37
6052 7642 38
6052 7642 32
6052 8140 46
6052 8140 35
6052 8140 59
6052 8140 18
6052 8145 54
6052 8145 19
6052 8145 18
6052 8145 20
6052 8154 1
6052 8154 43
6052 8154 27
6052 8154 8
6052 8158 44
6052 8158 9
6052 8158 21
6052 8158 59
6052 8206 60
6052 8206 5
6052 8206 34
6052 8206 37
6052 8208 8
6052 8208 15
6052 8208 1
6052 8208 38
6052 7638 37
6052 7638 32
6052 7638 11
6052 7638 6
6052 7637 29
6052 7637 39
6052 7637 55
6052 7637 4
6052 7663 12
6052 7663 1
6052 7663 39
6052 7663 43
6052 8148 28
6052 8148 45
6052 8148 8
6052 8148 45
6052 8164 7
6052 8164 22
6052 8164 33
6052 8164 53
6052 8168 29
6052 8168 59
6052 8168 44
6052 8168 59
6052 8207 18
6052 8207 19
6052 8207 50
6052 8207 29
8472 8152 44
8472 8152 44
8472 8152 12
8472 8152 11
8472 8151 44
8472 8151 42
8472 8151 39
8472 8151 47
8472 8142 46
8472 8142 53
8472 8142 44
8472 8142 36
8472 8157 54
8472 8157 7
8472 8157 3
8472 8157 45
8472 8162 45
8472 8162 4
8472 8162 51
8472 8162 15
8472 8141 9
8472 8141 51
8472 8141 53
8472 8141 8
8472 8153 8
8472 8153 60
8472 8153 50
8472 8153 46
8472 8161 13
8472 8161 52
8472 8161 35
8472 8161 10
8472 7643 3
8472 7643 11
8472 7643 41
8472 7643 14
8472 8146 34
8472 8146 48
8472 8146 10
8472 8146 3
8472 8156 6
8472 8156 25
8472 8156 24
8472 8156 40
8472 8160 11
8472 8160 15
8472 8160 35
8472 8160 1
8472 8167 4
8472 8167 55
8472 8167 14
8472 8167 55
8472 7639 45
8472 7639 25
8472 7639 9
8472 7639 50
8472 8143 16
8472 8143 3
8472 8143 11
8472 8143 46
8472 8150 28
8472 8150 29
8472 8150 51
8472 8150 46
8472 8163 35
8472 8163 35
8472 8163 10
8472 8163 1
8472 8166 47
8472 8166 28
8472 8166 56
8472 8166 20
8472 7642 33
8472 7642 54
8472 7642 30
8472 7642 42
8472 8140 51
8472 8140 44
8472 8140 23
8472 8140 26
8472 8145 16
8472 8145 22
8472 8145 50
8472 8145 44
8472 8154 57
8472 8154 60
8472 8154 27
8472 8154 41
8472 8158 35
8472 8158 22
8472 8158 52
8472 8158 40
8472 8206 51
8472 8206 51
8472 8206 9
8472 8206 37
8472 8208 29
8472 8208 59
8472 8208 26
8472 8208 51
8472 7638 14
8472 7638 1
8472 7638 37
8472 7638 1
8472 7637 8
8472 7637 39
8472 7637 32
8472 7637 39
8472 7663 26
8472 7663 34
8472 7663 41
8472 7663 7
8472 8148 54
8472 8148 3
8472 8148 43
8472 8148 59
8472 8164 22
8472 8164 7
8472 8164 21
8472 8164 60
8472 8168 20
8472 8168 60
8472 8168 47
8472 8168 7
8472 8207 40
8472 8207 9
8472 8207 0
8472 8207 49
8469 8152 33
8469 8152 0
8469 8152 32
8469 8152 24
8469 8151 49
8469 8151 17
8469 8151 18
8469 8151 45
8469 8142 55
8469 8142 30
8469 8142 19
8469 8142 13
8469 8157 48
8469 8157 20
8469 8157 34
8469 8157 36
8469 8162 41
8469 8162 48
8469 8162 29
8469 8162 1
8469 8141 22
8469 8141 3
8469 8141 56
8469 8141 10
8469 8153 55
8469 8153 11
8469 8153 41
8469 8153 32
8469 8161 34
8469 8161 33
8469 8161 13
8469 8161 1
8469 7643 24
8469 7643 3
8469 7643 9
8469 7643 18
8469 8146 22
8469 8146 19
8469 8146 50
8469 8146 31
8469 8156 46
8469 8156 45
8469 8156 13
8469 8156 32
8469 8160 15
8469 8160 26
8469 8160 40
8469 8160 4
8469 8167 10
8469 8167 35
8469 8167 28
8469 8167 45
8469 7639 17
8469 7639 16
8469 7639 54
8469 7639 26
8469 8143 25
8469 8143 6
8469 8143 51
8469 8143 42
8469 8150 29
8469 8150 2
8469 8150 10
8469 8150 24
8469 8163 23
8469 8163 33
8469 8163 39
8469 8163 58
8469 8166 54
8469 8166 35
8469 8166 19
8469 8166 19
8469 7642 22
8469 7642 30
8469 7642 26
8469 7642 42
8469 8140 16
8469 8140 45
8469 8140 6
8469 8140 8
8469 8145 56
8469 8145 5
8469 8145 53
8469 8145 4
8469 8154 50
8469 8154 14
8469 8154 58
8469 8154 10
8469 8158 32
8469 8158 31
8469 8158 31
8469 8158 25
8469 8206 56
8469 8206 41
8469 8206 45
8469 8206 38
8469 8208 60
8469 8208 29
8469 8208 41
8469 8208 9
8469 7638 35
8469 7638 1
8469 7638 47
8469 7638 56
8469 7637 4
8469 7637 54
8469 7637 7
8469 7637 28
8469 7663 43
8469 7663 0
8469 7663 57
8469 7663 28
8469 8148 6
8469 8148 11
8469 8148 42
8469 8148 40
8469 8164 49
8469 8164 51
8469 8164 48
8469 8164 6
8469 8168 8
8469 8168 43
8469 8168 11
8469 8168 42
8469 8207 55
8469 8207 33
8469 8207 31
8469 8207 6
8477 8152 2
8477 8152 0
8477 8152 0
8477 8152 57
8477 8151 20
8477 8151 28
8477 8151 58
8477 8151 0
8477 8142 32
8477 8142 28
8477 8142 10
8477 8142 16
8477 8157 2
8477 8157 6
8477 8157 24
8477 8157 40
8477 8162 25
8477 8162 40
8477 8162 50
8477 8162 3
8477 8141 56
8477 8141 23
8477 8141 33
8477 8141 52
8477 8153 40
8477 8153 58
8477 8153 45
8477 8153 35
8477 8161 51
8477 8161 39
8477 8161 31
8477 8161 48
8477 7643 28
8477 7643 11
8477 7643 40
8477 7643 45
8477 8146 28
8477 8146 54
8477 8146 39
8477 8146 58
8477 8156 11
8477 8156 57
8477 8156 46
8477 8156 43
8477 8160 2
8477 8160 45
8477 8160 12
8477 8160 46
8477 8167 19
8477 8167 14
8477 8167 46
8477 8167 53
8477 7639 4
8477 7639 54
8477 7639 28
8477 7639 12
8477 8143 21
8477 8143 42
8477 8143 44
8477 8143 8
8477 8150 55
8477 8150 53
8477 8150 35
8477 8150 18
8477 8163 16
8477 8163 39
8477 8163 5
8477 8163 45
8477 8166 42
8477 8166 55
8477 8166 22
8477 8166 21
8477 7642 59
8477 7642 45
8477 7642 53
8477 7642 26
8477 8140 32
8477 8140 26
8477 8140 18
8477 8140 4
8477 8145 17
8477 8145 9
8477 8145 6
8477 8145 25
8477 8154 18
8477 8154 27
8477 8154 47
8477 8154 40
8477 8158 39
8477 8158 54
8477 8158 16
8477 8158 28
8477 8206 38
8477 8206 44
8477 8206 31
8477 8206 12
8477 8208 34
8477 8208 36
8477 8208 15
8477 8208 45
8477 7638 4
8477 7638 21
8477 7638 30
8477 7638 41
8477 7637 57
8477 7637 8
8477 7637 39
8477 7637 26
8477 7663 39
8477 7663 14
8477 7663 40
8477 7663 7
8477 8148 34
8477 8148 4
8477 8148 14
8477 8148 1
8477 8164 14
8477 8164 48
8477 8164 35
8477 8164 17
8477 8168 22
8477 8168 2
8477 8168 29
8477 8168 41
8477 8207 59
8477 8207 13
8477 8207 36
8477 8207 23
8466 8152 9
8466 8152 55
8466 8152 41
8466 8152 16
8466 8151 33
8466 8151 34
8466 8151 1
8466 8151 21
8466 8142 47
8466 8142 35
8466 8142 25
8466 8142 54
8466 8157 31
8466 8157 40
8466 8157 19
8466 8157 52
8466 8162 12
8466 8162 13
8466 8162 15
8466 8162 57
8466 8141 20
8466 8141 16
8466 8141 20
8466 8141 30
8466 8153 40
8466 8153 5
8466 8153 39
8466 8153 32
8466 8161 35
8466 8161 30
8466 8161 26
8466 8161 13
8466 7643 5
8466 7643 59
8466 7643 49
8466 7643 4
8466 8146 50
8466 8146 1
8466 8146 12
8466 8146 17
8466 8156 58
8466 8156 29
8466 8156 34
8466 8156 43
8466 8160 4
8466 8160 32
8466 8160 50
8466 8160 39
8466 8167 34
8466 8167 10
8466 8167 33
8466 8167 53
8466 7639 4
8466 7639 41
8466 7639 32
8466 7639 4
8466 8143 31
8466 8143 36
8466 8143 52
8466 8143 31
8466 8150 47
8466 8150 40
8466 8150 49
8466 8150 20
8466 8163 44
8466 8163 25
8466 8163 24
8466 8163 7
8466 8166 56
8466 8166 53
8466 8166 26
8466 8166 29
8466 7642 60
8466 7642 52
8466 7642 58
8466 7642 16
8466 8140 32
8466 8140 2
8466 8140 29
8466 8140 13
8466 8145 20
8466 8145 6
8466 8145 52
8466 8145 42
8466 8154 41
8466 8154 35
8466 8154 5
8466 8154 29
8466 8158 42
8466 8158 41
8466 8158 51
8466 8158 26
8466 8206 40
8466 8206 29
8466 8206 19
8466 8206 26
8466 8208 48
8466 8208 48
8466 8208 51
8466 8208 7
8466 7638 37
8466 7638 49
8466 7638 8
8466 7638 32
8466 7637 40
8466 7637 50
8466 7637 10
8466 7637 49
8466 7663 36
8466 7663 47
8466 7663 54
8466 7663 38
8466 8148 4
8466 8148 37
8466 8148 32
8466 8148 15
8466 8164 32
8466 8164 21
8466 8164 17
8466 8164 49
8466 8168 55
8466 8168 13
8466 8168 20
8466 8168 1
8466 8207 0
8466 8207 13
8466 8207 50
8466 8207 0
8467 8152 42
8467 8152 19
8467 8152 57
8467 8152 41
8467 8151 14
8467 8151 60
8467 8151 46
8467 8151 52
8467 8142 48
8467 8142 39
8467 8142 25
8467 8142 4
8467 8157 43
8467 8157 16
8467 8157 36
8467 8157 48
8467 8162 37
8467 8162 35
8467 8162 44
8467 8162 60
8467 8141 1
8467 8141 49
8467 8141 11
8467 8141 41
8467 8153 33
8467 8153 26
8467 8153 42
8467 8153 2
8467 8161 15
8467 8161 51
8467 8161 3
8467 8161 32
8467 7643 42
8467 7643 16
8467 7643 5
8467 7643 15
8467 8146 45
8467 8146 10
8467 8146 44
8467 8146 11
8467 8156 13
8467 8156 49
8467 8156 40
8467 8156 33
8467 8160 50
8467 8160 15
8467 8160 12
8467 8160 6
8467 8167 4
8467 8167 18
8467 8167 33
8467 8167 28
8467 7639 39
8467 7639 22
8467 7639 11
8467 7639 49
8467 8143 4
8467 8143 28
8467 8143 41
8467 8143 24
8467 8150 1
8467 8150 10
8467 8150 41
8467 8150 50
8467 8163 37
8467 8163 39
8467 8163 27
8467 8163 33
8467 8166 21
8467 8166 36
8467 8166 57
8467 8166 42
8467 7642 23
8467 7642 18
8467 7642 3
8467 7642 57
8467 8140 53
8467 8140 42
8467 8140 45
8467 8140 19
8467 8145 43
8467 8145 46
8467 8145 5
8467 8145 19
8467 8154 29
8467 8154 26
8467 8154 39
8467 8154 2
8467 8158 47
8467 8158 40
8467 8158 35
8467 8158 27
8467 8206 30
8467 8206 25
8467 8206 9
8467 8206 0
8467 8208 13
8467 8208 48
8467 8208 20
8467 8208 56
8467 7638 51
8467 7638 3
8467 7638 30
8467 7638 28
8467 7637 23
8467 7637 14
8467 7637 58
8467 7637 36
8467 7663 43
8467 7663 56
8467 7663 57
8467 7663 34
8467 8148 44
8467 8148 12
8467 8148 33
8467 8148 57
8467 8164 27
8467 8164 52
8467 8164 35
8467 8164 3
8467 8168 19
8467 8168 24
8467 8168 59
8467 8168 14
8467 8207 34
8467 8207 37
8467 8207 18
8467 8207 5
8464 8152 23
8464 8152 9
8464 8152 57
8464 8152 0
8464 8151 21
8464 8151 6
8464 8151 34
8464 8151 39
8464 8142 1
8464 8142 46
8464 8142 57
8464 8142 11
8464 8157 48
8464 8157 60
8464 8157 25
8464 8157 36
8464 8162 15
8464 8162 11
8464 8162 17
8464 8162 20
8464 8141 57
8464 8141 39
8464 8141 33
8464 8141 48
8464 8153 33
8464 8153 57
8464 8153 21
8464 8153 6
8464 8161 30
8464 8161 19
8464 8161 33
8464 8161 47
8464 7643 59
8464 7643 36
8464 7643 1
8464 7643 6
8464 8146 24
8464 8146 44
8464 8146 58
8464 8146 45
8464 8156 9
8464 8156 36
8464 8156 50
8464 8156 3
8464 8160 52
8464 8160 23
8464 8160 43
8464 8160 55
8464 8167 26
8464 8167 55
8464 8167 43
8464 8167 4
8464 7639 42
8464 7639 43
8464 7639 56
8464 7639 5
8464 8143 45
8464 8143 43
8464 8143 30
8464 8143 11
8464 8150 9
8464 8150 23
8464 8150 25
8464 8150 19
8464 8163 13
8464 8163 47
8464 8163 37
8464 8163 37
8464 8166 24
8464 8166 5
8464 8166 46
8464 8166 21
8464 7642 26
8464 7642 45
8464 7642 10
8464 7642 21
8464 8140 58
8464 8140 46
8464 8140 5
8464 8140 45
8464 8145 26
8464 8145 34
8464 8145 39
8464 8145 13
8464 8154 4
8464 8154 4
8464 8154 11
8464 8154 33
8464 8158 46
8464 8158 33
8464 8158 40
8464 8158 7
8464 8206 19
8464 8206 7
8464 8206 57
8464 8206 60
8464 8208 40
8464 8208 3
8464 8208 35
8464 8208 51
8464 7638 41
8464 7638 1
8464 7638 60
8464 7638 5
8464 7637 41
8464 7637 13
8464 7637 2
8464 7637 32
8464 7663 56
8464 7663 45
8464 7663 38
8464 7663 4
8464 8148 16
8464 8148 9
8464 8148 42
8464 8148 46
8464 8164 39
8464 8164 5
8464 8164 38
8464 8164 3
8464 8168 53
8464 8168 36
8464 8168 11
8464 8168 3
8464 8207 23
8464 8207 56
8464 8207 19
8464 8207 37
6041 8152 5
6041 8152 54
6041 8152 23
6041 8152 10
6041 8151 51
6041 8151 42
6041 8151 5
6041 8151 25
6041 8142 32
6041 8142 3
6041 8142 7
6041 8142 58
6041 8157 13
6041 8157 5
6041 8157 38
6041 8157 52
6041 8162 54
6041 8162 13
6041 8162 14
6041 8162 20
6041 8141 3
6041 8141 43
6041 8141 40
6041 8141 17
6041 8153 56
6041 8153 42
6041 8153 20
6041 8153 37
6041 8161 24
6041 8161 0
6041 8161 15
6041 8161 5
6041 7643 29
6041 7643 50
6041 7643 49
6041 7643 20
6041 8146 41
6041 8146 5
6041 8146 13
6041 8146 4
6041 8156 37
6041 8156 46
6041 8156 11
6041 8156 28
6041 8160 30
6041 8160 5
6041 8160 22
6041 8160 42
6041 8167 34
6041 8167 50
6041 8167 42
6041 8167 41
6041 7639 46
6041 7639 50
6041 7639 39
6041 7639 46
6041 8143 13
6041 8143 2
6041 8143 10
6041 8143 52
6041 8150 50
6041 8150 31
6041 8150 3
6041 8150 15
6041 8163 59
6041 8163 37
6041 8163 44
6041 8163 11
6041 8166 60
6041 8166 39
6041 8166 58
6041 8166 10
6041 7642 7
6041 7642 60
6041 7642 6
6041 7642 25
6041 8140 40
6041 8140 55
6041 8140 44
6041 8140 20
6041 8145 52
6041 8145 15
6041 8145 49
6041 8145 59
6041 8154 49
6041 8154 16
6041 8154 43
6041 8154 39
6041 8158 26
6041 8158 17
6041 8158 12
6041 8158 4
6041 8206 12
6041 8206 48
6041 8206 52
6041 8206 50
6041 8208 8
6041 8208 28
6041 8208 29
6041 8208 15
6041 7638 40
6041 7638 29
6041 7638 34
6041 7638 12
6041 7637 44
6041 7637 2
6041 7637 13
6041 7637 36
6041 7663 7
6041 7663 33
6041 7663 37
6041 7663 40
6041 8148 2
6041 8148 59
6041 8148 37
6041 8148 59
6041 8164 34
6041 8164 4
6041 8164 14
6041 8164 54
6041 8168 0
6041 8168 23
6041 8168 12
6041 8168 15
6041 8207 15
6041 8207 33
6041 8207 59
6041 8207 56
6040 8152 8
6040 8152 17
6040 8152 56
6040 8152 58
6040 8151 26
6040 8151 7
6040 8151 44
6040 8151 56
6040 8142 55
6040 8142 28
6040 8142 54
6040 8142 45
6040 8157 51
6040 8157 5
6040 8157 52
6040 8157 20
6040 8162 14
6040 8162 28
6040 8162 3
6040 8162 57
6040 8141 27
6040 8141 17
6040 8141 53
6040 8141 20
6040 8153 54
6040 8153 53
6040 8153 0
6040 8153 35
6040 8161 9
6040 8161 6
6040 8161 12
6040 8161 15
6040 7643 39
6040 7643 33
6040 7643 42
6040 7643 17
6040 8146 31
6040 8146 2
6040 8146 57
6040 8146 21
6040 8156 55
6040 8156 55
6040 8156 9
6040 8156 31
6040 8160 10
6040 8160 20
6040 8160 49
6040 8160 39
6040 8167 31
6040 8167 16
6040 8167 15
6040 8167 13
6040 7639 27
6040 7639 43
6040 7639 43
6040 7639 4
6040 8143 29
6040 8143 13
6040 8143 17
6040 8143 49
6040 8150 18
6040 8150 57
6040 8150 8
6040 8150 43
6040 8163 47
6040 8163 18
6040 8163 47
6040 8163 45
6040 8166 9
6040 8166 13
6040 8166 6
6040 8166 4
6040 7642 23
6040 7642 17
6040 7642 4
6040 7642 53
6040 8140 45
6040 8140 52
6040 8140 51
6040 8140 49
6040 8145 60
6040 8145 55
6040 8145 17
6040 8145 41
6040 8154 60
6040 8154 48
6040 8154 17
6040 8154 12
6040 8158 27
6040 8158 8
6040 8158 51
6040 8158 50
6040 8206 7
6040 8206 36
6040 8206 28
6040 8206 38
6040 8208 54
6040 8208 53
6040 8208 41
6040 8208 22
6040 7638 41
6040 7638 42
6040 7638 44
6040 7638 24
6040 7637 53
6040 7637 15
6040 7637 35
6040 7637 12
6040 7663 43
6040 7663 34
6040 7663 39
6040 7663 43
6040 8148 24
6040 8148 51
6040 8148 46
6040 8148 56
6040 8164 26
6040 8164 17
6040 8164 7
6040 8164 50
6040 8168 15
6040 8168 39
6040 8168 35
6040 8168 19
6040 8207 6
6040 8207 27
6040 8207 9
6040 8207 55
6050 8152 11
6050 8152 32
6050 8152 28
6050 8152 55
6050 8151 47
6050 8151 48
6050 8151 14
6050 8151 16
6050 8142 11
6050 8142 11
6050 8142 47
6050 8142 48
6050 8157 57
6050 8157 12
6050 8157 42
6050 8157 21
6050 8162 53
6050 8162 9
6050 8162 39
6050 8162 23
6050 8141 10
6050 8141 13
6050 8141 38
6050 8141 40
6050 8153 48
6050 8153 3
6050 8153 2
6050 8153 57
6050 8161 16
6050 8161 29
6050 8161 6
6050 8161 24
6050 7643 44
6050 7643 16
6050 7643 21
6050 7643 6
6050 8146 32
6050 8146 8
6050 8146 9
6050 8146 8
6050 8156 37
6050 8156 32
6050 8156 51
6050 8156 3
6050 8160 49
6050 8160 11
6050 8160 31
6050 8160 9
6050 8167 29
6050 8167 48
6050 8167 51
6050 8167 22
6050 7639 24
6050 7639 32
6050 7639 10
6050 7639 55
6050 8143 59
6050 8143 18
6050 8143 26
6050 8143 40
6050 8150 37
6050 8150 12
6050 8150 6
6050 8150 6
6050 8163 13
6050 8163 40
6050 8163 12
6050 8163 9
6050 8166 14
6050 8166 52
6050 8166 12
6050 8166 33
6050 7642 54
6050 7642 3
6050 7642 32
6050 7642 20
6050 8140 21
6050 8140 50
6050 8140 29
6050 8140 40
6050 8145 40
6050 8145 60
6050 8145 42
6050 8145 37
6050 8154 56
6050 8154 23
6050 8154 23
6050 8154 18
6050 8158 3
6050 8158 23
6050 8158 46
6050 8158 3
6050 8206 49
6050 8206 21
6050 8206 8
6050 8206 33
6050 8208 23
6050 8208 12
6050 8208 54
6050 8208 7
6050 7638 41
6050 7638 13
6050 7638 2
6050 7638 7
6050 7637 36
6050 7637 19
6050 7637 45
6050 7637 48
6050 7663 31
6050 7663 7
6050 7663 7
6050 7663 59
6050 8148 31
6050 8148 36
6050 8148 17
6050 8148 12
6050 8164 20
6050 8164 3
6050 8164 15
6050 8164 46
6050 8168 1
6050 8168 13
6050 8168 12
6050 8168 10
6050 8207 18
6050 8207 12
6050 8207 12
6050 8207 26
7771 8152 13
7771 8152 41
7771 8152 52
7771 8152 55
7771 8151 35
7771 8151 42
7771 8151 33
7771 8151 4
7771 8142 13
7771 8142 16
7771 8142 18
7771 8142 18
7771 8157 46
7771 8157 20
7771 8157 7
7771 8157 3
7771 8162 43
7771 8162 23
7771 8162 0
7771 8162 10
7771 8141 34
7771 8141 22
7771 8141 27
7771 8141 46
7771 8153 59
7771 8153 9
7771 8153 11
7771 8153 46
7771 8161 10
7771 8161 56
7771 8161 48
7771 8161 33
7771 7643 24
7771 7643 44
7771 7643 20
7771 7643 19
7771 8146 15
7771 8146 8
7771 8146 58
7771 8146 14
7771 8156 41
7771 8156 52
7771 8156 0
7771 8156 10
7771 8160 58
7771 8160 17
7771 8160 54
7771 8160 46
7771 8167 28
7771 8167 49
7771 8167 57
7771 8167 58
7771 7639 58
7771 7639 31
7771 7639 36
7771 7639 28
7771 8143 0
7771 8143 38
7771 8143 5
7771 8143 58
7771 8150 21
7771 8150 60
7771 8150 23
7771 8150 38
7771 8163 38
7771 8163 23
7771 8163 59
7771 8163 2
7771 8166 9
7771 8166 46
7771 8166 22
7771 8166 14
7771 7642 3
7771 7642 38
7771 7642 46
7771 7642 48
7771 8140 8
7771 8140 5
7771 8140 26
7771 8140 27
7771 8145 16
7771 8145 35
7771 8145 26
7771 8145 60
7771 8154 0
7771 8154 4
7771 8154 37
7771 8154 33
7771 8158 12
7771 8158 6
7771 8158 53
7771 8158 18
7771 8206 34
7771 8206 19
7771 8206 45
7771 8206 1
7771 8208 60
7771 8208 49
7771 8208 6
7771 8208 26
7771 7638 40
7771 7638 1
7771 7638 31
7771 7638 51
7771 7637 42
7771 7637 22
7771 7637 20
7771 7637 51
7771 7663 57
7771 7663 29
7771 7663 45
7771 7663 13
7771 8148 39
7771 8148 59
7771 8148 33
7771 8148 15
7771 8164 1
7771 8164 7
7771 8164 2
7771 8164 5
7771 8168 45
7771 8168 48
7771 8168 14
7771 8168 22
7771 8207 18
7771 8207 7
7771 8207 47
7771 8207 0
7783 8152 40
7783 8152 52
7783 8152 21
7783 8152 5
7783 8151 0
7783 8151 32
7783 8151 37
7783 8151 10
7783 8142 0
7783 8142 6
7783 8142 34
7783 8142 13
7783 8157 2
7783 8157 25
7783 8157 6
7783 8157 1
7783 8162 23
7783 8162 22
7783 8162 39
7783 8162 29
7783 8141 48
7783 8141 41
7783 8141 47
7783 8141 1
7783 8153 43
7783 8153 41
7783 8153 36
7783 8153 32
7783 8161 35
7783 8161 30
7783 8161 3
7783 8161 31
7783 7643 50
7783 7643 3
7783 7643 21
7783 7643 20
7783 8146 9
7783 8146 43
7783 8146 60
7783 8146 41
7783 8156 34
7783 8156 56
7783 8156 50
7783 8156 19
7783 8160 59
7783 8160 12
7783 8160 57
7783 8160 8
7783 8167 28
7783 8167 27
7783 8167 3
7783 8167 11
7783 7639 4
7783 7639 57
7783 7639 31
7783 7639 37
7783 8143 36
7783 8143 12
7783 8143 31
7783 8143 34
7783 8150 44
7783 8150 29
7783 8150 22
7783 8150 23
7783 8163 14
7783 8163 56
7783 8163 7
7783 8163 47
7783 8166 36
7783 8166 23
7783 8166 42
7783 8166 52
7783 7642 21
7783 7642 60
7783 7642 34
7783 7642 60
7783 8140 46
7783 8140 53
7783 8140 13
7783 8140 58
7783 8145 57
7783 8145 58
7783 8145 19
7783 8145 4
7783 8154 11
7783 8154 55
7783 8154 36
7783 8154 33
7783 8158 54
7783 8158 35
7783 8158 19
7783 8158 8
7783 8206 59
7783 8206 59
7783 8206 30
7783 8206 12
7783 8208 34
7783 8208 58
7783 8208 40
7783 8208 59
7783 7638 27
7783 7638 40
7783 7638 38
7783 7638 34
7783 7637 27
7783 7637 34
7783 7637 47
7783 7637 6
7783 7663 19
7783 7663 48
7783 7663 35
7783 7663 43
7783 8148 8
7783 8148 30
7783 8148 45
7783 8148 22
7783 8164 10
7783 8164 35
7783 8164 8
7783 8164 20
7783 8168 40
7783 8168 53
7783 8168 0
7783 8168 24
7783 8207 39
7783 8207 20
7783 8207 36
7783 8207 41
8478 8152 59
8478 8152 22
8478 8152 54
8478 8152 36
8478 8151 51
8478 8151 52
8478 8151 18
8478 8151 10
8478 8142 4
8478 8142 1
8478 8142 5
8478 8142 11
8478 8157 23
8478 8157 48
8478 8157 49
8478 8157 35
8478 8162 39
8478 8162 21
8478 8162 34
8478 8162 16
8478 8141 37
8478 8141 44
8478 8141 0
8478 8141 25
8478 8153 60
8478 8153 20
8478 8153 19
8478 8153 50
8478 8161 47
8478 8161 47
8478 8161 31
8478 8161 51
8478 7643 45
8478 7643 28
8478 7643 21
8478 7643 11
8478 8146 4
8478 8146 48
8478 8146 46
8478 8146 7
8478 8156 54
8478 8156 52
8478 8156 19
8478 8156 36
8478 8160 56
8478 8160 32
8478 8160 35
8478 8160 50
8478 8167 21
8478 8167 22
8478 8167 39
8478 8167 33
8478 7639 27
8478 7639 56
8478 7639 49
8478 7639 48
8478 8143 39
8478 8143 13
8478 8143 24
8478 8143 53
8478 8150 48
8478 8150 12
8478 8150 29
8478 8150 20
8478 8163 49
8478 8163 24
8478 8163 43
8478 8163 20
8478 8166 31
8478 8166 21
8478 8166 28
8478 8166 41
8478 7642 56
8478 7642 5
8478 7642 10
8478 7642 33
8478 8140 51
8478 8140 46
8478 8140 3
8478 8140 2
8478 8145 12
8478 8145 30
8478 8145 41
8478 8145 48
8478 8154 44
8478 8154 17
8478 8154 24
8478 8154 43
8478 8158 3
8478 8158 28
8478 8158 38
8478 8158 44
8478 8206 11
8478 8206 21
8478 8206 44
8478 8206 58
8478 8208 34
8478 8208 55
8478 8208 45
8478 8208 58
8478 7638 14
8478 7638 50
8478 7638 38
8478 7638 28
8478 7637 57
8478 7637 51
8478 7637 28
8478 7637 25
8478 7663 23
8478 7663 30
8478 7663 30
8478 7663 1
8478 8148 5
8478 8148 25
8478 8148 13
8478 8148 6
8478 8164 14
8478 8164 26
8478 8164 7
8478 8164 13
8478 8168 23
8478 8168 1
8478 8168 44
8478 8168 3
8478 8207 9
8478 8207 42
8478 8207 29
8478 8207 37
7768 8152 27
7768 8152 10
7768 8152 50
7768 8152 12
7768 8151 3
7768 8151 10
7768 8151 21
7768 8151 58
7768 8142 59
7768 8142 36
7768 8142 41
7768 8142 10
7768 8157 46
7768 8157 26
7768 8157 51
7768 8157 13
7768 8162 37
7768 8162 54
7768 8162 50
7768 8162 57
7768 8141 53
7768 8141 57
7768 8141 22
7768 8141 52
7768 8153 7
7768 8153 31
7768 8153 21
7768 8153 25
7768 8161 8
7768 8161 54
7768 8161 25
7768 8161 36
7768 7643 37
7768 7643 11
7768 7643 12
7768 7643 55
7768 8146 53
7768 8146 52
7768 8146 47
7768 8146 2
7768 8156 38
7768 8156 47
7768 8156 47
7768 8156 0
7768 8160 14
7768 8160 49
7768 8160 49
7768 8160 55
7768 8167 58
7768 8167 46
7768 8167 19
7768 8167 25
7768 7639 17
7768 7639 32
7768 7639 17
7768 7639 52
7768 8143 31
7768 8143 17
7768 8143 8
7768 8143 30
7768 8150 44
7768 8150 54
7768 8150 34
7768 8150 49
7768 8163 21
7768 8163 59
7768 8163 0
7768 8163 8
7768 8166 44
7768 8166 20
7768 8166 25
7768 8166 58
7768 7642 37
7768 7642 19
7768 7642 26
7768 7642 29
7768 8140 46
7768 8140 53
7768 8140 51
7768 8140 26
7768 8145 55
7768 8145 19
7768 8145 43
7768 8145 48
7768 8154 2
7768 8154 52
7768 8154 34
7768 8154 53
7768 8158 23
7768 8158 13
7768 8158 47
7768 8158 27
7768 8206 34
7768 8206 16
7768 8206 40
7768 8206 41
7768 8208 26
7768 8208 40
7768 8208 42
7768 8208 42
7768 7638 48
7768 7638 25
7768 7638 10
7768 7638 54
7768 7637 1
7768 7637 39
7768 7637 29
7768 7637 25
7768 7663 38
7768 7663 45
7768 7663 13
7768 7663 47
7768 8148 37
7768 8148 39
7768 8148 58
7768 8148 6
7768 8164 10
7768 8164 3
7768 8164 57
7768 8164 37
7768 8168 31
7768 8168 3
7768 8168 37
7768 8168 51
7768 8207 32
7768 8207 13
7768 8207 56
7768 8207 5
7766 8152 53
7766 8152 21
7766 8152 11
7766 8152 3
7766 8151 6
7766 8151 2
7766 8151 6
7766 8151 55
7766 8142 15
7766 8142 55
7766 8142 22
7766 8142 60
7766 8157 59
7766 8157 19
7766 8157 34
7766 8157 33
7766 8162 33
7766 8162 53
7766 8162 14
7766 8162 9
7766 8141 36
7766 8141 6
7766 8141 33
7766 8141 41
7766 8153 33
7766 8153 57
7766 8153 1
7766 8153 36
7766 8161 36
7766 8161 39
7766 8161 21
7766 8161 51
7766 7643 18
7766 7643 55
7766 7643 32
7766 7643 16
7766 8146 25
7766 8146 23
7766 8146 25
7766 8146 7
7766 8156 32
7766 8156 41
7766 8156 29
7766 8156 2
7766 8160 58
7766 8160 3
7766 8160 19
7766 8160 44
7766 8167 55
7766 8167 28
7766 8167 56
7766 8167 57
7766 7639 15
7766 7639 49
7766 7639 46
7766 7639 10
7766 8143 36
7766 8143 36
7766 8143 13
7766 8143 31
7766 8150 4
7766 8150 26
7766 8150 25
7766 8150 39
7766 8163 42
7766 8163 39
7766 8163 44
7766 8163 14
7766 8166 51
7766 8166 42
7766 8166 5
7766 8166 58
7766 7642 57
7766 7642 12
7766 7642 44
7766 7642 54
7766 8140 56
7766 8140 16
7766 8140 56
7766 8140 26
7766 8145 25
7766 8145 26
7766 8145 51
7766 8145 13
7766 8154 24
7766 8154 0
7766 8154 35
7766 8154 41
7766 8158 30
7766 8158 47
7766 8158 52
7766 8158 33
7766 8206 2
7766 8206 25
7766 8206 41
7766 8206 58
7766 8208 3
7766 8208 28
7766 8208 45
7766 8208 38
7766 7638 30
7766 7638 52
7766 7638 1
7766 7638 40
7766 7637 7
7766 7637 16
7766 7637 38
7766 7637 55
7766 7663 51
7766 7663 13
7766 7663 12
7766 7663 14
7766 8148 30
7766 8148 11
7766 8148 22
7766 8148 47
7766 8164 21
7766 8164 9
7766 8164 13
7766 8164 34
7766 8168 34
7766 8168 28
7766 8168 19
7766 8168 38
7766 8207 5
7766 8207 16
7766 8207 35
7766 8207 25
8462 8152 45
8462 8152 1
8462 8152 1
8462 8152 57
8462 8151 24
8462 8151 27
8462 8151 2
8462 8151 8
8462 8142 14
8462 8142 57
8462 8142 60
8462 8142 59
8462 8157 25
8462 8157 26
8462 8157 1
8462 8157 12
8462 8162 6
8462 8162 9
8462 8162 50
8462 8162 15
8462 8141 51
8462 8141 35
8462 8141 48
8462 8141 36
8462 8153 3
8462 8153 58
8462 8153 58
8462 8153 34
8462 8161 48
8462 8161 33
8462 8161 41
8462 8161 12
8462 7643 23
8462 7643 15
8462 7643 8
8462 7643 18
8462 8146 41
8462 8146 31
8462 8146 14
8462 8146 5
8462 8156 5
8462 8156 37
8462 8156 55
8462 8156 41
8462 8160 9
8462 8160 59
8462 8160 24
8462 8160 49
8462 8167 18
8462 8167 49
8462 8167 27
8462 8167 21
8462 7639 13
8462 7639 39
8462 7639 8
8462 7639 58
8462 8143 2
8462 8143 6
8462 8143 15
8462 8143 27
8462 8150 23
8462 8150 2
8462 8150 60
8462 8150 40
8462 8163 52
8462 8163 37
8462 8163 48
8462 8163 30
8462 8166 1
8462 8166 33
8462 8166 6
8462 8166 19
8462 7642 18
8462 7642 45
8462 7642 35
8462 7642 43
8462 8140 41
8462 8140 42
8462 8140 24
8462 8140 33
8462 8145 3
8462 8145 26
8462 8145 20
8462 8145 25
8462 8154 32
8462 8154 50
8462 8154 20
8462 8154 18
8462 8158 9
8462 8158 54
8462 8158 26
8462 8158 21
8462 8206 42
8462 8206 5
8462 8206 2
8462 8206 39
8462 8208 8
8462 8208 60
8462 8208 28
8462 8208 9
8462 7638 41
8462 7638 39
8462 7638 36
8462 7638 35
8462 7637 26
8462 7637 47
8462 7637 43
8462 7637 41
8462 7663 25
8462 7663 28
8462 7663 5
8462 7663 11
8462 8148 47
8462 8148 12
8462 8148 49
8462 8148 15
8462 8164 26
8462 8164 11
8462 8164 2
8462 8164 12
8462 8168 43
8462 8168 11
8462 8168 31
8462 8168 58
8462 8207 40
8462 8207 13
8462 8207 52
8462 8207 5
6038 8152 51
6038 8152 32
6038 8152 53
6038 8152 6
6038 8151 5
6038 8151 23
6038 8151 54
6038 8151 36
6038 8142 33
6038 8142 39
6038 8142 40
6038 8142 11
6038 8157 36
6038 8157 15
6038 8157 23
6038 8157 0
6038 8162 11
6038 8162 28
6038 8162 48
6038 8162 51
6038 8141 4
6038 8141 38
6038 8141 41
6038 8141 33
6038 8153 3
6038 8153 26
6038 8153 49
6038 8153 19
6038 8161 11
6038 8161 17
6038 8161 39
6038 8161 9
6038 7643 10
6038 7643 37
6038 7643 6
6038 7643 9
6038 8146 2
6038 8146 4
6038 8146 47
6038 8146 18
6038 8156 33
6038 8156 37
6038 8156 44
6038 8156 38
6038 8160 16
6038 8160 4
6038 8160 15
6038 8160 38
6038 8167 2
6038 8167 43
6038 8167 34
6038 8167 40
6038 7639 60
6038 7639 50
6038 7639 18
6038 7639 29
6038 8143 52
6038 8143 36
6038 8143 50
6038 8143 7
6038 8150 35
6038 8150 45
6038 8150 34
6038 8150 30
6038 8163 32
6038 8163 23
6038 8163 4
6038 8163 57
6038 8166 22
6038 8166 48
6038 8166 21
6038 8166 52
6038 7642 22
6038 7642 33
6038 7642 31
6038 7642 28
6038 8140 50
6038 8140 7
6038 8140 43
6038 8140 39
6038 8145 38
6038 8145 0
6038 8145 26
6038 8145 36
6038 8154 54
6038 8154 56
6038 8154 59
6038 8154 55
6038 8158 3
6038 8158 9
6038 8158 50
6038 8158 4
6038 8206 48
6038 8206 56
6038 8206 47
6038 8206 50
6038 8208 7
6038 8208 25
6038 8208 5
6038 8208 16
6038 7638 3
6038 7638 56
6038 7638 10
6038 7638 60
6038 7637 46
6038 7637 52
6038 7637 36
6038 7637 42
6038 7663 59
6038 7663 28
6038 7663 18
6038 7663 37
6038 8148 49
6038 8148 8
6038 8148 50
6038 8148 20
6038 8164 15
6038 8164 14
6038 8164 11
6038 8164 31
6038 8168 8
6038 8168 39
6038 8168 25
6038 8168 32
6038 8207 18
6038 8207 12
6038 8207 22
6038 8207 41
6039 8152 22
6039 8152 5
6039 8152 20
6039 8152 42
6039 8151 31
6039 8151 0
6039 8151 22
6039 8151 1
6039 8142 49
6039 8142 50
6039 8142 22
6039 8142 42
6039 8157 26
6039 8157 12
6039 8157 2
6039 8157 25
6039 8162 56
6039 8162 11
6039 8162 29
6039 8162 56
6039 8141 2
6039 8141 32
6039 8141 58
6039 8141 5
6039 8153 4
6039 8153 10
6039 8153 53
6039 8153 10
6039 8161 32
6039 8161 9
6039 8161 32
6039 8161 49
6039 7643 36
6039 7643 42
6039 7643 14
6039 7643 36
6039 8146 49
6039 8146 59
6039 8146 49
6039 8146 41
6039 8156 27
6039 8156 18
6039 8156 18
6039 8156 23
6039 8160 54
6039 8160 46
6039 8160 58
6039 8160 34
6039 8167 0
6039 8167 31
6039 8167 40
6039 8167 4
6039 7639 59
6039 7639 36
6039 7639 18
6039 7639 37
6039 8143 52
6039 8143 38
6039 8143 44
6039 8143 23
6039 8150 1
6039 8150 9
6039 8150 6
6039 8150 21
6039 8163 22
6039 8163 19
6039 8163 32
6039 8163 3
6039 8166 59
6039 8166 55
6039 8166 58
6039 8166 31
6039 7642 32
6039 7642 27
6039 7642 43
6039 7642 29
6039 8140 4
6039 8140 18
6039 8140 16
6039 8140 18
6039 8145 7
6039 8145 41
6039 8145 59
6039 8145 49
6039 8154 14
6039 8154 44
6039 8154 29
6039 8154 26
6039 8158 18
6039 8158 17
6039 8158 11
6039 8158 44
6039 8206 31
6039 8206 1
6039 8206 54
6039 8206 21
6039 8208 58
6039 8208 35
6039 8208 24
6039 8208 39
6039 7638 31
6039 7638 53
6039 7638 25
6039 7638 5
6039 7637 19
6039 7637 57
6039 7637 23
6039 7637 1
6039 7663 51
6039 7663 31
6039 7663 19
6039 7663 52
6039 8148 0
6039 8148 34
6039 8148 26
6039 8148 8
6039 8164 9
6039 8164 27
6039 8164 13
6039 8164 40
6039 8168 2
6039 8168 14
6039 8168 51
6039 8168 43
6039 8207 1
6039 8207 22
6039 8207 14
6039 8207 35
6043 8152 19
6043 8152 55
6043 8152 37
6043 8152 54
6043 8151 47
6043 8151 36
6043 8151 4
6043 8151 51
6043 8142 57
6043 8142 31
6043 8142 19
6043 8142 37
6043 8157 16
6043 8157 27
6043 8157 7
6043 8157 35
6043 8162 49
6043 8162 5
6043 8162 15
6043 8162 56
6043 8141 36
6043 8141 20
6043 8141 60
6043 8141 10
6043 8153 16
6043 8153 23
6043 8153 2
6043 8153 33
6043 8161 22
6043 8161 7
6043 8161 7
6043 8161 11
6043 7643 1
6043 7643 33
6043 7643 46
6043 7643 5
6043 8146 4
6043 8146 54
6043 8146 5
6043 8146 23
6043 8156 9
6043 8156 39
6043 8156 36
6043 8156 3
6043 8160 14
6043 8160 28
6043 8160 37
6043 8160 5
6043 8167 17
6043 8167 3
6043 8167 2
6043 8167 50
6043 7639 52
6043 7639 18
6043 7639 19
6043 7639 17
6043 8143 49
6043 8143 41
6043 8143 39
6043 8143 26
6043 8150 44
6043 8150 1
6043 8150 5
6043 8150 53
6043 8163 28
6043 8163 47
6043 8163 48
6043 8163 60
6043 8166 41
6043 8166 30
6043 8166 31
6043 8166 24
6043 7642 9
6043 7642 5
6043 7642 53
6043 7642 51
6043 8140 15
6043 8140 45
6043 8140 34
6043 8140 57
6043 8145 9
6043 8145 22
6043 8145 15
6043 8145 26
6043 8154 13
6043 8154 52
6043 8154 60
6043 8154 22
6043 8158 60
6043 8158 34
6043 8158 38
6043 8158 16
6043 8206 32
6043 8206 59
6043 8206 37
6043 8206 17
6043 8208 49
6043 8208 12
6043 8208 30
6043 8208 13
6043 7638 22
6043 7638 19
6043 7638 46
6043 7638 21
6043 7637 12
6043 7637 6
6043 7637 0
6043 7637 57
6043 7663 58
6043 7663 9
6043 7663 22
6043 7663 46
6043 8148 19
6043 8148 19
6043 8148 5
6043 8148 7
6043 8164 6
6043 8164 10
6043 8164 13
6043 8164 6
6043 8168 25
6043 8168 12
6043 8168 1
6043 8168 5
6043 8207 8
6043 8207 59
6043 8207 30
6043 8207 9
6037 8152 58
6037 8152 40
6037 8152 2
6037 8152 23
6037 8151 57
6037 8151 5
6037 8151 28
6037 8151 35
6037 8142 37
6037 8142 45
6037 8142 20
6037 8142 34
6037 8157 40
6037 8157 18
6037 8157 2
6037 8157 32
6037 8162 25
6037 8162 13
6037 8162 27
6037 8162 42
6037 8141 57
6037 8141 19
6037 8141 29
6037 8141 45
6037 8153 29
6037 8153 49
6037 8153 28
6037 8153 47
6037 8161 39
6037 8161 33
6037 8161 34
6037 8161 2
6037 7643 4
6037 7643 30
6037 7643 0
6037 7643 58
6037 8146 30
6037 8146 15
6037 8146 25
6037 8146 31
6037 8156 60
6037 8156 35
6037 8156 38
6037 8156 35
6037 8160 15
6037 8160 12
6037 8160 48
6037 8160 36
6037 8167 50
6037 8167 47
6037 8167 58
6037 8167 56
6037 7639 37
6037 7639 4
6037 7639 8
6037 7639 37
6037 8143 19
6037 8143 30
6037 8143 58
6037 8143 50
6037 8150 31
6037 8150 46
6037 8150 40
6037 8150 29
6037 8163 28
6037 8163 8
6037 8163 19
6037 8163 34
6037 8166 9
6037 8166 24
6037 8166 18
6037 8166 22
6037 7642 2
6037 7642 26
6037 7642 20
6037 7642 60
6037 8140 5
6037 8140 19
6037 8140 3
6037 8140 17
6037 8145 26
6037 8145 51
6037 8145 45
6037 8145 57
6037 8154 29
6037 8154 0
6037 8154 4
6037 8154 50
6037 8158 32
6037 8158 9
6037 8158 2
6037 8158 38
6037 8206 15
6037 8206 10
6037 8206 45
6037 8206 27
6037 8208 42
6037 8208 19
6037 8208 12
6037 8208 5
6037 7638 60
6037 7638 9
6037 7638 43
6037 7638 1
6037 7637 47
6037 7637 24
6037 7637 22
6037 7637 55
6037 7663 31
6037 7663 29
6037 7663 18
6037 7663 37
6037 8148 24
6037 8148 10
6037 8148 49
6037 8148 44
6037 8164 6
6037 8164 3
6037 8164 22
6037 8164 6
6037 8168 44
6037 8168 59
6037 8168 12
6037 8168 2
6037 8207 49
6037 8207 5
6037 8207 33
6037 8207 43
