3639 6315 48
3639 6315 26
3639 6313 51
3639 6313 14
3639 6316 29
3639 6316 31
3639 7391 43
3639 7391 0
3639 6314 56
3639 6314 54
3639 7390 6
3639 7390 1
3639 7400 11
3639 7400 29
3639 7397 57
3639 7397 18
3639 9171 22
3639 9171 59
3639 7402 33
3639 7402 1
3639 7396 1
3639 7396 28
3639 7398 23
3639 7398 24
3639 7401 32
3639 7401 15
3639 7403 51
3639 7403 3
3639 7566 37
3639 7566 23
3639 7551 8
3639 7551 26
3639 9170 59
3639 9170 55
3639 7425 12
3639 7425 0
3639 7433 7
3639 7433 16
3639 7399 53
3639 7399 58
3639 7550 37
3639 7550 23
3639 7565 1
3639 7565 33
3639 7412 19
3639 7412 55
3639 7431 50
3639 7431 21
3639 7411 41
3639 7411 54
3639 7548 12
3639 7548 54
3639 9169 43
3639 9169 11
3639 7424 48
3639 7424 27
3639 7414 47
3639 7414 2
3639 7428 42
3639 7428 0
3639 7432 6
3639 7432 14
3639 7562 42
3639 7562 48
3636 6315 48
3636 6315 37
3636 6313 46
3636 6313 41
3636 6316 10
3636 6316 42
3636 7391 46
3636 7391 51
3636 6314 43
3636 6314 59
3636 7390 45
3636 7390 22
3636 7400 1
3636 7400 51
3636 7397 2
3636 7397 7
3636 9171 13
3636 9171 26
3636 7402 58
3636 7402 10
3636 7396 25
3636 7396 59
3636 7398 54
3636 7398 57
3636 7401 38
3636 7401 39
3636 7403 17
3636 7403 30
3636 7566 14
3636 7566 48
3636 7551 16
3636 7551 25
3636 9170 42
3636 9170 1
3636 7425 58
3636 7425 22
3636 7433 40
3636 7433 44
3636 7399 7
3636 7399 43
3636 7550 16
3636 7550 55
3636 7565 32
3636 7565 56
3636 7412 40
3636 7412 43
3636 7431 43
3636 7431 36
3636 7411 24
3636 7411 1
3636 7548 47
3636 7548 12
3636 9169 3
3636 9169 25
3636 7424 2
3636 7424 51
3636 7414 0
3636 7414 30
3636 7428 12
3636 7428 18
3636 7432 44
3636 7432 8
3636 7562 17
3636 7562 7
3638 6315 53
3638 6315 28
3638 6313 23
3638 6313 57
3638 6316 8
3638 6316 6
3638 7391 60
3638 7391 52
3638 6314 25
3638 6314 49
3638 7390 49
3638 7390 42
3638 7400 50
3638 7400 27
3638 7397 26
3638 7397 18
3638 9171 4
3638 9171 60
3638 7402 2
3638 7402 34
3638 7396 6
3638 7396 37
3638 7398 51
3638 7398 41
3638 7401 12
3638 7401 39
3638 7403 45
3638 7403 20
3638 7566 26
3638 7566 40
3638 7551 4
3638 7551 5
3638 9170 48
3638 9170 27
3638 7425 7
3638 7425 14
3638 7433 60
3638 7433 47
3638 7399 17
3638 7399 5
3638 7550 11
3638 7550 15
3638 7565 59
3638 7565 3
3638 7412 12
3638 7412 21
3638 7431 17
3638 7431 57
3638 7411 47
3638 7411 19
3638 7548 46
3638 7548 25
3638 9169 25
3638 9169 4
3638 7424 12
3638 7424 37
3638 7414 7
3638 7414 53
3638 7428 15
3638 7428 37
3638 7432 3
3638 7432 8
3638 7562 35
3638 7562 50
3645 6315 18
3645 6315 24
3645 6313 21
3645 6313 4
3645 6316 21
3645 6316 6
3645 7391 54
3645 7391 3
3645 6314 11
3645 6314 38
3645 7390 22
3645 7390 41
3645 7400 20
3645 7400 29
3645 7397 9
3645 7397 45
3645 9171 3
3645 9171 11
3645 7402 3
3645 7402 35
3645 7396 0
3645 7396 39
3645 7398 28
3645 7398 35
3645 7401 0
3645 7401 25
3645 7403 13
3645 7403 60
3645 7566 46
3645 7566 23
3645 7551 60
3645 7551 44
3645 9170 56
3645 9170 5
3645 7425 20
3645 7425 23
3645 7433 15
3645 7433 39
3645 7399 30
3645 7399 1
3645 7550 41
3645 7550 28
3645 7565 49
3645 7565 53
3645 7412 17
3645 7412 34
3645 7431 55
3645 7431 47
3645 7411 13
3645 7411 18
3645 7548 18
3645 7548 35
3645 9169 58
3645 9169 43
3645 7424 43
3645 7424 21
3645 7414 58
3645 7414 27
3645 7428 54
3645 7428 13
3645 7432 35
3645 7432 55
3645 7562 41
3645 7562 41
3663 6315 37
3663 6315 43
3663 6313 51
3663 6313 50
3663 6316 11
3663 6316 28
3663 7391 47
3663 7391 40
3663 6314 46
3663 6314 53
3663 7390 41
3663 7390 9
3663 7400 2
3663 7400 23
3663 7397 15
3663 7397 33
3663 9171 19
3663 9171 53
3663 7402 59
3663 7402 50
3663 7396 51
3663 7396 7
3663 7398 41
3663 7398 13
3663 7401 28
3663 7401 57
3663 7403 9
3663 7403 32
3663 7566 38
3663 7566 58
3663 7551 18
3663 7551 26
3663 9170 15
3663 9170 30
3663 7425 29
3663 7425 29
3663 7433 5
3663 7433 52
3663 7399 48
3663 7399 8
3663 7550 0
3663 7550 42
3663 7565 1
3663 7565 44
3663 7412 49
3663 7412 21
3663 7431 41
3663 7431 49
3663 7411 27
3663 7411 1
3663 7548 15
3663 7548 25
3663 9169 22
3663 9169 31
3663 7424 3
3663 7424 3
3663 7414 29
3663 7414 60
3663 7428 28
3663 7428 59
3663 7432 59
3663 7432 39
3663 7562 25
3663 7562 39
3635 6315 42
3635 6315 11
3635 6313 31
3635 6313 7
3635 6316 33
3635 6316 46
3635 7391 3
3635 7391 57
3635 6314 15
3635 6314 56
3635 7390 20
3635 7390 9
3635 7400 43
3635 7400 46
3635 7397 27
3635 7397 21
3635 9171 45
3635 9171 19
3635 7402 34
3635 7402 27
3635 7396 5
3635 7396 45
3635 7398 13
3635 7398 48
3635 7401 15
3635 7401 58
3635 7403 19
3635 7403 33
3635 7566 23
3635 7566 6
3635 7551 5
3635 7551 53
3635 9170 18
3635 9170 0
3635 7425 45
3635 7425 28
3635 7433 39
3635 7433 23
3635 7399 21
3635 7399 10
3635 7550 48
3635 7550 56
3635 7565 17
3635 7565 11
3635 7412 4
3635 7412 19
3635 7431 37
3635 7431 34
3635 7411 5
3635 7411 50
3635 7548 1
3635 7548 52
3635 9169 45
3635 9169 42
3635 7424 20
3635 7424 34
3635 7414 6
3635 7414 5
3635 7428 47
3635 7428 41
3635 7432 8
3635 7432 24
3635 7562 16
3635 7562 50
3637 6315 41
3637 6315 59
3637 6313 2
3637 6313 37
3637 6316 9
3637 6316 26
3637 7391 5
3637 7391 58
3637 6314 23
3637 6314 42
3637 7390 59
3637 7390 55
3637 7400 38
3637 7400 0
3637 7397 26
3637 7397 33
3637 9171 43
3637 9171 3
3637 7402 59
3637 7402 40
3637 7396 10
3637 7396 60
3637 7398 54
3637 7398 34
3637 7401 22
3637 7401 12
3637 7403 25
3637 7403 9
3637 7566 39
3637 7566 2
3637 7551 31
3637 7551 11
3637 9170 37
3637 9170 49
3637 7425 31
3637 7425 18
3637 7433 16
3637 7433 22
3637 7399 31
3637 7399 50
3637 7550 1
3637 7550 18
3637 7565 4
3637 7565 11
3637 7412 7
3637 7412 36
3637 7431 10
3637 7431 49
3637 7411 50
3637 7411 55
3637 7548 54
3637 7548 14
3637 9169 60
3637 9169 60
3637 7424 38
3637 7424 13
3637 7414 5
3637 7414 29
3637 7428 23
3637 7428 4
3637 7432 33
3637 7432 15
3637 7562 58
3637 7562 1
3657 6315 54
3657 6315 40
3657 6313 15
3657 6313 31
3657 6316 2
3657 6316 42
3657 7391 29
3657 7391 33
3657 6314 58
3657 6314 5
3657 7390 39
3657 7390 44
3657 7400 35
3657 7400 50
3657 7397 36
3657 7397 28
3657 9171 28
3657 9171 46
3657 7402 12
3657 7402 6
3657 7396 34
3657 7396 49
3657 7398 36
3657 7398 40
3657 7401 14
3657 7401 20
3657 7403 21
3657 7403 5
3657 7566 22
3657 7566 52
3657 7551 58
3657 7551 19
3657 9170 46
3657 9170 9
3657 7425 32
3657 7425 57
3657 7433 41
3657 7433 6
3657 7399 1
3657 7399 13
3657 7550 15
3657 7550 11
3657 7565 13
3657 7565 59
3657 7412 50
3657 7412 33
3657 7431 40
3657 7431 14
3657 7411 10
3657 7411 60
3657 7548 35
3657 7548 43
3657 9169 46
3657 9169 23
3657 7424 37
3657 7424 44
3657 7414 18
3657 7414 23
3657 7428 46
3657 7428 59
3657 7432 46
3657 7432 51
3657 7562 52
3657 7562 37
3656 6315 12
3656 6315 34
3656 6313 52
3656 6313 38
3656 6316 32
3656 6316 53
3656 7391 54
3656 7391 6
3656 6314 41
3656 6314 58
3656 7390 38
3656 7390 32
3656 7400 26
3656 7400 49
3656 7397 34
3656 7397 15
3656 9171 30
3656 9171 22
3656 7402 13
3656 7402 6
3656 7396 35
3656 7396 18
3656 7398 16
3656 7398 42
3656 7401 15
3656 7401 3
3656 7403 49
3656 7403 27
3656 7566 1
3656 7566 23
3656 7551 17
3656 7551 15
3656 9170 43
3656 9170 37
3656 7425 3
3656 7425 38
3656 7433 14
3656 7433 30
3656 7399 51
3656 7399 22
3656 7550 57
3656 7550 43
3656 7565 38
3656 7565 40
3656 7412 42
3656 7412 16
3656 7431 9
3656 7431 0
3656 7411 60
3656 7411 25
3656 7548 45
3656 7548 29
3656 9169 59
3656 9169 56
3656 7424 47
3656 7424 25
3656 7414 49
3656 7414 60
3656 7428 25
3656 7428 58
3656 7432 35
3656 7432 28
3656 7562 20
3656 7562 27
3644 6315 9
3644 6315 24
3644 6313 33
3644 6313 8
3644 6316 35
3644 6316 58
3644 7391 3
3644 7391 47
3644 6314 58
3644 6314 42
3644 7390 43
3644 7390 58
3644 7400 24
3644 7400 43
3644 7397 17
3644 7397 19
3644 9171 20
3644 9171 3
3644 7402 17
3644 7402 59
3644 7396 16
3644 7396 48
3644 7398 16
3644 7398 22
3644 7401 36
3644 7401 52
3644 7403 28
3644 7403 19
3644 7566 29
3644 7566 58
3644 7551 58
3644 7551 21
3644 9170 31
3644 9170 28
3644 7425 13
3644 7425 27
3644 7433 58
3644 7433 30
3644 7399 47
3644 7399 60
3644 7550 21
3644 7550 51
3644 7565 56
3644 7565 10
3644 7412 6
3644 7412 11
3644 7431 20
3644 7431 56
3644 7411 29
3644 7411 42
3644 7548 24
3644 7548 41
3644 9169 13
3644 9169 22
3644 7424 34
3644 7424 17
3644 7414 44
3644 7414 40
3644 7428 7
3644 7428 16
3644 7432 11
3644 7432 42
3644 7562 13
3644 7562 6
3664 6315 37
3664 6315 22
3664 6313 32
3664 6313 20
3664 6316 24
3664 6316 41
3664 7391 31
3664 7391 54
3664 6314 41
3664 6314 54
3664 7390 17
3664 7390 57
3664 7400 15
3664 7400 34
3664 7397 39
3664 7397 1
3664 9171 45
3664 9171 39
3664 7402 56
3664 7402 1
3664 7396 35
3664 7396 26
3664 7398 17
3664 7398 46
3664 7401 5
3664 7401 58
3664 7403 51
3664 7403 3
3664 7566 46
3664 7566 43
3664 7551 44
3664 7551 29
3664 9170 57
3664 9170 58
3664 7425 11
3664 7425 5
3664 7433 21
3664 7433 20
3664 7399 57
3664 7399 10
3664 7550 3
3664 7550 13
3664 7565 43
3664 7565 51
3664 7412 41
3664 7412 49
3664 7431 38
3664 7431 11
3664 7411 1
3664 7411 15
3664 7548 25
3664 7548 60
3664 9169 12
3664 9169 57
3664 7424 23
3664 7424 49
3664 7414 55
3664 7414 0
3664 7428 19
3664 7428 23
3664 7432 20
3664 7432 10
3664 7562 32
3664 7562 48
3629 6315 49
3629 6315 38
3629 6313 21
3629 6313 60
3629 6316 22
3629 6316 13
3629 7391 9
3629 7391 56
3629 6314 58
3629 6314 31
3629 7390 12
3629 7390 46
3629 7400 22
3629 7400 39
3629 7397 24
3629 7397 59
3629 9171 8
3629 9171 38
3629 7402 2
3629 7402 19
3629 7396 19
3629 7396 6
3629 7398 30
3629 7398 0
3629 7401 56
3629 7401 20
3629 7403 58
3629 7403 46
3629 7566 22
3629 7566 17
3629 7551 14
3629 7551 38
3629 9170 49
3629 9170 29
3629 7425 15
3629 7425 52
3629 7433 26
3629 7433 20
3629 7399 58
3629 7399 35
3629 7550 48
3629 7550 44
3629 7565 14
3629 7565 17
3629 7412 3
3629 7412 42
3629 7431 20
3629 7431 21
3629 7411 51
3629 7411 59
3629 7548 26
3629 7548 12
3629 9169 13
3629 9169 41
3629 7424 20
3629 7424 58
3629 7414 19
3629 7414 43
3629 7428 60
3629 7428 54
3629 7432 32
3629 7432 28
3629 7562 55
3629 7562 57
3631 6315 56
3631 6315 40
3631 6313 0
3631 6313 3
3631 6316 23
3631 6316 45
3631 7391 35
3631 7391 22
3631 6314 46
3631 6314 7
3631 7390 24
3631 7390 17
3631 7400 14
3631 7400 12
3631 7397 58
3631 7397 33
3631 9171 49
3631 9171 51
3631 7402 29
3631 7402 18
3631 7396 8
3631 7396 20
3631 7398 11
3631 7398 49
3631 7401 18
3631 7401 16
3631 7403 36
3631 7403 38
3631 7566 6
3631 7566 5
3631 7551 33
3631 7551 36
3631 9170 15
3631 9170 13
3631 7425 59
3631 7425 40
3631 7433 45
3631 7433 27
3631 7399 40
3631 7399 56
3631 7550 20
3631 7550 46
3631 7565 59
3631 7565 11
3631 7412 13
3631 7412 28
3631 7431 48
3631 7431 25
3631 7411 58
3631 7411 23
3631 7548 53
3631 7548 2
3631 9169 34
3631 9169 60
3631 7424 45
3631 7424 19
3631 7414 9
3631 7414 29
3631 7428 26
3631 7428 60
3631 7432 46
3631 7432 12
3631 7562 26
3631 7562 54
3666 6315 9
3666 6315 2
3666 6313 36
3666 6313 29
3666 6316 44
3666 6316 15
3666 7391 51
3666 7391 39
3666 6314 14
3666 6314 13
3666 7390 27
3666 7390 33
3666 7400 53
3666 7400 12
3666 7397 25
3666 7397 38
3666 9171 31
3666 9171 16
3666 7402 47
3666 7402 33
3666 7396 10
3666 7396 37
3666 7398 15
3666 7398 15
3666 7401 51
3666 7401 34
3666 7403 46
3666 7403 52
3666 7566 22
3666 7566 54
3666 7551 56
3666 7551 11
3666 9170 24
3666 9170 44
3666 7425 55
3666 7425 2
3666 7433 7
3666 7433 23
3666 7399 17
3666 7399 31
3666 7550 3
3666 7550 20
3666 7565 31
3666 7565 36
3666 7412 4
3666 7412 59
3666 7431 60
3666 7431 18
3666 7411 25
3666 7411 12
3666 7548 9
3666 7548 41
3666 9169 28
3666 9169 39
3666 7424 57
3666 7424 1
3666 7414 23
3666 7414 5
3666 7428 44
3666 7428 51
3666 7432 45
3666 7432 1
3666 7562 19
3666 7562 34
3077 6315 7
3077 6315 44
3077 6313 33
3077 6313 13
3077 6316 29
3077 6316 40
3077 7391 43
3077 7391 10
3077 6314 13
3077 6314 57
3077 7390 53
3077 7390 5
3077 7400 31
3077 7400 60
3077 7397 46
3077 7397 4
3077 9171 41
3077 9171 48
3077 7402 39
3077 7402 28
3077 7396 48
3077 7396 27
3077 7398 14
3077 7398 57
3077 7401 10
3077 7401 7
3077 7403 51
3077 7403 34
3077 7566 18
3077 7566 36
3077 7551 44
3077 7551 53
3077 9170 17
3077 9170 39
3077 7425 21
3077 7425 7
3077 7433 16
3077 7433 29
3077 7399 29
3077 7399 38
3077 7550 47
3077 7550 8
3077 7565 27
3077 7565 15
3077 7412 31
3077 7412 40
3077 7431 36
3077 7431 29
3077 7411 33
3077 7411 26
3077 7548 51
3077 7548 4
3077 9169 42
3077 9169 7
3077 7424 57
3077 7424 45
3077 7414 50
3077 7414 25
3077 7428 19
3077 7428 11
3077 7432 36
3077 7432 53
3077 7562 56
3077 7562 8
3625 6315 52
3625 6315 22
3625 6313 5
3625 6313 0
3625 6316 20
3625 6316 43
3625 7391 22
3625 7391 36
3625 6314 60
3625 6314 2
3625 7390 42
3625 7390 29
3625 7400 13
3625 7400 57
3625 7397 10
3625 7397 18
3625 9171 38
3625 9171 48
3625 7402 42
3625 7402 30
3625 7396 10
3625 7396 22
3625 7398 10
3625 7398 57
3625 7401 52
3625 7401 28
3625 7403 48
3625 7403 53
3625 7566 1
3625 7566 7
3625 7551 54
3625 7551 9
3625 9170 49
3625 9170 28
3625 7425 22
3625 7425 3
3625 7433 56
3625 7433 35
3625 7399 23
3625 7399 52
3625 7550 29
3625 7550 25
3625 7565 16
3625 7565 36
3625 7412 52
3625 7412 41
3625 7431 56
3625 7431 21
3625 7411 42
3625 7411 28
3625 7548 24
3625 7548 0
3625 9169 0
3625 9169 52
3625 7424 20
3625 7424 15
3625 7414 46
3625 7414 56
3625 7428 23
3625 7428 41
3625 7432 3
3625 7432 19
3625 7562 0
3625 7562 5
3654 6315 53
3654 6315 31
3654 6313 51
3654 6313 22
3654 6316 31
3654 6316 3
3654 7391 20
3654 7391 20
3654 6314 50
3654 6314 51
3654 7390 58
3654 7390 24
3654 7400 59
3654 7400 26
3654 7397 5
3654 7397 17
3654 9171 33
3654 9171 22
3654 7402 26
3654 7402 18
3654 7396 9
3654 7396 50
3654 7398 12
3654 7398 21
3654 7401 3
3654 7401 32
3654 7403 22
3654 7403 26
3654 7566 15
3654 7566 28
3654 7551 24
3654 7551 35
3654 9170 39
3654 9170 49
3654 7425 54
3654 7425 19
3654 7433 48
3654 7433 49
3654 7399 34
3654 7399 1
3654 7550 25
3654 7550 51
3654 7565 37
3654 7565 36
3654 7412 47
3654 7412 12
3654 7431 6
3654 7431 37
3654 7411 47
3654 7411 51
3654 7548 18
3654 7548 41
3654 9169 0
3654 9169 55
3654 7424 8
3654 7424 15
3654 7414 22
3654 7414 43
3654 7428 15
3654 7428 37
3654 7432 5
3654 7432 19
3654 7562 18
3654 7562 6
3658 6315 46
3658 6315 13
3658 6313 30
3658 6313 22
3658 6316 27
3658 6316 2
3658 7391 34
3658 7391 21
3658 6314 49
3658 6314 0
3658 7390 38
3658 7390 23
3658 7400 53
3658 7400 24
3658 7397 35
3658 7397 2
3658 9171 14
3658 9171 11
3658 7402 13
3658 7402 1
3658 7396 50
3658 7396 43
3658 7398 55
3658 7398 13
3658 7401 30
3658 7401 29
3658 7403 4
3658 7403 12
3658 7566 50
3658 7566 56
3658 7551 40
3658 7551 55
3658 9170 25
3658 9170 46
3658 7425 49
3658 7425 7
3658 7433 5
3658 7433 14
3658 7399 42
3658 7399 45
3658 7550 11
3658 7550 10
3658 7565 30
3658 7565 1
3658 7412 25
3658 7412 25
3658 7431 43
3658 7431 0
3658 7411 22
3658 7411 51
3658 7548 18
3658 7548 35
3658 9169 26
3658 9169 32
3658 7424 26
3658 7424 52
3658 7414 25
3658 7414 15
3658 7428 49
3658 7428 38
3658 7432 19
3658 7432 8
3658 7562 26
3658 7562 36
3655 6315 3
3655 6315 59
3655 6313 46
3655 6313 34
3655 6316 3
3655 6316 28
3655 7391 57
3655 7391 19
3655 6314 14
3655 6314 34
3655 7390 27
3655 7390 33
3655 7400 1
3655 7400 34
3655 7397 25
3655 7397 31
3655 9171 28
3655 9171 16
3655 7402 25
3655 7402 53
3655 7396 51
3655 7396 17
3655 7398 57
3655 7398 8
3655 7401 9
3655 7401 21
3655 7403 3
3655 7403 9
3655 7566 45
3655 7566 43
3655 7551 38
3655 7551 20
3655 9170 26
3655 9170 17
3655 7425 38
3655 7425 34
3655 7433 39
3655 7433 11
3655 7399 22
3655 7399 45
3655 7550 19
3655 7550 13
3655 7565 48
3655 7565 35
3655 7412 7
3655 7412 41
3655 7431 21
3655 7431 58
3655 7411 34
3655 7411 56
3655 7548 35
3655 7548 19
3655 9169 25
3655 9169 12
3655 7424 41
3655 7424 25
3655 7414 59
3655 7414 51
3655 7428 53
3655 7428 5
3655 7432 1
3655 7432 20
3655 7562 31
3655 7562 4
3643 6315 21
3643 6315 34
3643 6313 46
3643 6313 38
3643 6316 45
3643 6316 11
3643 7391 25
3643 7391 18
3643 6314 33
3643 6314 32
3643 7390 54
3643 7390 21
3643 7400 26
3643 7400 32
3643 7397 32
3643 7397 41
3643 9171 54
3643 9171 10
3643 7402 40
3643 7402 13
3643 7396 3
3643 7396 35
3643 7398 20
3643 7398 11
3643 7401 33
3643 7401 11
3643 7403 28
3643 7403 16
3643 7566 52
3643 7566 23
3643 7551 11
3643 7551 14
3643 9170 15
3643 9170 47
3643 7425 59
3643 7425 27
3643 7433 5
3643 7433 18
3643 7399 13
3643 7399 6
3643 7550 32
3643 7550 15
3643 7565 31
3643 7565 54
3643 7412 19
3643 7412 35
3643 7431 45
3643 7431 19
3643 7411 33
3643 7411 51
3643 7548 25
3643 7548 58
3643 9169 1
3643 9169 32
3643 7424 17
3643 7424 54
3643 7414 49
3643 7414 28
3643 7428 50
3643 7428 56
3643 7432 25
3643 7432 5
3643 7562 9
3643 7562 17
3641 6315 15
3641 6315 53
3641 6313 46
3641 6313 41
3641 6316 60
3641 6316 56
3641 7391 30
3641 7391 41
3641 6314 45
3641 6314 23
3641 7390 27
3641 7390 30
3641 7400 9
3641 7400 18
3641 7397 53
3641 7397 52
3641 9171 56
3641 9171 48
3641 7402 7
3641 7402 31
3641 7396 5
3641 7396 8
3641 7398 16
3641 7398 44
3641 7401 30
3641 7401 7
3641 7403 7
3641 7403 4
3641 7566 8
3641 7566 24
3641 7551 35
3641 7551 28
3641 9170 42
3641 9170 42
3641 7425 53
3641 7425 27
3641 7433 21
3641 7433 38
3641 7399 32
3641 7399 3
3641 7550 43
3641 7550 14
3641 7565 46
3641 7565 22
3641 7412 10
3641 7412 13
3641 7431 54
3641 7431 34
3641 7411 30
3641 7411 6
3641 7548 59
3641 7548 45
3641 9169 27
3641 9169 25
3641 7424 14
3641 7424 18
3641 7414 58
3641 7414 3
3641 7428 28
3641 7428 45
3641 7432 7
3641 7432 39
3641 7562 19
3641 7562 36
3646 6315 22
3646 6315 47
3646 6313 22
3646 6313 33
3646 6316 10
3646 6316 32
3646 7391 15
3646 7391 33
3646 6314 36
3646 6314 19
3646 7390 43
3646 7390 46
3646 7400 16
3646 7400 6
3646 7397 16
3646 7397 58
3646 9171 35
3646 9171 34
3646 7402 41
3646 7402 7
3646 7396 29
3646 7396 11
3646 7398 47
3646 7398 45
3646 7401 56
3646 7401 13
3646 7403 11
3646 7403 27
3646 7566 41
3646 7566 12
3646 7551 0
3646 7551 38
3646 9170 39
3646 9170 1
3646 7425 54
3646 7425 60
3646 7433 20
3646 7433 13
3646 7399 42
3646 7399 28
3646 7550 57
3646 7550 26
3646 7565 18
3646 7565 2
3646 7412 54
3646 7412 36
3646 7431 4
3646 7431 9
3646 7411 31
3646 7411 35
3646 7548 12
3646 7548 27
3646 9169 3
3646 9169 49
3646 7424 15
3646 7424 19
3646 7414 4
3646 7414 36
3646 7428 36
3646 7428 1
3646 7432 45
3646 7432 13
3646 7562 27
3646 7562 41
3665 6315 54
3665 6315 43
3665 6313 32
3665 6313 14
3665 6316 58
3665 6316 52
3665 7391 56
3665 7391 45
3665 6314 6
3665 6314 37
3665 7390 16
3665 7390 37
3665 7400 18
3665 7400 0
3665 7397 48
3665 7397 60
3665 9171 44
3665 9171 5
3665 7402 59
3665 7402 45
3665 7396 56
3665 7396 58
3665 7398 55
3665 7398 21
3665 7401 59
3665 7401 55
3665 7403 50
3665 7403 0
3665 7566 55
3665 7566 11
3665 7551 57
3665 7551 21
3665 9170 48
3665 9170 25
3665 7425 30
3665 7425 56
3665 7433 13
3665 7433 4
3665 7399 47
3665 7399 55
3665 7550 8
3665 7550 48
3665 7565 24
3665 7565 44
3665 7412 48
3665 7412 46
3665 7431 13
3665 7431 3
3665 7411 18
3665 7411 34
3665 7548 38
3665 7548 48
3665 9169 26
3665 9169 23
3665 7424 36
3665 7424 49
3665 7414 58
3665 7414 35
3665 7428 33
3665 7428 23
3665 7432 59
3665 7432 27
3665 7562 3
3665 7562 10
3602 6315 7
3602 6315 7
3602 6313 0
3602 6313 23
3602 6316 10
3602 6316 42
3602 7391 3
3602 7391 34
3602 6314 8
3602 6314 20
3602 7390 24
3602 7390 41
3602 7400 56
3602 7400 45
3602 7397 0
3602 7397 31
3602 9171 15
3602 9171 49
3602 7402 25
3602 7402 52
3602 7396 59
3602 7396 52
3602 7398 19
3602 7398 35
3602 7401 56
3602 7401 50
3602 7403 54
3602 7403 45
3602 7566 50
3602 7566 0
3602 7551 55
3602 7551 11
3602 9170 50
3602 9170 22
3602 7425 1
3602 7425 31
3602 7433 33
3602 7433 49
3602 7399 22
3602 7399 27
3602 7550 47
3602 7550 13
3602 7565 19
3602 7565 55
3602 7412 60
3602 7412 56
3602 7431 16
3602 7431 1
3602 7411 16
3602 7411 1
3602 7548 28
3602 7548 58
3602 9169 9
3602 9169 2
3602 7424 8
3602 7424 9
3602 7414 41
3602 7414 37
3602 7428 38
3602 7428 23
3602 7432 50
3602 7432 60
3602 7562 39
3602 7562 54
3632 6315 28
3632 6315 9
3632 6313 4
3632 6313 23
3632 6316 17
3632 6316 8
3632 7391 60
3632 7391 48
3632 6314 6
3632 6314 16
3632 7390 48
3632 7390 18
3632 7400 59
3632 7400 38
3632 7397 10
3632 7397 1
3632 9171 15
3632 9171 4
3632 7402 47
3632 7402 21
3632 7396 54
3632 7396 32
3632 7398 48
3632 7398 57
3632 7401 46
3632 7401 2
3632 7403 28
3632 7403 6
3632 7566 37
3632 7566 48
3632 7551 53
3632 7551 48
3632 9170 43
3632 9170 29
3632 7425 24
3632 7425 5
3632 7433 50
3632 7433 7
3632 7399 12
3632 7399 39
3632 7550 48
3632 7550 35
3632 7565 60
3632 7565 26
3632 7412 58
3632 7412 54
3632 7431 15
3632 7431 48
3632 7411 9
3632 7411 37
3632 7548 45
3632 7548 12
3632 9169 0
3632 9169 51
3632 7424 51
3632 7424 14
3632 7414 12
3632 7414 10
3632 7428 4
3632 7428 22
3632 7432 7
3632 7432 19
3632 7562 58
3632 7562 10
3630 6315 18
3630 6315 35
3630 6313 1
3630 6313 29
3630 6316 31
3630 6316 5
3630 7391 41
3630 7391 9
3630 6314 3
3630 6314 22
3630 7390 56
3630 7390 30
3630 7400 54
3630 7400 12
3630 7397 43
3630 7397 49
3630 9171 57
3630 9171 33
3630 7402 50
3630 7402 5
3630 7396 25
3630 7396 37
3630 7398 31
3630 7398 17
3630 7401 26
3630 7401 54
3630 7403 20
3630 7403 45
3630 7566 8
3630 7566 20
3630 7551 58
3630 7551 7
3630 9170 59
3630 9170 18
3630 7425 9
3630 7425 29
3630 7433 15
3630 7433 0
3630 7399 37
3630 7399 22
3630 7550 34
3630 7550 21
3630 7565 31
3630 7565 60
3630 7412 36
3630 7412 22
3630 7431 37
3630 7431 59
3630 7411 51
3630 7411 40
3630 7548 24
3630 7548 33
3630 9169 31
3630 9169 27
3630 7424 29
3630 7424 12
3630 7414 43
3630 7414 48
3630 7428 22
3630 7428 59
3630 7432 2
3630 7432 11
3630 7562 24
3630 7562 3
3668 6315 33
3668 6315 46
3668 6313 54
3668 6313 57
3668 6316 23
3668 6316 54
3668 7391 56
3668 7391 44
3668 6314 0
3668 6314 40
3668 7390 44
3668 7390 3
3668 7400 55
3668 7400 10
3668 7397 30
3668 7397 18
3668 9171 25
3668 9171 8
3668 7402 24
3668 7402 11
3668 7396 46
3668 7396 8
3668 7398 49
3668 7398 55
3668 7401 33
3668 7401 55
3668 7403 41
3668 7403 13
3668 7566 4
3668 7566 46
3668 7551 42
3668 7551 60
3668 9170 8
3668 9170 2
3668 7425 54
3668 7425 52
3668 7433 30
3668 7433 22
3668 7399 10
3668 7399 2
3668 7550 15
3668 7550 57
3668 7565 51
3668 7565 22
3668 7412 37
3668 7412 19
3668 7431 58
3668 7431 18
3668 7411 28
3668 7411 31
3668 7548 32
3668 7548 23
3668 9169 11
3668 9169 39
3668 7424 7
3668 7424 46
3668 7414 37
3668 7414 60
3668 7428 3
3668 7428 11
3668 7432 8
3668 7432 36
3668 7562 49
3668 7562 4
3716 6315 16
3716 6315 42
3716 6313 39
3716 6313 52
3716 6316 46
3716 6316 29
3716 7391 16
3716 7391 22
3716 6314 14
3716 6314 8
3716 7390 46
3716 7390 39
3716 7400 56
3716 7400 44
3716 7397 48
3716 7397 26
3716 9171 24
3716 9171 17
3716 7402 48
3716 7402 11
3716 7396 13
3716 7396 36
3716 7398 45
3716 7398 46
3716 7401 12
3716 7401 17
3716 7403 42
3716 7403 54
3716 7566 36
3716 7566 22
3716 7551 26
3716 7551 18
3716 9170 59
3716 9170 0
3716 7425 45
3716 7425 47
3716 7433 56
3716 7433 34
3716 7399 5
3716 7399 25
3716 7550 56
3716 7550 46
3716 7565 36
3716 7565 18
3716 7412 10
3716 7412 56
3716 7431 60
3716 7431 8
3716 7411 14
3716 7411 2
3716 7548 29
3716 7548 52
3716 9169 58
3716 9169 56
3716 7424 10
3716 7424 8
3716 7414 25
3716 7414 42
3716 7428 6
3716 7428 28
3716 7432 27
3716 7432 36
3716 7562 33
3716 7562 23
3076 6315 55
3076 6315 36
3076 6313 38
3076 6313 33
3076 6316 36
3076 6316 45
3076 7391 35
3076 7391 27
3076 6314 28
3076 6314 7
3076 7390 6
3076 7390 39
3076 7400 38
3076 7400 3
3076 7397 26
3076 7397 27
3076 9171 1
3076 9171 26
3076 7402 41
3076 7402 31
3076 7396 39
3076 7396 55
3076 7398 3
3076 7398 31
3076 7401 53
3076 7401 54
3076 7403 2
3076 7403 57
3076 7566 31
3076 7566 58
3076 7551 29
3076 7551 54
3076 9170 36
3076 9170 3
3076 7425 48
3076 7425 41
3076 7433 0
3076 7433 3
3076 7399 53
3076 7399 17
3076 7550 37
3076 7550 8
3076 7565 19
3076 7565 38
3076 7412 7
3076 7412 35
3076 7431 37
3076 7431 29
3076 7411 48
3076 7411 52
3076 7548 32
3076 7548 19
3076 9169 47
3076 9169 11
3076 7424 48
3076 7424 27
3076 7414 12
3076 7414 10
3076 7428 53
3076 7428 42
3076 7432 19
3076 7432 56
3076 7562 35
3076 7562 15
3081 6315 17
3081 6315 43
3081 6313 8
3081 6313 57
3081 6316 60
3081 6316 25
3081 7391 28
3081 7391 15
3081 6314 56
3081 6314 5
3081 7390 37
3081 7390 51
3081 7400 40
3081 7400 30
3081 7397 51
3081 7397 43
3081 9171 23
3081 9171 1
3081 7402 39
3081 7402 30
3081 7396 44
3081 7396 51
3081 7398 52
3081 7398 4
3081 7401 7
3081 7401 23
3081 7403 25
3081 7403 19
3081 7566 17
3081 7566 12
3081 7551 31
3081 7551 37
3081 9170 25
3081 9170 23
3081 7425 35
3081 7425 6
3081 7433 60
3081 7433 60
3081 7399 32
3081 7399 57
3081 7550 3
3081 7550 40
3081 7565 19
3081 7565 59
3081 7412 9
3081 7412 56
3081 7431 1
3081 7431 44
3081 7411 38
3081 7411 51
3081 7548 19
3081 7548 7
3081 9169 31
3081 9169 3
3081 7424 56
3081 7424 44
3081 7414 36
3081 7414 50
3081 7428 42
3081 7428 3
3081 7432 49
3081 7432 46
3081 7562 38
3081 7562 34
3652 6315 29
3652 6315 48
3652 6313 22
3652 6313 50
3652 6316 22
3652 6316 40
3652 7391 30
3652 7391 54
3652 6314 37
3652 6314 36
3652 7390 25
3652 7390 39
3652 7400 53
3652 7400 53
3652 7397 51
3652 7397 17
3652 9171 22
3652 9171 54
3652 7402 22
3652 7402 37
3652 7396 10
3652 7396 53
3652 7398 56
3652 7398 27
3652 7401 32
3652 7401 34
3652 7403 7
3652 7403 55
3652 7566 38
3652 7566 54
3652 7551 12
3652 7551 60
3652 9170 7
3652 9170 2
3652 7425 43
3652 7425 6
3652 7433 1
3652 7433 11
3652 7399 24
3652 7399 21
3652 7550 57
3652 7550 31
3652 7565 15
3652 7565 18
3652 7412 39
3652 7412 56
3652 7431 5
3652 7431 23
3652 7411 60
3652 7411 39
3652 7548 50
3652 7548 1
3652 9169 23
3652 9169 32
3652 7424 60
3652 7424 4
3652 7414 56
3652 7414 38
3652 7428 55
3652 7428 29
3652 7432 17
3652 7432 56
3652 7562 12
3652 7562 20
3620 6315 29
3620 6315 25
3620 6313 40
3620 6313 44
3620 6316 17
3620 6316 35
3620 7391 34
3620 7391 26
3620 6314 20
3620 6314 34
3620 7390 19
3620 7390 15
3620 7400 45
3620 7400 35
3620 7397 5
3620 7397 41
3620 9171 7
3620 9171 43
3620 7402 42
3620 7402 29
3620 7396 27
3620 7396 47
3620 7398 46
3620 7398 44
3620 7401 28
3620 7401 37
3620 7403 32
3620 7403 53
3620 7566 50
3620 7566 19
3620 7551 14
3620 7551 29
3620 9170 9
3620 9170 37
3620 7425 10
3620 7425 58
3620 7433 9
3620 7433 37
3620 7399 3
3620 7399 53
3620 7550 54
3620 7550 39
3620 7565 50
3620 7565 54
3620 7412 2
3620 7412 14
3620 7431 48
3620 7431 12
3620 7411 51
3620 7411 40
3620 7548 1
3620 7548 45
3620 9169 8
3620 9169 16
3620 7424 3
3620 7424 10
3620 7414 10
3620 7414 52
3620 7428 43
3620 7428 19
3620 7432 33
3620 7432 6
3620 7562 51
3620 7562 45
