7237 6865 3
7237 6865 54
7237 6864 10
7237 6864 15
7237 6854 2
7237 6854 18
7237 6866 2
7237 6866 46
7237 6877 3
7237 6877 9
7237 6863 11
7237 6863 0
7237 6878 6
7237 6878 31
7237 8619 26
7237 8619 15
7237 6852 4
7237 6852 39
7237 6284 23
7237 6284 33
7237 6855 59
7237 6855 60
7237 6867 55
7237 6867 51
7237 6871 27
7237 6871 12
7237 6880 2
7237 6880 30
7237 6862 22
7237 6862 26
7237 8621 46
7237 8621 55
7237 8624 9
7237 8624 38
7237 8568 43
7237 8568 57
7237 6278 0
7237 6278 39
7237 6283 58
7237 6283 36
7237 6274 48
7237 6274 35
7237 6853 53
7237 6853 25
7237 6856 14
7237 6856 4
7237 6868 41
7237 6868 14
7237 6870 42
7237 6870 5
7237 6879 26
7237 6879 23
7237 8631 22
7237 8631 42
7237 6860 57
7237 6860 58
7237 8622 44
7237 8622 17
7237 8625 59
7237 8625 4
7237 6924 50
7237 6924 16
7237 8567 2
7237 8567 34
7238 6865 4
7238 6865 36
7238 6864 34
7238 6864 14
7238 6854 49
7238 6854 16
7238 6866 28
7238 6866 13
7238 6877 59
7238 6877 40
7238 6863 15
7238 6863 32
7238 6878 43
7238 6878 9
7238 8619 18
7238 8619 8
7238 6852 15
7238 6852 7
7238 6284 38
7238 6284 47
7238 6855 33
7238 6855 28
7238 6867 31
7238 6867 57
7238 6871 36
7238 6871 3
7238 6880 3
7238 6880 14
7238 6862 12
7238 6862 54
7238 8621 52
7238 8621 32
7238 8624 4
7238 8624 53
7238 8568 38
7238 8568 0
7238 6278 56
7238 6278 32
7238 6283 52
7238 6283 60
7238 6274 15
7238 6274 51
7238 6853 19
7238 6853 23
7238 6856 39
7238 6856 1
7238 6868 23
7238 6868 52
7238 6870 56
7238 6870 48
7238 6879 14
7238 6879 4
7238 8631 59
7238 8631 22
7238 6860 18
7238 6860 13
7238 8622 30
7238 8622 45
7238 8625 38
7238 8625 34
7238 6924 12
7238 6924 39
7238 8567 28
7238 8567 23
7193 6865 8
7193 6865 17
7193 6864 47
7193 6864 44
7193 6854 56
7193 6854 16
7193 6866 57
7193 6866 36
7193 6877 6
7193 6877 9
7193 6863 9
7193 6863 47
7193 6878 41
7193 6878 10
7193 8619 32
7193 8619 24
7193 6852 29
7193 6852 51
7193 6284 53
7193 6284 15
7193 6855 52
7193 6855 19
7193 6867 51
7193 6867 2
7193 6871 54
7193 6871 47
7193 6880 31
7193 6880 11
7193 6862 16
7193 6862 5
7193 8621 54
7193 8621 14
7193 8624 52
7193 8624 50
7193 8568 46
7193 8568 30
7193 6278 43
7193 6278 32
7193 6283 37
7193 6283 16
7193 6274 19
7193 6274 46
7193 6853 16
7193 6853 51
7193 6856 6
7193 6856 15
7193 6868 33
7193 6868 48
7193 6870 60
7193 6870 3
7193 6879 9
7193 6879 22
7193 8631 18
7193 8631 29
7193 6860 39
7193 6860 2
7193 8622 12
7193 8622 56
7193 8625 49
7193 8625 15
7193 6924 18
7193 6924 12
7193 8567 40
7193 8567 2
7239 6865 0
7239 6865 18
7239 6864 25
7239 6864 25
7239 6854 3
7239 6854 28
7239 6866 29
7239 6866 11
7239 6877 1
7239 6877 32
7239 6863 60
7239 6863 22
7239 6878 44
7239 6878 54
7239 8619 50
7239 8619 58
7239 6852 38
7239 6852 43
7239 6284 10
7239 6284 57
7239 6855 44
7239 6855 58
7239 6867 23
7239 6867 8
7239 6871 14
7239 6871 36
7239 6880 12
7239 6880 52
7239 6862 58
7239 6862 13
7239 8621 17
7239 8621 5
7239 8624 6
7239 8624 30
7239 8568 29
7239 8568 47
7239 6278 29
7239 6278 30
7239 6283 60
7239 6283 7
7239 6274 9
7239 6274 54
7239 6853 58
7239 6853 42
7239 6856 35
7239 6856 2
7239 6868 20
7239 6868 11
7239 6870 49
7239 6870 36
7239 6879 26
7239 6879 36
7239 8631 40
7239 8631 43
7239 6860 20
7239 6860 51
7239 8622 29
7239 8622 9
7239 8625 49
7239 8625 48
7239 6924 35
7239 6924 53
7239 8567 22
7239 8567 33
7256 6865 54
7256 6865 31
7256 6864 13
7256 6864 2
7256 6854 53
7256 6854 53
7256 6866 12
7256 6866 47
7256 6877 41
7256 6877 49
7256 6863 47
7256 6863 20
7256 6878 26
7256 6878 51
7256 8619 7
7256 8619 28
7256 6852 28
7256 6852 14
7256 6284 23
7256 6284 13
7256 6855 21
7256 6855 25
7256 6867 6
7256 6867 41
7256 6871 22
7256 6871 25
7256 6880 56
7256 6880 38
7256 6862 58
7256 6862 17
7256 8621 60
7256 8621 22
7256 8624 8
7256 8624 32
7256 8568 59
7256 8568 15
7256 6278 1
7256 6278 41
7256 6283 39
7256 6283 21
7256 6274 29
7256 6274 43
7256 6853 2
7256 6853 57
7256 6856 44
7256 6856 36
7256 6868 31
7256 6868 47
7256 6870 33
7256 6870 34
7256 6879 42
7256 6879 23
7256 8631 60
7256 8631 59
7256 6860 48
7256 6860 43
7256 8622 3
7256 8622 44
7256 8625 49
7256 8625 5
7256 6924 47
7256 6924 35
7256 8567 52
7256 8567 13
7236 6865 16
7236 6865 9
7236 6864 23
7236 6864 40
7236 6854 47
7236 6854 26
7236 6866 16
7236 6866 0
7236 6877 51
7236 6877 55
7236 6863 59
7236 6863 44
7236 6878 24
7236 6878 46
7236 8619 30
7236 8619 13
7236 6852 21
7236 6852 13
7236 6284 28
7236 6284 53
7236 6855 51
7236 6855 47
7236 6867 41
7236 6867 33
7236 6871 37
7236 6871 44
7236 6880 11
7236 6880 0
7236 6862 6
7236 6862 34
7236 8621 46
7236 8621 26
7236 8624 47
7236 8624 52
7236 8568 32
7236 8568 22
7236 6278 5
7236 6278 36
7236 6283 4
7236 6283 49
7236 6274 20
7236 6274 42
7236 6853 21
7236 6853 57
7236 6856 53
7236 6856 49
7236 6868 31
7236 6868 22
7236 6870 20
7236 6870 19
7236 6879 48
7236 6879 53
7236 8631 51
7236 8631 49
7236 6860 48
7236 6860 12
7236 8622 33
7236 8622 20
7236 8625 16
7236 8625 20
7236 6924 48
7236 6924 30
7236 8567 0
7236 8567 33
7247 6865 50
7247 6865 40
7247 6864 19
7247 6864 58
7247 6854 38
7247 6854 21
7247 6866 16
7247 6866 28
7247 6877 44
7247 6877 12
7247 6863 14
7247 6863 34
7247 6878 39
7247 6878 59
7247 8619 4
7247 8619 39
7247 6852 59
7247 6852 47
7247 6284 28
7247 6284 36
7247 6855 56
7247 6855 29
7247 6867 12
7247 6867 7
7247 6871 38
7247 6871 34
7247 6880 32
7247 6880 23
7247 6862 56
7247 6862 2
7247 8621 6
7247 8621 1
7247 8624 8
7247 8624 49
7247 8568 59
7247 8568 5
7247 6278 40
7247 6278 4
7247 6283 18
7247 6283 57
7247 6274 11
7247 6274 49
7247 6853 26
7247 6853 1
7247 6856 5
7247 6856 14
7247 6868 14
7247 6868 16
7247 6870 46
7247 6870 26
7247 6879 7
7247 6879 57
7247 8631 24
7247 8631 54
7247 6860 23
7247 6860 48
7247 8622 4
7247 8622 27
7247 8625 10
7247 8625 29
7247 6924 14
7247 6924 7
7247 8567 13
7247 8567 23
7257 6865 7
7257 6865 32
7257 6864 4
7257 6864 42
7257 6854 33
7257 6854 41
7257 6866 10
7257 6866 20
7257 6877 10
7257 6877 1
7257 6863 18
7257 6863 23
7257 6878 27
7257 6878 46
7257 8619 8
7257 8619 58
7257 6852 17
7257 6852 47
7257 6284 13
7257 6284 17
7257 6855 56
7257 6855 32
7257 6867 30
7257 6867 12
7257 6871 56
7257 6871 49
7257 6880 35
7257 6880 36
7257 6862 24
7257 6862 26
7257 8621 51
7257 8621 32
7257 8624 12
7257 8624 3
7257 8568 54
7257 8568 51
7257 6278 11
7257 6278 4
7257 6283 40
7257 6283 26
7257 6274 22
7257 6274 4
7257 6853 35
7257 6853 16
7257 6856 17
7257 6856 0
7257 6868 22
7257 6868 16
7257 6870 4
7257 6870 60
7257 6879 57
7257 6879 17
7257 8631 50
7257 8631 3
7257 6860 29
7257 6860 36
7257 8622 17
7257 8622 4
7257 8625 9
7257 8625 48
7257 6924 15
7257 6924 3
7257 8567 17
7257 8567 38
7192 6865 48
7192 6865 22
7192 6864 30
7192 6864 50
7192 6854 13
7192 6854 30
7192 6866 23
7192 6866 20
7192 6877 20
7192 6877 52
7192 6863 33
7192 6863 54
7192 6878 19
7192 6878 55
7192 8619 34
7192 8619 2
7192 6852 6
7192 6852 36
7192 6284 51
7192 6284 33
7192 6855 60
7192 6855 58
7192 6867 27
7192 6867 44
7192 6871 20
7192 6871 12
7192 6880 36
7192 6880 35
7192 6862 28
7192 6862 16
7192 8621 44
7192 8621 0
7192 8624 21
7192 8624 43
7192 8568 2
7192 8568 3
7192 6278 36
7192 6278 20
7192 6283 56
7192 6283 53
7192 6274 16
7192 6274 5
7192 6853 40
7192 6853 46
7192 6856 38
7192 6856 51
7192 6868 21
7192 6868 48
7192 6870 37
7192 6870 26
7192 6879 29
7192 6879 29
7192 8631 0
7192 8631 12
7192 6860 45
7192 6860 24
7192 8622 17
7192 8622 9
7192 8625 52
7192 8625 50
7192 6924 39
7192 6924 57
7192 8567 41
7192 8567 55
7181 6865 10
7181 6865 11
7181 6864 2
7181 6864 41
7181 6854 41
7181 6854 38
7181 6866 59
7181 6866 30
7181 6877 20
7181 6877 19
7181 6863 7
7181 6863 30
7181 6878 51
7181 6878 39
7181 8619 30
7181 8619 15
7181 6852 4
7181 6852 42
7181 6284 35
7181 6284 42
7181 6855 32
7181 6855 27
7181 6867 49
7181 6867 57
7181 6871 41
7181 6871 12
7181 6880 2
7181 6880 42
7181 6862 54
7181 6862 47
7181 8621 51
7181 8621 24
7181 8624 17
7181 8624 38
7181 8568 55
7181 8568 31
7181 6278 9
7181 6278 11
7181 6283 30
7181 6283 43
7181 6274 42
7181 6274 10
7181 6853 38
7181 6853 0
7181 6856 21
7181 6856 51
7181 6868 53
7181 6868 2
7181 6870 10
7181 6870 37
7181 6879 25
7181 6879 11
7181 8631 47
7181 8631 50
7181 6860 17
7181 6860 1
7181 8622 38
7181 8622 29
7181 8625 53
7181 8625 35
7181 6924 2
7181 6924 27
7181 8567 28
7181 8567 10
7240 6865 39
7240 6865 24
7240 6864 47
7240 6864 31
7240 6854 49
7240 6854 14
7240 6866 14
7240 6866 60
7240 6877 40
7240 6877 43
7240 6863 41
7240 6863 9
7240 6878 13
7240 6878 13
7240 8619 27
7240 8619 56
7240 6852 34
7240 6852 41
7240 6284 17
7240 6284 59
7240 6855 10
7240 6855 56
7240 6867 59
7240 6867 1
7240 6871 36
7240 6871 38
7240 6880 50
7240 6880 36
7240 6862 59
7240 6862 24
7240 8621 25
7240 8621 25
7240 8624 51
7240 8624 31
7240 8568 48
7240 8568 2
7240 6278 56
7240 6278 39
7240 6283 11
7240 6283 47
7240 6274 24
7240 6274 8
7240 6853 42
7240 6853 47
7240 6856 35
7240 6856 48
7240 6868 36
7240 6868 32
7240 6870 13
7240 6870 48
7240 6879 5
7240 6879 0
7240 8631 25
7240 8631 45
7240 6860 32
7240 6860 3
7240 8622 5
7240 8622 30
7240 8625 23
7240 8625 18
7240 6924 32
7240 6924 0
7240 8567 32
7240 8567 49
7250 6865 4
7250 6865 39
7250 6864 48
7250 6864 58
7250 6854 31
7250 6854 60
7250 6866 45
7250 6866 42
7250 6877 17
7250 6877 51
7250 6863 30
7250 6863 0
7250 6878 17
7250 6878 52
7250 8619 5
7250 8619 36
7250 6852 16
7250 6852 14
7250 6284 37
7250 6284 52
7250 6855 4
7250 6855 23
7250 6867 39
7250 6867 10
7250 6871 12
7250 6871 13
7250 6880 57
7250 6880 50
7250 6862 2
7250 6862 23
7250 8621 58
7250 8621 42
7250 8624 30
7250 8624 38
7250 8568 9
7250 8568 0
7250 6278 14
7250 6278 42
7250 6283 31
7250 6283 25
7250 6274 17
7250 6274 12
7250 6853 16
7250 6853 36
7250 6856 28
7250 6856 55
7250 6868 19
7250 6868 56
7250 6870 17
7250 6870 42
7250 6879 16
7250 6879 11
7250 8631 14
7250 8631 4
7250 6860 28
7250 6860 37
7250 8622 0
7250 8622 25
7250 8625 24
7250 8625 16
7250 6924 12
7250 6924 25
7250 8567 23
7250 8567 33
7339 6865 31
7339 6865 43
7339 6864 39
7339 6864 51
7339 6854 38
7339 6854 17
7339 6866 8
7339 6866 52
7339 6877 49
7339 6877 26
7339 6863 47
7339 6863 32
7339 6878 12
7339 6878 34
7339 8619 15
7339 8619 38
7339 6852 14
7339 6852 34
7339 6284 21
7339 6284 32
7339 6855 59
7339 6855 18
7339 6867 56
7339 6867 31
7339 6871 44
7339 6871 1
7339 6880 53
7339 6880 45
7339 6862 20
7339 6862 0
7339 8621 29
7339 8621 18
7339 8624 36
7339 8624 43
7339 8568 13
7339 8568 52
7339 6278 37
7339 6278 15
7339 6283 8
7339 6283 16
7339 6274 19
7339 6274 47
7339 6853 18
7339 6853 18
7339 6856 27
7339 6856 8
7339 6868 44
7339 6868 33
7339 6870 42
7339 6870 27
7339 6879 23
7339 6879 57
7339 8631 59
7339 8631 53
7339 6860 13
7339 6860 47
7339 8622 18
7339 8622 47
7339 8625 28
7339 8625 14
7339 6924 18
7339 6924 14
7339 8567 3
7339 8567 51
7234 6865 39
7234 6865 30
7234 6864 36
7234 6864 4
7234 6854 40
7234 6854 10
7234 6866 60
7234 6866 59
7234 6877 13
7234 6877 5
7234 6863 60
7234 6863 22
7234 6878 8
7234 6878 8
7234 8619 8
7234 8619 52
7234 6852 26
7234 6852 5
7234 6284 56
7234 6284 24
7234 6855 0
7234 6855 16
7234 6867 16
7234 6867 43
7234 6871 60
7234 6871 14
7234 6880 44
7234 6880 29
7234 6862 22
7234 6862 25
7234 8621 43
7234 8621 28
7234 8624 56
7234 8624 42
7234 8568 41
7234 8568 19
7234 6278 40
7234 6278 34
7234 6283 19
7234 6283 52
7234 6274 51
7234 6274 32
7234 6853 7
7234 6853 55
7234 6856 37
7234 6856 38
7234 6868 43
7234 6868 15
7234 6870 10
7234 6870 17
7234 6879 45
7234 6879 51
7234 8631 29
7234 8631 13
7234 6860 11
7234 6860 40
7234 8622 8
7234 8622 15
7234 8625 43
7234 8625 27
7234 6924 34
7234 6924 13
7234 8567 23
7234 8567 52
7183 6865 38
7183 6865 11
7183 6864 2
7183 6864 5
7183 6854 13
7183 6854 5
7183 6866 39
7183 6866 49
7183 6877 38
7183 6877 45
7183 6863 25
7183 6863 29
7183 6878 30
7183 6878 26
7183 8619 52
7183 8619 40
7183 6852 3
7183 6852 14
7183 6284 57
7183 6284 3
7183 6855 43
7183 6855 34
7183 6867 30
7183 6867 30
7183 6871 45
7183 6871 49
7183 6880 25
7183 6880 30
7183 6862 8
7183 6862 52
7183 8621 18
7183 8621 42
7183 8624 37
7183 8624 12
7183 8568 2
7183 8568 45
7183 6278 21
7183 6278 5
7183 6283 49
7183 6283 46
7183 6274 57
7183 6274 24
7183 6853 34
7183 6853 38
7183 6856 7
7183 6856 59
7183 6868 14
7183 6868 16
7183 6870 31
7183 6870 1
7183 6879 4
7183 6879 32
7183 8631 0
7183 8631 58
7183 6860 20
7183 6860 60
7183 8622 56
7183 8622 44
7183 8625 1
7183 8625 23
7183 6924 55
7183 6924 44
7183 8567 4
7183 8567 59
7245 6865 24
7245 6865 6
7245 6864 13
7245 6864 53
7245 6854 12
7245 6854 19
7245 6866 18
7245 6866 36
7245 6877 54
7245 6877 22
7245 6863 54
7245 6863 22
7245 6878 57
7245 6878 47
7245 8619 49
7245 8619 1
7245 6852 26
7245 6852 60
7245 6284 23
7245 6284 51
7245 6855 28
7245 6855 56
7245 6867 30
7245 6867 21
7245 6871 21
7245 6871 36
7245 6880 44
7245 6880 30
7245 6862 47
7245 6862 20
7245 8621 26
7245 8621 9
7245 8624 41
7245 8624 19
7245 8568 34
7245 8568 43
7245 6278 51
7245 6278 4
7245 6283 26
7245 6283 53
7245 6274 6
7245 6274 42
7245 6853 59
7245 6853 5
7245 6856 56
7245 6856 53
7245 6868 19
7245 6868 9
7245 6870 36
7245 6870 18
7245 6879 15
7245 6879 35
7245 8631 31
7245 8631 23
7245 6860 12
7245 6860 43
7245 8622 49
7245 8622 33
7245 8625 27
7245 8625 44
7245 6924 6
7245 6924 40
7245 8567 20
7245 8567 60
7338 6865 38
7338 6865 9
7338 6864 36
7338 6864 1
7338 6854 35
7338 6854 58
7338 6866 6
7338 6866 21
7338 6877 53
7338 6877 52
7338 6863 58
7338 6863 42
7338 6878 32
7338 6878 3
7338 8619 38
7338 8619 26
7338 6852 53
7338 6852 55
7338 6284 45
7338 6284 8
7338 6855 21
7338 6855 58
7338 6867 28
7338 6867 40
7338 6871 15
7338 6871 34
7338 6880 23
7338 6880 36
7338 6862 12
7338 6862 18
7338 8621 13
7338 8621 33
7338 8624 58
7338 8624 11
7338 8568 60
7338 8568 10
7338 6278 56
7338 6278 60
7338 6283 9
7338 6283 14
7338 6274 1
7338 6274 30
7338 6853 32
7338 6853 7
7338 6856 57
7338 6856 45
7338 6868 41
7338 6868 36
7338 6870 18
7338 6870 5
7338 6879 22
7338 6879 27
7338 8631 53
7338 8631 16
7338 6860 54
7338 6860 22
7338 8622 60
7338 8622 35
7338 8625 48
7338 8625 49
7338 6924 39
7338 6924 47
7338 8567 54
7338 8567 1
7340 6865 30
7340 6865 30
7340 6864 27
7340 6864 43
7340 6854 15
7340 6854 22
7340 6866 47
7340 6866 20
7340 6877 21
7340 6877 28
7340 6863 31
7340 6863 29
7340 6878 20
7340 6878 3
7340 8619 43
7340 8619 3
7340 6852 19
7340 6852 20
7340 6284 35
7340 6284 10
7340 6855 2
7340 6855 18
7340 6867 26
7340 6867 28
7340 6871 42
7340 6871 33
7340 6880 35
7340 6880 44
7340 6862 51
7340 6862 45
7340 8621 0
7340 8621 53
7340 8624 44
7340 8624 3
7340 8568 42
7340 8568 30
7340 6278 15
7340 6278 18
7340 6283 43
7340 6283 34
7340 6274 7
7340 6274 27
7340 6853 33
7340 6853 16
7340 6856 59
7340 6856 45
7340 6868 35
7340 6868 4
7340 6870 55
7340 6870 24
7340 6879 17
7340 6879 54
7340 8631 10
7340 8631 1
7340 6860 21
7340 6860 48
7340 8622 1
7340 8622 21
7340 8625 45
7340 8625 33
7340 6924 8
7340 6924 6
7340 8567 50
7340 8567 25
7190 6865 7
7190 6865 39
7190 6864 2
7190 6864 37
7190 6854 5
7190 6854 24
7190 6866 40
7190 6866 29
7190 6877 50
7190 6877 52
7190 6863 0
7190 6863 55
7190 6878 5
7190 6878 50
7190 8619 46
7190 8619 42
7190 6852 15
7190 6852 32
7190 6284 36
7190 6284 37
7190 6855 37
7190 6855 60
7190 6867 49
7190 6867 42
7190 6871 55
7190 6871 44
7190 6880 46
7190 6880 14
7190 6862 10
7190 6862 60
7190 8621 30
7190 8621 14
7190 8624 21
7190 8624 18
7190 8568 20
7190 8568 52
7190 6278 17
7190 6278 59
7190 6283 9
7190 6283 27
7190 6274 17
7190 6274 59
7190 6853 18
7190 6853 50
7190 6856 0
7190 6856 57
7190 6868 36
7190 6868 8
7190 6870 34
7190 6870 48
7190 6879 12
7190 6879 26
7190 8631 60
7190 8631 47
7190 6860 49
7190 6860 12
7190 8622 18
7190 8622 9
7190 8625 33
7190 8625 51
7190 6924 46
7190 6924 46
7190 8567 23
7190 8567 46
7180 6865 28
7180 6865 21
7180 6864 8
7180 6864 21
7180 6854 17
7180 6854 56
7180 6866 56
7180 6866 37
7180 6877 18
7180 6877 46
7180 6863 0
7180 6863 56
7180 6878 17
7180 6878 16
7180 8619 59
7180 8619 24
7180 6852 51
7180 6852 13
7180 6284 32
7180 6284 3
7180 6855 42
7180 6855 48
7180 6867 10
7180 6867 30
7180 6871 25
7180 6871 1
7180 6880 26
7180 6880 29
7180 6862 27
7180 6862 10
7180 8621 10
7180 8621 34
7180 8624 7
7180 8624 58
7180 8568 51
7180 8568 9
7180 6278 36
7180 6278 54
7180 6283 2
7180 6283 48
7180 6274 38
7180 6274 34
7180 6853 50
7180 6853 42
7180 6856 17
7180 6856 12
7180 6868 36
7180 6868 35
7180 6870 43
7180 6870 44
7180 6879 14
7180 6879 40
7180 8631 44
7180 8631 12
7180 6860 26
7180 6860 21
7180 8622 50
7180 8622 53
7180 8625 3
7180 8625 24
7180 6924 17
7180 6924 58
7180 8567 56
7180 8567 37
7175 6865 39
7175 6865 12
7175 6864 0
7175 6864 23
7175 6854 35
7175 6854 9
7175 6866 49
7175 6866 17
7175 6877 3
7175 6877 7
7175 6863 46
7175 6863 55
7175 6878 16
7175 6878 13
7175 8619 40
7175 8619 13
7175 6852 30
7175 6852 5
7175 6284 40
7175 6284 20
7175 6855 14
7175 6855 58
7175 6867 26
7175 6867 21
7175 6871 6
7175 6871 51
7175 6880 31
7175 6880 50
7175 6862 48
7175 6862 58
7175 8621 8
7175 8621 45
7175 8624 44
7175 8624 53
7175 8568 59
7175 8568 58
7175 6278 19
7175 6278 3
7175 6283 44
7175 6283 5
7175 6274 44
7175 6274 12
7175 6853 25
7175 6853 33
7175 6856 33
7175 6856 47
7175 6868 26
7175 6868 53
7175 6870 26
7175 6870 46
7175 6879 8
7175 6879 7
7175 8631 3
7175 8631 29
7175 6860 15
7175 6860 38
7175 8622 18
7175 8622 60
7175 8625 5
7175 8625 35
7175 6924 17
7175 6924 1
7175 8567 54
7175 8567 56
7241 6865 46
7241 6865 46
7241 6864 11
7241 6864 3
7241 6854 30
7241 6854 26
7241 6866 24
7241 6866 37
7241 6877 14
7241 6877 53
7241 6863 13
7241 6863 46
7241 6878 37
7241 6878 37
7241 8619 45
7241 8619 38
7241 6852 25
7241 6852 14
7241 6284 6
7241 6284 60
7241 6855 1
7241 6855 49
7241 6867 42
7241 6867 26
7241 6871 41
7241 6871 29
7241 6880 26
7241 6880 26
7241 6862 22
7241 6862 36
7241 8621 52
7241 8621 8
7241 8624 19
7241 8624 35
7241 8568 47
7241 8568 2
7241 6278 9
7241 6278 7
7241 6283 34
7241 6283 52
7241 6274 21
7241 6274 20
7241 6853 23
7241 6853 1
7241 6856 7
7241 6856 41
7241 6868 2
7241 6868 8
7241 6870 16
7241 6870 26
7241 6879 34
7241 6879 12
7241 8631 49
7241 8631 41
7241 6860 39
7241 6860 2
7241 8622 22
7241 8622 52
7241 8625 28
7241 8625 6
7241 6924 2
7241 6924 40
7241 8567 7
7241 8567 49
7249 6865 23
7249 6865 58
7249 6864 42
7249 6864 31
7249 6854 24
7249 6854 18
7249 6866 58
7249 6866 44
7249 6877 43
7249 6877 57
7249 6863 24
7249 6863 30
7249 6878 51
7249 6878 53
7249 8619 15
7249 8619 20
7249 6852 42
7249 6852 45
7249 6284 58
7249 6284 57
7249 6855 39
7249 6855 1
7249 6867 23
7249 6867 13
7249 6871 58
7249 6871 9
7249 6880 29
7249 6880 13
7249 6862 33
7249 6862 6
7249 8621 24
7249 8621 33
7249 8624 48
7249 8624 12
7249 8568 48
7249 8568 0
7249 6278 14
7249 6278 22
7249 6283 13
7249 6283 38
7249 6274 33
7249 6274 37
7249 6853 53
7249 6853 47
7249 6856 53
7249 6856 36
7249 6868 46
7249 6868 8
7249 6870 43
7249 6870 53
7249 6879 51
7249 6879 0
7249 8631 49
7249 8631 48
7249 6860 6
7249 6860 55
7249 8622 44
7249 8622 34
7249 8625 27
7249 8625 43
7249 6924 28
7249 6924 54
7249 8567 55
7249 8567 10
7341 6865 8
7341 6865 55
7341 6864 30
7341 6864 32
7341 6854 20
7341 6854 32
7341 6866 58
7341 6866 36
7341 6877 56
7341 6877 7
7341 6863 14
7341 6863 15
7341 6878 44
7341 6878 51
7341 8619 0
7341 8619 2
7341 6852 24
7341 6852 28
7341 6284 42
7341 6284 29
7341 6855 56
7341 6855 52
7341 6867 55
7341 6867 58
7341 6871 11
7341 6871 32
7341 6880 42
7341 6880 42
7341 6862 8
7341 6862 3
7341 8621 42
7341 8621 44
7341 8624 27
7341 8624 33
7341 8568 32
7341 8568 41
7341 6278 4
7341 6278 32
7341 6283 11
7341 6283 30
7341 6274 30
7341 6274 5
7341 6853 16
7341 6853 15
7341 6856 50
7341 6856 8
7341 6868 1
7341 6868 50
7341 6870 0
7341 6870 33
7341 6879 54
7341 6879 1
7341 8631 48
7341 8631 35
7341 6860 56
7341 6860 28
7341 8622 6
7341 8622 47
7341 8625 4
7341 8625 49
7341 6924 11
7341 6924 53
7341 8567 33
7341 8567 42
7356 6865 13
7356 6865 45
7356 6864 30
7356 6864 43
7356 6854 40
7356 6854 45
7356 6866 9
7356 6866 48
7356 6877 58
7356 6877 19
7356 6863 18
7356 6863 51
7356 6878 33
7356 6878 50
7356 8619 59
7356 8619 38
7356 6852 43
7356 6852 15
7356 6284 10
7356 6284 1
7356 6855 22
7356 6855 57
7356 6867 60
7356 6867 4
7356 6871 8
7356 6871 50
7356 6880 47
7356 6880 58
7356 6862 24
7356 6862 15
7356 8621 7
7356 8621 19
7356 8624 60
7356 8624 29
7356 8568 59
7356 8568 36
7356 6278 11
7356 6278 43
7356 6283 44
7356 6283 30
7356 6274 30
7356 6274 34
7356 6853 54
7356 6853 33
7356 6856 12
7356 6856 2
7356 6868 1
7356 6868 7
7356 6870 48
7356 6870 51
7356 6879 4
7356 6879 8
7356 8631 18
7356 8631 56
7356 6860 7
7356 6860 48
7356 8622 57
7356 8622 44
7356 8625 0
7356 8625 8
7356 6924 8
7356 6924 48
7356 8567 60
7356 8567 46
7235 6865 48
7235 6865 10
7235 6864 52
7235 6864 45
7235 6854 5
7235 6854 15
7235 6866 27
7235 6866 32
7235 6877 13
7235 6877 57
7235 6863 27
7235 6863 18
7235 6878 13
7235 6878 18
7235 8619 30
7235 8619 16
7235 6852 39
7235 6852 30
7235 6284 19
7235 6284 24
7235 6855 56
7235 6855 27
7235 6867 59
7235 6867 12
7235 6871 43
7235 6871 32
7235 6880 33
7235 6880 35
7235 6862 31
7235 6862 41
7235 8621 12
7235 8621 35
7235 8624 44
7235 8624 40
7235 8568 16
7235 8568 37
7235 6278 59
7235 6278 50
7235 6283 25
7235 6283 18
7235 6274 45
7235 6274 12
7235 6853 2
7235 6853 18
7235 6856 18
7235 6856 17
7235 6868 46
7235 6868 32
7235 6870 35
7235 6870 59
7235 6879 37
7235 6879 57
7235 8631 45
7235 8631 32
7235 6860 27
7235 6860 25
7235 8622 6
7235 8622 20
7235 8625 35
7235 8625 38
7235 6924 8
7235 6924 9
7235 8567 48
7235 8567 28
7184 6865 25
7184 6865 24
7184 6864 2
7184 6864 0
7184 6854 39
7184 6854 7
7184 6866 0
7184 6866 58
7184 6877 57
7184 6877 18
7184 6863 10
7184 6863 48
7184 6878 25
7184 6878 16
7184 8619 45
7184 8619 23
7184 6852 20
7184 6852 21
7184 6284 40
7184 6284 23
7184 6855 13
7184 6855 40
7184 6867 54
7184 6867 22
7184 6871 12
7184 6871 57
7184 6880 24
7184 6880 38
7184 6862 17
7184 6862 29
7184 8621 2
7184 8621 12
7184 8624 24
7184 8624 41
7184 8568 45
7184 8568 50
7184 6278 47
7184 6278 10
7184 6283 46
7184 6283 38
7184 6274 15
7184 6274 4
7184 6853 24
7184 6853 17
7184 6856 13
7184 6856 18
7184 6868 33
7184 6868 21
7184 6870 32
7184 6870 27
7184 6879 45
7184 6879 18
7184 8631 47
7184 8631 11
7184 6860 52
7184 6860 16
7184 8622 25
7184 8622 37
7184 8625 51
7184 8625 32
7184 6924 22
7184 6924 27
7184 8567 34
7184 8567 20
7176 6865 2
7176 6865 60
7176 6864 32
7176 6864 32
7176 6854 40
7176 6854 28
7176 6866 38
7176 6866 5
7176 6877 9
7176 6877 49
7176 6863 40
7176 6863 30
7176 6878 28
7176 6878 22
7176 8619 8
7176 8619 29
7176 6852 49
7176 6852 59
7176 6284 33
7176 6284 25
7176 6855 52
7176 6855 38
7176 6867 12
7176 6867 37
7176 6871 7
7176 6871 51
7176 6880 43
7176 6880 50
7176 6862 3
7176 6862 16
7176 8621 44
7176 8621 51
7176 8624 17
7176 8624 60
7176 8568 42
7176 8568 10
7176 6278 29
7176 6278 4
7176 6283 40
7176 6283 45
7176 6274 6
7176 6274 8
7176 6853 18
7176 6853 25
7176 6856 23
7176 6856 4
7176 6868 38
7176 6868 52
7176 6870 48
7176 6870 43
7176 6879 13
7176 6879 31
7176 8631 24
7176 8631 42
7176 6860 32
7176 6860 17
7176 8622 31
7176 8622 54
7176 8625 1
7176 8625 38
7176 6924 6
7176 6924 49
7176 8567 59
7176 8567 11
7246 6865 53
7246 6865 37
7246 6864 52
7246 6864 1
7246 6854 6
7246 6854 51
7246 6866 13
7246 6866 41
7246 6877 49
7246 6877 2
7246 6863 45
7246 6863 44
7246 6878 57
7246 6878 39
7246 8619 47
7246 8619 48
7246 6852 22
7246 6852 20
7246 6284 27
7246 6284 51
7246 6855 23
7246 6855 16
7246 6867 33
7246 6867 3
7246 6871 44
7246 6871 45
7246 6880 40
7246 6880 11
7246 6862 5
7246 6862 28
7246 8621 49
7246 8621 8
7246 8624 44
7246 8624 29
7246 8568 50
7246 8568 35
7246 6278 54
7246 6278 58
7246 6283 37
7246 6283 10
7246 6274 8
7246 6274 15
7246 6853 30
7246 6853 2
7246 6856 48
7246 6856 49
7246 6868 26
7246 6868 54
7246 6870 44
7246 6870 19
7246 6879 18
7246 6879 50
7246 8631 60
7246 8631 20
7246 6860 9
7246 6860 21
7246 8622 53
7246 8622 6
7246 8625 18
7246 8625 4
7246 6924 53
7246 6924 5
7246 8567 1
7246 8567 55
7336 6865 59
7336 6865 59
7336 6864 5
7336 6864 39
7336 6854 33
7336 6854 14
7336 6866 46
7336 6866 4
7336 6877 42
7336 6877 0
7336 6863 20
7336 6863 49
7336 6878 10
7336 6878 6
7336 8619 8
7336 8619 18
7336 6852 53
7336 6852 17
7336 6284 21
7336 6284 40
7336 6855 20
7336 6855 44
7336 6867 56
7336 6867 51
7336 6871 3
7336 6871 8
7336 6880 13
7336 6880 0
7336 6862 12
7336 6862 52
7336 8621 25
7336 8621 40
7336 8624 23
7336 8624 6
7336 8568 40
7336 8568 12
7336 6278 22
7336 6278 41
7336 6283 3
7336 6283 14
7336 6274 17
7336 6274 36
7336 6853 60
7336 6853 48
7336 6856 28
7336 6856 32
7336 6868 32
7336 6868 60
7336 6870 45
7336 6870 40
7336 6879 47
7336 6879 37
7336 8631 52
7336 8631 29
7336 6860 14
7336 6860 58
7336 8622 29
7336 8622 29
7336 8625 25
7336 8625 27
7336 6924 10
7336 6924 9
7336 8567 42
7336 8567 57
7350 6865 48
7350 6865 32
7350 6864 29
7350 6864 13
7350 6854 8
7350 6854 19
7350 6866 51
7350 6866 13
7350 6877 7
7350 6877 17
7350 6863 14
7350 6863 48
7350 6878 51
7350 6878 45
7350 8619 14
7350 8619 23
7350 6852 52
7350 6852 44
7350 6284 59
7350 6284 31
7350 6855 13
7350 6855 36
7350 6867 41
7350 6867 37
7350 6871 33
7350 6871 15
7350 6880 5
7350 6880 25
7350 6862 35
7350 6862 40
7350 8621 4
7350 8621 23
7350 8624 32
7350 8624 5
7350 8568 53
7350 8568 6
7350 6278 38
7350 6278 48
7350 6283 52
7350 6283 59
7350 6274 52
7350 6274 31
7350 6853 19
7350 6853 22
7350 6856 48
7350 6856 35
7350 6868 7
7350 6868 54
7350 6870 42
7350 6870 45
7350 6879 10
7350 6879 33
7350 8631 9
7350 8631 46
7350 6860 29
7350 6860 12
7350 8622 2
7350 8622 60
7350 8625 36
7350 8625 52
7350 6924 45
7350 6924 7
7350 8567 55
7350 8567 48
7354 6865 27
7354 6865 10
7354 6864 35
7354 6864 19
7354 6854 9
7354 6854 43
7354 6866 13
7354 6866 7
7354 6877 7
7354 6877 3
7354 6863 49
7354 6863 57
7354 6878 22
7354 6878 59
7354 8619 34
7354 8619 7
7354 6852 36
7354 6852 39
7354 6284 20
7354 6284 55
7354 6855 27
7354 6855 6
7354 6867 9
7354 6867 59
7354 6871 31
7354 6871 1
7354 6880 16
7354 6880 27
7354 6862 51
7354 6862 36
7354 8621 60
7354 8621 50
7354 8624 15
7354 8624 50
7354 8568 0
7354 8568 58
7354 6278 53
7354 6278 5
7354 6283 43
7354 6283 53
7354 6274 5
7354 6274 31
7354 6853 22
7354 6853 34
7354 6856 0
7354 6856 8
7354 6868 8
7354 6868 12
7354 6870 58
7354 6870 29
7354 6879 50
7354 6879 47
7354 8631 25
7354 8631 58
7354 6860 40
7354 6860 31
7354 8622 54
7354 8622 40
7354 8625 39
7354 8625 17
7354 6924 33
7354 6924 12
7354 8567 14
7354 8567 0
