7237 6865 52
7237 6864 56
7237 6854 45
7237 6866 50
7237 6877 48
7237 6863 12
7237 6878 56
7237 8619 14
7237 6852 52
7237 6284 26
7237 6855 21
7237 6867 43
7237 6871 27
7237 6880 4
7237 6862 22
7237 8621 42
7237 8624 38
7237 8568 36
7237 6278 4
7237 6283 27
7237 6274 31
7237 6853 45
7237 6856 40
7237 6868 52
7237 6870 50
7237 6879 58
7237 8631 11
7237 6860 23
7237 8622 40
7237 8625 38
7237 6924 37
7237 8567 56
7238 6865 28
7238 6864 9
7238 6854 4
7238 6866 14
7238 6877 48
7238 6863 53
7238 6878 16
7238 8619 5
7238 6852 4
7238 6284 3
7238 6855 23
7238 6867 11
7238 6871 37
7238 6880 60
7238 6862 18
7238 8621 49
7238 8624 58
7238 8568 3
7238 6278 49
7238 6283 55
7238 6274 11
7238 6853 55
7238 6856 35
7238 6868 33
7238 6870 22
7238 6879 40
7238 8631 44
7238 6860 14
7238 8622 54
7238 8625 36
7238 6924 44
7238 8567 23
7193 6865 41
7193 6864 11
7193 6854 18
7193 6866 39
7193 6877 56
7193 6863 27
7193 6878 15
7193 8619 27
7193 6852 34
7193 6284 11
7193 6855 50
7193 6867 20
7193 6871 19
7193 6880 52
7193 6862 12
7193 8621 41
7193 8624 26
7193 8568 26
7193 6278 32
7193 6283 31
7193 6274 19
7193 6853 23
7193 6856 9
7193 6868 40
7193 6870 44
7193 6879 56
7193 8631 33
7193 6860 15
7193 8622 58
7193 8625 56
7193 6924 46
7193 8567 27
7239 6865 2
7239 6864 29
7239 6854 7
7239 6866 44
7239 6877 13
7239 6863 15
7239 6878 12
7239 8619 35
7239 6852 30
7239 6284 25
7239 6855 26
7239 6867 28
7239 6871 31
7239 6880 4
7239 6862 7
7239 8621 59
7239 8624 43
7239 8568 54
7239 6278 56
7239 6283 5
7239 6274 26
7239 6853 58
7239 6856 54
7239 6868 10
7239 6870 58
7239 6879 23
7239 8631 12
7239 6860 18
7239 8622 14
7239 8625 5
7239 6924 49
7239 8567 42
7256 6865 37
7256 6864 46
7256 6854 57
7256 6866 49
7256 6877 18
7256 6863 30
7256 6878 24
7256 8619 28
7256 6852 27
7256 6284 53
7256 6855 43
7256 6867 16
7256 6871 37
7256 6880 19
7256 6862 35
7256 8621 35
7256 8624 30
7256 8568 27
7256 6278 35
7256 6283 40
7256 6274 35
7256 6853 20
7256 6856 55
7256 6868 34
7256 6870 49
7256 6879 50
7256 8631 11
7256 6860 37
7256 8622 29
7256 8625 43
7256 6924 0
7256 8567 52
7236 6865 4
7236 6864 59
7236 6854 22
7236 6866 22
7236 6877 40
7236 6863 11
7236 6878 48
7236 8619 44
7236 6852 23
7236 6284 45
7236 6855 51
7236 6867 42
7236 6871 1
7236 6880 26
7236 6862 48
7236 8621 1
7236 8624 25
7236 8568 28
7236 6278 19
7236 6283 57
7236 6274 17
7236 6853 14
7236 6856 33
7236 6868 47
7236 6870 16
7236 6879 18
7236 8631 44
7236 6860 44
7236 8622 15
7236 8625 37
7236 6924 53
7236 8567 15
7247 6865 2
7247 6864 55
7247 6854 57
7247 6866 21
7247 6877 30
7247 6863 50
7247 6878 10
7247 8619 18
7247 6852 6
7247 6284 34
7247 6855 42
7247 6867 39
7247 6871 21
7247 6880 46
7247 6862 47
7247 8621 26
7247 8624 38
7247 8568 18
7247 6278 47
7247 6283 25
7247 6274 15
7247 6853 12
7247 6856 33
7247 6868 22
7247 6870 60
7247 6879 51
7247 8631 19
7247 6860 8
7247 8622 8
7247 8625 9
7247 6924 40
7247 8567 43
7257 6865 13
7257 6864 20
7257 6854 26
7257 6866 30
7257 6877 21
7257 6863 12
7257 6878 59
7257 8619 7
7257 6852 37
7257 6284 59
7257 6855 48
7257 6867 54
7257 6871 39
7257 6880 10
7257 6862 38
7257 8621 40
7257 8624 21
7257 8568 43
7257 6278 4
7257 6283 48
7257 6274 59
7257 6853 55
7257 6856 21
7257 6868 47
7257 6870 7
7257 6879 26
7257 8631 15
7257 6860 5
7257 8622 30
7257 8625 43
7257 6924 24
7257 8567 58
7192 6865 23
7192 6864 17
7192 6854 28
7192 6866 56
7192 6877 33
7192 6863 25
7192 6878 36
7192 8619 8
7192 6852 51
7192 6284 6
7192 6855 0
7192 6867 48
7192 6871 20
7192 6880 1
7192 6862 27
7192 8621 52
7192 8624 46
7192 8568 24
7192 6278 27
7192 6283 58
7192 6274 31
7192 6853 28
7192 6856 56
7192 6868 36
7192 6870 51
7192 6879 29
7192 8631 3
7192 6860 1
7192 8622 47
7192 8625 46
7192 6924 1
7192 8567 29
7181 6865 55
7181 6864 13
7181 6854 1
7181 6866 35
7181 6877 33
7181 6863 60
7181 6878 21
7181 8619 45
7181 6852 59
7181 6284 56
7181 6855 60
7181 6867 21
7181 6871 7
7181 6880 42
7181 6862 20
7181 8621 34
7181 8624 43
7181 8568 24
7181 6278 10
7181 6283 48
7181 6274 41
7181 6853 25
7181 6856 32
7181 6868 46
7181 6870 3
7181 6879 43
7181 8631 35
7181 6860 30
7181 8622 11
7181 8625 54
7181 6924 39
7181 8567 58
7240 6865 39
7240 6864 59
7240 6854 56
7240 6866 9
7240 6877 1
7240 6863 8
7240 6878 57
7240 8619 30
7240 6852 36
7240 6284 45
7240 6855 23
7240 6867 46
7240 6871 7
7240 6880 1
7240 6862 20
7240 8621 12
7240 8624 14
7240 8568 21
7240 6278 51
7240 6283 44
7240 6274 9
7240 6853 27
7240 6856 17
7240 6868 24
7240 6870 41
7240 6879 54
7240 8631 25
7240 6860 22
7240 8622 0
7240 8625 25
7240 6924 57
7240 8567 1
7250 6865 3
7250 6864 38
7250 6854 56
7250 6866 8
7250 6877 12
7250 6863 23
7250 6878 50
7250 8619 57
7250 6852 20
7250 6284 45
7250 6855 38
7250 6867 46
7250 6871 33
7250 6880 11
7250 6862 47
7250 8621 21
7250 8624 27
7250 8568 47
7250 6278 18
7250 6283 27
7250 6274 10
7250 6853 23
7250 6856 9
7250 6868 10
7250 6870 50
7250 6879 20
7250 8631 55
7250 6860 37
7250 8622 11
7250 8625 40
7250 6924 41
7250 8567 50
7339 6865 42
7339 6864 17
7339 6854 10
7339 6866 28
7339 6877 18
7339 6863 52
7339 6878 35
7339 8619 14
7339 6852 42
7339 6284 12
7339 6855 40
7339 6867 9
7339 6871 11
7339 6880 43
7339 6862 43
7339 8621 48
7339 8624 10
7339 8568 27
7339 6278 35
7339 6283 31
7339 6274 32
7339 6853 34
7339 6856 32
7339 6868 0
7339 6870 20
7339 6879 40
7339 8631 18
7339 6860 26
7339 8622 54
7339 8625 52
7339 6924 36
7339 8567 1
7234 6865 3
7234 6864 16
7234 6854 43
7234 6866 12
7234 6877 40
7234 6863 42
7234 6878 33
7234 8619 51
7234 6852 28
7234 6284 12
7234 6855 60
7234 6867 59
7234 6871 3
7234 6880 11
7234 6862 4
7234 8621 56
7234 8624 14
7234 8568 33
7234 6278 4
7234 6283 7
7234 6274 0
7234 6853 8
7234 6856 32
7234 6868 0
7234 6870 9
7234 6879 16
7234 8631 3
7234 6860 26
7234 8622 56
7234 8625 13
7234 6924 55
7234 8567 43
7183 6865 47
7183 6864 11
7183 6854 18
7183 6866 32
7183 6877 32
7183 6863 10
7183 6878 59
7183 8619 55
7183 6852 49
7183 6284 54
7183 6855 31
7183 6867 10
7183 6871 49
7183 6880 20
7183 6862 32
7183 8621 57
7183 8624 26
7183 8568 17
7183 6278 39
7183 6283 1
7183 6274 51
7183 6853 17
7183 6856 41
7183 6868 33
7183 6870 4
7183 6879 34
7183 8631 39
7183 6860 60
7183 8622 32
7183 8625 6
7183 6924 13
7183 8567 37
7245 6865 38
7245 6864 57
7245 6854 3
7245 6866 38
7245 6877 8
7245 6863 36
7245 6878 40
7245 8619 9
7245 6852 17
7245 6284 57
7245 6855 45
7245 6867 1
7245 6871 52
7245 6880 16
7245 6862 7
7245 8621 24
7245 8624 24
7245 8568 56
7245 6278 10
7245 6283 5
7245 6274 46
7245 6853 4
7245 6856 32
7245 6868 44
7245 6870 14
7245 6879 41
7245 8631 57
7245 6860 38
7245 8622 54
7245 8625 36
7245 6924 40
7245 8567 6
7338 6865 33
7338 6864 2
7338 6854 10
7338 6866 5
7338 6877 9
7338 6863 22
7338 6878 44
7338 8619 21
7338 6852 35
7338 6284 24
7338 6855 20
7338 6867 16
7338 6871 20
7338 6880 47
7338 6862 25
7338 8621 40
7338 8624 41
7338 8568 40
7338 6278 56
7338 6283 28
7338 6274 15
7338 6853 6
7338 6856 49
7338 6868 32
7338 6870 36
7338 6879 2
7338 8631 49
7338 6860 24
7338 8622 42
7338 8625 53
7338 6924 24
7338 8567 9
7340 6865 44
7340 6864 23
7340 6854 28
7340 6866 56
7340 6877 11
7340 6863 49
7340 6878 18
7340 8619 44
7340 6852 2
7340 6284 59
7340 6855 18
7340 6867 60
7340 6871 23
7340 6880 41
7340 6862 34
7340 8621 60
7340 8624 49
7340 8568 37
7340 6278 5
7340 6283 60
7340 6274 29
7340 6853 41
7340 6856 7
7340 6868 22
7340 6870 43
7340 6879 0
7340 8631 25
7340 6860 30
7340 8622 40
7340 8625 2
7340 6924 23
7340 8567 0
7190 6865 23
7190 6864 50
7190 6854 26
7190 6866 55
7190 6877 34
7190 6863 39
7190 6878 40
7190 8619 59
7190 6852 57
7190 6284 14
7190 6855 60
7190 6867 15
7190 6871 48
7190 6880 36
7190 6862 32
7190 8621 23
7190 8624 22
7190 8568 39
7190 6278 29
7190 6283 21
7190 6274 24
7190 6853 37
7190 6856 23
7190 6868 49
7190 6870 59
7190 6879 32
7190 8631 58
7190 6860 52
7190 8622 60
7190 8625 8
7190 6924 36
7190 8567 16
7180 6865 22
7180 6864 57
7180 6854 60
7180 6866 44
7180 6877 5
7180 6863 2
7180 6878 49
7180 8619 40
7180 6852 35
7180 6284 55
7180 6855 42
7180 6867 5
7180 6871 40
7180 6880 4
7180 6862 49
7180 8621 42
7180 8624 6
7180 8568 12
7180 6278 30
7180 6283 18
7180 6274 23
7180 6853 42
7180 6856 43
7180 6868 35
7180 6870 18
7180 6879 40
7180 8631 41
7180 6860 43
7180 8622 1
7180 8625 29
7180 6924 16
7180 8567 49
7175 6865 59
7175 6864 49
7175 6854 43
7175 6866 58
7175 6877 22
7175 6863 57
7175 6878 56
7175 8619 24
7175 6852 18
7175 6284 60
7175 6855 60
7175 6867 27
7175 6871 52
7175 6880 31
7175 6862 57
7175 8621 24
7175 8624 46
7175 8568 27
7175 6278 46
7175 6283 9
7175 6274 2
7175 6853 36
7175 6856 32
7175 6868 52
7175 6870 4
7175 6879 15
7175 8631 18
7175 6860 31
7175 8622 48
7175 8625 34
7175 6924 9
7175 8567 56
7241 6865 31
7241 6864 34
7241 6854 1
7241 6866 1
7241 6877 14
7241 6863 9
7241 6878 36
7241 8619 5
7241 6852 59
7241 6284 50
7241 6855 25
7241 6867 59
7241 6871 0
7241 6880 56
7241 6862 15
7241 8621 33
7241 8624 7
7241 8568 3
7241 6278 45
7241 6283 47
7241 6274 51
7241 6853 51
7241 6856 57
7241 6868 25
7241 6870 3
7241 6879 14
7241 8631 5
7241 6860 28
7241 8622 1
7241 8625 17
7241 6924 19
7241 8567 8
7249 6865 49
7249 6864 35
7249 6854 27
7249 6866 12
7249 6877 34
7249 6863 52
7249 6878 14
7249 8619 56
7249 6852 26
7249 6284 56
7249 6855 11
7249 6867 28
7249 6871 25
7249 6880 25
7249 6862 30
7249 8621 55
7249 8624 9
7249 8568 47
7249 6278 56
7249 6283 51
7249 6274 39
7249 6853 47
7249 6856 5
7249 6868 43
7249 6870 12
7249 6879 52
7249 8631 2
7249 6860 5
7249 8622 27
7249 8625 31
7249 6924 12
7249 8567 36
7341 6865 57
7341 6864 52
7341 6854 47
7341 6866 14
7341 6877 15
7341 6863 37
7341 6878 52
7341 8619 53
7341 6852 36
7341 6284 41
7341 6855 18
7341 6867 37
7341 6871 26
7341 6880 15
7341 6862 23
7341 8621 26
7341 8624 48
7341 8568 56
7341 6278 59
7341 6283 59
7341 6274 45
7341 6853 12
7341 6856 22
7341 6868 15
7341 6870 36
7341 6879 41
7341 8631 39
7341 6860 22
7341 8622 23
7341 8625 14
7341 6924 25
7341 8567 57
7356 6865 37
7356 6864 9
7356 6854 52
7356 6866 19
7356 6877 52
7356 6863 20
7356 6878 9
7356 8619 50
7356 6852 38
7356 6284 57
7356 6855 7
7356 6867 41
7356 6871 24
7356 6880 23
7356 6862 30
7356 8621 45
7356 8624 41
7356 8568 11
7356 6278 12
7356 6283 57
7356 6274 5
7356 6853 53
7356 6856 24
7356 6868 50
7356 6870 1
7356 6879 8
7356 8631 24
7356 6860 49
7356 8622 19
7356 8625 2
7356 6924 42
7356 8567 5
7235 6865 43
7235 6864 58
7235 6854 46
7235 6866 19
7235 6877 17
7235 6863 23
7235 6878 54
7235 8619 30
7235 6852 28
7235 6284 26
7235 6855 39
7235 6867 36
7235 6871 24
7235 6880 2
7235 6862 9
7235 8621 33
7235 8624 19
7235 8568 12
7235 6278 13
7235 6283 57
7235 6274 57
7235 6853 48
7235 6856 12
7235 6868 26
7235 6870 6
7235 6879 7
7235 8631 7
7235 6860 3
7235 8622 48
7235 8625 26
7235 6924 47
7235 8567 59
7184 6865 46
7184 6864 37
7184 6854 50
7184 6866 41
7184 6877 54
7184 6863 22
7184 6878 42
7184 8619 17
7184 6852 11
7184 6284 41
7184 6855 50
7184 6867 34
7184 6871 59
7184 6880 31
7184 6862 1
7184 8621 10
7184 8624 2
7184 8568 12
7184 6278 9
7184 6283 9
7184 6274 9
7184 6853 52
7184 6856 20
7184 6868 40
7184 6870 49
7184 6879 19
7184 8631 42
7184 6860 39
7184 8622 33
7184 8625 32
7184 6924 3
7184 8567 43
7176 6865 6
7176 6864 54
7176 6854 34
7176 6866 50
7176 6877 42
7176 6863 42
7176 6878 3
7176 8619 15
7176 6852 23
7176 6284 22
7176 6855 38
7176 6867 16
7176 6871 42
7176 6880 56
7176 6862 23
7176 8621 4
7176 8624 44
7176 8568 39
7176 6278 28
7176 6283 11
7176 6274 15
7176 6853 35
7176 6856 3
7176 6868 12
7176 6870 15
7176 6879 24
7176 8631 7
7176 6860 23
7176 8622 30
7176 8625 35
7176 6924 60
7176 8567 32
7246 6865 54
7246 6864 22
7246 6854 49
7246 6866 10
7246 6877 55
7246 6863 8
7246 6878 15
7246 8619 40
7246 6852 22
7246 6284 20
7246 6855 37
7246 6867 23
7246 6871 54
7246 6880 33
7246 6862 3
7246 8621 23
7246 8624 45
7246 8568 9
7246 6278 25
7246 6283 5
7246 6274 20
7246 6853 51
7246 6856 0
7246 6868 33
7246 6870 37
7246 6879 24
7246 8631 10
7246 6860 22
7246 8622 59
7246 8625 45
7246 6924 52
7246 8567 54
7336 6865 2
7336 6864 44
7336 6854 39
7336 6866 45
7336 6877 25
7336 6863 24
7336 6878 2
7336 8619 53
7336 6852 2
7336 6284 30
7336 6855 5
7336 6867 28
7336 6871 20
7336 6880 8
7336 6862 57
7336 8621 14
7336 8624 26
7336 8568 6
7336 6278 31
7336 6283 8
7336 6274 28
7336 6853 16
7336 6856 34
7336 6868 3
7336 6870 24
7336 6879 19
7336 8631 26
7336 6860 40
7336 8622 17
7336 8625 47
7336 6924 56
7336 8567 41
7350 6865 35
7350 6864 52
7350 6854 58
7350 6866 11
7350 6877 40
7350 6863 47
7350 6878 17
7350 8619 20
7350 6852 30
7350 6284 25
7350 6855 3
7350 6867 41
7350 6871 12
7350 6880 29
7350 6862 1
7350 8621 3
7350 8624 49
7350 8568 46
7350 6278 6
7350 6283 15
7350 6274 4
7350 6853 17
7350 6856 14
7350 6868 14
7350 6870 40
7350 6879 2
7350 8631 45
7350 6860 24
7350 8622 40
7350 8625 49
7350 6924 22
7350 8567 17
7354 6865 39
7354 6864 35
7354 6854 52
7354 6866 19
7354 6877 4
7354 6863 27
7354 6878 53
7354 8619 25
7354 6852 30
7354 6284 0
7354 6855 22
7354 6867 50
7354 6871 31
7354 6880 33
7354 6862 32
7354 8621 13
7354 8624 8
7354 8568 19
7354 6278 7
7354 6283 34
7354 6274 52
7354 6853 38
7354 6856 46
7354 6868 27
7354 6870 25
7354 6879 54
7354 8631 12
7354 6860 60
7354 8622 37
7354 8625 29
7354 6924 55
7354 8567 33
