5830 5938 5
5830 5936 1
5830 8996 46
5830 5937 6
5830 8993 18
5830 9697 50
5830 8995 12
5830 9002 29
5830 5941 45
5830 9077 2
5830 9075 45
5830 8994 2
5830 9022 40
5830 9698 40
5830 9001 51
5830 9733 19
5830 5940 9
5830 9581 41
5830 9074 39
5830 9073 38
5830 8999 22
5830 9021 54
5830 9020 44
5830 9019 53
5830 9030 6
5830 9000 28
5830 9732 40
5830 9734 51
5830 5939 56
5830 9738 46
5830 9011 28
5830 9578 18
5829 5938 13
5829 5936 31
5829 8996 40
5829 5937 11
5829 8993 21
5829 9697 44
5829 8995 14
5829 9002 13
5829 5941 48
5829 9077 1
5829 9075 57
5829 8994 39
5829 9022 51
5829 9698 22
5829 9001 5
5829 9733 55
5829 5940 20
5829 9581 47
5829 9074 30
5829 9073 13
5829 8999 7
5829 9021 8
5829 9020 59
5829 9019 14
5829 9030 10
5829 9000 25
5829 9732 11
5829 9734 4
5829 5939 53
5829 9738 44
5829 9011 46
5829 9578 49
5823 5938 26
5823 5936 42
5823 8996 57
5823 5937 2
5823 8993 45
5823 9697 8
5823 8995 58
5823 9002 24
5823 5941 28
5823 9077 40
5823 9075 9
5823 8994 21
5823 9022 19
5823 9698 54
5823 9001 10
5823 9733 14
5823 5940 9
5823 9581 42
5823 9074 15
5823 9073 9
5823 8999 50
5823 9021 17
5823 9020 29
5823 9019 28
5823 9030 18
5823 9000 11
5823 9732 55
5823 9734 10
5823 5939 59
5823 9738 15
5823 9011 8
5823 9578 42
5826 5938 18
5826 5936 15
5826 8996 19
5826 5937 4
5826 8993 14
5826 9697 56
5826 8995 17
5826 9002 47
5826 5941 51
5826 9077 17
5826 9075 54
5826 8994 19
5826 9022 59
5826 9698 23
5826 9001 9
5826 9733 17
5826 5940 57
5826 9581 31
5826 9074 7
5826 9073 53
5826 8999 14
5826 9021 40
5826 9020 44
5826 9019 40
5826 9030 46
5826 9000 46
5826 9732 53
5826 9734 19
5826 5939 40
5826 9738 51
5826 9011 33
5826 9578 19
5839 5938 56
5839 5936 47
5839 8996 60
5839 5937 51
5839 8993 9
5839 9697 15
5839 8995 42
5839 9002 44
5839 5941 52
5839 9077 42
5839 9075 44
5839 8994 53
5839 9022 24
5839 9698 25
5839 9001 19
5839 9733 16
5839 5940 48
5839 9581 1
5839 9074 2
5839 9073 23
5839 8999 35
5839 9021 9
5839 9020 59
5839 9019 40
5839 9030 45
5839 9000 29
5839 9732 10
5839 9734 5
5839 5939 57
5839 9738 59
5839 9011 7
5839 9578 53
5827 5938 2
5827 5936 56
5827 8996 40
5827 5937 17
5827 8993 9
5827 9697 15
5827 8995 23
5827 9002 22
5827 5941 44
5827 9077 23
5827 9075 60
5827 8994 35
5827 9022 9
5827 9698 54
5827 9001 19
5827 9733 38
5827 5940 57
5827 9581 4
5827 9074 42
5827 9073 34
5827 8999 41
5827 9021 37
5827 9020 9
5827 9019 19
5827 9030 44
5827 9000 40
5827 9732 50
5827 9734 50
5827 5939 59
5827 9738 22
5827 9011 27
5827 9578 40
5831 5938 22
5831 5936 21
5831 8996 29
5831 5937 32
5831 8993 6
5831 9697 12
5831 8995 57
5831 9002 11
5831 5941 6
5831 9077 1
5831 9075 56
5831 8994 48
5831 9022 36
5831 9698 10
5831 9001 40
5831 9733 34
5831 5940 21
5831 9581 40
5831 9074 22
5831 9073 49
5831 8999 24
5831 9021 49
5831 9020 54
5831 9019 20
5831 9030 7
5831 9000 41
5831 9732 17
5831 9734 7
5831 5939 54
5831 9738 19
5831 9011 9
5831 9578 30
5841 5938 39
5841 5936 30
5841 8996 45
5841 5937 8
5841 8993 56
5841 9697 2
5841 8995 27
5841 9002 37
5841 5941 48
5841 9077 6
5841 9075 25
5841 8994 34
5841 9022 11
5841 9698 33
5841 9001 1
5841 9733 35
5841 5940 21
5841 9581 18
5841 9074 3
5841 9073 37
5841 8999 41
5841 9021 59
5841 9020 22
5841 9019 22
5841 9030 43
5841 9000 38
5841 9732 29
5841 9734 16
5841 5939 35
5841 9738 26
5841 9011 51
5841 9578 11
5822 5938 37
5822 5936 7
5822 8996 43
5822 5937 41
5822 8993 12
5822 9697 36
5822 8995 17
5822 9002 40
5822 5941 56
5822 9077 9
5822 9075 47
5822 8994 49
5822 9022 4
5822 9698 19
5822 9001 11
5822 9733 28
5822 5940 15
5822 9581 49
5822 9074 22
5822 9073 41
5822 8999 50
5822 9021 22
5822 9020 42
5822 9019 47
5822 9030 18
5822 9000 59
5822 9732 49
5822 9734 58
5822 5939 44
5822 9738 55
5822 9011 19
5822 9578 19
5785 5938 60
5785 5936 2
5785 8996 30
5785 5937 37
5785 8993 43
5785 9697 53
5785 8995 57
5785 9002 20
5785 5941 15
5785 9077 51
5785 9075 52
5785 8994 17
5785 9022 52
5785 9698 49
5785 9001 5
5785 9733 50
5785 5940 17
5785 9581 30
5785 9074 2
5785 9073 55
5785 8999 51
5785 9021 27
5785 9020 47
5785 9019 14
5785 9030 16
5785 9000 25
5785 9732 60
5785 9734 25
5785 5939 0
5785 9738 57
5785 9011 56
5785 9578 34
5824 5938 30
5824 5936 44
5824 8996 38
5824 5937 8
5824 8993 19
5824 9697 19
5824 8995 43
5824 9002 23
5824 5941 49
5824 9077 10
5824 9075 11
5824 8994 27
5824 9022 2
5824 9698 54
5824 9001 60
5824 9733 18
5824 5940 26
5824 9581 55
5824 9074 13
5824 9073 39
5824 8999 29
5824 9021 53
5824 9020 43
5824 9019 6
5824 9030 54
5824 9000 46
5824 9732 57
5824 9734 16
5824 5939 15
5824 9738 44
5824 9011 30
5824 9578 49
5842 5938 29
5842 5936 34
5842 8996 27
5842 5937 39
5842 8993 50
5842 9697 39
5842 8995 38
5842 9002 7
5842 5941 38
5842 9077 3
5842 9075 54
5842 8994 43
5842 9022 6
5842 9698 45
5842 9001 19
5842 9733 55
5842 5940 14
5842 9581 47
5842 9074 45
5842 9073 23
5842 8999 52
5842 9021 8
5842 9020 12
5842 9019 15
5842 9030 35
5842 9000 34
5842 9732 4
5842 9734 12
5842 5939 32
5842 9738 18
5842 9011 10
5842 9578 18
5840 5938 48
5840 5936 13
5840 8996 30
5840 5937 53
5840 8993 49
5840 9697 18
5840 8995 7
5840 9002 48
5840 5941 30
5840 9077 18
5840 9075 6
5840 8994 60
5840 9022 55
5840 9698 13
5840 9001 33
5840 9733 45
5840 5940 17
5840 9581 33
5840 9074 11
5840 9073 31
5840 8999 41
5840 9021 9
5840 9020 11
5840 9019 28
5840 9030 38
5840 9000 45
5840 9732 36
5840 9734 58
5840 5939 44
5840 9738 47
5840 9011 41
5840 9578 50
5843 5938 21
5843 5936 43
5843 8996 42
5843 5937 28
5843 8993 38
5843 9697 48
5843 8995 40
5843 9002 48
5843 5941 40
5843 9077 56
5843 9075 7
5843 8994 46
5843 9022 11
5843 9698 19
5843 9001 42
5843 9733 41
5843 5940 6
5843 9581 24
5843 9074 0
5843 9073 19
5843 8999 38
5843 9021 4
5843 9020 43
5843 9019 11
5843 9030 12
5843 9000 45
5843 9732 0
5843 9734 54
5843 5939 2
5843 9738 44
5843 9011 24
5843 9578 47
5855 5938 7
5855 5936 24
5855 8996 59
5855 5937 34
5855 8993 29
5855 9697 35
5855 8995 55
5855 9002 30
5855 5941 33
5855 9077 37
5855 9075 46
5855 8994 51
5855 9022 58
5855 9698 10
5855 9001 28
5855 9733 33
5855 5940 45
5855 9581 15
5855 9074 23
5855 9073 54
5855 8999 13
5855 9021 34
5855 9020 8
5855 9019 14
5855 9030 15
5855 9000 0
5855 9732 36
5855 9734 30
5855 5939 48
5855 9738 41
5855 9011 56
5855 9578 13
5784 5938 46
5784 5936 49
5784 8996 7
5784 5937 54
5784 8993 40
5784 9697 15
5784 8995 24
5784 9002 46
5784 5941 24
5784 9077 48
5784 9075 11
5784 8994 3
5784 9022 49
5784 9698 7
5784 9001 6
5784 9733 2
5784 5940 5
5784 9581 55
5784 9074 54
5784 9073 25
5784 8999 13
5784 9021 14
5784 9020 40
5784 9019 9
5784 9030 23
5784 9000 41
5784 9732 24
5784 9734 20
5784 5939 6
5784 9738 48
5784 9011 1
5784 9578 45
5828 5938 56
5828 5936 24
5828 8996 60
5828 5937 51
5828 8993 56
5828 9697 33
5828 8995 52
5828 9002 10
5828 5941 10
5828 9077 6
5828 9075 0
5828 8994 56
5828 9022 1
5828 9698 33
5828 9001 30
5828 9733 33
5828 5940 44
5828 9581 32
5828 9074 18
5828 9073 40
5828 8999 44
5828 9021 18
5828 9020 50
5828 9019 54
5828 9030 25
5828 9000 48
5828 9732 5
5828 9734 4
5828 5939 58
5828 9738 30
5828 9011 2
5828 9578 60
5832 5938 11
5832 5936 10
5832 8996 2
5832 5937 23
5832 8993 49
5832 9697 31
5832 8995 17
5832 9002 16
5832 5941 55
5832 9077 37
5832 9075 8
5832 8994 17
5832 9022 2
5832 9698 55
5832 9001 46
5832 9733 49
5832 5940 3
5832 9581 44
5832 9074 13
5832 9073 13
5832 8999 48
5832 9021 32
5832 9020 12
5832 9019 12
5832 9030 9
5832 9000 58
5832 9732 1
5832 9734 6
5832 5939 32
5832 9738 46
5832 9011 23
5832 9578 9
5858 5938 60
5858 5936 46
5858 8996 2
5858 5937 28
5858 8993 37
5858 9697 49
5858 8995 34
5858 9002 42
5858 5941 12
5858 9077 4
5858 9075 47
5858 8994 60
5858 9022 7
5858 9698 3
5858 9001 57
5858 9733 39
5858 5940 0
5858 9581 36
5858 9074 3
5858 9073 60
5858 8999 56
5858 9021 43
5858 9020 34
5858 9019 55
5858 9030 60
5858 9000 40
5858 9732 38
5858 9734 22
5858 5939 49
5858 9738 12
5858 9011 60
5858 9578 32
5820 5938 30
5820 5936 2
5820 8996 15
5820 5937 9
5820 8993 30
5820 9697 8
5820 8995 23
5820 9002 36
5820 5941 59
5820 9077 55
5820 9075 28
5820 8994 3
5820 9022 33
5820 9698 54
5820 9001 11
5820 9733 50
5820 5940 60
5820 9581 15
5820 9074 30
5820 9073 31
5820 8999 9
5820 9021 55
5820 9020 56
5820 9019 14
5820 9030 57
5820 9000 43
5820 9732 17
5820 9734 16
5820 5939 43
5820 9738 47
5820 9011 29
5820 9578 37
5819 5938 1
5819 5936 13
5819 8996 5
5819 5937 40
5819 8993 58
5819 9697 17
5819 8995 34
5819 9002 56
5819 5941 15
5819 9077 47
5819 9075 18
5819 8994 57
5819 9022 6
5819 9698 15
5819 9001 13
5819 9733 4
5819 5940 25
5819 9581 31
5819 9074 43
5819 9073 43
5819 8999 55
5819 9021 18
5819 9020 3
5819 9019 10
5819 9030 30
5819 9000 53
5819 9732 42
5819 9734 13
5819 5939 47
5819 9738 57
5819 9011 5
5819 9578 58
5776 5938 13
5776 5936 32
5776 8996 15
5776 5937 58
5776 8993 14
5776 9697 60
5776 8995 26
5776 9002 26
5776 5941 9
5776 9077 22
5776 9075 31
5776 8994 28
5776 9022 23
5776 9698 57
5776 9001 37
5776 9733 50
5776 5940 55
5776 9581 57
5776 9074 34
5776 9073 56
5776 8999 3
5776 9021 59
5776 9020 11
5776 9019 48
5776 9030 21
5776 9000 37
5776 9732 50
5776 9734 33
5776 5939 10
5776 9738 40
5776 9011 5
5776 9578 32
5825 5938 48
5825 5936 42
5825 8996 14
5825 5937 26
5825 8993 37
5825 9697 9
5825 8995 31
5825 9002 55
5825 5941 36
5825 9077 22
5825 9075 15
5825 8994 4
5825 9022 48
5825 9698 12
5825 9001 28
5825 9733 3
5825 5940 15
5825 9581 34
5825 9074 31
5825 9073 37
5825 8999 58
5825 9021 46
5825 9020 38
5825 9019 23
5825 9030 58
5825 9000 34
5825 9732 13
5825 9734 29
5825 5939 32
5825 9738 20
5825 9011 11
5825 9578 44
5847 5938 50
5847 5936 46
5847 8996 54
5847 5937 8
5847 8993 56
5847 9697 49
5847 8995 48
5847 9002 58
5847 5941 28
5847 9077 22
5847 9075 53
5847 8994 12
5847 9022 52
5847 9698 26
5847 9001 47
5847 9733 20
5847 5940 42
5847 9581 40
5847 9074 31
5847 9073 14
5847 8999 53
5847 9021 24
5847 9020 40
5847 9019 30
5847 9030 12
5847 9000 8
5847 9732 47
5847 9734 37
5847 5939 0
5847 9738 47
5847 9011 22
5847 9578 53
5850 5938 43
5850 5936 37
5850 8996 10
5850 5937 54
5850 8993 53
5850 9697 55
5850 8995 0
5850 9002 52
5850 5941 45
5850 9077 27
5850 9075 45
5850 8994 32
5850 9022 50
5850 9698 56
5850 9001 3
5850 9733 9
5850 5940 26
5850 9581 13
5850 9074 22
5850 9073 54
5850 8999 39
5850 9021 22
5850 9020 35
5850 9019 22
5850 9030 37
5850 9000 32
5850 9732 54
5850 9734 3
5850 5939 15
5850 9738 38
5850 9011 5
5850 9578 14
5859 5938 31
5859 5936 56
5859 8996 13
5859 5937 13
5859 8993 57
5859 9697 54
5859 8995 14
5859 9002 12
5859 5941 55
5859 9077 41
5859 9075 13
5859 8994 35
5859 9022 13
5859 9698 50
5859 9001 38
5859 9733 32
5859 5940 29
5859 9581 56
5859 9074 58
5859 9073 1
5859 8999 31
5859 9021 17
5859 9020 37
5859 9019 38
5859 9030 29
5859 9000 3
5859 9732 37
5859 9734 17
5859 5939 22
5859 9738 47
5859 9011 7
5859 9578 54
5852 5938 43
5852 5936 28
5852 8996 56
5852 5937 31
5852 8993 19
5852 9697 11
5852 8995 46
5852 9002 46
5852 5941 9
5852 9077 40
5852 9075 59
5852 8994 9
5852 9022 57
5852 9698 50
5852 9001 55
5852 9733 14
5852 5940 37
5852 9581 53
5852 9074 38
5852 9073 8
5852 8999 57
5852 9021 31
5852 9020 9
5852 9019 12
5852 9030 37
5852 9000 13
5852 9732 44
5852 9734 23
5852 5939 17
5852 9738 4
5852 9011 46
5852 9578 42
5854 5938 13
5854 5936 37
5854 8996 50
5854 5937 13
5854 8993 45
5854 9697 33
5854 8995 24
5854 9002 11
5854 5941 50
5854 9077 27
5854 9075 26
5854 8994 12
5854 9022 1
5854 9698 50
5854 9001 58
5854 9733 58
5854 5940 30
5854 9581 39
5854 9074 0
5854 9073 56
5854 8999 31
5854 9021 26
5854 9020 60
5854 9019 25
5854 9030 21
5854 9000 43
5854 9732 46
5854 9734 3
5854 5939 11
5854 9738 35
5854 9011 43
5854 9578 41
5778 5938 51
5778 5936 38
5778 8996 9
5778 5937 43
5778 8993 11
5778 9697 52
5778 8995 35
5778 9002 21
5778 5941 24
5778 9077 20
5778 9075 46
5778 8994 43
5778 9022 45
5778 9698 14
5778 9001 57
5778 9733 23
5778 5940 55
5778 9581 51
5778 9074 48
5778 9073 51
5778 8999 31
5778 9021 16
5778 9020 9
5778 9019 40
5778 9030 15
5778 9000 30
5778 9732 17
5778 9734 6
5778 5939 2
5778 9738 29
5778 9011 54
5778 9578 43
5786 5938 30
5786 5936 26
5786 8996 54
5786 5937 16
5786 8993 25
5786 9697 4
5786 8995 26
5786 9002 37
5786 5941 20
5786 9077 9
5786 9075 1
5786 8994 46
5786 9022 36
5786 9698 9
5786 9001 2
5786 9733 28
5786 5940 5
5786 9581 17
5786 9074 38
5786 9073 8
5786 8999 2
5786 9021 24
5786 9020 34
5786 9019 27
5786 9030 46
5786 9000 29
5786 9732 21
5786 9734 60
5786 5939 49
5786 9738 51
5786 9011 44
5786 9578 31
5833 5938 4
5833 5936 40
5833 8996 20
5833 5937 22
5833 8993 19
5833 9697 34
5833 8995 15
5833 9002 40
5833 5941 49
5833 9077 13
5833 9075 44
5833 8994 11
5833 9022 22
5833 9698 1
5833 9001 45
5833 9733 54
5833 5940 16
5833 9581 16
5833 9074 37
5833 9073 16
5833 8999 50
5833 9021 13
5833 9020 40
5833 9019 33
5833 9030 51
5833 9000 45
5833 9732 41
5833 9734 58
5833 5939 20
5833 9738 20
5833 9011 33
5833 9578 60
5864 5938 33
5864 5936 40
5864 8996 18
5864 5937 35
5864 8993 7
5864 9697 49
5864 8995 21
5864 9002 26
5864 5941 56
5864 9077 9
5864 9075 2
5864 8994 59
5864 9022 55
5864 9698 47
5864 9001 2
5864 9733 31
5864 5940 36
5864 9581 34
5864 9074 53
5864 9073 9
5864 8999 28
5864 9021 14
5864 9020 19
5864 9019 24
5864 9030 37
5864 9000 23
5864 9732 29
5864 9734 29
5864 5939 41
5864 9738 19
5864 9011 34
5864 9578 8
