2153 1897 37
2153 1897 29
2153 1897 36
2153 1897 23
2153 1893 29
2153 1893 39
2153 1893 38
2153 1893 5
2153 1896 20
2153 1896 51
2153 1896 32
2153 1896 31
2153 1898 55
2153 1898 9
2153 1898 6
2153 1898 51
2153 1889 14
2153 1889 34
2153 1889 28
2153 1889 0
2153 1878 19
2153 1878 59
2153 1878 2
2153 1878 18
2153 1894 15
2153 1894 43
2153 1894 23
2153 1894 29
2153 121 54
2153 121 10
2153 121 31
2153 121 31
2153 130 47
2153 130 27
2153 130 6
2153 130 5
2153 1812 56
2153 1812 35
2153 1812 21
2153 1812 27
2153 1895 54
2153 1895 29
2153 1895 34
2153 1895 46
2153 120 30
2153 120 59
2153 120 53
2153 120 9
2153 129 0
2153 129 3
2153 129 6
2153 129 2
2153 1811 25
2153 1811 57
2153 1811 53
2153 1811 4
2153 6 12
2153 6 38
2153 6 11
2153 6 10
2153 1891 57
2153 1891 23
2153 1891 36
2153 1891 40
2153 122 30
2153 122 22
2153 122 31
2153 122 19
2153 131 11
2153 131 1
2153 131 33
2153 131 19
2153 1809 21
2153 1809 29
2153 1809 6
2153 1809 19
2153 0 33
2153 0 55
2153 0 29
2153 0 57
2153 1883 59
2153 1883 7
2153 1883 56
2153 1883 27
2153 1892 21
2153 1892 25
2153 1892 20
2153 1892 23
2153 123 60
2153 123 4
2153 123 56
2153 123 16
2153 1808 50
2153 1808 4
2153 1808 35
2153 1808 44
2153 1810 46
2153 1810 45
2153 1810 8
2153 1810 32
2153 1 42
2153 1 15
2153 1 41
2153 1 39
2153 2 26
2153 2 19
2153 2 23
2153 2 25
2153 1884 45
2153 1884 37
2153 1884 14
2153 1884 59
2153 1874 12
2153 1874 12
2153 1874 18
2153 1874 36
2153 1890 39
2153 1890 54
2153 1890 59
2153 1890 29
2153 124 49
2153 124 43
2153 124 43
2153 124 10
2153 1806 55
2153 1806 8
2153 1806 2
2153 1806 8
2134 1897 40
2134 1897 35
2134 1897 26
2134 1897 26
2134 1893 44
2134 1893 43
2134 1893 4
2134 1893 45
2134 1896 4
2134 1896 9
2134 1896 30
2134 1896 45
2134 1898 24
2134 1898 57
2134 1898 16
2134 1898 33
2134 1889 15
2134 1889 33
2134 1889 43
2134 1889 34
2134 1878 25
2134 1878 22
2134 1878 57
2134 1878 6
2134 1894 21
2134 1894 23
2134 1894 33
2134 1894 60
2134 121 16
2134 121 37
2134 121 37
2134 121 22
2134 130 42
2134 130 33
2134 130 30
2134 130 53
2134 1812 17
2134 1812 43
2134 1812 57
2134 1812 30
2134 1895 46
2134 1895 18
2134 1895 38
2134 1895 20
2134 120 2
2134 120 4
2134 120 17
2134 120 46
2134 129 6
2134 129 46
2134 129 9
2134 129 32
2134 1811 57
2134 1811 2
2134 1811 60
2134 1811 34
2134 6 43
2134 6 56
2134 6 9
2134 6 46
2134 1891 35
2134 1891 46
2134 1891 44
2134 1891 31
2134 122 29
2134 122 49
2134 122 50
2134 122 2
2134 131 31
2134 131 39
2134 131 23
2134 131 25
2134 1809 21
2134 1809 7
2134 1809 4
2134 1809 49
2134 0 23
2134 0 11
2134 0 47
2134 0 32
2134 1883 41
2134 1883 43
2134 1883 60
2134 1883 51
2134 1892 1
2134 1892 4
2134 1892 43
2134 1892 38
2134 123 30
2134 123 37
2134 123 41
2134 123 32
2134 1808 20
2134 1808 14
2134 1808 33
2134 1808 23
2134 1810 42
2134 1810 24
2134 1810 1
2134 1810 23
2134 1 15
2134 1 57
2134 1 14
2134 1 52
2134 2 13
2134 2 39
2134 2 60
2134 2 51
2134 1884 11
2134 1884 48
2134 1884 25
2134 1884 58
2134 1874 34
2134 1874 31
2134 1874 10
2134 1874 31
2134 1890 27
2134 1890 52
2134 1890 4
2134 1890 55
2134 124 27
2134 124 31
2134 124 2
2134 124 26
2134 1806 17
2134 1806 27
2134 1806 21
2134 1806 29
2146 1897 25
2146 1897 23
2146 1897 5
2146 1897 15
2146 1893 56
2146 1893 54
2146 1893 5
2146 1893 10
2146 1896 2
2146 1896 21
2146 1896 17
2146 1896 20
2146 1898 3
2146 1898 21
2146 1898 38
2146 1898 4
2146 1889 14
2146 1889 44
2146 1889 21
2146 1889 37
2146 1878 36
2146 1878 37
2146 1878 14
2146 1878 52
2146 1894 47
2146 1894 5
2146 1894 55
2146 1894 60
2146 121 56
2146 121 19
2146 121 49
2146 121 6
2146 130 57
2146 130 4
2146 130 35
2146 130 17
2146 1812 47
2146 1812 46
2146 1812 47
2146 1812 14
2146 1895 4
2146 1895 22
2146 1895 48
2146 1895 0
2146 120 47
2146 120 20
2146 120 23
2146 120 20
2146 129 51
2146 129 47
2146 129 33
2146 129 43
2146 1811 41
2146 1811 56
2146 1811 42
2146 1811 57
2146 6 23
2146 6 40
2146 6 40
2146 6 11
2146 1891 33
2146 1891 22
2146 1891 34
2146 1891 42
2146 122 19
2146 122 53
2146 122 5
2146 122 40
2146 131 49
2146 131 23
2146 131 19
2146 131 2
2146 1809 28
2146 1809 3
2146 1809 59
2146 1809 21
2146 0 53
2146 0 31
2146 0 52
2146 0 48
2146 1883 27
2146 1883 32
2146 1883 6
2146 1883 30
2146 1892 18
2146 1892 39
2146 1892 27
2146 1892 2
2146 123 22
2146 123 43
2146 123 40
2146 123 4
2146 1808 29
2146 1808 45
2146 1808 1
2146 1808 29
2146 1810 2
2146 1810 44
2146 1810 37
2146 1810 21
2146 1 41
2146 1 27
2146 1 37
2146 1 8
2146 2 54
2146 2 40
2146 2 23
2146 2 34
2146 1884 18
2146 1884 57
2146 1884 3
2146 1884 8
2146 1874 27
2146 1874 5
2146 1874 13
2146 1874 56
2146 1890 0
2146 1890 39
2146 1890 41
2146 1890 49
2146 124 31
2146 124 39
2146 124 45
2146 124 25
2146 1806 58
2146 1806 6
2146 1806 27
2146 1806 42
2155 1897 5
2155 1897 41
2155 1897 20
2155 1897 40
2155 1893 54
2155 1893 33
2155 1893 54
2155 1893 35
2155 1896 36
2155 1896 28
2155 1896 51
2155 1896 32
2155 1898 58
2155 1898 28
2155 1898 33
2155 1898 50
2155 1889 1
2155 1889 58
2155 1889 50
2155 1889 37
2155 1878 12
2155 1878 53
2155 1878 46
2155 1878 9
2155 1894 55
2155 1894 13
2155 1894 8
2155 1894 31
2155 121 11
2155 121 30
2155 121 25
2155 121 25
2155 130 4
2155 130 46
2155 130 9
2155 130 16
2155 1812 40
2155 1812 17
2155 1812 58
2155 1812 40
2155 1895 19
2155 1895 29
2155 1895 0
2155 1895 35
2155 120 17
2155 120 10
2155 120 58
2155 120 54
2155 129 6
2155 129 38
2155 129 38
2155 129 41
2155 1811 3
2155 1811 60
2155 1811 11
2155 1811 49
2155 6 37
2155 6 3
2155 6 56
2155 6 19
2155 1891 23
2155 1891 29
2155 1891 4
2155 1891 55
2155 122 49
2155 122 40
2155 122 40
2155 122 2
2155 131 10
2155 131 41
2155 131 12
2155 131 59
2155 1809 54
2155 1809 15
2155 1809 41
2155 1809 4
2155 0 58
2155 0 8
2155 0 12
2155 0 54
2155 1883 50
2155 1883 41
2155 1883 57
2155 1883 20
2155 1892 24
2155 1892 36
2155 1892 26
2155 1892 58
2155 123 17
2155 123 56
2155 123 48
2155 123 54
2155 1808 60
2155 1808 30
2155 1808 50
2155 1808 16
2155 1810 11
2155 1810 47
2155 1810 28
2155 1810 22
2155 1 25
2155 1 59
2155 1 10
2155 1 37
2155 2 0
2155 2 29
2155 2 11
2155 2 21
2155 1884 0
2155 1884 11
2155 1884 3
2155 1884 31
2155 1874 18
2155 1874 48
2155 1874 0
2155 1874 25
2155 1890 21
2155 1890 1
2155 1890 58
2155 1890 40
2155 124 38
2155 124 9
2155 124 8
2155 124 30
2155 1806 42
2155 1806 55
2155 1806 52
2155 1806 10
2140 1897 22
2140 1897 45
2140 1897 22
2140 1897 7
2140 1893 41
2140 1893 12
2140 1893 4
2140 1893 22
2140 1896 28
2140 1896 21
2140 1896 37
2140 1896 25
2140 1898 44
2140 1898 30
2140 1898 47
2140 1898 14
2140 1889 8
2140 1889 11
2140 1889 1
2140 1889 51
2140 1878 23
2140 1878 41
2140 1878 21
2140 1878 13
2140 1894 2
2140 1894 26
2140 1894 56
2140 1894 39
2140 121 3
2140 121 56
2140 121 30
2140 121 5
2140 130 14
2140 130 47
2140 130 28
2140 130 38
2140 1812 45
2140 1812 45
2140 1812 53
2140 1812 26
2140 1895 46
2140 1895 0
2140 1895 42
2140 1895 1
2140 120 59
2140 120 56
2140 120 35
2140 120 49
2140 129 2
2140 129 28
2140 129 54
2140 129 36
2140 1811 43
2140 1811 8
2140 1811 7
2140 1811 22
2140 6 13
2140 6 49
2140 6 16
2140 6 41
2140 1891 14
2140 1891 56
2140 1891 60
2140 1891 16
2140 122 55
2140 122 15
2140 122 24
2140 122 52
2140 131 59
2140 131 27
2140 131 44
2140 131 17
2140 1809 40
2140 1809 50
2140 1809 57
2140 1809 20
2140 0 45
2140 0 27
2140 0 21
2140 0 47
2140 1883 15
2140 1883 9
2140 1883 26
2140 1883 21
2140 1892 20
2140 1892 0
2140 1892 60
2140 1892 27
2140 123 18
2140 123 41
2140 123 42
2140 123 18
2140 1808 46
2140 1808 3
2140 1808 0
2140 1808 28
2140 1810 7
2140 1810 7
2140 1810 4
2140 1810 10
2140 1 48
2140 1 18
2140 1 17
2140 1 48
2140 2 26
2140 2 58
2140 2 59
2140 2 26
2140 1884 18
2140 1884 58
2140 1884 39
2140 1884 4
2140 1874 34
2140 1874 54
2140 1874 48
2140 1874 30
2140 1890 51
2140 1890 45
2140 1890 55
2140 1890 26
2140 124 46
2140 124 50
2140 124 55
2140 124 25
2140 1806 60
2140 1806 30
2140 1806 47
2140 1806 14
2133 1897 46
2133 1897 35
2133 1897 35
2133 1897 18
2133 1893 7
2133 1893 11
2133 1893 35
2133 1893 2
2133 1896 29
2133 1896 53
2133 1896 6
2133 1896 8
2133 1898 39
2133 1898 31
2133 1898 16
2133 1898 10
2133 1889 16
2133 1889 45
2133 1889 16
2133 1889 32
2133 1878 17
2133 1878 38
2133 1878 21
2133 1878 30
2133 1894 50
2133 1894 25
2133 1894 40
2133 1894 28
2133 121 44
2133 121 55
2133 121 53
2133 121 3
2133 130 18
2133 130 36
2133 130 39
2133 130 8
2133 1812 3
2133 1812 15
2133 1812 55
2133 1812 18
2133 1895 22
2133 1895 7
2133 1895 16
2133 1895 47
2133 120 20
2133 120 60
2133 120 25
2133 120 36
2133 129 7
2133 129 56
2133 129 20
2133 129 16
2133 1811 55
2133 1811 48
2133 1811 1
2133 1811 49
2133 6 42
2133 6 57
2133 6 5
2133 6 13
2133 1891 28
2133 1891 15
2133 1891 15
2133 1891 27
2133 122 19
2133 122 19
2133 122 32
2133 122 36
2133 131 5
2133 131 6
2133 131 44
2133 131 40
2133 1809 54
2133 1809 25
2133 1809 35
2133 1809 27
2133 0 18
2133 0 28
2133 0 5
2133 0 17
2133 1883 43
2133 1883 0
2133 1883 44
2133 1883 0
2133 1892 52
2133 1892 22
2133 1892 45
2133 1892 33
2133 123 59
2133 123 19
2133 123 48
2133 123 10
2133 1808 52
2133 1808 25
2133 1808 18
2133 1808 3
2133 1810 12
2133 1810 35
2133 1810 60
2133 1810 15
2133 1 6
2133 1 23
2133 1 58
2133 1 16
2133 2 1
2133 2 7
2133 2 53
2133 2 6
2133 1884 40
2133 1884 3
2133 1884 9
2133 1884 52
2133 1874 35
2133 1874 5
2133 1874 57
2133 1874 53
2133 1890 47
2133 1890 46
2133 1890 28
2133 1890 14
2133 124 9
2133 124 33
2133 124 13
2133 124 47
2133 1806 56
2133 1806 59
2133 1806 48
2133 1806 18
2143 1897 13
2143 1897 43
2143 1897 24
2143 1897 9
2143 1893 28
2143 1893 27
2143 1893 21
2143 1893 60
2143 1896 40
2143 1896 2
2143 1896 32
2143 1896 47
2143 1898 15
2143 1898 53
2143 1898 30
2143 1898 49
2143 1889 45
2143 1889 26
2143 1889 42
2143 1889 33
2143 1878 52
2143 1878 57
2143 1878 46
2143 1878 6
2143 1894 60
2143 1894 39
2143 1894 36
2143 1894 43
2143 121 50
2143 121 47
2143 121 55
2143 121 18
2143 130 47
2143 130 41
2143 130 54
2143 130 33
2143 1812 52
2143 1812 29
2143 1812 31
2143 1812 25
2143 1895 16
2143 1895 46
2143 1895 30
2143 1895 39
2143 120 9
2143 120 57
2143 120 30
2143 120 47
2143 129 4
2143 129 39
2143 129 36
2143 129 20
2143 1811 1
2143 1811 11
2143 1811 29
2143 1811 1
2143 6 35
2143 6 7
2143 6 12
2143 6 33
2143 1891 15
2143 1891 34
2143 1891 34
2143 1891 3
2143 122 13
2143 122 20
2143 122 25
2143 122 23
2143 131 17
2143 131 47
2143 131 42
2143 131 22
2143 1809 30
2143 1809 10
2143 1809 34
2143 1809 19
2143 0 23
2143 0 34
2143 0 16
2143 0 57
2143 1883 40
2143 1883 13
2143 1883 39
2143 1883 31
2143 1892 51
2143 1892 5
2143 1892 59
2143 1892 36
2143 123 56
2143 123 3
2143 123 16
2143 123 1
2143 1808 57
2143 1808 19
2143 1808 35
2143 1808 17
2143 1810 53
2143 1810 38
2143 1810 28
2143 1810 56
2143 1 52
2143 1 60
2143 1 2
2143 1 50
2143 2 8
2143 2 12
2143 2 3
2143 2 12
2143 1884 60
2143 1884 59
2143 1884 14
2143 1884 35
2143 1874 1
2143 1874 38
2143 1874 16
2143 1874 6
2143 1890 35
2143 1890 2
2143 1890 13
2143 1890 22
2143 124 8
2143 124 37
2143 124 26
2143 124 50
2143 1806 33
2143 1806 57
2143 1806 52
2143 1806 20
2145 1897 52
2145 1897 11
2145 1897 49
2145 1897 31
2145 1893 33
2145 1893 2
2145 1893 2
2145 1893 39
2145 1896 7
2145 1896 51
2145 1896 8
2145 1896 8
2145 1898 51
2145 1898 23
2145 1898 54
2145 1898 13
2145 1889 56
2145 1889 53
2145 1889 16
2145 1889 23
2145 1878 44
2145 1878 40
2145 1878 24
2145 1878 17
2145 1894 3
2145 1894 6
2145 1894 59
2145 1894 43
2145 121 13
2145 121 36
2145 121 57
2145 121 40
2145 130 59
2145 130 2
2145 130 49
2145 130 33
2145 1812 55
2145 1812 39
2145 1812 17
2145 1812 40
2145 1895 20
2145 1895 8
2145 1895 14
2145 1895 41
2145 120 22
2145 120 45
2145 120 43
2145 120 4
2145 129 24
2145 129 37
2145 129 2
2145 129 43
2145 1811 14
2145 1811 12
2145 1811 7
2145 1811 43
2145 6 57
2145 6 11
2145 6 45
2145 6 34
2145 1891 32
2145 1891 49
2145 1891 55
2145 1891 12
2145 122 53
2145 122 49
2145 122 31
2145 122 30
2145 131 39
2145 131 36
2145 131 31
2145 131 1
2145 1809 6
2145 1809 39
2145 1809 44
2145 1809 43
2145 0 58
2145 0 32
2145 0 28
2145 0 53
2145 1883 11
2145 1883 42
2145 1883 21
2145 1883 35
2145 1892 12
2145 1892 54
2145 1892 17
2145 1892 54
2145 123 7
2145 123 37
2145 123 12
2145 123 18
2145 1808 38
2145 1808 42
2145 1808 22
2145 1808 19
2145 1810 8
2145 1810 24
2145 1810 21
2145 1810 56
2145 1 39
2145 1 30
2145 1 53
2145 1 22
2145 2 40
2145 2 38
2145 2 27
2145 2 52
2145 1884 26
2145 1884 19
2145 1884 29
2145 1884 4
2145 1874 48
2145 1874 34
2145 1874 13
2145 1874 8
2145 1890 49
2145 1890 23
2145 1890 52
2145 1890 25
2145 124 24
2145 124 39
2145 124 51
2145 124 55
2145 1806 6
2145 1806 35
2145 1806 28
2145 1806 32
2154 1897 4
2154 1897 53
2154 1897 6
2154 1897 19
2154 1893 35
2154 1893 3
2154 1893 56
2154 1893 24
2154 1896 49
2154 1896 8
2154 1896 57
2154 1896 23
2154 1898 24
2154 1898 58
2154 1898 1
2154 1898 44
2154 1889 25
2154 1889 31
2154 1889 47
2154 1889 10
2154 1878 38
2154 1878 36
2154 1878 9
2154 1878 35
2154 1894 49
2154 1894 29
2154 1894 30
2154 1894 39
2154 121 42
2154 121 60
2154 121 15
2154 121 51
2154 130 37
2154 130 6
2154 130 33
2154 130 8
2154 1812 28
2154 1812 27
2154 1812 1
2154 1812 54
2154 1895 24
2154 1895 16
2154 1895 53
2154 1895 8
2154 120 50
2154 120 40
2154 120 56
2154 120 24
2154 129 46
2154 129 27
2154 129 48
2154 129 41
2154 1811 52
2154 1811 50
2154 1811 57
2154 1811 41
2154 6 42
2154 6 47
2154 6 38
2154 6 36
2154 1891 12
2154 1891 31
2154 1891 60
2154 1891 49
2154 122 27
2154 122 1
2154 122 45
2154 122 60
2154 131 17
2154 131 30
2154 131 50
2154 131 41
2154 1809 51
2154 1809 47
2154 1809 34
2154 1809 23
2154 0 3
2154 0 7
2154 0 30
2154 0 47
2154 1883 0
2154 1883 30
2154 1883 22
2154 1883 39
2154 1892 27
2154 1892 43
2154 1892 21
2154 1892 55
2154 123 47
2154 123 3
2154 123 10
2154 123 44
2154 1808 12
2154 1808 17
2154 1808 14
2154 1808 38
2154 1810 28
2154 1810 59
2154 1810 29
2154 1810 1
2154 1 33
2154 1 22
2154 1 23
2154 1 45
2154 2 45
2154 2 55
2154 2 6
2154 2 40
2154 1884 18
2154 1884 49
2154 1884 53
2154 1884 4
2154 1874 5
2154 1874 60
2154 1874 40
2154 1874 5
2154 1890 43
2154 1890 38
2154 1890 8
2154 1890 52
2154 124 56
2154 124 57
2154 124 42
2154 124 29
2154 1806 11
2154 1806 12
2154 1806 7
2154 1806 22
2156 1897 34
2156 1897 53
2156 1897 37
2156 1897 56
2156 1893 11
2156 1893 45
2156 1893 39
2156 1893 14
2156 1896 30
2156 1896 4
2156 1896 47
2156 1896 54
2156 1898 55
2156 1898 4
2156 1898 40
2156 1898 53
2156 1889 31
2156 1889 32
2156 1889 44
2156 1889 50
2156 1878 29
2156 1878 53
2156 1878 17
2156 1878 8
2156 1894 48
2156 1894 23
2156 1894 52
2156 1894 27
2156 121 7
2156 121 12
2156 121 0
2156 121 11
2156 130 59
2156 130 38
2156 130 22
2156 130 0
2156 1812 2
2156 1812 22
2156 1812 57
2156 1812 40
2156 1895 36
2156 1895 35
2156 1895 19
2156 1895 16
2156 120 15
2156 120 42
2156 120 51
2156 120 18
2156 129 46
2156 129 8
2156 129 52
2156 129 24
2156 1811 29
2156 1811 13
2156 1811 22
2156 1811 30
2156 6 15
2156 6 49
2156 6 2
2156 6 58
2156 1891 46
2156 1891 32
2156 1891 12
2156 1891 47
2156 122 33
2156 122 15
2156 122 12
2156 122 18
2156 131 0
2156 131 51
2156 131 17
2156 131 24
2156 1809 17
2156 1809 44
2156 1809 14
2156 1809 47
2156 0 13
2156 0 4
2156 0 36
2156 0 53
2156 1883 52
2156 1883 8
2156 1883 47
2156 1883 5
2156 1892 58
2156 1892 35
2156 1892 21
2156 1892 0
2156 123 9
2156 123 24
2156 123 56
2156 123 60
2156 1808 30
2156 1808 45
2156 1808 38
2156 1808 56
2156 1810 0
2156 1810 43
2156 1810 43
2156 1810 27
2156 1 23
2156 1 31
2156 1 33
2156 1 1
2156 2 29
2156 2 24
2156 2 10
2156 2 56
2156 1884 45
2156 1884 24
2156 1884 36
2156 1884 10
2156 1874 33
2156 1874 27
2156 1874 15
2156 1874 46
2156 1890 43
2156 1890 36
2156 1890 57
2156 1890 39
2156 124 23
2156 124 7
2156 124 30
2156 124 11
2156 1806 42
2156 1806 49
2156 1806 53
2156 1806 6
2201 1897 51
2201 1897 12
2201 1897 42
2201 1897 45
2201 1893 21
2201 1893 15
2201 1893 43
2201 1893 4
2201 1896 27
2201 1896 21
2201 1896 19
2201 1896 30
2201 1898 12
2201 1898 51
2201 1898 25
2201 1898 28
2201 1889 29
2201 1889 34
2201 1889 17
2201 1889 39
2201 1878 22
2201 1878 15
2201 1878 10
2201 1878 52
2201 1894 2
2201 1894 49
2201 1894 38
2201 1894 15
2201 121 32
2201 121 28
2201 121 5
2201 121 42
2201 130 21
2201 130 27
2201 130 27
2201 130 60
2201 1812 30
2201 1812 23
2201 1812 0
2201 1812 59
2201 1895 9
2201 1895 49
2201 1895 36
2201 1895 1
2201 120 60
2201 120 51
2201 120 4
2201 120 10
2201 129 12
2201 129 60
2201 129 58
2201 129 47
2201 1811 37
2201 1811 41
2201 1811 42
2201 1811 21
2201 6 7
2201 6 12
2201 6 56
2201 6 13
2201 1891 39
2201 1891 47
2201 1891 29
2201 1891 12
2201 122 13
2201 122 32
2201 122 43
2201 122 21
2201 131 2
2201 131 55
2201 131 17
2201 131 16
2201 1809 37
2201 1809 34
2201 1809 44
2201 1809 35
2201 0 24
2201 0 46
2201 0 8
2201 0 12
2201 1883 32
2201 1883 55
2201 1883 40
2201 1883 36
2201 1892 52
2201 1892 13
2201 1892 41
2201 1892 26
2201 123 23
2201 123 43
2201 123 5
2201 123 36
2201 1808 38
2201 1808 9
2201 1808 47
2201 1808 7
2201 1810 13
2201 1810 3
2201 1810 41
2201 1810 16
2201 1 60
2201 1 53
2201 1 38
2201 1 22
2201 2 17
2201 2 33
2201 2 43
2201 2 55
2201 1884 57
2201 1884 33
2201 1884 6
2201 1884 29
2201 1874 34
2201 1874 57
2201 1874 23
2201 1874 31
2201 1890 50
2201 1890 16
2201 1890 43
2201 1890 5
2201 124 34
2201 124 40
2201 124 44
2201 124 1
2201 1806 16
2201 1806 7
2201 1806 52
2201 1806 48
2136 1897 31
2136 1897 48
2136 1897 38
2136 1897 26
2136 1893 38
2136 1893 33
2136 1893 58
2136 1893 33
2136 1896 22
2136 1896 13
2136 1896 1
2136 1896 10
2136 1898 30
2136 1898 21
2136 1898 32
2136 1898 29
2136 1889 52
2136 1889 7
2136 1889 49
2136 1889 49
2136 1878 12
2136 1878 51
2136 1878 48
2136 1878 1
2136 1894 37
2136 1894 51
2136 1894 8
2136 1894 0
2136 121 55
2136 121 21
2136 121 52
2136 121 35
2136 130 29
2136 130 18
2136 130 37
2136 130 41
2136 1812 45
2136 1812 2
2136 1812 21
2136 1812 10
2136 1895 36
2136 1895 36
2136 1895 51
2136 1895 34
2136 120 14
2136 120 39
2136 120 26
2136 120 36
2136 129 1
2136 129 21
2136 129 60
2136 129 13
2136 1811 50
2136 1811 15
2136 1811 42
2136 1811 49
2136 6 24
2136 6 47
2136 6 60
2136 6 2
2136 1891 27
2136 1891 8
2136 1891 21
2136 1891 19
2136 122 4
2136 122 36
2136 122 22
2136 122 24
2136 131 6
2136 131 9
2136 131 5
2136 131 18
2136 1809 7
2136 1809 1
2136 1809 11
2136 1809 26
2136 0 20
2136 0 20
2136 0 34
2136 0 14
2136 1883 43
2136 1883 49
2136 1883 25
2136 1883 52
2136 1892 30
2136 1892 16
2136 1892 34
2136 1892 47
2136 123 25
2136 123 56
2136 123 4
2136 123 52
2136 1808 20
2136 1808 29
2136 1808 32
2136 1808 40
2136 1810 15
2136 1810 18
2136 1810 22
2136 1810 21
2136 1 18
2136 1 34
2136 1 14
2136 1 43
2136 2 44
2136 2 27
2136 2 32
2136 2 29
2136 1884 58
2136 1884 7
2136 1884 1
2136 1884 25
2136 1874 46
2136 1874 41
2136 1874 20
2136 1874 42
2136 1890 17
2136 1890 5
2136 1890 18
2136 1890 27
2136 124 42
2136 124 4
2136 124 19
2136 124 56
2136 1806 13
2136 1806 38
2136 1806 31
2136 1806 39
2198 1897 51
2198 1897 35
2198 1897 32
2198 1897 7
2198 1893 20
2198 1893 45
2198 1893 29
2198 1893 7
2198 1896 56
2198 1896 37
2198 1896 46
2198 1896 51
2198 1898 5
2198 1898 43
2198 1898 26
2198 1898 58
2198 1889 60
2198 1889 51
2198 1889 59
2198 1889 37
2198 1878 26
2198 1878 57
2198 1878 15
2198 1878 14
2198 1894 47
2198 1894 27
2198 1894 52
2198 1894 33
2198 121 10
2198 121 20
2198 121 19
2198 121 42
2198 130 8
2198 130 8
2198 130 7
2198 130 11
2198 1812 21
2198 1812 30
2198 1812 23
2198 1812 52
2198 1895 21
2198 1895 46
2198 1895 6
2198 1895 27
2198 120 53
2198 120 37
2198 120 51
2198 120 33
2198 129 9
2198 129 58
2198 129 60
2198 129 43
2198 1811 5
2198 1811 17
2198 1811 16
2198 1811 24
2198 6 42
2198 6 3
2198 6 27
2198 6 37
2198 1891 17
2198 1891 3
2198 1891 57
2198 1891 27
2198 122 8
2198 122 5
2198 122 48
2198 122 24
2198 131 15
2198 131 14
2198 131 57
2198 131 43
2198 1809 26
2198 1809 37
2198 1809 31
2198 1809 40
2198 0 40
2198 0 47
2198 0 11
2198 0 49
2198 1883 23
2198 1883 11
2198 1883 25
2198 1883 37
2198 1892 13
2198 1892 7
2198 1892 56
2198 1892 53
2198 123 53
2198 123 57
2198 123 25
2198 123 15
2198 1808 7
2198 1808 57
2198 1808 32
2198 1808 54
2198 1810 28
2198 1810 1
2198 1810 20
2198 1810 4
2198 1 36
2198 1 60
2198 1 43
2198 1 29
2198 2 54
2198 2 1
2198 2 27
2198 2 10
2198 1884 37
2198 1884 45
2198 1884 35
2198 1884 14
2198 1874 37
2198 1874 1
2198 1874 51
2198 1874 22
2198 1890 43
2198 1890 56
2198 1890 9
2198 1890 57
2198 124 10
2198 124 0
2198 124 55
2198 124 37
2198 1806 25
2198 1806 35
2198 1806 24
2198 1806 10
2128 1897 38
2128 1897 29
2128 1897 58
2128 1897 5
2128 1893 41
2128 1893 42
2128 1893 47
2128 1893 1
2128 1896 42
2128 1896 24
2128 1896 1
2128 1896 18
2128 1898 17
2128 1898 4
2128 1898 10
2128 1898 42
2128 1889 26
2128 1889 41
2128 1889 33
2128 1889 0
2128 1878 11
2128 1878 3
2128 1878 31
2128 1878 36
2128 1894 27
2128 1894 56
2128 1894 58
2128 1894 25
2128 121 41
2128 121 53
2128 121 23
2128 121 42
2128 130 11
2128 130 18
2128 130 42
2128 130 25
2128 1812 0
2128 1812 46
2128 1812 40
2128 1812 42
2128 1895 14
2128 1895 21
2128 1895 17
2128 1895 15
2128 120 2
2128 120 57
2128 120 26
2128 120 29
2128 129 47
2128 129 17
2128 129 47
2128 129 17
2128 1811 46
2128 1811 28
2128 1811 47
2128 1811 33
2128 6 12
2128 6 56
2128 6 45
2128 6 58
2128 1891 7
2128 1891 48
2128 1891 48
2128 1891 5
2128 122 15
2128 122 43
2128 122 49
2128 122 20
2128 131 60
2128 131 25
2128 131 26
2128 131 34
2128 1809 1
2128 1809 55
2128 1809 24
2128 1809 8
2128 0 43
2128 0 14
2128 0 52
2128 0 60
2128 1883 4
2128 1883 49
2128 1883 41
2128 1883 15
2128 1892 55
2128 1892 41
2128 1892 11
2128 1892 30
2128 123 49
2128 123 58
2128 123 4
2128 123 54
2128 1808 58
2128 1808 2
2128 1808 5
2128 1808 16
2128 1810 21
2128 1810 22
2128 1810 42
2128 1810 3
2128 1 47
2128 1 54
2128 1 9
2128 1 53
2128 2 7
2128 2 52
2128 2 30
2128 2 34
2128 1884 42
2128 1884 36
2128 1884 46
2128 1884 36
2128 1874 33
2128 1874 26
2128 1874 33
2128 1874 22
2128 1890 36
2128 1890 28
2128 1890 57
2128 1890 45
2128 124 23
2128 124 28
2128 124 13
2128 124 28
2128 1806 53
2128 1806 41
2128 1806 8
2128 1806 38
2135 1897 56
2135 1897 50
2135 1897 6
2135 1897 31
2135 1893 35
2135 1893 38
2135 1893 39
2135 1893 9
2135 1896 48
2135 1896 53
2135 1896 21
2135 1896 16
2135 1898 21
2135 1898 34
2135 1898 4
2135 1898 1
2135 1889 7
2135 1889 50
2135 1889 5
2135 1889 3
2135 1878 38
2135 1878 6
2135 1878 15
2135 1878 43
2135 1894 21
2135 1894 38
2135 1894 6
2135 1894 13
2135 121 18
2135 121 37
2135 121 59
2135 121 3
2135 130 1
2135 130 59
2135 130 51
2135 130 36
2135 1812 27
2135 1812 0
2135 1812 9
2135 1812 30
2135 1895 47
2135 1895 4
2135 1895 2
2135 1895 10
2135 120 18
2135 120 17
2135 120 36
2135 120 16
2135 129 22
2135 129 6
2135 129 58
2135 129 50
2135 1811 53
2135 1811 11
2135 1811 43
2135 1811 9
2135 6 40
2135 6 33
2135 6 20
2135 6 41
2135 1891 9
2135 1891 4
2135 1891 1
2135 1891 15
2135 122 53
2135 122 36
2135 122 0
2135 122 21
2135 131 41
2135 131 47
2135 131 56
2135 131 42
2135 1809 24
2135 1809 18
2135 1809 37
2135 1809 39
2135 0 8
2135 0 60
2135 0 46
2135 0 55
2135 1883 60
2135 1883 28
2135 1883 44
2135 1883 49
2135 1892 42
2135 1892 29
2135 1892 17
2135 1892 28
2135 123 37
2135 123 20
2135 123 50
2135 123 38
2135 1808 42
2135 1808 39
2135 1808 45
2135 1808 53
2135 1810 29
2135 1810 12
2135 1810 30
2135 1810 36
2135 1 44
2135 1 26
2135 1 42
2135 1 5
2135 2 7
2135 2 18
2135 2 14
2135 2 42
2135 1884 23
2135 1884 9
2135 1884 16
2135 1884 0
2135 1874 45
2135 1874 23
2135 1874 50
2135 1874 2
2135 1890 58
2135 1890 37
2135 1890 33
2135 1890 15
2135 124 54
2135 124 12
2135 124 41
2135 124 12
2135 1806 13
2135 1806 7
2135 1806 8
2135 1806 57
2142 1897 30
2142 1897 20
2142 1897 17
2142 1897 26
2142 1893 29
2142 1893 36
2142 1893 48
2142 1893 59
2142 1896 58
2142 1896 13
2142 1896 54
2142 1896 14
2142 1898 29
2142 1898 18
2142 1898 50
2142 1898 11
2142 1889 60
2142 1889 41
2142 1889 33
2142 1889 32
2142 1878 60
2142 1878 27
2142 1878 25
2142 1878 59
2142 1894 53
2142 1894 2
2142 1894 17
2142 1894 40
2142 121 32
2142 121 28
2142 121 40
2142 121 42
2142 130 1
2142 130 25
2142 130 52
2142 130 42
2142 1812 37
2142 1812 40
2142 1812 11
2142 1812 59
2142 1895 7
2142 1895 13
2142 1895 22
2142 1895 0
2142 120 34
2142 120 2
2142 120 13
2142 120 8
2142 129 40
2142 129 26
2142 129 1
2142 129 54
2142 1811 14
2142 1811 6
2142 1811 52
2142 1811 48
2142 6 19
2142 6 37
2142 6 15
2142 6 14
2142 1891 7
2142 1891 14
2142 1891 25
2142 1891 35
2142 122 19
2142 122 59
2142 122 42
2142 122 42
2142 131 37
2142 131 5
2142 131 44
2142 131 59
2142 1809 44
2142 1809 43
2142 1809 31
2142 1809 51
2142 0 18
2142 0 32
2142 0 30
2142 0 46
2142 1883 59
2142 1883 46
2142 1883 42
2142 1883 54
2142 1892 20
2142 1892 24
2142 1892 5
2142 1892 17
2142 123 58
2142 123 3
2142 123 11
2142 123 46
2142 1808 12
2142 1808 11
2142 1808 10
2142 1808 59
2142 1810 53
2142 1810 28
2142 1810 28
2142 1810 38
2142 1 53
2142 1 44
2142 1 60
2142 1 49
2142 2 15
2142 2 59
2142 2 14
2142 2 12
2142 1884 55
2142 1884 20
2142 1884 47
2142 1884 40
2142 1874 10
2142 1874 2
2142 1874 49
2142 1874 44
2142 1890 41
2142 1890 38
2142 1890 59
2142 1890 27
2142 124 1
2142 124 54
2142 124 59
2142 124 8
2142 1806 53
2142 1806 5
2142 1806 29
2142 1806 3
2144 1897 51
2144 1897 2
2144 1897 53
2144 1897 28
2144 1893 38
2144 1893 33
2144 1893 30
2144 1893 36
2144 1896 0
2144 1896 30
2144 1896 10
2144 1896 11
2144 1898 54
2144 1898 14
2144 1898 4
2144 1898 17
2144 1889 22
2144 1889 16
2144 1889 0
2144 1889 19
2144 1878 23
2144 1878 52
2144 1878 59
2144 1878 22
2144 1894 46
2144 1894 47
2144 1894 19
2144 1894 37
2144 121 43
2144 121 15
2144 121 21
2144 121 3
2144 130 37
2144 130 7
2144 130 10
2144 130 40
2144 1812 49
2144 1812 32
2144 1812 29
2144 1812 9
2144 1895 57
2144 1895 45
2144 1895 22
2144 1895 25
2144 120 9
2144 120 0
2144 120 38
2144 120 22
2144 129 39
2144 129 17
2144 129 28
2144 129 34
2144 1811 49
2144 1811 35
2144 1811 55
2144 1811 53
2144 6 22
2144 6 17
2144 6 45
2144 6 46
2144 1891 54
2144 1891 21
2144 1891 11
2144 1891 56
2144 122 8
2144 122 51
2144 122 41
2144 122 42
2144 131 1
2144 131 1
2144 131 45
2144 131 56
2144 1809 4
2144 1809 44
2144 1809 3
2144 1809 37
2144 0 59
2144 0 42
2144 0 12
2144 0 37
2144 1883 42
2144 1883 30
2144 1883 36
2144 1883 14
2144 1892 53
2144 1892 11
2144 1892 31
2144 1892 59
2144 123 20
2144 123 15
2144 123 43
2144 123 38
2144 1808 21
2144 1808 59
2144 1808 58
2144 1808 16
2144 1810 42
2144 1810 18
2144 1810 40
2144 1810 13
2144 1 51
2144 1 50
2144 1 57
2144 1 0
2144 2 7
2144 2 39
2144 2 33
2144 2 22
2144 1884 60
2144 1884 40
2144 1884 20
2144 1884 13
2144 1874 42
2144 1874 42
2144 1874 24
2144 1874 5
2144 1890 40
2144 1890 50
2144 1890 28
2144 1890 37
2144 124 60
2144 124 7
2144 124 38
2144 124 60
2144 1806 28
2144 1806 5
2144 1806 14
2144 1806 25
2151 1897 60
2151 1897 42
2151 1897 0
2151 1897 40
2151 1893 31
2151 1893 18
2151 1893 14
2151 1893 50
2151 1896 35
2151 1896 10
2151 1896 27
2151 1896 19
2151 1898 39
2151 1898 57
2151 1898 35
2151 1898 49
2151 1889 32
2151 1889 36
2151 1889 0
2151 1889 54
2151 1878 32
2151 1878 35
2151 1878 36
2151 1878 29
2151 1894 46
2151 1894 12
2151 1894 8
2151 1894 51
2151 121 11
2151 121 33
2151 121 29
2151 121 42
2151 130 26
2151 130 47
2151 130 21
2151 130 36
2151 1812 9
2151 1812 23
2151 1812 22
2151 1812 36
2151 1895 29
2151 1895 40
2151 1895 54
2151 1895 58
2151 120 55
2151 120 29
2151 120 11
2151 120 4
2151 129 19
2151 129 46
2151 129 37
2151 129 38
2151 1811 4
2151 1811 0
2151 1811 27
2151 1811 25
2151 6 33
2151 6 16
2151 6 44
2151 6 19
2151 1891 41
2151 1891 30
2151 1891 32
2151 1891 49
2151 122 13
2151 122 38
2151 122 48
2151 122 60
2151 131 1
2151 131 15
2151 131 41
2151 131 48
2151 1809 0
2151 1809 34
2151 1809 44
2151 1809 4
2151 0 27
2151 0 29
2151 0 25
2151 0 3
2151 1883 53
2151 1883 32
2151 1883 17
2151 1883 36
2151 1892 48
2151 1892 25
2151 1892 48
2151 1892 57
2151 123 40
2151 123 3
2151 123 37
2151 123 44
2151 1808 44
2151 1808 9
2151 1808 17
2151 1808 24
2151 1810 44
2151 1810 13
2151 1810 29
2151 1810 57
2151 1 33
2151 1 5
2151 1 39
2151 1 22
2151 2 54
2151 2 39
2151 2 41
2151 2 33
2151 1884 57
2151 1884 28
2151 1884 17
2151 1884 28
2151 1874 21
2151 1874 7
2151 1874 41
2151 1874 17
2151 1890 1
2151 1890 15
2151 1890 15
2151 1890 41
2151 124 23
2151 124 46
2151 124 22
2151 124 18
2151 1806 52
2151 1806 35
2151 1806 40
2151 1806 49
2152 1897 27
2152 1897 10
2152 1897 58
2152 1897 59
2152 1893 11
2152 1893 40
2152 1893 57
2152 1893 7
2152 1896 22
2152 1896 46
2152 1896 2
2152 1896 9
2152 1898 20
2152 1898 51
2152 1898 49
2152 1898 35
2152 1889 14
2152 1889 36
2152 1889 13
2152 1889 27
2152 1878 4
2152 1878 26
2152 1878 46
2152 1878 5
2152 1894 29
2152 1894 47
2152 1894 36
2152 1894 34
2152 121 31
2152 121 37
2152 121 44
2152 121 25
2152 130 23
2152 130 18
2152 130 26
2152 130 55
2152 1812 41
2152 1812 27
2152 1812 59
2152 1812 0
2152 1895 6
2152 1895 14
2152 1895 10
2152 1895 56
2152 120 51
2152 120 46
2152 120 14
2152 120 25
2152 129 19
2152 129 41
2152 129 39
2152 129 29
2152 1811 45
2152 1811 31
2152 1811 4
2152 1811 19
2152 6 42
2152 6 22
2152 6 42
2152 6 23
2152 1891 60
2152 1891 30
2152 1891 13
2152 1891 56
2152 122 6
2152 122 42
2152 122 31
2152 122 26
2152 131 25
2152 131 36
2152 131 42
2152 131 51
2152 1809 54
2152 1809 10
2152 1809 1
2152 1809 45
2152 0 23
2152 0 7
2152 0 10
2152 0 14
2152 1883 11
2152 1883 30
2152 1883 33
2152 1883 51
2152 1892 34
2152 1892 30
2152 1892 9
2152 1892 47
2152 123 25
2152 123 15
2152 123 27
2152 123 7
2152 1808 13
2152 1808 7
2152 1808 22
2152 1808 57
2152 1810 60
2152 1810 20
2152 1810 17
2152 1810 2
2152 1 54
2152 1 10
2152 1 51
2152 1 7
2152 2 38
2152 2 15
2152 2 16
2152 2 58
2152 1884 44
2152 1884 51
2152 1884 9
2152 1884 42
2152 1874 28
2152 1874 14
2152 1874 54
2152 1874 28
2152 1890 40
2152 1890 51
2152 1890 26
2152 1890 22
2152 124 59
2152 124 58
2152 124 46
2152 124 53
2152 1806 57
2152 1806 34
2152 1806 50
2152 1806 34
2159 1897 41
2159 1897 48
2159 1897 44
2159 1897 24
2159 1893 51
2159 1893 19
2159 1893 5
2159 1893 23
2159 1896 4
2159 1896 60
2159 1896 36
2159 1896 35
2159 1898 0
2159 1898 57
2159 1898 5
2159 1898 5
2159 1889 43
2159 1889 40
2159 1889 41
2159 1889 13
2159 1878 7
2159 1878 48
2159 1878 9
2159 1878 50
2159 1894 7
2159 1894 32
2159 1894 34
2159 1894 3
2159 121 39
2159 121 27
2159 121 23
2159 121 17
2159 130 1
2159 130 22
2159 130 14
2159 130 2
2159 1812 28
2159 1812 56
2159 1812 38
2159 1812 15
2159 1895 0
2159 1895 24
2159 1895 34
2159 1895 11
2159 120 5
2159 120 36
2159 120 34
2159 120 23
2159 129 40
2159 129 28
2159 129 29
2159 129 2
2159 1811 31
2159 1811 32
2159 1811 54
2159 1811 53
2159 6 11
2159 6 43
2159 6 3
2159 6 52
2159 1891 0
2159 1891 33
2159 1891 14
2159 1891 59
2159 122 59
2159 122 14
2159 122 1
2159 122 38
2159 131 28
2159 131 48
2159 131 58
2159 131 52
2159 1809 57
2159 1809 29
2159 1809 54
2159 1809 0
2159 0 29
2159 0 47
2159 0 17
2159 0 52
2159 1883 38
2159 1883 28
2159 1883 1
2159 1883 58
2159 1892 17
2159 1892 12
2159 1892 41
2159 1892 50
2159 123 60
2159 123 12
2159 123 21
2159 123 32
2159 1808 15
2159 1808 8
2159 1808 59
2159 1808 53
2159 1810 2
2159 1810 60
2159 1810 59
2159 1810 29
2159 1 58
2159 1 0
2159 1 8
2159 1 39
2159 2 32
2159 2 20
2159 2 30
2159 2 48
2159 1884 54
2159 1884 18
2159 1884 5
2159 1884 11
2159 1874 40
2159 1874 57
2159 1874 59
2159 1874 55
2159 1890 11
2159 1890 51
2159 1890 28
2159 1890 29
2159 124 11
2159 124 15
2159 124 2
2159 124 27
2159 1806 0
2159 1806 32
2159 1806 26
2159 1806 49
2202 1897 33
2202 1897 35
2202 1897 12
2202 1897 38
2202 1893 6
2202 1893 9
2202 1893 38
2202 1893 54
2202 1896 57
2202 1896 54
2202 1896 60
2202 1896 16
2202 1898 53
2202 1898 56
2202 1898 14
2202 1898 33
2202 1889 38
2202 1889 42
2202 1889 58
2202 1889 1
2202 1878 33
2202 1878 21
2202 1878 1
2202 1878 19
2202 1894 8
2202 1894 42
2202 1894 51
2202 1894 2
2202 121 39
2202 121 2
2202 121 57
2202 121 2
2202 130 36
2202 130 11
2202 130 16
2202 130 33
2202 1812 1
2202 1812 50
2202 1812 2
2202 1812 11
2202 1895 26
2202 1895 10
2202 1895 58
2202 1895 40
2202 120 23
2202 120 11
2202 120 13
2202 120 31
2202 129 34
2202 129 2
2202 129 51
2202 129 32
2202 1811 22
2202 1811 3
2202 1811 60
2202 1811 54
2202 6 46
2202 6 33
2202 6 7
2202 6 30
2202 1891 56
2202 1891 26
2202 1891 35
2202 1891 11
2202 122 41
2202 122 7
2202 122 31
2202 122 31
2202 131 18
2202 131 32
2202 131 55
2202 131 2
2202 1809 29
2202 1809 30
2202 1809 54
2202 1809 60
2202 0 57
2202 0 21
2202 0 5
2202 0 30
2202 1883 20
2202 1883 14
2202 1883 6
2202 1883 47
2202 1892 0
2202 1892 4
2202 1892 12
2202 1892 16
2202 123 2
2202 123 36
2202 123 51
2202 123 2
2202 1808 43
2202 1808 8
2202 1808 60
2202 1808 28
2202 1810 6
2202 1810 45
2202 1810 8
2202 1810 57
2202 1 59
2202 1 7
2202 1 34
2202 1 12
2202 2 12
2202 2 6
2202 2 46
2202 2 12
2202 1884 26
2202 1884 8
2202 1884 47
2202 1884 58
2202 1874 22
2202 1874 19
2202 1874 49
2202 1874 32
2202 1890 29
2202 1890 56
2202 1890 14
2202 1890 47
2202 124 35
2202 124 33
2202 124 58
2202 124 19
2202 1806 14
2202 1806 50
2202 1806 45
2202 1806 24
954 1897 38
954 1897 44
954 1897 50
954 1897 51
954 1893 19
954 1893 53
954 1893 39
954 1893 60
954 1896 44
954 1896 14
954 1896 50
954 1896 17
954 1898 23
954 1898 49
954 1898 29
954 1898 11
954 1889 49
954 1889 50
954 1889 31
954 1889 55
954 1878 56
954 1878 2
954 1878 34
954 1878 28
954 1894 44
954 1894 24
954 1894 22
954 1894 26
954 121 1
954 121 22
954 121 44
954 121 31
954 130 47
954 130 42
954 130 19
954 130 14
954 1812 36
954 1812 3
954 1812 15
954 1812 17
954 1895 27
954 1895 5
954 1895 0
954 1895 8
954 120 29
954 120 42
954 120 41
954 120 51
954 129 47
954 129 17
954 129 25
954 129 22
954 1811 60
954 1811 52
954 1811 51
954 1811 28
954 6 54
954 6 46
954 6 6
954 6 23
954 1891 35
954 1891 57
954 1891 44
954 1891 43
954 122 29
954 122 55
954 122 51
954 122 60
954 131 60
954 131 56
954 131 48
954 131 24
954 1809 49
954 1809 44
954 1809 24
954 1809 10
954 0 33
954 0 32
954 0 28
954 0 15
954 1883 30
954 1883 29
954 1883 22
954 1883 58
954 1892 3
954 1892 3
954 1892 7
954 1892 39
954 123 50
954 123 12
954 123 58
954 123 41
954 1808 59
954 1808 35
954 1808 29
954 1808 31
954 1810 40
954 1810 44
954 1810 13
954 1810 55
954 1 22
954 1 1
954 1 15
954 1 50
954 2 23
954 2 23
954 2 45
954 2 42
954 1884 30
954 1884 56
954 1884 8
954 1884 16
954 1874 38
954 1874 11
954 1874 20
954 1874 7
954 1890 1
954 1890 27
954 1890 39
954 1890 23
954 124 56
954 124 53
954 124 47
954 124 43
954 1806 34
954 1806 17
954 1806 13
954 1806 50
2200 1897 0
2200 1897 16
2200 1897 1
2200 1897 20
2200 1893 16
2200 1893 19
2200 1893 37
2200 1893 45
2200 1896 4
2200 1896 43
2200 1896 16
2200 1896 28
2200 1898 27
2200 1898 24
2200 1898 15
2200 1898 41
2200 1889 34
2200 1889 16
2200 1889 55
2200 1889 49
2200 1878 41
2200 1878 3
2200 1878 25
2200 1878 55
2200 1894 2
2200 1894 40
2200 1894 55
2200 1894 45
2200 121 57
2200 121 53
2200 121 52
2200 121 23
2200 130 24
2200 130 2
2200 130 31
2200 130 24
2200 1812 0
2200 1812 17
2200 1812 59
2200 1812 34
2200 1895 52
2200 1895 25
2200 1895 39
2200 1895 38
2200 120 47
2200 120 49
2200 120 33
2200 120 41
2200 129 26
2200 129 53
2200 129 31
2200 129 24
2200 1811 20
2200 1811 31
2200 1811 26
2200 1811 6
2200 6 37
2200 6 38
2200 6 50
2200 6 55
2200 1891 24
2200 1891 55
2200 1891 39
2200 1891 47
2200 122 57
2200 122 11
2200 122 35
2200 122 12
2200 131 4
2200 131 35
2200 131 34
2200 131 18
2200 1809 44
2200 1809 45
2200 1809 58
2200 1809 56
2200 0 32
2200 0 21
2200 0 54
2200 0 42
2200 1883 58
2200 1883 10
2200 1883 35
2200 1883 31
2200 1892 3
2200 1892 40
2200 1892 37
2200 1892 23
2200 123 41
2200 123 11
2200 123 6
2200 123 54
2200 1808 11
2200 1808 2
2200 1808 31
2200 1808 57
2200 1810 58
2200 1810 44
2200 1810 18
2200 1810 38
2200 1 17
2200 1 48
2200 1 1
2200 1 14
2200 2 49
2200 2 30
2200 2 22
2200 2 50
2200 1884 56
2200 1884 43
2200 1884 11
2200 1884 32
2200 1874 60
2200 1874 21
2200 1874 18
2200 1874 34
2200 1890 4
2200 1890 7
2200 1890 9
2200 1890 49
2200 124 20
2200 124 32
2200 124 13
2200 124 57
2200 1806 39
2200 1806 59
2200 1806 24
2200 1806 11
2138 1897 31
2138 1897 6
2138 1897 25
2138 1897 28
2138 1893 50
2138 1893 57
2138 1893 46
2138 1893 0
2138 1896 59
2138 1896 39
2138 1896 41
2138 1896 12
2138 1898 31
2138 1898 17
2138 1898 20
2138 1898 22
2138 1889 0
2138 1889 22
2138 1889 43
2138 1889 16
2138 1878 56
2138 1878 15
2138 1878 37
2138 1878 32
2138 1894 4
2138 1894 39
2138 1894 24
2138 1894 55
2138 121 11
2138 121 39
2138 121 42
2138 121 33
2138 130 26
2138 130 51
2138 130 53
2138 130 41
2138 1812 30
2138 1812 11
2138 1812 6
2138 1812 13
2138 1895 47
2138 1895 60
2138 1895 33
2138 1895 43
2138 120 25
2138 120 29
2138 120 47
2138 120 2
2138 129 54
2138 129 53
2138 129 40
2138 129 38
2138 1811 42
2138 1811 13
2138 1811 27
2138 1811 24
2138 6 12
2138 6 45
2138 6 16
2138 6 23
2138 1891 7
2138 1891 24
2138 1891 2
2138 1891 49
2138 122 10
2138 122 42
2138 122 53
2138 122 18
2138 131 22
2138 131 51
2138 131 25
2138 131 5
2138 1809 31
2138 1809 46
2138 1809 50
2138 1809 8
2138 0 6
2138 0 9
2138 0 52
2138 0 23
2138 1883 43
2138 1883 33
2138 1883 53
2138 1883 40
2138 1892 26
2138 1892 7
2138 1892 24
2138 1892 2
2138 123 33
2138 123 34
2138 123 28
2138 123 4
2138 1808 40
2138 1808 10
2138 1808 8
2138 1808 38
2138 1810 49
2138 1810 35
2138 1810 60
2138 1810 35
2138 1 22
2138 1 0
2138 1 8
2138 1 4
2138 2 12
2138 2 42
2138 2 35
2138 2 32
2138 1884 53
2138 1884 27
2138 1884 49
2138 1884 18
2138 1874 3
2138 1874 41
2138 1874 12
2138 1874 58
2138 1890 26
2138 1890 9
2138 1890 15
2138 1890 56
2138 124 52
2138 124 10
2138 124 4
2138 124 53
2138 1806 39
2138 1806 32
2138 1806 57
2138 1806 7
2197 1897 26
2197 1897 26
2197 1897 6
2197 1897 28
2197 1893 57
2197 1893 13
2197 1893 58
2197 1893 43
2197 1896 7
2197 1896 30
2197 1896 6
2197 1896 56
2197 1898 56
2197 1898 30
2197 1898 15
2197 1898 60
2197 1889 44
2197 1889 30
2197 1889 5
2197 1889 24
2197 1878 6
2197 1878 7
2197 1878 9
2197 1878 60
2197 1894 46
2197 1894 25
2197 1894 40
2197 1894 10
2197 121 27
2197 121 42
2197 121 29
2197 121 47
2197 130 50
2197 130 40
2197 130 12
2197 130 56
2197 1812 3
2197 1812 12
2197 1812 38
2197 1812 52
2197 1895 46
2197 1895 6
2197 1895 22
2197 1895 53
2197 120 24
2197 120 18
2197 120 9
2197 120 12
2197 129 50
2197 129 23
2197 129 60
2197 129 57
2197 1811 21
2197 1811 33
2197 1811 13
2197 1811 47
2197 6 10
2197 6 1
2197 6 22
2197 6 45
2197 1891 44
2197 1891 59
2197 1891 13
2197 1891 18
2197 122 32
2197 122 27
2197 122 37
2197 122 6
2197 131 54
2197 131 37
2197 131 10
2197 131 58
2197 1809 49
2197 1809 31
2197 1809 17
2197 1809 3
2197 0 17
2197 0 31
2197 0 51
2197 0 26
2197 1883 54
2197 1883 60
2197 1883 55
2197 1883 60
2197 1892 54
2197 1892 52
2197 1892 27
2197 1892 3
2197 123 18
2197 123 52
2197 123 60
2197 123 31
2197 1808 59
2197 1808 28
2197 1808 20
2197 1808 0
2197 1810 37
2197 1810 17
2197 1810 1
2197 1810 38
2197 1 2
2197 1 50
2197 1 31
2197 1 36
2197 2 9
2197 2 44
2197 2 5
2197 2 57
2197 1884 31
2197 1884 26
2197 1884 34
2197 1884 36
2197 1874 43
2197 1874 55
2197 1874 46
2197 1874 34
2197 1890 3
2197 1890 42
2197 1890 54
2197 1890 47
2197 124 18
2197 124 5
2197 124 44
2197 124 24
2197 1806 13
2197 1806 52
2197 1806 17
2197 1806 43
2125 1897 58
2125 1897 4
2125 1897 52
2125 1897 30
2125 1893 7
2125 1893 32
2125 1893 23
2125 1893 40
2125 1896 26
2125 1896 14
2125 1896 57
2125 1896 28
2125 1898 52
2125 1898 15
2125 1898 4
2125 1898 23
2125 1889 21
2125 1889 14
2125 1889 22
2125 1889 18
2125 1878 36
2125 1878 44
2125 1878 60
2125 1878 35
2125 1894 51
2125 1894 54
2125 1894 40
2125 1894 11
2125 121 45
2125 121 6
2125 121 1
2125 121 3
2125 130 34
2125 130 14
2125 130 42
2125 130 10
2125 1812 6
2125 1812 16
2125 1812 22
2125 1812 40
2125 1895 60
2125 1895 58
2125 1895 33
2125 1895 7
2125 120 25
2125 120 30
2125 120 2
2125 120 37
2125 129 4
2125 129 31
2125 129 34
2125 129 55
2125 1811 26
2125 1811 51
2125 1811 32
2125 1811 41
2125 6 21
2125 6 40
2125 6 30
2125 6 37
2125 1891 0
2125 1891 19
2125 1891 55
2125 1891 25
2125 122 27
2125 122 19
2125 122 22
2125 122 57
2125 131 54
2125 131 58
2125 131 25
2125 131 43
2125 1809 25
2125 1809 29
2125 1809 45
2125 1809 59
2125 0 47
2125 0 51
2125 0 43
2125 0 27
2125 1883 23
2125 1883 57
2125 1883 24
2125 1883 36
2125 1892 41
2125 1892 17
2125 1892 47
2125 1892 40
2125 123 44
2125 123 42
2125 123 34
2125 123 16
2125 1808 24
2125 1808 13
2125 1808 7
2125 1808 25
2125 1810 8
2125 1810 15
2125 1810 15
2125 1810 13
2125 1 55
2125 1 24
2125 1 11
2125 1 52
2125 2 16
2125 2 54
2125 2 35
2125 2 54
2125 1884 56
2125 1884 37
2125 1884 51
2125 1884 19
2125 1874 32
2125 1874 33
2125 1874 14
2125 1874 33
2125 1890 13
2125 1890 29
2125 1890 13
2125 1890 32
2125 124 31
2125 124 38
2125 124 4
2125 124 45
2125 1806 55
2125 1806 14
2125 1806 41
2125 1806 60
2137 1897 15
2137 1897 19
2137 1897 32
2137 1897 22
2137 1893 6
2137 1893 47
2137 1893 5
2137 1893 4
2137 1896 40
2137 1896 43
2137 1896 28
2137 1896 11
2137 1898 40
2137 1898 59
2137 1898 23
2137 1898 23
2137 1889 20
2137 1889 42
2137 1889 50
2137 1889 35
2137 1878 36
2137 1878 2
2137 1878 45
2137 1878 55
2137 1894 17
2137 1894 17
2137 1894 33
2137 1894 40
2137 121 10
2137 121 41
2137 121 18
2137 121 60
2137 130 43
2137 130 20
2137 130 50
2137 130 1
2137 1812 35
2137 1812 44
2137 1812 13
2137 1812 54
2137 1895 60
2137 1895 53
2137 1895 57
2137 1895 21
2137 120 18
2137 120 48
2137 120 6
2137 120 39
2137 129 18
2137 129 41
2137 129 46
2137 129 42
2137 1811 6
2137 1811 28
2137 1811 39
2137 1811 34
2137 6 24
2137 6 35
2137 6 50
2137 6 15
2137 1891 14
2137 1891 37
2137 1891 5
2137 1891 40
2137 122 36
2137 122 56
2137 122 29
2137 122 15
2137 131 24
2137 131 47
2137 131 21
2137 131 16
2137 1809 58
2137 1809 57
2137 1809 40
2137 1809 49
2137 0 18
2137 0 26
2137 0 54
2137 0 48
2137 1883 52
2137 1883 30
2137 1883 34
2137 1883 0
2137 1892 25
2137 1892 45
2137 1892 40
2137 1892 43
2137 123 22
2137 123 27
2137 123 58
2137 123 16
2137 1808 27
2137 1808 30
2137 1808 42
2137 1808 0
2137 1810 6
2137 1810 3
2137 1810 51
2137 1810 15
2137 1 14
2137 1 54
2137 1 9
2137 1 41
2137 2 31
2137 2 32
2137 2 46
2137 2 31
2137 1884 53
2137 1884 54
2137 1884 20
2137 1884 45
2137 1874 11
2137 1874 55
2137 1874 25
2137 1874 30
2137 1890 38
2137 1890 18
2137 1890 24
2137 1890 57
2137 124 27
2137 124 41
2137 124 15
2137 124 52
2137 1806 5
2137 1806 42
2137 1806 59
2137 1806 23
2141 1897 34
2141 1897 0
2141 1897 53
2141 1897 1
2141 1893 7
2141 1893 22
2141 1893 54
2141 1893 52
2141 1896 58
2141 1896 18
2141 1896 45
2141 1896 53
2141 1898 43
2141 1898 26
2141 1898 50
2141 1898 52
2141 1889 36
2141 1889 8
2141 1889 10
2141 1889 33
2141 1878 60
2141 1878 48
2141 1878 16
2141 1878 2
2141 1894 21
2141 1894 52
2141 1894 11
2141 1894 36
2141 121 58
2141 121 41
2141 121 32
2141 121 6
2141 130 32
2141 130 14
2141 130 30
2141 130 41
2141 1812 50
2141 1812 42
2141 1812 35
2141 1812 55
2141 1895 54
2141 1895 34
2141 1895 14
2141 1895 39
2141 120 0
2141 120 8
2141 120 37
2141 120 27
2141 129 16
2141 129 23
2141 129 36
2141 129 16
2141 1811 41
2141 1811 17
2141 1811 40
2141 1811 57
2141 6 12
2141 6 42
2141 6 9
2141 6 42
2141 1891 60
2141 1891 26
2141 1891 13
2141 1891 0
2141 122 34
2141 122 56
2141 122 14
2141 122 34
2141 131 15
2141 131 29
2141 131 10
2141 131 20
2141 1809 3
2141 1809 56
2141 1809 33
2141 1809 34
2141 0 13
2141 0 60
2141 0 52
2141 0 36
2141 1883 57
2141 1883 9
2141 1883 26
2141 1883 56
2141 1892 34
2141 1892 56
2141 1892 28
2141 1892 33
2141 123 33
2141 123 36
2141 123 59
2141 123 22
2141 1808 39
2141 1808 20
2141 1808 10
2141 1808 5
2141 1810 0
2141 1810 57
2141 1810 31
2141 1810 10
2141 1 20
2141 1 21
2141 1 57
2141 1 3
2141 2 1
2141 2 14
2141 2 28
2141 2 4
2141 1884 22
2141 1884 1
2141 1884 35
2141 1884 53
2141 1874 49
2141 1874 10
2141 1874 35
2141 1874 16
2141 1890 18
2141 1890 19
2141 1890 49
2141 1890 1
2141 124 24
2141 124 8
2141 124 44
2141 124 35
2141 1806 13
2141 1806 4
2141 1806 47
2141 1806 53
2150 1897 29
2150 1897 14
2150 1897 34
2150 1897 50
2150 1893 54
2150 1893 48
2150 1893 44
2150 1893 35
2150 1896 17
2150 1896 24
2150 1896 34
2150 1896 58
2150 1898 26
2150 1898 58
2150 1898 3
2150 1898 5
2150 1889 1
2150 1889 43
2150 1889 16
2150 1889 10
2150 1878 6
2150 1878 59
2150 1878 34
2150 1878 10
2150 1894 33
2150 1894 26
2150 1894 4
2150 1894 58
2150 121 5
2150 121 12
2150 121 46
2150 121 49
2150 130 11
2150 130 22
2150 130 37
2150 130 23
2150 1812 2
2150 1812 41
2150 1812 10
2150 1812 39
2150 1895 30
2150 1895 2
2150 1895 29
2150 1895 17
2150 120 55
2150 120 25
2150 120 22
2150 120 38
2150 129 58
2150 129 35
2150 129 8
2150 129 34
2150 1811 58
2150 1811 29
2150 1811 58
2150 1811 43
2150 6 4
2150 6 29
2150 6 19
2150 6 51
2150 1891 4
2150 1891 29
2150 1891 6
2150 1891 7
2150 122 15
2150 122 37
2150 122 36
2150 122 10
2150 131 42
2150 131 34
2150 131 24
2150 131 7
2150 1809 44
2150 1809 32
2150 1809 57
2150 1809 7
2150 0 50
2150 0 47
2150 0 22
2150 0 9
2150 1883 11
2150 1883 38
2150 1883 52
2150 1883 9
2150 1892 6
2150 1892 41
2150 1892 18
2150 1892 9
2150 123 34
2150 123 45
2150 123 9
2150 123 49
2150 1808 55
2150 1808 10
2150 1808 55
2150 1808 57
2150 1810 26
2150 1810 0
2150 1810 19
2150 1810 39
2150 1 33
2150 1 60
2150 1 46
2150 1 4
2150 2 12
2150 2 4
2150 2 10
2150 2 37
2150 1884 38
2150 1884 11
2150 1884 56
2150 1884 56
2150 1874 12
2150 1874 38
2150 1874 43
2150 1874 37
2150 1890 9
2150 1890 55
2150 1890 42
2150 1890 7
2150 124 37
2150 124 27
2150 124 32
2150 124 26
2150 1806 18
2150 1806 8
2150 1806 36
2150 1806 5
2158 1897 26
2158 1897 56
2158 1897 46
2158 1897 13
2158 1893 19
2158 1893 24
2158 1893 12
2158 1893 15
2158 1896 58
2158 1896 47
2158 1896 45
2158 1896 11
2158 1898 22
2158 1898 45
2158 1898 9
2158 1898 58
2158 1889 36
2158 1889 10
2158 1889 31
2158 1889 53
2158 1878 4
2158 1878 30
2158 1878 21
2158 1878 35
2158 1894 3
2158 1894 39
2158 1894 27
2158 1894 19
2158 121 35
2158 121 32
2158 121 11
2158 121 41
2158 130 40
2158 130 21
2158 130 11
2158 130 30
2158 1812 28
2158 1812 58
2158 1812 17
2158 1812 20
2158 1895 5
2158 1895 31
2158 1895 33
2158 1895 46
2158 120 39
2158 120 57
2158 120 14
2158 120 54
2158 129 6
2158 129 47
2158 129 7
2158 129 54
2158 1811 28
2158 1811 57
2158 1811 51
2158 1811 36
2158 6 25
2158 6 9
2158 6 59
2158 6 59
2158 1891 43
2158 1891 35
2158 1891 41
2158 1891 39
2158 122 57
2158 122 5
2158 122 44
2158 122 40
2158 131 4
2158 131 60
2158 131 37
2158 131 12
2158 1809 0
2158 1809 52
2158 1809 39
2158 1809 23
2158 0 9
2158 0 34
2158 0 51
2158 0 5
2158 1883 58
2158 1883 12
2158 1883 42
2158 1883 37
2158 1892 26
2158 1892 56
2158 1892 22
2158 1892 52
2158 123 10
2158 123 20
2158 123 31
2158 123 17
2158 1808 42
2158 1808 2
2158 1808 10
2158 1808 14
2158 1810 20
2158 1810 23
2158 1810 36
2158 1810 19
2158 1 48
2158 1 49
2158 1 16
2158 1 19
2158 2 60
2158 2 54
2158 2 43
2158 2 31
2158 1884 54
2158 1884 16
2158 1884 7
2158 1884 32
2158 1874 16
2158 1874 22
2158 1874 42
2158 1874 33
2158 1890 45
2158 1890 54
2158 1890 1
2158 1890 26
2158 124 28
2158 124 37
2158 124 32
2158 124 21
2158 1806 2
2158 1806 2
2158 1806 56
2158 1806 25
2160 1897 22
2160 1897 58
2160 1897 52
2160 1897 55
2160 1893 33
2160 1893 43
2160 1893 20
2160 1893 31
2160 1896 27
2160 1896 17
2160 1896 50
2160 1896 12
2160 1898 10
2160 1898 5
2160 1898 0
2160 1898 14
2160 1889 36
2160 1889 23
2160 1889 43
2160 1889 52
2160 1878 38
2160 1878 23
2160 1878 35
2160 1878 16
2160 1894 30
2160 1894 59
2160 1894 3
2160 1894 13
2160 121 47
2160 121 14
2160 121 7
2160 121 3
2160 130 10
2160 130 56
2160 130 28
2160 130 54
2160 1812 37
2160 1812 25
2160 1812 15
2160 1812 47
2160 1895 47
2160 1895 60
2160 1895 30
2160 1895 49
2160 120 3
2160 120 19
2160 120 46
2160 120 21
2160 129 9
2160 129 20
2160 129 47
2160 129 41
2160 1811 37
2160 1811 50
2160 1811 54
2160 1811 53
2160 6 57
2160 6 3
2160 6 18
2160 6 41
2160 1891 32
2160 1891 9
2160 1891 33
2160 1891 51
2160 122 19
2160 122 37
2160 122 8
2160 122 36
2160 131 42
2160 131 16
2160 131 31
2160 131 31
2160 1809 40
2160 1809 21
2160 1809 57
2160 1809 36
2160 0 17
2160 0 32
2160 0 43
2160 0 35
2160 1883 27
2160 1883 30
2160 1883 60
2160 1883 59
2160 1892 19
2160 1892 38
2160 1892 50
2160 1892 39
2160 123 1
2160 123 21
2160 123 55
2160 123 13
2160 1808 48
2160 1808 48
2160 1808 30
2160 1808 46
2160 1810 56
2160 1810 46
2160 1810 50
2160 1810 34
2160 1 39
2160 1 8
2160 1 10
2160 1 35
2160 2 15
2160 2 19
2160 2 45
2160 2 15
2160 1884 1
2160 1884 27
2160 1884 25
2160 1884 24
2160 1874 39
2160 1874 56
2160 1874 47
2160 1874 0
2160 1890 37
2160 1890 17
2160 1890 15
2160 1890 6
2160 124 46
2160 124 56
2160 124 23
2160 124 47
2160 1806 35
2160 1806 40
2160 1806 22
2160 1806 27
963 1897 23
963 1897 59
963 1897 6
963 1897 40
963 1893 16
963 1893 48
963 1893 21
963 1893 33
963 1896 16
963 1896 2
963 1896 14
963 1896 40
963 1898 30
963 1898 10
963 1898 46
963 1898 32
963 1889 27
963 1889 49
963 1889 14
963 1889 31
963 1878 3
963 1878 25
963 1878 7
963 1878 47
963 1894 24
963 1894 56
963 1894 3
963 1894 24
963 121 31
963 121 58
963 121 50
963 121 6
963 130 28
963 130 27
963 130 18
963 130 19
963 1812 13
963 1812 31
963 1812 32
963 1812 6
963 1895 9
963 1895 14
963 1895 11
963 1895 41
963 120 40
963 120 18
963 120 45
963 120 59
963 129 26
963 129 40
963 129 52
963 129 1
963 1811 20
963 1811 54
963 1811 49
963 1811 42
963 6 60
963 6 32
963 6 58
963 6 35
963 1891 3
963 1891 29
963 1891 1
963 1891 18
963 122 3
963 122 45
963 122 6
963 122 2
963 131 37
963 131 44
963 131 3
963 131 59
963 1809 32
963 1809 22
963 1809 0
963 1809 33
963 0 34
963 0 21
963 0 27
963 0 12
963 1883 59
963 1883 43
963 1883 3
963 1883 41
963 1892 45
963 1892 27
963 1892 18
963 1892 19
963 123 50
963 123 30
963 123 9
963 123 42
963 1808 51
963 1808 35
963 1808 50
963 1808 10
963 1810 52
963 1810 38
963 1810 26
963 1810 48
963 1 11
963 1 18
963 1 10
963 1 47
963 2 26
963 2 15
963 2 43
963 2 37
963 1884 41
963 1884 51
963 1884 45
963 1884 44
963 1874 37
963 1874 5
963 1874 11
963 1874 42
963 1890 1
963 1890 34
963 1890 45
963 1890 32
963 124 39
963 124 47
963 124 32
963 124 58
963 1806 12
963 1806 19
963 1806 4
963 1806 30
