5311 6348 9
5311 6347 7
5311 6350 49
5311 6365 39
5311 6384 43
5311 6349 42
5311 6378 15
5311 6383 34
5311 6361 16
5311 6366 58
5311 6367 46
5311 6524 6
5311 6530 48
5311 6363 13
5311 6379 24
5311 6352 8
5311 6381 27
5311 6529 29
5311 6359 4
5311 6362 39
5311 6368 25
5311 6369 45
5311 6522 14
5311 6538 52
5311 6561 23
5311 6364 32
5311 6375 40
5311 6351 17
5311 6354 14
5311 6380 51
5311 6531 27
5311 6563 32
5312 6348 11
5312 6347 25
5312 6350 35
5312 6365 48
5312 6384 36
5312 6349 54
5312 6378 10
5312 6383 31
5312 6361 9
5312 6366 13
5312 6367 1
5312 6524 5
5312 6530 38
5312 6363 43
5312 6379 41
5312 6352 17
5312 6381 22
5312 6529 48
5312 6359 53
5312 6362 46
5312 6368 38
5312 6369 56
5312 6522 37
5312 6538 35
5312 6561 29
5312 6364 15
5312 6375 23
5312 6351 2
5312 6354 29
5312 6380 17
5312 6531 28
5312 6563 33
5296 6348 43
5296 6347 27
5296 6350 17
5296 6365 30
5296 6384 27
5296 6349 24
5296 6378 44
5296 6383 20
5296 6361 36
5296 6366 48
5296 6367 5
5296 6524 24
5296 6530 43
5296 6363 19
5296 6379 31
5296 6352 55
5296 6381 42
5296 6529 21
5296 6359 8
5296 6362 9
5296 6368 59
5296 6369 2
5296 6522 36
5296 6538 42
5296 6561 31
5296 6364 28
5296 6375 13
5296 6351 32
5296 6354 43
5296 6380 21
5296 6531 44
5296 6563 55
5313 6348 42
5313 6347 40
5313 6350 14
5313 6365 12
5313 6384 24
5313 6349 23
5313 6378 46
5313 6383 0
5313 6361 34
5313 6366 13
5313 6367 53
5313 6524 25
5313 6530 9
5313 6363 18
5313 6379 28
5313 6352 48
5313 6381 45
5313 6529 6
5313 6359 52
5313 6362 31
5313 6368 47
5313 6369 30
5313 6522 28
5313 6538 49
5313 6561 53
5313 6364 14
5313 6375 5
5313 6351 33
5313 6354 32
5313 6380 8
5313 6531 11
5313 6563 22
5463 6348 42
5463 6347 60
5463 6350 42
5463 6365 28
5463 6384 46
5463 6349 34
5463 6378 47
5463 6383 37
5463 6361 30
5463 6366 23
5463 6367 38
5463 6524 42
5463 6530 3
5463 6363 35
5463 6379 31
5463 6352 14
5463 6381 9
5463 6529 23
5463 6359 16
5463 6362 48
5463 6368 54
5463 6369 58
5463 6522 10
5463 6538 7
5463 6561 6
5463 6364 38
5463 6375 44
5463 6351 17
5463 6354 1
5463 6380 24
5463 6531 32
5463 6563 6
5297 6348 29
5297 6347 26
5297 6350 12
5297 6365 47
5297 6384 4
5297 6349 40
5297 6378 21
5297 6383 16
5297 6361 10
5297 6366 9
5297 6367 36
5297 6524 51
5297 6530 1
5297 6363 29
5297 6379 53
5297 6352 32
5297 6381 60
5297 6529 48
5297 6359 20
5297 6362 16
5297 6368 19
5297 6369 41
5297 6522 37
5297 6538 44
5297 6561 31
5297 6364 27
5297 6375 20
5297 6351 59
5297 6354 41
5297 6380 37
5297 6531 28
5297 6563 8
5314 6348 33
5314 6347 43
5314 6350 8
5314 6365 41
5314 6384 9
5314 6349 37
5314 6378 15
5314 6383 29
5314 6361 4
5314 6366 12
5314 6367 60
5314 6524 49
5314 6530 12
5314 6363 32
5314 6379 52
5314 6352 23
5314 6381 40
5314 6529 37
5314 6359 46
5314 6362 19
5314 6368 40
5314 6369 51
5314 6522 24
5314 6538 6
5314 6561 48
5314 6364 54
5314 6375 31
5314 6351 22
5314 6354 52
5314 6380 24
5314 6531 11
5314 6563 54
5452 6348 24
5452 6347 44
5452 6350 59
5452 6365 25
5452 6384 56
5452 6349 47
5452 6378 11
5452 6383 6
5452 6361 22
5452 6366 32
5452 6367 46
5452 6524 31
5452 6530 17
5452 6363 36
5452 6379 43
5452 6352 4
5452 6381 36
5452 6529 25
5452 6359 50
5452 6362 27
5452 6368 26
5452 6369 43
5452 6522 21
5452 6538 21
5452 6561 57
5452 6364 59
5452 6375 45
5452 6351 19
5452 6354 60
5452 6380 42
5452 6531 22
5452 6563 7
5298 6348 16
5298 6347 11
5298 6350 5
5298 6365 23
5298 6384 47
5298 6349 28
5298 6378 27
5298 6383 13
5298 6361 26
5298 6366 17
5298 6367 24
5298 6524 54
5298 6530 50
5298 6363 42
5298 6379 21
5298 6352 19
5298 6381 54
5298 6529 44
5298 6359 20
5298 6362 23
5298 6368 26
5298 6369 40
5298 6522 33
5298 6538 33
5298 6561 23
5298 6364 30
5298 6375 42
5298 6351 2
5298 6354 54
5298 6380 25
5298 6531 30
5298 6563 28
5299 6348 57
5299 6347 59
5299 6350 3
5299 6365 45
5299 6384 11
5299 6349 29
5299 6378 60
5299 6383 22
5299 6361 5
5299 6366 25
5299 6367 28
5299 6524 34
5299 6530 33
5299 6363 13
5299 6379 24
5299 6352 45
5299 6381 54
5299 6529 55
5299 6359 32
5299 6362 12
5299 6368 20
5299 6369 35
5299 6522 11
5299 6538 41
5299 6561 3
5299 6364 36
5299 6375 7
5299 6351 40
5299 6354 25
5299 6380 17
5299 6531 25
5299 6563 15
5334 6348 9
5334 6347 19
5334 6350 39
5334 6365 33
5334 6384 39
5334 6349 31
5334 6378 4
5334 6383 5
5334 6361 21
5334 6366 29
5334 6367 9
5334 6524 12
5334 6530 20
5334 6363 24
5334 6379 26
5334 6352 37
5334 6381 38
5334 6529 41
5334 6359 41
5334 6362 20
5334 6368 22
5334 6369 6
5334 6522 60
5334 6538 20
5334 6561 35
5334 6364 5
5334 6375 27
5334 6351 7
5334 6354 54
5334 6380 1
5334 6531 35
5334 6563 9
5460 6348 55
5460 6347 16
5460 6350 9
5460 6365 29
5460 6384 53
5460 6349 31
5460 6378 4
5460 6383 41
5460 6361 49
5460 6366 43
5460 6367 27
5460 6524 42
5460 6530 14
5460 6363 12
5460 6379 4
5460 6352 38
5460 6381 46
5460 6529 5
5460 6359 45
5460 6362 9
5460 6368 47
5460 6369 24
5460 6522 24
5460 6538 22
5460 6561 60
5460 6364 52
5460 6375 32
5460 6351 15
5460 6354 51
5460 6380 45
5460 6531 4
5460 6563 12
5464 6348 17
5464 6347 45
5464 6350 10
5464 6365 3
5464 6384 30
5464 6349 37
5464 6378 6
5464 6383 58
5464 6361 3
5464 6366 40
5464 6367 26
5464 6524 30
5464 6530 5
5464 6363 50
5464 6379 38
5464 6352 42
5464 6381 33
5464 6529 19
5464 6359 6
5464 6362 9
5464 6368 16
5464 6369 57
5464 6522 48
5464 6538 41
5464 6561 49
5464 6364 38
5464 6375 59
5464 6351 10
5464 6354 23
5464 6380 17
5464 6531 39
5464 6563 37
5483 6348 1
5483 6347 55
5483 6350 50
5483 6365 46
5483 6384 38
5483 6349 8
5483 6378 17
5483 6383 2
5483 6361 27
5483 6366 19
5483 6367 46
5483 6524 53
5483 6530 33
5483 6363 32
5483 6379 1
5483 6352 30
5483 6381 22
5483 6529 12
5483 6359 38
5483 6362 30
5483 6368 59
5483 6369 50
5483 6522 47
5483 6538 54
5483 6561 43
5483 6364 40
5483 6375 56
5483 6351 7
5483 6354 6
5483 6380 44
5483 6531 12
5483 6563 55
5292 6348 9
5292 6347 19
5292 6350 24
5292 6365 4
5292 6384 6
5292 6349 43
5292 6378 36
5292 6383 7
5292 6361 52
5292 6366 39
5292 6367 9
5292 6524 10
5292 6530 31
5292 6363 58
5292 6379 8
5292 6352 9
5292 6381 54
5292 6529 35
5292 6359 3
5292 6362 46
5292 6368 18
5292 6369 23
5292 6522 7
5292 6538 38
5292 6561 27
5292 6364 24
5292 6375 52
5292 6351 42
5292 6354 0
5292 6380 17
5292 6531 45
5292 6563 23
5301 6348 42
5301 6347 31
5301 6350 56
5301 6365 10
5301 6384 29
5301 6349 56
5301 6378 1
5301 6383 40
5301 6361 36
5301 6366 1
5301 6367 12
5301 6524 9
5301 6530 7
5301 6363 24
5301 6379 29
5301 6352 34
5301 6381 45
5301 6529 25
5301 6359 27
5301 6362 22
5301 6368 54
5301 6369 11
5301 6522 15
5301 6538 54
5301 6561 35
5301 6364 1
5301 6375 47
5301 6351 32
5301 6354 3
5301 6380 51
5301 6531 43
5301 6563 59
5315 6348 54
5315 6347 45
5315 6350 35
5315 6365 33
5315 6384 50
5315 6349 9
5315 6378 22
5315 6383 20
5315 6361 3
5315 6366 24
5315 6367 33
5315 6524 57
5315 6530 6
5315 6363 56
5315 6379 54
5315 6352 34
5315 6381 19
5315 6529 35
5315 6359 47
5315 6362 12
5315 6368 6
5315 6369 14
5315 6522 54
5315 6538 14
5315 6561 43
5315 6364 52
5315 6375 42
5315 6351 46
5315 6354 2
5315 6380 47
5315 6531 17
5315 6563 11
5451 6348 10
5451 6347 1
5451 6350 56
5451 6365 52
5451 6384 51
5451 6349 1
5451 6378 2
5451 6383 28
5451 6361 11
5451 6366 4
5451 6367 34
5451 6524 35
5451 6530 36
5451 6363 1
5451 6379 40
5451 6352 15
5451 6381 55
5451 6529 22
5451 6359 16
5451 6362 5
5451 6368 28
5451 6369 25
5451 6522 50
5451 6538 36
5451 6561 25
5451 6364 7
5451 6375 9
5451 6351 7
5451 6354 4
5451 6380 10
5451 6531 37
5451 6563 48
5300 6348 31
5300 6347 4
5300 6350 45
5300 6365 26
5300 6384 44
5300 6349 59
5300 6378 22
5300 6383 44
5300 6361 29
5300 6366 5
5300 6367 58
5300 6524 36
5300 6530 39
5300 6363 0
5300 6379 5
5300 6352 24
5300 6381 16
5300 6529 16
5300 6359 56
5300 6362 22
5300 6368 54
5300 6369 36
5300 6522 6
5300 6538 21
5300 6561 11
5300 6364 52
5300 6375 29
5300 6351 3
5300 6354 18
5300 6380 29
5300 6531 57
5300 6563 58
8757 6348 27
8757 6347 42
8757 6350 20
8757 6365 50
8757 6384 17
8757 6349 41
8757 6378 14
8757 6383 7
8757 6361 60
8757 6366 6
8757 6367 17
8757 6524 31
8757 6530 51
8757 6363 36
8757 6379 2
8757 6352 25
8757 6381 56
8757 6529 32
8757 6359 34
8757 6362 16
8757 6368 21
8757 6369 0
8757 6522 6
8757 6538 39
8757 6561 46
8757 6364 57
8757 6375 15
8757 6351 54
8757 6354 11
8757 6380 14
8757 6531 52
8757 6563 7
5302 6348 39
5302 6347 21
5302 6350 45
5302 6365 44
5302 6384 51
5302 6349 5
5302 6378 55
5302 6383 48
5302 6361 34
5302 6366 44
5302 6367 2
5302 6524 45
5302 6530 45
5302 6363 44
5302 6379 55
5302 6352 17
5302 6381 3
5302 6529 7
5302 6359 43
5302 6362 51
5302 6368 31
5302 6369 10
5302 6522 54
5302 6538 10
5302 6561 4
5302 6364 35
5302 6375 48
5302 6351 49
5302 6354 34
5302 6380 11
5302 6531 36
5302 6563 45
5333 6348 26
5333 6347 45
5333 6350 40
5333 6365 9
5333 6384 49
5333 6349 44
5333 6378 59
5333 6383 10
5333 6361 17
5333 6366 44
5333 6367 55
5333 6524 16
5333 6530 4
5333 6363 22
5333 6379 18
5333 6352 44
5333 6381 27
5333 6529 56
5333 6359 28
5333 6362 28
5333 6368 26
5333 6369 57
5333 6522 25
5333 6538 1
5333 6561 58
5333 6364 57
5333 6375 13
5333 6351 0
5333 6354 8
5333 6380 38
5333 6531 45
5333 6563 0
5459 6348 49
5459 6347 49
5459 6350 8
5459 6365 29
5459 6384 52
5459 6349 47
5459 6378 9
5459 6383 26
5459 6361 12
5459 6366 41
5459 6367 21
5459 6524 52
5459 6530 3
5459 6363 56
5459 6379 51
5459 6352 47
5459 6381 34
5459 6529 38
5459 6359 20
5459 6362 20
5459 6368 43
5459 6369 10
5459 6522 37
5459 6538 6
5459 6561 43
5459 6364 16
5459 6375 55
5459 6351 27
5459 6354 44
5459 6380 21
5459 6531 12
5459 6563 29
5466 6348 48
5466 6347 41
5466 6350 34
5466 6365 32
5466 6384 9
5466 6349 23
5466 6378 35
5466 6383 44
5466 6361 13
5466 6366 25
5466 6367 16
5466 6524 16
5466 6530 4
5466 6363 34
5466 6379 25
5466 6352 34
5466 6381 32
5466 6529 24
5466 6359 28
5466 6362 17
5466 6368 12
5466 6369 53
5466 6522 55
5466 6538 30
5466 6561 35
5466 6364 5
5466 6375 2
5466 6351 38
5466 6354 32
5466 6380 42
5466 6531 27
5466 6563 38
5484 6348 8
5484 6347 47
5484 6350 9
5484 6365 28
5484 6384 10
5484 6349 55
5484 6378 24
5484 6383 52
5484 6361 53
5484 6366 9
5484 6367 7
5484 6524 8
5484 6530 54
5484 6363 41
5484 6379 2
5484 6352 44
5484 6381 16
5484 6529 55
5484 6359 41
5484 6362 6
5484 6368 18
5484 6369 47
5484 6522 41
5484 6538 30
5484 6561 22
5484 6364 16
5484 6375 55
5484 6351 28
5484 6354 33
5484 6380 23
5484 6531 35
5484 6563 13
5487 6348 27
5487 6347 41
5487 6350 16
5487 6365 51
5487 6384 4
5487 6349 4
5487 6378 50
5487 6383 14
5487 6361 42
5487 6366 19
5487 6367 27
5487 6524 48
5487 6530 54
5487 6363 14
5487 6379 46
5487 6352 32
5487 6381 47
5487 6529 26
5487 6359 8
5487 6362 36
5487 6368 55
5487 6369 51
5487 6522 51
5487 6538 40
5487 6561 37
5487 6364 52
5487 6375 34
5487 6351 8
5487 6354 27
5487 6380 42
5487 6531 13
5487 6563 6
5288 6348 38
5288 6347 48
5288 6350 44
5288 6365 38
5288 6384 7
5288 6349 29
5288 6378 2
5288 6383 59
5288 6361 50
5288 6366 18
5288 6367 60
5288 6524 28
5288 6530 14
5288 6363 16
5288 6379 15
5288 6352 41
5288 6381 10
5288 6529 18
5288 6359 15
5288 6362 43
5288 6368 20
5288 6369 2
5288 6522 4
5288 6538 60
5288 6561 3
5288 6364 43
5288 6375 54
5288 6351 46
5288 6354 28
5288 6380 59
5288 6531 51
5288 6563 40
5293 6348 50
5293 6347 57
5293 6350 48
5293 6365 36
5293 6384 34
5293 6349 11
5293 6378 59
5293 6383 14
5293 6361 18
5293 6366 52
5293 6367 27
5293 6524 59
5293 6530 53
5293 6363 17
5293 6379 18
5293 6352 22
5293 6381 6
5293 6529 24
5293 6359 53
5293 6362 9
5293 6368 55
5293 6369 30
5293 6522 31
5293 6538 9
5293 6561 1
5293 6364 33
5293 6375 52
5293 6351 9
5293 6354 29
5293 6380 34
5293 6531 6
5293 6563 14
5309 6348 5
5309 6347 25
5309 6350 59
5309 6365 31
5309 6384 43
5309 6349 51
5309 6378 44
5309 6383 3
5309 6361 46
5309 6366 35
5309 6367 4
5309 6524 32
5309 6530 27
5309 6363 57
5309 6379 10
5309 6352 38
5309 6381 60
5309 6529 26
5309 6359 42
5309 6362 15
5309 6368 49
5309 6369 33
5309 6522 21
5309 6538 10
5309 6561 37
5309 6364 17
5309 6375 60
5309 6351 44
5309 6354 11
5309 6380 19
5309 6531 55
5309 6563 9
5439 6348 1
5439 6347 22
5439 6350 0
5439 6365 58
5439 6384 43
5439 6349 22
5439 6378 30
5439 6383 1
5439 6361 56
5439 6366 39
5439 6367 4
5439 6524 60
5439 6530 49
5439 6363 42
5439 6379 28
5439 6352 8
5439 6381 18
5439 6529 10
5439 6359 39
5439 6362 14
5439 6368 20
5439 6369 32
5439 6522 28
5439 6538 49
5439 6561 32
5439 6364 4
5439 6375 14
5439 6351 40
5439 6354 21
5439 6380 40
5439 6531 20
5439 6563 2
5450 6348 18
5450 6347 36
5450 6350 5
5450 6365 57
5450 6384 17
5450 6349 48
5450 6378 38
5450 6383 40
5450 6361 11
5450 6366 58
5450 6367 37
5450 6524 45
5450 6530 1
5450 6363 56
5450 6379 32
5450 6352 1
5450 6381 44
5450 6529 51
5450 6359 17
5450 6362 39
5450 6368 47
5450 6369 10
5450 6522 26
5450 6538 19
5450 6561 16
5450 6364 40
5450 6375 28
5450 6351 21
5450 6354 13
5450 6380 60
5450 6531 26
5450 6563 53
5303 6348 60
5303 6347 50
5303 6350 27
5303 6365 43
5303 6384 58
5303 6349 33
5303 6378 4
5303 6383 0
5303 6361 38
5303 6366 5
5303 6367 37
5303 6524 53
5303 6530 41
5303 6363 5
5303 6379 21
5303 6352 37
5303 6381 17
5303 6529 56
5303 6359 20
5303 6362 24
5303 6368 8
5303 6369 9
5303 6522 53
5303 6538 56
5303 6561 14
5303 6364 9
5303 6375 38
5303 6351 20
5303 6354 50
5303 6380 1
5303 6531 17
5303 6563 2
