6403 2673 30
6403 2673 9
6403 2564 22
6403 2564 56
6403 2574 42
6403 2574 44
6403 2563 48
6403 2563 39
6403 2566 38
6403 2566 8
6403 2674 52
6403 2674 49
6403 2575 27
6403 2575 12
6403 2550 40
6403 2550 24
6403 2549 43
6403 2549 19
6403 2565 56
6403 2565 12
6403 2573 51
6403 2573 35
6403 2676 51
6403 2676 19
6403 2685 46
6403 2685 55
6403 2548 5
6403 2548 26
6403 2562 37
6403 2562 15
6403 2570 32
6403 2570 35
6403 2576 1
6403 2576 40
6403 2572 36
6403 2572 0
6403 2675 45
6403 2675 22
6403 2683 27
6403 2683 22
6403 2686 5
6403 2686 15
6403 2553 19
6403 2553 20
6403 2567 50
6403 2567 17
6403 2634 19
6403 2634 22
6403 2738 2
6403 2738 49
6403 2571 31
6403 2571 18
6403 2677 3
6403 2677 2
6403 2680 35
6403 2680 21
6403 2684 48
6403 2684 13
6403 2687 35
6403 2687 40
6403 2547 34
6403 2547 41
6403 2554 12
6403 2554 49
6402 2673 30
6402 2673 55
6402 2564 23
6402 2564 37
6402 2574 37
6402 2574 15
6402 2563 51
6402 2563 11
6402 2566 13
6402 2566 15
6402 2674 59
6402 2674 12
6402 2575 26
6402 2575 14
6402 2550 7
6402 2550 23
6402 2549 19
6402 2549 60
6402 2565 25
6402 2565 2
6402 2573 23
6402 2573 7
6402 2676 48
6402 2676 18
6402 2685 14
6402 2685 5
6402 2548 51
6402 2548 5
6402 2562 18
6402 2562 0
6402 2570 57
6402 2570 54
6402 2576 57
6402 2576 45
6402 2572 12
6402 2572 4
6402 2675 22
6402 2675 10
6402 2683 51
6402 2683 21
6402 2686 46
6402 2686 33
6402 2553 29
6402 2553 14
6402 2567 40
6402 2567 15
6402 2634 49
6402 2634 12
6402 2738 59
6402 2738 47
6402 2571 48
6402 2571 47
6402 2677 42
6402 2677 2
6402 2680 49
6402 2680 57
6402 2684 7
6402 2684 11
6402 2687 18
6402 2687 52
6402 2547 52
6402 2547 17
6402 2554 44
6402 2554 60
6406 2673 45
6406 2673 46
6406 2564 57
6406 2564 38
6406 2574 56
6406 2574 58
6406 2563 28
6406 2563 60
6406 2566 45
6406 2566 37
6406 2674 56
6406 2674 13
6406 2575 10
6406 2575 47
6406 2550 0
6406 2550 24
6406 2549 32
6406 2549 33
6406 2565 28
6406 2565 41
6406 2573 31
6406 2573 46
6406 2676 41
6406 2676 22
6406 2685 6
6406 2685 29
6406 2548 5
6406 2548 46
6406 2562 10
6406 2562 21
6406 2570 35
6406 2570 42
6406 2576 49
6406 2576 31
6406 2572 26
6406 2572 30
6406 2675 34
6406 2675 43
6406 2683 44
6406 2683 6
6406 2686 25
6406 2686 45
6406 2553 12
6406 2553 45
6406 2567 9
6406 2567 45
6406 2634 17
6406 2634 30
6406 2738 27
6406 2738 52
6406 2571 60
6406 2571 24
6406 2677 13
6406 2677 51
6406 2680 30
6406 2680 15
6406 2684 15
6406 2684 57
6406 2687 9
6406 2687 0
6406 2547 22
6406 2547 18
6406 2554 39
6406 2554 55
6408 2673 36
6408 2673 15
6408 2564 25
6408 2564 26
6408 2574 55
6408 2574 48
6408 2563 19
6408 2563 58
6408 2566 22
6408 2566 52
6408 2674 41
6408 2674 16
6408 2575 24
6408 2575 40
6408 2550 19
6408 2550 40
6408 2549 59
6408 2549 14
6408 2565 58
6408 2565 12
6408 2573 15
6408 2573 0
6408 2676 31
6408 2676 48
6408 2685 53
6408 2685 34
6408 2548 56
6408 2548 42
6408 2562 12
6408 2562 52
6408 2570 7
6408 2570 39
6408 2576 40
6408 2576 44
6408 2572 59
6408 2572 21
6408 2675 2
6408 2675 55
6408 2683 37
6408 2683 7
6408 2686 33
6408 2686 38
6408 2553 23
6408 2553 20
6408 2567 45
6408 2567 57
6408 2634 37
6408 2634 15
6408 2738 24
6408 2738 51
6408 2571 60
6408 2571 58
6408 2677 19
6408 2677 24
6408 2680 42
6408 2680 31
6408 2684 28
6408 2684 8
6408 2687 24
6408 2687 60
6408 2547 27
6408 2547 2
6408 2554 10
6408 2554 7
6539 2673 14
6539 2673 56
6539 2564 10
6539 2564 10
6539 2574 16
6539 2574 45
6539 2563 35
6539 2563 54
6539 2566 33
6539 2566 3
6539 2674 13
6539 2674 36
6539 2575 10
6539 2575 58
6539 2550 19
6539 2550 37
6539 2549 11
6539 2549 22
6539 2565 8
6539 2565 9
6539 2573 42
6539 2573 37
6539 2676 27
6539 2676 41
6539 2685 36
6539 2685 0
6539 2548 56
6539 2548 18
6539 2562 31
6539 2562 53
6539 2570 11
6539 2570 21
6539 2576 14
6539 2576 24
6539 2572 59
6539 2572 45
6539 2675 35
6539 2675 33
6539 2683 24
6539 2683 50
6539 2686 38
6539 2686 5
6539 2553 24
6539 2553 24
6539 2567 25
6539 2567 30
6539 2634 16
6539 2634 2
6539 2738 18
6539 2738 25
6539 2571 57
6539 2571 38
6539 2677 23
6539 2677 3
6539 2680 9
6539 2680 18
6539 2684 18
6539 2684 32
6539 2687 29
6539 2687 50
6539 2547 33
6539 2547 20
6539 2554 30
6539 2554 56
6404 2673 19
6404 2673 9
6404 2564 53
6404 2564 28
6404 2574 3
6404 2574 13
6404 2563 20
6404 2563 42
6404 2566 26
6404 2566 45
6404 2674 38
6404 2674 30
6404 2575 21
6404 2575 57
6404 2550 16
6404 2550 1
6404 2549 53
6404 2549 58
6404 2565 19
6404 2565 46
6404 2573 27
6404 2573 18
6404 2676 18
6404 2676 49
6404 2685 36
6404 2685 55
6404 2548 10
6404 2548 33
6404 2562 38
6404 2562 9
6404 2570 41
6404 2570 5
6404 2576 21
6404 2576 59
6404 2572 51
6404 2572 6
6404 2675 16
6404 2675 32
6404 2683 45
6404 2683 28
6404 2686 18
6404 2686 28
6404 2553 28
6404 2553 4
6404 2567 28
6404 2567 31
6404 2634 59
6404 2634 16
6404 2738 32
6404 2738 46
6404 2571 38
6404 2571 56
6404 2677 54
6404 2677 20
6404 2680 54
6404 2680 51
6404 2684 4
6404 2684 5
6404 2687 48
6404 2687 28
6404 2547 40
6404 2547 22
6404 2554 38
6404 2554 44
6540 2673 39
6540 2673 1
6540 2564 39
6540 2564 43
6540 2574 5
6540 2574 2
6540 2563 14
6540 2563 11
6540 2566 25
6540 2566 10
6540 2674 7
6540 2674 2
6540 2575 5
6540 2575 27
6540 2550 45
6540 2550 14
6540 2549 50
6540 2549 2
6540 2565 13
6540 2565 45
6540 2573 39
6540 2573 4
6540 2676 13
6540 2676 8
6540 2685 17
6540 2685 20
6540 2548 58
6540 2548 17
6540 2562 22
6540 2562 21
6540 2570 52
6540 2570 15
6540 2576 9
6540 2576 15
6540 2572 38
6540 2572 27
6540 2675 56
6540 2675 56
6540 2683 28
6540 2683 29
6540 2686 11
6540 2686 57
6540 2553 50
6540 2553 9
6540 2567 35
6540 2567 44
6540 2634 5
6540 2634 50
6540 2738 22
6540 2738 54
6540 2571 42
6540 2571 52
6540 2677 32
6540 2677 7
6540 2680 22
6540 2680 53
6540 2684 36
6540 2684 30
6540 2687 1
6540 2687 2
6540 2547 25
6540 2547 6
6540 2554 44
6540 2554 54
6400 2673 21
6400 2673 38
6400 2564 49
6400 2564 41
6400 2574 58
6400 2574 43
6400 2563 15
6400 2563 1
6400 2566 38
6400 2566 23
6400 2674 16
6400 2674 45
6400 2575 41
6400 2575 0
6400 2550 8
6400 2550 60
6400 2549 26
6400 2549 27
6400 2565 60
6400 2565 58
6400 2573 37
6400 2573 53
6400 2676 18
6400 2676 13
6400 2685 15
6400 2685 12
6400 2548 52
6400 2548 14
6400 2562 45
6400 2562 0
6400 2570 38
6400 2570 35
6400 2576 16
6400 2576 48
6400 2572 31
6400 2572 17
6400 2675 7
6400 2675 6
6400 2683 7
6400 2683 24
6400 2686 14
6400 2686 44
6400 2553 28
6400 2553 53
6400 2567 56
6400 2567 47
6400 2634 27
6400 2634 41
6400 2738 6
6400 2738 22
6400 2571 27
6400 2571 26
6400 2677 18
6400 2677 44
6400 2680 44
6400 2680 60
6400 2684 24
6400 2684 8
6400 2687 30
6400 2687 27
6400 2547 35
6400 2547 43
6400 2554 21
6400 2554 10
6405 2673 26
6405 2673 43
6405 2564 33
6405 2564 36
6405 2574 29
6405 2574 0
6405 2563 37
6405 2563 25
6405 2566 42
6405 2566 52
6405 2674 4
6405 2674 55
6405 2575 41
6405 2575 3
6405 2550 19
6405 2550 21
6405 2549 55
6405 2549 33
6405 2565 18
6405 2565 59
6405 2573 13
6405 2573 10
6405 2676 57
6405 2676 55
6405 2685 12
6405 2685 46
6405 2548 8
6405 2548 22
6405 2562 17
6405 2562 29
6405 2570 28
6405 2570 17
6405 2576 0
6405 2576 13
6405 2572 29
6405 2572 51
6405 2675 52
6405 2675 26
6405 2683 19
6405 2683 40
6405 2686 57
6405 2686 36
6405 2553 17
6405 2553 47
6405 2567 40
6405 2567 37
6405 2634 30
6405 2634 47
6405 2738 51
6405 2738 21
6405 2571 25
6405 2571 46
6405 2677 60
6405 2677 52
6405 2680 34
6405 2680 29
6405 2684 29
6405 2684 9
6405 2687 8
6405 2687 7
6405 2547 14
6405 2547 43
6405 2554 58
6405 2554 26
6409 2673 17
6409 2673 36
6409 2564 56
6409 2564 49
6409 2574 19
6409 2574 42
6409 2563 0
6409 2563 25
6409 2566 35
6409 2566 41
6409 2674 40
6409 2674 3
6409 2575 32
6409 2575 45
6409 2550 23
6409 2550 38
6409 2549 38
6409 2549 22
6409 2565 45
6409 2565 8
6409 2573 15
6409 2573 21
6409 2676 60
6409 2676 17
6409 2685 5
6409 2685 52
6409 2548 16
6409 2548 43
6409 2562 25
6409 2562 37
6409 2570 59
6409 2570 22
6409 2576 4
6409 2576 33
6409 2572 3
6409 2572 42
6409 2675 53
6409 2675 52
6409 2683 21
6409 2683 55
6409 2686 2
6409 2686 44
6409 2553 8
6409 2553 39
6409 2567 48
6409 2567 41
6409 2634 57
6409 2634 34
6409 2738 22
6409 2738 26
6409 2571 20
6409 2571 36
6409 2677 42
6409 2677 44
6409 2680 40
6409 2680 24
6409 2684 8
6409 2684 24
6409 2687 10
6409 2687 39
6409 2547 26
6409 2547 6
6409 2554 50
6409 2554 45
9531 2673 57
9531 2673 21
9531 2564 29
9531 2564 16
9531 2574 48
9531 2574 48
9531 2563 7
9531 2563 28
9531 2566 19
9531 2566 43
9531 2674 8
9531 2674 20
9531 2575 12
9531 2575 17
9531 2550 13
9531 2550 43
9531 2549 32
9531 2549 1
9531 2565 2
9531 2565 38
9531 2573 45
9531 2573 12
9531 2676 27
9531 2676 18
9531 2685 9
9531 2685 56
9531 2548 11
9531 2548 39
9531 2562 2
9531 2562 25
9531 2570 43
9531 2570 32
9531 2576 17
9531 2576 38
9531 2572 49
9531 2572 14
9531 2675 29
9531 2675 47
9531 2683 54
9531 2683 45
9531 2686 22
9531 2686 55
9531 2553 51
9531 2553 28
9531 2567 4
9531 2567 41
9531 2634 50
9531 2634 24
9531 2738 15
9531 2738 8
9531 2571 1
9531 2571 47
9531 2677 11
9531 2677 46
9531 2680 20
9531 2680 51
9531 2684 19
9531 2684 46
9531 2687 17
9531 2687 13
9531 2547 58
9531 2547 39
9531 2554 6
9531 2554 35
6407 2673 21
6407 2673 60
6407 2564 54
6407 2564 34
6407 2574 45
6407 2574 45
6407 2563 24
6407 2563 17
6407 2566 46
6407 2566 17
6407 2674 26
6407 2674 32
6407 2575 29
6407 2575 43
6407 2550 53
6407 2550 53
6407 2549 35
6407 2549 2
6407 2565 52
6407 2565 35
6407 2573 37
6407 2573 22
6407 2676 36
6407 2676 3
6407 2685 37
6407 2685 45
6407 2548 15
6407 2548 60
6407 2562 60
6407 2562 15
6407 2570 58
6407 2570 60
6407 2576 53
6407 2576 49
6407 2572 0
6407 2572 28
6407 2675 12
6407 2675 45
6407 2683 28
6407 2683 26
6407 2686 19
6407 2686 25
6407 2553 45
6407 2553 46
6407 2567 43
6407 2567 33
6407 2634 53
6407 2634 6
6407 2738 15
6407 2738 10
6407 2571 47
6407 2571 22
6407 2677 41
6407 2677 9
6407 2680 26
6407 2680 52
6407 2684 17
6407 2684 3
6407 2687 2
6407 2687 18
6407 2547 21
6407 2547 47
6407 2554 37
6407 2554 29
6544 2673 35
6544 2673 59
6544 2564 57
6544 2564 12
6544 2574 15
6544 2574 15
6544 2563 18
6544 2563 16
6544 2566 22
6544 2566 15
6544 2674 10
6544 2674 57
6544 2575 55
6544 2575 39
6544 2550 9
6544 2550 43
6544 2549 31
6544 2549 32
6544 2565 59
6544 2565 6
6544 2573 11
6544 2573 27
6544 2676 38
6544 2676 1
6544 2685 34
6544 2685 38
6544 2548 4
6544 2548 45
6544 2562 40
6544 2562 31
6544 2570 48
6544 2570 42
6544 2576 12
6544 2576 7
6544 2572 25
6544 2572 44
6544 2675 1
6544 2675 58
6544 2683 18
6544 2683 37
6544 2686 21
6544 2686 57
6544 2553 23
6544 2553 54
6544 2567 1
6544 2567 28
6544 2634 42
6544 2634 26
6544 2738 48
6544 2738 37
6544 2571 24
6544 2571 30
6544 2677 6
6544 2677 36
6544 2680 38
6544 2680 39
6544 2684 48
6544 2684 3
6544 2687 28
6544 2687 1
6544 2547 44
6544 2547 0
6544 2554 52
6544 2554 29
9637 2673 50
9637 2673 8
9637 2564 6
9637 2564 36
9637 2574 58
9637 2574 43
9637 2563 21
9637 2563 44
9637 2566 21
9637 2566 18
9637 2674 37
9637 2674 31
9637 2575 14
9637 2575 20
9637 2550 15
9637 2550 4
9637 2549 5
9637 2549 53
9637 2565 9
9637 2565 16
9637 2573 13
9637 2573 54
9637 2676 14
9637 2676 11
9637 2685 41
9637 2685 8
9637 2548 23
9637 2548 46
9637 2562 29
9637 2562 25
9637 2570 46
9637 2570 32
9637 2576 18
9637 2576 2
9637 2572 21
9637 2572 22
9637 2675 34
9637 2675 37
9637 2683 56
9637 2683 50
9637 2686 12
9637 2686 15
9637 2553 47
9637 2553 43
9637 2567 5
9637 2567 19
9637 2634 38
9637 2634 5
9637 2738 22
9637 2738 52
9637 2571 10
9637 2571 42
9637 2677 21
9637 2677 48
9637 2680 58
9637 2680 1
9637 2684 59
9637 2684 25
9637 2687 17
9637 2687 54
9637 2547 21
9637 2547 10
9637 2554 27
9637 2554 29
9834 2673 42
9834 2673 41
9834 2564 1
9834 2564 56
9834 2574 54
9834 2574 53
9834 2563 9
9834 2563 17
9834 2566 56
9834 2566 16
9834 2674 59
9834 2674 55
9834 2575 50
9834 2575 37
9834 2550 10
9834 2550 34
9834 2549 38
9834 2549 48
9834 2565 34
9834 2565 56
9834 2573 60
9834 2573 45
9834 2676 18
9834 2676 60
9834 2685 15
9834 2685 38
9834 2548 7
9834 2548 16
9834 2562 32
9834 2562 41
9834 2570 37
9834 2570 17
9834 2576 12
9834 2576 39
9834 2572 56
9834 2572 23
9834 2675 21
9834 2675 52
9834 2683 40
9834 2683 33
9834 2686 12
9834 2686 12
9834 2553 18
9834 2553 45
9834 2567 58
9834 2567 41
9834 2634 46
9834 2634 58
9834 2738 35
9834 2738 21
9834 2571 10
9834 2571 35
9834 2677 20
9834 2677 48
9834 2680 55
9834 2680 10
9834 2684 56
9834 2684 56
9834 2687 22
9834 2687 51
9834 2547 49
9834 2547 39
9834 2554 15
9834 2554 57
6550 2673 43
6550 2673 47
6550 2564 33
6550 2564 60
6550 2574 21
6550 2574 58
6550 2563 57
6550 2563 0
6550 2566 51
6550 2566 28
6550 2674 1
6550 2674 11
6550 2575 23
6550 2575 43
6550 2550 31
6550 2550 10
6550 2549 26
6550 2549 60
6550 2565 39
6550 2565 48
6550 2573 47
6550 2573 60
6550 2676 43
6550 2676 47
6550 2685 22
6550 2685 26
6550 2548 46
6550 2548 30
6550 2562 57
6550 2562 2
6550 2570 42
6550 2570 38
6550 2576 13
6550 2576 43
6550 2572 57
6550 2572 26
6550 2675 37
6550 2675 6
6550 2683 16
6550 2683 8
6550 2686 8
6550 2686 22
6550 2553 48
6550 2553 52
6550 2567 26
6550 2567 15
6550 2634 9
6550 2634 43
6550 2738 6
6550 2738 12
6550 2571 24
6550 2571 32
6550 2677 2
6550 2677 54
6550 2680 32
6550 2680 42
6550 2684 15
6550 2684 48
6550 2687 11
6550 2687 18
6550 2547 21
6550 2547 43
6550 2554 10
6550 2554 22
6399 2673 36
6399 2673 20
6399 2564 10
6399 2564 38
6399 2574 30
6399 2574 30
6399 2563 26
6399 2563 55
6399 2566 2
6399 2566 60
6399 2674 12
6399 2674 57
6399 2575 9
6399 2575 59
6399 2550 13
6399 2550 60
6399 2549 12
6399 2549 7
6399 2565 3
6399 2565 45
6399 2573 46
6399 2573 45
6399 2676 54
6399 2676 52
6399 2685 43
6399 2685 51
6399 2548 10
6399 2548 26
6399 2562 51
6399 2562 55
6399 2570 20
6399 2570 26
6399 2576 32
6399 2576 16
6399 2572 4
6399 2572 23
6399 2675 31
6399 2675 2
6399 2683 24
6399 2683 21
6399 2686 59
6399 2686 12
6399 2553 19
6399 2553 29
6399 2567 14
6399 2567 56
6399 2634 4
6399 2634 45
6399 2738 27
6399 2738 5
6399 2571 42
6399 2571 30
6399 2677 47
6399 2677 10
6399 2680 51
6399 2680 9
6399 2684 22
6399 2684 51
6399 2687 6
6399 2687 39
6399 2547 10
6399 2547 55
6399 2554 10
6399 2554 56
6401 2673 48
6401 2673 37
6401 2564 39
6401 2564 25
6401 2574 30
6401 2574 49
6401 2563 46
6401 2563 11
6401 2566 5
6401 2566 47
6401 2674 38
6401 2674 43
6401 2575 39
6401 2575 52
6401 2550 17
6401 2550 13
6401 2549 17
6401 2549 46
6401 2565 51
6401 2565 33
6401 2573 0
6401 2573 39
6401 2676 54
6401 2676 36
6401 2685 14
6401 2685 35
6401 2548 12
6401 2548 58
6401 2562 40
6401 2562 30
6401 2570 58
6401 2570 15
6401 2576 8
6401 2576 57
6401 2572 60
6401 2572 60
6401 2675 52
6401 2675 9
6401 2683 20
6401 2683 56
6401 2686 2
6401 2686 13
6401 2553 19
6401 2553 49
6401 2567 33
6401 2567 33
6401 2634 51
6401 2634 13
6401 2738 40
6401 2738 36
6401 2571 11
6401 2571 46
6401 2677 36
6401 2677 40
6401 2680 53
6401 2680 33
6401 2684 39
6401 2684 8
6401 2687 25
6401 2687 19
6401 2547 23
6401 2547 56
6401 2554 1
6401 2554 27
6419 2673 27
6419 2673 1
6419 2564 17
6419 2564 35
6419 2574 7
6419 2574 34
6419 2563 6
6419 2563 25
6419 2566 12
6419 2566 56
6419 2674 5
6419 2674 21
6419 2575 10
6419 2575 30
6419 2550 25
6419 2550 17
6419 2549 57
6419 2549 52
6419 2565 57
6419 2565 39
6419 2573 40
6419 2573 42
6419 2676 60
6419 2676 37
6419 2685 25
6419 2685 36
6419 2548 37
6419 2548 59
6419 2562 22
6419 2562 31
6419 2570 51
6419 2570 58
6419 2576 17
6419 2576 47
6419 2572 36
6419 2572 9
6419 2675 60
6419 2675 25
6419 2683 36
6419 2683 3
6419 2686 60
6419 2686 55
6419 2553 2
6419 2553 18
6419 2567 19
6419 2567 40
6419 2634 45
6419 2634 38
6419 2738 12
6419 2738 34
6419 2571 43
6419 2571 8
6419 2677 20
6419 2677 28
6419 2680 27
6419 2680 51
6419 2684 17
6419 2684 4
6419 2687 10
6419 2687 4
6419 2547 13
6419 2547 50
6419 2554 7
6419 2554 37
9641 2673 21
9641 2673 13
9641 2564 23
9641 2564 51
9641 2574 14
9641 2574 59
9641 2563 49
9641 2563 36
9641 2566 55
9641 2566 41
9641 2674 39
9641 2674 2
9641 2575 59
9641 2575 41
9641 2550 21
9641 2550 17
9641 2549 60
9641 2549 31
9641 2565 8
9641 2565 23
9641 2573 59
9641 2573 30
9641 2676 53
9641 2676 21
9641 2685 49
9641 2685 54
9641 2548 1
9641 2548 15
9641 2562 40
9641 2562 32
9641 2570 39
9641 2570 42
9641 2576 45
9641 2576 32
9641 2572 16
9641 2572 6
9641 2675 31
9641 2675 24
9641 2683 2
9641 2683 53
9641 2686 19
9641 2686 60
9641 2553 32
9641 2553 41
9641 2567 28
9641 2567 29
9641 2634 56
9641 2634 10
9641 2738 59
9641 2738 55
9641 2571 44
9641 2571 27
9641 2677 46
9641 2677 58
9641 2680 46
9641 2680 47
9641 2684 26
9641 2684 3
9641 2687 3
9641 2687 57
9641 2547 36
9641 2547 27
9641 2554 10
9641 2554 38
6351 2673 26
6351 2673 13
6351 2564 56
6351 2564 9
6351 2574 27
6351 2574 26
6351 2563 40
6351 2563 8
6351 2566 33
6351 2566 53
6351 2674 56
6351 2674 53
6351 2575 60
6351 2575 51
6351 2550 36
6351 2550 38
6351 2549 17
6351 2549 4
6351 2565 51
6351 2565 43
6351 2573 34
6351 2573 55
6351 2676 3
6351 2676 49
6351 2685 26
6351 2685 44
6351 2548 10
6351 2548 6
6351 2562 59
6351 2562 16
6351 2570 27
6351 2570 12
6351 2576 53
6351 2576 45
6351 2572 60
6351 2572 56
6351 2675 28
6351 2675 50
6351 2683 14
6351 2683 17
6351 2686 5
6351 2686 44
6351 2553 28
6351 2553 46
6351 2567 5
6351 2567 7
6351 2634 29
6351 2634 7
6351 2738 2
6351 2738 53
6351 2571 59
6351 2571 54
6351 2677 39
6351 2677 17
6351 2680 38
6351 2680 35
6351 2684 42
6351 2684 48
6351 2687 3
6351 2687 36
6351 2547 36
6351 2547 24
6351 2554 43
6351 2554 3
8678 2673 2
8678 2673 39
8678 2564 13
8678 2564 55
8678 2574 19
8678 2574 11
8678 2563 9
8678 2563 50
8678 2566 50
8678 2566 23
8678 2674 24
8678 2674 38
8678 2575 19
8678 2575 52
8678 2550 1
8678 2550 26
8678 2549 10
8678 2549 8
8678 2565 27
8678 2565 44
8678 2573 54
8678 2573 58
8678 2676 19
8678 2676 21
8678 2685 11
8678 2685 51
8678 2548 42
8678 2548 60
8678 2562 43
8678 2562 16
8678 2570 57
8678 2570 53
8678 2576 39
8678 2576 42
8678 2572 30
8678 2572 44
8678 2675 26
8678 2675 59
8678 2683 16
8678 2683 11
8678 2686 36
8678 2686 9
8678 2553 16
8678 2553 55
8678 2567 54
8678 2567 49
8678 2634 56
8678 2634 60
8678 2738 39
8678 2738 40
8678 2571 28
8678 2571 57
8678 2677 53
8678 2677 13
8678 2680 55
8678 2680 17
8678 2684 1
8678 2684 55
8678 2687 51
8678 2687 58
8678 2547 60
8678 2547 5
8678 2554 5
8678 2554 23
9530 2673 55
9530 2673 53
9530 2564 20
9530 2564 58
9530 2574 0
9530 2574 39
9530 2563 36
9530 2563 53
9530 2566 8
9530 2566 45
9530 2674 48
9530 2674 23
9530 2575 14
9530 2575 27
9530 2550 57
9530 2550 53
9530 2549 18
9530 2549 51
9530 2565 0
9530 2565 33
9530 2573 43
9530 2573 25
9530 2676 47
9530 2676 24
9530 2685 58
9530 2685 40
9530 2548 40
9530 2548 49
9530 2562 34
9530 2562 15
9530 2570 25
9530 2570 37
9530 2576 8
9530 2576 33
9530 2572 55
9530 2572 15
9530 2675 20
9530 2675 12
9530 2683 22
9530 2683 52
9530 2686 38
9530 2686 44
9530 2553 42
9530 2553 56
9530 2567 32
9530 2567 6
9530 2634 2
9530 2634 26
9530 2738 36
9530 2738 16
9530 2571 35
9530 2571 24
9530 2677 28
9530 2677 13
9530 2680 47
9530 2680 19
9530 2684 35
9530 2684 22
9530 2687 5
9530 2687 34
9530 2547 27
9530 2547 37
9530 2554 43
9530 2554 30
6382 2673 58
6382 2673 35
6382 2564 7
6382 2564 20
6382 2574 4
6382 2574 14
6382 2563 50
6382 2563 16
6382 2566 47
6382 2566 14
6382 2674 4
6382 2674 13
6382 2575 49
6382 2575 0
6382 2550 7
6382 2550 3
6382 2549 56
6382 2549 56
6382 2565 36
6382 2565 26
6382 2573 36
6382 2573 43
6382 2676 34
6382 2676 47
6382 2685 54
6382 2685 46
6382 2548 0
6382 2548 54
6382 2562 20
6382 2562 2
6382 2570 60
6382 2570 55
6382 2576 29
6382 2576 46
6382 2572 14
6382 2572 44
6382 2675 3
6382 2675 49
6382 2683 49
6382 2683 13
6382 2686 22
6382 2686 1
6382 2553 33
6382 2553 13
6382 2567 15
6382 2567 34
6382 2634 24
6382 2634 43
6382 2738 50
6382 2738 54
6382 2571 20
6382 2571 23
6382 2677 33
6382 2677 22
6382 2680 10
6382 2680 55
6382 2684 56
6382 2684 50
6382 2687 37
6382 2687 50
6382 2547 4
6382 2547 50
6382 2554 5
6382 2554 27
6543 2673 45
6543 2673 7
6543 2564 19
6543 2564 7
6543 2574 29
6543 2574 53
6543 2563 41
6543 2563 43
6543 2566 60
6543 2566 16
6543 2674 31
6543 2674 6
6543 2575 50
6543 2575 38
6543 2550 60
6543 2550 34
6543 2549 53
6543 2549 22
6543 2565 9
6543 2565 37
6543 2573 55
6543 2573 28
6543 2676 18
6543 2676 2
6543 2685 47
6543 2685 60
6543 2548 32
6543 2548 23
6543 2562 2
6543 2562 22
6543 2570 30
6543 2570 5
6543 2576 50
6543 2576 26
6543 2572 3
6543 2572 51
6543 2675 16
6543 2675 29
6543 2683 11
6543 2683 3
6543 2686 24
6543 2686 37
6543 2553 39
6543 2553 12
6543 2567 22
6543 2567 32
6543 2634 60
6543 2634 3
6543 2738 9
6543 2738 26
6543 2571 29
6543 2571 7
6543 2677 22
6543 2677 54
6543 2680 47
6543 2680 8
6543 2684 33
6543 2684 11
6543 2687 36
6543 2687 42
6543 2547 37
6543 2547 44
6543 2554 28
6543 2554 33
6549 2673 1
6549 2673 21
6549 2564 22
6549 2564 44
6549 2574 6
6549 2574 26
6549 2563 43
6549 2563 5
6549 2566 31
6549 2566 16
6549 2674 4
6549 2674 18
6549 2575 9
6549 2575 28
6549 2550 7
6549 2550 45
6549 2549 20
6549 2549 21
6549 2565 4
6549 2565 18
6549 2573 21
6549 2573 57
6549 2676 47
6549 2676 9
6549 2685 6
6549 2685 38
6549 2548 22
6549 2548 46
6549 2562 50
6549 2562 4
6549 2570 17
6549 2570 22
6549 2576 25
6549 2576 51
6549 2572 58
6549 2572 46
6549 2675 36
6549 2675 44
6549 2683 16
6549 2683 7
6549 2686 6
6549 2686 51
6549 2553 54
6549 2553 41
6549 2567 35
6549 2567 41
6549 2634 25
6549 2634 15
6549 2738 6
6549 2738 60
6549 2571 58
6549 2571 8
6549 2677 60
6549 2677 40
6549 2680 27
6549 2680 15
6549 2684 16
6549 2684 29
6549 2687 60
6549 2687 28
6549 2547 19
6549 2547 40
6549 2554 29
6549 2554 10
6552 2673 14
6552 2673 7
6552 2564 25
6552 2564 16
6552 2574 6
6552 2574 0
6552 2563 17
6552 2563 43
6552 2566 23
6552 2566 47
6552 2674 47
6552 2674 22
6552 2575 53
6552 2575 57
6552 2550 45
6552 2550 38
6552 2549 24
6552 2549 56
6552 2565 57
6552 2565 55
6552 2573 58
6552 2573 45
6552 2676 44
6552 2676 49
6552 2685 12
6552 2685 21
6552 2548 48
6552 2548 41
6552 2562 59
6552 2562 5
6552 2570 59
6552 2570 34
6552 2576 8
6552 2576 27
6552 2572 6
6552 2572 46
6552 2675 32
6552 2675 59
6552 2683 34
6552 2683 41
6552 2686 44
6552 2686 47
6552 2553 10
6552 2553 8
6552 2567 31
6552 2567 11
6552 2634 6
6552 2634 39
6552 2738 4
6552 2738 57
6552 2571 25
6552 2571 14
6552 2677 44
6552 2677 9
6552 2680 2
6552 2680 6
6552 2684 29
6552 2684 3
6552 2687 2
6552 2687 34
6552 2547 54
6552 2547 36
6552 2554 8
6552 2554 60
9638 2673 20
9638 2673 5
9638 2564 45
9638 2564 50
9638 2574 33
9638 2574 25
9638 2563 10
9638 2563 14
9638 2566 56
9638 2566 47
9638 2674 6
9638 2674 18
9638 2575 44
9638 2575 31
9638 2550 57
9638 2550 33
9638 2549 23
9638 2549 20
9638 2565 55
9638 2565 44
9638 2573 12
9638 2573 57
9638 2676 4
9638 2676 8
9638 2685 41
9638 2685 14
9638 2548 37
9638 2548 47
9638 2562 26
9638 2562 36
9638 2570 21
9638 2570 44
9638 2576 44
9638 2576 39
9638 2572 25
9638 2572 14
9638 2675 52
9638 2675 8
9638 2683 9
9638 2683 11
9638 2686 2
9638 2686 10
9638 2553 50
9638 2553 50
9638 2567 24
9638 2567 15
9638 2634 22
9638 2634 43
9638 2738 6
9638 2738 14
9638 2571 6
9638 2571 57
9638 2677 58
9638 2677 11
9638 2680 52
9638 2680 6
9638 2684 39
9638 2684 17
9638 2687 30
9638 2687 22
9638 2547 50
9638 2547 16
9638 2554 60
9638 2554 59
9639 2673 48
9639 2673 19
9639 2564 42
9639 2564 18
9639 2574 14
9639 2574 34
9639 2563 36
9639 2563 20
9639 2566 55
9639 2566 12
9639 2674 15
9639 2674 31
9639 2575 9
9639 2575 16
9639 2550 25
9639 2550 20
9639 2549 32
9639 2549 59
9639 2565 51
9639 2565 4
9639 2573 24
9639 2573 4
9639 2676 32
9639 2676 49
9639 2685 27
9639 2685 54
9639 2548 47
9639 2548 23
9639 2562 59
9639 2562 21
9639 2570 23
9639 2570 52
9639 2576 35
9639 2576 32
9639 2572 14
9639 2572 0
9639 2675 53
9639 2675 13
9639 2683 49
9639 2683 41
9639 2686 31
9639 2686 15
9639 2553 35
9639 2553 12
9639 2567 59
9639 2567 11
9639 2634 57
9639 2634 44
9639 2738 48
9639 2738 12
9639 2571 40
9639 2571 23
9639 2677 3
9639 2677 25
9639 2680 49
9639 2680 59
9639 2684 31
9639 2684 16
9639 2687 48
9639 2687 23
9639 2547 55
9639 2547 39
9639 2554 7
9639 2554 12
9729 2673 30
9729 2673 14
9729 2564 44
9729 2564 33
9729 2574 43
9729 2574 20
9729 2563 30
9729 2563 18
9729 2566 55
9729 2566 54
9729 2674 51
9729 2674 31
9729 2575 38
9729 2575 54
9729 2550 39
9729 2550 43
9729 2549 26
9729 2549 31
9729 2565 17
9729 2565 29
9729 2573 55
9729 2573 37
9729 2676 4
9729 2676 38
9729 2685 5
9729 2685 6
9729 2548 12
9729 2548 40
9729 2562 47
9729 2562 14
9729 2570 2
9729 2570 33
9729 2576 34
9729 2576 54
9729 2572 44
9729 2572 50
9729 2675 40
9729 2675 57
9729 2683 21
9729 2683 34
9729 2686 27
9729 2686 47
9729 2553 22
9729 2553 20
9729 2567 5
9729 2567 28
9729 2634 21
9729 2634 53
9729 2738 31
9729 2738 5
9729 2571 0
9729 2571 10
9729 2677 0
9729 2677 21
9729 2680 16
9729 2680 21
9729 2684 3
9729 2684 39
9729 2687 60
9729 2687 19
9729 2547 25
9729 2547 30
9729 2554 13
9729 2554 1
6392 2673 43
6392 2673 8
6392 2564 16
6392 2564 55
6392 2574 49
6392 2574 19
6392 2563 31
6392 2563 11
6392 2566 47
6392 2566 21
6392 2674 15
6392 2674 10
6392 2575 13
6392 2575 55
6392 2550 27
6392 2550 35
6392 2549 57
6392 2549 3
6392 2565 48
6392 2565 0
6392 2573 52
6392 2573 32
6392 2676 39
6392 2676 34
6392 2685 24
6392 2685 6
6392 2548 21
6392 2548 43
6392 2562 9
6392 2562 56
6392 2570 7
6392 2570 0
6392 2576 16
6392 2576 14
6392 2572 19
6392 2572 35
6392 2675 50
6392 2675 25
6392 2683 15
6392 2683 1
6392 2686 1
6392 2686 14
6392 2553 45
6392 2553 1
6392 2567 31
6392 2567 5
6392 2634 3
6392 2634 59
6392 2738 40
6392 2738 10
6392 2571 43
6392 2571 45
6392 2677 4
6392 2677 34
6392 2680 54
6392 2680 8
6392 2684 8
6392 2684 39
6392 2687 9
6392 2687 16
6392 2547 26
6392 2547 17
6392 2554 43
6392 2554 6
6418 2673 38
6418 2673 21
6418 2564 32
6418 2564 47
6418 2574 54
6418 2574 12
6418 2563 25
6418 2563 2
6418 2566 6
6418 2566 21
6418 2674 20
6418 2674 22
6418 2575 28
6418 2575 58
6418 2550 40
6418 2550 42
6418 2549 0
6418 2549 37
6418 2565 30
6418 2565 17
6418 2573 23
6418 2573 54
6418 2676 36
6418 2676 39
6418 2685 45
6418 2685 48
6418 2548 43
6418 2548 0
6418 2562 42
6418 2562 8
6418 2570 7
6418 2570 21
6418 2576 30
6418 2576 57
6418 2572 59
6418 2572 5
6418 2675 52
6418 2675 34
6418 2683 24
6418 2683 18
6418 2686 44
6418 2686 34
6418 2553 5
6418 2553 11
6418 2567 53
6418 2567 49
6418 2634 27
6418 2634 17
6418 2738 31
6418 2738 36
6418 2571 13
6418 2571 59
6418 2677 6
6418 2677 31
6418 2680 49
6418 2680 8
6418 2684 7
6418 2684 4
6418 2687 18
6418 2687 4
6418 2547 42
6418 2547 34
6418 2554 30
6418 2554 3
