3639 6315 52
3639 6313 54
3639 6316 50
3639 7391 13
3639 6314 13
3639 7390 12
3639 7400 44
3639 7397 6
3639 9171 9
3639 7402 12
3639 7396 5
3639 7398 2
3639 7401 7
3639 7403 49
3639 7566 16
3639 7551 11
3639 9170 3
3639 7425 5
3639 7433 52
3639 7399 38
3639 7550 47
3639 7565 60
3639 7412 49
3639 7431 9
3639 7411 14
3639 7548 50
3639 9169 15
3639 7424 9
3639 7414 19
3639 7428 37
3639 7432 55
3639 7562 58
3636 6315 15
3636 6313 56
3636 6316 8
3636 7391 3
3636 6314 27
3636 7390 52
3636 7400 7
3636 7397 1
3636 9171 41
3636 7402 46
3636 7396 47
3636 7398 30
3636 7401 18
3636 7403 4
3636 7566 14
3636 7551 29
3636 9170 35
3636 7425 19
3636 7433 41
3636 7399 34
3636 7550 46
3636 7565 45
3636 7412 40
3636 7431 21
3636 7411 59
3636 7548 17
3636 9169 6
3636 7424 53
3636 7414 51
3636 7428 5
3636 7432 39
3636 7562 11
3638 6315 2
3638 6313 6
3638 6316 22
3638 7391 44
3638 6314 3
3638 7390 33
3638 7400 21
3638 7397 41
3638 9171 29
3638 7402 12
3638 7396 30
3638 7398 10
3638 7401 4
3638 7403 60
3638 7566 15
3638 7551 49
3638 9170 27
3638 7425 25
3638 7433 7
3638 7399 14
3638 7550 12
3638 7565 40
3638 7412 52
3638 7431 39
3638 7411 18
3638 7548 25
3638 9169 7
3638 7424 48
3638 7414 25
3638 7428 48
3638 7432 34
3638 7562 42
3645 6315 4
3645 6313 56
3645 6316 3
3645 7391 19
3645 6314 27
3645 7390 5
3645 7400 18
3645 7397 19
3645 9171 7
3645 7402 25
3645 7396 9
3645 7398 14
3645 7401 28
3645 7403 9
3645 7566 0
3645 7551 33
3645 9170 37
3645 7425 43
3645 7433 43
3645 7399 46
3645 7550 30
3645 7565 24
3645 7412 22
3645 7431 7
3645 7411 16
3645 7548 22
3645 9169 60
3645 7424 22
3645 7414 25
3645 7428 1
3645 7432 34
3645 7562 59
3663 6315 46
3663 6313 39
3663 6316 29
3663 7391 9
3663 6314 3
3663 7390 3
3663 7400 11
3663 7397 0
3663 9171 59
3663 7402 53
3663 7396 3
3663 7398 6
3663 7401 1
3663 7403 46
3663 7566 44
3663 7551 14
3663 9170 28
3663 7425 17
3663 7433 53
3663 7399 17
3663 7550 59
3663 7565 21
3663 7412 21
3663 7431 17
3663 7411 40
3663 7548 56
3663 9169 0
3663 7424 17
3663 7414 45
3663 7428 56
3663 7432 31
3663 7562 42
3635 6315 54
3635 6313 60
3635 6316 57
3635 7391 15
3635 6314 44
3635 7390 55
3635 7400 6
3635 7397 32
3635 9171 25
3635 7402 1
3635 7396 48
3635 7398 10
3635 7401 12
3635 7403 27
3635 7566 60
3635 7551 30
3635 9170 43
3635 7425 31
3635 7433 8
3635 7399 20
3635 7550 44
3635 7565 47
3635 7412 44
3635 7431 19
3635 7411 50
3635 7548 42
3635 9169 28
3635 7424 3
3635 7414 36
3635 7428 35
3635 7432 0
3635 7562 57
3637 6315 40
3637 6313 32
3637 6316 38
3637 7391 21
3637 6314 22
3637 7390 13
3637 7400 34
3637 7397 18
3637 9171 41
3637 7402 60
3637 7396 13
3637 7398 30
3637 7401 39
3637 7403 10
3637 7566 9
3637 7551 57
3637 9170 24
3637 7425 24
3637 7433 11
3637 7399 21
3637 7550 37
3637 7565 10
3637 7412 55
3637 7431 41
3637 7411 43
3637 7548 4
3637 9169 17
3637 7424 43
3637 7414 13
3637 7428 3
3637 7432 18
3637 7562 15
3657 6315 29
3657 6313 19
3657 6316 40
3657 7391 9
3657 6314 29
3657 7390 55
3657 7400 30
3657 7397 57
3657 9171 13
3657 7402 5
3657 7396 19
3657 7398 41
3657 7401 32
3657 7403 13
3657 7566 48
3657 7551 39
3657 9170 48
3657 7425 10
3657 7433 52
3657 7399 58
3657 7550 22
3657 7565 36
3657 7412 27
3657 7431 19
3657 7411 37
3657 7548 4
3657 9169 2
3657 7424 10
3657 7414 3
3657 7428 7
3657 7432 10
3657 7562 3
3656 6315 12
3656 6313 26
3656 6316 6
3656 7391 29
3656 6314 58
3656 7390 15
3656 7400 27
3656 7397 20
3656 9171 37
3656 7402 55
3656 7396 17
3656 7398 13
3656 7401 39
3656 7403 8
3656 7566 50
3656 7551 37
3656 9170 14
3656 7425 57
3656 7433 51
3656 7399 2
3656 7550 15
3656 7565 57
3656 7412 41
3656 7431 46
3656 7411 15
3656 7548 7
3656 9169 7
3656 7424 40
3656 7414 30
3656 7428 22
3656 7432 19
3656 7562 20
3644 6315 41
3644 6313 45
3644 6316 45
3644 7391 2
3644 6314 49
3644 7390 28
3644 7400 5
3644 7397 23
3644 9171 26
3644 7402 55
3644 7396 37
3644 7398 6
3644 7401 2
3644 7403 36
3644 7566 30
3644 7551 49
3644 9170 35
3644 7425 58
3644 7433 14
3644 7399 48
3644 7550 41
3644 7565 55
3644 7412 46
3644 7431 44
3644 7411 23
3644 7548 36
3644 9169 55
3644 7424 47
3644 7414 31
3644 7428 51
3644 7432 24
3644 7562 45
3664 6315 27
3664 6313 56
3664 6316 13
3664 7391 1
3664 6314 12
3664 7390 47
3664 7400 8
3664 7397 9
3664 9171 7
3664 7402 10
3664 7396 16
3664 7398 9
3664 7401 11
3664 7403 10
3664 7566 42
3664 7551 9
3664 9170 48
3664 7425 40
3664 7433 51
3664 7399 39
3664 7550 47
3664 7565 32
3664 7412 43
3664 7431 33
3664 7411 40
3664 7548 32
3664 9169 51
3664 7424 39
3664 7414 32
3664 7428 32
3664 7432 56
3664 7562 20
3629 6315 55
3629 6313 43
3629 6316 5
3629 7391 34
3629 6314 29
3629 7390 41
3629 7400 38
3629 7397 9
3629 9171 11
3629 7402 19
3629 7396 9
3629 7398 58
3629 7401 56
3629 7403 45
3629 7566 14
3629 7551 31
3629 9170 21
3629 7425 50
3629 7433 26
3629 7399 5
3629 7550 40
3629 7565 34
3629 7412 28
3629 7431 20
3629 7411 17
3629 7548 17
3629 9169 59
3629 7424 0
3629 7414 21
3629 7428 38
3629 7432 47
3629 7562 11
3631 6315 52
3631 6313 41
3631 6316 10
3631 7391 34
3631 6314 13
3631 7390 56
3631 7400 60
3631 7397 52
3631 9171 5
3631 7402 42
3631 7396 42
3631 7398 13
3631 7401 50
3631 7403 48
3631 7566 49
3631 7551 33
3631 9170 18
3631 7425 7
3631 7433 41
3631 7399 39
3631 7550 19
3631 7565 39
3631 7412 27
3631 7431 30
3631 7411 35
3631 7548 52
3631 9169 41
3631 7424 21
3631 7414 43
3631 7428 26
3631 7432 10
3631 7562 17
3666 6315 57
3666 6313 7
3666 6316 55
3666 7391 10
3666 6314 17
3666 7390 28
3666 7400 23
3666 7397 17
3666 9171 43
3666 7402 9
3666 7396 15
3666 7398 34
3666 7401 53
3666 7403 44
3666 7566 1
3666 7551 17
3666 9170 28
3666 7425 31
3666 7433 23
3666 7399 33
3666 7550 12
3666 7565 41
3666 7412 31
3666 7431 47
3666 7411 26
3666 7548 52
3666 9169 9
3666 7424 33
3666 7414 51
3666 7428 15
3666 7432 42
3666 7562 34
3077 6315 27
3077 6313 20
3077 6316 20
3077 7391 26
3077 6314 2
3077 7390 15
3077 7400 4
3077 7397 38
3077 9171 3
3077 7402 18
3077 7396 60
3077 7398 25
3077 7401 28
3077 7403 9
3077 7566 50
3077 7551 31
3077 9170 19
3077 7425 48
3077 7433 27
3077 7399 3
3077 7550 32
3077 7565 56
3077 7412 40
3077 7431 40
3077 7411 36
3077 7548 54
3077 9169 14
3077 7424 34
3077 7414 47
3077 7428 50
3077 7432 52
3077 7562 15
3625 6315 11
3625 6313 50
3625 6316 48
3625 7391 43
3625 6314 21
3625 7390 21
3625 7400 11
3625 7397 38
3625 9171 32
3625 7402 11
3625 7396 9
3625 7398 51
3625 7401 17
3625 7403 6
3625 7566 50
3625 7551 9
3625 9170 13
3625 7425 18
3625 7433 31
3625 7399 55
3625 7550 44
3625 7565 44
3625 7412 56
3625 7431 14
3625 7411 39
3625 7548 22
3625 9169 47
3625 7424 47
3625 7414 15
3625 7428 21
3625 7432 50
3625 7562 37
3654 6315 6
3654 6313 39
3654 6316 60
3654 7391 9
3654 6314 53
3654 7390 42
3654 7400 38
3654 7397 44
3654 9171 10
3654 7402 55
3654 7396 25
3654 7398 54
3654 7401 49
3654 7403 19
3654 7566 53
3654 7551 59
3654 9170 47
3654 7425 54
3654 7433 13
3654 7399 9
3654 7550 48
3654 7565 23
3654 7412 44
3654 7431 13
3654 7411 24
3654 7548 35
3654 9169 22
3654 7424 8
3654 7414 47
3654 7428 51
3654 7432 42
3654 7562 38
3658 6315 39
3658 6313 7
3658 6316 15
3658 7391 5
3658 6314 47
3658 7390 21
3658 7400 32
3658 7397 20
3658 9171 42
3658 7402 31
3658 7396 46
3658 7398 16
3658 7401 31
3658 7403 46
3658 7566 40
3658 7551 35
3658 9170 27
3658 7425 41
3658 7433 30
3658 7399 48
3658 7550 1
3658 7565 12
3658 7412 25
3658 7431 49
3658 7411 39
3658 7548 9
3658 9169 53
3658 7424 22
3658 7414 44
3658 7428 22
3658 7432 39
3658 7562 58
3655 6315 41
3655 6313 56
3655 6316 53
3655 7391 47
3655 6314 36
3655 7390 41
3655 7400 26
3655 7397 55
3655 9171 1
3655 7402 28
3655 7396 48
3655 7398 55
3655 7401 60
3655 7403 17
3655 7566 53
3655 7551 23
3655 9170 33
3655 7425 13
3655 7433 23
3655 7399 22
3655 7550 32
3655 7565 58
3655 7412 37
3655 7431 2
3655 7411 13
3655 7548 10
3655 9169 6
3655 7424 5
3655 7414 1
3655 7428 28
3655 7432 2
3655 7562 24
3643 6315 13
3643 6313 43
3643 6316 14
3643 7391 27
3643 6314 14
3643 7390 29
3643 7400 4
3643 7397 38
3643 9171 27
3643 7402 13
3643 7396 7
3643 7398 12
3643 7401 26
3643 7403 9
3643 7566 57
3643 7551 11
3643 9170 19
3643 7425 58
3643 7433 33
3643 7399 22
3643 7550 17
3643 7565 22
3643 7412 49
3643 7431 47
3643 7411 28
3643 7548 36
3643 9169 35
3643 7424 51
3643 7414 11
3643 7428 35
3643 7432 35
3643 7562 26
3641 6315 27
3641 6313 36
3641 6316 9
3641 7391 24
3641 6314 21
3641 7390 23
3641 7400 2
3641 7397 44
3641 9171 9
3641 7402 45
3641 7396 14
3641 7398 34
3641 7401 31
3641 7403 48
3641 7566 22
3641 7551 57
3641 9170 58
3641 7425 47
3641 7433 34
3641 7399 11
3641 7550 15
3641 7565 33
3641 7412 4
3641 7431 20
3641 7411 50
3641 7548 26
3641 9169 35
3641 7424 22
3641 7414 21
3641 7428 32
3641 7432 26
3641 7562 27
3646 6315 46
3646 6313 58
3646 6316 38
3646 7391 6
3646 6314 16
3646 7390 18
3646 7400 42
3646 7397 53
3646 9171 28
3646 7402 29
3646 7396 58
3646 7398 45
3646 7401 10
3646 7403 30
3646 7566 37
3646 7551 39
3646 9170 2
3646 7425 15
3646 7433 48
3646 7399 36
3646 7550 6
3646 7565 47
3646 7412 1
3646 7431 45
3646 7411 1
3646 7548 43
3646 9169 19
3646 7424 54
3646 7414 11
3646 7428 52
3646 7432 4
3646 7562 36
3665 6315 15
3665 6313 38
3665 6316 56
3665 7391 18
3665 6314 47
3665 7390 21
3665 7400 27
3665 7397 28
3665 9171 37
3665 7402 51
3665 7396 51
3665 7398 9
3665 7401 13
3665 7403 36
3665 7566 58
3665 7551 29
3665 9170 33
3665 7425 43
3665 7433 3
3665 7399 11
3665 7550 36
3665 7565 10
3665 7412 59
3665 7431 0
3665 7411 46
3665 7548 39
3665 9169 31
3665 7424 12
3665 7414 25
3665 7428 35
3665 7432 41
3665 7562 27
3602 6315 39
3602 6313 12
3602 6316 52
3602 7391 30
3602 6314 30
3602 7390 38
3602 7400 59
3602 7397 8
3602 9171 47
3602 7402 34
3602 7396 52
3602 7398 26
3602 7401 24
3602 7403 2
3602 7566 12
3602 7551 26
3602 9170 26
3602 7425 41
3602 7433 38
3602 7399 14
3602 7550 26
3602 7565 46
3602 7412 16
3602 7431 6
3602 7411 24
3602 7548 7
3602 9169 60
3602 7424 15
3602 7414 52
3602 7428 15
3602 7432 51
3602 7562 54
3632 6315 21
3632 6313 36
3632 6316 49
3632 7391 5
3632 6314 27
3632 7390 16
3632 7400 13
3632 7397 51
3632 9171 39
3632 7402 20
3632 7396 56
3632 7398 39
3632 7401 12
3632 7403 0
3632 7566 54
3632 7551 31
3632 9170 59
3632 7425 32
3632 7433 16
3632 7399 36
3632 7550 36
3632 7565 20
3632 7412 51
3632 7431 60
3632 7411 39
3632 7548 16
3632 9169 6
3632 7424 16
3632 7414 33
3632 7428 58
3632 7432 52
3632 7562 48
3630 6315 24
3630 6313 24
3630 6316 18
3630 7391 15
3630 6314 12
3630 7390 29
3630 7400 53
3630 7397 23
3630 9171 1
3630 7402 31
3630 7396 20
3630 7398 24
3630 7401 43
3630 7403 27
3630 7566 4
3630 7551 42
3630 9170 59
3630 7425 11
3630 7433 41
3630 7399 46
3630 7550 52
3630 7565 1
3630 7412 51
3630 7431 34
3630 7411 45
3630 7548 27
3630 9169 15
3630 7424 11
3630 7414 20
3630 7428 6
3630 7432 2
3630 7562 33
3668 6315 30
3668 6313 34
3668 6316 58
3668 7391 28
3668 6314 9
3668 7390 44
3668 7400 18
3668 7397 27
3668 9171 38
3668 7402 18
3668 7396 7
3668 7398 34
3668 7401 28
3668 7403 48
3668 7566 6
3668 7551 45
3668 9170 51
3668 7425 36
3668 7433 49
3668 7399 42
3668 7550 51
3668 7565 50
3668 7412 46
3668 7431 52
3668 7411 3
3668 7548 7
3668 9169 42
3668 7424 50
3668 7414 13
3668 7428 43
3668 7432 26
3668 7562 49
3716 6315 15
3716 6313 13
3716 6316 43
3716 7391 40
3716 6314 39
3716 7390 51
3716 7400 43
3716 7397 26
3716 9171 15
3716 7402 30
3716 7396 40
3716 7398 8
3716 7401 21
3716 7403 46
3716 7566 1
3716 7551 60
3716 9170 26
3716 7425 52
3716 7433 54
3716 7399 16
3716 7550 41
3716 7565 16
3716 7412 22
3716 7431 45
3716 7411 34
3716 7548 27
3716 9169 33
3716 7424 24
3716 7414 25
3716 7428 43
3716 7432 56
3716 7562 45
3076 6315 48
3076 6313 1
3076 6316 14
3076 7391 55
3076 6314 30
3076 7390 44
3076 7400 56
3076 7397 23
3076 9171 18
3076 7402 20
3076 7396 19
3076 7398 7
3076 7401 27
3076 7403 14
3076 7566 17
3076 7551 51
3076 9170 55
3076 7425 28
3076 7433 48
3076 7399 53
3076 7550 46
3076 7565 7
3076 7412 18
3076 7431 55
3076 7411 56
3076 7548 12
3076 9169 18
3076 7424 45
3076 7414 30
3076 7428 50
3076 7432 1
3076 7562 39
3081 6315 40
3081 6313 18
3081 6316 45
3081 7391 30
3081 6314 21
3081 7390 15
3081 7400 59
3081 7397 56
3081 9171 36
3081 7402 42
3081 7396 6
3081 7398 35
3081 7401 46
3081 7403 23
3081 7566 43
3081 7551 52
3081 9170 16
3081 7425 7
3081 7433 19
3081 7399 45
3081 7550 48
3081 7565 60
3081 7412 36
3081 7431 26
3081 7411 9
3081 7548 13
3081 9169 33
3081 7424 6
3081 7414 28
3081 7428 32
3081 7432 2
3081 7562 41
3652 6315 1
3652 6313 39
3652 6316 56
3652 7391 59
3652 6314 11
3652 7390 15
3652 7400 21
3652 7397 35
3652 9171 55
3652 7402 4
3652 7396 38
3652 7398 19
3652 7401 0
3652 7403 35
3652 7566 26
3652 7551 19
3652 9170 18
3652 7425 9
3652 7433 42
3652 7399 10
3652 7550 23
3652 7565 56
3652 7412 6
3652 7431 45
3652 7411 0
3652 7548 52
3652 9169 23
3652 7424 58
3652 7414 30
3652 7428 35
3652 7432 3
3652 7562 59
3620 6315 3
3620 6313 16
3620 6316 55
3620 7391 38
3620 6314 26
3620 7390 39
3620 7400 9
3620 7397 24
3620 9171 32
3620 7402 11
3620 7396 44
3620 7398 31
3620 7401 4
3620 7403 56
3620 7566 29
3620 7551 19
3620 9170 10
3620 7425 28
3620 7433 58
3620 7399 20
3620 7550 22
3620 7565 0
3620 7412 42
3620 7431 26
3620 7411 35
3620 7548 53
3620 9169 28
3620 7424 15
3620 7414 16
3620 7428 8
3620 7432 1
3620 7562 48
