1172 1875 28
1172 1870 0
1172 1876 23
1172 1869 8
1172 2285 57
1172 1868 7
1172 1866 10
1172 1859 30
1172 1890 49
1172 1788 21
1172 1858 55
1172 1892 12
1172 1833 12
1172 1790 19
1172 1877 12
1172 1891 21
1172 1831 24
1172 1835 38
1172 1789 34
1172 1828 19
1172 1927 15
1172 1895 51
1172 1830 30
1172 1834 14
1172 1846 14
1172 1819 33
1172 1827 19
1172 1922 42
1172 1928 34
1172 1933 55
1172 1894 51
1172 1821 36
1156 1875 47
1156 1870 0
1156 1876 40
1156 1869 10
1156 2285 24
1156 1868 37
1156 1866 0
1156 1859 22
1156 1890 8
1156 1788 19
1156 1858 28
1156 1892 13
1156 1833 52
1156 1790 32
1156 1877 55
1156 1891 4
1156 1831 52
1156 1835 26
1156 1789 27
1156 1828 22
1156 1927 42
1156 1895 50
1156 1830 8
1156 1834 25
1156 1846 40
1156 1819 56
1156 1827 16
1156 1922 25
1156 1928 50
1156 1933 54
1156 1894 49
1156 1821 37
1176 1875 39
1176 1870 4
1176 1876 3
1176 1869 44
1176 2285 21
1176 1868 18
1176 1866 17
1176 1859 47
1176 1890 4
1176 1788 0
1176 1858 5
1176 1892 51
1176 1833 32
1176 1790 47
1176 1877 33
1176 1891 23
1176 1831 0
1176 1835 49
1176 1789 45
1176 1828 54
1176 1927 28
1176 1895 18
1176 1830 11
1176 1834 54
1176 1846 49
1176 1819 14
1176 1827 36
1176 1922 16
1176 1928 29
1176 1933 50
1176 1894 6
1176 1821 32
1171 1875 6
1171 1870 6
1171 1876 32
1171 1869 35
1171 2285 38
1171 1868 43
1171 1866 47
1171 1859 16
1171 1890 34
1171 1788 22
1171 1858 45
1171 1892 24
1171 1833 30
1171 1790 0
1171 1877 2
1171 1891 0
1171 1831 20
1171 1835 47
1171 1789 21
1171 1828 48
1171 1927 53
1171 1895 24
1171 1830 21
1171 1834 45
1171 1846 60
1171 1819 28
1171 1827 49
1171 1922 48
1171 1928 60
1171 1933 24
1171 1894 30
1171 1821 9
1720 1875 14
1720 1870 48
1720 1876 1
1720 1869 11
1720 2285 18
1720 1868 2
1720 1866 30
1720 1859 41
1720 1890 13
1720 1788 21
1720 1858 49
1720 1892 26
1720 1833 28
1720 1790 12
1720 1877 43
1720 1891 26
1720 1831 60
1720 1835 8
1720 1789 46
1720 1828 60
1720 1927 43
1720 1895 32
1720 1830 33
1720 1834 11
1720 1846 9
1720 1819 3
1720 1827 26
1720 1922 18
1720 1928 53
1720 1933 14
1720 1894 20
1720 1821 37
1155 1875 2
1155 1870 27
1155 1876 30
1155 1869 36
1155 2285 35
1155 1868 45
1155 1866 0
1155 1859 14
1155 1890 53
1155 1788 39
1155 1858 26
1155 1892 30
1155 1833 30
1155 1790 15
1155 1877 50
1155 1891 22
1155 1831 34
1155 1835 25
1155 1789 57
1155 1828 20
1155 1927 16
1155 1895 55
1155 1830 13
1155 1834 59
1155 1846 32
1155 1819 2
1155 1827 9
1155 1922 14
1155 1928 57
1155 1933 8
1155 1894 23
1155 1821 22
1170 1875 60
1170 1870 47
1170 1876 18
1170 1869 22
1170 2285 7
1170 1868 38
1170 1866 3
1170 1859 21
1170 1890 24
1170 1788 44
1170 1858 15
1170 1892 52
1170 1833 56
1170 1790 7
1170 1877 54
1170 1891 58
1170 1831 52
1170 1835 1
1170 1789 16
1170 1828 58
1170 1927 9
1170 1895 59
1170 1830 5
1170 1834 18
1170 1846 11
1170 1819 54
1170 1827 30
1170 1922 3
1170 1928 28
1170 1933 33
1170 1894 51
1170 1821 27
1169 1875 25
1169 1870 53
1169 1876 29
1169 1869 0
1169 2285 58
1169 1868 48
1169 1866 19
1169 1859 54
1169 1890 43
1169 1788 9
1169 1858 56
1169 1892 20
1169 1833 4
1169 1790 18
1169 1877 28
1169 1891 11
1169 1831 55
1169 1835 20
1169 1789 42
1169 1828 24
1169 1927 23
1169 1895 24
1169 1830 31
1169 1834 28
1169 1846 47
1169 1819 19
1169 1827 52
1169 1922 5
1169 1928 48
1169 1933 28
1169 1894 52
1169 1821 38
1177 1875 13
1177 1870 55
1177 1876 41
1177 1869 35
1177 2285 49
1177 1868 26
1177 1866 28
1177 1859 40
1177 1890 50
1177 1788 19
1177 1858 10
1177 1892 54
1177 1833 18
1177 1790 8
1177 1877 11
1177 1891 8
1177 1831 44
1177 1835 16
1177 1789 24
1177 1828 7
1177 1927 50
1177 1895 6
1177 1830 49
1177 1834 23
1177 1846 33
1177 1819 38
1177 1827 28
1177 1922 2
1177 1928 7
1177 1933 13
1177 1894 2
1177 1821 6
1178 1875 6
1178 1870 0
1178 1876 53
1178 1869 48
1178 2285 56
1178 1868 47
1178 1866 7
1178 1859 57
1178 1890 50
1178 1788 41
1178 1858 29
1178 1892 30
1178 1833 46
1178 1790 27
1178 1877 25
1178 1891 58
1178 1831 47
1178 1835 36
1178 1789 33
1178 1828 60
1178 1927 20
1178 1895 3
1178 1830 6
1178 1834 50
1178 1846 23
1178 1819 23
1178 1827 25
1178 1922 20
1178 1928 32
1178 1933 2
1178 1894 17
1178 1821 36
1718 1875 53
1718 1870 19
1718 1876 3
1718 1869 7
1718 2285 2
1718 1868 23
1718 1866 34
1718 1859 54
1718 1890 0
1718 1788 40
1718 1858 36
1718 1892 30
1718 1833 38
1718 1790 48
1718 1877 29
1718 1891 16
1718 1831 44
1718 1835 4
1718 1789 25
1718 1828 53
1718 1927 47
1718 1895 51
1718 1830 20
1718 1834 56
1718 1846 51
1718 1819 48
1718 1827 56
1718 1922 50
1718 1928 49
1718 1933 53
1718 1894 39
1718 1821 5
1180 1875 34
1180 1870 39
1180 1876 9
1180 1869 47
1180 2285 0
1180 1868 57
1180 1866 5
1180 1859 58
1180 1890 27
1180 1788 22
1180 1858 56
1180 1892 31
1180 1833 50
1180 1790 8
1180 1877 30
1180 1891 21
1180 1831 19
1180 1835 31
1180 1789 14
1180 1828 10
1180 1927 47
1180 1895 30
1180 1830 36
1180 1834 53
1180 1846 19
1180 1819 51
1180 1827 43
1180 1922 16
1180 1928 29
1180 1933 51
1180 1894 14
1180 1821 52
1181 1875 31
1181 1870 2
1181 1876 36
1181 1869 38
1181 2285 19
1181 1868 4
1181 1866 46
1181 1859 23
1181 1890 25
1181 1788 7
1181 1858 35
1181 1892 39
1181 1833 18
1181 1790 17
1181 1877 35
1181 1891 36
1181 1831 30
1181 1835 49
1181 1789 44
1181 1828 47
1181 1927 45
1181 1895 34
1181 1830 18
1181 1834 40
1181 1846 33
1181 1819 27
1181 1827 38
1181 1922 41
1181 1928 25
1181 1933 6
1181 1894 18
1181 1821 18
1724 1875 27
1724 1870 19
1724 1876 42
1724 1869 48
1724 2285 3
1724 1868 55
1724 1866 48
1724 1859 28
1724 1890 7
1724 1788 41
1724 1858 11
1724 1892 33
1724 1833 13
1724 1790 51
1724 1877 37
1724 1891 43
1724 1831 40
1724 1835 37
1724 1789 22
1724 1828 53
1724 1927 27
1724 1895 9
1724 1830 27
1724 1834 28
1724 1846 15
1724 1819 60
1724 1827 23
1724 1922 15
1724 1928 14
1724 1933 9
1724 1894 57
1724 1821 35
1723 1875 52
1723 1870 3
1723 1876 60
1723 1869 40
1723 2285 21
1723 1868 7
1723 1866 55
1723 1859 16
1723 1890 17
1723 1788 52
1723 1858 8
1723 1892 36
1723 1833 52
1723 1790 51
1723 1877 28
1723 1891 41
1723 1831 34
1723 1835 1
1723 1789 43
1723 1828 9
1723 1927 1
1723 1895 52
1723 1830 49
1723 1834 3
1723 1846 59
1723 1819 30
1723 1827 57
1723 1922 20
1723 1928 24
1723 1933 20
1723 1894 14
1723 1821 52
1152 1875 54
1152 1870 10
1152 1876 42
1152 1869 35
1152 2285 27
1152 1868 50
1152 1866 41
1152 1859 26
1152 1890 43
1152 1788 56
1152 1858 6
1152 1892 58
1152 1833 44
1152 1790 32
1152 1877 51
1152 1891 55
1152 1831 13
1152 1835 52
1152 1789 52
1152 1828 59
1152 1927 49
1152 1895 1
1152 1830 4
1152 1834 0
1152 1846 31
1152 1819 21
1152 1827 38
1152 1922 0
1152 1928 59
1152 1933 0
1152 1894 32
1152 1821 45
1151 1875 9
1151 1870 35
1151 1876 7
1151 1869 39
1151 2285 48
1151 1868 1
1151 1866 40
1151 1859 20
1151 1890 35
1151 1788 2
1151 1858 7
1151 1892 42
1151 1833 23
1151 1790 16
1151 1877 50
1151 1891 38
1151 1831 56
1151 1835 35
1151 1789 0
1151 1828 5
1151 1927 39
1151 1895 2
1151 1830 34
1151 1834 34
1151 1846 21
1151 1819 28
1151 1827 7
1151 1922 21
1151 1928 57
1151 1933 11
1151 1894 56
1151 1821 25
1161 1875 60
1161 1870 0
1161 1876 1
1161 1869 22
1161 2285 14
1161 1868 16
1161 1866 2
1161 1859 42
1161 1890 18
1161 1788 13
1161 1858 53
1161 1892 53
1161 1833 36
1161 1790 42
1161 1877 6
1161 1891 38
1161 1831 59
1161 1835 21
1161 1789 22
1161 1828 13
1161 1927 35
1161 1895 22
1161 1830 50
1161 1834 31
1161 1846 2
1161 1819 13
1161 1827 36
1161 1922 26
1161 1928 26
1161 1933 7
1161 1894 47
1161 1821 31
1153 1875 53
1153 1870 26
1153 1876 36
1153 1869 50
1153 2285 13
1153 1868 33
1153 1866 6
1153 1859 43
1153 1890 54
1153 1788 43
1153 1858 28
1153 1892 58
1153 1833 0
1153 1790 38
1153 1877 17
1153 1891 53
1153 1831 46
1153 1835 41
1153 1789 19
1153 1828 5
1153 1927 25
1153 1895 16
1153 1830 46
1153 1834 39
1153 1846 19
1153 1819 25
1153 1827 30
1153 1922 12
1153 1928 59
1153 1933 22
1153 1894 40
1153 1821 9
948 1875 57
948 1870 1
948 1876 40
948 1869 57
948 2285 54
948 1868 19
948 1866 58
948 1859 0
948 1890 35
948 1788 21
948 1858 5
948 1892 30
948 1833 10
948 1790 13
948 1877 20
948 1891 15
948 1831 53
948 1835 11
948 1789 14
948 1828 9
948 1927 19
948 1895 39
948 1830 11
948 1834 29
948 1846 2
948 1819 19
948 1827 25
948 1922 59
948 1928 46
948 1933 46
948 1894 13
948 1821 17
1179 1875 0
1179 1870 57
1179 1876 53
1179 1869 26
1179 2285 56
1179 1868 56
1179 1866 58
1179 1859 17
1179 1890 32
1179 1788 19
1179 1858 0
1179 1892 10
1179 1833 24
1179 1790 51
1179 1877 28
1179 1891 36
1179 1831 31
1179 1835 24
1179 1789 14
1179 1828 60
1179 1927 0
1179 1895 0
1179 1830 16
1179 1834 6
1179 1846 6
1179 1819 10
1179 1827 1
1179 1922 53
1179 1928 2
1179 1933 6
1179 1894 3
1179 1821 54
1714 1875 59
1714 1870 6
1714 1876 21
1714 1869 29
1714 2285 17
1714 1868 8
1714 1866 54
1714 1859 27
1714 1890 14
1714 1788 56
1714 1858 19
1714 1892 31
1714 1833 53
1714 1790 26
1714 1877 32
1714 1891 40
1714 1831 4
1714 1835 55
1714 1789 21
1714 1828 54
1714 1927 34
1714 1895 2
1714 1830 58
1714 1834 33
1714 1846 32
1714 1819 52
1714 1827 50
1714 1922 12
1714 1928 20
1714 1933 3
1714 1894 40
1714 1821 18
1717 1875 15
1717 1870 17
1717 1876 55
1717 1869 50
1717 2285 53
1717 1868 20
1717 1866 49
1717 1859 28
1717 1890 11
1717 1788 35
1717 1858 4
1717 1892 20
1717 1833 1
1717 1790 36
1717 1877 43
1717 1891 6
1717 1831 51
1717 1835 17
1717 1789 4
1717 1828 59
1717 1927 4
1717 1895 41
1717 1830 20
1717 1834 10
1717 1846 35
1717 1819 14
1717 1827 12
1717 1922 33
1717 1928 37
1717 1933 32
1717 1894 36
1717 1821 38
1722 1875 18
1722 1870 4
1722 1876 10
1722 1869 47
1722 2285 21
1722 1868 50
1722 1866 43
1722 1859 57
1722 1890 45
1722 1788 22
1722 1858 44
1722 1892 50
1722 1833 37
1722 1790 5
1722 1877 28
1722 1891 36
1722 1831 50
1722 1835 10
1722 1789 54
1722 1828 12
1722 1927 33
1722 1895 36
1722 1830 52
1722 1834 27
1722 1846 38
1722 1819 22
1722 1827 34
1722 1922 52
1722 1928 34
1722 1933 21
1722 1894 45
1722 1821 7
1162 1875 57
1162 1870 50
1162 1876 3
1162 1869 19
1162 2285 49
1162 1868 29
1162 1866 5
1162 1859 44
1162 1890 13
1162 1788 1
1162 1858 18
1162 1892 58
1162 1833 46
1162 1790 27
1162 1877 47
1162 1891 23
1162 1831 22
1162 1835 19
1162 1789 29
1162 1828 32
1162 1927 9
1162 1895 14
1162 1830 37
1162 1834 51
1162 1846 28
1162 1819 41
1162 1827 60
1162 1922 1
1162 1928 44
1162 1933 47
1162 1894 52
1162 1821 47
1184 1875 57
1184 1870 58
1184 1876 0
1184 1869 4
1184 2285 51
1184 1868 10
1184 1866 52
1184 1859 45
1184 1890 13
1184 1788 16
1184 1858 59
1184 1892 48
1184 1833 16
1184 1790 51
1184 1877 31
1184 1891 44
1184 1831 2
1184 1835 23
1184 1789 24
1184 1828 51
1184 1927 38
1184 1895 57
1184 1830 47
1184 1834 33
1184 1846 50
1184 1819 25
1184 1827 16
1184 1922 33
1184 1928 8
1184 1933 58
1184 1894 37
1184 1821 3
1725 1875 50
1725 1870 39
1725 1876 26
1725 1869 11
1725 2285 19
1725 1868 22
1725 1866 11
1725 1859 16
1725 1890 23
1725 1788 29
1725 1858 48
1725 1892 51
1725 1833 5
1725 1790 44
1725 1877 57
1725 1891 28
1725 1831 40
1725 1835 15
1725 1789 57
1725 1828 51
1725 1927 8
1725 1895 34
1725 1830 52
1725 1834 42
1725 1846 3
1725 1819 25
1725 1827 19
1725 1922 5
1725 1928 53
1725 1933 35
1725 1894 5
1725 1821 55
1727 1875 52
1727 1870 33
1727 1876 41
1727 1869 38
1727 2285 14
1727 1868 25
1727 1866 51
1727 1859 4
1727 1890 0
1727 1788 50
1727 1858 23
1727 1892 51
1727 1833 35
1727 1790 9
1727 1877 54
1727 1891 47
1727 1831 53
1727 1835 55
1727 1789 13
1727 1828 24
1727 1927 21
1727 1895 43
1727 1830 15
1727 1834 59
1727 1846 17
1727 1819 9
1727 1827 32
1727 1922 18
1727 1928 2
1727 1933 32
1727 1894 24
1727 1821 24
1148 1875 5
1148 1870 33
1148 1876 25
1148 1869 24
1148 2285 38
1148 1868 38
1148 1866 59
1148 1859 17
1148 1890 57
1148 1788 35
1148 1858 22
1148 1892 28
1148 1833 23
1148 1790 52
1148 1877 47
1148 1891 57
1148 1831 25
1148 1835 36
1148 1789 57
1148 1828 19
1148 1927 6
1148 1895 47
1148 1830 7
1148 1834 19
1148 1846 34
1148 1819 48
1148 1827 22
1148 1922 3
1148 1928 32
1148 1933 41
1148 1894 9
1148 1821 1
1150 1875 54
1150 1870 40
1150 1876 9
1150 1869 27
1150 2285 47
1150 1868 20
1150 1866 4
1150 1859 60
1150 1890 43
1150 1788 46
1150 1858 36
1150 1892 29
1150 1833 4
1150 1790 5
1150 1877 6
1150 1891 33
1150 1831 17
1150 1835 21
1150 1789 54
1150 1828 43
1150 1927 49
1150 1895 42
1150 1830 28
1150 1834 0
1150 1846 42
1150 1819 33
1150 1827 0
1150 1922 57
1150 1928 39
1150 1933 37
1150 1894 41
1150 1821 27
1160 1875 59
1160 1870 34
1160 1876 7
1160 1869 5
1160 2285 15
1160 1868 5
1160 1866 39
1160 1859 26
1160 1890 31
1160 1788 20
1160 1858 54
1160 1892 33
1160 1833 37
1160 1790 58
1160 1877 16
1160 1891 41
1160 1831 42
1160 1835 49
1160 1789 48
1160 1828 36
1160 1927 42
1160 1895 43
1160 1830 35
1160 1834 25
1160 1846 20
1160 1819 44
1160 1827 21
1160 1922 10
1160 1928 58
1160 1933 51
1160 1894 14
1160 1821 2
1154 1875 3
1154 1870 37
1154 1876 43
1154 1869 6
1154 2285 11
1154 1868 26
1154 1866 52
1154 1859 8
1154 1890 12
1154 1788 2
1154 1858 0
1154 1892 1
1154 1833 4
1154 1790 57
1154 1877 40
1154 1891 36
1154 1831 58
1154 1835 6
1154 1789 24
1154 1828 1
1154 1927 22
1154 1895 49
1154 1830 39
1154 1834 6
1154 1846 12
1154 1819 11
1154 1827 13
1154 1922 38
1154 1928 46
1154 1933 12
1154 1894 8
1154 1821 37
