6345 5887 42
6345 5887 44
6345 5886 2
6345 5886 57
6345 5888 47
6345 5888 60
6345 6296 3
6345 6296 36
6345 6373 31
6345 6373 46
6345 9820 47
6345 9820 32
6345 6297 7
6345 6297 10
6345 6336 34
6345 6336 6
6345 9810 36
6345 9810 60
6345 8340 11
6345 8340 3
6345 9811 26
6345 9811 33
6345 6098 36
6345 6098 10
6345 6699 7
6345 6699 16
6345 6337 57
6345 6337 36
6345 6338 0
6345 6338 57
6345 8339 42
6345 8339 51
6345 8341 14
6345 8341 53
6345 6097 5
6345 6097 18
6345 6100 24
6345 6100 16
6345 6339 29
6345 6339 51
6345 6434 60
6345 6434 56
6345 6099 46
6345 6099 55
6345 7407 0
6345 7407 21
6345 9812 31
6345 9812 8
6345 5969 39
6345 5969 36
6345 7406 5
6345 7406 48
6345 7405 40
6345 7405 25
6345 7414 4
6345 7414 54
6345 7423 39
6345 7423 59
6345 9813 13
6345 9813 7
6345 5970 55
6345 5970 59
6345 9626 15
6345 9626 19
6344 5887 32
6344 5887 2
6344 5886 53
6344 5886 11
6344 5888 58
6344 5888 47
6344 6296 60
6344 6296 14
6344 6373 22
6344 6373 28
6344 9820 11
6344 9820 22
6344 6297 39
6344 6297 39
6344 6336 38
6344 6336 29
6344 9810 47
6344 9810 60
6344 8340 40
6344 8340 60
6344 9811 48
6344 9811 30
6344 6098 36
6344 6098 4
6344 6699 57
6344 6699 52
6344 6337 54
6344 6337 4
6344 6338 42
6344 6338 29
6344 8339 33
6344 8339 47
6344 8341 35
6344 8341 30
6344 6097 10
6344 6097 45
6344 6100 38
6344 6100 24
6344 6339 53
6344 6339 55
6344 6434 4
6344 6434 44
6344 6099 22
6344 6099 23
6344 7407 36
6344 7407 7
6344 9812 56
6344 9812 53
6344 5969 33
6344 5969 30
6344 7406 15
6344 7406 55
6344 7405 49
6344 7405 33
6344 7414 4
6344 7414 34
6344 7423 27
6344 7423 56
6344 9813 45
6344 9813 37
6344 5970 24
6344 5970 13
6344 9626 2
6344 9626 26
6346 5887 14
6346 5887 35
6346 5886 58
6346 5886 33
6346 5888 36
6346 5888 47
6346 6296 25
6346 6296 8
6346 6373 19
6346 6373 14
6346 9820 0
6346 9820 38
6346 6297 46
6346 6297 58
6346 6336 24
6346 6336 35
6346 9810 1
6346 9810 18
6346 8340 8
6346 8340 12
6346 9811 18
6346 9811 16
6346 6098 57
6346 6098 51
6346 6699 53
6346 6699 47
6346 6337 31
6346 6337 29
6346 6338 21
6346 6338 42
6346 8339 7
6346 8339 33
6346 8341 56
6346 8341 2
6346 6097 9
6346 6097 41
6346 6100 6
6346 6100 50
6346 6339 55
6346 6339 19
6346 6434 48
6346 6434 59
6346 6099 46
6346 6099 51
6346 7407 58
6346 7407 27
6346 9812 39
6346 9812 54
6346 5969 23
6346 5969 44
6346 7406 27
6346 7406 55
6346 7405 49
6346 7405 28
6346 7414 30
6346 7414 56
6346 7423 31
6346 7423 24
6346 9813 0
6346 9813 49
6346 5970 16
6346 5970 48
6346 9626 47
6346 9626 43
8433 5887 13
8433 5887 9
8433 5886 2
8433 5886 9
8433 5888 39
8433 5888 0
8433 6296 0
8433 6296 32
8433 6373 0
8433 6373 26
8433 9820 28
8433 9820 39
8433 6297 52
8433 6297 48
8433 6336 29
8433 6336 50
8433 9810 10
8433 9810 18
8433 8340 29
8433 8340 16
8433 9811 14
8433 9811 9
8433 6098 3
8433 6098 40
8433 6699 22
8433 6699 17
8433 6337 10
8433 6337 49
8433 6338 24
8433 6338 38
8433 8339 25
8433 8339 37
8433 8341 33
8433 8341 5
8433 6097 51
8433 6097 22
8433 6100 19
8433 6100 22
8433 6339 57
8433 6339 2
8433 6434 35
8433 6434 18
8433 6099 14
8433 6099 56
8433 7407 5
8433 7407 60
8433 9812 18
8433 9812 15
8433 5969 22
8433 5969 8
8433 7406 33
8433 7406 35
8433 7405 10
8433 7405 4
8433 7414 54
8433 7414 35
8433 7423 18
8433 7423 50
8433 9813 34
8433 9813 40
8433 5970 57
8433 5970 30
8433 9626 38
8433 9626 35
8432 5887 49
8432 5887 54
8432 5886 38
8432 5886 41
8432 5888 11
8432 5888 4
8432 6296 41
8432 6296 16
8432 6373 29
8432 6373 2
8432 9820 20
8432 9820 59
8432 6297 53
8432 6297 4
8432 6336 55
8432 6336 58
8432 9810 58
8432 9810 3
8432 8340 49
8432 8340 14
8432 9811 1
8432 9811 31
8432 6098 30
8432 6098 58
8432 6699 24
8432 6699 29
8432 6337 45
8432 6337 35
8432 6338 38
8432 6338 39
8432 8339 9
8432 8339 30
8432 8341 52
8432 8341 7
8432 6097 46
8432 6097 47
8432 6100 1
8432 6100 21
8432 6339 29
8432 6339 44
8432 6434 46
8432 6434 47
8432 6099 27
8432 6099 60
8432 7407 51
8432 7407 10
8432 9812 21
8432 9812 4
8432 5969 1
8432 5969 0
8432 7406 15
8432 7406 13
8432 7405 32
8432 7405 6
8432 7414 29
8432 7414 1
8432 7423 39
8432 7423 25
8432 9813 15
8432 9813 29
8432 5970 41
8432 5970 12
8432 9626 37
8432 9626 34
6340 5887 53
6340 5887 28
6340 5886 38
6340 5886 51
6340 5888 30
6340 5888 53
6340 6296 4
6340 6296 42
6340 6373 48
6340 6373 38
6340 9820 2
6340 9820 53
6340 6297 46
6340 6297 23
6340 6336 58
6340 6336 20
6340 9810 49
6340 9810 16
6340 8340 48
6340 8340 0
6340 9811 45
6340 9811 7
6340 6098 16
6340 6098 13
6340 6699 15
6340 6699 5
6340 6337 1
6340 6337 55
6340 6338 32
6340 6338 9
6340 8339 3
6340 8339 21
6340 8341 14
6340 8341 9
6340 6097 56
6340 6097 58
6340 6100 37
6340 6100 26
6340 6339 22
6340 6339 12
6340 6434 29
6340 6434 42
6340 6099 12
6340 6099 51
6340 7407 3
6340 7407 26
6340 9812 18
6340 9812 29
6340 5969 5
6340 5969 27
6340 7406 25
6340 7406 21
6340 7405 49
6340 7405 40
6340 7414 52
6340 7414 34
6340 7423 11
6340 7423 5
6340 9813 28
6340 9813 58
6340 5970 4
6340 5970 40
6340 9626 37
6340 9626 27
8434 5887 9
8434 5887 41
8434 5886 10
8434 5886 19
8434 5888 9
8434 5888 26
8434 6296 1
8434 6296 39
8434 6373 14
8434 6373 14
8434 9820 47
8434 9820 16
8434 6297 48
8434 6297 55
8434 6336 24
8434 6336 7
8434 9810 12
8434 9810 15
8434 8340 33
8434 8340 7
8434 9811 20
8434 9811 48
8434 6098 38
8434 6098 35
8434 6699 35
8434 6699 50
8434 6337 31
8434 6337 15
8434 6338 11
8434 6338 9
8434 8339 37
8434 8339 3
8434 8341 22
8434 8341 42
8434 6097 4
8434 6097 16
8434 6100 54
8434 6100 37
8434 6339 16
8434 6339 10
8434 6434 41
8434 6434 34
8434 6099 48
8434 6099 59
8434 7407 39
8434 7407 55
8434 9812 32
8434 9812 28
8434 5969 23
8434 5969 31
8434 7406 18
8434 7406 25
8434 7405 29
8434 7405 58
8434 7414 51
8434 7414 38
8434 7423 47
8434 7423 34
8434 9813 43
8434 9813 7
8434 5970 18
8434 5970 50
8434 9626 37
8434 9626 54
6414 5887 44
6414 5887 35
6414 5886 14
6414 5886 47
6414 5888 43
6414 5888 45
6414 6296 60
6414 6296 23
6414 6373 46
6414 6373 39
6414 9820 41
6414 9820 7
6414 6297 3
6414 6297 14
6414 6336 4
6414 6336 26
6414 9810 30
6414 9810 5
6414 8340 10
6414 8340 52
6414 9811 57
6414 9811 34
6414 6098 54
6414 6098 42
6414 6699 14
6414 6699 11
6414 6337 15
6414 6337 15
6414 6338 47
6414 6338 22
6414 8339 49
6414 8339 46
6414 8341 26
6414 8341 48
6414 6097 26
6414 6097 5
6414 6100 37
6414 6100 36
6414 6339 58
6414 6339 2
6414 6434 37
6414 6434 60
6414 6099 9
6414 6099 17
6414 7407 35
6414 7407 18
6414 9812 23
6414 9812 3
6414 5969 54
6414 5969 45
6414 7406 18
6414 7406 0
6414 7405 36
6414 7405 4
6414 7414 32
6414 7414 4
6414 7423 44
6414 7423 53
6414 9813 5
6414 9813 25
6414 5970 33
6414 5970 0
6414 9626 22
6414 9626 26
8667 5887 53
8667 5887 1
8667 5886 22
8667 5886 17
8667 5888 31
8667 5888 32
8667 6296 24
8667 6296 20
8667 6373 33
8667 6373 7
8667 9820 30
8667 9820 34
8667 6297 37
8667 6297 46
8667 6336 37
8667 6336 10
8667 9810 43
8667 9810 35
8667 8340 25
8667 8340 23
8667 9811 37
8667 9811 11
8667 6098 1
8667 6098 11
8667 6699 29
8667 6699 14
8667 6337 58
8667 6337 0
8667 6338 54
8667 6338 19
8667 8339 41
8667 8339 28
8667 8341 26
8667 8341 13
8667 6097 55
8667 6097 37
8667 6100 19
8667 6100 14
8667 6339 51
8667 6339 37
8667 6434 11
8667 6434 52
8667 6099 1
8667 6099 8
8667 7407 53
8667 7407 41
8667 9812 18
8667 9812 46
8667 5969 23
8667 5969 60
8667 7406 4
8667 7406 29
8667 7405 43
8667 7405 10
8667 7414 17
8667 7414 28
8667 7423 40
8667 7423 3
8667 9813 48
8667 9813 2
8667 5970 5
8667 5970 18
8667 9626 42
8667 9626 49
6342 5887 12
6342 5887 44
6342 5886 42
6342 5886 30
6342 5888 14
6342 5888 31
6342 6296 41
6342 6296 47
6342 6373 15
6342 6373 12
6342 9820 15
6342 9820 18
6342 6297 6
6342 6297 2
6342 6336 44
6342 6336 21
6342 9810 23
6342 9810 15
6342 8340 14
6342 8340 44
6342 9811 57
6342 9811 48
6342 6098 8
6342 6098 30
6342 6699 39
6342 6699 48
6342 6337 48
6342 6337 21
6342 6338 31
6342 6338 30
6342 8339 35
6342 8339 36
6342 8341 8
6342 8341 13
6342 6097 40
6342 6097 51
6342 6100 16
6342 6100 7
6342 6339 19
6342 6339 1
6342 6434 60
6342 6434 38
6342 6099 7
6342 6099 42
6342 7407 27
6342 7407 51
6342 9812 35
6342 9812 30
6342 5969 43
6342 5969 53
6342 7406 29
6342 7406 50
6342 7405 58
6342 7405 10
6342 7414 54
6342 7414 21
6342 7423 58
6342 7423 12
6342 9813 26
6342 9813 56
6342 5970 17
6342 5970 8
6342 9626 37
6342 9626 52
8669 5887 56
8669 5887 29
8669 5886 9
8669 5886 40
8669 5888 17
8669 5888 13
8669 6296 3
8669 6296 0
8669 6373 48
8669 6373 29
8669 9820 28
8669 9820 9
8669 6297 32
8669 6297 11
8669 6336 13
8669 6336 7
8669 9810 53
8669 9810 27
8669 8340 21
8669 8340 59
8669 9811 46
8669 9811 6
8669 6098 2
8669 6098 34
8669 6699 32
8669 6699 54
8669 6337 47
8669 6337 18
8669 6338 21
8669 6338 30
8669 8339 13
8669 8339 35
8669 8341 21
8669 8341 22
8669 6097 36
8669 6097 12
8669 6100 0
8669 6100 55
8669 6339 55
8669 6339 12
8669 6434 41
8669 6434 8
8669 6099 10
8669 6099 20
8669 7407 30
8669 7407 49
8669 9812 15
8669 9812 21
8669 5969 55
8669 5969 45
8669 7406 6
8669 7406 46
8669 7405 5
8669 7405 15
8669 7414 59
8669 7414 57
8669 7423 1
8669 7423 48
8669 9813 49
8669 9813 33
8669 5970 1
8669 5970 0
8669 9626 46
8669 9626 24
8664 5887 35
8664 5887 34
8664 5886 10
8664 5886 49
8664 5888 9
8664 5888 37
8664 6296 10
8664 6296 1
8664 6373 35
8664 6373 38
8664 9820 24
8664 9820 54
8664 6297 22
8664 6297 3
8664 6336 56
8664 6336 42
8664 9810 27
8664 9810 12
8664 8340 42
8664 8340 54
8664 9811 52
8664 9811 46
8664 6098 51
8664 6098 6
8664 6699 18
8664 6699 20
8664 6337 27
8664 6337 23
8664 6338 46
8664 6338 8
8664 8339 12
8664 8339 34
8664 8341 39
8664 8341 45
8664 6097 20
8664 6097 23
8664 6100 35
8664 6100 30
8664 6339 36
8664 6339 12
8664 6434 56
8664 6434 16
8664 6099 10
8664 6099 32
8664 7407 45
8664 7407 53
8664 9812 48
8664 9812 55
8664 5969 42
8664 5969 26
8664 7406 47
8664 7406 30
8664 7405 36
8664 7405 23
8664 7414 1
8664 7414 49
8664 7423 30
8664 7423 34
8664 9813 33
8664 9813 13
8664 5970 32
8664 5970 17
8664 9626 48
8664 9626 3
8431 5887 51
8431 5887 11
8431 5886 53
8431 5886 24
8431 5888 7
8431 5888 37
8431 6296 0
8431 6296 55
8431 6373 3
8431 6373 17
8431 9820 41
8431 9820 56
8431 6297 21
8431 6297 35
8431 6336 10
8431 6336 22
8431 9810 45
8431 9810 28
8431 8340 51
8431 8340 26
8431 9811 47
8431 9811 28
8431 6098 9
8431 6098 3
8431 6699 57
8431 6699 17
8431 6337 35
8431 6337 40
8431 6338 2
8431 6338 11
8431 8339 1
8431 8339 23
8431 8341 31
8431 8341 16
8431 6097 10
8431 6097 51
8431 6100 48
8431 6100 42
8431 6339 58
8431 6339 12
8431 6434 38
8431 6434 2
8431 6099 55
8431 6099 1
8431 7407 32
8431 7407 37
8431 9812 26
8431 9812 52
8431 5969 45
8431 5969 58
8431 7406 0
8431 7406 58
8431 7405 36
8431 7405 29
8431 7414 6
8431 7414 10
8431 7423 32
8431 7423 10
8431 9813 0
8431 9813 60
8431 5970 28
8431 5970 7
8431 9626 7
8431 9626 30
5359 5887 56
5359 5887 48
5359 5886 6
5359 5886 4
5359 5888 5
5359 5888 56
5359 6296 34
5359 6296 11
5359 6373 9
5359 6373 4
5359 9820 43
5359 9820 6
5359 6297 13
5359 6297 24
5359 6336 49
5359 6336 5
5359 9810 28
5359 9810 44
5359 8340 55
5359 8340 41
5359 9811 17
5359 9811 20
5359 6098 40
5359 6098 43
5359 6699 13
5359 6699 2
5359 6337 38
5359 6337 18
5359 6338 25
5359 6338 7
5359 8339 51
5359 8339 0
5359 8341 21
5359 8341 13
5359 6097 21
5359 6097 40
5359 6100 39
5359 6100 12
5359 6339 24
5359 6339 53
5359 6434 45
5359 6434 29
5359 6099 53
5359 6099 0
5359 7407 20
5359 7407 37
5359 9812 46
5359 9812 59
5359 5969 34
5359 5969 23
5359 7406 4
5359 7406 39
5359 7405 2
5359 7405 29
5359 7414 29
5359 7414 49
5359 7423 55
5359 7423 53
5359 9813 3
5359 9813 12
5359 5970 35
5359 5970 16
5359 9626 38
5359 9626 0
6341 5887 56
6341 5887 22
6341 5886 33
6341 5886 48
6341 5888 42
6341 5888 52
6341 6296 2
6341 6296 24
6341 6373 15
6341 6373 32
6341 9820 50
6341 9820 10
6341 6297 14
6341 6297 43
6341 6336 20
6341 6336 20
6341 9810 31
6341 9810 27
6341 8340 40
6341 8340 58
6341 9811 6
6341 9811 10
6341 6098 23
6341 6098 9
6341 6699 59
6341 6699 56
6341 6337 27
6341 6337 12
6341 6338 51
6341 6338 39
6341 8339 39
6341 8339 41
6341 8341 0
6341 8341 49
6341 6097 44
6341 6097 14
6341 6100 58
6341 6100 57
6341 6339 29
6341 6339 48
6341 6434 11
6341 6434 49
6341 6099 7
6341 6099 48
6341 7407 29
6341 7407 54
6341 9812 9
6341 9812 6
6341 5969 42
6341 5969 22
6341 7406 24
6341 7406 24
6341 7405 6
6341 7405 17
6341 7414 56
6341 7414 55
6341 7423 22
6341 7423 6
6341 9813 18
6341 9813 30
6341 5970 56
6341 5970 2
6341 9626 51
6341 9626 60
8435 5887 52
8435 5887 10
8435 5886 41
8435 5886 24
8435 5888 48
8435 5888 42
8435 6296 5
8435 6296 21
8435 6373 41
8435 6373 49
8435 9820 0
8435 9820 15
8435 6297 4
8435 6297 55
8435 6336 34
8435 6336 13
8435 9810 2
8435 9810 40
8435 8340 28
8435 8340 34
8435 9811 13
8435 9811 59
8435 6098 56
8435 6098 6
8435 6699 12
8435 6699 12
8435 6337 56
8435 6337 4
8435 6338 37
8435 6338 27
8435 8339 53
8435 8339 30
8435 8341 42
8435 8341 19
8435 6097 36
8435 6097 44
8435 6100 15
8435 6100 41
8435 6339 4
8435 6339 31
8435 6434 37
8435 6434 9
8435 6099 52
8435 6099 10
8435 7407 14
8435 7407 7
8435 9812 58
8435 9812 16
8435 5969 12
8435 5969 10
8435 7406 57
8435 7406 4
8435 7405 13
8435 7405 53
8435 7414 58
8435 7414 51
8435 7423 1
8435 7423 26
8435 9813 8
8435 9813 52
8435 5970 58
8435 5970 24
8435 9626 45
8435 9626 60
8436 5887 24
8436 5887 14
8436 5886 43
8436 5886 41
8436 5888 18
8436 5888 60
8436 6296 29
8436 6296 26
8436 6373 56
8436 6373 29
8436 9820 7
8436 9820 42
8436 6297 49
8436 6297 7
8436 6336 23
8436 6336 47
8436 9810 25
8436 9810 31
8436 8340 46
8436 8340 35
8436 9811 55
8436 9811 52
8436 6098 56
8436 6098 23
8436 6699 47
8436 6699 35
8436 6337 18
8436 6337 36
8436 6338 58
8436 6338 4
8436 8339 49
8436 8339 45
8436 8341 22
8436 8341 22
8436 6097 57
8436 6097 37
8436 6100 2
8436 6100 2
8436 6339 9
8436 6339 47
8436 6434 55
8436 6434 2
8436 6099 31
8436 6099 55
8436 7407 27
8436 7407 0
8436 9812 21
8436 9812 29
8436 5969 34
8436 5969 17
8436 7406 4
8436 7406 7
8436 7405 34
8436 7405 58
8436 7414 19
8436 7414 18
8436 7423 59
8436 7423 8
8436 9813 9
8436 9813 31
8436 5970 0
8436 5970 55
8436 9626 21
8436 9626 40
6415 5887 16
6415 5887 59
6415 5886 41
6415 5886 25
6415 5888 40
6415 5888 57
6415 6296 52
6415 6296 20
6415 6373 33
6415 6373 45
6415 9820 33
6415 9820 3
6415 6297 48
6415 6297 30
6415 6336 38
6415 6336 32
6415 9810 23
6415 9810 19
6415 8340 39
6415 8340 1
6415 9811 39
6415 9811 55
6415 6098 16
6415 6098 7
6415 6699 15
6415 6699 46
6415 6337 44
6415 6337 42
6415 6338 9
6415 6338 49
6415 8339 23
6415 8339 48
6415 8341 1
6415 8341 30
6415 6097 22
6415 6097 33
6415 6100 3
6415 6100 6
6415 6339 12
6415 6339 38
6415 6434 33
6415 6434 39
6415 6099 47
6415 6099 16
6415 7407 1
6415 7407 44
6415 9812 48
6415 9812 43
6415 5969 24
6415 5969 25
6415 7406 49
6415 7406 58
6415 7405 14
6415 7405 0
6415 7414 40
6415 7414 23
6415 7423 54
6415 7423 9
6415 9813 3
6415 9813 42
6415 5970 7
6415 5970 34
6415 9626 29
6415 9626 53
8666 5887 20
8666 5887 13
8666 5886 19
8666 5886 60
8666 5888 58
8666 5888 49
8666 6296 60
8666 6296 40
8666 6373 3
8666 6373 11
8666 9820 22
8666 9820 57
8666 6297 54
8666 6297 60
8666 6336 0
8666 6336 27
8666 9810 43
8666 9810 35
8666 8340 38
8666 8340 25
8666 9811 21
8666 9811 46
8666 6098 6
8666 6098 39
8666 6699 40
8666 6699 30
8666 6337 7
8666 6337 19
8666 6338 13
8666 6338 56
8666 8339 12
8666 8339 47
8666 8341 11
8666 8341 55
8666 6097 38
8666 6097 26
8666 6100 26
8666 6100 49
8666 6339 45
8666 6339 43
8666 6434 54
8666 6434 0
8666 6099 19
8666 6099 54
8666 7407 6
8666 7407 2
8666 9812 50
8666 9812 11
8666 5969 28
8666 5969 7
8666 7406 60
8666 7406 54
8666 7405 37
8666 7405 54
8666 7414 29
8666 7414 37
8666 7423 1
8666 7423 28
8666 9813 44
8666 9813 13
8666 5970 42
8666 5970 59
8666 9626 7
8666 9626 1
6343 5887 26
6343 5887 27
6343 5886 9
6343 5886 10
6343 5888 26
6343 5888 4
6343 6296 49
6343 6296 5
6343 6373 43
6343 6373 15
6343 9820 58
6343 9820 14
6343 6297 13
6343 6297 25
6343 6336 1
6343 6336 26
6343 9810 19
6343 9810 59
6343 8340 58
6343 8340 55
6343 9811 46
6343 9811 35
6343 6098 52
6343 6098 9
6343 6699 46
6343 6699 3
6343 6337 41
6343 6337 49
6343 6338 0
6343 6338 57
6343 8339 13
6343 8339 30
6343 8341 60
6343 8341 2
6343 6097 0
6343 6097 11
6343 6100 16
6343 6100 54
6343 6339 44
6343 6339 24
6343 6434 41
6343 6434 60
6343 6099 56
6343 6099 2
6343 7407 11
6343 7407 29
6343 9812 56
6343 9812 42
6343 5969 60
6343 5969 48
6343 7406 53
6343 7406 37
6343 7405 48
6343 7405 0
6343 7414 38
6343 7414 35
6343 7423 0
6343 7423 56
6343 9813 11
6343 9813 44
6343 5970 37
6343 5970 9
6343 9626 42
6343 9626 52
8672 5887 27
8672 5887 10
8672 5886 19
8672 5886 17
8672 5888 14
8672 5888 37
8672 6296 6
8672 6296 48
8672 6373 37
8672 6373 9
8672 9820 58
8672 9820 28
8672 6297 60
8672 6297 43
8672 6336 40
8672 6336 7
8672 9810 46
8672 9810 43
8672 8340 36
8672 8340 18
8672 9811 3
8672 9811 37
8672 6098 49
8672 6098 38
8672 6699 44
8672 6699 23
8672 6337 59
8672 6337 16
8672 6338 31
8672 6338 25
8672 8339 0
8672 8339 39
8672 8341 5
8672 8341 30
8672 6097 59
8672 6097 60
8672 6100 30
8672 6100 31
8672 6339 37
8672 6339 26
8672 6434 39
8672 6434 37
8672 6099 58
8672 6099 44
8672 7407 48
8672 7407 31
8672 9812 20
8672 9812 17
8672 5969 55
8672 5969 46
8672 7406 36
8672 7406 28
8672 7405 46
8672 7405 14
8672 7414 7
8672 7414 0
8672 7423 44
8672 7423 11
8672 9813 5
8672 9813 25
8672 5970 10
8672 5970 44
8672 9626 13
8672 9626 28
8668 5887 9
8668 5887 38
8668 5886 31
8668 5886 50
8668 5888 53
8668 5888 20
8668 6296 52
8668 6296 49
8668 6373 50
8668 6373 36
8668 9820 27
8668 9820 51
8668 6297 25
8668 6297 10
8668 6336 46
8668 6336 52
8668 9810 22
8668 9810 4
8668 8340 0
8668 8340 26
8668 9811 6
8668 9811 33
8668 6098 50
8668 6098 21
8668 6699 19
8668 6699 13
8668 6337 12
8668 6337 56
8668 6338 55
8668 6338 60
8668 8339 59
8668 8339 24
8668 8341 9
8668 8341 33
8668 6097 19
8668 6097 25
8668 6100 45
8668 6100 38
8668 6339 21
8668 6339 9
8668 6434 43
8668 6434 8
8668 6099 23
8668 6099 2
8668 7407 45
8668 7407 21
8668 9812 57
8668 9812 13
8668 5969 14
8668 5969 15
8668 7406 31
8668 7406 26
8668 7405 8
8668 7405 31
8668 7414 51
8668 7414 7
8668 7423 7
8668 7423 15
8668 9813 4
8668 9813 48
8668 5970 22
8668 5970 0
8668 9626 10
8668 9626 0
8671 5887 48
8671 5887 58
8671 5886 7
8671 5886 9
8671 5888 58
8671 5888 60
8671 6296 49
8671 6296 39
8671 6373 49
8671 6373 9
8671 9820 4
8671 9820 27
8671 6297 46
8671 6297 5
8671 6336 5
8671 6336 51
8671 9810 45
8671 9810 21
8671 8340 7
8671 8340 34
8671 9811 6
8671 9811 51
8671 6098 51
8671 6098 29
8671 6699 54
8671 6699 53
8671 6337 36
8671 6337 16
8671 6338 5
8671 6338 55
8671 8339 5
8671 8339 30
8671 8341 41
8671 8341 28
8671 6097 56
8671 6097 32
8671 6100 51
8671 6100 20
8671 6339 54
8671 6339 33
8671 6434 13
8671 6434 38
8671 6099 28
8671 6099 29
8671 7407 52
8671 7407 8
8671 9812 25
8671 9812 6
8671 5969 55
8671 5969 7
8671 7406 37
8671 7406 34
8671 7405 33
8671 7405 25
8671 7414 31
8671 7414 32
8671 7423 14
8671 7423 9
8671 9813 25
8671 9813 40
8671 5970 35
8671 5970 34
8671 9626 58
8671 9626 31
8663 5887 3
8663 5887 56
8663 5886 13
8663 5886 17
8663 5888 60
8663 5888 45
8663 6296 12
8663 6296 9
8663 6373 2
8663 6373 52
8663 9820 4
8663 9820 1
8663 6297 11
8663 6297 12
8663 6336 22
8663 6336 41
8663 9810 25
8663 9810 33
8663 8340 53
8663 8340 42
8663 9811 30
8663 9811 8
8663 6098 55
8663 6098 11
8663 6699 57
8663 6699 42
8663 6337 58
8663 6337 8
8663 6338 60
8663 6338 40
8663 8339 52
8663 8339 28
8663 8341 27
8663 8341 18
8663 6097 13
8663 6097 54
8663 6100 59
8663 6100 15
8663 6339 37
8663 6339 58
8663 6434 2
8663 6434 13
8663 6099 21
8663 6099 51
8663 7407 50
8663 7407 4
8663 9812 24
8663 9812 42
8663 5969 5
8663 5969 13
8663 7406 24
8663 7406 39
8663 7405 58
8663 7405 26
8663 7414 33
8663 7414 25
8663 7423 3
8663 7423 53
8663 9813 22
8663 9813 50
8663 5970 56
8663 5970 36
8663 9626 18
8663 9626 12
5260 5887 43
5260 5887 17
5260 5886 33
5260 5886 53
5260 5888 21
5260 5888 6
5260 6296 47
5260 6296 28
5260 6373 17
5260 6373 31
5260 9820 27
5260 9820 11
5260 6297 50
5260 6297 56
5260 6336 6
5260 6336 22
5260 9810 57
5260 9810 11
5260 8340 26
5260 8340 44
5260 9811 11
5260 9811 39
5260 6098 7
5260 6098 43
5260 6699 35
5260 6699 23
5260 6337 26
5260 6337 8
5260 6338 17
5260 6338 36
5260 8339 10
5260 8339 13
5260 8341 55
5260 8341 15
5260 6097 3
5260 6097 6
5260 6100 37
5260 6100 59
5260 6339 27
5260 6339 42
5260 6434 28
5260 6434 31
5260 6099 15
5260 6099 29
5260 7407 12
5260 7407 17
5260 9812 43
5260 9812 15
5260 5969 19
5260 5969 31
5260 7406 4
5260 7406 52
5260 7405 5
5260 7405 56
5260 7414 39
5260 7414 3
5260 7423 9
5260 7423 48
5260 9813 57
5260 9813 20
5260 5970 18
5260 5970 51
5260 9626 43
5260 9626 22
5358 5887 10
5358 5887 31
5358 5886 52
5358 5886 19
5358 5888 60
5358 5888 18
5358 6296 55
5358 6296 17
5358 6373 56
5358 6373 57
5358 9820 8
5358 9820 47
5358 6297 45
5358 6297 28
5358 6336 49
5358 6336 18
5358 9810 44
5358 9810 0
5358 8340 35
5358 8340 23
5358 9811 31
5358 9811 6
5358 6098 29
5358 6098 42
5358 6699 14
5358 6699 4
5358 6337 15
5358 6337 56
5358 6338 30
5358 6338 18
5358 8339 7
5358 8339 60
5358 8341 18
5358 8341 25
5358 6097 56
5358 6097 2
5358 6100 1
5358 6100 24
5358 6339 6
5358 6339 33
5358 6434 21
5358 6434 59
5358 6099 22
5358 6099 31
5358 7407 53
5358 7407 44
5358 9812 37
5358 9812 4
5358 5969 8
5358 5969 36
5358 7406 34
5358 7406 18
5358 7405 44
5358 7405 11
5358 7414 51
5358 7414 45
5358 7423 22
5358 7423 4
5358 9813 12
5358 9813 42
5358 5970 32
5358 5970 39
5358 9626 6
5358 9626 3
5357 5887 8
5357 5887 44
5357 5886 23
5357 5886 23
5357 5888 19
5357 5888 35
5357 6296 57
5357 6296 29
5357 6373 0
5357 6373 1
5357 9820 7
5357 9820 21
5357 6297 23
5357 6297 3
5357 6336 7
5357 6336 13
5357 9810 54
5357 9810 28
5357 8340 55
5357 8340 24
5357 9811 52
5357 9811 34
5357 6098 6
5357 6098 29
5357 6699 49
5357 6699 55
5357 6337 30
5357 6337 21
5357 6338 10
5357 6338 20
5357 8339 55
5357 8339 58
5357 8341 47
5357 8341 56
5357 6097 10
5357 6097 56
5357 6100 37
5357 6100 26
5357 6339 17
5357 6339 57
5357 6434 59
5357 6434 59
5357 6099 26
5357 6099 37
5357 7407 41
5357 7407 55
5357 9812 20
5357 9812 53
5357 5969 40
5357 5969 53
5357 7406 46
5357 7406 49
5357 7405 31
5357 7405 51
5357 7414 48
5357 7414 47
5357 7423 41
5357 7423 6
5357 9813 53
5357 9813 1
5357 5970 34
5357 5970 3
5357 9626 36
5357 9626 53
6389 5887 45
6389 5887 42
6389 5886 38
6389 5886 0
6389 5888 42
6389 5888 33
6389 6296 46
6389 6296 1
6389 6373 13
6389 6373 60
6389 9820 43
6389 9820 21
6389 6297 31
6389 6297 25
6389 6336 36
6389 6336 9
6389 9810 8
6389 9810 55
6389 8340 25
6389 8340 52
6389 9811 45
6389 9811 1
6389 6098 41
6389 6098 29
6389 6699 21
6389 6699 54
6389 6337 58
6389 6337 11
6389 6338 7
6389 6338 57
6389 8339 29
6389 8339 1
6389 8341 49
6389 8341 43
6389 6097 42
6389 6097 18
6389 6100 33
6389 6100 54
6389 6339 20
6389 6339 59
6389 6434 41
6389 6434 45
6389 6099 51
6389 6099 57
6389 7407 32
6389 7407 40
6389 9812 42
6389 9812 58
6389 5969 33
6389 5969 32
6389 7406 24
6389 7406 36
6389 7405 6
6389 7405 43
6389 7414 19
6389 7414 52
6389 7423 21
6389 7423 59
6389 9813 4
6389 9813 21
6389 5970 10
6389 5970 4
6389 9626 9
6389 9626 57
6547 5887 23
6547 5887 22
6547 5886 21
6547 5886 23
6547 5888 43
6547 5888 0
6547 6296 3
6547 6296 54
6547 6373 51
6547 6373 59
6547 9820 45
6547 9820 33
6547 6297 56
6547 6297 45
6547 6336 24
6547 6336 18
6547 9810 57
6547 9810 7
6547 8340 43
6547 8340 14
6547 9811 26
6547 9811 11
6547 6098 18
6547 6098 8
6547 6699 28
6547 6699 9
6547 6337 8
6547 6337 4
6547 6338 4
6547 6338 11
6547 8339 50
6547 8339 24
6547 8341 0
6547 8341 54
6547 6097 34
6547 6097 51
6547 6100 8
6547 6100 33
6547 6339 56
6547 6339 32
6547 6434 53
6547 6434 4
6547 6099 37
6547 6099 6
6547 7407 21
6547 7407 7
6547 9812 48
6547 9812 42
6547 5969 0
6547 5969 24
6547 7406 3
6547 7406 14
6547 7405 56
6547 7405 9
6547 7414 2
6547 7414 41
6547 7423 57
6547 7423 4
6547 9813 13
6547 9813 23
6547 5970 18
6547 5970 40
6547 9626 47
6547 9626 10
8437 5887 38
8437 5887 25
8437 5886 30
8437 5886 35
8437 5888 3
8437 5888 31
8437 6296 33
8437 6296 4
8437 6373 45
8437 6373 47
8437 9820 19
8437 9820 3
8437 6297 56
8437 6297 40
8437 6336 9
8437 6336 32
8437 9810 13
8437 9810 0
8437 8340 18
8437 8340 52
8437 9811 42
8437 9811 34
8437 6098 50
8437 6098 1
8437 6699 8
8437 6699 28
8437 6337 41
8437 6337 9
8437 6338 54
8437 6338 20
8437 8339 37
8437 8339 26
8437 8341 8
8437 8341 15
8437 6097 59
8437 6097 27
8437 6100 47
8437 6100 43
8437 6339 16
8437 6339 36
8437 6434 20
8437 6434 40
8437 6099 36
8437 6099 9
8437 7407 10
8437 7407 29
8437 9812 55
8437 9812 27
8437 5969 44
8437 5969 6
8437 7406 19
8437 7406 25
8437 7405 52
8437 7405 41
8437 7414 35
8437 7414 35
8437 7423 23
8437 7423 57
8437 9813 6
8437 9813 30
8437 5970 23
8437 5970 17
8437 9626 60
8437 9626 1
5365 5887 39
5365 5887 7
5365 5886 25
5365 5886 30
5365 5888 22
5365 5888 11
5365 6296 12
5365 6296 57
5365 6373 10
5365 6373 49
5365 9820 34
5365 9820 46
5365 6297 31
5365 6297 19
5365 6336 11
5365 6336 16
5365 9810 2
5365 9810 13
5365 8340 32
5365 8340 17
5365 9811 44
5365 9811 39
5365 6098 21
5365 6098 18
5365 6699 32
5365 6699 40
5365 6337 55
5365 6337 54
5365 6338 29
5365 6338 41
5365 8339 23
5365 8339 36
5365 8341 53
5365 8341 12
5365 6097 38
5365 6097 58
5365 6100 16
5365 6100 18
5365 6339 25
5365 6339 56
5365 6434 44
5365 6434 46
5365 6099 9
5365 6099 52
5365 7407 33
5365 7407 20
5365 9812 57
5365 9812 3
5365 5969 6
5365 5969 27
5365 7406 20
5365 7406 23
5365 7405 20
5365 7405 41
5365 7414 54
5365 7414 6
5365 7423 35
5365 7423 15
5365 9813 18
5365 9813 36
5365 5970 42
5365 5970 20
5365 9626 21
5365 9626 28
6410 5887 47
6410 5887 14
6410 5886 12
6410 5886 37
6410 5888 32
6410 5888 24
6410 6296 19
6410 6296 12
6410 6373 21
6410 6373 25
6410 9820 1
6410 9820 60
6410 6297 59
6410 6297 4
6410 6336 48
6410 6336 14
6410 9810 9
6410 9810 38
6410 8340 47
6410 8340 42
6410 9811 8
6410 9811 8
6410 6098 51
6410 6098 27
6410 6699 40
6410 6699 24
6410 6337 40
6410 6337 25
6410 6338 5
6410 6338 3
6410 8339 1
6410 8339 49
6410 8341 55
6410 8341 53
6410 6097 41
6410 6097 17
6410 6100 41
6410 6100 51
6410 6339 44
6410 6339 47
6410 6434 23
6410 6434 8
6410 6099 53
6410 6099 15
6410 7407 54
6410 7407 48
6410 9812 53
6410 9812 6
6410 5969 45
6410 5969 55
6410 7406 7
6410 7406 40
6410 7405 26
6410 7405 29
6410 7414 41
6410 7414 39
6410 7423 5
6410 7423 47
6410 9813 4
6410 9813 60
6410 5970 9
6410 5970 24
6410 9626 14
6410 9626 57
