8172 7291 20
8172 7289 14
8172 7288 49
8172 7112 43
8172 7300 47
8172 7290 34
8172 7287 29
8172 7296 58
8172 7120 19
8172 7114 19
8172 7111 55
8172 7298 40
8172 7305 22
8172 7285 34
8172 7293 54
8172 7294 54
8172 7119 33
8172 7118 32
8172 7113 40
8172 7121 39
8172 7297 12
8172 7304 28
8172 7309 36
8172 7286 12
8172 7014 33
8172 7292 55
8172 7295 3
8172 7310 43
8172 7106 24
8172 7107 59
8172 7117 49
8172 7122 4
8170 7291 60
8170 7289 22
8170 7288 18
8170 7112 3
8170 7300 38
8170 7290 43
8170 7287 17
8170 7296 20
8170 7120 56
8170 7114 39
8170 7111 48
8170 7298 40
8170 7305 35
8170 7285 60
8170 7293 38
8170 7294 53
8170 7119 9
8170 7118 57
8170 7113 12
8170 7121 7
8170 7297 4
8170 7304 28
8170 7309 8
8170 7286 0
8170 7014 12
8170 7292 11
8170 7295 7
8170 7310 59
8170 7106 14
8170 7107 35
8170 7117 48
8170 7122 24
8110 7291 48
8110 7289 8
8110 7288 1
8110 7112 22
8110 7300 30
8110 7290 44
8110 7287 40
8110 7296 12
8110 7120 44
8110 7114 35
8110 7111 19
8110 7298 53
8110 7305 49
8110 7285 23
8110 7293 11
8110 7294 31
8110 7119 11
8110 7118 44
8110 7113 48
8110 7121 14
8110 7297 59
8110 7304 53
8110 7309 6
8110 7286 10
8110 7014 60
8110 7292 1
8110 7295 15
8110 7310 41
8110 7106 28
8110 7107 45
8110 7117 7
8110 7122 41
8173 7291 8
8173 7289 42
8173 7288 10
8173 7112 51
8173 7300 46
8173 7290 40
8173 7287 13
8173 7296 28
8173 7120 33
8173 7114 27
8173 7111 32
8173 7298 43
8173 7305 8
8173 7285 39
8173 7293 11
8173 7294 16
8173 7119 15
8173 7118 44
8173 7113 43
8173 7121 35
8173 7297 12
8173 7304 6
8173 7309 2
8173 7286 49
8173 7014 18
8173 7292 4
8173 7295 38
8173 7310 54
8173 7106 31
8173 7107 48
8173 7117 44
8173 7122 48
8178 7291 57
8178 7289 3
8178 7288 44
8178 7112 44
8178 7300 41
8178 7290 50
8178 7287 1
8178 7296 14
8178 7120 18
8178 7114 32
8178 7111 51
8178 7298 54
8178 7305 2
8178 7285 4
8178 7293 12
8178 7294 29
8178 7119 52
8178 7118 14
8178 7113 47
8178 7121 39
8178 7297 36
8178 7304 50
8178 7309 55
8178 7286 21
8178 7014 5
8178 7292 13
8178 7295 21
8178 7310 50
8178 7106 10
8178 7107 43
8178 7117 22
8178 7122 35
8171 7291 39
8171 7289 0
8171 7288 41
8171 7112 8
8171 7300 44
8171 7290 49
8171 7287 26
8171 7296 26
8171 7120 56
8171 7114 46
8171 7111 56
8171 7298 31
8171 7305 16
8171 7285 7
8171 7293 2
8171 7294 50
8171 7119 50
8171 7118 53
8171 7113 9
8171 7121 13
8171 7297 47
8171 7304 40
8171 7309 8
8171 7286 59
8171 7014 43
8171 7292 48
8171 7295 35
8171 7310 35
8171 7106 37
8171 7107 39
8171 7117 8
8171 7122 0
8075 7291 38
8075 7289 54
8075 7288 40
8075 7112 36
8075 7300 29
8075 7290 17
8075 7287 4
8075 7296 52
8075 7120 50
8075 7114 56
8075 7111 17
8075 7298 50
8075 7305 44
8075 7285 55
8075 7293 41
8075 7294 26
8075 7119 22
8075 7118 36
8075 7113 9
8075 7121 54
8075 7297 33
8075 7304 12
8075 7309 44
8075 7286 55
8075 7014 17
8075 7292 40
8075 7295 31
8075 7310 15
8075 7106 35
8075 7107 54
8075 7117 55
8075 7122 50
8177 7291 15
8177 7289 57
8177 7288 36
8177 7112 28
8177 7300 41
8177 7290 28
8177 7287 55
8177 7296 5
8177 7120 37
8177 7114 41
8177 7111 46
8177 7298 50
8177 7305 54
8177 7285 8
8177 7293 27
8177 7294 47
8177 7119 46
8177 7118 59
8177 7113 37
8177 7121 24
8177 7297 38
8177 7304 11
8177 7309 28
8177 7286 25
8177 7014 40
8177 7292 10
8177 7295 36
8177 7310 43
8177 7106 30
8177 7107 55
8177 7117 27
8177 7122 5
8111 7291 47
8111 7289 57
8111 7288 12
8111 7112 23
8111 7300 12
8111 7290 52
8111 7287 31
8111 7296 47
8111 7120 28
8111 7114 7
8111 7111 53
8111 7298 18
8111 7305 48
8111 7285 13
8111 7293 54
8111 7294 56
8111 7119 51
8111 7118 28
8111 7113 34
8111 7121 37
8111 7297 34
8111 7304 21
8111 7309 48
8111 7286 24
8111 7014 24
8111 7292 5
8111 7295 47
8111 7310 35
8111 7106 49
8111 7107 47
8111 7117 50
8111 7122 57
8174 7291 33
8174 7289 47
8174 7288 14
8174 7112 37
8174 7300 8
8174 7290 4
8174 7287 46
8174 7296 59
8174 7120 14
8174 7114 40
8174 7111 60
8174 7298 35
8174 7305 3
8174 7285 29
8174 7293 3
8174 7294 16
8174 7119 23
8174 7118 29
8174 7113 41
8174 7121 35
8174 7297 8
8174 7304 37
8174 7309 8
8174 7286 54
8174 7014 6
8174 7292 1
8174 7295 47
8174 7310 56
8174 7106 25
8174 7107 41
8174 7117 8
8174 7122 38
8179 7291 41
8179 7289 26
8179 7288 22
8179 7112 51
8179 7300 14
8179 7290 51
8179 7287 38
8179 7296 44
8179 7120 27
8179 7114 29
8179 7111 3
8179 7298 39
8179 7305 50
8179 7285 34
8179 7293 58
8179 7294 3
8179 7119 0
8179 7118 26
8179 7113 45
8179 7121 2
8179 7297 17
8179 7304 34
8179 7309 8
8179 7286 42
8179 7014 13
8179 7292 12
8179 7295 0
8179 7310 31
8179 7106 49
8179 7107 34
8179 7117 18
8179 7122 40
8073 7291 11
8073 7289 46
8073 7288 18
8073 7112 16
8073 7300 32
8073 7290 26
8073 7287 22
8073 7296 19
8073 7120 9
8073 7114 23
8073 7111 16
8073 7298 11
8073 7305 20
8073 7285 42
8073 7293 52
8073 7294 38
8073 7119 25
8073 7118 55
8073 7113 8
8073 7121 0
8073 7297 2
8073 7304 20
8073 7309 51
8073 7286 2
8073 7014 37
8073 7292 15
8073 7295 32
8073 7310 20
8073 7106 21
8073 7107 56
8073 7117 49
8073 7122 16
8097 7291 9
8097 7289 28
8097 7288 34
8097 7112 32
8097 7300 55
8097 7290 21
8097 7287 49
8097 7296 6
8097 7120 22
8097 7114 22
8097 7111 1
8097 7298 30
8097 7305 57
8097 7285 17
8097 7293 26
8097 7294 50
8097 7119 5
8097 7118 25
8097 7113 0
8097 7121 55
8097 7297 37
8097 7304 9
8097 7309 53
8097 7286 20
8097 7014 52
8097 7292 36
8097 7295 7
8097 7310 2
8097 7106 39
8097 7107 58
8097 7117 1
8097 7122 4
8175 7291 59
8175 7289 13
8175 7288 29
8175 7112 4
8175 7300 50
8175 7290 30
8175 7287 43
8175 7296 57
8175 7120 40
8175 7114 28
8175 7111 60
8175 7298 36
8175 7305 19
8175 7285 23
8175 7293 0
8175 7294 18
8175 7119 51
8175 7118 41
8175 7113 55
8175 7121 19
8175 7297 23
8175 7304 0
8175 7309 37
8175 7286 48
8175 7014 23
8175 7292 38
8175 7295 37
8175 7310 44
8175 7106 22
8175 7107 47
8175 7117 45
8175 7122 54
8068 7291 41
8068 7289 11
8068 7288 53
8068 7112 46
8068 7300 43
8068 7290 28
8068 7287 57
8068 7296 26
8068 7120 12
8068 7114 34
8068 7111 45
8068 7298 14
8068 7305 52
8068 7285 56
8068 7293 9
8068 7294 53
8068 7119 56
8068 7118 6
8068 7113 51
8068 7121 53
8068 7297 55
8068 7304 6
8068 7309 21
8068 7286 12
8068 7014 52
8068 7292 48
8068 7295 27
8068 7310 54
8068 7106 16
8068 7107 57
8068 7117 24
8068 7122 22
8189 7291 38
8189 7289 23
8189 7288 58
8189 7112 24
8189 7300 53
8189 7290 31
8189 7287 50
8189 7296 27
8189 7120 43
8189 7114 25
8189 7111 11
8189 7298 27
8189 7305 7
8189 7285 17
8189 7293 12
8189 7294 49
8189 7119 54
8189 7118 47
8189 7113 59
8189 7121 12
8189 7297 42
8189 7304 27
8189 7309 26
8189 7286 39
8189 7014 45
8189 7292 53
8189 7295 32
8189 7310 23
8189 7106 44
8189 7107 20
8189 7117 20
8189 7122 0
8112 7291 51
8112 7289 17
8112 7288 52
8112 7112 2
8112 7300 38
8112 7290 23
8112 7287 58
8112 7296 43
8112 7120 32
8112 7114 31
8112 7111 21
8112 7298 27
8112 7305 60
8112 7285 48
8112 7293 7
8112 7294 40
8112 7119 13
8112 7118 31
8112 7113 25
8112 7121 54
8112 7297 27
8112 7304 40
8112 7309 0
8112 7286 30
8112 7014 17
8112 7292 43
8112 7295 8
8112 7310 23
8112 7106 38
8112 7107 13
8112 7117 12
8112 7122 37
8130 7291 57
8130 7289 2
8130 7288 12
8130 7112 51
8130 7300 53
8130 7290 45
8130 7287 2
8130 7296 46
8130 7120 58
8130 7114 36
8130 7111 17
8130 7298 46
8130 7305 58
8130 7285 8
8130 7293 44
8130 7294 46
8130 7119 9
8130 7118 0
8130 7113 4
8130 7121 60
8130 7297 48
8130 7304 45
8130 7309 12
8130 7286 24
8130 7014 53
8130 7292 19
8130 7295 32
8130 7310 53
8130 7106 19
8130 7107 50
8130 7117 10
8130 7122 57
8136 7291 6
8136 7289 3
8136 7288 42
8136 7112 7
8136 7300 36
8136 7290 52
8136 7287 45
8136 7296 14
8136 7120 52
8136 7114 4
8136 7111 25
8136 7298 45
8136 7305 5
8136 7285 22
8136 7293 15
8136 7294 42
8136 7119 6
8136 7118 46
8136 7113 25
8136 7121 1
8136 7297 48
8136 7304 31
8136 7309 13
8136 7286 11
8136 7014 55
8136 7292 9
8136 7295 27
8136 7310 3
8136 7106 55
8136 7107 14
8136 7117 11
8136 7122 35
8181 7291 56
8181 7289 56
8181 7288 40
8181 7112 59
8181 7300 39
8181 7290 54
8181 7287 1
8181 7296 16
8181 7120 3
8181 7114 14
8181 7111 48
8181 7298 16
8181 7305 33
8181 7285 45
8181 7293 27
8181 7294 39
8181 7119 19
8181 7118 9
8181 7113 29
8181 7121 56
8181 7297 40
8181 7304 50
8181 7309 10
8181 7286 18
8181 7014 12
8181 7292 13
8181 7295 15
8181 7310 4
8181 7106 3
8181 7107 38
8181 7117 4
8181 7122 35
8183 7291 40
8183 7289 16
8183 7288 2
8183 7112 54
8183 7300 53
8183 7290 44
8183 7287 23
8183 7296 19
8183 7120 24
8183 7114 5
8183 7111 28
8183 7298 51
8183 7305 3
8183 7285 45
8183 7293 27
8183 7294 35
8183 7119 31
8183 7118 13
8183 7113 11
8183 7121 5
8183 7297 49
8183 7304 34
8183 7309 5
8183 7286 42
8183 7014 45
8183 7292 11
8183 7295 25
8183 7310 52
8183 7106 40
8183 7107 9
8183 7117 37
8183 7122 13
8074 7291 44
8074 7289 21
8074 7288 52
8074 7112 27
8074 7300 34
8074 7290 19
8074 7287 55
8074 7296 46
8074 7120 29
8074 7114 21
8074 7111 55
8074 7298 28
8074 7305 53
8074 7285 28
8074 7293 31
8074 7294 13
8074 7119 58
8074 7118 55
8074 7113 57
8074 7121 10
8074 7297 24
8074 7304 44
8074 7309 32
8074 7286 45
8074 7014 12
8074 7292 27
8074 7295 18
8074 7310 2
8074 7106 17
8074 7107 34
8074 7117 50
8074 7122 4
8092 7291 8
8092 7289 4
8092 7288 1
8092 7112 34
8092 7300 38
8092 7290 4
8092 7287 8
8092 7296 40
8092 7120 38
8092 7114 49
8092 7111 12
8092 7298 16
8092 7305 38
8092 7285 3
8092 7293 57
8092 7294 13
8092 7119 32
8092 7118 47
8092 7113 36
8092 7121 55
8092 7297 60
8092 7304 0
8092 7309 43
8092 7286 26
8092 7014 59
8092 7292 14
8092 7295 40
8092 7310 40
8092 7106 30
8092 7107 22
8092 7117 26
8092 7122 8
8176 7291 6
8176 7289 31
8176 7288 41
8176 7112 59
8176 7300 38
8176 7290 25
8176 7287 54
8176 7296 34
8176 7120 32
8176 7114 8
8176 7111 56
8176 7298 36
8176 7305 54
8176 7285 38
8176 7293 23
8176 7294 17
8176 7119 37
8176 7118 39
8176 7113 7
8176 7121 25
8176 7297 48
8176 7304 19
8176 7309 55
8176 7286 42
8176 7014 24
8176 7292 21
8176 7295 31
8176 7310 29
8176 7106 42
8176 7107 7
8176 7117 24
8176 7122 4
8187 7291 12
8187 7289 43
8187 7288 57
8187 7112 46
8187 7300 22
8187 7290 53
8187 7287 30
8187 7296 11
8187 7120 7
8187 7114 57
8187 7111 34
8187 7298 7
8187 7305 28
8187 7285 32
8187 7293 11
8187 7294 60
8187 7119 11
8187 7118 2
8187 7113 13
8187 7121 30
8187 7297 0
8187 7304 44
8187 7309 6
8187 7286 23
8187 7014 46
8187 7292 24
8187 7295 26
8187 7310 59
8187 7106 36
8187 7107 59
8187 7117 38
8187 7122 0
8069 7291 30
8069 7289 52
8069 7288 58
8069 7112 60
8069 7300 21
8069 7290 12
8069 7287 53
8069 7296 28
8069 7120 10
8069 7114 9
8069 7111 45
8069 7298 13
8069 7305 26
8069 7285 14
8069 7293 15
8069 7294 3
8069 7119 38
8069 7118 3
8069 7113 45
8069 7121 22
8069 7297 39
8069 7304 31
8069 7309 43
8069 7286 35
8069 7014 36
8069 7292 15
8069 7295 30
8069 7310 30
8069 7106 36
8069 7107 7
8069 7117 13
8069 7122 59
7535 7291 47
7535 7289 25
7535 7288 32
7535 7112 35
7535 7300 19
7535 7290 10
7535 7287 14
7535 7296 6
7535 7120 2
7535 7114 49
7535 7111 22
7535 7298 35
7535 7305 25
7535 7285 33
7535 7293 39
7535 7294 48
7535 7119 5
7535 7118 19
7535 7113 35
7535 7121 30
7535 7297 24
7535 7304 43
7535 7309 47
7535 7286 43
7535 7014 7
7535 7292 33
7535 7295 8
7535 7310 35
7535 7106 55
7535 7107 24
7535 7117 12
7535 7122 27
8070 7291 23
8070 7289 29
8070 7288 3
8070 7112 32
8070 7300 55
8070 7290 28
8070 7287 36
8070 7296 22
8070 7120 12
8070 7114 12
8070 7111 38
8070 7298 21
8070 7305 34
8070 7285 35
8070 7293 55
8070 7294 50
8070 7119 45
8070 7118 16
8070 7113 45
8070 7121 42
8070 7297 41
8070 7304 14
8070 7309 28
8070 7286 5
8070 7014 30
8070 7292 9
8070 7295 39
8070 7310 36
8070 7106 5
8070 7107 11
8070 7117 53
8070 7122 35
8190 7291 35
8190 7289 42
8190 7288 48
8190 7112 7
8190 7300 25
8190 7290 47
8190 7287 43
8190 7296 3
8190 7120 27
8190 7114 19
8190 7111 32
8190 7298 3
8190 7305 42
8190 7285 19
8190 7293 51
8190 7294 18
8190 7119 17
8190 7118 57
8190 7113 52
8190 7121 12
8190 7297 1
8190 7304 59
8190 7309 21
8190 7286 38
8190 7014 42
8190 7292 16
8190 7295 45
8190 7310 17
8190 7106 30
8190 7107 41
8190 7117 29
8190 7122 26
8196 7291 7
8196 7289 37
8196 7288 36
8196 7112 17
8196 7300 58
8196 7290 57
8196 7287 41
8196 7296 56
8196 7120 28
8196 7114 22
8196 7111 4
8196 7298 41
8196 7305 1
8196 7285 21
8196 7293 34
8196 7294 48
8196 7119 44
8196 7118 9
8196 7113 25
8196 7121 13
8196 7297 30
8196 7304 45
8196 7309 24
8196 7286 51
8196 7014 35
8196 7292 13
8196 7295 47
8196 7310 22
8196 7106 30
8196 7107 44
8196 7117 15
8196 7122 19
7537 7291 11
7537 7289 7
7537 7288 2
7537 7112 25
7537 7300 15
7537 7290 48
7537 7287 51
7537 7296 59
7537 7120 22
7537 7114 34
7537 7111 41
7537 7298 48
7537 7305 20
7537 7285 6
7537 7293 50
7537 7294 47
7537 7119 30
7537 7118 17
7537 7113 38
7537 7121 31
7537 7297 11
7537 7304 60
7537 7309 36
7537 7286 6
7537 7014 3
7537 7292 6
7537 7295 56
7537 7310 2
7537 7106 20
7537 7107 19
7537 7117 14
7537 7122 42
8124 7291 0
8124 7289 28
8124 7288 52
8124 7112 2
8124 7300 60
8124 7290 50
8124 7287 0
8124 7296 49
8124 7120 38
8124 7114 21
8124 7111 11
8124 7298 41
8124 7305 59
8124 7285 29
8124 7293 51
8124 7294 45
8124 7119 2
8124 7118 12
8124 7113 12
8124 7121 43
8124 7297 21
8124 7304 45
8124 7309 43
8124 7286 34
8124 7014 25
8124 7292 48
8124 7295 39
8124 7310 13
8124 7106 34
8124 7107 0
8124 7117 8
8124 7122 25
