6345 5887 22
6345 5886 3
6345 5888 30
6345 6296 51
6345 6373 4
6345 9820 43
6345 6297 23
6345 6336 11
6345 9810 44
6345 8340 28
6345 9811 16
6345 6098 34
6345 6699 23
6345 6337 22
6345 6338 14
6345 8339 55
6345 8341 60
6345 6097 19
6345 6100 50
6345 6339 20
6345 6434 33
6345 6099 51
6345 7407 34
6345 9812 6
6345 5969 29
6345 7406 53
6345 7405 50
6345 7414 11
6345 7423 26
6345 9813 54
6345 5970 56
6345 9626 8
6344 5887 31
6344 5886 47
6344 5888 43
6344 6296 27
6344 6373 9
6344 9820 43
6344 6297 39
6344 6336 28
6344 9810 30
6344 8340 51
6344 9811 10
6344 6098 49
6344 6699 50
6344 6337 29
6344 6338 35
6344 8339 51
6344 8341 35
6344 6097 11
6344 6100 38
6344 6339 44
6344 6434 12
6344 6099 37
6344 7407 60
6344 9812 34
6344 5969 25
6344 7406 55
6344 7405 39
6344 7414 20
6344 7423 26
6344 9813 47
6344 5970 13
6344 9626 5
6346 5887 40
6346 5886 41
6346 5888 11
6346 6296 5
6346 6373 39
6346 9820 60
6346 6297 30
6346 6336 40
6346 9810 0
6346 8340 23
6346 9811 33
6346 6098 2
6346 6699 39
6346 6337 0
6346 6338 47
6346 8339 24
6346 8341 39
6346 6097 37
6346 6100 54
6346 6339 13
6346 6434 12
6346 6099 46
6346 7407 26
6346 9812 39
6346 5969 57
6346 7406 15
6346 7405 51
6346 7414 23
6346 7423 26
6346 9813 6
6346 5970 36
6346 9626 48
8433 5887 59
8433 5886 33
8433 5888 3
8433 6296 46
8433 6373 20
8433 9820 19
8433 6297 56
8433 6336 39
8433 9810 39
8433 8340 30
8433 9811 59
8433 6098 22
8433 6699 24
8433 6337 1
8433 6338 19
8433 8339 7
8433 8341 28
8433 6097 49
8433 6100 17
8433 6339 12
8433 6434 27
8433 6099 43
8433 7407 35
8433 9812 29
8433 5969 3
8433 7406 32
8433 7405 29
8433 7414 55
8433 7423 50
8433 9813 32
8433 5970 44
8433 9626 58
8432 5887 60
8432 5886 53
8432 5888 23
8432 6296 29
8432 6373 32
8432 9820 30
8432 6297 10
8432 6336 58
8432 9810 49
8432 8340 22
8432 9811 33
8432 6098 53
8432 6699 49
8432 6337 54
8432 6338 5
8432 8339 27
8432 8341 23
8432 6097 44
8432 6100 53
8432 6339 49
8432 6434 59
8432 6099 52
8432 7407 9
8432 9812 59
8432 5969 31
8432 7406 26
8432 7405 22
8432 7414 4
8432 7423 6
8432 9813 59
8432 5970 19
8432 9626 37
6340 5887 39
6340 5886 33
6340 5888 15
6340 6296 22
6340 6373 47
6340 9820 15
6340 6297 9
6340 6336 12
6340 9810 4
6340 8340 56
6340 9811 34
6340 6098 46
6340 6699 34
6340 6337 57
6340 6338 0
6340 8339 20
6340 8341 32
6340 6097 8
6340 6100 43
6340 6339 51
6340 6434 47
6340 6099 1
6340 7407 58
6340 9812 34
6340 5969 15
6340 7406 52
6340 7405 20
6340 7414 43
6340 7423 3
6340 9813 38
6340 5970 5
6340 9626 9
8434 5887 23
8434 5886 52
8434 5888 14
8434 6296 31
8434 6373 41
8434 9820 53
8434 6297 54
8434 6336 4
8434 9810 45
8434 8340 2
8434 9811 56
8434 6098 13
8434 6699 56
8434 6337 28
8434 6338 21
8434 8339 51
8434 8341 6
8434 6097 58
8434 6100 41
8434 6339 45
8434 6434 15
8434 6099 23
8434 7407 41
8434 9812 53
8434 5969 2
8434 7406 14
8434 7405 23
8434 7414 30
8434 7423 18
8434 9813 11
8434 5970 39
8434 9626 39
6414 5887 55
6414 5886 9
6414 5888 11
6414 6296 23
6414 6373 60
6414 9820 45
6414 6297 5
6414 6336 21
6414 9810 45
6414 8340 20
6414 9811 0
6414 6098 23
6414 6699 12
6414 6337 14
6414 6338 34
6414 8339 54
6414 8341 25
6414 6097 34
6414 6100 23
6414 6339 25
6414 6434 28
6414 6099 30
6414 7407 41
6414 9812 54
6414 5969 32
6414 7406 8
6414 7405 46
6414 7414 48
6414 7423 17
6414 9813 45
6414 5970 51
6414 9626 29
8667 5887 46
8667 5886 33
8667 5888 42
8667 6296 46
8667 6373 28
8667 9820 38
8667 6297 13
8667 6336 5
8667 9810 9
8667 8340 34
8667 9811 37
8667 6098 3
8667 6699 19
8667 6337 39
8667 6338 30
8667 8339 6
8667 8341 38
8667 6097 1
8667 6100 4
8667 6339 5
8667 6434 10
8667 6099 1
8667 7407 28
8667 9812 57
8667 5969 28
8667 7406 53
8667 7405 44
8667 7414 14
8667 7423 46
8667 9813 5
8667 5970 44
8667 9626 58
6342 5887 36
6342 5886 7
6342 5888 60
6342 6296 9
6342 6373 59
6342 9820 43
6342 6297 54
6342 6336 58
6342 9810 23
6342 8340 6
6342 9811 27
6342 6098 11
6342 6699 46
6342 6337 50
6342 6338 47
6342 8339 6
6342 8341 4
6342 6097 6
6342 6100 17
6342 6339 56
6342 6434 31
6342 6099 51
6342 7407 8
6342 9812 9
6342 5969 34
6342 7406 58
6342 7405 43
6342 7414 36
6342 7423 25
6342 9813 1
6342 5970 28
6342 9626 34
8669 5887 25
8669 5886 14
8669 5888 36
8669 6296 32
8669 6373 2
8669 9820 52
8669 6297 53
8669 6336 6
8669 9810 9
8669 8340 21
8669 9811 59
8669 6098 46
8669 6699 9
8669 6337 57
8669 6338 41
8669 8339 27
8669 8341 58
8669 6097 40
8669 6100 29
8669 6339 14
8669 6434 26
8669 6099 25
8669 7407 29
8669 9812 50
8669 5969 56
8669 7406 0
8669 7405 52
8669 7414 28
8669 7423 17
8669 9813 16
8669 5970 20
8669 9626 56
8664 5887 28
8664 5886 34
8664 5888 5
8664 6296 25
8664 6373 35
8664 9820 35
8664 6297 55
8664 6336 22
8664 9810 7
8664 8340 54
8664 9811 4
8664 6098 44
8664 6699 18
8664 6337 33
8664 6338 33
8664 8339 33
8664 8341 4
8664 6097 15
8664 6100 6
8664 6339 11
8664 6434 47
8664 6099 14
8664 7407 5
8664 9812 37
8664 5969 31
8664 7406 34
8664 7405 40
8664 7414 53
8664 7423 56
8664 9813 46
8664 5970 6
8664 9626 58
8431 5887 9
8431 5886 55
8431 5888 28
8431 6296 57
8431 6373 60
8431 9820 1
8431 6297 43
8431 6336 60
8431 9810 26
8431 8340 13
8431 9811 2
8431 6098 58
8431 6699 46
8431 6337 0
8431 6338 22
8431 8339 3
8431 8341 51
8431 6097 46
8431 6100 26
8431 6339 27
8431 6434 6
8431 6099 17
8431 7407 49
8431 9812 16
8431 5969 56
8431 7406 55
8431 7405 29
8431 7414 28
8431 7423 5
8431 9813 4
8431 5970 41
8431 9626 13
5359 5887 6
5359 5886 15
5359 5888 57
5359 6296 12
5359 6373 23
5359 9820 11
5359 6297 35
5359 6336 42
5359 9810 12
5359 8340 32
5359 9811 45
5359 6098 37
5359 6699 17
5359 6337 10
5359 6338 11
5359 8339 32
5359 8341 33
5359 6097 36
5359 6100 20
5359 6339 5
5359 6434 8
5359 6099 35
5359 7407 41
5359 9812 52
5359 5969 54
5359 7406 15
5359 7405 31
5359 7414 57
5359 7423 22
5359 9813 15
5359 5970 6
5359 9626 13
6341 5887 25
6341 5886 8
6341 5888 8
6341 6296 10
6341 6373 40
6341 9820 28
6341 6297 25
6341 6336 7
6341 9810 12
6341 8340 47
6341 9811 13
6341 6098 43
6341 6699 7
6341 6337 24
6341 6338 28
6341 8339 42
6341 8341 37
6341 6097 0
6341 6100 18
6341 6339 40
6341 6434 34
6341 6099 48
6341 7407 28
6341 9812 36
6341 5969 58
6341 7406 38
6341 7405 18
6341 7414 4
6341 7423 6
6341 9813 52
6341 5970 14
6341 9626 30
8435 5887 55
8435 5886 13
8435 5888 54
8435 6296 60
8435 6373 11
8435 9820 42
8435 6297 5
8435 6336 45
8435 9810 50
8435 8340 29
8435 9811 29
8435 6098 32
8435 6699 50
8435 6337 57
8435 6338 17
8435 8339 39
8435 8341 20
8435 6097 30
8435 6100 41
8435 6339 28
8435 6434 15
8435 6099 28
8435 7407 51
8435 9812 4
8435 5969 12
8435 7406 9
8435 7405 45
8435 7414 19
8435 7423 39
8435 9813 31
8435 5970 9
8435 9626 57
8436 5887 46
8436 5886 55
8436 5888 15
8436 6296 42
8436 6373 1
8436 9820 60
8436 6297 25
8436 6336 49
8436 9810 25
8436 8340 11
8436 9811 14
8436 6098 55
8436 6699 32
8436 6337 35
8436 6338 50
8436 8339 30
8436 8341 10
8436 6097 14
8436 6100 2
8436 6339 39
8436 6434 31
8436 6099 36
8436 7407 5
8436 9812 50
8436 5969 27
8436 7406 46
8436 7405 36
8436 7414 35
8436 7423 55
8436 9813 47
8436 5970 35
8436 9626 38
6415 5887 20
6415 5886 27
6415 5888 23
6415 6296 54
6415 6373 18
6415 9820 5
6415 6297 40
6415 6336 24
6415 9810 33
6415 8340 59
6415 9811 23
6415 6098 31
6415 6699 18
6415 6337 44
6415 6338 60
6415 8339 3
6415 8341 41
6415 6097 42
6415 6100 22
6415 6339 1
6415 6434 23
6415 6099 37
6415 7407 59
6415 9812 57
6415 5969 25
6415 7406 5
6415 7405 39
6415 7414 48
6415 7423 47
6415 9813 35
6415 5970 26
6415 9626 56
8666 5887 0
8666 5886 8
8666 5888 45
8666 6296 2
8666 6373 27
8666 9820 20
8666 6297 1
8666 6336 11
8666 9810 42
8666 8340 19
8666 9811 26
8666 6098 22
8666 6699 33
8666 6337 36
8666 6338 35
8666 8339 54
8666 8341 14
8666 6097 10
8666 6100 34
8666 6339 9
8666 6434 50
8666 6099 23
8666 7407 59
8666 9812 37
8666 5969 0
8666 7406 49
8666 7405 24
8666 7414 32
8666 7423 7
8666 9813 34
8666 5970 26
8666 9626 49
6343 5887 14
6343 5886 44
6343 5888 26
6343 6296 38
6343 6373 25
6343 9820 51
6343 6297 52
6343 6336 58
6343 9810 57
6343 8340 40
6343 9811 32
6343 6098 51
6343 6699 26
6343 6337 2
6343 6338 41
6343 8339 22
6343 8341 22
6343 6097 57
6343 6100 15
6343 6339 49
6343 6434 10
6343 6099 53
6343 7407 10
6343 9812 51
6343 5969 32
6343 7406 42
6343 7405 31
6343 7414 32
6343 7423 52
6343 9813 13
6343 5970 29
6343 9626 47
8672 5887 17
8672 5886 59
8672 5888 12
8672 6296 15
8672 6373 36
8672 9820 6
8672 6297 8
8672 6336 31
8672 9810 19
8672 8340 60
8672 9811 8
8672 6098 10
8672 6699 30
8672 6337 6
8672 6338 49
8672 8339 36
8672 8341 47
8672 6097 15
8672 6100 36
8672 6339 55
8672 6434 5
8672 6099 30
8672 7407 31
8672 9812 51
8672 5969 57
8672 7406 46
8672 7405 37
8672 7414 6
8672 7423 12
8672 9813 13
8672 5970 24
8672 9626 51
8668 5887 30
8668 5886 28
8668 5888 50
8668 6296 3
8668 6373 54
8668 9820 31
8668 6297 15
8668 6336 44
8668 9810 18
8668 8340 21
8668 9811 28
8668 6098 29
8668 6699 41
8668 6337 56
8668 6338 50
8668 8339 38
8668 8341 31
8668 6097 37
8668 6100 45
8668 6339 25
8668 6434 16
8668 6099 54
8668 7407 13
8668 9812 28
8668 5969 38
8668 7406 26
8668 7405 33
8668 7414 23
8668 7423 59
8668 9813 28
8668 5970 39
8668 9626 55
8671 5887 55
8671 5886 20
8671 5888 51
8671 6296 2
8671 6373 30
8671 9820 44
8671 6297 38
8671 6336 34
8671 9810 30
8671 8340 19
8671 9811 31
8671 6098 2
8671 6699 34
8671 6337 18
8671 6338 53
8671 8339 37
8671 8341 14
8671 6097 56
8671 6100 16
8671 6339 53
8671 6434 26
8671 6099 3
8671 7407 44
8671 9812 19
8671 5969 59
8671 7406 31
8671 7405 37
8671 7414 17
8671 7423 19
8671 9813 14
8671 5970 27
8671 9626 44
8663 5887 2
8663 5886 59
8663 5888 43
8663 6296 20
8663 6373 50
8663 9820 18
8663 6297 41
8663 6336 4
8663 9810 9
8663 8340 57
8663 9811 48
8663 6098 58
8663 6699 23
8663 6337 12
8663 6338 52
8663 8339 22
8663 8341 28
8663 6097 34
8663 6100 36
8663 6339 28
8663 6434 58
8663 6099 55
8663 7407 50
8663 9812 33
8663 5969 58
8663 7406 26
8663 7405 46
8663 7414 45
8663 7423 3
8663 9813 4
8663 5970 49
8663 9626 29
5260 5887 40
5260 5886 38
5260 5888 32
5260 6296 43
5260 6373 33
5260 9820 32
5260 6297 23
5260 6336 1
5260 9810 4
5260 8340 58
5260 9811 41
5260 6098 1
5260 6699 35
5260 6337 7
5260 6338 34
5260 8339 32
5260 8341 35
5260 6097 37
5260 6100 13
5260 6339 17
5260 6434 49
5260 6099 5
5260 7407 41
5260 9812 17
5260 5969 12
5260 7406 20
5260 7405 10
5260 7414 45
5260 7423 39
5260 9813 50
5260 5970 55
5260 9626 23
5358 5887 30
5358 5886 12
5358 5888 33
5358 6296 4
5358 6373 21
5358 9820 14
5358 6297 56
5358 6336 9
5358 9810 20
5358 8340 50
5358 9811 21
5358 6098 47
5358 6699 2
5358 6337 31
5358 6338 18
5358 8339 50
5358 8341 53
5358 6097 2
5358 6100 22
5358 6339 54
5358 6434 51
5358 6099 30
5358 7407 60
5358 9812 31
5358 5969 51
5358 7406 4
5358 7405 45
5358 7414 31
5358 7423 60
5358 9813 11
5358 5970 46
5358 9626 7
5357 5887 59
5357 5886 1
5357 5888 52
5357 6296 46
5357 6373 44
5357 9820 58
5357 6297 44
5357 6336 2
5357 9810 44
5357 8340 15
5357 9811 0
5357 6098 6
5357 6699 19
5357 6337 0
5357 6338 20
5357 8339 5
5357 8341 15
5357 6097 22
5357 6100 31
5357 6339 17
5357 6434 32
5357 6099 56
5357 7407 56
5357 9812 28
5357 5969 31
5357 7406 10
5357 7405 1
5357 7414 53
5357 7423 39
5357 9813 0
5357 5970 58
5357 9626 3
6389 5887 18
6389 5886 53
6389 5888 32
6389 6296 10
6389 6373 7
6389 9820 10
6389 6297 51
6389 6336 15
6389 9810 13
6389 8340 7
6389 9811 50
6389 6098 57
6389 6699 15
6389 6337 43
6389 6338 53
6389 8339 48
6389 8341 45
6389 6097 40
6389 6100 9
6389 6339 36
6389 6434 19
6389 6099 55
6389 7407 31
6389 9812 59
6389 5969 29
6389 7406 32
6389 7405 40
6389 7414 33
6389 7423 7
6389 9813 12
6389 5970 38
6389 9626 60
6547 5887 26
6547 5886 32
6547 5888 9
6547 6296 46
6547 6373 16
6547 9820 44
6547 6297 31
6547 6336 12
6547 9810 10
6547 8340 48
6547 9811 40
6547 6098 13
6547 6699 18
6547 6337 54
6547 6338 27
6547 8339 29
6547 8341 28
6547 6097 45
6547 6100 48
6547 6339 21
6547 6434 24
6547 6099 20
6547 7407 20
6547 9812 25
6547 5969 41
6547 7406 58
6547 7405 3
6547 7414 32
6547 7423 9
6547 9813 58
6547 5970 21
6547 9626 32
8437 5887 55
8437 5886 4
8437 5888 9
8437 6296 33
8437 6373 47
8437 9820 53
8437 6297 34
8437 6336 43
8437 9810 57
8437 8340 23
8437 9811 22
8437 6098 3
8437 6699 54
8437 6337 38
8437 6338 22
8437 8339 37
8437 8341 46
8437 6097 60
8437 6100 14
8437 6339 20
8437 6434 33
8437 6099 45
8437 7407 48
8437 9812 26
8437 5969 50
8437 7406 12
8437 7405 10
8437 7414 55
8437 7423 60
8437 9813 31
8437 5970 26
8437 9626 34
5365 5887 37
5365 5886 44
5365 5888 33
5365 6296 26
5365 6373 18
5365 9820 18
5365 6297 3
5365 6336 36
5365 9810 55
5365 8340 27
5365 9811 1
5365 6098 11
5365 6699 6
5365 6337 17
5365 6338 1
5365 8339 26
5365 8341 22
5365 6097 56
5365 6100 40
5365 6339 35
5365 6434 31
5365 6099 52
5365 7407 45
5365 9812 53
5365 5969 43
5365 7406 17
5365 7405 6
5365 7414 31
5365 7423 60
5365 9813 57
5365 5970 52
5365 9626 31
6410 5887 29
6410 5886 11
6410 5888 19
6410 6296 43
6410 6373 23
6410 9820 32
6410 6297 47
6410 6336 18
6410 9810 37
6410 8340 7
6410 9811 34
6410 6098 27
6410 6699 0
6410 6337 8
6410 6338 38
6410 8339 22
6410 8341 7
6410 6097 56
6410 6100 13
6410 6339 47
6410 6434 57
6410 6099 57
6410 7407 29
6410 9812 15
6410 5969 10
6410 7406 43
6410 7405 58
6410 7414 32
6410 7423 50
6410 9813 0
6410 5970 16
6410 9626 39
