5815 8700 51
5815 8699 9
5815 8702 29
5815 8696 10
5815 9633 17
5815 8701 19
5815 8707 24
5815 8695 44
5815 8779 3
5815 8665 35
5815 9632 55
5815 8670 23
5815 8709 2
5815 8706 23
5815 8712 18
5815 5245 58
5815 9627 10
5815 8663 20
5815 8666 46
5815 8668 56
5815 8671 19
5815 8708 59
5815 8710 28
5815 8774 5
5815 5244 14
5815 5243 44
5815 9527 22
5815 8697 7
5815 5258 60
5815 8664 27
5815 8667 60
5815 8669 58
5743 8700 25
5743 8699 32
5743 8702 54
5743 8696 21
5743 9633 47
5743 8701 57
5743 8707 58
5743 8695 35
5743 8779 22
5743 8665 36
5743 9632 48
5743 8670 42
5743 8709 10
5743 8706 55
5743 8712 54
5743 5245 15
5743 9627 24
5743 8663 41
5743 8666 18
5743 8668 52
5743 8671 22
5743 8708 47
5743 8710 36
5743 8774 23
5743 5244 2
5743 5243 58
5743 9527 20
5743 8697 18
5743 5258 36
5743 8664 46
5743 8667 13
5743 8669 15
5744 8700 48
5744 8699 58
5744 8702 48
5744 8696 20
5744 9633 4
5744 8701 12
5744 8707 29
5744 8695 50
5744 8779 1
5744 8665 20
5744 9632 5
5744 8670 44
5744 8709 11
5744 8706 19
5744 8712 36
5744 5245 2
5744 9627 36
5744 8663 9
5744 8666 33
5744 8668 22
5744 8671 9
5744 8708 48
5744 8710 41
5744 8774 5
5744 5244 38
5744 5243 14
5744 9527 48
5744 8697 60
5744 5258 51
5744 8664 37
5744 8667 46
5744 8669 4
5818 8700 55
5818 8699 55
5818 8702 39
5818 8696 12
5818 9633 37
5818 8701 30
5818 8707 25
5818 8695 19
5818 8779 45
5818 8665 31
5818 9632 55
5818 8670 14
5818 8709 60
5818 8706 6
5818 8712 43
5818 5245 4
5818 9627 41
5818 8663 58
5818 8666 22
5818 8668 33
5818 8671 51
5818 8708 0
5818 8710 48
5818 8774 52
5818 5244 20
5818 5243 39
5818 9527 2
5818 8697 20
5818 5258 14
5818 8664 12
5818 8667 33
5818 8669 48
5817 8700 35
5817 8699 0
5817 8702 13
5817 8696 23
5817 9633 52
5817 8701 3
5817 8707 21
5817 8695 45
5817 8779 24
5817 8665 26
5817 9632 3
5817 8670 55
5817 8709 9
5817 8706 12
5817 8712 59
5817 5245 48
5817 9627 23
5817 8663 57
5817 8666 46
5817 8668 53
5817 8671 50
5817 8708 27
5817 8710 9
5817 8774 13
5817 5244 58
5817 5243 39
5817 9527 25
5817 8697 56
5817 5258 49
5817 8664 49
5817 8667 43
5817 8669 25
5821 8700 33
5821 8699 1
5821 8702 38
5821 8696 43
5821 9633 33
5821 8701 13
5821 8707 37
5821 8695 26
5821 8779 6
5821 8665 30
5821 9632 11
5821 8670 22
5821 8709 19
5821 8706 48
5821 8712 32
5821 5245 10
5821 9627 31
5821 8663 8
5821 8666 14
5821 8668 33
5821 8671 35
5821 8708 18
5821 8710 13
5821 8774 11
5821 5244 43
5821 5243 22
5821 9527 12
5821 8697 38
5821 5258 34
5821 8664 34
5821 8667 42
5821 8669 6
5741 8700 47
5741 8699 43
5741 8702 40
5741 8696 48
5741 9633 45
5741 8701 25
5741 8707 12
5741 8695 56
5741 8779 60
5741 8665 7
5741 9632 51
5741 8670 50
5741 8709 34
5741 8706 11
5741 8712 42
5741 5245 27
5741 9627 38
5741 8663 13
5741 8666 0
5741 8668 7
5741 8671 32
5741 8708 23
5741 8710 22
5741 8774 31
5741 5244 6
5741 5243 59
5741 9527 54
5741 8697 10
5741 5258 47
5741 8664 56
5741 8667 22
5741 8669 22
5722 8700 37
5722 8699 32
5722 8702 26
5722 8696 29
5722 9633 20
5722 8701 29
5722 8707 47
5722 8695 6
5722 8779 15
5722 8665 33
5722 9632 28
5722 8670 59
5722 8709 38
5722 8706 36
5722 8712 33
5722 5245 31
5722 9627 54
5722 8663 49
5722 8666 35
5722 8668 36
5722 8671 58
5722 8708 48
5722 8710 43
5722 8774 24
5722 5244 10
5722 5243 37
5722 9527 58
5722 8697 30
5722 5258 47
5722 8664 57
5722 8667 4
5722 8669 4
5816 8700 29
5816 8699 2
5816 8702 1
5816 8696 58
5816 9633 35
5816 8701 23
5816 8707 19
5816 8695 15
5816 8779 14
5816 8665 8
5816 9632 37
5816 8670 3
5816 8709 44
5816 8706 5
5816 8712 44
5816 5245 49
5816 9627 33
5816 8663 51
5816 8666 58
5816 8668 39
5816 8671 16
5816 8708 7
5816 8710 29
5816 8774 56
5816 5244 33
5816 5243 42
5816 9527 21
5816 8697 15
5816 5258 47
5816 8664 60
5816 8667 48
5816 8669 24
5819 8700 30
5819 8699 32
5819 8702 54
5819 8696 19
5819 9633 58
5819 8701 4
5819 8707 58
5819 8695 60
5819 8779 8
5819 8665 56
5819 9632 21
5819 8670 6
5819 8709 46
5819 8706 39
5819 8712 48
5819 5245 45
5819 9627 7
5819 8663 4
5819 8666 6
5819 8668 18
5819 8671 42
5819 8708 12
5819 8710 0
5819 8774 19
5819 5244 27
5819 5243 22
5819 9527 60
5819 8697 24
5819 5258 9
5819 8664 43
5819 8667 60
5819 8669 20
5820 8700 60
5820 8699 17
5820 8702 3
5820 8696 31
5820 9633 4
5820 8701 20
5820 8707 39
5820 8695 34
5820 8779 16
5820 8665 46
5820 9632 53
5820 8670 34
5820 8709 3
5820 8706 5
5820 8712 27
5820 5245 12
5820 9627 5
5820 8663 1
5820 8666 23
5820 8668 25
5820 8671 60
5820 8708 17
5820 8710 26
5820 8774 33
5820 5244 37
5820 5243 15
5820 9527 39
5820 8697 6
5820 5258 22
5820 8664 7
5820 8667 18
5820 8669 47
5814 8700 2
5814 8699 50
5814 8702 30
5814 8696 13
5814 9633 26
5814 8701 38
5814 8707 59
5814 8695 60
5814 8779 35
5814 8665 44
5814 9632 29
5814 8670 8
5814 8709 59
5814 8706 6
5814 8712 51
5814 5245 39
5814 9627 9
5814 8663 8
5814 8666 40
5814 8668 41
5814 8671 16
5814 8708 20
5814 8710 12
5814 8774 8
5814 5244 5
5814 5243 35
5814 9527 53
5814 8697 6
5814 5258 41
5814 8664 16
5814 8667 15
5814 8669 5
5825 8700 19
5825 8699 51
5825 8702 40
5825 8696 32
5825 9633 40
5825 8701 50
5825 8707 0
5825 8695 6
5825 8779 34
5825 8665 60
5825 9632 57
5825 8670 20
5825 8709 6
5825 8706 0
5825 8712 18
5825 5245 22
5825 9627 53
5825 8663 43
5825 8666 25
5825 8668 6
5825 8671 3
5825 8708 4
5825 8710 27
5825 8774 8
5825 5244 24
5825 5243 55
5825 9527 29
5825 8697 50
5825 5258 51
5825 8664 37
5825 8667 42
5825 8669 43
5742 8700 13
5742 8699 3
5742 8702 40
5742 8696 14
5742 9633 31
5742 8701 17
5742 8707 17
5742 8695 31
5742 8779 47
5742 8665 7
5742 9632 3
5742 8670 1
5742 8709 60
5742 8706 29
5742 8712 57
5742 5245 29
5742 9627 29
5742 8663 51
5742 8666 8
5742 8668 21
5742 8671 14
5742 8708 50
5742 8710 39
5742 8774 33
5742 5244 19
5742 5243 34
5742 9527 50
5742 8697 0
5742 5258 56
5742 8664 58
5742 8667 7
5742 8669 10
5721 8700 58
5721 8699 34
5721 8702 45
5721 8696 43
5721 9633 37
5721 8701 17
5721 8707 54
5721 8695 52
5721 8779 33
5721 8665 29
5721 9632 60
5721 8670 40
5721 8709 7
5721 8706 57
5721 8712 51
5721 5245 45
5721 9627 22
5721 8663 31
5721 8666 20
5721 8668 7
5721 8671 46
5721 8708 3
5721 8710 9
5721 8774 42
5721 5244 49
5721 5243 47
5721 9527 15
5721 8697 6
5721 5258 2
5721 8664 59
5721 8667 8
5721 8669 46
5798 8700 3
5798 8699 54
5798 8702 0
5798 8696 42
5798 9633 18
5798 8701 4
5798 8707 9
5798 8695 8
5798 8779 43
5798 8665 13
5798 9632 22
5798 8670 13
5798 8709 19
5798 8706 12
5798 8712 27
5798 5245 56
5798 9627 14
5798 8663 29
5798 8666 2
5798 8668 23
5798 8671 35
5798 8708 5
5798 8710 14
5798 8774 25
5798 5244 54
5798 5243 48
5798 9527 40
5798 8697 3
5798 5258 15
5798 8664 17
5798 8667 49
5798 8669 29
5723 8700 52
5723 8699 25
5723 8702 34
5723 8696 37
5723 9633 29
5723 8701 15
5723 8707 54
5723 8695 59
5723 8779 0
5723 8665 3
5723 9632 15
5723 8670 15
5723 8709 41
5723 8706 47
5723 8712 3
5723 5245 31
5723 9627 14
5723 8663 17
5723 8666 8
5723 8668 27
5723 8671 39
5723 8708 54
5723 8710 47
5723 8774 15
5723 5244 17
5723 5243 20
5723 9527 22
5723 8697 16
5723 5258 6
5723 8664 22
5723 8667 37
5723 8669 46
5738 8700 11
5738 8699 49
5738 8702 7
5738 8696 37
5738 9633 52
5738 8701 54
5738 8707 58
5738 8695 59
5738 8779 60
5738 8665 20
5738 9632 48
5738 8670 0
5738 8709 59
5738 8706 21
5738 8712 50
5738 5245 39
5738 9627 10
5738 8663 2
5738 8666 56
5738 8668 0
5738 8671 14
5738 8708 24
5738 8710 30
5738 8774 2
5738 5244 34
5738 5243 36
5738 9527 0
5738 8697 51
5738 5258 17
5738 8664 5
5738 8667 33
5738 8669 42
5813 8700 31
5813 8699 12
5813 8702 6
5813 8696 46
5813 9633 49
5813 8701 11
5813 8707 54
5813 8695 21
5813 8779 15
5813 8665 37
5813 9632 44
5813 8670 8
5813 8709 34
5813 8706 54
5813 8712 21
5813 5245 38
5813 9627 8
5813 8663 4
5813 8666 14
5813 8668 6
5813 8671 38
5813 8708 31
5813 8710 29
5813 8774 40
5813 5244 50
5813 5243 20
5813 9527 37
5813 8697 5
5813 5258 45
5813 8664 58
5813 8667 56
5813 8669 46
5777 8700 49
5777 8699 30
5777 8702 44
5777 8696 54
5777 9633 12
5777 8701 42
5777 8707 22
5777 8695 15
5777 8779 47
5777 8665 44
5777 9632 17
5777 8670 27
5777 8709 35
5777 8706 50
5777 8712 40
5777 5245 9
5777 9627 46
5777 8663 28
5777 8666 55
5777 8668 58
5777 8671 51
5777 8708 18
5777 8710 46
5777 8774 48
5777 5244 27
5777 5243 36
5777 9527 59
5777 8697 3
5777 5258 2
5777 8664 46
5777 8667 16
5777 8669 27
5822 8700 25
5822 8699 22
5822 8702 58
5822 8696 43
5822 9633 18
5822 8701 54
5822 8707 40
5822 8695 7
5822 8779 24
5822 8665 43
5822 9632 38
5822 8670 39
5822 8709 60
5822 8706 55
5822 8712 21
5822 5245 45
5822 9627 31
5822 8663 40
5822 8666 8
5822 8668 14
5822 8671 8
5822 8708 56
5822 8710 17
5822 8774 38
5822 5244 6
5822 5243 51
5822 9527 4
5822 8697 3
5822 5258 37
5822 8664 59
5822 8667 22
5822 8669 47
5785 8700 20
5785 8699 36
5785 8702 33
5785 8696 55
5785 9633 42
5785 8701 57
5785 8707 60
5785 8695 8
5785 8779 54
5785 8665 3
5785 9632 22
5785 8670 52
5785 8709 55
5785 8706 43
5785 8712 32
5785 5245 45
5785 9627 15
5785 8663 53
5785 8666 31
5785 8668 35
5785 8671 58
5785 8708 46
5785 8710 26
5785 8774 28
5785 5244 19
5785 5243 39
5785 9527 28
5785 8697 24
5785 5258 40
5785 8664 56
5785 8667 30
5785 8669 40
5824 8700 11
5824 8699 47
5824 8702 29
5824 8696 9
5824 9633 34
5824 8701 12
5824 8707 51
5824 8695 25
5824 8779 1
5824 8665 26
5824 9632 16
5824 8670 14
5824 8709 35
5824 8706 11
5824 8712 20
5824 5245 27
5824 9627 58
5824 8663 33
5824 8666 19
5824 8668 54
5824 8671 57
5824 8708 60
5824 8710 38
5824 8774 2
5824 5244 11
5824 5243 23
5824 9527 12
5824 8697 28
5824 5258 14
5824 8664 31
5824 8667 4
5824 8669 6
5799 8700 0
5799 8699 51
5799 8702 16
5799 8696 9
5799 9633 22
5799 8701 34
5799 8707 1
5799 8695 0
5799 8779 44
5799 8665 6
5799 9632 60
5799 8670 52
5799 8709 57
5799 8706 9
5799 8712 23
5799 5245 38
5799 9627 39
5799 8663 49
5799 8666 49
5799 8668 37
5799 8671 13
5799 8708 20
5799 8710 6
5799 8774 3
5799 5244 28
5799 5243 26
5799 9527 53
5799 8697 60
5799 5258 13
5799 8664 32
5799 8667 30
5799 8669 47
5719 8700 7
5719 8699 17
5719 8702 32
5719 8696 34
5719 9633 44
5719 8701 32
5719 8707 11
5719 8695 33
5719 8779 15
5719 8665 47
5719 9632 20
5719 8670 16
5719 8709 17
5719 8706 26
5719 8712 26
5719 5245 2
5719 9627 13
5719 8663 4
5719 8666 35
5719 8668 13
5719 8671 58
5719 8708 56
5719 8710 30
5719 8774 55
5719 5244 34
5719 5243 46
5719 9527 50
5719 8697 17
5719 5258 41
5719 8664 31
5719 8667 19
5719 8669 32
5791 8700 28
5791 8699 25
5791 8702 56
5791 8696 32
5791 9633 42
5791 8701 44
5791 8707 53
5791 8695 17
5791 8779 47
5791 8665 19
5791 9632 19
5791 8670 25
5791 8709 54
5791 8706 39
5791 8712 21
5791 5245 22
5791 9627 15
5791 8663 15
5791 8666 47
5791 8668 51
5791 8671 46
5791 8708 4
5791 8710 34
5791 8774 50
5791 5244 18
5791 5243 41
5791 9527 28
5791 8697 7
5791 5258 28
5791 8664 2
5791 8667 22
5791 8669 44
5797 8700 54
5797 8699 3
5797 8702 59
5797 8696 45
5797 9633 60
5797 8701 26
5797 8707 36
5797 8695 4
5797 8779 12
5797 8665 51
5797 9632 11
5797 8670 34
5797 8709 10
5797 8706 49
5797 8712 33
5797 5245 41
5797 9627 28
5797 8663 28
5797 8666 29
5797 8668 32
5797 8671 11
5797 8708 22
5797 8710 19
5797 8774 4
5797 5244 54
5797 5243 58
5797 9527 42
5797 8697 10
5797 5258 15
5797 8664 1
5797 8667 44
5797 8669 1
5703 8700 29
5703 8699 55
5703 8702 60
5703 8696 49
5703 9633 60
5703 8701 22
5703 8707 50
5703 8695 24
5703 8779 54
5703 8665 47
5703 9632 19
5703 8670 38
5703 8709 2
5703 8706 55
5703 8712 12
5703 5245 35
5703 9627 47
5703 8663 60
5703 8666 42
5703 8668 16
5703 8671 37
5703 8708 54
5703 8710 5
5703 8774 8
5703 5244 49
5703 5243 7
5703 9527 56
5703 8697 20
5703 5258 47
5703 8664 34
5703 8667 39
5703 8669 39
5808 8700 48
5808 8699 22
5808 8702 44
5808 8696 23
5808 9633 50
5808 8701 20
5808 8707 24
5808 8695 26
5808 8779 47
5808 8665 41
5808 9632 5
5808 8670 27
5808 8709 50
5808 8706 30
5808 8712 25
5808 5245 11
5808 9627 58
5808 8663 13
5808 8666 16
5808 8668 15
5808 8671 33
5808 8708 60
5808 8710 2
5808 8774 17
5808 5244 1
5808 5243 9
5808 9527 26
5808 8697 41
5808 5258 22
5808 8664 38
5808 8667 56
5808 8669 37
5724 8700 24
5724 8699 56
5724 8702 45
5724 8696 22
5724 9633 10
5724 8701 30
5724 8707 48
5724 8695 47
5724 8779 38
5724 8665 36
5724 9632 59
5724 8670 29
5724 8709 43
5724 8706 53
5724 8712 10
5724 5245 2
5724 9627 9
5724 8663 31
5724 8666 53
5724 8668 5
5724 8671 11
5724 8708 35
5724 8710 42
5724 8774 44
5724 5244 7
5724 5243 52
5724 9527 17
5724 8697 30
5724 5258 41
5724 8664 13
5724 8667 8
5724 8669 38
5727 8700 49
5727 8699 50
5727 8702 50
5727 8696 49
5727 9633 25
5727 8701 30
5727 8707 55
5727 8695 1
5727 8779 6
5727 8665 21
5727 9632 47
5727 8670 34
5727 8709 58
5727 8706 15
5727 8712 6
5727 5245 57
5727 9627 48
5727 8663 30
5727 8666 52
5727 8668 25
5727 8671 23
5727 8708 10
5727 8710 2
5727 8774 19
5727 5244 59
5727 5243 24
5727 9527 51
5727 8697 20
5727 5258 14
5727 8664 34
5727 8667 3
5727 8669 31
5739 8700 22
5739 8699 42
5739 8702 1
5739 8696 42
5739 9633 25
5739 8701 41
5739 8707 16
5739 8695 4
5739 8779 50
5739 8665 37
5739 9632 34
5739 8670 44
5739 8709 15
5739 8706 3
5739 8712 44
5739 5245 33
5739 9627 27
5739 8663 21
5739 8666 47
5739 8668 1
5739 8671 46
5739 8708 17
5739 8710 17
5739 8774 39
5739 5244 50
5739 5243 16
5739 9527 6
5739 8697 41
5739 5258 21
5739 8664 19
5739 8667 0
5739 8669 43
