10984 9689 58
10984 6219 0
10984 9886 4
10984 6218 8
10984 9882 22
10984 9555 25
10984 9881 30
10984 9887 48
10984 11292 5
10984 9970 1
10984 9556 34
10984 9771 16
10984 9685 35
10984 9883 45
10984 9884 51
10984 9972 31
10984 11328 3
10984 11320 37
10984 8572 9
10984 6080 55
10984 9686 51
10984 6076 17
10984 9772 20
10984 9885 1
10984 9971 26
10984 9978 44
10984 11329 2
10984 9888 22
10984 7955 27
10984 9553 7
10984 6079 10
10984 9687 31
10978 9689 3
10978 6219 19
10978 9886 21
10978 6218 16
10978 9882 57
10978 9555 44
10978 9881 56
10978 9887 47
10978 11292 13
10978 9970 60
10978 9556 32
10978 9771 50
10978 9685 51
10978 9883 57
10978 9884 16
10978 9972 49
10978 11328 8
10978 11320 54
10978 8572 25
10978 6080 20
10978 9686 19
10978 6076 11
10978 9772 28
10978 9885 36
10978 9971 49
10978 9978 58
10978 11329 40
10978 9888 33
10978 7955 54
10978 9553 12
10978 6079 56
10978 9687 43
10983 9689 29
10983 6219 51
10983 9886 49
10983 6218 7
10983 9882 56
10983 9555 30
10983 9881 30
10983 9887 52
10983 11292 7
10983 9970 31
10983 9556 51
10983 9771 43
10983 9685 36
10983 9883 33
10983 9884 7
10983 9972 28
10983 11328 26
10983 11320 50
10983 8572 8
10983 6080 15
10983 9686 50
10983 6076 10
10983 9772 16
10983 9885 2
10983 9971 56
10983 9978 21
10983 11329 14
10983 9888 42
10983 7955 32
10983 9553 48
10983 6079 1
10983 9687 47
10991 9689 11
10991 6219 10
10991 9886 13
10991 6218 58
10991 9882 27
10991 9555 47
10991 9881 6
10991 9887 53
10991 11292 10
10991 9970 35
10991 9556 51
10991 9771 57
10991 9685 9
10991 9883 8
10991 9884 8
10991 9972 55
10991 11328 60
10991 11320 56
10991 8572 22
10991 6080 23
10991 9686 45
10991 6076 38
10991 9772 43
10991 9885 60
10991 9971 50
10991 9978 49
10991 11329 44
10991 9888 17
10991 7955 31
10991 9553 47
10991 6079 55
10991 9687 42
10904 9689 32
10904 6219 45
10904 9886 30
10904 6218 39
10904 9882 25
10904 9555 8
10904 9881 16
10904 9887 21
10904 11292 46
10904 9970 34
10904 9556 16
10904 9771 13
10904 9685 28
10904 9883 23
10904 9884 43
10904 9972 31
10904 11328 8
10904 11320 21
10904 8572 11
10904 6080 52
10904 9686 50
10904 6076 39
10904 9772 35
10904 9885 5
10904 9971 10
10904 9978 0
10904 11329 23
10904 9888 18
10904 7955 23
10904 9553 39
10904 6079 17
10904 9687 36
10660 9689 51
10660 6219 5
10660 9886 28
10660 6218 32
10660 9882 0
10660 9555 32
10660 9881 9
10660 9887 34
10660 11292 57
10660 9970 59
10660 9556 43
10660 9771 34
10660 9685 7
10660 9883 0
10660 9884 9
10660 9972 7
10660 11328 41
10660 11320 43
10660 8572 11
10660 6080 49
10660 9686 2
10660 6076 55
10660 9772 29
10660 9885 31
10660 9971 33
10660 9978 5
10660 11329 16
10660 9888 17
10660 7955 33
10660 9553 11
10660 6079 33
10660 9687 40
10726 9689 27
10726 6219 40
10726 9886 21
10726 6218 49
10726 9882 9
10726 9555 46
10726 9881 57
10726 9887 8
10726 11292 10
10726 9970 22
10726 9556 55
10726 9771 12
10726 9685 25
10726 9883 29
10726 9884 24
10726 9972 35
10726 11328 36
10726 11320 46
10726 8572 22
10726 6080 0
10726 9686 11
10726 6076 19
10726 9772 19
10726 9885 31
10726 9971 55
10726 9978 42
10726 11329 9
10726 9888 45
10726 7955 6
10726 9553 30
10726 6079 28
10726 9687 10
10883 9689 38
10883 6219 36
10883 9886 47
10883 6218 33
10883 9882 5
10883 9555 56
10883 9881 25
10883 9887 50
10883 11292 22
10883 9970 2
10883 9556 40
10883 9771 4
10883 9685 11
10883 9883 9
10883 9884 43
10883 9972 48
10883 11328 31
10883 11320 20
10883 8572 52
10883 6080 43
10883 9686 10
10883 6076 44
10883 9772 23
10883 9885 48
10883 9971 18
10883 9978 58
10883 11329 40
10883 9888 42
10883 7955 41
10883 9553 56
10883 6079 23
10883 9687 20
10982 9689 36
10982 6219 19
10982 9886 4
10982 6218 23
10982 9882 9
10982 9555 51
10982 9881 44
10982 9887 29
10982 11292 55
10982 9970 49
10982 9556 18
10982 9771 19
10982 9685 37
10982 9883 55
10982 9884 0
10982 9972 53
10982 11328 38
10982 11320 51
10982 8572 59
10982 6080 26
10982 9686 33
10982 6076 59
10982 9772 36
10982 9885 35
10982 9971 29
10982 9978 36
10982 11329 8
10982 9888 13
10982 7955 12
10982 9553 41
10982 6079 52
10982 9687 40
10993 9689 12
10993 6219 52
10993 9886 20
10993 6218 28
10993 9882 36
10993 9555 5
10993 9881 51
10993 9887 31
10993 11292 42
10993 9970 52
10993 9556 33
10993 9771 37
10993 9685 14
10993 9883 44
10993 9884 37
10993 9972 25
10993 11328 1
10993 11320 45
10993 8572 23
10993 6080 59
10993 9686 15
10993 6076 18
10993 9772 20
10993 9885 46
10993 9971 31
10993 9978 58
10993 11329 37
10993 9888 12
10993 7955 33
10993 9553 18
10993 6079 40
10993 9687 17
10994 9689 56
10994 6219 8
10994 9886 1
10994 6218 24
10994 9882 14
10994 9555 59
10994 9881 49
10994 9887 50
10994 11292 47
10994 9970 32
10994 9556 13
10994 9771 7
10994 9685 6
10994 9883 7
10994 9884 60
10994 9972 21
10994 11328 14
10994 11320 7
10994 8572 14
10994 6080 30
10994 9686 1
10994 6076 57
10994 9772 17
10994 9885 5
10994 9971 9
10994 9978 9
10994 11329 17
10994 9888 5
10994 7955 8
10994 9553 50
10994 6079 43
10994 9687 36
10992 9689 41
10992 6219 13
10992 9886 6
10992 6218 8
10992 9882 35
10992 9555 19
10992 9881 23
10992 9887 9
10992 11292 41
10992 9970 11
10992 9556 18
10992 9771 37
10992 9685 18
10992 9883 37
10992 9884 47
10992 9972 53
10992 11328 48
10992 11320 36
10992 8572 54
10992 6080 23
10992 9686 44
10992 6076 58
10992 9772 15
10992 9885 54
10992 9971 32
10992 9978 7
10992 11329 43
10992 9888 29
10992 7955 8
10992 9553 45
10992 6079 38
10992 9687 15
10901 9689 6
10901 6219 30
10901 9886 48
10901 6218 46
10901 9882 2
10901 9555 11
10901 9881 6
10901 9887 24
10901 11292 32
10901 9970 47
10901 9556 5
10901 9771 6
10901 9685 55
10901 9883 54
10901 9884 51
10901 9972 45
10901 11328 53
10901 11320 16
10901 8572 22
10901 6080 38
10901 9686 6
10901 6076 25
10901 9772 25
10901 9885 56
10901 9971 46
10901 9978 22
10901 11329 0
10901 9888 39
10901 7955 46
10901 9553 15
10901 6079 4
10901 9687 40
10659 9689 32
10659 6219 45
10659 9886 35
10659 6218 50
10659 9882 24
10659 9555 14
10659 9881 26
10659 9887 8
10659 11292 10
10659 9970 30
10659 9556 41
10659 9771 42
10659 9685 20
10659 9883 35
10659 9884 47
10659 9972 27
10659 11328 25
10659 11320 4
10659 8572 2
10659 6080 20
10659 9686 22
10659 6076 50
10659 9772 41
10659 9885 44
10659 9971 2
10659 9978 26
10659 11329 22
10659 9888 17
10659 7955 50
10659 9553 25
10659 6079 48
10659 9687 6
10661 9689 16
10661 6219 35
10661 9886 35
10661 6218 48
10661 9882 20
10661 9555 3
10661 9881 40
10661 9887 37
10661 11292 18
10661 9970 54
10661 9556 19
10661 9771 28
10661 9685 50
10661 9883 10
10661 9884 20
10661 9972 57
10661 11328 23
10661 11320 53
10661 8572 3
10661 6080 17
10661 9686 33
10661 6076 24
10661 9772 60
10661 9885 41
10661 9971 33
10661 9978 51
10661 11329 44
10661 9888 41
10661 7955 51
10661 9553 31
10661 6079 25
10661 9687 14
10725 9689 42
10725 6219 14
10725 9886 19
10725 6218 21
10725 9882 28
10725 9555 46
10725 9881 7
10725 9887 33
10725 11292 45
10725 9970 17
10725 9556 56
10725 9771 2
10725 9685 31
10725 9883 7
10725 9884 34
10725 9972 11
10725 11328 25
10725 11320 26
10725 8572 23
10725 6080 39
10725 9686 34
10725 6076 44
10725 9772 11
10725 9885 14
10725 9971 46
10725 9978 25
10725 11329 46
10725 9888 13
10725 7955 58
10725 9553 24
10725 6079 25
10725 9687 10
10727 9689 9
10727 6219 32
10727 9886 4
10727 6218 19
10727 9882 32
10727 9555 41
10727 9881 47
10727 9887 53
10727 11292 20
10727 9970 60
10727 9556 38
10727 9771 32
10727 9685 7
10727 9883 46
10727 9884 35
10727 9972 31
10727 11328 4
10727 11320 9
10727 8572 21
10727 6080 51
10727 9686 31
10727 6076 9
10727 9772 12
10727 9885 54
10727 9971 1
10727 9978 50
10727 11329 19
10727 9888 26
10727 7955 29
10727 9553 3
10727 6079 59
10727 9687 28
10884 9689 57
10884 6219 26
10884 9886 26
10884 6218 49
10884 9882 22
10884 9555 49
10884 9881 0
10884 9887 31
10884 11292 46
10884 9970 29
10884 9556 5
10884 9771 16
10884 9685 57
10884 9883 1
10884 9884 27
10884 9972 39
10884 11328 49
10884 11320 28
10884 8572 31
10884 6080 41
10884 9686 34
10884 6076 49
10884 9772 55
10884 9885 42
10884 9971 35
10884 9978 8
10884 11329 55
10884 9888 3
10884 7955 56
10884 9553 35
10884 6079 32
10884 9687 39
10981 9689 10
10981 6219 45
10981 9886 27
10981 6218 20
10981 9882 46
10981 9555 35
10981 9881 22
10981 9887 9
10981 11292 46
10981 9970 50
10981 9556 13
10981 9771 2
10981 9685 34
10981 9883 59
10981 9884 59
10981 9972 60
10981 11328 29
10981 11320 21
10981 8572 11
10981 6080 11
10981 9686 57
10981 6076 30
10981 9772 16
10981 9885 47
10981 9971 27
10981 9978 48
10981 11329 6
10981 9888 9
10981 7955 14
10981 9553 59
10981 6079 55
10981 9687 2
10985 9689 27
10985 6219 59
10985 9886 15
10985 6218 30
10985 9882 12
10985 9555 9
10985 9881 43
10985 9887 52
10985 11292 29
10985 9970 21
10985 9556 16
10985 9771 28
10985 9685 44
10985 9883 12
10985 9884 5
10985 9972 46
10985 11328 27
10985 11320 37
10985 8572 16
10985 6080 42
10985 9686 21
10985 6076 57
10985 9772 22
10985 9885 10
10985 9971 12
10985 9978 33
10985 11329 56
10985 9888 21
10985 7955 31
10985 9553 20
10985 6079 55
10985 9687 34
11027 9689 46
11027 6219 20
11027 9886 19
11027 6218 41
11027 9882 2
11027 9555 50
11027 9881 57
11027 9887 3
11027 11292 22
11027 9970 31
11027 9556 30
11027 9771 55
11027 9685 2
11027 9883 55
11027 9884 17
11027 9972 33
11027 11328 18
11027 11320 26
11027 8572 2
11027 6080 59
11027 9686 2
11027 6076 8
11027 9772 45
11027 9885 29
11027 9971 43
11027 9978 27
11027 11329 11
11027 9888 31
11027 7955 33
11027 9553 42
11027 6079 49
11027 9687 50
10996 9689 19
10996 6219 60
10996 9886 54
10996 6218 2
10996 9882 36
10996 9555 10
10996 9881 55
10996 9887 37
10996 11292 10
10996 9970 14
10996 9556 33
10996 9771 1
10996 9685 38
10996 9883 60
10996 9884 19
10996 9972 16
10996 11328 56
10996 11320 56
10996 8572 60
10996 6080 45
10996 9686 4
10996 6076 14
10996 9772 24
10996 9885 25
10996 9971 43
10996 9978 44
10996 11329 3
10996 9888 40
10996 7955 36
10996 9553 51
10996 6079 30
10996 9687 30
11032 9689 44
11032 6219 16
11032 9886 44
11032 6218 28
11032 9882 17
11032 9555 16
11032 9881 39
11032 9887 27
11032 11292 23
11032 9970 45
11032 9556 8
11032 9771 46
11032 9685 60
11032 9883 32
11032 9884 31
11032 9972 43
11032 11328 32
11032 11320 27
11032 8572 36
11032 6080 19
11032 9686 19
11032 6076 37
11032 9772 51
11032 9885 23
11032 9971 22
11032 9978 43
11032 11329 59
11032 9888 31
11032 7955 42
11032 9553 29
11032 6079 6
11032 9687 46
10905 9689 16
10905 6219 56
10905 9886 6
10905 6218 47
10905 9882 21
10905 9555 56
10905 9881 27
10905 9887 16
10905 11292 9
10905 9970 6
10905 9556 3
10905 9771 29
10905 9685 29
10905 9883 51
10905 9884 17
10905 9972 24
10905 11328 8
10905 11320 50
10905 8572 5
10905 6080 20
10905 9686 7
10905 6076 29
10905 9772 42
10905 9885 20
10905 9971 25
10905 9978 20
10905 11329 55
10905 9888 18
10905 7955 58
10905 9553 41
10905 6079 60
10905 9687 53
10900 9689 24
10900 6219 26
10900 9886 5
10900 6218 38
10900 9882 55
10900 9555 9
10900 9881 33
10900 9887 11
10900 11292 11
10900 9970 48
10900 9556 36
10900 9771 12
10900 9685 5
10900 9883 32
10900 9884 46
10900 9972 39
10900 11328 0
10900 11320 58
10900 8572 23
10900 6080 10
10900 9686 32
10900 6076 38
10900 9772 27
10900 9885 6
10900 9971 7
10900 9978 0
10900 11329 27
10900 9888 17
10900 7955 13
10900 9553 32
10900 6079 42
10900 9687 29
10657 9689 55
10657 6219 17
10657 9886 13
10657 6218 35
10657 9882 17
10657 9555 42
10657 9881 57
10657 9887 16
10657 11292 5
10657 9970 8
10657 9556 20
10657 9771 20
10657 9685 19
10657 9883 22
10657 9884 27
10657 9972 14
10657 11328 45
10657 11320 59
10657 8572 47
10657 6080 12
10657 9686 25
10657 6076 18
10657 9772 42
10657 9885 58
10657 9971 59
10657 9978 35
10657 11329 24
10657 9888 40
10657 7955 26
10657 9553 8
10657 6079 46
10657 9687 40
10645 9689 3
10645 6219 46
10645 9886 37
10645 6218 31
10645 9882 17
10645 9555 45
10645 9881 33
10645 9887 59
10645 11292 39
10645 9970 51
10645 9556 51
10645 9771 28
10645 9685 41
10645 9883 28
10645 9884 36
10645 9972 15
10645 11328 19
10645 11320 8
10645 8572 8
10645 6080 21
10645 9686 26
10645 6076 3
10645 9772 11
10645 9885 21
10645 9971 45
10645 9978 49
10645 11329 47
10645 9888 26
10645 7955 40
10645 9553 36
10645 6079 17
10645 9687 27
10658 9689 55
10658 6219 24
10658 9886 16
10658 6218 43
10658 9882 54
10658 9555 0
10658 9881 40
10658 9887 49
10658 11292 49
10658 9970 26
10658 9556 53
10658 9771 5
10658 9685 22
10658 9883 25
10658 9884 22
10658 9972 12
10658 11328 44
10658 11320 45
10658 8572 54
10658 6080 31
10658 9686 1
10658 6076 33
10658 9772 48
10658 9885 5
10658 9971 41
10658 9978 45
10658 11329 47
10658 9888 54
10658 7955 40
10658 9553 36
10658 6079 7
10658 9687 37
10882 9689 39
10882 6219 2
10882 9886 1
10882 6218 47
10882 9882 60
10882 9555 31
10882 9881 60
10882 9887 4
10882 11292 54
10882 9970 32
10882 9556 22
10882 9771 6
10882 9685 41
10882 9883 57
10882 9884 22
10882 9972 34
10882 11328 20
10882 11320 4
10882 8572 32
10882 6080 51
10882 9686 9
10882 6076 1
10882 9772 45
10882 9885 25
10882 9971 26
10882 9978 52
10882 11329 51
10882 9888 44
10882 7955 48
10882 9553 60
10882 6079 23
10882 9687 25
10720 9689 26
10720 6219 49
10720 9886 8
10720 6218 21
10720 9882 23
10720 9555 31
10720 9881 44
10720 9887 44
10720 11292 20
10720 9970 53
10720 9556 28
10720 9771 13
10720 9685 12
10720 9883 2
10720 9884 1
10720 9972 20
10720 11328 18
10720 11320 22
10720 8572 4
10720 6080 19
10720 9686 9
10720 6076 14
10720 9772 57
10720 9885 16
10720 9971 42
10720 9978 8
10720 11329 17
10720 9888 43
10720 7955 51
10720 9553 58
10720 6079 47
10720 9687 45
10979 9689 3
10979 6219 12
10979 9886 47
10979 6218 18
10979 9882 12
10979 9555 20
10979 9881 29
10979 9887 50
10979 11292 8
10979 9970 10
10979 9556 29
10979 9771 3
10979 9685 58
10979 9883 13
10979 9884 14
10979 9972 35
10979 11328 2
10979 11320 39
10979 8572 17
10979 6080 53
10979 9686 2
10979 6076 33
10979 9772 25
10979 9885 52
10979 9971 43
10979 9978 21
10979 11329 23
10979 9888 7
10979 7955 53
10979 9553 37
10979 6079 6
10979 9687 4
10885 9689 6
10885 6219 44
10885 9886 13
10885 6218 9
10885 9882 56
10885 9555 3
10885 9881 13
10885 9887 13
10885 11292 23
10885 9970 45
10885 9556 13
10885 9771 33
10885 9685 30
10885 9883 15
10885 9884 37
10885 9972 20
10885 11328 49
10885 11320 17
10885 8572 58
10885 6080 44
10885 9686 15
10885 6076 44
10885 9772 54
10885 9885 56
10885 9971 50
10885 9978 15
10885 11329 56
10885 9888 52
10885 7955 44
10885 9553 3
10885 6079 1
10885 9687 39
