5815 8700 30
5815 8700 3
5815 8699 23
5815 8699 2
5815 8702 12
5815 8702 50
5815 8696 44
5815 8696 44
5815 9633 27
5815 9633 7
5815 8701 55
5815 8701 0
5815 8707 40
5815 8707 40
5815 8695 46
5815 8695 1
5815 8779 45
5815 8779 52
5815 8665 41
5815 8665 30
5815 9632 48
5815 9632 13
5815 8670 16
5815 8670 25
5815 8709 53
5815 8709 44
5815 8706 1
5815 8706 28
5815 8712 40
5815 8712 10
5815 5245 14
5815 5245 15
5815 9627 25
5815 9627 17
5815 8663 5
5815 8663 31
5815 8666 33
5815 8666 0
5815 8668 19
5815 8668 38
5815 8671 1
5815 8671 37
5815 8708 11
5815 8708 30
5815 8710 19
5815 8710 9
5815 8774 29
5815 8774 13
5815 5244 38
5815 5244 46
5815 5243 27
5815 5243 17
5815 9527 50
5815 9527 4
5815 8697 27
5815 8697 42
5815 5258 52
5815 5258 8
5815 8664 19
5815 8664 46
5815 8667 24
5815 8667 4
5815 8669 2
5815 8669 54
5743 8700 48
5743 8700 37
5743 8699 28
5743 8699 51
5743 8702 23
5743 8702 31
5743 8696 31
5743 8696 57
5743 9633 36
5743 9633 16
5743 8701 21
5743 8701 0
5743 8707 9
5743 8707 12
5743 8695 26
5743 8695 13
5743 8779 47
5743 8779 11
5743 8665 26
5743 8665 48
5743 9632 26
5743 9632 41
5743 8670 46
5743 8670 9
5743 8709 29
5743 8709 15
5743 8706 19
5743 8706 55
5743 8712 20
5743 8712 12
5743 5245 19
5743 5245 16
5743 9627 31
5743 9627 3
5743 8663 33
5743 8663 48
5743 8666 52
5743 8666 50
5743 8668 27
5743 8668 11
5743 8671 21
5743 8671 9
5743 8708 57
5743 8708 45
5743 8710 58
5743 8710 2
5743 8774 27
5743 8774 39
5743 5244 19
5743 5244 60
5743 5243 6
5743 5243 6
5743 9527 17
5743 9527 44
5743 8697 50
5743 8697 4
5743 5258 2
5743 5258 33
5743 8664 59
5743 8664 51
5743 8667 12
5743 8667 19
5743 8669 60
5743 8669 8
5744 8700 9
5744 8700 29
5744 8699 35
5744 8699 57
5744 8702 49
5744 8702 30
5744 8696 32
5744 8696 13
5744 9633 14
5744 9633 19
5744 8701 10
5744 8701 8
5744 8707 25
5744 8707 43
5744 8695 60
5744 8695 5
5744 8779 7
5744 8779 14
5744 8665 5
5744 8665 36
5744 9632 36
5744 9632 49
5744 8670 2
5744 8670 38
5744 8709 49
5744 8709 50
5744 8706 5
5744 8706 52
5744 8712 3
5744 8712 31
5744 5245 26
5744 5245 55
5744 9627 52
5744 9627 34
5744 8663 35
5744 8663 46
5744 8666 22
5744 8666 17
5744 8668 47
5744 8668 39
5744 8671 51
5744 8671 1
5744 8708 30
5744 8708 24
5744 8710 31
5744 8710 47
5744 8774 9
5744 8774 60
5744 5244 16
5744 5244 8
5744 5243 14
5744 5243 36
5744 9527 44
5744 9527 18
5744 8697 33
5744 8697 17
5744 5258 35
5744 5258 31
5744 8664 3
5744 8664 10
5744 8667 52
5744 8667 13
5744 8669 31
5744 8669 45
5818 8700 53
5818 8700 17
5818 8699 41
5818 8699 23
5818 8702 35
5818 8702 50
5818 8696 17
5818 8696 43
5818 9633 49
5818 9633 4
5818 8701 6
5818 8701 14
5818 8707 32
5818 8707 46
5818 8695 38
5818 8695 29
5818 8779 41
5818 8779 6
5818 8665 7
5818 8665 28
5818 9632 17
5818 9632 33
5818 8670 37
5818 8670 35
5818 8709 2
5818 8709 39
5818 8706 20
5818 8706 31
5818 8712 4
5818 8712 30
5818 5245 16
5818 5245 52
5818 9627 35
5818 9627 11
5818 8663 41
5818 8663 48
5818 8666 28
5818 8666 57
5818 8668 42
5818 8668 7
5818 8671 2
5818 8671 12
5818 8708 3
5818 8708 2
5818 8710 5
5818 8710 22
5818 8774 49
5818 8774 48
5818 5244 26
5818 5244 25
5818 5243 17
5818 5243 5
5818 9527 34
5818 9527 17
5818 8697 4
5818 8697 26
5818 5258 17
5818 5258 0
5818 8664 38
5818 8664 24
5818 8667 47
5818 8667 3
5818 8669 52
5818 8669 5
5817 8700 47
5817 8700 22
5817 8699 2
5817 8699 31
5817 8702 35
5817 8702 34
5817 8696 6
5817 8696 18
5817 9633 16
5817 9633 39
5817 8701 9
5817 8701 31
5817 8707 37
5817 8707 46
5817 8695 2
5817 8695 0
5817 8779 49
5817 8779 13
5817 8665 32
5817 8665 47
5817 9632 9
5817 9632 55
5817 8670 33
5817 8670 18
5817 8709 10
5817 8709 27
5817 8706 18
5817 8706 52
5817 8712 4
5817 8712 11
5817 5245 44
5817 5245 60
5817 9627 12
5817 9627 13
5817 8663 21
5817 8663 57
5817 8666 55
5817 8666 9
5817 8668 10
5817 8668 9
5817 8671 3
5817 8671 1
5817 8708 38
5817 8708 37
5817 8710 6
5817 8710 50
5817 8774 21
5817 8774 53
5817 5244 44
5817 5244 31
5817 5243 7
5817 5243 34
5817 9527 59
5817 9527 6
5817 8697 48
5817 8697 36
5817 5258 17
5817 5258 60
5817 8664 59
5817 8664 47
5817 8667 16
5817 8667 19
5817 8669 44
5817 8669 59
5821 8700 31
5821 8700 30
5821 8699 49
5821 8699 38
5821 8702 51
5821 8702 37
5821 8696 29
5821 8696 57
5821 9633 24
5821 9633 24
5821 8701 48
5821 8701 38
5821 8707 60
5821 8707 50
5821 8695 28
5821 8695 20
5821 8779 28
5821 8779 33
5821 8665 30
5821 8665 32
5821 9632 36
5821 9632 29
5821 8670 1
5821 8670 31
5821 8709 15
5821 8709 9
5821 8706 45
5821 8706 21
5821 8712 3
5821 8712 7
5821 5245 11
5821 5245 13
5821 9627 53
5821 9627 51
5821 8663 54
5821 8663 19
5821 8666 32
5821 8666 43
5821 8668 1
5821 8668 55
5821 8671 15
5821 8671 5
5821 8708 36
5821 8708 39
5821 8710 30
5821 8710 50
5821 8774 7
5821 8774 6
5821 5244 46
5821 5244 32
5821 5243 56
5821 5243 26
5821 9527 32
5821 9527 57
5821 8697 47
5821 8697 13
5821 5258 12
5821 5258 38
5821 8664 4
5821 8664 29
5821 8667 55
5821 8667 58
5821 8669 29
5821 8669 51
5741 8700 9
5741 8700 15
5741 8699 41
5741 8699 47
5741 8702 39
5741 8702 20
5741 8696 27
5741 8696 29
5741 9633 27
5741 9633 46
5741 8701 1
5741 8701 53
5741 8707 51
5741 8707 21
5741 8695 43
5741 8695 37
5741 8779 27
5741 8779 37
5741 8665 0
5741 8665 36
5741 9632 7
5741 9632 38
5741 8670 42
5741 8670 52
5741 8709 9
5741 8709 29
5741 8706 10
5741 8706 53
5741 8712 44
5741 8712 25
5741 5245 28
5741 5245 55
5741 9627 18
5741 9627 27
5741 8663 26
5741 8663 12
5741 8666 34
5741 8666 0
5741 8668 49
5741 8668 15
5741 8671 9
5741 8671 22
5741 8708 4
5741 8708 38
5741 8710 31
5741 8710 0
5741 8774 44
5741 8774 13
5741 5244 30
5741 5244 32
5741 5243 5
5741 5243 47
5741 9527 38
5741 9527 9
5741 8697 37
5741 8697 27
5741 5258 57
5741 5258 55
5741 8664 41
5741 8664 31
5741 8667 30
5741 8667 22
5741 8669 19
5741 8669 10
5722 8700 54
5722 8700 43
5722 8699 46
5722 8699 32
5722 8702 24
5722 8702 43
5722 8696 44
5722 8696 44
5722 9633 38
5722 9633 37
5722 8701 9
5722 8701 52
5722 8707 42
5722 8707 25
5722 8695 33
5722 8695 39
5722 8779 28
5722 8779 26
5722 8665 22
5722 8665 3
5722 9632 35
5722 9632 59
5722 8670 12
5722 8670 43
5722 8709 38
5722 8709 55
5722 8706 12
5722 8706 33
5722 8712 47
5722 8712 50
5722 5245 10
5722 5245 25
5722 9627 48
5722 9627 45
5722 8663 52
5722 8663 43
5722 8666 37
5722 8666 30
5722 8668 28
5722 8668 57
5722 8671 25
5722 8671 34
5722 8708 19
5722 8708 1
5722 8710 31
5722 8710 43
5722 8774 13
5722 8774 32
5722 5244 42
5722 5244 58
5722 5243 26
5722 5243 8
5722 9527 23
5722 9527 56
5722 8697 41
5722 8697 37
5722 5258 40
5722 5258 37
5722 8664 50
5722 8664 9
5722 8667 40
5722 8667 17
5722 8669 35
5722 8669 52
5816 8700 52
5816 8700 12
5816 8699 13
5816 8699 60
5816 8702 14
5816 8702 45
5816 8696 7
5816 8696 60
5816 9633 4
5816 9633 25
5816 8701 4
5816 8701 43
5816 8707 0
5816 8707 22
5816 8695 10
5816 8695 46
5816 8779 10
5816 8779 12
5816 8665 30
5816 8665 54
5816 9632 18
5816 9632 47
5816 8670 35
5816 8670 19
5816 8709 38
5816 8709 51
5816 8706 28
5816 8706 32
5816 8712 28
5816 8712 50
5816 5245 11
5816 5245 28
5816 9627 24
5816 9627 53
5816 8663 6
5816 8663 14
5816 8666 37
5816 8666 2
5816 8668 7
5816 8668 34
5816 8671 55
5816 8671 31
5816 8708 2
5816 8708 27
5816 8710 0
5816 8710 32
5816 8774 17
5816 8774 36
5816 5244 11
5816 5244 7
5816 5243 9
5816 5243 30
5816 9527 48
5816 9527 34
5816 8697 36
5816 8697 39
5816 5258 6
5816 5258 37
5816 8664 53
5816 8664 9
5816 8667 38
5816 8667 34
5816 8669 42
5816 8669 57
5819 8700 2
5819 8700 31
5819 8699 28
5819 8699 43
5819 8702 1
5819 8702 19
5819 8696 23
5819 8696 56
5819 9633 19
5819 9633 23
5819 8701 11
5819 8701 14
5819 8707 39
5819 8707 15
5819 8695 10
5819 8695 39
5819 8779 11
5819 8779 28
5819 8665 46
5819 8665 25
5819 9632 33
5819 9632 7
5819 8670 47
5819 8670 23
5819 8709 13
5819 8709 16
5819 8706 39
5819 8706 26
5819 8712 11
5819 8712 2
5819 5245 35
5819 5245 8
5819 9627 15
5819 9627 31
5819 8663 27
5819 8663 43
5819 8666 17
5819 8666 37
5819 8668 56
5819 8668 17
5819 8671 10
5819 8671 16
5819 8708 24
5819 8708 14
5819 8710 26
5819 8710 42
5819 8774 46
5819 8774 11
5819 5244 17
5819 5244 10
5819 5243 7
5819 5243 23
5819 9527 37
5819 9527 7
5819 8697 15
5819 8697 18
5819 5258 56
5819 5258 26
5819 8664 29
5819 8664 53
5819 8667 18
5819 8667 18
5819 8669 35
5819 8669 19
5820 8700 9
5820 8700 10
5820 8699 44
5820 8699 30
5820 8702 5
5820 8702 32
5820 8696 37
5820 8696 5
5820 9633 28
5820 9633 19
5820 8701 9
5820 8701 49
5820 8707 56
5820 8707 4
5820 8695 56
5820 8695 1
5820 8779 31
5820 8779 8
5820 8665 31
5820 8665 3
5820 9632 19
5820 9632 25
5820 8670 37
5820 8670 15
5820 8709 57
5820 8709 11
5820 8706 44
5820 8706 43
5820 8712 10
5820 8712 40
5820 5245 47
5820 5245 21
5820 9627 56
5820 9627 44
5820 8663 45
5820 8663 22
5820 8666 23
5820 8666 42
5820 8668 49
5820 8668 25
5820 8671 14
5820 8671 49
5820 8708 13
5820 8708 28
5820 8710 43
5820 8710 5
5820 8774 51
5820 8774 50
5820 5244 30
5820 5244 58
5820 5243 16
5820 5243 44
5820 9527 50
5820 9527 38
5820 8697 36
5820 8697 22
5820 5258 36
5820 5258 8
5820 8664 53
5820 8664 57
5820 8667 54
5820 8667 54
5820 8669 31
5820 8669 43
5814 8700 0
5814 8700 5
5814 8699 12
5814 8699 1
5814 8702 13
5814 8702 59
5814 8696 31
5814 8696 55
5814 9633 30
5814 9633 22
5814 8701 27
5814 8701 31
5814 8707 53
5814 8707 19
5814 8695 1
5814 8695 0
5814 8779 3
5814 8779 10
5814 8665 23
5814 8665 10
5814 9632 41
5814 9632 33
5814 8670 12
5814 8670 0
5814 8709 27
5814 8709 26
5814 8706 39
5814 8706 32
5814 8712 31
5814 8712 25
5814 5245 26
5814 5245 25
5814 9627 32
5814 9627 58
5814 8663 4
5814 8663 45
5814 8666 58
5814 8666 50
5814 8668 32
5814 8668 48
5814 8671 38
5814 8671 7
5814 8708 23
5814 8708 55
5814 8710 14
5814 8710 8
5814 8774 48
5814 8774 48
5814 5244 45
5814 5244 47
5814 5243 6
5814 5243 37
5814 9527 59
5814 9527 36
5814 8697 11
5814 8697 32
5814 5258 40
5814 5258 25
5814 8664 22
5814 8664 44
5814 8667 25
5814 8667 23
5814 8669 39
5814 8669 11
5825 8700 2
5825 8700 45
5825 8699 35
5825 8699 14
5825 8702 60
5825 8702 23
5825 8696 34
5825 8696 23
5825 9633 57
5825 9633 12
5825 8701 26
5825 8701 29
5825 8707 52
5825 8707 47
5825 8695 50
5825 8695 29
5825 8779 22
5825 8779 8
5825 8665 21
5825 8665 56
5825 9632 49
5825 9632 18
5825 8670 55
5825 8670 2
5825 8709 5
5825 8709 40
5825 8706 48
5825 8706 7
5825 8712 60
5825 8712 0
5825 5245 23
5825 5245 57
5825 9627 53
5825 9627 26
5825 8663 28
5825 8663 41
5825 8666 58
5825 8666 41
5825 8668 51
5825 8668 3
5825 8671 48
5825 8671 53
5825 8708 13
5825 8708 7
5825 8710 58
5825 8710 13
5825 8774 21
5825 8774 24
5825 5244 60
5825 5244 10
5825 5243 48
5825 5243 47
5825 9527 14
5825 9527 21
5825 8697 25
5825 8697 0
5825 5258 22
5825 5258 1
5825 8664 43
5825 8664 3
5825 8667 23
5825 8667 22
5825 8669 31
5825 8669 17
5742 8700 19
5742 8700 60
5742 8699 4
5742 8699 5
5742 8702 11
5742 8702 31
5742 8696 52
5742 8696 4
5742 9633 28
5742 9633 4
5742 8701 29
5742 8701 41
5742 8707 0
5742 8707 56
5742 8695 38
5742 8695 34
5742 8779 3
5742 8779 26
5742 8665 24
5742 8665 14
5742 9632 7
5742 9632 24
5742 8670 13
5742 8670 24
5742 8709 0
5742 8709 56
5742 8706 9
5742 8706 0
5742 8712 8
5742 8712 58
5742 5245 32
5742 5245 24
5742 9627 6
5742 9627 5
5742 8663 50
5742 8663 44
5742 8666 12
5742 8666 43
5742 8668 20
5742 8668 12
5742 8671 23
5742 8671 18
5742 8708 58
5742 8708 56
5742 8710 58
5742 8710 3
5742 8774 35
5742 8774 7
5742 5244 50
5742 5244 45
5742 5243 35
5742 5243 46
5742 9527 52
5742 9527 13
5742 8697 50
5742 8697 46
5742 5258 25
5742 5258 49
5742 8664 46
5742 8664 57
5742 8667 9
5742 8667 45
5742 8669 12
5742 8669 9
5721 8700 24
5721 8700 20
5721 8699 23
5721 8699 45
5721 8702 27
5721 8702 38
5721 8696 44
5721 8696 13
5721 9633 3
5721 9633 11
5721 8701 7
5721 8701 8
5721 8707 50
5721 8707 49
5721 8695 49
5721 8695 55
5721 8779 33
5721 8779 56
5721 8665 33
5721 8665 35
5721 9632 26
5721 9632 54
5721 8670 34
5721 8670 20
5721 8709 50
5721 8709 6
5721 8706 51
5721 8706 2
5721 8712 60
5721 8712 2
5721 5245 41
5721 5245 44
5721 9627 32
5721 9627 6
5721 8663 17
5721 8663 7
5721 8666 59
5721 8666 36
5721 8668 21
5721 8668 16
5721 8671 3
5721 8671 25
5721 8708 38
5721 8708 29
5721 8710 4
5721 8710 11
5721 8774 52
5721 8774 22
5721 5244 40
5721 5244 10
5721 5243 58
5721 5243 32
5721 9527 57
5721 9527 16
5721 8697 18
5721 8697 1
5721 5258 45
5721 5258 3
5721 8664 23
5721 8664 21
5721 8667 41
5721 8667 0
5721 8669 15
5721 8669 44
5798 8700 14
5798 8700 36
5798 8699 0
5798 8699 57
5798 8702 36
5798 8702 29
5798 8696 51
5798 8696 19
5798 9633 26
5798 9633 34
5798 8701 10
5798 8701 32
5798 8707 49
5798 8707 31
5798 8695 38
5798 8695 43
5798 8779 47
5798 8779 47
5798 8665 11
5798 8665 44
5798 9632 49
5798 9632 35
5798 8670 21
5798 8670 57
5798 8709 49
5798 8709 52
5798 8706 3
5798 8706 16
5798 8712 7
5798 8712 53
5798 5245 25
5798 5245 40
5798 9627 5
5798 9627 18
5798 8663 54
5798 8663 29
5798 8666 34
5798 8666 39
5798 8668 12
5798 8668 51
5798 8671 6
5798 8671 54
5798 8708 0
5798 8708 50
5798 8710 48
5798 8710 3
5798 8774 46
5798 8774 21
5798 5244 48
5798 5244 37
5798 5243 26
5798 5243 9
5798 9527 35
5798 9527 49
5798 8697 48
5798 8697 57
5798 5258 36
5798 5258 46
5798 8664 18
5798 8664 42
5798 8667 5
5798 8667 57
5798 8669 15
5798 8669 43
5723 8700 58
5723 8700 18
5723 8699 54
5723 8699 23
5723 8702 52
5723 8702 52
5723 8696 23
5723 8696 44
5723 9633 57
5723 9633 52
5723 8701 43
5723 8701 16
5723 8707 59
5723 8707 0
5723 8695 43
5723 8695 43
5723 8779 35
5723 8779 13
5723 8665 27
5723 8665 30
5723 9632 41
5723 9632 26
5723 8670 59
5723 8670 47
5723 8709 37
5723 8709 59
5723 8706 49
5723 8706 31
5723 8712 44
5723 8712 50
5723 5245 58
5723 5245 0
5723 9627 11
5723 9627 40
5723 8663 28
5723 8663 16
5723 8666 40
5723 8666 50
5723 8668 52
5723 8668 39
5723 8671 31
5723 8671 58
5723 8708 15
5723 8708 18
5723 8710 34
5723 8710 46
5723 8774 45
5723 8774 33
5723 5244 9
5723 5244 57
5723 5243 16
5723 5243 47
5723 9527 53
5723 9527 0
5723 8697 57
5723 8697 1
5723 5258 31
5723 5258 48
5723 8664 7
5723 8664 29
5723 8667 7
5723 8667 59
5723 8669 8
5723 8669 33
5738 8700 42
5738 8700 43
5738 8699 12
5738 8699 45
5738 8702 43
5738 8702 45
5738 8696 38
5738 8696 42
5738 9633 3
5738 9633 9
5738 8701 26
5738 8701 56
5738 8707 0
5738 8707 0
5738 8695 41
5738 8695 39
5738 8779 11
5738 8779 9
5738 8665 7
5738 8665 11
5738 9632 57
5738 9632 10
5738 8670 37
5738 8670 3
5738 8709 13
5738 8709 15
5738 8706 49
5738 8706 39
5738 8712 12
5738 8712 19
5738 5245 23
5738 5245 28
5738 9627 57
5738 9627 35
5738 8663 24
5738 8663 13
5738 8666 34
5738 8666 10
5738 8668 56
5738 8668 9
5738 8671 53
5738 8671 52
5738 8708 59
5738 8708 1
5738 8710 45
5738 8710 47
5738 8774 42
5738 8774 60
5738 5244 8
5738 5244 59
5738 5243 40
5738 5243 6
5738 9527 45
5738 9527 56
5738 8697 10
5738 8697 35
5738 5258 18
5738 5258 13
5738 8664 8
5738 8664 49
5738 8667 29
5738 8667 14
5738 8669 5
5738 8669 59
5813 8700 11
5813 8700 47
5813 8699 14
5813 8699 23
5813 8702 25
5813 8702 3
5813 8696 42
5813 8696 31
5813 9633 3
5813 9633 56
5813 8701 59
5813 8701 37
5813 8707 47
5813 8707 30
5813 8695 44
5813 8695 20
5813 8779 39
5813 8779 38
5813 8665 56
5813 8665 50
5813 9632 17
5813 9632 36
5813 8670 47
5813 8670 16
5813 8709 46
5813 8709 12
5813 8706 41
5813 8706 38
5813 8712 12
5813 8712 6
5813 5245 24
5813 5245 3
5813 9627 34
5813 9627 26
5813 8663 37
5813 8663 4
5813 8666 59
5813 8666 33
5813 8668 46
5813 8668 26
5813 8671 0
5813 8671 16
5813 8708 32
5813 8708 42
5813 8710 21
5813 8710 9
5813 8774 28
5813 8774 7
5813 5244 0
5813 5244 19
5813 5243 22
5813 5243 54
5813 9527 14
5813 9527 51
5813 8697 36
5813 8697 21
5813 5258 6
5813 5258 4
5813 8664 31
5813 8664 14
5813 8667 45
5813 8667 54
5813 8669 36
5813 8669 34
5777 8700 56
5777 8700 7
5777 8699 60
5777 8699 56
5777 8702 33
5777 8702 42
5777 8696 43
5777 8696 31
5777 9633 8
5777 9633 0
5777 8701 24
5777 8701 13
5777 8707 40
5777 8707 22
5777 8695 36
5777 8695 18
5777 8779 34
5777 8779 22
5777 8665 11
5777 8665 34
5777 9632 30
5777 9632 44
5777 8670 58
5777 8670 29
5777 8709 32
5777 8709 18
5777 8706 10
5777 8706 16
5777 8712 48
5777 8712 52
5777 5245 8
5777 5245 54
5777 9627 19
5777 9627 60
5777 8663 13
5777 8663 40
5777 8666 22
5777 8666 4
5777 8668 32
5777 8668 14
5777 8671 0
5777 8671 41
5777 8708 53
5777 8708 19
5777 8710 54
5777 8710 32
5777 8774 60
5777 8774 11
5777 5244 21
5777 5244 21
5777 5243 23
5777 5243 25
5777 9527 58
5777 9527 25
5777 8697 10
5777 8697 24
5777 5258 40
5777 5258 44
5777 8664 25
5777 8664 44
5777 8667 20
5777 8667 52
5777 8669 6
5777 8669 56
5822 8700 38
5822 8700 0
5822 8699 55
5822 8699 13
5822 8702 56
5822 8702 28
5822 8696 15
5822 8696 10
5822 9633 59
5822 9633 49
5822 8701 59
5822 8701 38
5822 8707 16
5822 8707 1
5822 8695 1
5822 8695 52
5822 8779 20
5822 8779 43
5822 8665 0
5822 8665 5
5822 9632 31
5822 9632 20
5822 8670 10
5822 8670 32
5822 8709 60
5822 8709 6
5822 8706 60
5822 8706 19
5822 8712 22
5822 8712 56
5822 5245 45
5822 5245 6
5822 9627 36
5822 9627 30
5822 8663 9
5822 8663 41
5822 8666 59
5822 8666 18
5822 8668 20
5822 8668 47
5822 8671 52
5822 8671 23
5822 8708 46
5822 8708 39
5822 8710 2
5822 8710 22
5822 8774 60
5822 8774 58
5822 5244 46
5822 5244 9
5822 5243 1
5822 5243 47
5822 9527 21
5822 9527 45
5822 8697 48
5822 8697 16
5822 5258 44
5822 5258 22
5822 8664 52
5822 8664 53
5822 8667 39
5822 8667 3
5822 8669 59
5822 8669 36
5785 8700 38
5785 8700 5
5785 8699 8
5785 8699 25
5785 8702 57
5785 8702 51
5785 8696 31
5785 8696 22
5785 9633 15
5785 9633 49
5785 8701 3
5785 8701 34
5785 8707 37
5785 8707 11
5785 8695 34
5785 8695 45
5785 8779 49
5785 8779 11
5785 8665 26
5785 8665 32
5785 9632 48
5785 9632 6
5785 8670 14
5785 8670 22
5785 8709 12
5785 8709 13
5785 8706 40
5785 8706 14
5785 8712 40
5785 8712 25
5785 5245 45
5785 5245 8
5785 9627 51
5785 9627 57
5785 8663 46
5785 8663 7
5785 8666 40
5785 8666 40
5785 8668 60
5785 8668 59
5785 8671 18
5785 8671 36
5785 8708 35
5785 8708 14
5785 8710 16
5785 8710 17
5785 8774 39
5785 8774 33
5785 5244 48
5785 5244 29
5785 5243 48
5785 5243 16
5785 9527 11
5785 9527 34
5785 8697 3
5785 8697 31
5785 5258 40
5785 5258 13
5785 8664 29
5785 8664 19
5785 8667 44
5785 8667 53
5785 8669 39
5785 8669 7
5824 8700 42
5824 8700 58
5824 8699 46
5824 8699 47
5824 8702 32
5824 8702 58
5824 8696 36
5824 8696 37
5824 9633 32
5824 9633 41
5824 8701 50
5824 8701 40
5824 8707 25
5824 8707 52
5824 8695 49
5824 8695 7
5824 8779 53
5824 8779 11
5824 8665 14
5824 8665 51
5824 9632 31
5824 9632 51
5824 8670 17
5824 8670 4
5824 8709 21
5824 8709 20
5824 8706 3
5824 8706 2
5824 8712 51
5824 8712 6
5824 5245 33
5824 5245 51
5824 9627 51
5824 9627 38
5824 8663 23
5824 8663 18
5824 8666 2
5824 8666 33
5824 8668 44
5824 8668 38
5824 8671 60
5824 8671 22
5824 8708 39
5824 8708 36
5824 8710 53
5824 8710 45
5824 8774 57
5824 8774 49
5824 5244 4
5824 5244 11
5824 5243 50
5824 5243 29
5824 9527 24
5824 9527 37
5824 8697 50
5824 8697 32
5824 5258 52
5824 5258 46
5824 8664 48
5824 8664 49
5824 8667 48
5824 8667 57
5824 8669 33
5824 8669 56
5799 8700 18
5799 8700 9
5799 8699 20
5799 8699 18
5799 8702 30
5799 8702 48
5799 8696 1
5799 8696 11
5799 9633 33
5799 9633 57
5799 8701 38
5799 8701 42
5799 8707 39
5799 8707 46
5799 8695 33
5799 8695 35
5799 8779 59
5799 8779 60
5799 8665 23
5799 8665 38
5799 9632 5
5799 9632 18
5799 8670 30
5799 8670 18
5799 8709 7
5799 8709 9
5799 8706 27
5799 8706 11
5799 8712 43
5799 8712 31
5799 5245 40
5799 5245 34
5799 9627 44
5799 9627 29
5799 8663 22
5799 8663 28
5799 8666 37
5799 8666 51
5799 8668 50
5799 8668 37
5799 8671 8
5799 8671 30
5799 8708 14
5799 8708 22
5799 8710 53
5799 8710 5
5799 8774 1
5799 8774 39
5799 5244 8
5799 5244 25
5799 5243 33
5799 5243 35
5799 9527 27
5799 9527 54
5799 8697 34
5799 8697 52
5799 5258 38
5799 5258 39
5799 8664 38
5799 8664 19
5799 8667 1
5799 8667 14
5799 8669 26
5799 8669 6
5719 8700 17
5719 8700 24
5719 8699 44
5719 8699 7
5719 8702 48
5719 8702 8
5719 8696 58
5719 8696 3
5719 9633 45
5719 9633 36
5719 8701 17
5719 8701 34
5719 8707 33
5719 8707 35
5719 8695 28
5719 8695 34
5719 8779 40
5719 8779 1
5719 8665 26
5719 8665 19
5719 9632 15
5719 9632 44
5719 8670 57
5719 8670 41
5719 8709 21
5719 8709 20
5719 8706 22
5719 8706 35
5719 8712 41
5719 8712 22
5719 5245 0
5719 5245 28
5719 9627 38
5719 9627 28
5719 8663 41
5719 8663 47
5719 8666 30
5719 8666 52
5719 8668 19
5719 8668 45
5719 8671 56
5719 8671 50
5719 8708 49
5719 8708 14
5719 8710 5
5719 8710 23
5719 8774 29
5719 8774 44
5719 5244 6
5719 5244 51
5719 5243 10
5719 5243 45
5719 9527 22
5719 9527 3
5719 8697 28
5719 8697 3
5719 5258 12
5719 5258 14
5719 8664 5
5719 8664 24
5719 8667 8
5719 8667 55
5719 8669 57
5719 8669 35
5791 8700 47
5791 8700 13
5791 8699 12
5791 8699 52
5791 8702 53
5791 8702 10
5791 8696 19
5791 8696 38
5791 9633 42
5791 9633 34
5791 8701 13
5791 8701 3
5791 8707 45
5791 8707 18
5791 8695 50
5791 8695 3
5791 8779 14
5791 8779 18
5791 8665 1
5791 8665 26
5791 9632 6
5791 9632 23
5791 8670 6
5791 8670 51
5791 8709 58
5791 8709 7
5791 8706 59
5791 8706 20
5791 8712 11
5791 8712 32
5791 5245 40
5791 5245 0
5791 9627 9
5791 9627 4
5791 8663 44
5791 8663 42
5791 8666 25
5791 8666 50
5791 8668 14
5791 8668 31
5791 8671 13
5791 8671 54
5791 8708 56
5791 8708 50
5791 8710 57
5791 8710 29
5791 8774 41
5791 8774 44
5791 5244 47
5791 5244 32
5791 5243 14
5791 5243 7
5791 9527 36
5791 9527 17
5791 8697 26
5791 8697 28
5791 5258 24
5791 5258 27
5791 8664 37
5791 8664 46
5791 8667 7
5791 8667 25
5791 8669 26
5791 8669 38
5797 8700 18
5797 8700 18
5797 8699 55
5797 8699 7
5797 8702 2
5797 8702 28
5797 8696 12
5797 8696 29
5797 9633 41
5797 9633 6
5797 8701 9
5797 8701 5
5797 8707 5
5797 8707 5
5797 8695 48
5797 8695 11
5797 8779 51
5797 8779 38
5797 8665 27
5797 8665 25
5797 9632 19
5797 9632 1
5797 8670 28
5797 8670 8
5797 8709 60
5797 8709 55
5797 8706 9
5797 8706 14
5797 8712 13
5797 8712 26
5797 5245 49
5797 5245 8
5797 9627 16
5797 9627 60
5797 8663 19
5797 8663 58
5797 8666 36
5797 8666 7
5797 8668 48
5797 8668 52
5797 8671 24
5797 8671 56
5797 8708 40
5797 8708 53
5797 8710 4
5797 8710 1
5797 8774 47
5797 8774 50
5797 5244 55
5797 5244 32
5797 5243 35
5797 5243 48
5797 9527 28
5797 9527 26
5797 8697 50
5797 8697 2
5797 5258 28
5797 5258 29
5797 8664 46
5797 8664 4
5797 8667 29
5797 8667 55
5797 8669 29
5797 8669 58
5703 8700 54
5703 8700 51
5703 8699 1
5703 8699 45
5703 8702 38
5703 8702 2
5703 8696 9
5703 8696 45
5703 9633 13
5703 9633 30
5703 8701 45
5703 8701 35
5703 8707 15
5703 8707 18
5703 8695 34
5703 8695 0
5703 8779 23
5703 8779 40
5703 8665 33
5703 8665 1
5703 9632 7
5703 9632 24
5703 8670 7
5703 8670 24
5703 8709 4
5703 8709 23
5703 8706 1
5703 8706 40
5703 8712 36
5703 8712 36
5703 5245 38
5703 5245 3
5703 9627 54
5703 9627 10
5703 8663 0
5703 8663 58
5703 8666 26
5703 8666 0
5703 8668 23
5703 8668 13
5703 8671 5
5703 8671 43
5703 8708 45
5703 8708 2
5703 8710 50
5703 8710 35
5703 8774 27
5703 8774 3
5703 5244 60
5703 5244 23
5703 5243 30
5703 5243 33
5703 9527 56
5703 9527 24
5703 8697 59
5703 8697 54
5703 5258 49
5703 5258 19
5703 8664 54
5703 8664 57
5703 8667 17
5703 8667 55
5703 8669 54
5703 8669 43
5808 8700 14
5808 8700 6
5808 8699 35
5808 8699 30
5808 8702 38
5808 8702 0
5808 8696 33
5808 8696 4
5808 9633 36
5808 9633 31
5808 8701 28
5808 8701 36
5808 8707 49
5808 8707 40
5808 8695 23
5808 8695 38
5808 8779 56
5808 8779 43
5808 8665 55
5808 8665 43
5808 9632 30
5808 9632 41
5808 8670 24
5808 8670 48
5808 8709 6
5808 8709 44
5808 8706 35
5808 8706 18
5808 8712 1
5808 8712 15
5808 5245 48
5808 5245 8
5808 9627 41
5808 9627 20
5808 8663 22
5808 8663 33
5808 8666 41
5808 8666 3
5808 8668 36
5808 8668 46
5808 8671 17
5808 8671 0
5808 8708 3
5808 8708 13
5808 8710 31
5808 8710 18
5808 8774 18
5808 8774 18
5808 5244 46
5808 5244 14
5808 5243 27
5808 5243 36
5808 9527 60
5808 9527 45
5808 8697 42
5808 8697 48
5808 5258 16
5808 5258 21
5808 8664 37
5808 8664 21
5808 8667 41
5808 8667 51
5808 8669 48
5808 8669 56
5724 8700 54
5724 8700 28
5724 8699 14
5724 8699 25
5724 8702 31
5724 8702 28
5724 8696 48
5724 8696 4
5724 9633 10
5724 9633 56
5724 8701 28
5724 8701 19
5724 8707 32
5724 8707 8
5724 8695 28
5724 8695 10
5724 8779 21
5724 8779 9
5724 8665 28
5724 8665 55
5724 9632 8
5724 9632 54
5724 8670 47
5724 8670 12
5724 8709 60
5724 8709 3
5724 8706 29
5724 8706 6
5724 8712 35
5724 8712 32
5724 5245 14
5724 5245 19
5724 9627 30
5724 9627 24
5724 8663 32
5724 8663 17
5724 8666 4
5724 8666 59
5724 8668 40
5724 8668 3
5724 8671 58
5724 8671 55
5724 8708 40
5724 8708 27
5724 8710 1
5724 8710 43
5724 8774 16
5724 8774 30
5724 5244 59
5724 5244 57
5724 5243 34
5724 5243 11
5724 9527 1
5724 9527 23
5724 8697 22
5724 8697 37
5724 5258 33
5724 5258 4
5724 8664 3
5724 8664 34
5724 8667 51
5724 8667 28
5724 8669 27
5724 8669 54
5727 8700 18
5727 8700 36
5727 8699 7
5727 8699 32
5727 8702 55
5727 8702 47
5727 8696 5
5727 8696 48
5727 9633 22
5727 9633 60
5727 8701 6
5727 8701 36
5727 8707 44
5727 8707 42
5727 8695 38
5727 8695 11
5727 8779 30
5727 8779 38
5727 8665 31
5727 8665 47
5727 9632 14
5727 9632 34
5727 8670 49
5727 8670 37
5727 8709 28
5727 8709 54
5727 8706 39
5727 8706 5
5727 8712 12
5727 8712 32
5727 5245 2
5727 5245 52
5727 9627 44
5727 9627 27
5727 8663 2
5727 8663 23
5727 8666 47
5727 8666 6
5727 8668 27
5727 8668 14
5727 8671 39
5727 8671 2
5727 8708 36
5727 8708 0
5727 8710 9
5727 8710 42
5727 8774 53
5727 8774 49
5727 5244 13
5727 5244 53
5727 5243 24
5727 5243 42
5727 9527 41
5727 9527 47
5727 8697 44
5727 8697 34
5727 5258 10
5727 5258 54
5727 8664 18
5727 8664 2
5727 8667 55
5727 8667 25
5727 8669 40
5727 8669 43
5739 8700 33
5739 8700 22
5739 8699 34
5739 8699 52
5739 8702 22
5739 8702 43
5739 8696 54
5739 8696 18
5739 9633 0
5739 9633 8
5739 8701 52
5739 8701 50
5739 8707 39
5739 8707 46
5739 8695 37
5739 8695 60
5739 8779 43
5739 8779 36
5739 8665 11
5739 8665 13
5739 9632 48
5739 9632 58
5739 8670 8
5739 8670 15
5739 8709 35
5739 8709 60
5739 8706 31
5739 8706 20
5739 8712 33
5739 8712 44
5739 5245 10
5739 5245 1
5739 9627 25
5739 9627 40
5739 8663 48
5739 8663 53
5739 8666 23
5739 8666 24
5739 8668 16
5739 8668 50
5739 8671 42
5739 8671 14
5739 8708 52
5739 8708 40
5739 8710 44
5739 8710 35
5739 8774 27
5739 8774 17
5739 5244 59
5739 5244 48
5739 5243 4
5739 5243 40
5739 9527 41
5739 9527 24
5739 8697 36
5739 8697 24
5739 5258 41
5739 5258 42
5739 8664 46
5739 8664 39
5739 8667 46
5739 8667 56
5739 8669 2
5739 8669 51
