5830 5938 15
5830 5938 39
5830 5938 16
5830 5938 48
5830 5936 1
5830 5936 23
5830 5936 42
5830 5936 33
5830 8996 14
5830 8996 10
5830 8996 35
5830 8996 52
5830 5937 10
5830 5937 14
5830 5937 25
5830 5937 2
5830 8993 9
5830 8993 28
5830 8993 7
5830 8993 24
5830 9697 20
5830 9697 60
5830 9697 30
5830 9697 18
5830 8995 17
5830 8995 44
5830 8995 30
5830 8995 58
5830 9002 0
5830 9002 57
5830 9002 57
5830 9002 5
5830 5941 1
5830 5941 14
5830 5941 7
5830 5941 50
5830 9077 29
5830 9077 11
5830 9077 14
5830 9077 58
5830 9075 4
5830 9075 19
5830 9075 15
5830 9075 44
5830 8994 43
5830 8994 24
5830 8994 10
5830 8994 14
5830 9022 29
5830 9022 42
5830 9022 15
5830 9022 17
5830 9698 23
5830 9698 9
5830 9698 8
5830 9698 53
5830 9001 41
5830 9001 47
5830 9001 19
5830 9001 49
5830 9733 31
5830 9733 45
5830 9733 2
5830 9733 29
5830 5940 27
5830 5940 51
5830 5940 14
5830 5940 17
5830 9581 51
5830 9581 14
5830 9581 30
5830 9581 40
5830 9074 10
5830 9074 54
5830 9074 43
5830 9074 7
5830 9073 22
5830 9073 48
5830 9073 49
5830 9073 36
5830 8999 27
5830 8999 33
5830 8999 9
5830 8999 33
5830 9021 60
5830 9021 23
5830 9021 14
5830 9021 14
5830 9020 57
5830 9020 53
5830 9020 37
5830 9020 22
5830 9019 33
5830 9019 31
5830 9019 43
5830 9019 30
5830 9030 31
5830 9030 55
5830 9030 39
5830 9030 14
5830 9000 6
5830 9000 51
5830 9000 25
5830 9000 26
5830 9732 42
5830 9732 60
5830 9732 1
5830 9732 48
5830 9734 58
5830 9734 13
5830 9734 2
5830 9734 17
5830 5939 41
5830 5939 12
5830 5939 9
5830 5939 48
5830 9738 40
5830 9738 7
5830 9738 35
5830 9738 27
5830 9011 58
5830 9011 12
5830 9011 43
5830 9011 41
5830 9578 50
5830 9578 24
5830 9578 52
5830 9578 6
5829 5938 59
5829 5938 16
5829 5938 36
5829 5938 32
5829 5936 28
5829 5936 16
5829 5936 13
5829 5936 25
5829 8996 57
5829 8996 55
5829 8996 6
5829 8996 23
5829 5937 49
5829 5937 1
5829 5937 25
5829 5937 16
5829 8993 54
5829 8993 27
5829 8993 2
5829 8993 43
5829 9697 7
5829 9697 47
5829 9697 15
5829 9697 3
5829 8995 38
5829 8995 39
5829 8995 10
5829 8995 13
5829 9002 45
5829 9002 34
5829 9002 47
5829 9002 27
5829 5941 51
5829 5941 31
5829 5941 32
5829 5941 33
5829 9077 5
5829 9077 3
5829 9077 59
5829 9077 31
5829 9075 30
5829 9075 43
5829 9075 37
5829 9075 7
5829 8994 43
5829 8994 2
5829 8994 15
5829 8994 49
5829 9022 8
5829 9022 59
5829 9022 21
5829 9022 14
5829 9698 26
5829 9698 15
5829 9698 46
5829 9698 42
5829 9001 43
5829 9001 25
5829 9001 15
5829 9001 24
5829 9733 14
5829 9733 24
5829 9733 27
5829 9733 20
5829 5940 41
5829 5940 11
5829 5940 37
5829 5940 37
5829 9581 50
5829 9581 45
5829 9581 10
5829 9581 6
5829 9074 30
5829 9074 30
5829 9074 49
5829 9074 27
5829 9073 33
5829 9073 17
5829 9073 13
5829 9073 11
5829 8999 18
5829 8999 4
5829 8999 2
5829 8999 15
5829 9021 3
5829 9021 44
5829 9021 39
5829 9021 32
5829 9020 28
5829 9020 24
5829 9020 39
5829 9020 23
5829 9019 36
5829 9019 8
5829 9019 23
5829 9019 45
5829 9030 41
5829 9030 5
5829 9030 23
5829 9030 41
5829 9000 21
5829 9000 10
5829 9000 11
5829 9000 57
5829 9732 6
5829 9732 7
5829 9732 51
5829 9732 37
5829 9734 23
5829 9734 23
5829 9734 32
5829 9734 31
5829 5939 47
5829 5939 19
5829 5939 15
5829 5939 57
5829 9738 5
5829 9738 35
5829 9738 16
5829 9738 2
5829 9011 15
5829 9011 6
5829 9011 13
5829 9011 52
5829 9578 39
5829 9578 16
5829 9578 3
5829 9578 57
5823 5938 22
5823 5938 42
5823 5938 15
5823 5938 36
5823 5936 0
5823 5936 33
5823 5936 38
5823 5936 59
5823 8996 40
5823 8996 18
5823 8996 53
5823 8996 41
5823 5937 33
5823 5937 7
5823 5937 7
5823 5937 13
5823 8993 16
5823 8993 4
5823 8993 27
5823 8993 51
5823 9697 11
5823 9697 25
5823 9697 55
5823 9697 8
5823 8995 57
5823 8995 24
5823 8995 13
5823 8995 36
5823 9002 24
5823 9002 45
5823 9002 27
5823 9002 10
5823 5941 35
5823 5941 19
5823 5941 41
5823 5941 15
5823 9077 9
5823 9077 0
5823 9077 28
5823 9077 8
5823 9075 57
5823 9075 13
5823 9075 18
5823 9075 33
5823 8994 43
5823 8994 14
5823 8994 10
5823 8994 26
5823 9022 55
5823 9022 48
5823 9022 10
5823 9022 50
5823 9698 7
5823 9698 16
5823 9698 48
5823 9698 4
5823 9001 37
5823 9001 29
5823 9001 5
5823 9001 10
5823 9733 35
5823 9733 24
5823 9733 12
5823 9733 10
5823 5940 30
5823 5940 43
5823 5940 50
5823 5940 35
5823 9581 22
5823 9581 46
5823 9581 49
5823 9581 31
5823 9074 32
5823 9074 36
5823 9074 40
5823 9074 14
5823 9073 4
5823 9073 31
5823 9073 2
5823 9073 56
5823 8999 27
5823 8999 17
5823 8999 25
5823 8999 36
5823 9021 51
5823 9021 27
5823 9021 4
5823 9021 49
5823 9020 48
5823 9020 14
5823 9020 30
5823 9020 22
5823 9019 34
5823 9019 27
5823 9019 26
5823 9019 9
5823 9030 29
5823 9030 2
5823 9030 59
5823 9030 8
5823 9000 37
5823 9000 6
5823 9000 14
5823 9000 43
5823 9732 23
5823 9732 26
5823 9732 56
5823 9732 3
5823 9734 21
5823 9734 40
5823 9734 14
5823 9734 39
5823 5939 43
5823 5939 20
5823 5939 0
5823 5939 20
5823 9738 2
5823 9738 53
5823 9738 2
5823 9738 38
5823 9011 60
5823 9011 42
5823 9011 22
5823 9011 27
5823 9578 20
5823 9578 60
5823 9578 54
5823 9578 30
5826 5938 47
5826 5938 14
5826 5938 19
5826 5938 7
5826 5936 19
5826 5936 48
5826 5936 7
5826 5936 33
5826 8996 19
5826 8996 30
5826 8996 31
5826 8996 4
5826 5937 14
5826 5937 6
5826 5937 21
5826 5937 57
5826 8993 31
5826 8993 11
5826 8993 53
5826 8993 16
5826 9697 45
5826 9697 31
5826 9697 14
5826 9697 26
5826 8995 1
5826 8995 34
5826 8995 24
5826 8995 22
5826 9002 4
5826 9002 17
5826 9002 48
5826 9002 59
5826 5941 25
5826 5941 5
5826 5941 56
5826 5941 52
5826 9077 7
5826 9077 14
5826 9077 31
5826 9077 33
5826 9075 11
5826 9075 31
5826 9075 44
5826 9075 10
5826 8994 39
5826 8994 5
5826 8994 41
5826 8994 22
5826 9022 38
5826 9022 22
5826 9022 9
5826 9022 13
5826 9698 10
5826 9698 51
5826 9698 13
5826 9698 19
5826 9001 13
5826 9001 15
5826 9001 53
5826 9001 47
5826 9733 60
5826 9733 24
5826 9733 20
5826 9733 48
5826 5940 54
5826 5940 35
5826 5940 27
5826 5940 59
5826 9581 56
5826 9581 34
5826 9581 12
5826 9581 34
5826 9074 11
5826 9074 24
5826 9074 14
5826 9074 59
5826 9073 9
5826 9073 60
5826 9073 44
5826 9073 17
5826 8999 13
5826 8999 38
5826 8999 22
5826 8999 6
5826 9021 17
5826 9021 24
5826 9021 21
5826 9021 18
5826 9020 54
5826 9020 14
5826 9020 39
5826 9020 3
5826 9019 42
5826 9019 19
5826 9019 20
5826 9019 24
5826 9030 51
5826 9030 8
5826 9030 4
5826 9030 13
5826 9000 40
5826 9000 11
5826 9000 4
5826 9000 36
5826 9732 13
5826 9732 12
5826 9732 28
5826 9732 50
5826 9734 45
5826 9734 44
5826 9734 45
5826 9734 45
5826 5939 39
5826 5939 24
5826 5939 35
5826 5939 44
5826 9738 33
5826 9738 32
5826 9738 29
5826 9738 44
5826 9011 22
5826 9011 56
5826 9011 24
5826 9011 28
5826 9578 54
5826 9578 17
5826 9578 57
5826 9578 17
5839 5938 0
5839 5938 59
5839 5938 54
5839 5938 60
5839 5936 34
5839 5936 27
5839 5936 39
5839 5936 20
5839 8996 6
5839 8996 38
5839 8996 44
5839 8996 54
5839 5937 21
5839 5937 3
5839 5937 1
5839 5937 55
5839 8993 53
5839 8993 50
5839 8993 56
5839 8993 57
5839 9697 36
5839 9697 37
5839 9697 11
5839 9697 18
5839 8995 57
5839 8995 12
5839 8995 33
5839 8995 47
5839 9002 58
5839 9002 26
5839 9002 11
5839 9002 39
5839 5941 17
5839 5941 18
5839 5941 31
5839 5941 13
5839 9077 13
5839 9077 38
5839 9077 15
5839 9077 40
5839 9075 9
5839 9075 45
5839 9075 47
5839 9075 13
5839 8994 13
5839 8994 15
5839 8994 26
5839 8994 5
5839 9022 38
5839 9022 10
5839 9022 3
5839 9022 25
5839 9698 24
5839 9698 12
5839 9698 19
5839 9698 52
5839 9001 44
5839 9001 34
5839 9001 0
5839 9001 39
5839 9733 29
5839 9733 57
5839 9733 16
5839 9733 35
5839 5940 29
5839 5940 42
5839 5940 43
5839 5940 43
5839 9581 33
5839 9581 11
5839 9581 4
5839 9581 17
5839 9074 20
5839 9074 50
5839 9074 30
5839 9074 22
5839 9073 7
5839 9073 51
5839 9073 27
5839 9073 57
5839 8999 4
5839 8999 45
5839 8999 47
5839 8999 59
5839 9021 3
5839 9021 2
5839 9021 34
5839 9021 55
5839 9020 16
5839 9020 41
5839 9020 44
5839 9020 59
5839 9019 34
5839 9019 27
5839 9019 33
5839 9019 22
5839 9030 36
5839 9030 26
5839 9030 51
5839 9030 57
5839 9000 47
5839 9000 58
5839 9000 19
5839 9000 23
5839 9732 50
5839 9732 50
5839 9732 30
5839 9732 1
5839 9734 45
5839 9734 15
5839 9734 51
5839 9734 48
5839 5939 0
5839 5939 15
5839 5939 60
5839 5939 15
5839 9738 6
5839 9738 26
5839 9738 36
5839 9738 30
5839 9011 25
5839 9011 46
5839 9011 39
5839 9011 44
5839 9578 0
5839 9578 35
5839 9578 43
5839 9578 35
5827 5938 17
5827 5938 26
5827 5938 19
5827 5938 30
5827 5936 1
5827 5936 11
5827 5936 34
5827 5936 6
5827 8996 15
5827 8996 60
5827 8996 42
5827 8996 51
5827 5937 22
5827 5937 58
5827 5937 49
5827 5937 39
5827 8993 1
5827 8993 27
5827 8993 10
5827 8993 35
5827 9697 42
5827 9697 42
5827 9697 52
5827 9697 1
5827 8995 51
5827 8995 38
5827 8995 7
5827 8995 40
5827 9002 49
5827 9002 1
5827 9002 44
5827 9002 58
5827 5941 49
5827 5941 16
5827 5941 6
5827 5941 18
5827 9077 52
5827 9077 7
5827 9077 33
5827 9077 49
5827 9075 44
5827 9075 51
5827 9075 3
5827 9075 22
5827 8994 24
5827 8994 60
5827 8994 19
5827 8994 60
5827 9022 4
5827 9022 8
5827 9022 45
5827 9022 58
5827 9698 11
5827 9698 9
5827 9698 49
5827 9698 10
5827 9001 57
5827 9001 51
5827 9001 3
5827 9001 54
5827 9733 17
5827 9733 39
5827 9733 42
5827 9733 1
5827 5940 18
5827 5940 32
5827 5940 56
5827 5940 46
5827 9581 18
5827 9581 24
5827 9581 58
5827 9581 3
5827 9074 21
5827 9074 1
5827 9074 15
5827 9074 43
5827 9073 13
5827 9073 40
5827 9073 56
5827 9073 31
5827 8999 20
5827 8999 40
5827 8999 37
5827 8999 41
5827 9021 59
5827 9021 39
5827 9021 24
5827 9021 47
5827 9020 45
5827 9020 30
5827 9020 19
5827 9020 43
5827 9019 54
5827 9019 16
5827 9019 16
5827 9019 35
5827 9030 51
5827 9030 2
5827 9030 14
5827 9030 53
5827 9000 55
5827 9000 35
5827 9000 59
5827 9000 15
5827 9732 13
5827 9732 35
5827 9732 26
5827 9732 44
5827 9734 50
5827 9734 13
5827 9734 41
5827 9734 35
5827 5939 44
5827 5939 50
5827 5939 14
5827 5939 51
5827 9738 27
5827 9738 7
5827 9738 58
5827 9738 45
5827 9011 9
5827 9011 22
5827 9011 24
5827 9011 22
5827 9578 44
5827 9578 58
5827 9578 4
5827 9578 27
5831 5938 46
5831 5938 26
5831 5938 11
5831 5938 18
5831 5936 44
5831 5936 49
5831 5936 28
5831 5936 50
5831 8996 24
5831 8996 0
5831 8996 28
5831 8996 37
5831 5937 10
5831 5937 10
5831 5937 45
5831 5937 1
5831 8993 19
5831 8993 36
5831 8993 20
5831 8993 0
5831 9697 40
5831 9697 26
5831 9697 3
5831 9697 17
5831 8995 20
5831 8995 34
5831 8995 16
5831 8995 36
5831 9002 25
5831 9002 23
5831 9002 22
5831 9002 26
5831 5941 23
5831 5941 0
5831 5941 6
5831 5941 21
5831 9077 30
5831 9077 31
5831 9077 15
5831 9077 28
5831 9075 18
5831 9075 38
5831 9075 16
5831 9075 40
5831 8994 49
5831 8994 39
5831 8994 38
5831 8994 32
5831 9022 46
5831 9022 15
5831 9022 41
5831 9022 34
5831 9698 30
5831 9698 50
5831 9698 32
5831 9698 46
5831 9001 46
5831 9001 46
5831 9001 21
5831 9001 43
5831 9733 13
5831 9733 23
5831 9733 54
5831 9733 48
5831 5940 20
5831 5940 23
5831 5940 4
5831 5940 8
5831 9581 29
5831 9581 32
5831 9581 20
5831 9581 58
5831 9074 12
5831 9074 12
5831 9074 43
5831 9074 27
5831 9073 60
5831 9073 8
5831 9073 12
5831 9073 6
5831 8999 43
5831 8999 59
5831 8999 31
5831 8999 58
5831 9021 5
5831 9021 5
5831 9021 51
5831 9021 1
5831 9020 22
5831 9020 45
5831 9020 48
5831 9020 24
5831 9019 29
5831 9019 38
5831 9019 24
5831 9019 34
5831 9030 59
5831 9030 14
5831 9030 9
5831 9030 47
5831 9000 57
5831 9000 47
5831 9000 18
5831 9000 36
5831 9732 14
5831 9732 24
5831 9732 5
5831 9732 35
5831 9734 58
5831 9734 7
5831 9734 29
5831 9734 22
5831 5939 29
5831 5939 29
5831 5939 54
5831 5939 47
5831 9738 17
5831 9738 34
5831 9738 52
5831 9738 37
5831 9011 58
5831 9011 5
5831 9011 45
5831 9011 56
5831 9578 14
5831 9578 9
5831 9578 37
5831 9578 50
5841 5938 54
5841 5938 20
5841 5938 45
5841 5938 15
5841 5936 6
5841 5936 52
5841 5936 43
5841 5936 16
5841 8996 52
5841 8996 21
5841 8996 41
5841 8996 44
5841 5937 27
5841 5937 8
5841 5937 60
5841 5937 51
5841 8993 51
5841 8993 23
5841 8993 33
5841 8993 9
5841 9697 46
5841 9697 52
5841 9697 12
5841 9697 38
5841 8995 32
5841 8995 24
5841 8995 17
5841 8995 60
5841 9002 9
5841 9002 45
5841 9002 10
5841 9002 29
5841 5941 27
5841 5941 40
5841 5941 11
5841 5941 1
5841 9077 34
5841 9077 43
5841 9077 46
5841 9077 39
5841 9075 38
5841 9075 1
5841 9075 30
5841 9075 42
5841 8994 40
5841 8994 1
5841 8994 21
5841 8994 8
5841 9022 59
5841 9022 25
5841 9022 34
5841 9022 19
5841 9698 29
5841 9698 49
5841 9698 57
5841 9698 26
5841 9001 41
5841 9001 33
5841 9001 10
5841 9001 47
5841 9733 18
5841 9733 24
5841 9733 4
5841 9733 11
5841 5940 40
5841 5940 50
5841 5940 53
5841 5940 5
5841 9581 42
5841 9581 50
5841 9581 9
5841 9581 34
5841 9074 58
5841 9074 31
5841 9074 9
5841 9074 2
5841 9073 43
5841 9073 7
5841 9073 21
5841 9073 9
5841 8999 38
5841 8999 4
5841 8999 34
5841 8999 50
5841 9021 43
5841 9021 22
5841 9021 35
5841 9021 39
5841 9020 29
5841 9020 60
5841 9020 34
5841 9020 14
5841 9019 43
5841 9019 30
5841 9019 55
5841 9019 12
5841 9030 26
5841 9030 17
5841 9030 23
5841 9030 33
5841 9000 26
5841 9000 12
5841 9000 54
5841 9000 59
5841 9732 0
5841 9732 7
5841 9732 43
5841 9732 3
5841 9734 16
5841 9734 58
5841 9734 28
5841 9734 14
5841 5939 20
5841 5939 57
5841 5939 10
5841 5939 53
5841 9738 8
5841 9738 43
5841 9738 17
5841 9738 11
5841 9011 46
5841 9011 56
5841 9011 51
5841 9011 24
5841 9578 24
5841 9578 32
5841 9578 56
5841 9578 12
5822 5938 42
5822 5938 20
5822 5938 51
5822 5938 14
5822 5936 31
5822 5936 7
5822 5936 15
5822 5936 13
5822 8996 13
5822 8996 16
5822 8996 50
5822 8996 55
5822 5937 35
5822 5937 9
5822 5937 45
5822 5937 47
5822 8993 34
5822 8993 14
5822 8993 16
5822 8993 31
5822 9697 14
5822 9697 35
5822 9697 22
5822 9697 1
5822 8995 49
5822 8995 11
5822 8995 51
5822 8995 44
5822 9002 25
5822 9002 30
5822 9002 30
5822 9002 12
5822 5941 22
5822 5941 10
5822 5941 45
5822 5941 23
5822 9077 23
5822 9077 52
5822 9077 28
5822 9077 29
5822 9075 19
5822 9075 48
5822 9075 34
5822 9075 10
5822 8994 20
5822 8994 54
5822 8994 39
5822 8994 5
5822 9022 22
5822 9022 50
5822 9022 44
5822 9022 28
5822 9698 46
5822 9698 48
5822 9698 9
5822 9698 29
5822 9001 15
5822 9001 53
5822 9001 21
5822 9001 36
5822 9733 46
5822 9733 60
5822 9733 14
5822 9733 48
5822 5940 14
5822 5940 54
5822 5940 0
5822 5940 36
5822 9581 11
5822 9581 47
5822 9581 35
5822 9581 33
5822 9074 52
5822 9074 37
5822 9074 30
5822 9074 9
5822 9073 6
5822 9073 5
5822 9073 35
5822 9073 57
5822 8999 28
5822 8999 28
5822 8999 38
5822 8999 26
5822 9021 2
5822 9021 45
5822 9021 58
5822 9021 56
5822 9020 1
5822 9020 51
5822 9020 56
5822 9020 24
5822 9019 28
5822 9019 4
5822 9019 29
5822 9019 48
5822 9030 27
5822 9030 49
5822 9030 36
5822 9030 2
5822 9000 35
5822 9000 13
5822 9000 31
5822 9000 7
5822 9732 9
5822 9732 25
5822 9732 41
5822 9732 6
5822 9734 44
5822 9734 2
5822 9734 19
5822 9734 7
5822 5939 28
5822 5939 55
5822 5939 50
5822 5939 58
5822 9738 38
5822 9738 12
5822 9738 53
5822 9738 10
5822 9011 6
5822 9011 10
5822 9011 59
5822 9011 0
5822 9578 19
5822 9578 11
5822 9578 20
5822 9578 56
5785 5938 24
5785 5938 38
5785 5938 40
5785 5938 25
5785 5936 13
5785 5936 0
5785 5936 48
5785 5936 11
5785 8996 3
5785 8996 38
5785 8996 40
5785 8996 47
5785 5937 28
5785 5937 48
5785 5937 6
5785 5937 4
5785 8993 23
5785 8993 10
5785 8993 57
5785 8993 20
5785 9697 8
5785 9697 54
5785 9697 55
5785 9697 38
5785 8995 1
5785 8995 53
5785 8995 46
5785 8995 2
5785 9002 52
5785 9002 39
5785 9002 6
5785 9002 37
5785 5941 14
5785 5941 50
5785 5941 27
5785 5941 21
5785 9077 58
5785 9077 16
5785 9077 33
5785 9077 48
5785 9075 52
5785 9075 54
5785 9075 26
5785 9075 24
5785 8994 25
5785 8994 2
5785 8994 51
5785 8994 29
5785 9022 12
5785 9022 7
5785 9022 33
5785 9022 4
5785 9698 40
5785 9698 50
5785 9698 53
5785 9698 30
5785 9001 31
5785 9001 11
5785 9001 22
5785 9001 37
5785 9733 7
5785 9733 5
5785 9733 24
5785 9733 0
5785 5940 2
5785 5940 45
5785 5940 26
5785 5940 30
5785 9581 22
5785 9581 35
5785 9581 37
5785 9581 17
5785 9074 26
5785 9074 3
5785 9074 45
5785 9074 14
5785 9073 51
5785 9073 37
5785 9073 3
5785 9073 35
5785 8999 58
5785 8999 47
5785 8999 32
5785 8999 4
5785 9021 60
5785 9021 47
5785 9021 31
5785 9021 28
5785 9020 20
5785 9020 17
5785 9020 57
5785 9020 25
5785 9019 27
5785 9019 10
5785 9019 16
5785 9019 3
5785 9030 4
5785 9030 1
5785 9030 7
5785 9030 10
5785 9000 44
5785 9000 52
5785 9000 21
5785 9000 60
5785 9732 24
5785 9732 6
5785 9732 37
5785 9732 12
5785 9734 60
5785 9734 18
5785 9734 59
5785 9734 41
5785 5939 41
5785 5939 47
5785 5939 32
5785 5939 50
5785 9738 4
5785 9738 35
5785 9738 17
5785 9738 1
5785 9011 31
5785 9011 42
5785 9011 20
5785 9011 55
5785 9578 3
5785 9578 50
5785 9578 7
5785 9578 43
5824 5938 38
5824 5938 21
5824 5938 14
5824 5938 5
5824 5936 23
5824 5936 22
5824 5936 8
5824 5936 9
5824 8996 15
5824 8996 57
5824 8996 16
5824 8996 41
5824 5937 7
5824 5937 54
5824 5937 9
5824 5937 45
5824 8993 27
5824 8993 57
5824 8993 8
5824 8993 46
5824 9697 29
5824 9697 43
5824 9697 12
5824 9697 38
5824 8995 30
5824 8995 8
5824 8995 10
5824 8995 54
5824 9002 10
5824 9002 40
5824 9002 37
5824 9002 56
5824 5941 4
5824 5941 42
5824 5941 23
5824 5941 16
5824 9077 56
5824 9077 22
5824 9077 46
5824 9077 43
5824 9075 8
5824 9075 19
5824 9075 28
5824 9075 41
5824 8994 39
5824 8994 37
5824 8994 59
5824 8994 13
5824 9022 24
5824 9022 56
5824 9022 37
5824 9022 47
5824 9698 6
5824 9698 17
5824 9698 10
5824 9698 8
5824 9001 32
5824 9001 51
5824 9001 42
5824 9001 5
5824 9733 0
5824 9733 27
5824 9733 42
5824 9733 30
5824 5940 52
5824 5940 12
5824 5940 41
5824 5940 57
5824 9581 53
5824 9581 19
5824 9581 47
5824 9581 39
5824 9074 22
5824 9074 13
5824 9074 37
5824 9074 25
5824 9073 60
5824 9073 41
5824 9073 14
5824 9073 19
5824 8999 6
5824 8999 35
5824 8999 14
5824 8999 37
5824 9021 39
5824 9021 44
5824 9021 54
5824 9021 49
5824 9020 1
5824 9020 42
5824 9020 0
5824 9020 14
5824 9019 47
5824 9019 32
5824 9019 44
5824 9019 15
5824 9030 37
5824 9030 38
5824 9030 29
5824 9030 43
5824 9000 35
5824 9000 57
5824 9000 50
5824 9000 44
5824 9732 2
5824 9732 6
5824 9732 5
5824 9732 2
5824 9734 36
5824 9734 0
5824 9734 55
5824 9734 56
5824 5939 28
5824 5939 24
5824 5939 31
5824 5939 6
5824 9738 40
5824 9738 53
5824 9738 31
5824 9738 4
5824 9011 59
5824 9011 36
5824 9011 40
5824 9011 33
5824 9578 60
5824 9578 46
5824 9578 51
5824 9578 42
5842 5938 60
5842 5938 50
5842 5938 2
5842 5938 4
5842 5936 7
5842 5936 20
5842 5936 51
5842 5936 20
5842 8996 10
5842 8996 12
5842 8996 25
5842 8996 8
5842 5937 57
5842 5937 26
5842 5937 38
5842 5937 23
5842 8993 30
5842 8993 44
5842 8993 25
5842 8993 19
5842 9697 11
5842 9697 4
5842 9697 60
5842 9697 3
5842 8995 15
5842 8995 6
5842 8995 13
5842 8995 31
5842 9002 53
5842 9002 39
5842 9002 55
5842 9002 53
5842 5941 17
5842 5941 40
5842 5941 5
5842 5941 58
5842 9077 30
5842 9077 20
5842 9077 31
5842 9077 23
5842 9075 33
5842 9075 35
5842 9075 33
5842 9075 15
5842 8994 0
5842 8994 47
5842 8994 58
5842 8994 20
5842 9022 12
5842 9022 8
5842 9022 53
5842 9022 47
5842 9698 40
5842 9698 37
5842 9698 16
5842 9698 32
5842 9001 59
5842 9001 3
5842 9001 26
5842 9001 55
5842 9733 52
5842 9733 6
5842 9733 29
5842 9733 34
5842 5940 34
5842 5940 57
5842 5940 28
5842 5940 29
5842 9581 12
5842 9581 60
5842 9581 45
5842 9581 56
5842 9074 56
5842 9074 41
5842 9074 2
5842 9074 34
5842 9073 44
5842 9073 24
5842 9073 40
5842 9073 11
5842 8999 44
5842 8999 54
5842 8999 55
5842 8999 18
5842 9021 9
5842 9021 6
5842 9021 42
5842 9021 5
5842 9020 5
5842 9020 16
5842 9020 30
5842 9020 7
5842 9019 36
5842 9019 13
5842 9019 53
5842 9019 53
5842 9030 47
5842 9030 50
5842 9030 25
5842 9030 59
5842 9000 18
5842 9000 20
5842 9000 10
5842 9000 47
5842 9732 58
5842 9732 21
5842 9732 54
5842 9732 55
5842 9734 53
5842 9734 10
5842 9734 18
5842 9734 11
5842 5939 2
5842 5939 56
5842 5939 6
5842 5939 49
5842 9738 42
5842 9738 7
5842 9738 26
5842 9738 25
5842 9011 20
5842 9011 17
5842 9011 38
5842 9011 32
5842 9578 16
5842 9578 59
5842 9578 4
5842 9578 39
5840 5938 15
5840 5938 19
5840 5938 47
5840 5938 49
5840 5936 37
5840 5936 53
5840 5936 11
5840 5936 50
5840 8996 41
5840 8996 49
5840 8996 27
5840 8996 58
5840 5937 2
5840 5937 13
5840 5937 43
5840 5937 56
5840 8993 16
5840 8993 8
5840 8993 13
5840 8993 4
5840 9697 1
5840 9697 52
5840 9697 25
5840 9697 20
5840 8995 48
5840 8995 20
5840 8995 10
5840 8995 56
5840 9002 10
5840 9002 50
5840 9002 46
5840 9002 31
5840 5941 35
5840 5941 43
5840 5941 58
5840 5941 5
5840 9077 1
5840 9077 47
5840 9077 22
5840 9077 41
5840 9075 12
5840 9075 39
5840 9075 10
5840 9075 41
5840 8994 54
5840 8994 6
5840 8994 7
5840 8994 48
5840 9022 39
5840 9022 39
5840 9022 37
5840 9022 56
5840 9698 29
5840 9698 24
5840 9698 6
5840 9698 58
5840 9001 31
5840 9001 33
5840 9001 58
5840 9001 55
5840 9733 23
5840 9733 46
5840 9733 20
5840 9733 21
5840 5940 21
5840 5940 48
5840 5940 50
5840 5940 26
5840 9581 21
5840 9581 4
5840 9581 25
5840 9581 35
5840 9074 5
5840 9074 29
5840 9074 60
5840 9074 6
5840 9073 59
5840 9073 10
5840 9073 12
5840 9073 42
5840 8999 51
5840 8999 22
5840 8999 4
5840 8999 28
5840 9021 25
5840 9021 56
5840 9021 7
5840 9021 21
5840 9020 53
5840 9020 17
5840 9020 30
5840 9020 51
5840 9019 57
5840 9019 59
5840 9019 52
5840 9019 46
5840 9030 5
5840 9030 38
5840 9030 46
5840 9030 23
5840 9000 44
5840 9000 23
5840 9000 39
5840 9000 23
5840 9732 21
5840 9732 44
5840 9732 30
5840 9732 36
5840 9734 0
5840 9734 35
5840 9734 35
5840 9734 29
5840 5939 0
5840 5939 8
5840 5939 59
5840 5939 16
5840 9738 24
5840 9738 28
5840 9738 3
5840 9738 20
5840 9011 0
5840 9011 51
5840 9011 32
5840 9011 9
5840 9578 1
5840 9578 58
5840 9578 16
5840 9578 1
5843 5938 38
5843 5938 31
5843 5938 57
5843 5938 13
5843 5936 50
5843 5936 45
5843 5936 32
5843 5936 60
5843 8996 52
5843 8996 50
5843 8996 34
5843 8996 44
5843 5937 32
5843 5937 11
5843 5937 60
5843 5937 52
5843 8993 38
5843 8993 23
5843 8993 53
5843 8993 48
5843 9697 21
5843 9697 1
5843 9697 21
5843 9697 33
5843 8995 28
5843 8995 35
5843 8995 46
5843 8995 27
5843 9002 56
5843 9002 38
5843 9002 35
5843 9002 47
5843 5941 0
5843 5941 11
5843 5941 53
5843 5941 37
5843 9077 20
5843 9077 18
5843 9077 6
5843 9077 47
5843 9075 26
5843 9075 35
5843 9075 55
5843 9075 11
5843 8994 10
5843 8994 11
5843 8994 57
5843 8994 29
5843 9022 56
5843 9022 30
5843 9022 24
5843 9022 4
5843 9698 50
5843 9698 50
5843 9698 24
5843 9698 9
5843 9001 46
5843 9001 55
5843 9001 25
5843 9001 21
5843 9733 27
5843 9733 21
5843 9733 53
5843 9733 40
5843 5940 51
5843 5940 56
5843 5940 36
5843 5940 19
5843 9581 26
5843 9581 10
5843 9581 30
5843 9581 32
5843 9074 2
5843 9074 15
5843 9074 52
5843 9074 24
5843 9073 38
5843 9073 49
5843 9073 1
5843 9073 34
5843 8999 50
5843 8999 26
5843 8999 42
5843 8999 43
5843 9021 40
5843 9021 18
5843 9021 8
5843 9021 24
5843 9020 33
5843 9020 56
5843 9020 6
5843 9020 34
5843 9019 33
5843 9019 39
5843 9019 27
5843 9019 7
5843 9030 28
5843 9030 14
5843 9030 38
5843 9030 52
5843 9000 35
5843 9000 41
5843 9000 28
5843 9000 17
5843 9732 39
5843 9732 40
5843 9732 10
5843 9732 15
5843 9734 28
5843 9734 20
5843 9734 18
5843 9734 16
5843 5939 53
5843 5939 10
5843 5939 53
5843 5939 7
5843 9738 24
5843 9738 25
5843 9738 6
5843 9738 3
5843 9011 51
5843 9011 38
5843 9011 21
5843 9011 43
5843 9578 49
5843 9578 0
5843 9578 50
5843 9578 21
5855 5938 26
5855 5938 19
5855 5938 19
5855 5938 1
5855 5936 60
5855 5936 0
5855 5936 29
5855 5936 53
5855 8996 28
5855 8996 12
5855 8996 30
5855 8996 20
5855 5937 24
5855 5937 9
5855 5937 1
5855 5937 18
5855 8993 30
5855 8993 39
5855 8993 53
5855 8993 1
5855 9697 54
5855 9697 26
5855 9697 40
5855 9697 48
5855 8995 22
5855 8995 21
5855 8995 31
5855 8995 44
5855 9002 43
5855 9002 50
5855 9002 3
5855 9002 0
5855 5941 34
5855 5941 58
5855 5941 10
5855 5941 12
5855 9077 12
5855 9077 16
5855 9077 41
5855 9077 56
5855 9075 49
5855 9075 51
5855 9075 35
5855 9075 32
5855 8994 12
5855 8994 15
5855 8994 25
5855 8994 53
5855 9022 41
5855 9022 27
5855 9022 54
5855 9022 24
5855 9698 27
5855 9698 8
5855 9698 27
5855 9698 32
5855 9001 35
5855 9001 7
5855 9001 35
5855 9001 21
5855 9733 24
5855 9733 22
5855 9733 48
5855 9733 12
5855 5940 47
5855 5940 38
5855 5940 29
5855 5940 56
5855 9581 1
5855 9581 46
5855 9581 10
5855 9581 11
5855 9074 46
5855 9074 1
5855 9074 35
5855 9074 54
5855 9073 3
5855 9073 59
5855 9073 56
5855 9073 0
5855 8999 56
5855 8999 56
5855 8999 43
5855 8999 27
5855 9021 59
5855 9021 7
5855 9021 29
5855 9021 29
5855 9020 54
5855 9020 16
5855 9020 37
5855 9020 54
5855 9019 11
5855 9019 33
5855 9019 28
5855 9019 31
5855 9030 51
5855 9030 28
5855 9030 23
5855 9030 57
5855 9000 11
5855 9000 52
5855 9000 9
5855 9000 41
5855 9732 19
5855 9732 38
5855 9732 17
5855 9732 33
5855 9734 57
5855 9734 52
5855 9734 3
5855 9734 10
5855 5939 18
5855 5939 28
5855 5939 54
5855 5939 57
5855 9738 2
5855 9738 48
5855 9738 10
5855 9738 19
5855 9011 24
5855 9011 12
5855 9011 39
5855 9011 43
5855 9578 30
5855 9578 60
5855 9578 56
5855 9578 22
5784 5938 22
5784 5938 38
5784 5938 30
5784 5938 49
5784 5936 27
5784 5936 56
5784 5936 53
5784 5936 17
5784 8996 12
5784 8996 9
5784 8996 11
5784 8996 60
5784 5937 22
5784 5937 54
5784 5937 16
5784 5937 38
5784 8993 9
5784 8993 6
5784 8993 5
5784 8993 56
5784 9697 55
5784 9697 34
5784 9697 18
5784 9697 8
5784 8995 23
5784 8995 32
5784 8995 42
5784 8995 17
5784 9002 6
5784 9002 15
5784 9002 11
5784 9002 34
5784 5941 29
5784 5941 4
5784 5941 0
5784 5941 37
5784 9077 33
5784 9077 55
5784 9077 19
5784 9077 57
5784 9075 45
5784 9075 39
5784 9075 25
5784 9075 36
5784 8994 32
5784 8994 53
5784 8994 5
5784 8994 3
5784 9022 32
5784 9022 35
5784 9022 47
5784 9022 20
5784 9698 36
5784 9698 25
5784 9698 26
5784 9698 9
5784 9001 9
5784 9001 8
5784 9001 38
5784 9001 46
5784 9733 54
5784 9733 55
5784 9733 48
5784 9733 42
5784 5940 19
5784 5940 22
5784 5940 37
5784 5940 20
5784 9581 2
5784 9581 5
5784 9581 7
5784 9581 6
5784 9074 55
5784 9074 23
5784 9074 53
5784 9074 38
5784 9073 42
5784 9073 20
5784 9073 35
5784 9073 33
5784 8999 57
5784 8999 18
5784 8999 16
5784 8999 46
5784 9021 25
5784 9021 40
5784 9021 21
5784 9021 47
5784 9020 60
5784 9020 24
5784 9020 26
5784 9020 53
5784 9019 51
5784 9019 44
5784 9019 54
5784 9019 3
5784 9030 12
5784 9030 31
5784 9030 28
5784 9030 28
5784 9000 17
5784 9000 12
5784 9000 21
5784 9000 49
5784 9732 56
5784 9732 37
5784 9732 48
5784 9732 48
5784 9734 43
5784 9734 49
5784 9734 27
5784 9734 16
5784 5939 52
5784 5939 53
5784 5939 50
5784 5939 47
5784 9738 33
5784 9738 29
5784 9738 18
5784 9738 20
5784 9011 60
5784 9011 17
5784 9011 44
5784 9011 46
5784 9578 59
5784 9578 24
5784 9578 36
5784 9578 45
5828 5938 16
5828 5938 55
5828 5938 51
5828 5938 41
5828 5936 2
5828 5936 53
5828 5936 20
5828 5936 9
5828 8996 6
5828 8996 58
5828 8996 10
5828 8996 37
5828 5937 35
5828 5937 23
5828 5937 13
5828 5937 13
5828 8993 27
5828 8993 34
5828 8993 16
5828 8993 46
5828 9697 46
5828 9697 41
5828 9697 41
5828 9697 57
5828 8995 40
5828 8995 22
5828 8995 15
5828 8995 28
5828 9002 12
5828 9002 53
5828 9002 57
5828 9002 10
5828 5941 36
5828 5941 39
5828 5941 52
5828 5941 39
5828 9077 42
5828 9077 50
5828 9077 2
5828 9077 26
5828 9075 5
5828 9075 38
5828 9075 26
5828 9075 13
5828 8994 1
5828 8994 37
5828 8994 0
5828 8994 21
5828 9022 55
5828 9022 49
5828 9022 47
5828 9022 36
5828 9698 3
5828 9698 12
5828 9698 6
5828 9698 14
5828 9001 5
5828 9001 6
5828 9001 29
5828 9001 5
5828 9733 8
5828 9733 21
5828 9733 59
5828 9733 19
5828 5940 35
5828 5940 45
5828 5940 4
5828 5940 58
5828 9581 51
5828 9581 0
5828 9581 48
5828 9581 51
5828 9074 10
5828 9074 3
5828 9074 11
5828 9074 24
5828 9073 25
5828 9073 36
5828 9073 43
5828 9073 0
5828 8999 27
5828 8999 24
5828 8999 48
5828 8999 33
5828 9021 59
5828 9021 21
5828 9021 22
5828 9021 29
5828 9020 37
5828 9020 33
5828 9020 13
5828 9020 37
5828 9019 24
5828 9019 13
5828 9019 50
5828 9019 36
5828 9030 39
5828 9030 7
5828 9030 45
5828 9030 19
5828 9000 21
5828 9000 60
5828 9000 17
5828 9000 35
5828 9732 9
5828 9732 34
5828 9732 33
5828 9732 15
5828 9734 41
5828 9734 40
5828 9734 15
5828 9734 55
5828 5939 24
5828 5939 35
5828 5939 8
5828 5939 0
5828 9738 29
5828 9738 22
5828 9738 44
5828 9738 6
5828 9011 57
5828 9011 33
5828 9011 30
5828 9011 6
5828 9578 39
5828 9578 47
5828 9578 34
5828 9578 48
5832 5938 45
5832 5938 36
5832 5938 48
5832 5938 16
5832 5936 40
5832 5936 47
5832 5936 28
5832 5936 4
5832 8996 25
5832 8996 31
5832 8996 2
5832 8996 58
5832 5937 56
5832 5937 31
5832 5937 53
5832 5937 39
5832 8993 23
5832 8993 30
5832 8993 44
5832 8993 7
5832 9697 0
5832 9697 49
5832 9697 23
5832 9697 55
5832 8995 40
5832 8995 37
5832 8995 41
5832 8995 33
5832 9002 4
5832 9002 34
5832 9002 23
5832 9002 15
5832 5941 29
5832 5941 32
5832 5941 6
5832 5941 44
5832 9077 54
5832 9077 5
5832 9077 25
5832 9077 47
5832 9075 39
5832 9075 3
5832 9075 4
5832 9075 41
5832 8994 60
5832 8994 33
5832 8994 24
5832 8994 60
5832 9022 11
5832 9022 22
5832 9022 3
5832 9022 35
5832 9698 43
5832 9698 41
5832 9698 3
5832 9698 2
5832 9001 3
5832 9001 36
5832 9001 40
5832 9001 60
5832 9733 52
5832 9733 28
5832 9733 29
5832 9733 31
5832 5940 30
5832 5940 25
5832 5940 58
5832 5940 15
5832 9581 21
5832 9581 39
5832 9581 18
5832 9581 17
5832 9074 29
5832 9074 12
5832 9074 28
5832 9074 33
5832 9073 29
5832 9073 22
5832 9073 1
5832 9073 59
5832 8999 60
5832 8999 44
5832 8999 38
5832 8999 40
5832 9021 59
5832 9021 30
5832 9021 52
5832 9021 1
5832 9020 43
5832 9020 30
5832 9020 46
5832 9020 35
5832 9019 13
5832 9019 50
5832 9019 58
5832 9019 55
5832 9030 38
5832 9030 9
5832 9030 59
5832 9030 59
5832 9000 34
5832 9000 10
5832 9000 30
5832 9000 58
5832 9732 41
5832 9732 10
5832 9732 27
5832 9732 32
5832 9734 34
5832 9734 42
5832 9734 50
5832 9734 41
5832 5939 20
5832 5939 18
5832 5939 8
5832 5939 10
5832 9738 33
5832 9738 45
5832 9738 54
5832 9738 38
5832 9011 8
5832 9011 52
5832 9011 42
5832 9011 18
5832 9578 3
5832 9578 58
5832 9578 53
5832 9578 31
5858 5938 32
5858 5938 40
5858 5938 10
5858 5938 9
5858 5936 21
5858 5936 40
5858 5936 29
5858 5936 43
5858 8996 5
5858 8996 20
5858 8996 50
5858 8996 47
5858 5937 25
5858 5937 40
5858 5937 54
5858 5937 20
5858 8993 29
5858 8993 27
5858 8993 31
5858 8993 48
5858 9697 15
5858 9697 0
5858 9697 23
5858 9697 15
5858 8995 43
5858 8995 24
5858 8995 18
5858 8995 2
5858 9002 18
5858 9002 33
5858 9002 6
5858 9002 36
5858 5941 50
5858 5941 44
5858 5941 37
5858 5941 22
5858 9077 54
5858 9077 0
5858 9077 32
5858 9077 5
5858 9075 18
5858 9075 20
5858 9075 18
5858 9075 3
5858 8994 24
5858 8994 13
5858 8994 50
5858 8994 50
5858 9022 1
5858 9022 13
5858 9022 5
5858 9022 30
5858 9698 2
5858 9698 53
5858 9698 4
5858 9698 43
5858 9001 18
5858 9001 22
5858 9001 29
5858 9001 3
5858 9733 45
5858 9733 40
5858 9733 22
5858 9733 27
5858 5940 26
5858 5940 52
5858 5940 54
5858 5940 54
5858 9581 0
5858 9581 0
5858 9581 33
5858 9581 49
5858 9074 56
5858 9074 44
5858 9074 18
5858 9074 19
5858 9073 22
5858 9073 0
5858 9073 16
5858 9073 19
5858 8999 8
5858 8999 1
5858 8999 53
5858 8999 31
5858 9021 55
5858 9021 7
5858 9021 54
5858 9021 34
5858 9020 1
5858 9020 23
5858 9020 16
5858 9020 45
5858 9019 49
5858 9019 17
5858 9019 38
5858 9019 29
5858 9030 57
5858 9030 55
5858 9030 43
5858 9030 54
5858 9000 25
5858 9000 11
5858 9000 14
5858 9000 51
5858 9732 54
5858 9732 16
5858 9732 36
5858 9732 33
5858 9734 25
5858 9734 34
5858 9734 0
5858 9734 34
5858 5939 34
5858 5939 5
5858 5939 45
5858 5939 43
5858 9738 15
5858 9738 18
5858 9738 2
5858 9738 44
5858 9011 58
5858 9011 41
5858 9011 58
5858 9011 25
5858 9578 15
5858 9578 11
5858 9578 5
5858 9578 2
5820 5938 5
5820 5938 28
5820 5938 28
5820 5938 50
5820 5936 16
5820 5936 6
5820 5936 31
5820 5936 47
5820 8996 5
5820 8996 37
5820 8996 4
5820 8996 2
5820 5937 31
5820 5937 24
5820 5937 26
5820 5937 51
5820 8993 36
5820 8993 28
5820 8993 14
5820 8993 10
5820 9697 59
5820 9697 55
5820 9697 34
5820 9697 16
5820 8995 58
5820 8995 60
5820 8995 31
5820 8995 52
5820 9002 48
5820 9002 19
5820 9002 53
5820 9002 58
5820 5941 34
5820 5941 6
5820 5941 33
5820 5941 3
5820 9077 47
5820 9077 17
5820 9077 9
5820 9077 60
5820 9075 40
5820 9075 49
5820 9075 51
5820 9075 42
5820 8994 2
5820 8994 48
5820 8994 33
5820 8994 12
5820 9022 7
5820 9022 41
5820 9022 46
5820 9022 33
5820 9698 27
5820 9698 60
5820 9698 31
5820 9698 55
5820 9001 9
5820 9001 36
5820 9001 53
5820 9001 31
5820 9733 38
5820 9733 58
5820 9733 34
5820 9733 56
5820 5940 33
5820 5940 51
5820 5940 0
5820 5940 11
5820 9581 12
5820 9581 50
5820 9581 25
5820 9581 41
5820 9074 45
5820 9074 4
5820 9074 16
5820 9074 52
5820 9073 23
5820 9073 56
5820 9073 14
5820 9073 3
5820 8999 27
5820 8999 33
5820 8999 20
5820 8999 3
5820 9021 7
5820 9021 18
5820 9021 54
5820 9021 36
5820 9020 22
5820 9020 4
5820 9020 53
5820 9020 21
5820 9019 9
5820 9019 58
5820 9019 29
5820 9019 51
5820 9030 11
5820 9030 22
5820 9030 31
5820 9030 57
5820 9000 56
5820 9000 58
5820 9000 27
5820 9000 17
5820 9732 51
5820 9732 52
5820 9732 22
5820 9732 24
5820 9734 52
5820 9734 41
5820 9734 4
5820 9734 51
5820 5939 55
5820 5939 26
5820 5939 2
5820 5939 46
5820 9738 21
5820 9738 57
5820 9738 15
5820 9738 51
5820 9011 53
5820 9011 14
5820 9011 2
5820 9011 46
5820 9578 35
5820 9578 53
5820 9578 56
5820 9578 35
5819 5938 52
5819 5938 44
5819 5938 6
5819 5938 35
5819 5936 49
5819 5936 60
5819 5936 57
5819 5936 2
5819 8996 24
5819 8996 26
5819 8996 4
5819 8996 17
5819 5937 7
5819 5937 58
5819 5937 40
5819 5937 6
5819 8993 3
5819 8993 40
5819 8993 9
5819 8993 48
5819 9697 28
5819 9697 53
5819 9697 54
5819 9697 38
5819 8995 15
5819 8995 12
5819 8995 7
5819 8995 19
5819 9002 38
5819 9002 40
5819 9002 46
5819 9002 50
5819 5941 36
5819 5941 2
5819 5941 11
5819 5941 25
5819 9077 57
5819 9077 43
5819 9077 28
5819 9077 1
5819 9075 21
5819 9075 4
5819 9075 37
5819 9075 50
5819 8994 43
5819 8994 36
5819 8994 5
5819 8994 2
5819 9022 18
5819 9022 19
5819 9022 37
5819 9022 52
5819 9698 49
5819 9698 57
5819 9698 36
5819 9698 37
5819 9001 17
5819 9001 22
5819 9001 43
5819 9001 42
5819 9733 43
5819 9733 21
5819 9733 56
5819 9733 22
5819 5940 49
5819 5940 26
5819 5940 0
5819 5940 31
5819 9581 20
5819 9581 39
5819 9581 27
5819 9581 43
5819 9074 5
5819 9074 36
5819 9074 40
5819 9074 6
5819 9073 42
5819 9073 26
5819 9073 17
5819 9073 37
5819 8999 46
5819 8999 8
5819 8999 38
5819 8999 47
5819 9021 50
5819 9021 59
5819 9021 0
5819 9021 41
5819 9020 8
5819 9020 14
5819 9020 29
5819 9020 39
5819 9019 39
5819 9019 47
5819 9019 15
5819 9019 23
5819 9030 7
5819 9030 13
5819 9030 47
5819 9030 48
5819 9000 7
5819 9000 6
5819 9000 37
5819 9000 57
5819 9732 27
5819 9732 22
5819 9732 17
5819 9732 12
5819 9734 53
5819 9734 37
5819 9734 21
5819 9734 43
5819 5939 5
5819 5939 34
5819 5939 24
5819 5939 56
5819 9738 49
5819 9738 19
5819 9738 35
5819 9738 15
5819 9011 33
5819 9011 7
5819 9011 46
5819 9011 1
5819 9578 4
5819 9578 32
5819 9578 18
5819 9578 27
5776 5938 30
5776 5938 19
5776 5938 57
5776 5938 57
5776 5936 59
5776 5936 29
5776 5936 44
5776 5936 20
5776 8996 43
5776 8996 45
5776 8996 3
5776 8996 60
5776 5937 53
5776 5937 59
5776 5937 46
5776 5937 44
5776 8993 29
5776 8993 34
5776 8993 31
5776 8993 29
5776 9697 46
5776 9697 56
5776 9697 27
5776 9697 17
5776 8995 27
5776 8995 17
5776 8995 13
5776 8995 19
5776 9002 12
5776 9002 21
5776 9002 43
5776 9002 43
5776 5941 32
5776 5941 41
5776 5941 27
5776 5941 7
5776 9077 19
5776 9077 23
5776 9077 56
5776 9077 60
5776 9075 24
5776 9075 1
5776 9075 13
5776 9075 54
5776 8994 37
5776 8994 8
5776 8994 45
5776 8994 21
5776 9022 21
5776 9022 52
5776 9022 25
5776 9022 54
5776 9698 53
5776 9698 16
5776 9698 20
5776 9698 39
5776 9001 15
5776 9001 60
5776 9001 45
5776 9001 9
5776 9733 42
5776 9733 22
5776 9733 10
5776 9733 2
5776 5940 51
5776 5940 7
5776 5940 52
5776 5940 37
5776 9581 31
5776 9581 31
5776 9581 23
5776 9581 44
5776 9074 6
5776 9074 23
5776 9074 37
5776 9074 18
5776 9073 59
5776 9073 25
5776 9073 36
5776 9073 3
5776 8999 10
5776 8999 60
5776 8999 25
5776 8999 16
5776 9021 22
5776 9021 20
5776 9021 0
5776 9021 0
5776 9020 58
5776 9020 42
5776 9020 49
5776 9020 11
5776 9019 59
5776 9019 51
5776 9019 36
5776 9019 32
5776 9030 9
5776 9030 6
5776 9030 22
5776 9030 29
5776 9000 30
5776 9000 45
5776 9000 10
5776 9000 19
5776 9732 6
5776 9732 36
5776 9732 46
5776 9732 58
5776 9734 3
5776 9734 22
5776 9734 25
5776 9734 13
5776 5939 2
5776 5939 21
5776 5939 12
5776 5939 57
5776 9738 18
5776 9738 45
5776 9738 31
5776 9738 22
5776 9011 32
5776 9011 2
5776 9011 24
5776 9011 51
5776 9578 53
5776 9578 49
5776 9578 17
5776 9578 57
5825 5938 47
5825 5938 23
5825 5938 56
5825 5938 1
5825 5936 57
5825 5936 5
5825 5936 43
5825 5936 8
5825 8996 24
5825 8996 48
5825 8996 22
5825 8996 9
5825 5937 15
5825 5937 19
5825 5937 29
5825 5937 53
5825 8993 36
5825 8993 25
5825 8993 46
5825 8993 23
5825 9697 16
5825 9697 5
5825 9697 6
5825 9697 24
5825 8995 31
5825 8995 9
5825 8995 9
5825 8995 38
5825 9002 6
5825 9002 12
5825 9002 19
5825 9002 29
5825 5941 41
5825 5941 54
5825 5941 23
5825 5941 20
5825 9077 60
5825 9077 5
5825 9077 25
5825 9077 1
5825 9075 15
5825 9075 28
5825 9075 31
5825 9075 59
5825 8994 40
5825 8994 38
5825 8994 55
5825 8994 55
5825 9022 42
5825 9022 38
5825 9022 20
5825 9022 47
5825 9698 20
5825 9698 57
5825 9698 54
5825 9698 27
5825 9001 54
5825 9001 40
5825 9001 22
5825 9001 15
5825 9733 40
5825 9733 54
5825 9733 54
5825 9733 53
5825 5940 39
5825 5940 9
5825 5940 53
5825 5940 49
5825 9581 57
5825 9581 53
5825 9581 60
5825 9581 30
5825 9074 14
5825 9074 28
5825 9074 41
5825 9074 15
5825 9073 38
5825 9073 58
5825 9073 40
5825 9073 35
5825 8999 23
5825 8999 26
5825 8999 23
5825 8999 27
5825 9021 35
5825 9021 53
5825 9021 12
5825 9021 3
5825 9020 28
5825 9020 36
5825 9020 60
5825 9020 54
5825 9019 33
5825 9019 58
5825 9019 38
5825 9019 3
5825 9030 27
5825 9030 28
5825 9030 9
5825 9030 6
5825 9000 55
5825 9000 27
5825 9000 43
5825 9000 11
5825 9732 59
5825 9732 4
5825 9732 3
5825 9732 50
5825 9734 28
5825 9734 10
5825 9734 17
5825 9734 32
5825 5939 8
5825 5939 9
5825 5939 58
5825 5939 39
5825 9738 14
5825 9738 8
5825 9738 9
5825 9738 10
5825 9011 41
5825 9011 36
5825 9011 35
5825 9011 41
5825 9578 2
5825 9578 33
5825 9578 44
5825 9578 50
5847 5938 51
5847 5938 45
5847 5938 54
5847 5938 29
5847 5936 28
5847 5936 38
5847 5936 36
5847 5936 6
5847 8996 4
5847 8996 48
5847 8996 17
5847 8996 41
5847 5937 44
5847 5937 44
5847 5937 15
5847 5937 33
5847 8993 5
5847 8993 52
5847 8993 34
5847 8993 25
5847 9697 54
5847 9697 25
5847 9697 9
5847 9697 4
5847 8995 23
5847 8995 57
5847 8995 59
5847 8995 24
5847 9002 13
5847 9002 19
5847 9002 54
5847 9002 33
5847 5941 50
5847 5941 14
5847 5941 39
5847 5941 21
5847 9077 34
5847 9077 53
5847 9077 50
5847 9077 25
5847 9075 25
5847 9075 50
5847 9075 53
5847 9075 15
5847 8994 24
5847 8994 0
5847 8994 20
5847 8994 15
5847 9022 19
5847 9022 54
5847 9022 11
5847 9022 15
5847 9698 4
5847 9698 0
5847 9698 41
5847 9698 40
5847 9001 10
5847 9001 16
5847 9001 30
5847 9001 13
5847 9733 24
5847 9733 60
5847 9733 30
5847 9733 53
5847 5940 59
5847 5940 53
5847 5940 47
5847 5940 55
5847 9581 35
5847 9581 23
5847 9581 52
5847 9581 26
5847 9074 46
5847 9074 56
5847 9074 32
5847 9074 19
5847 9073 22
5847 9073 51
5847 9073 9
5847 9073 29
5847 8999 23
5847 8999 52
5847 8999 24
5847 8999 9
5847 9021 10
5847 9021 47
5847 9021 56
5847 9021 14
5847 9020 28
5847 9020 18
5847 9020 5
5847 9020 20
5847 9019 49
5847 9019 33
5847 9019 44
5847 9019 32
5847 9030 22
5847 9030 11
5847 9030 5
5847 9030 23
5847 9000 49
5847 9000 22
5847 9000 4
5847 9000 25
5847 9732 7
5847 9732 21
5847 9732 53
5847 9732 8
5847 9734 6
5847 9734 31
5847 9734 46
5847 9734 27
5847 5939 22
5847 5939 11
5847 5939 15
5847 5939 29
5847 9738 8
5847 9738 9
5847 9738 33
5847 9738 39
5847 9011 34
5847 9011 39
5847 9011 44
5847 9011 42
5847 9578 35
5847 9578 35
5847 9578 49
5847 9578 8
5850 5938 57
5850 5938 2
5850 5938 41
5850 5938 60
5850 5936 22
5850 5936 27
5850 5936 1
5850 5936 6
5850 8996 12
5850 8996 24
5850 8996 43
5850 8996 13
5850 5937 40
5850 5937 18
5850 5937 15
5850 5937 43
5850 8993 15
5850 8993 1
5850 8993 55
5850 8993 54
5850 9697 9
5850 9697 31
5850 9697 37
5850 9697 3
5850 8995 11
5850 8995 24
5850 8995 50
5850 8995 41
5850 9002 39
5850 9002 25
5850 9002 0
5850 9002 9
5850 5941 12
5850 5941 44
5850 5941 25
5850 5941 30
5850 9077 47
5850 9077 3
5850 9077 30
5850 9077 40
5850 9075 60
5850 9075 1
5850 9075 60
5850 9075 0
5850 8994 15
5850 8994 42
5850 8994 7
5850 8994 26
5850 9022 56
5850 9022 42
5850 9022 28
5850 9022 24
5850 9698 11
5850 9698 8
5850 9698 27
5850 9698 15
5850 9001 31
5850 9001 44
5850 9001 35
5850 9001 48
5850 9733 17
5850 9733 23
5850 9733 30
5850 9733 39
5850 5940 40
5850 5940 0
5850 5940 38
5850 5940 4
5850 9581 36
5850 9581 26
5850 9581 8
5850 9581 17
5850 9074 33
5850 9074 12
5850 9074 13
5850 9074 26
5850 9073 25
5850 9073 44
5850 9073 13
5850 9073 43
5850 8999 60
5850 8999 41
5850 8999 53
5850 8999 25
5850 9021 11
5850 9021 42
5850 9021 37
5850 9021 29
5850 9020 50
5850 9020 29
5850 9020 40
5850 9020 57
5850 9019 49
5850 9019 50
5850 9019 21
5850 9019 27
5850 9030 16
5850 9030 41
5850 9030 43
5850 9030 14
5850 9000 34
5850 9000 13
5850 9000 9
5850 9000 50
5850 9732 47
5850 9732 40
5850 9732 47
5850 9732 54
5850 9734 47
5850 9734 19
5850 9734 36
5850 9734 45
5850 5939 11
5850 5939 20
5850 5939 29
5850 5939 30
5850 9738 23
5850 9738 52
5850 9738 55
5850 9738 60
5850 9011 28
5850 9011 58
5850 9011 45
5850 9011 35
5850 9578 58
5850 9578 18
5850 9578 0
5850 9578 53
5859 5938 6
5859 5938 2
5859 5938 52
5859 5938 0
5859 5936 53
5859 5936 50
5859 5936 53
5859 5936 31
5859 8996 26
5859 8996 24
5859 8996 33
5859 8996 28
5859 5937 41
5859 5937 4
5859 5937 28
5859 5937 55
5859 8993 56
5859 8993 32
5859 8993 15
5859 8993 31
5859 9697 60
5859 9697 42
5859 9697 42
5859 9697 47
5859 8995 56
5859 8995 8
5859 8995 7
5859 8995 34
5859 9002 23
5859 9002 7
5859 9002 1
5859 9002 13
5859 5941 35
5859 5941 26
5859 5941 50
5859 5941 60
5859 9077 57
5859 9077 20
5859 9077 21
5859 9077 34
5859 9075 51
5859 9075 48
5859 9075 19
5859 9075 41
5859 8994 31
5859 8994 39
5859 8994 9
5859 8994 27
5859 9022 0
5859 9022 22
5859 9022 57
5859 9022 4
5859 9698 38
5859 9698 49
5859 9698 10
5859 9698 31
5859 9001 25
5859 9001 43
5859 9001 29
5859 9001 10
5859 9733 60
5859 9733 0
5859 9733 25
5859 9733 17
5859 5940 39
5859 5940 18
5859 5940 43
5859 5940 57
5859 9581 22
5859 9581 42
5859 9581 36
5859 9581 32
5859 9074 51
5859 9074 43
5859 9074 8
5859 9074 15
5859 9073 31
5859 9073 29
5859 9073 59
5859 9073 58
5859 8999 18
5859 8999 55
5859 8999 26
5859 8999 22
5859 9021 17
5859 9021 21
5859 9021 48
5859 9021 12
5859 9020 4
5859 9020 0
5859 9020 27
5859 9020 35
5859 9019 22
5859 9019 21
5859 9019 49
5859 9019 29
5859 9030 21
5859 9030 50
5859 9030 42
5859 9030 22
5859 9000 48
5859 9000 27
5859 9000 16
5859 9000 39
5859 9732 11
5859 9732 29
5859 9732 17
5859 9732 22
5859 9734 25
5859 9734 49
5859 9734 3
5859 9734 60
5859 5939 56
5859 5939 22
5859 5939 53
5859 5939 47
5859 9738 29
5859 9738 24
5859 9738 54
5859 9738 13
5859 9011 11
5859 9011 30
5859 9011 23
5859 9011 50
5859 9578 54
5859 9578 32
5859 9578 13
5859 9578 54
5852 5938 54
5852 5938 15
5852 5938 58
5852 5938 23
5852 5936 29
5852 5936 14
5852 5936 31
5852 5936 50
5852 8996 21
5852 8996 31
5852 8996 37
5852 8996 31
5852 5937 31
5852 5937 40
5852 5937 32
5852 5937 58
5852 8993 7
5852 8993 36
5852 8993 44
5852 8993 24
5852 9697 17
5852 9697 5
5852 9697 48
5852 9697 19
5852 8995 51
5852 8995 4
5852 8995 12
5852 8995 7
5852 9002 10
5852 9002 37
5852 9002 13
5852 9002 1
5852 5941 17
5852 5941 15
5852 5941 13
5852 5941 18
5852 9077 23
5852 9077 0
5852 9077 17
5852 9077 46
5852 9075 15
5852 9075 0
5852 9075 13
5852 9075 12
5852 8994 5
5852 8994 14
5852 8994 28
5852 8994 22
5852 9022 54
5852 9022 60
5852 9022 38
5852 9022 28
5852 9698 21
5852 9698 59
5852 9698 56
5852 9698 58
5852 9001 4
5852 9001 33
5852 9001 15
5852 9001 0
5852 9733 35
5852 9733 13
5852 9733 5
5852 9733 39
5852 5940 19
5852 5940 21
5852 5940 3
5852 5940 44
5852 9581 47
5852 9581 33
5852 9581 60
5852 9581 18
5852 9074 17
5852 9074 39
5852 9074 44
5852 9074 20
5852 9073 12
5852 9073 43
5852 9073 9
5852 9073 23
5852 8999 6
5852 8999 37
5852 8999 35
5852 8999 0
5852 9021 7
5852 9021 12
5852 9021 35
5852 9021 11
5852 9020 39
5852 9020 21
5852 9020 18
5852 9020 30
5852 9019 3
5852 9019 60
5852 9019 39
5852 9019 37
5852 9030 24
5852 9030 4
5852 9030 27
5852 9030 40
5852 9000 57
5852 9000 0
5852 9000 45
5852 9000 41
5852 9732 5
5852 9732 33
5852 9732 60
5852 9732 47
5852 9734 50
5852 9734 5
5852 9734 0
5852 9734 49
5852 5939 5
5852 5939 19
5852 5939 45
5852 5939 47
5852 9738 3
5852 9738 43
5852 9738 54
5852 9738 38
5852 9011 56
5852 9011 43
5852 9011 34
5852 9011 38
5852 9578 53
5852 9578 43
5852 9578 57
5852 9578 36
5854 5938 5
5854 5938 60
5854 5938 53
5854 5938 28
5854 5936 54
5854 5936 56
5854 5936 56
5854 5936 1
5854 8996 23
5854 8996 2
5854 8996 47
5854 8996 42
5854 5937 34
5854 5937 47
5854 5937 10
5854 5937 23
5854 8993 52
5854 8993 50
5854 8993 25
5854 8993 50
5854 9697 20
5854 9697 30
5854 9697 32
5854 9697 44
5854 8995 14
5854 8995 2
5854 8995 57
5854 8995 23
5854 9002 25
5854 9002 4
5854 9002 13
5854 9002 1
5854 5941 48
5854 5941 26
5854 5941 57
5854 5941 48
5854 9077 10
5854 9077 25
5854 9077 1
5854 9077 52
5854 9075 43
5854 9075 24
5854 9075 10
5854 9075 5
5854 8994 46
5854 8994 48
5854 8994 17
5854 8994 9
5854 9022 53
5854 9022 33
5854 9022 4
5854 9022 1
5854 9698 7
5854 9698 29
5854 9698 59
5854 9698 60
5854 9001 24
5854 9001 25
5854 9001 59
5854 9001 21
5854 9733 20
5854 9733 34
5854 9733 22
5854 9733 39
5854 5940 25
5854 5940 57
5854 5940 13
5854 5940 2
5854 9581 54
5854 9581 14
5854 9581 48
5854 9581 11
5854 9074 51
5854 9074 41
5854 9074 20
5854 9074 20
5854 9073 37
5854 9073 26
5854 9073 54
5854 9073 13
5854 8999 22
5854 8999 10
5854 8999 16
5854 8999 50
5854 9021 0
5854 9021 23
5854 9021 47
5854 9021 33
5854 9020 22
5854 9020 7
5854 9020 53
5854 9020 23
5854 9019 48
5854 9019 44
5854 9019 10
5854 9019 4
5854 9030 31
5854 9030 59
5854 9030 13
5854 9030 48
5854 9000 24
5854 9000 45
5854 9000 36
5854 9000 34
5854 9732 23
5854 9732 53
5854 9732 4
5854 9732 31
5854 9734 51
5854 9734 43
5854 9734 0
5854 9734 36
5854 5939 17
5854 5939 60
5854 5939 7
5854 5939 1
5854 9738 17
5854 9738 35
5854 9738 17
5854 9738 44
5854 9011 25
5854 9011 50
5854 9011 41
5854 9011 50
5854 9578 38
5854 9578 20
5854 9578 39
5854 9578 25
5778 5938 20
5778 5938 2
5778 5938 54
5778 5938 45
5778 5936 11
5778 5936 50
5778 5936 10
5778 5936 13
5778 8996 53
5778 8996 28
5778 8996 2
5778 8996 38
5778 5937 54
5778 5937 7
5778 5937 35
5778 5937 39
5778 8993 25
5778 8993 12
5778 8993 42
5778 8993 48
5778 9697 14
5778 9697 41
5778 9697 25
5778 9697 26
5778 8995 23
5778 8995 50
5778 8995 42
5778 8995 22
5778 9002 49
5778 9002 51
5778 9002 1
5778 9002 27
5778 5941 51
5778 5941 44
5778 5941 0
5778 5941 4
5778 9077 60
5778 9077 43
5778 9077 54
5778 9077 27
5778 9075 6
5778 9075 24
5778 9075 57
5778 9075 36
5778 8994 32
5778 8994 53
5778 8994 60
5778 8994 9
5778 9022 8
5778 9022 36
5778 9022 28
5778 9022 51
5778 9698 45
5778 9698 57
5778 9698 10
5778 9698 43
5778 9001 37
5778 9001 13
5778 9001 8
5778 9001 50
5778 9733 39
5778 9733 13
5778 9733 60
5778 9733 52
5778 5940 60
5778 5940 38
5778 5940 1
5778 5940 8
5778 9581 9
5778 9581 44
5778 9581 18
5778 9581 42
5778 9074 5
5778 9074 12
5778 9074 48
5778 9074 43
5778 9073 17
5778 9073 26
5778 9073 53
5778 9073 13
5778 8999 37
5778 8999 45
5778 8999 30
5778 8999 42
5778 9021 10
5778 9021 16
5778 9021 52
5778 9021 47
5778 9020 6
5778 9020 57
5778 9020 34
5778 9020 52
5778 9019 34
5778 9019 49
5778 9019 33
5778 9019 3
5778 9030 60
5778 9030 41
5778 9030 29
5778 9030 60
5778 9000 45
5778 9000 6
5778 9000 4
5778 9000 36
5778 9732 14
5778 9732 2
5778 9732 20
5778 9732 58
5778 9734 33
5778 9734 40
5778 9734 49
5778 9734 37
5778 5939 56
5778 5939 31
5778 5939 20
5778 5939 12
5778 9738 33
5778 9738 17
5778 9738 3
5778 9738 58
5778 9011 58
5778 9011 5
5778 9011 20
5778 9011 26
5778 9578 21
5778 9578 36
5778 9578 41
5778 9578 14
5786 5938 50
5786 5938 1
5786 5938 49
5786 5938 3
5786 5936 21
5786 5936 47
5786 5936 49
5786 5936 3
5786 8996 60
5786 8996 11
5786 8996 27
5786 8996 13
5786 5937 56
5786 5937 27
5786 5937 15
5786 5937 13
5786 8993 35
5786 8993 57
5786 8993 9
5786 8993 6
5786 9697 45
5786 9697 0
5786 9697 9
5786 9697 39
5786 8995 3
5786 8995 17
5786 8995 29
5786 8995 19
5786 9002 32
5786 9002 3
5786 9002 28
5786 9002 22
5786 5941 43
5786 5941 11
5786 5941 18
5786 5941 16
5786 9077 2
5786 9077 20
5786 9077 24
5786 9077 11
5786 9075 2
5786 9075 24
5786 9075 44
5786 9075 12
5786 8994 21
5786 8994 55
5786 8994 25
5786 8994 14
5786 9022 36
5786 9022 56
5786 9022 29
5786 9022 38
5786 9698 20
5786 9698 45
5786 9698 35
5786 9698 33
5786 9001 49
5786 9001 56
5786 9001 29
5786 9001 47
5786 9733 49
5786 9733 12
5786 9733 59
5786 9733 19
5786 5940 48
5786 5940 53
5786 5940 39
5786 5940 36
5786 9581 26
5786 9581 54
5786 9581 30
5786 9581 1
5786 9074 41
5786 9074 31
5786 9074 45
5786 9074 59
5786 9073 38
5786 9073 42
5786 9073 28
5786 9073 38
5786 8999 40
5786 8999 14
5786 8999 6
5786 8999 4
5786 9021 39
5786 9021 38
5786 9021 57
5786 9021 50
5786 9020 4
5786 9020 51
5786 9020 23
5786 9020 18
5786 9019 50
5786 9019 47
5786 9019 28
5786 9019 52
5786 9030 43
5786 9030 37
5786 9030 44
5786 9030 29
5786 9000 54
5786 9000 59
5786 9000 22
5786 9000 33
5786 9732 28
5786 9732 57
5786 9732 38
5786 9732 28
5786 9734 59
5786 9734 6
5786 9734 0
5786 9734 19
5786 5939 59
5786 5939 25
5786 5939 20
5786 5939 24
5786 9738 10
5786 9738 3
5786 9738 14
5786 9738 52
5786 9011 14
5786 9011 37
5786 9011 7
5786 9011 33
5786 9578 60
5786 9578 30
5786 9578 16
5786 9578 21
5833 5938 54
5833 5938 27
5833 5938 25
5833 5938 0
5833 5936 7
5833 5936 12
5833 5936 33
5833 5936 47
5833 8996 17
5833 8996 51
5833 8996 0
5833 8996 52
5833 5937 35
5833 5937 29
5833 5937 38
5833 5937 11
5833 8993 20
5833 8993 1
5833 8993 28
5833 8993 33
5833 9697 34
5833 9697 1
5833 9697 2
5833 9697 9
5833 8995 40
5833 8995 46
5833 8995 53
5833 8995 14
5833 9002 21
5833 9002 59
5833 9002 53
5833 9002 60
5833 5941 31
5833 5941 42
5833 5941 7
5833 5941 25
5833 9077 35
5833 9077 44
5833 9077 40
5833 9077 47
5833 9075 1
5833 9075 14
5833 9075 8
5833 9075 5
5833 8994 58
5833 8994 38
5833 8994 5
5833 8994 19
5833 9022 41
5833 9022 6
5833 9022 45
5833 9022 15
5833 9698 49
5833 9698 8
5833 9698 33
5833 9698 24
5833 9001 17
5833 9001 11
5833 9001 44
5833 9001 34
5833 9733 12
5833 9733 7
5833 9733 4
5833 9733 35
5833 5940 47
5833 5940 24
5833 5940 8
5833 5940 32
5833 9581 4
5833 9581 29
5833 9581 43
5833 9581 38
5833 9074 37
5833 9074 4
5833 9074 1
5833 9074 44
5833 9073 0
5833 9073 9
5833 9073 44
5833 9073 30
5833 8999 36
5833 8999 4
5833 8999 52
5833 8999 45
5833 9021 16
5833 9021 31
5833 9021 39
5833 9021 48
5833 9020 58
5833 9020 47
5833 9020 53
5833 9020 19
5833 9019 20
5833 9019 8
5833 9019 45
5833 9019 20
5833 9030 60
5833 9030 59
5833 9030 55
5833 9030 23
5833 9000 9
5833 9000 33
5833 9000 44
5833 9000 12
5833 9732 17
5833 9732 49
5833 9732 18
5833 9732 49
5833 9734 40
5833 9734 11
5833 9734 43
5833 9734 31
5833 5939 23
5833 5939 42
5833 5939 18
5833 5939 2
5833 9738 2
5833 9738 12
5833 9738 58
5833 9738 2
5833 9011 0
5833 9011 12
5833 9011 48
5833 9011 51
5833 9578 25
5833 9578 45
5833 9578 14
5833 9578 38
5864 5938 33
5864 5938 20
5864 5938 52
5864 5938 35
5864 5936 1
5864 5936 56
5864 5936 10
5864 5936 4
5864 8996 38
5864 8996 10
5864 8996 36
5864 8996 5
5864 5937 55
5864 5937 20
5864 5937 6
5864 5937 23
5864 8993 59
5864 8993 59
5864 8993 29
5864 8993 27
5864 9697 24
5864 9697 53
5864 9697 41
5864 9697 58
5864 8995 47
5864 8995 9
5864 8995 57
5864 8995 42
5864 9002 16
5864 9002 29
5864 9002 8
5864 9002 26
5864 5941 37
5864 5941 39
5864 5941 24
5864 5941 47
5864 9077 15
5864 9077 33
5864 9077 44
5864 9077 44
5864 9075 38
5864 9075 13
5864 9075 45
5864 9075 31
5864 8994 53
5864 8994 19
5864 8994 42
5864 8994 43
5864 9022 34
5864 9022 0
5864 9022 6
5864 9022 55
5864 9698 46
5864 9698 42
5864 9698 42
5864 9698 27
5864 9001 56
5864 9001 57
5864 9001 37
5864 9001 57
5864 9733 17
5864 9733 30
5864 9733 38
5864 9733 48
5864 5940 55
5864 5940 40
5864 5940 1
5864 5940 54
5864 9581 40
5864 9581 16
5864 9581 0
5864 9581 48
5864 9074 60
5864 9074 52
5864 9074 25
5864 9074 56
5864 9073 32
5864 9073 16
5864 9073 44
5864 9073 10
5864 8999 43
5864 8999 35
5864 8999 46
5864 8999 33
5864 9021 0
5864 9021 9
5864 9021 9
5864 9021 45
5864 9020 19
5864 9020 21
5864 9020 56
5864 9020 39
5864 9019 15
5864 9019 34
5864 9019 47
5864 9019 58
5864 9030 59
5864 9030 6
5864 9030 37
5864 9030 55
5864 9000 46
5864 9000 3
5864 9000 11
5864 9000 11
5864 9732 22
5864 9732 26
5864 9732 46
5864 9732 53
5864 9734 15
5864 9734 49
5864 9734 52
5864 9734 59
5864 5939 13
5864 5939 16
5864 5939 21
5864 5939 32
5864 9738 44
5864 9738 49
5864 9738 45
5864 9738 12
5864 9011 14
5864 9011 46
5864 9011 26
5864 9011 7
5864 9578 26
5864 9578 25
5864 9578 54
5864 9578 34
