6345 5887 6
6345 5887 19
6345 5887 60
6345 5887 57
6345 5886 28
6345 5886 20
6345 5886 15
6345 5886 27
6345 5888 20
6345 5888 13
6345 5888 9
6345 5888 53
6345 6296 33
6345 6296 20
6345 6296 38
6345 6296 47
6345 6373 35
6345 6373 1
6345 6373 54
6345 6373 49
6345 9820 26
6345 9820 48
6345 9820 54
6345 9820 26
6345 6297 32
6345 6297 28
6345 6297 50
6345 6297 54
6345 6336 1
6345 6336 30
6345 6336 49
6345 6336 43
6345 9810 13
6345 9810 41
6345 9810 20
6345 9810 26
6345 8340 2
6345 8340 11
6345 8340 1
6345 8340 30
6345 9811 47
6345 9811 4
6345 9811 59
6345 9811 17
6345 6098 6
6345 6098 52
6345 6098 58
6345 6098 39
6345 6699 53
6345 6699 14
6345 6699 41
6345 6699 0
6345 6337 55
6345 6337 49
6345 6337 57
6345 6337 39
6345 6338 32
6345 6338 9
6345 6338 45
6345 6338 58
6345 8339 20
6345 8339 26
6345 8339 33
6345 8339 22
6345 8341 11
6345 8341 55
6345 8341 44
6345 8341 32
6345 6097 24
6345 6097 30
6345 6097 46
6345 6097 35
6345 6100 30
6345 6100 15
6345 6100 42
6345 6100 7
6345 6339 58
6345 6339 11
6345 6339 40
6345 6339 18
6345 6434 54
6345 6434 26
6345 6434 26
6345 6434 11
6345 6099 52
6345 6099 52
6345 6099 1
6345 6099 33
6345 7407 36
6345 7407 7
6345 7407 8
6345 7407 50
6345 9812 53
6345 9812 30
6345 9812 35
6345 9812 4
6345 5969 31
6345 5969 46
6345 5969 59
6345 5969 25
6345 7406 19
6345 7406 44
6345 7406 12
6345 7406 59
6345 7405 6
6345 7405 1
6345 7405 52
6345 7405 28
6345 7414 32
6345 7414 4
6345 7414 21
6345 7414 52
6345 7423 19
6345 7423 15
6345 7423 10
6345 7423 10
6345 9813 24
6345 9813 13
6345 9813 12
6345 9813 29
6345 5970 20
6345 5970 9
6345 5970 11
6345 5970 38
6345 9626 28
6345 9626 46
6345 9626 36
6345 9626 12
6344 5887 52
6344 5887 32
6344 5887 37
6344 5887 13
6344 5886 32
6344 5886 19
6344 5886 35
6344 5886 54
6344 5888 7
6344 5888 46
6344 5888 42
6344 5888 35
6344 6296 36
6344 6296 45
6344 6296 48
6344 6296 25
6344 6373 45
6344 6373 45
6344 6373 10
6344 6373 17
6344 9820 25
6344 9820 16
6344 9820 9
6344 9820 19
6344 6297 0
6344 6297 45
6344 6297 54
6344 6297 59
6344 6336 42
6344 6336 56
6344 6336 41
6344 6336 57
6344 9810 53
6344 9810 32
6344 9810 54
6344 9810 17
6344 8340 10
6344 8340 0
6344 8340 44
6344 8340 21
6344 9811 33
6344 9811 46
6344 9811 54
6344 9811 12
6344 6098 2
6344 6098 51
6344 6098 43
6344 6098 23
6344 6699 2
6344 6699 24
6344 6699 1
6344 6699 49
6344 6337 20
6344 6337 28
6344 6337 28
6344 6337 52
6344 6338 47
6344 6338 2
6344 6338 55
6344 6338 60
6344 8339 38
6344 8339 60
6344 8339 41
6344 8339 13
6344 8341 9
6344 8341 7
6344 8341 54
6344 8341 28
6344 6097 12
6344 6097 42
6344 6097 0
6344 6097 16
6344 6100 20
6344 6100 11
6344 6100 54
6344 6100 11
6344 6339 9
6344 6339 59
6344 6339 7
6344 6339 45
6344 6434 20
6344 6434 29
6344 6434 40
6344 6434 9
6344 6099 35
6344 6099 46
6344 6099 25
6344 6099 19
6344 7407 14
6344 7407 20
6344 7407 12
6344 7407 22
6344 9812 20
6344 9812 15
6344 9812 23
6344 9812 31
6344 5969 42
6344 5969 12
6344 5969 3
6344 5969 4
6344 7406 31
6344 7406 45
6344 7406 49
6344 7406 20
6344 7405 15
6344 7405 59
6344 7405 32
6344 7405 14
6344 7414 9
6344 7414 20
6344 7414 35
6344 7414 38
6344 7423 34
6344 7423 5
6344 7423 43
6344 7423 12
6344 9813 57
6344 9813 9
6344 9813 35
6344 9813 1
6344 5970 17
6344 5970 56
6344 5970 4
6344 5970 29
6344 9626 58
6344 9626 56
6344 9626 0
6344 9626 40
6346 5887 30
6346 5887 22
6346 5887 26
6346 5887 51
6346 5886 27
6346 5886 4
6346 5886 53
6346 5886 3
6346 5888 6
6346 5888 29
6346 5888 3
6346 5888 60
6346 6296 59
6346 6296 53
6346 6296 46
6346 6296 18
6346 6373 19
6346 6373 57
6346 6373 28
6346 6373 5
6346 9820 9
6346 9820 31
6346 9820 27
6346 9820 30
6346 6297 41
6346 6297 42
6346 6297 53
6346 6297 29
6346 6336 21
6346 6336 14
6346 6336 34
6346 6336 25
6346 9810 33
6346 9810 2
6346 9810 26
6346 9810 5
6346 8340 10
6346 8340 3
6346 8340 35
6346 8340 46
6346 9811 53
6346 9811 10
6346 9811 22
6346 9811 53
6346 6098 54
6346 6098 59
6346 6098 21
6346 6098 17
6346 6699 27
6346 6699 15
6346 6699 38
6346 6699 21
6346 6337 17
6346 6337 6
6346 6337 28
6346 6337 27
6346 6338 35
6346 6338 42
6346 6338 26
6346 6338 12
6346 8339 53
6346 8339 56
6346 8339 39
6346 8339 38
6346 8341 60
6346 8341 3
6346 8341 25
6346 8341 25
6346 6097 10
6346 6097 22
6346 6097 20
6346 6097 51
6346 6100 37
6346 6100 26
6346 6100 56
6346 6100 12
6346 6339 37
6346 6339 26
6346 6339 28
6346 6339 51
6346 6434 8
6346 6434 45
6346 6434 8
6346 6434 53
6346 6099 1
6346 6099 51
6346 6099 15
6346 6099 33
6346 7407 56
6346 7407 37
6346 7407 44
6346 7407 23
6346 9812 40
6346 9812 24
6346 9812 39
6346 9812 18
6346 5969 37
6346 5969 27
6346 5969 10
6346 5969 23
6346 7406 15
6346 7406 12
6346 7406 60
6346 7406 39
6346 7405 9
6346 7405 11
6346 7405 17
6346 7405 60
6346 7414 45
6346 7414 24
6346 7414 21
6346 7414 33
6346 7423 55
6346 7423 38
6346 7423 35
6346 7423 42
6346 9813 13
6346 9813 4
6346 9813 38
6346 9813 3
6346 5970 21
6346 5970 46
6346 5970 3
6346 5970 47
6346 9626 32
6346 9626 22
6346 9626 58
6346 9626 48
8433 5887 15
8433 5887 42
8433 5887 54
8433 5887 60
8433 5886 27
8433 5886 36
8433 5886 16
8433 5886 3
8433 5888 6
8433 5888 29
8433 5888 12
8433 5888 2
8433 6296 40
8433 6296 6
8433 6296 17
8433 6296 34
8433 6373 12
8433 6373 42
8433 6373 21
8433 6373 57
8433 9820 5
8433 9820 46
8433 9820 38
8433 9820 10
8433 6297 12
8433 6297 44
8433 6297 28
8433 6297 53
8433 6336 15
8433 6336 10
8433 6336 3
8433 6336 1
8433 9810 34
8433 9810 35
8433 9810 27
8433 9810 50
8433 8340 44
8433 8340 8
8433 8340 28
8433 8340 36
8433 9811 60
8433 9811 49
8433 9811 13
8433 9811 42
8433 6098 53
8433 6098 27
8433 6098 47
8433 6098 2
8433 6699 25
8433 6699 6
8433 6699 5
8433 6699 13
8433 6337 30
8433 6337 54
8433 6337 24
8433 6337 42
8433 6338 55
8433 6338 34
8433 6338 2
8433 6338 46
8433 8339 13
8433 8339 38
8433 8339 24
8433 8339 14
8433 8341 31
8433 8341 1
8433 8341 6
8433 8341 42
8433 6097 3
8433 6097 6
8433 6097 48
8433 6097 53
8433 6100 39
8433 6100 12
8433 6100 19
8433 6100 27
8433 6339 36
8433 6339 10
8433 6339 47
8433 6339 8
8433 6434 49
8433 6434 0
8433 6434 18
8433 6434 20
8433 6099 40
8433 6099 18
8433 6099 3
8433 6099 28
8433 7407 2
8433 7407 57
8433 7407 32
8433 7407 47
8433 9812 33
8433 9812 20
8433 9812 29
8433 9812 47
8433 5969 56
8433 5969 44
8433 5969 39
8433 5969 56
8433 7406 23
8433 7406 57
8433 7406 46
8433 7406 48
8433 7405 55
8433 7405 41
8433 7405 41
8433 7405 3
8433 7414 39
8433 7414 6
8433 7414 25
8433 7414 31
8433 7423 60
8433 7423 55
8433 7423 40
8433 7423 31
8433 9813 33
8433 9813 3
8433 9813 28
8433 9813 35
8433 5970 60
8433 5970 16
8433 5970 10
8433 5970 29
8433 9626 40
8433 9626 59
8433 9626 31
8433 9626 1
8432 5887 42
8432 5887 48
8432 5887 9
8432 5887 18
8432 5886 21
8432 5886 0
8432 5886 34
8432 5886 37
8432 5888 36
8432 5888 23
8432 5888 17
8432 5888 38
8432 6296 49
8432 6296 20
8432 6296 4
8432 6296 2
8432 6373 11
8432 6373 48
8432 6373 54
8432 6373 34
8432 9820 44
8432 9820 56
8432 9820 36
8432 9820 36
8432 6297 11
8432 6297 57
8432 6297 1
8432 6297 28
8432 6336 48
8432 6336 56
8432 6336 22
8432 6336 54
8432 9810 10
8432 9810 1
8432 9810 30
8432 9810 54
8432 8340 37
8432 8340 10
8432 8340 14
8432 8340 39
8432 9811 55
8432 9811 15
8432 9811 28
8432 9811 26
8432 6098 13
8432 6098 35
8432 6098 23
8432 6098 20
8432 6699 58
8432 6699 2
8432 6699 60
8432 6699 35
8432 6337 15
8432 6337 12
8432 6337 35
8432 6337 5
8432 6338 55
8432 6338 60
8432 6338 60
8432 6338 43
8432 8339 19
8432 8339 39
8432 8339 35
8432 8339 11
8432 8341 12
8432 8341 13
8432 8341 13
8432 8341 44
8432 6097 9
8432 6097 54
8432 6097 15
8432 6097 37
8432 6100 17
8432 6100 14
8432 6100 31
8432 6100 14
8432 6339 31
8432 6339 60
8432 6339 20
8432 6339 17
8432 6434 56
8432 6434 58
8432 6434 29
8432 6434 4
8432 6099 43
8432 6099 31
8432 6099 5
8432 6099 31
8432 7407 51
8432 7407 60
8432 7407 38
8432 7407 33
8432 9812 53
8432 9812 49
8432 9812 40
8432 9812 24
8432 5969 55
8432 5969 8
8432 5969 30
8432 5969 13
8432 7406 19
8432 7406 32
8432 7406 55
8432 7406 18
8432 7405 57
8432 7405 31
8432 7405 36
8432 7405 28
8432 7414 16
8432 7414 34
8432 7414 30
8432 7414 57
8432 7423 19
8432 7423 5
8432 7423 41
8432 7423 18
8432 9813 4
8432 9813 2
8432 9813 27
8432 9813 15
8432 5970 4
8432 5970 25
8432 5970 21
8432 5970 3
8432 9626 12
8432 9626 41
8432 9626 38
8432 9626 36
6340 5887 2
6340 5887 26
6340 5887 21
6340 5887 27
6340 5886 8
6340 5886 37
6340 5886 6
6340 5886 47
6340 5888 9
6340 5888 24
6340 5888 23
6340 5888 43
6340 6296 53
6340 6296 23
6340 6296 8
6340 6296 28
6340 6373 15
6340 6373 56
6340 6373 55
6340 6373 5
6340 9820 42
6340 9820 25
6340 9820 57
6340 9820 56
6340 6297 57
6340 6297 38
6340 6297 54
6340 6297 55
6340 6336 31
6340 6336 21
6340 6336 15
6340 6336 58
6340 9810 51
6340 9810 12
6340 9810 57
6340 9810 27
6340 8340 40
6340 8340 4
6340 8340 28
6340 8340 12
6340 9811 57
6340 9811 30
6340 9811 18
6340 9811 30
6340 6098 20
6340 6098 3
6340 6098 42
6340 6098 16
6340 6699 24
6340 6699 33
6340 6699 24
6340 6699 2
6340 6337 7
6340 6337 41
6340 6337 26
6340 6337 56
6340 6338 27
6340 6338 32
6340 6338 51
6340 6338 28
6340 8339 14
6340 8339 13
6340 8339 23
6340 8339 48
6340 8341 55
6340 8341 28
6340 8341 52
6340 8341 32
6340 6097 3
6340 6097 6
6340 6097 38
6340 6097 12
6340 6100 55
6340 6100 28
6340 6100 42
6340 6100 39
6340 6339 17
6340 6339 17
6340 6339 44
6340 6339 57
6340 6434 36
6340 6434 16
6340 6434 37
6340 6434 15
6340 6099 24
6340 6099 18
6340 6099 12
6340 6099 29
6340 7407 21
6340 7407 2
6340 7407 55
6340 7407 46
6340 9812 50
6340 9812 44
6340 9812 33
6340 9812 5
6340 5969 57
6340 5969 56
6340 5969 44
6340 5969 18
6340 7406 12
6340 7406 10
6340 7406 28
6340 7406 50
6340 7405 52
6340 7405 4
6340 7405 8
6340 7405 6
6340 7414 18
6340 7414 28
6340 7414 39
6340 7414 5
6340 7423 59
6340 7423 24
6340 7423 26
6340 7423 34
6340 9813 39
6340 9813 25
6340 9813 19
6340 9813 45
6340 5970 4
6340 5970 10
6340 5970 9
6340 5970 26
6340 9626 36
6340 9626 13
6340 9626 42
6340 9626 54
8434 5887 28
8434 5887 38
8434 5887 10
8434 5887 9
8434 5886 17
8434 5886 38
8434 5886 10
8434 5886 12
8434 5888 56
8434 5888 42
8434 5888 19
8434 5888 57
8434 6296 11
8434 6296 60
8434 6296 54
8434 6296 4
8434 6373 16
8434 6373 6
8434 6373 47
8434 6373 28
8434 9820 18
8434 9820 18
8434 9820 53
8434 9820 2
8434 6297 52
8434 6297 57
8434 6297 15
8434 6297 3
8434 6336 36
8434 6336 60
8434 6336 21
8434 6336 31
8434 9810 34
8434 9810 2
8434 9810 34
8434 9810 46
8434 8340 25
8434 8340 16
8434 8340 8
8434 8340 19
8434 9811 40
8434 9811 13
8434 9811 23
8434 9811 30
8434 6098 23
8434 6098 27
8434 6098 7
8434 6098 59
8434 6699 57
8434 6699 57
8434 6699 21
8434 6699 30
8434 6337 40
8434 6337 6
8434 6337 30
8434 6337 51
8434 6338 14
8434 6338 32
8434 6338 34
8434 6338 36
8434 8339 16
8434 8339 8
8434 8339 6
8434 8339 18
8434 8341 22
8434 8341 27
8434 8341 3
8434 8341 31
8434 6097 11
8434 6097 56
8434 6097 9
8434 6097 36
8434 6100 28
8434 6100 2
8434 6100 15
8434 6100 30
8434 6339 8
8434 6339 18
8434 6339 38
8434 6339 50
8434 6434 49
8434 6434 42
8434 6434 44
8434 6434 31
8434 6099 23
8434 6099 1
8434 6099 35
8434 6099 39
8434 7407 35
8434 7407 46
8434 7407 32
8434 7407 37
8434 9812 12
8434 9812 12
8434 9812 7
8434 9812 18
8434 5969 21
8434 5969 3
8434 5969 0
8434 5969 10
8434 7406 37
8434 7406 15
8434 7406 44
8434 7406 45
8434 7405 12
8434 7405 51
8434 7405 45
8434 7405 43
8434 7414 14
8434 7414 8
8434 7414 43
8434 7414 52
8434 7423 1
8434 7423 15
8434 7423 20
8434 7423 17
8434 9813 22
8434 9813 59
8434 9813 52
8434 9813 28
8434 5970 57
8434 5970 1
8434 5970 56
8434 5970 18
8434 9626 25
8434 9626 15
8434 9626 17
8434 9626 47
6414 5887 2
6414 5887 58
6414 5887 15
6414 5887 49
6414 5886 19
6414 5886 38
6414 5886 41
6414 5886 50
6414 5888 19
6414 5888 18
6414 5888 22
6414 5888 29
6414 6296 11
6414 6296 27
6414 6296 57
6414 6296 56
6414 6373 53
6414 6373 2
6414 6373 15
6414 6373 39
6414 9820 42
6414 9820 32
6414 9820 46
6414 9820 6
6414 6297 4
6414 6297 26
6414 6297 55
6414 6297 29
6414 6336 37
6414 6336 7
6414 6336 25
6414 6336 18
6414 9810 28
6414 9810 43
6414 9810 19
6414 9810 34
6414 8340 48
6414 8340 42
6414 8340 51
6414 8340 7
6414 9811 0
6414 9811 17
6414 9811 19
6414 9811 8
6414 6098 51
6414 6098 13
6414 6098 58
6414 6098 53
6414 6699 7
6414 6699 10
6414 6699 19
6414 6699 54
6414 6337 39
6414 6337 37
6414 6337 11
6414 6337 53
6414 6338 18
6414 6338 30
6414 6338 23
6414 6338 13
6414 8339 30
6414 8339 59
6414 8339 33
6414 8339 19
6414 8341 2
6414 8341 9
6414 8341 9
6414 8341 33
6414 6097 1
6414 6097 37
6414 6097 18
6414 6097 31
6414 6100 39
6414 6100 23
6414 6100 52
6414 6100 43
6414 6339 26
6414 6339 27
6414 6339 21
6414 6339 35
6414 6434 11
6414 6434 10
6414 6434 20
6414 6434 1
6414 6099 56
6414 6099 18
6414 6099 10
6414 6099 13
6414 7407 6
6414 7407 25
6414 7407 14
6414 7407 36
6414 9812 46
6414 9812 18
6414 9812 5
6414 9812 44
6414 5969 20
6414 5969 5
6414 5969 26
6414 5969 34
6414 7406 23
6414 7406 42
6414 7406 0
6414 7406 36
6414 7405 8
6414 7405 33
6414 7405 34
6414 7405 22
6414 7414 49
6414 7414 11
6414 7414 43
6414 7414 14
6414 7423 37
6414 7423 48
6414 7423 36
6414 7423 12
6414 9813 10
6414 9813 52
6414 9813 24
6414 9813 57
6414 5970 51
6414 5970 44
6414 5970 7
6414 5970 23
6414 9626 29
6414 9626 56
6414 9626 48
6414 9626 55
8667 5887 18
8667 5887 9
8667 5887 60
8667 5887 20
8667 5886 58
8667 5886 43
8667 5886 4
8667 5886 5
8667 5888 21
8667 5888 7
8667 5888 47
8667 5888 27
8667 6296 7
8667 6296 27
8667 6296 56
8667 6296 17
8667 6373 24
8667 6373 10
8667 6373 23
8667 6373 4
8667 9820 15
8667 9820 50
8667 9820 33
8667 9820 29
8667 6297 22
8667 6297 16
8667 6297 1
8667 6297 23
8667 6336 18
8667 6336 45
8667 6336 60
8667 6336 21
8667 9810 50
8667 9810 26
8667 9810 26
8667 9810 47
8667 8340 0
8667 8340 48
8667 8340 59
8667 8340 21
8667 9811 4
8667 9811 48
8667 9811 14
8667 9811 36
8667 6098 21
8667 6098 54
8667 6098 12
8667 6098 6
8667 6699 39
8667 6699 27
8667 6699 41
8667 6699 1
8667 6337 0
8667 6337 6
8667 6337 13
8667 6337 25
8667 6338 21
8667 6338 54
8667 6338 60
8667 6338 29
8667 8339 46
8667 8339 54
8667 8339 42
8667 8339 28
8667 8341 38
8667 8341 33
8667 8341 35
8667 8341 11
8667 6097 34
8667 6097 51
8667 6097 17
8667 6097 8
8667 6100 28
8667 6100 34
8667 6100 44
8667 6100 40
8667 6339 2
8667 6339 1
8667 6339 13
8667 6339 26
8667 6434 26
8667 6434 53
8667 6434 29
8667 6434 40
8667 6099 30
8667 6099 51
8667 6099 22
8667 6099 51
8667 7407 7
8667 7407 35
8667 7407 8
8667 7407 32
8667 9812 43
8667 9812 15
8667 9812 15
8667 9812 4
8667 5969 21
8667 5969 24
8667 5969 60
8667 5969 49
8667 7406 59
8667 7406 30
8667 7406 46
8667 7406 38
8667 7405 40
8667 7405 12
8667 7405 32
8667 7405 40
8667 7414 20
8667 7414 0
8667 7414 11
8667 7414 16
8667 7423 2
8667 7423 40
8667 7423 29
8667 7423 45
8667 9813 57
8667 9813 42
8667 9813 7
8667 9813 3
8667 5970 2
8667 5970 5
8667 5970 15
8667 5970 34
8667 9626 23
8667 9626 53
8667 9626 49
8667 9626 57
6342 5887 39
6342 5887 26
6342 5887 56
6342 5887 42
6342 5886 0
6342 5886 33
6342 5886 21
6342 5886 60
6342 5888 57
6342 5888 2
6342 5888 30
6342 5888 10
6342 6296 18
6342 6296 43
6342 6296 9
6342 6296 30
6342 6373 4
6342 6373 49
6342 6373 6
6342 6373 14
6342 9820 16
6342 9820 0
6342 9820 27
6342 9820 37
6342 6297 58
6342 6297 54
6342 6297 12
6342 6297 13
6342 6336 51
6342 6336 18
6342 6336 30
6342 6336 54
6342 9810 19
6342 9810 36
6342 9810 18
6342 9810 2
6342 8340 46
6342 8340 13
6342 8340 57
6342 8340 55
6342 9811 19
6342 9811 31
6342 9811 55
6342 9811 32
6342 6098 42
6342 6098 2
6342 6098 50
6342 6098 22
6342 6699 51
6342 6699 41
6342 6699 48
6342 6699 27
6342 6337 54
6342 6337 17
6342 6337 45
6342 6337 35
6342 6338 54
6342 6338 35
6342 6338 6
6342 6338 41
6342 8339 46
6342 8339 60
6342 8339 38
6342 8339 60
6342 8341 55
6342 8341 3
6342 8341 15
6342 8341 39
6342 6097 4
6342 6097 50
6342 6097 12
6342 6097 33
6342 6100 39
6342 6100 57
6342 6100 42
6342 6100 52
6342 6339 34
6342 6339 26
6342 6339 44
6342 6339 55
6342 6434 9
6342 6434 3
6342 6434 48
6342 6434 39
6342 6099 36
6342 6099 20
6342 6099 46
6342 6099 39
6342 7407 59
6342 7407 39
6342 7407 22
6342 7407 4
6342 9812 36
6342 9812 10
6342 9812 15
6342 9812 14
6342 5969 41
6342 5969 32
6342 5969 22
6342 5969 58
6342 7406 21
6342 7406 26
6342 7406 19
6342 7406 59
6342 7405 51
6342 7405 28
6342 7405 51
6342 7405 48
6342 7414 58
6342 7414 19
6342 7414 6
6342 7414 6
6342 7423 55
6342 7423 21
6342 7423 53
6342 7423 36
6342 9813 15
6342 9813 17
6342 9813 28
6342 9813 41
6342 5970 57
6342 5970 58
6342 5970 15
6342 5970 3
6342 9626 58
6342 9626 25
6342 9626 1
6342 9626 6
8669 5887 40
8669 5887 8
8669 5887 58
8669 5887 12
8669 5886 48
8669 5886 56
8669 5886 18
8669 5886 35
8669 5888 58
8669 5888 11
8669 5888 3
8669 5888 21
8669 6296 39
8669 6296 25
8669 6296 10
8669 6296 28
8669 6373 24
8669 6373 3
8669 6373 54
8669 6373 50
8669 9820 34
8669 9820 34
8669 9820 55
8669 9820 2
8669 6297 40
8669 6297 17
8669 6297 55
8669 6297 30
8669 6336 40
8669 6336 48
8669 6336 7
8669 6336 49
8669 9810 6
8669 9810 9
8669 9810 39
8669 9810 46
8669 8340 55
8669 8340 43
8669 8340 38
8669 8340 56
8669 9811 10
8669 9811 12
8669 9811 36
8669 9811 59
8669 6098 12
8669 6098 13
8669 6098 11
8669 6098 8
8669 6699 58
8669 6699 3
8669 6699 51
8669 6699 12
8669 6337 17
8669 6337 22
8669 6337 43
8669 6337 38
8669 6338 34
8669 6338 10
8669 6338 26
8669 6338 44
8669 8339 31
8669 8339 47
8669 8339 36
8669 8339 14
8669 8341 2
8669 8341 31
8669 8341 35
8669 8341 21
8669 6097 19
8669 6097 28
8669 6097 34
8669 6097 16
8669 6100 41
8669 6100 22
8669 6100 58
8669 6100 35
8669 6339 42
8669 6339 0
8669 6339 28
8669 6339 19
8669 6434 58
8669 6434 30
8669 6434 60
8669 6434 14
8669 6099 6
8669 6099 55
8669 6099 60
8669 6099 32
8669 7407 32
8669 7407 18
8669 7407 30
8669 7407 28
8669 9812 34
8669 9812 28
8669 9812 5
8669 9812 21
8669 5969 16
8669 5969 43
8669 5969 1
8669 5969 24
8669 7406 41
8669 7406 14
8669 7406 49
8669 7406 27
8669 7405 32
8669 7405 55
8669 7405 56
8669 7405 9
8669 7414 46
8669 7414 12
8669 7414 13
8669 7414 9
8669 7423 40
8669 7423 56
8669 7423 56
8669 7423 58
8669 9813 15
8669 9813 43
8669 9813 36
8669 9813 30
8669 5970 28
8669 5970 1
8669 5970 42
8669 5970 14
8669 9626 50
8669 9626 44
8669 9626 2
8669 9626 2
8664 5887 9
8664 5887 22
8664 5887 31
8664 5887 52
8664 5886 34
8664 5886 60
8664 5886 51
8664 5886 45
8664 5888 35
8664 5888 39
8664 5888 48
8664 5888 49
8664 6296 33
8664 6296 3
8664 6296 25
8664 6296 52
8664 6373 9
8664 6373 16
8664 6373 34
8664 6373 2
8664 9820 47
8664 9820 43
8664 9820 27
8664 9820 42
8664 6297 40
8664 6297 56
8664 6297 31
8664 6297 46
8664 6336 5
8664 6336 24
8664 6336 31
8664 6336 51
8664 9810 29
8664 9810 23
8664 9810 25
8664 9810 42
8664 8340 15
8664 8340 44
8664 8340 46
8664 8340 30
8664 9811 26
8664 9811 48
8664 9811 11
8664 9811 34
8664 6098 0
8664 6098 40
8664 6098 32
8664 6098 8
8664 6699 39
8664 6699 43
8664 6699 36
8664 6699 10
8664 6337 58
8664 6337 56
8664 6337 22
8664 6337 27
8664 6338 57
8664 6338 15
8664 6338 5
8664 6338 18
8664 8339 0
8664 8339 43
8664 8339 47
8664 8339 17
8664 8341 4
8664 8341 53
8664 8341 56
8664 8341 18
8664 6097 11
8664 6097 37
8664 6097 32
8664 6097 4
8664 6100 22
8664 6100 50
8664 6100 38
8664 6100 20
8664 6339 26
8664 6339 55
8664 6339 30
8664 6339 34
8664 6434 46
8664 6434 44
8664 6434 31
8664 6434 38
8664 6099 12
8664 6099 39
8664 6099 4
8664 6099 29
8664 7407 33
8664 7407 19
8664 7407 14
8664 7407 38
8664 9812 6
8664 9812 28
8664 9812 52
8664 9812 20
8664 5969 14
8664 5969 55
8664 5969 45
8664 5969 10
8664 7406 19
8664 7406 48
8664 7406 17
8664 7406 46
8664 7405 26
8664 7405 39
8664 7405 13
8664 7405 16
8664 7414 56
8664 7414 10
8664 7414 27
8664 7414 25
8664 7423 56
8664 7423 19
8664 7423 19
8664 7423 48
8664 9813 47
8664 9813 31
8664 9813 60
8664 9813 5
8664 5970 58
8664 5970 39
8664 5970 31
8664 5970 49
8664 9626 49
8664 9626 45
8664 9626 55
8664 9626 47
8431 5887 29
8431 5887 34
8431 5887 51
8431 5887 38
8431 5886 53
8431 5886 50
8431 5886 30
8431 5886 56
8431 5888 9
8431 5888 26
8431 5888 2
8431 5888 34
8431 6296 2
8431 6296 10
8431 6296 29
8431 6296 18
8431 6373 23
8431 6373 26
8431 6373 40
8431 6373 56
8431 9820 27
8431 9820 26
8431 9820 18
8431 9820 45
8431 6297 53
8431 6297 1
8431 6297 52
8431 6297 31
8431 6336 20
8431 6336 44
8431 6336 43
8431 6336 32
8431 9810 33
8431 9810 32
8431 9810 31
8431 9810 39
8431 8340 59
8431 8340 30
8431 8340 33
8431 8340 30
8431 9811 38
8431 9811 37
8431 9811 41
8431 9811 10
8431 6098 59
8431 6098 45
8431 6098 58
8431 6098 31
8431 6699 31
8431 6699 12
8431 6699 49
8431 6699 35
8431 6337 35
8431 6337 26
8431 6337 44
8431 6337 32
8431 6338 4
8431 6338 49
8431 6338 57
8431 6338 16
8431 8339 2
8431 8339 44
8431 8339 46
8431 8339 25
8431 8341 35
8431 8341 41
8431 8341 42
8431 8341 58
8431 6097 40
8431 6097 48
8431 6097 9
8431 6097 2
8431 6100 57
8431 6100 27
8431 6100 0
8431 6100 32
8431 6339 1
8431 6339 20
8431 6339 60
8431 6339 43
8431 6434 28
8431 6434 35
8431 6434 1
8431 6434 20
8431 6099 22
8431 6099 22
8431 6099 58
8431 6099 58
8431 7407 4
8431 7407 56
8431 7407 27
8431 7407 55
8431 9812 42
8431 9812 15
8431 9812 59
8431 9812 57
8431 5969 11
8431 5969 41
8431 5969 4
8431 5969 5
8431 7406 49
8431 7406 45
8431 7406 25
8431 7406 54
8431 7405 23
8431 7405 2
8431 7405 44
8431 7405 1
8431 7414 56
8431 7414 60
8431 7414 38
8431 7414 34
8431 7423 19
8431 7423 33
8431 7423 1
8431 7423 4
8431 9813 50
8431 9813 51
8431 9813 4
8431 9813 38
8431 5970 57
8431 5970 60
8431 5970 11
8431 5970 18
8431 9626 8
8431 9626 29
8431 9626 2
8431 9626 10
5359 5887 21
5359 5887 51
5359 5887 17
5359 5887 41
5359 5886 27
5359 5886 57
5359 5886 30
5359 5886 17
5359 5888 32
5359 5888 33
5359 5888 30
5359 5888 18
5359 6296 44
5359 6296 20
5359 6296 3
5359 6296 17
5359 6373 11
5359 6373 53
5359 6373 4
5359 6373 16
5359 9820 45
5359 9820 37
5359 9820 48
5359 9820 17
5359 6297 43
5359 6297 28
5359 6297 48
5359 6297 9
5359 6336 12
5359 6336 42
5359 6336 13
5359 6336 49
5359 9810 47
5359 9810 40
5359 9810 34
5359 9810 56
5359 8340 60
5359 8340 9
5359 8340 45
5359 8340 31
5359 9811 0
5359 9811 6
5359 9811 7
5359 9811 12
5359 6098 0
5359 6098 52
5359 6098 17
5359 6098 7
5359 6699 13
5359 6699 52
5359 6699 39
5359 6699 40
5359 6337 48
5359 6337 42
5359 6337 50
5359 6337 27
5359 6338 27
5359 6338 45
5359 6338 6
5359 6338 35
5359 8339 26
5359 8339 8
5359 8339 0
5359 8339 9
5359 8341 24
5359 8341 50
5359 8341 6
5359 8341 2
5359 6097 36
5359 6097 53
5359 6097 35
5359 6097 46
5359 6100 1
5359 6100 48
5359 6100 12
5359 6100 27
5359 6339 22
5359 6339 58
5359 6339 10
5359 6339 6
5359 6434 10
5359 6434 41
5359 6434 49
5359 6434 29
5359 6099 15
5359 6099 25
5359 6099 56
5359 6099 47
5359 7407 4
5359 7407 50
5359 7407 2
5359 7407 13
5359 9812 55
5359 9812 57
5359 9812 59
5359 9812 43
5359 5969 59
5359 5969 53
5359 5969 8
5359 5969 2
5359 7406 53
5359 7406 45
5359 7406 2
5359 7406 59
5359 7405 19
5359 7405 0
5359 7405 56
5359 7405 46
5359 7414 18
5359 7414 36
5359 7414 55
5359 7414 1
5359 7423 4
5359 7423 58
5359 7423 14
5359 7423 59
5359 9813 26
5359 9813 2
5359 9813 59
5359 9813 14
5359 5970 24
5359 5970 34
5359 5970 33
5359 5970 29
5359 9626 18
5359 9626 13
5359 9626 50
5359 9626 30
6341 5887 43
6341 5887 6
6341 5887 18
6341 5887 14
6341 5886 0
6341 5886 54
6341 5886 22
6341 5886 34
6341 5888 9
6341 5888 51
6341 5888 59
6341 5888 38
6341 6296 48
6341 6296 52
6341 6296 17
6341 6296 14
6341 6373 13
6341 6373 50
6341 6373 39
6341 6373 43
6341 9820 11
6341 9820 31
6341 9820 38
6341 9820 41
6341 6297 50
6341 6297 21
6341 6297 25
6341 6297 37
6341 6336 18
6341 6336 12
6341 6336 9
6341 6336 31
6341 9810 57
6341 9810 9
6341 9810 9
6341 9810 36
6341 8340 3
6341 8340 3
6341 8340 23
6341 8340 54
6341 9811 39
6341 9811 2
6341 9811 41
6341 9811 13
6341 6098 44
6341 6098 26
6341 6098 0
6341 6098 22
6341 6699 57
6341 6699 48
6341 6699 8
6341 6699 58
6341 6337 59
6341 6337 9
6341 6337 53
6341 6337 37
6341 6338 31
6341 6338 1
6341 6338 42
6341 6338 43
6341 8339 17
6341 8339 40
6341 8339 19
6341 8339 6
6341 8341 27
6341 8341 52
6341 8341 27
6341 8341 30
6341 6097 37
6341 6097 15
6341 6097 16
6341 6097 52
6341 6100 2
6341 6100 11
6341 6100 9
6341 6100 56
6341 6339 27
6341 6339 39
6341 6339 55
6341 6339 49
6341 6434 50
6341 6434 27
6341 6434 54
6341 6434 53
6341 6099 13
6341 6099 45
6341 6099 50
6341 6099 26
6341 7407 9
6341 7407 21
6341 7407 50
6341 7407 53
6341 9812 59
6341 9812 39
6341 9812 46
6341 9812 43
6341 5969 28
6341 5969 34
6341 5969 41
6341 5969 2
6341 7406 19
6341 7406 27
6341 7406 45
6341 7406 49
6341 7405 6
6341 7405 49
6341 7405 30
6341 7405 48
6341 7414 50
6341 7414 9
6341 7414 3
6341 7414 36
6341 7423 47
6341 7423 46
6341 7423 22
6341 7423 59
6341 9813 34
6341 9813 38
6341 9813 0
6341 9813 54
6341 5970 23
6341 5970 11
6341 5970 35
6341 5970 19
6341 9626 45
6341 9626 19
6341 9626 53
6341 9626 46
8435 5887 33
8435 5887 47
8435 5887 15
8435 5887 45
8435 5886 9
8435 5886 50
8435 5886 50
8435 5886 55
8435 5888 49
8435 5888 8
8435 5888 32
8435 5888 46
8435 6296 32
8435 6296 26
8435 6296 15
8435 6296 20
8435 6373 16
8435 6373 52
8435 6373 57
8435 6373 20
8435 9820 21
8435 9820 21
8435 9820 20
8435 9820 45
8435 6297 59
8435 6297 54
8435 6297 38
8435 6297 21
8435 6336 46
8435 6336 31
8435 6336 52
8435 6336 35
8435 9810 6
8435 9810 55
8435 9810 51
8435 9810 21
8435 8340 19
8435 8340 31
8435 8340 22
8435 8340 29
8435 9811 60
8435 9811 57
8435 9811 17
8435 9811 53
8435 6098 52
8435 6098 12
8435 6098 14
8435 6098 17
8435 6699 11
8435 6699 21
8435 6699 0
8435 6699 33
8435 6337 55
8435 6337 56
8435 6337 51
8435 6337 55
8435 6338 26
8435 6338 32
8435 6338 52
8435 6338 44
8435 8339 7
8435 8339 31
8435 8339 9
8435 8339 38
8435 8341 43
8435 8341 23
8435 8341 35
8435 8341 5
8435 6097 36
8435 6097 40
8435 6097 6
8435 6097 17
8435 6100 22
8435 6100 57
8435 6100 45
8435 6100 39
8435 6339 45
8435 6339 38
8435 6339 39
8435 6339 0
8435 6434 52
8435 6434 35
8435 6434 47
8435 6434 60
8435 6099 33
8435 6099 33
8435 6099 47
8435 6099 7
8435 7407 14
8435 7407 3
8435 7407 36
8435 7407 43
8435 9812 39
8435 9812 52
8435 9812 43
8435 9812 15
8435 5969 34
8435 5969 48
8435 5969 26
8435 5969 5
8435 7406 7
8435 7406 18
8435 7406 49
8435 7406 20
8435 7405 57
8435 7405 6
8435 7405 21
8435 7405 56
8435 7414 3
8435 7414 52
8435 7414 34
8435 7414 56
8435 7423 24
8435 7423 59
8435 7423 32
8435 7423 26
8435 9813 42
8435 9813 51
8435 9813 12
8435 9813 17
8435 5970 36
8435 5970 48
8435 5970 11
8435 5970 24
8435 9626 41
8435 9626 7
8435 9626 14
8435 9626 43
8436 5887 21
8436 5887 13
8436 5887 58
8436 5887 12
8436 5886 47
8436 5886 42
8436 5886 46
8436 5886 28
8436 5888 34
8436 5888 34
8436 5888 52
8436 5888 41
8436 6296 35
8436 6296 8
8436 6296 55
8436 6296 41
8436 6373 4
8436 6373 50
8436 6373 10
8436 6373 60
8436 9820 14
8436 9820 20
8436 9820 1
8436 9820 44
8436 6297 19
8436 6297 4
8436 6297 26
8436 6297 51
8436 6336 21
8436 6336 21
8436 6336 23
8436 6336 56
8436 9810 5
8436 9810 48
8436 9810 14
8436 9810 39
8436 8340 38
8436 8340 47
8436 8340 43
8436 8340 59
8436 9811 31
8436 9811 40
8436 9811 24
8436 9811 25
8436 6098 40
8436 6098 39
8436 6098 52
8436 6098 43
8436 6699 22
8436 6699 43
8436 6699 57
8436 6699 59
8436 6337 53
8436 6337 25
8436 6337 36
8436 6337 54
8436 6338 10
8436 6338 20
8436 6338 35
8436 6338 34
8436 8339 39
8436 8339 49
8436 8339 10
8436 8339 25
8436 8341 10
8436 8341 34
8436 8341 46
8436 8341 36
8436 6097 51
8436 6097 4
8436 6097 43
8436 6097 21
8436 6100 1
8436 6100 5
8436 6100 44
8436 6100 1
8436 6339 53
8436 6339 22
8436 6339 34
8436 6339 38
8436 6434 59
8436 6434 22
8436 6434 59
8436 6434 6
8436 6099 35
8436 6099 41
8436 6099 52
8436 6099 19
8436 7407 34
8436 7407 5
8436 7407 40
8436 7407 40
8436 9812 53
8436 9812 38
8436 9812 49
8436 9812 29
8436 5969 10
8436 5969 30
8436 5969 8
8436 5969 23
8436 7406 45
8436 7406 29
8436 7406 40
8436 7406 1
8436 7405 34
8436 7405 22
8436 7405 38
8436 7405 21
8436 7414 52
8436 7414 50
8436 7414 43
8436 7414 36
8436 7423 59
8436 7423 7
8436 7423 45
8436 7423 1
8436 9813 1
8436 9813 37
8436 9813 54
8436 9813 52
8436 5970 38
8436 5970 31
8436 5970 53
8436 5970 14
8436 9626 52
8436 9626 12
8436 9626 27
8436 9626 1
6415 5887 41
6415 5887 22
6415 5887 56
6415 5887 26
6415 5886 1
6415 5886 43
6415 5886 57
6415 5886 52
6415 5888 3
6415 5888 53
6415 5888 27
6415 5888 58
6415 6296 43
6415 6296 11
6415 6296 58
6415 6296 8
6415 6373 38
6415 6373 18
6415 6373 9
6415 6373 9
6415 9820 57
6415 9820 3
6415 9820 47
6415 9820 14
6415 6297 49
6415 6297 7
6415 6297 55
6415 6297 17
6415 6336 24
6415 6336 1
6415 6336 59
6415 6336 19
6415 9810 45
6415 9810 0
6415 9810 14
6415 9810 37
6415 8340 32
6415 8340 14
6415 8340 16
6415 8340 56
6415 9811 51
6415 9811 12
6415 9811 39
6415 9811 14
6415 6098 52
6415 6098 22
6415 6098 21
6415 6098 31
6415 6699 21
6415 6699 28
6415 6699 31
6415 6699 11
6415 6337 23
6415 6337 59
6415 6337 32
6415 6337 33
6415 6338 34
6415 6338 46
6415 6338 45
6415 6338 33
6415 8339 33
6415 8339 11
6415 8339 10
6415 8339 50
6415 8341 19
6415 8341 25
6415 8341 29
6415 8341 25
6415 6097 30
6415 6097 45
6415 6097 26
6415 6097 17
6415 6100 32
6415 6100 21
6415 6100 21
6415 6100 7
6415 6339 39
6415 6339 20
6415 6339 35
6415 6339 60
6415 6434 7
6415 6434 49
6415 6434 24
6415 6434 32
6415 6099 7
6415 6099 37
6415 6099 60
6415 6099 56
6415 7407 4
6415 7407 10
6415 7407 57
6415 7407 43
6415 9812 4
6415 9812 24
6415 9812 46
6415 9812 23
6415 5969 47
6415 5969 35
6415 5969 4
6415 5969 51
6415 7406 32
6415 7406 0
6415 7406 42
6415 7406 18
6415 7405 37
6415 7405 47
6415 7405 16
6415 7405 51
6415 7414 52
6415 7414 21
6415 7414 29
6415 7414 5
6415 7423 27
6415 7423 53
6415 7423 48
6415 7423 19
6415 9813 2
6415 9813 3
6415 9813 53
6415 9813 2
6415 5970 28
6415 5970 54
6415 5970 18
6415 5970 54
6415 9626 22
6415 9626 57
6415 9626 6
6415 9626 28
8666 5887 40
8666 5887 5
8666 5887 40
8666 5887 33
8666 5886 10
8666 5886 42
8666 5886 1
8666 5886 28
8666 5888 24
8666 5888 15
8666 5888 6
8666 5888 58
8666 6296 48
8666 6296 22
8666 6296 6
8666 6296 35
8666 6373 0
8666 6373 55
8666 6373 46
8666 6373 41
8666 9820 3
8666 9820 23
8666 9820 14
8666 9820 18
8666 6297 9
8666 6297 59
8666 6297 14
8666 6297 24
8666 6336 12
8666 6336 45
8666 6336 32
8666 6336 2
8666 9810 43
8666 9810 40
8666 9810 60
8666 9810 42
8666 8340 0
8666 8340 6
8666 8340 55
8666 8340 56
8666 9811 9
8666 9811 9
8666 9811 13
8666 9811 30
8666 6098 12
8666 6098 36
8666 6098 47
8666 6098 31
8666 6699 24
8666 6699 37
8666 6699 6
8666 6699 17
8666 6337 34
8666 6337 28
8666 6337 4
8666 6337 14
8666 6338 44
8666 6338 53
8666 6338 1
8666 6338 26
8666 8339 33
8666 8339 53
8666 8339 59
8666 8339 3
8666 8341 2
8666 8341 26
8666 8341 57
8666 8341 23
8666 6097 2
8666 6097 37
8666 6097 47
8666 6097 9
8666 6100 56
8666 6100 17
8666 6100 42
8666 6100 2
8666 6339 43
8666 6339 43
8666 6339 36
8666 6339 17
8666 6434 21
8666 6434 1
8666 6434 54
8666 6434 27
8666 6099 45
8666 6099 58
8666 6099 43
8666 6099 12
8666 7407 43
8666 7407 27
8666 7407 19
8666 7407 22
8666 9812 26
8666 9812 28
8666 9812 7
8666 9812 19
8666 5969 15
8666 5969 26
8666 5969 9
8666 5969 33
8666 7406 24
8666 7406 60
8666 7406 22
8666 7406 4
8666 7405 27
8666 7405 32
8666 7405 8
8666 7405 54
8666 7414 42
8666 7414 49
8666 7414 2
8666 7414 10
8666 7423 24
8666 7423 20
8666 7423 44
8666 7423 53
8666 9813 13
8666 9813 57
8666 9813 9
8666 9813 56
8666 5970 50
8666 5970 1
8666 5970 5
8666 5970 44
8666 9626 30
8666 9626 7
8666 9626 17
8666 9626 57
6343 5887 32
6343 5887 44
6343 5887 58
6343 5887 48
6343 5886 28
6343 5886 33
6343 5886 32
6343 5886 35
6343 5888 37
6343 5888 28
6343 5888 6
6343 5888 50
6343 6296 7
6343 6296 0
6343 6296 20
6343 6296 59
6343 6373 31
6343 6373 11
6343 6373 6
6343 6373 18
6343 9820 37
6343 9820 33
6343 9820 57
6343 9820 5
6343 6297 2
6343 6297 3
6343 6297 49
6343 6297 52
6343 6336 1
6343 6336 57
6343 6336 15
6343 6336 27
6343 9810 56
6343 9810 24
6343 9810 47
6343 9810 43
6343 8340 12
6343 8340 38
6343 8340 45
6343 8340 33
6343 9811 17
6343 9811 55
6343 9811 36
6343 9811 56
6343 6098 23
6343 6098 20
6343 6098 45
6343 6098 45
6343 6699 11
6343 6699 30
6343 6699 58
6343 6699 30
6343 6337 9
6343 6337 22
6343 6337 43
6343 6337 21
6343 6338 15
6343 6338 15
6343 6338 53
6343 6338 21
6343 8339 17
6343 8339 54
6343 8339 28
6343 8339 10
6343 8341 13
6343 8341 21
6343 8341 39
6343 8341 60
6343 6097 20
6343 6097 57
6343 6097 46
6343 6097 47
6343 6100 48
6343 6100 32
6343 6100 35
6343 6100 9
6343 6339 59
6343 6339 54
6343 6339 59
6343 6339 42
6343 6434 51
6343 6434 28
6343 6434 33
6343 6434 47
6343 6099 13
6343 6099 17
6343 6099 38
6343 6099 57
6343 7407 16
6343 7407 15
6343 7407 37
6343 7407 3
6343 9812 32
6343 9812 21
6343 9812 25
6343 9812 13
6343 5969 17
6343 5969 43
6343 5969 44
6343 5969 35
6343 7406 13
6343 7406 44
6343 7406 11
6343 7406 24
6343 7405 3
6343 7405 41
6343 7405 49
6343 7405 32
6343 7414 5
6343 7414 39
6343 7414 20
6343 7414 29
6343 7423 21
6343 7423 8
6343 7423 52
6343 7423 29
6343 9813 55
6343 9813 28
6343 9813 37
6343 9813 44
6343 5970 22
6343 5970 29
6343 5970 31
6343 5970 40
6343 9626 22
6343 9626 39
6343 9626 37
6343 9626 37
8672 5887 36
8672 5887 41
8672 5887 20
8672 5887 35
8672 5886 56
8672 5886 21
8672 5886 2
8672 5886 5
8672 5888 11
8672 5888 45
8672 5888 58
8672 5888 13
8672 6296 37
8672 6296 19
8672 6296 12
8672 6296 51
8672 6373 47
8672 6373 5
8672 6373 55
8672 6373 57
8672 9820 40
8672 9820 50
8672 9820 5
8672 9820 40
8672 6297 0
8672 6297 15
8672 6297 18
8672 6297 52
8672 6336 44
8672 6336 50
8672 6336 51
8672 6336 14
8672 9810 53
8672 9810 7
8672 9810 35
8672 9810 40
8672 8340 53
8672 8340 17
8672 8340 4
8672 8340 5
8672 9811 22
8672 9811 51
8672 9811 16
8672 9811 56
8672 6098 51
8672 6098 55
8672 6098 0
8672 6098 2
8672 6699 18
8672 6699 8
8672 6699 51
8672 6699 57
8672 6337 47
8672 6337 12
8672 6337 23
8672 6337 36
8672 6338 57
8672 6338 53
8672 6338 2
8672 6338 26
8672 8339 49
8672 8339 6
8672 8339 52
8672 8339 13
8672 8341 40
8672 8341 53
8672 8341 34
8672 8341 39
8672 6097 12
8672 6097 50
8672 6097 16
8672 6097 58
8672 6100 51
8672 6100 49
8672 6100 16
8672 6100 47
8672 6339 16
8672 6339 33
8672 6339 1
8672 6339 26
8672 6434 26
8672 6434 40
8672 6434 59
8672 6434 59
8672 6099 27
8672 6099 46
8672 6099 12
8672 6099 11
8672 7407 38
8672 7407 35
8672 7407 55
8672 7407 7
8672 9812 9
8672 9812 2
8672 9812 45
8672 9812 28
8672 5969 7
8672 5969 51
8672 5969 37
8672 5969 0
8672 7406 4
8672 7406 30
8672 7406 55
8672 7406 34
8672 7405 44
8672 7405 15
8672 7405 59
8672 7405 28
8672 7414 35
8672 7414 47
8672 7414 54
8672 7414 50
8672 7423 32
8672 7423 50
8672 7423 48
8672 7423 29
8672 9813 40
8672 9813 46
8672 9813 14
8672 9813 9
8672 5970 11
8672 5970 58
8672 5970 29
8672 5970 0
8672 9626 0
8672 9626 25
8672 9626 60
8672 9626 50
8668 5887 25
8668 5887 58
8668 5887 48
8668 5887 10
8668 5886 34
8668 5886 39
8668 5886 38
8668 5886 27
8668 5888 13
8668 5888 39
8668 5888 48
8668 5888 51
8668 6296 11
8668 6296 49
8668 6296 7
8668 6296 46
8668 6373 51
8668 6373 19
8668 6373 47
8668 6373 4
8668 9820 25
8668 9820 34
8668 9820 46
8668 9820 53
8668 6297 38
8668 6297 23
8668 6297 59
8668 6297 24
8668 6336 6
8668 6336 56
8668 6336 47
8668 6336 28
8668 9810 59
8668 9810 36
8668 9810 36
8668 9810 31
8668 8340 55
8668 8340 57
8668 8340 57
8668 8340 52
8668 9811 29
8668 9811 39
8668 9811 48
8668 9811 56
8668 6098 59
8668 6098 42
8668 6098 43
8668 6098 49
8668 6699 3
8668 6699 36
8668 6699 25
8668 6699 36
8668 6337 6
8668 6337 9
8668 6337 27
8668 6337 11
8668 6338 31
8668 6338 31
8668 6338 52
8668 6338 36
8668 8339 44
8668 8339 9
8668 8339 30
8668 8339 58
8668 8341 42
8668 8341 10
8668 8341 31
8668 8341 12
8668 6097 31
8668 6097 26
8668 6097 40
8668 6097 21
8668 6100 8
8668 6100 22
8668 6100 26
8668 6100 22
8668 6339 58
8668 6339 27
8668 6339 32
8668 6339 22
8668 6434 24
8668 6434 20
8668 6434 6
8668 6434 23
8668 6099 58
8668 6099 40
8668 6099 39
8668 6099 55
8668 7407 15
8668 7407 40
8668 7407 29
8668 7407 44
8668 9812 59
8668 9812 2
8668 9812 45
8668 9812 23
8668 5969 54
8668 5969 32
8668 5969 42
8668 5969 52
8668 7406 31
8668 7406 58
8668 7406 32
8668 7406 9
8668 7405 31
8668 7405 26
8668 7405 37
8668 7405 17
8668 7414 24
8668 7414 35
8668 7414 23
8668 7414 46
8668 7423 41
8668 7423 12
8668 7423 50
8668 7423 43
8668 9813 25
8668 9813 7
8668 9813 14
8668 9813 28
8668 5970 20
8668 5970 55
8668 5970 1
8668 5970 13
8668 9626 49
8668 9626 36
8668 9626 18
8668 9626 31
8671 5887 41
8671 5887 58
8671 5887 26
8671 5887 37
8671 5886 39
8671 5886 43
8671 5886 43
8671 5886 53
8671 5888 7
8671 5888 32
8671 5888 20
8671 5888 29
8671 6296 53
8671 6296 41
8671 6296 23
8671 6296 42
8671 6373 26
8671 6373 32
8671 6373 2
8671 6373 33
8671 9820 3
8671 9820 59
8671 9820 11
8671 9820 22
8671 6297 22
8671 6297 41
8671 6297 28
8671 6297 39
8671 6336 53
8671 6336 41
8671 6336 4
8671 6336 57
8671 9810 46
8671 9810 47
8671 9810 29
8671 9810 7
8671 8340 31
8671 8340 7
8671 8340 30
8671 8340 36
8671 9811 15
8671 9811 34
8671 9811 43
8671 9811 1
8671 6098 39
8671 6098 47
8671 6098 41
8671 6098 58
8671 6699 46
8671 6699 8
8671 6699 13
8671 6699 44
8671 6337 21
8671 6337 12
8671 6337 9
8671 6337 53
8671 6338 42
8671 6338 11
8671 6338 41
8671 6338 16
8671 8339 21
8671 8339 9
8671 8339 27
8671 8339 53
8671 8341 15
8671 8341 10
8671 8341 7
8671 8341 29
8671 6097 42
8671 6097 46
8671 6097 55
8671 6097 45
8671 6100 44
8671 6100 2
8671 6100 52
8671 6100 15
8671 6339 57
8671 6339 35
8671 6339 48
8671 6339 12
8671 6434 27
8671 6434 31
8671 6434 52
8671 6434 21
8671 6099 41
8671 6099 13
8671 6099 14
8671 6099 58
8671 7407 8
8671 7407 22
8671 7407 28
8671 7407 52
8671 9812 20
8671 9812 35
8671 9812 0
8671 9812 56
8671 5969 34
8671 5969 3
8671 5969 14
8671 5969 46
8671 7406 41
8671 7406 24
8671 7406 34
8671 7406 49
8671 7405 30
8671 7405 53
8671 7405 24
8671 7405 51
8671 7414 35
8671 7414 12
8671 7414 17
8671 7414 4
8671 7423 30
8671 7423 35
8671 7423 19
8671 7423 59
8671 9813 24
8671 9813 34
8671 9813 28
8671 9813 25
8671 5970 56
8671 5970 25
8671 5970 7
8671 5970 51
8671 9626 40
8671 9626 9
8671 9626 21
8671 9626 3
8663 5887 49
8663 5887 17
8663 5887 5
8663 5887 37
8663 5886 11
8663 5886 60
8663 5886 53
8663 5886 19
8663 5888 13
8663 5888 2
8663 5888 30
8663 5888 38
8663 6296 41
8663 6296 3
8663 6296 2
8663 6296 38
8663 6373 8
8663 6373 18
8663 6373 21
8663 6373 52
8663 9820 55
8663 9820 16
8663 9820 17
8663 9820 8
8663 6297 20
8663 6297 38
8663 6297 31
8663 6297 9
8663 6336 0
8663 6336 54
8663 6336 42
8663 6336 2
8663 9810 42
8663 9810 51
8663 9810 17
8663 9810 6
8663 8340 16
8663 8340 27
8663 8340 7
8663 8340 9
8663 9811 10
8663 9811 19
8663 9811 26
8663 9811 55
8663 6098 54
8663 6098 50
8663 6098 52
8663 6098 11
8663 6699 32
8663 6699 27
8663 6699 7
8663 6699 58
8663 6337 4
8663 6337 43
8663 6337 53
8663 6337 31
8663 6338 43
8663 6338 2
8663 6338 8
8663 6338 28
8663 8339 3
8663 8339 30
8663 8339 53
8663 8339 0
8663 8341 43
8663 8341 22
8663 8341 58
8663 8341 0
8663 6097 45
8663 6097 7
8663 6097 10
8663 6097 52
8663 6100 19
8663 6100 11
8663 6100 22
8663 6100 14
8663 6339 42
8663 6339 34
8663 6339 51
8663 6339 30
8663 6434 36
8663 6434 3
8663 6434 21
8663 6434 8
8663 6099 51
8663 6099 17
8663 6099 27
8663 6099 4
8663 7407 17
8663 7407 52
8663 7407 57
8663 7407 10
8663 9812 50
8663 9812 48
8663 9812 31
8663 9812 41
8663 5969 10
8663 5969 57
8663 5969 57
8663 5969 51
8663 7406 1
8663 7406 36
8663 7406 45
8663 7406 26
8663 7405 8
8663 7405 14
8663 7405 16
8663 7405 38
8663 7414 9
8663 7414 37
8663 7414 16
8663 7414 54
8663 7423 56
8663 7423 48
8663 7423 12
8663 7423 11
8663 9813 28
8663 9813 27
8663 9813 31
8663 9813 29
8663 5970 33
8663 5970 25
8663 5970 13
8663 5970 44
8663 9626 4
8663 9626 34
8663 9626 57
8663 9626 24
5260 5887 44
5260 5887 43
5260 5887 30
5260 5887 18
5260 5886 5
5260 5886 45
5260 5886 12
5260 5886 33
5260 5888 38
5260 5888 46
5260 5888 27
5260 5888 34
5260 6296 46
5260 6296 6
5260 6296 21
5260 6296 14
5260 6373 5
5260 6373 19
5260 6373 45
5260 6373 28
5260 9820 38
5260 9820 52
5260 9820 20
5260 9820 15
5260 6297 44
5260 6297 57
5260 6297 34
5260 6297 16
5260 6336 27
5260 6336 28
5260 6336 44
5260 6336 14
5260 9810 25
5260 9810 57
5260 9810 50
5260 9810 58
5260 8340 12
5260 8340 11
5260 8340 5
5260 8340 46
5260 9811 13
5260 9811 26
5260 9811 53
5260 9811 28
5260 6098 25
5260 6098 7
5260 6098 44
5260 6098 22
5260 6699 2
5260 6699 38
5260 6699 54
5260 6699 8
5260 6337 56
5260 6337 22
5260 6337 25
5260 6337 53
5260 6338 26
5260 6338 52
5260 6338 46
5260 6338 4
5260 8339 4
5260 8339 44
5260 8339 60
5260 8339 9
5260 8341 41
5260 8341 41
5260 8341 10
5260 8341 28
5260 6097 14
5260 6097 4
5260 6097 42
5260 6097 48
5260 6100 37
5260 6100 33
5260 6100 36
5260 6100 45
5260 6339 7
5260 6339 41
5260 6339 46
5260 6339 52
5260 6434 2
5260 6434 2
5260 6434 50
5260 6434 12
5260 6099 30
5260 6099 25
5260 6099 57
5260 6099 53
5260 7407 9
5260 7407 5
5260 7407 5
5260 7407 1
5260 9812 48
5260 9812 23
5260 9812 23
5260 9812 20
5260 5969 33
5260 5969 49
5260 5969 42
5260 5969 50
5260 7406 1
5260 7406 37
5260 7406 4
5260 7406 50
5260 7405 2
5260 7405 0
5260 7405 0
5260 7405 51
5260 7414 20
5260 7414 53
5260 7414 33
5260 7414 13
5260 7423 1
5260 7423 21
5260 7423 49
5260 7423 39
5260 9813 33
5260 9813 51
5260 9813 39
5260 9813 55
5260 5970 16
5260 5970 33
5260 5970 39
5260 5970 59
5260 9626 39
5260 9626 10
5260 9626 44
5260 9626 53
5358 5887 33
5358 5887 22
5358 5887 35
5358 5887 7
5358 5886 18
5358 5886 42
5358 5886 58
5358 5886 46
5358 5888 42
5358 5888 23
5358 5888 17
5358 5888 12
5358 6296 2
5358 6296 57
5358 6296 4
5358 6296 30
5358 6373 55
5358 6373 30
5358 6373 1
5358 6373 6
5358 9820 25
5358 9820 40
5358 9820 31
5358 9820 21
5358 6297 10
5358 6297 20
5358 6297 57
5358 6297 48
5358 6336 43
5358 6336 0
5358 6336 41
5358 6336 60
5358 9810 19
5358 9810 58
5358 9810 28
5358 9810 12
5358 8340 2
5358 8340 2
5358 8340 53
5358 8340 14
5358 9811 13
5358 9811 45
5358 9811 56
5358 9811 49
5358 6098 30
5358 6098 51
5358 6098 13
5358 6098 59
5358 6699 49
5358 6699 5
5358 6699 39
5358 6699 6
5358 6337 6
5358 6337 4
5358 6337 18
5358 6337 16
5358 6338 45
5358 6338 23
5358 6338 12
5358 6338 54
5358 8339 52
5358 8339 49
5358 8339 33
5358 8339 15
5358 8341 11
5358 8341 24
5358 8341 46
5358 8341 59
5358 6097 9
5358 6097 52
5358 6097 21
5358 6097 11
5358 6100 59
5358 6100 11
5358 6100 5
5358 6100 12
5358 6339 9
5358 6339 48
5358 6339 31
5358 6339 57
5358 6434 22
5358 6434 7
5358 6434 55
5358 6434 32
5358 6099 9
5358 6099 32
5358 6099 10
5358 6099 43
5358 7407 0
5358 7407 19
5358 7407 32
5358 7407 20
5358 9812 49
5358 9812 58
5358 9812 12
5358 9812 23
5358 5969 56
5358 5969 35
5358 5969 29
5358 5969 46
5358 7406 20
5358 7406 6
5358 7406 42
5358 7406 7
5358 7405 56
5358 7405 0
5358 7405 28
5358 7405 23
5358 7414 34
5358 7414 33
5358 7414 27
5358 7414 50
5358 7423 38
5358 7423 21
5358 7423 34
5358 7423 16
5358 9813 50
5358 9813 10
5358 9813 49
5358 9813 3
5358 5970 6
5358 5970 29
5358 5970 7
5358 5970 52
5358 9626 56
5358 9626 5
5358 9626 11
5358 9626 56
5357 5887 6
5357 5887 10
5357 5887 37
5357 5887 15
5357 5886 17
5357 5886 17
5357 5886 57
5357 5886 46
5357 5888 17
5357 5888 32
5357 5888 39
5357 5888 21
5357 6296 2
5357 6296 45
5357 6296 38
5357 6296 46
5357 6373 16
5357 6373 26
5357 6373 1
5357 6373 31
5357 9820 9
5357 9820 0
5357 9820 8
5357 9820 7
5357 6297 37
5357 6297 41
5357 6297 27
5357 6297 10
5357 6336 42
5357 6336 8
5357 6336 54
5357 6336 20
5357 9810 49
5357 9810 45
5357 9810 13
5357 9810 26
5357 8340 46
5357 8340 36
5357 8340 41
5357 8340 24
5357 9811 0
5357 9811 1
5357 9811 0
5357 9811 30
5357 6098 8
5357 6098 17
5357 6098 48
5357 6098 44
5357 6699 14
5357 6699 6
5357 6699 49
5357 6699 57
5357 6337 6
5357 6337 19
5357 6337 15
5357 6337 22
5357 6338 25
5357 6338 39
5357 6338 4
5357 6338 51
5357 8339 34
5357 8339 55
5357 8339 54
5357 8339 59
5357 8341 31
5357 8341 12
5357 8341 4
5357 8341 24
5357 6097 23
5357 6097 23
5357 6097 6
5357 6097 48
5357 6100 40
5357 6100 33
5357 6100 33
5357 6100 24
5357 6339 28
5357 6339 9
5357 6339 44
5357 6339 33
5357 6434 10
5357 6434 19
5357 6434 21
5357 6434 33
5357 6099 39
5357 6099 47
5357 6099 53
5357 6099 7
5357 7407 52
5357 7407 56
5357 7407 5
5357 7407 28
5357 9812 24
5357 9812 14
5357 9812 7
5357 9812 27
5357 5969 21
5357 5969 12
5357 5969 5
5357 5969 1
5357 7406 51
5357 7406 20
5357 7406 24
5357 7406 40
5357 7405 52
5357 7405 16
5357 7405 26
5357 7405 27
5357 7414 60
5357 7414 15
5357 7414 22
5357 7414 13
5357 7423 8
5357 7423 19
5357 7423 4
5357 7423 6
5357 9813 23
5357 9813 49
5357 9813 57
5357 9813 6
5357 5970 54
5357 5970 30
5357 5970 39
5357 5970 49
5357 9626 56
5357 9626 18
5357 9626 12
5357 9626 53
6389 5887 54
6389 5887 55
6389 5887 47
6389 5887 23
6389 5886 39
6389 5886 43
6389 5886 20
6389 5886 44
6389 5888 28
6389 5888 49
6389 5888 55
6389 5888 36
6389 6296 44
6389 6296 4
6389 6296 29
6389 6296 27
6389 6373 24
6389 6373 45
6389 6373 14
6389 6373 49
6389 9820 38
6389 9820 12
6389 9820 60
6389 9820 52
6389 6297 23
6389 6297 57
6389 6297 57
6389 6297 13
6389 6336 34
6389 6336 10
6389 6336 5
6389 6336 2
6389 9810 54
6389 9810 45
6389 9810 11
6389 9810 28
6389 8340 48
6389 8340 17
6389 8340 27
6389 8340 23
6389 9811 19
6389 9811 60
6389 9811 46
6389 9811 30
6389 6098 13
6389 6098 0
6389 6098 53
6389 6098 5
6389 6699 22
6389 6699 43
6389 6699 37
6389 6699 27
6389 6337 55
6389 6337 39
6389 6337 7
6389 6337 56
6389 6338 40
6389 6338 19
6389 6338 35
6389 6338 15
6389 8339 37
6389 8339 31
6389 8339 1
6389 8339 0
6389 8341 23
6389 8341 13
6389 8341 49
6389 8341 13
6389 6097 60
6389 6097 54
6389 6097 45
6389 6097 19
6389 6100 9
6389 6100 55
6389 6100 51
6389 6100 41
6389 6339 34
6389 6339 59
6389 6339 13
6389 6339 44
6389 6434 59
6389 6434 27
6389 6434 50
6389 6434 9
6389 6099 10
6389 6099 12
6389 6099 39
6389 6099 49
6389 7407 28
6389 7407 53
6389 7407 17
6389 7407 15
6389 9812 28
6389 9812 49
6389 9812 33
6389 9812 27
6389 5969 24
6389 5969 36
6389 5969 30
6389 5969 5
6389 7406 28
6389 7406 7
6389 7406 8
6389 7406 43
6389 7405 20
6389 7405 15
6389 7405 49
6389 7405 1
6389 7414 0
6389 7414 48
6389 7414 4
6389 7414 14
6389 7423 37
6389 7423 37
6389 7423 33
6389 7423 1
6389 9813 53
6389 9813 37
6389 9813 54
6389 9813 56
6389 5970 30
6389 5970 35
6389 5970 21
6389 5970 17
6389 9626 30
6389 9626 23
6389 9626 51
6389 9626 59
6547 5887 36
6547 5887 29
6547 5887 12
6547 5887 5
6547 5886 41
6547 5886 57
6547 5886 23
6547 5886 53
6547 5888 6
6547 5888 21
6547 5888 49
6547 5888 4
6547 6296 18
6547 6296 44
6547 6296 54
6547 6296 11
6547 6373 34
6547 6373 29
6547 6373 7
6547 6373 37
6547 9820 11
6547 9820 10
6547 9820 51
6547 9820 56
6547 6297 59
6547 6297 14
6547 6297 48
6547 6297 27
6547 6336 47
6547 6336 1
6547 6336 52
6547 6336 57
6547 9810 24
6547 9810 24
6547 9810 4
6547 9810 18
6547 8340 13
6547 8340 36
6547 8340 0
6547 8340 45
6547 9811 58
6547 9811 56
6547 9811 4
6547 9811 11
6547 6098 10
6547 6098 7
6547 6098 56
6547 6098 54
6547 6699 9
6547 6699 10
6547 6699 0
6547 6699 44
6547 6337 35
6547 6337 22
6547 6337 39
6547 6337 5
6547 6338 22
6547 6338 26
6547 6338 52
6547 6338 20
6547 8339 31
6547 8339 40
6547 8339 21
6547 8339 28
6547 8341 53
6547 8341 17
6547 8341 50
6547 8341 9
6547 6097 30
6547 6097 30
6547 6097 19
6547 6097 36
6547 6100 1
6547 6100 5
6547 6100 55
6547 6100 8
6547 6339 28
6547 6339 59
6547 6339 42
6547 6339 17
6547 6434 35
6547 6434 17
6547 6434 17
6547 6434 48
6547 6099 33
6547 6099 49
6547 6099 29
6547 6099 6
6547 7407 26
6547 7407 39
6547 7407 15
6547 7407 59
6547 9812 1
6547 9812 29
6547 9812 49
6547 9812 7
6547 5969 45
6547 5969 59
6547 5969 35
6547 5969 22
6547 7406 23
6547 7406 48
6547 7406 22
6547 7406 5
6547 7405 10
6547 7405 12
6547 7405 2
6547 7405 17
6547 7414 8
6547 7414 52
6547 7414 40
6547 7414 12
6547 7423 11
6547 7423 43
6547 7423 35
6547 7423 8
6547 9813 6
6547 9813 35
6547 9813 34
6547 9813 0
6547 5970 22
6547 5970 6
6547 5970 14
6547 5970 40
6547 9626 41
6547 9626 5
6547 9626 42
6547 9626 60
8437 5887 1
8437 5887 6
8437 5887 28
8437 5887 26
8437 5886 41
8437 5886 33
8437 5886 47
8437 5886 25
8437 5888 22
8437 5888 45
8437 5888 7
8437 5888 59
8437 6296 0
8437 6296 19
8437 6296 27
8437 6296 47
8437 6373 53
8437 6373 59
8437 6373 17
8437 6373 49
8437 9820 25
8437 9820 39
8437 9820 49
8437 9820 39
8437 6297 54
8437 6297 24
8437 6297 7
8437 6297 4
8437 6336 56
8437 6336 11
8437 6336 2
8437 6336 55
8437 9810 39
8437 9810 49
8437 9810 12
8437 9810 10
8437 8340 0
8437 8340 58
8437 8340 35
8437 8340 29
8437 9811 20
8437 9811 17
8437 9811 57
8437 9811 55
8437 6098 52
8437 6098 46
8437 6098 54
8437 6098 32
8437 6699 19
8437 6699 54
8437 6699 31
8437 6699 29
8437 6337 37
8437 6337 42
8437 6337 45
8437 6337 1
8437 6338 18
8437 6338 2
8437 6338 32
8437 6338 43
8437 8339 47
8437 8339 12
8437 8339 6
8437 8339 17
8437 8341 41
8437 8341 22
8437 8341 21
8437 8341 10
8437 6097 53
8437 6097 21
8437 6097 30
8437 6097 11
8437 6100 15
8437 6100 46
8437 6100 16
8437 6100 56
8437 6339 10
8437 6339 5
8437 6339 58
8437 6339 22
8437 6434 26
8437 6434 20
8437 6434 53
8437 6434 9
8437 6099 34
8437 6099 19
8437 6099 45
8437 6099 39
8437 7407 48
8437 7407 17
8437 7407 56
8437 7407 57
8437 9812 36
8437 9812 27
8437 9812 25
8437 9812 18
8437 5969 25
8437 5969 26
8437 5969 20
8437 5969 39
8437 7406 28
8437 7406 47
8437 7406 55
8437 7406 48
8437 7405 6
8437 7405 48
8437 7405 29
8437 7405 10
8437 7414 42
8437 7414 39
8437 7414 4
8437 7414 56
8437 7423 19
8437 7423 32
8437 7423 2
8437 7423 28
8437 9813 53
8437 9813 36
8437 9813 43
8437 9813 29
8437 5970 58
8437 5970 30
8437 5970 23
8437 5970 55
8437 9626 35
8437 9626 5
8437 9626 41
8437 9626 5
5365 5887 40
5365 5887 52
5365 5887 42
5365 5887 36
5365 5886 9
5365 5886 10
5365 5886 44
5365 5886 35
5365 5888 49
5365 5888 37
5365 5888 42
5365 5888 27
5365 6296 29
5365 6296 55
5365 6296 56
5365 6296 21
5365 6373 42
5365 6373 31
5365 6373 37
5365 6373 30
5365 9820 2
5365 9820 47
5365 9820 15
5365 9820 2
5365 6297 11
5365 6297 35
5365 6297 4
5365 6297 54
5365 6336 35
5365 6336 0
5365 6336 22
5365 6336 24
5365 9810 14
5365 9810 58
5365 9810 50
5365 9810 24
5365 8340 50
5365 8340 59
5365 8340 24
5365 8340 37
5365 9811 38
5365 9811 10
5365 9811 43
5365 9811 46
5365 6098 52
5365 6098 57
5365 6098 2
5365 6098 27
5365 6699 21
5365 6699 26
5365 6699 53
5365 6699 25
5365 6337 43
5365 6337 51
5365 6337 38
5365 6337 29
5365 6338 44
5365 6338 48
5365 6338 23
5365 6338 37
5365 8339 26
5365 8339 48
5365 8339 2
5365 8339 59
5365 8341 6
5365 8341 40
5365 8341 9
5365 8341 51
5365 6097 5
5365 6097 49
5365 6097 38
5365 6097 29
5365 6100 3
5365 6100 50
5365 6100 39
5365 6100 50
5365 6339 13
5365 6339 41
5365 6339 38
5365 6339 16
5365 6434 55
5365 6434 30
5365 6434 48
5365 6434 40
5365 6099 15
5365 6099 39
5365 6099 29
5365 6099 55
5365 7407 1
5365 7407 2
5365 7407 54
5365 7407 48
5365 9812 16
5365 9812 42
5365 9812 56
5365 9812 10
5365 5969 21
5365 5969 12
5365 5969 30
5365 5969 52
5365 7406 37
5365 7406 26
5365 7406 22
5365 7406 15
5365 7405 2
5365 7405 7
5365 7405 0
5365 7405 16
5365 7414 8
5365 7414 47
5365 7414 1
5365 7414 7
5365 7423 19
5365 7423 21
5365 7423 9
5365 7423 54
5365 9813 15
5365 9813 60
5365 9813 51
5365 9813 33
5365 5970 30
5365 5970 22
5365 5970 53
5365 5970 7
5365 9626 24
5365 9626 52
5365 9626 21
5365 9626 0
6410 5887 0
6410 5887 37
6410 5887 35
6410 5887 60
6410 5886 15
6410 5886 26
6410 5886 49
6410 5886 58
6410 5888 23
6410 5888 22
6410 5888 50
6410 5888 9
6410 6296 11
6410 6296 37
6410 6296 46
6410 6296 18
6410 6373 13
6410 6373 36
6410 6373 43
6410 6373 52
6410 9820 17
6410 9820 6
6410 9820 57
6410 9820 32
6410 6297 8
6410 6297 23
6410 6297 29
6410 6297 21
6410 6336 55
6410 6336 5
6410 6336 58
6410 6336 49
6410 9810 55
6410 9810 17
6410 9810 27
6410 9810 44
6410 8340 9
6410 8340 58
6410 8340 12
6410 8340 8
6410 9811 6
6410 9811 9
6410 9811 25
6410 9811 16
6410 6098 31
6410 6098 15
6410 6098 60
6410 6098 26
6410 6699 59
6410 6699 45
6410 6699 43
6410 6699 25
6410 6337 31
6410 6337 26
6410 6337 50
6410 6337 6
6410 6338 39
6410 6338 19
6410 6338 50
6410 6338 1
6410 8339 28
6410 8339 7
6410 8339 23
6410 8339 16
6410 8341 36
6410 8341 59
6410 8341 40
6410 8341 37
6410 6097 16
6410 6097 58
6410 6097 33
6410 6097 18
6410 6100 16
6410 6100 13
6410 6100 6
6410 6100 39
6410 6339 26
6410 6339 2
6410 6339 48
6410 6339 19
6410 6434 30
6410 6434 43
6410 6434 32
6410 6434 43
6410 6099 1
6410 6099 44
6410 6099 22
6410 6099 27
6410 7407 1
6410 7407 51
6410 7407 27
6410 7407 24
6410 9812 35
6410 9812 33
6410 9812 43
6410 9812 29
6410 5969 22
6410 5969 6
6410 5969 45
6410 5969 60
6410 7406 43
6410 7406 33
6410 7406 0
6410 7406 26
6410 7405 31
6410 7405 26
6410 7405 44
6410 7405 38
6410 7414 28
6410 7414 7
6410 7414 14
6410 7414 13
6410 7423 1
6410 7423 56
6410 7423 25
6410 7423 52
6410 9813 6
6410 9813 31
6410 9813 19
6410 9813 13
6410 5970 10
6410 5970 5
6410 5970 59
6410 5970 33
6410 9626 44
6410 9626 0
6410 9626 32
6410 9626 33
