8172 7291 38
8172 7291 27
8172 7289 4
8172 7289 16
8172 7288 44
8172 7288 45
8172 7112 60
8172 7112 33
8172 7300 56
8172 7300 21
8172 7290 23
8172 7290 23
8172 7287 57
8172 7287 43
8172 7296 59
8172 7296 7
8172 7120 16
8172 7120 6
8172 7114 34
8172 7114 46
8172 7111 38
8172 7111 8
8172 7298 54
8172 7298 52
8172 7305 34
8172 7305 56
8172 7285 10
8172 7285 13
8172 7293 28
8172 7293 7
8172 7294 22
8172 7294 26
8172 7119 30
8172 7119 4
8172 7118 11
8172 7118 11
8172 7113 25
8172 7113 17
8172 7121 59
8172 7121 35
8172 7297 33
8172 7297 32
8172 7304 28
8172 7304 29
8172 7309 40
8172 7309 17
8172 7286 60
8172 7286 29
8172 7014 22
8172 7014 54
8172 7292 54
8172 7292 51
8172 7295 1
8172 7295 39
8172 7310 58
8172 7310 10
8172 7106 18
8172 7106 59
8172 7107 35
8172 7107 4
8172 7117 6
8172 7117 42
8172 7122 15
8172 7122 4
8170 7291 8
8170 7291 56
8170 7289 60
8170 7289 24
8170 7288 41
8170 7288 22
8170 7112 43
8170 7112 55
8170 7300 25
8170 7300 15
8170 7290 36
8170 7290 0
8170 7287 55
8170 7287 0
8170 7296 35
8170 7296 53
8170 7120 22
8170 7120 52
8170 7114 27
8170 7114 11
8170 7111 27
8170 7111 13
8170 7298 15
8170 7298 24
8170 7305 49
8170 7305 37
8170 7285 31
8170 7285 0
8170 7293 7
8170 7293 44
8170 7294 41
8170 7294 4
8170 7119 0
8170 7119 13
8170 7118 42
8170 7118 55
8170 7113 41
8170 7113 33
8170 7121 50
8170 7121 20
8170 7297 3
8170 7297 18
8170 7304 20
8170 7304 35
8170 7309 52
8170 7309 6
8170 7286 28
8170 7286 24
8170 7014 40
8170 7014 1
8170 7292 37
8170 7292 48
8170 7295 54
8170 7295 18
8170 7310 52
8170 7310 39
8170 7106 8
8170 7106 29
8170 7107 21
8170 7107 32
8170 7117 37
8170 7117 25
8170 7122 38
8170 7122 57
8110 7291 53
8110 7291 19
8110 7289 51
8110 7289 39
8110 7288 25
8110 7288 39
8110 7112 39
8110 7112 56
8110 7300 24
8110 7300 25
8110 7290 59
8110 7290 19
8110 7287 11
8110 7287 57
8110 7296 23
8110 7296 22
8110 7120 13
8110 7120 3
8110 7114 49
8110 7114 15
8110 7111 39
8110 7111 45
8110 7298 18
8110 7298 32
8110 7305 4
8110 7305 4
8110 7285 22
8110 7285 49
8110 7293 48
8110 7293 59
8110 7294 46
8110 7294 32
8110 7119 9
8110 7119 2
8110 7118 11
8110 7118 25
8110 7113 39
8110 7113 50
8110 7121 13
8110 7121 27
8110 7297 47
8110 7297 32
8110 7304 60
8110 7304 9
8110 7309 50
8110 7309 25
8110 7286 45
8110 7286 55
8110 7014 12
8110 7014 24
8110 7292 36
8110 7292 24
8110 7295 19
8110 7295 58
8110 7310 9
8110 7310 18
8110 7106 43
8110 7106 23
8110 7107 38
8110 7107 58
8110 7117 3
8110 7117 35
8110 7122 22
8110 7122 53
8173 7291 48
8173 7291 16
8173 7289 18
8173 7289 8
8173 7288 60
8173 7288 0
8173 7112 17
8173 7112 4
8173 7300 1
8173 7300 26
8173 7290 19
8173 7290 16
8173 7287 1
8173 7287 59
8173 7296 33
8173 7296 8
8173 7120 43
8173 7120 34
8173 7114 26
8173 7114 36
8173 7111 15
8173 7111 24
8173 7298 29
8173 7298 53
8173 7305 19
8173 7305 23
8173 7285 56
8173 7285 13
8173 7293 31
8173 7293 41
8173 7294 55
8173 7294 6
8173 7119 23
8173 7119 37
8173 7118 17
8173 7118 27
8173 7113 6
8173 7113 21
8173 7121 5
8173 7121 50
8173 7297 34
8173 7297 6
8173 7304 7
8173 7304 50
8173 7309 0
8173 7309 34
8173 7286 4
8173 7286 37
8173 7014 40
8173 7014 52
8173 7292 16
8173 7292 4
8173 7295 47
8173 7295 5
8173 7310 48
8173 7310 1
8173 7106 53
8173 7106 22
8173 7107 33
8173 7107 46
8173 7117 40
8173 7117 55
8173 7122 46
8173 7122 5
8178 7291 39
8178 7291 0
8178 7289 5
8178 7289 29
8178 7288 35
8178 7288 27
8178 7112 26
8178 7112 60
8178 7300 27
8178 7300 54
8178 7290 12
8178 7290 42
8178 7287 35
8178 7287 3
8178 7296 34
8178 7296 48
8178 7120 41
8178 7120 36
8178 7114 33
8178 7114 11
8178 7111 56
8178 7111 22
8178 7298 5
8178 7298 4
8178 7305 17
8178 7305 11
8178 7285 43
8178 7285 8
8178 7293 55
8178 7293 42
8178 7294 23
8178 7294 38
8178 7119 25
8178 7119 8
8178 7118 12
8178 7118 32
8178 7113 26
8178 7113 46
8178 7121 9
8178 7121 40
8178 7297 26
8178 7297 52
8178 7304 28
8178 7304 18
8178 7309 24
8178 7309 9
8178 7286 44
8178 7286 19
8178 7014 27
8178 7014 45
8178 7292 33
8178 7292 46
8178 7295 40
8178 7295 30
8178 7310 52
8178 7310 24
8178 7106 34
8178 7106 0
8178 7107 38
8178 7107 23
8178 7117 36
8178 7117 37
8178 7122 57
8178 7122 1
8171 7291 28
8171 7291 13
8171 7289 10
8171 7289 56
8171 7288 29
8171 7288 24
8171 7112 59
8171 7112 28
8171 7300 24
8171 7300 35
8171 7290 27
8171 7290 17
8171 7287 49
8171 7287 14
8171 7296 57
8171 7296 33
8171 7120 5
8171 7120 52
8171 7114 26
8171 7114 58
8171 7111 13
8171 7111 50
8171 7298 0
8171 7298 38
8171 7305 56
8171 7305 53
8171 7285 18
8171 7285 6
8171 7293 32
8171 7293 1
8171 7294 9
8171 7294 26
8171 7119 59
8171 7119 22
8171 7118 34
8171 7118 50
8171 7113 10
8171 7113 20
8171 7121 27
8171 7121 46
8171 7297 42
8171 7297 55
8171 7304 41
8171 7304 46
8171 7309 50
8171 7309 2
8171 7286 39
8171 7286 19
8171 7014 18
8171 7014 19
8171 7292 22
8171 7292 57
8171 7295 20
8171 7295 58
8171 7310 45
8171 7310 29
8171 7106 57
8171 7106 36
8171 7107 55
8171 7107 27
8171 7117 3
8171 7117 10
8171 7122 22
8171 7122 11
8075 7291 43
8075 7291 53
8075 7289 14
8075 7289 22
8075 7288 15
8075 7288 19
8075 7112 39
8075 7112 0
8075 7300 37
8075 7300 26
8075 7290 39
8075 7290 5
8075 7287 36
8075 7287 21
8075 7296 6
8075 7296 50
8075 7120 11
8075 7120 24
8075 7114 36
8075 7114 1
8075 7111 24
8075 7111 28
8075 7298 25
8075 7298 19
8075 7305 28
8075 7305 60
8075 7285 29
8075 7285 25
8075 7293 33
8075 7293 16
8075 7294 4
8075 7294 48
8075 7119 0
8075 7119 22
8075 7118 28
8075 7118 40
8075 7113 50
8075 7113 10
8075 7121 6
8075 7121 32
8075 7297 60
8075 7297 51
8075 7304 43
8075 7304 20
8075 7309 35
8075 7309 12
8075 7286 22
8075 7286 40
8075 7014 53
8075 7014 38
8075 7292 37
8075 7292 30
8075 7295 43
8075 7295 10
8075 7310 12
8075 7310 32
8075 7106 11
8075 7106 28
8075 7107 3
8075 7107 52
8075 7117 44
8075 7117 14
8075 7122 47
8075 7122 13
8177 7291 33
8177 7291 43
8177 7289 34
8177 7289 24
8177 7288 3
8177 7288 2
8177 7112 9
8177 7112 22
8177 7300 46
8177 7300 47
8177 7290 8
8177 7290 52
8177 7287 1
8177 7287 39
8177 7296 22
8177 7296 18
8177 7120 42
8177 7120 43
8177 7114 43
8177 7114 6
8177 7111 15
8177 7111 9
8177 7298 37
8177 7298 6
8177 7305 4
8177 7305 23
8177 7285 46
8177 7285 8
8177 7293 50
8177 7293 11
8177 7294 60
8177 7294 57
8177 7119 1
8177 7119 37
8177 7118 58
8177 7118 4
8177 7113 45
8177 7113 48
8177 7121 49
8177 7121 27
8177 7297 37
8177 7297 26
8177 7304 52
8177 7304 24
8177 7309 40
8177 7309 17
8177 7286 24
8177 7286 43
8177 7014 27
8177 7014 30
8177 7292 21
8177 7292 26
8177 7295 55
8177 7295 8
8177 7310 47
8177 7310 11
8177 7106 7
8177 7106 0
8177 7107 10
8177 7107 15
8177 7117 18
8177 7117 57
8177 7122 37
8177 7122 58
8111 7291 58
8111 7291 48
8111 7289 51
8111 7289 48
8111 7288 24
8111 7288 55
8111 7112 4
8111 7112 55
8111 7300 8
8111 7300 44
8111 7290 1
8111 7290 27
8111 7287 46
8111 7287 7
8111 7296 60
8111 7296 47
8111 7120 12
8111 7120 17
8111 7114 8
8111 7114 7
8111 7111 17
8111 7111 34
8111 7298 13
8111 7298 57
8111 7305 46
8111 7305 4
8111 7285 51
8111 7285 45
8111 7293 35
8111 7293 55
8111 7294 47
8111 7294 6
8111 7119 50
8111 7119 37
8111 7118 5
8111 7118 21
8111 7113 44
8111 7113 42
8111 7121 45
8111 7121 55
8111 7297 9
8111 7297 23
8111 7304 22
8111 7304 1
8111 7309 1
8111 7309 41
8111 7286 17
8111 7286 14
8111 7014 57
8111 7014 47
8111 7292 37
8111 7292 27
8111 7295 19
8111 7295 48
8111 7310 7
8111 7310 8
8111 7106 40
8111 7106 20
8111 7107 52
8111 7107 5
8111 7117 53
8111 7117 58
8111 7122 34
8111 7122 6
8174 7291 29
8174 7291 35
8174 7289 38
8174 7289 25
8174 7288 29
8174 7288 12
8174 7112 54
8174 7112 21
8174 7300 42
8174 7300 25
8174 7290 6
8174 7290 14
8174 7287 0
8174 7287 60
8174 7296 47
8174 7296 41
8174 7120 11
8174 7120 51
8174 7114 28
8174 7114 11
8174 7111 35
8174 7111 15
8174 7298 55
8174 7298 31
8174 7305 26
8174 7305 6
8174 7285 14
8174 7285 59
8174 7293 13
8174 7293 26
8174 7294 36
8174 7294 49
8174 7119 51
8174 7119 47
8174 7118 4
8174 7118 2
8174 7113 45
8174 7113 19
8174 7121 18
8174 7121 49
8174 7297 16
8174 7297 4
8174 7304 29
8174 7304 0
8174 7309 1
8174 7309 45
8174 7286 14
8174 7286 43
8174 7014 12
8174 7014 18
8174 7292 7
8174 7292 53
8174 7295 32
8174 7295 39
8174 7310 18
8174 7310 10
8174 7106 25
8174 7106 56
8174 7107 49
8174 7107 20
8174 7117 49
8174 7117 27
8174 7122 16
8174 7122 55
8179 7291 55
8179 7291 31
8179 7289 28
8179 7289 44
8179 7288 24
8179 7288 60
8179 7112 41
8179 7112 53
8179 7300 48
8179 7300 50
8179 7290 34
8179 7290 59
8179 7287 45
8179 7287 35
8179 7296 42
8179 7296 51
8179 7120 30
8179 7120 6
8179 7114 12
8179 7114 32
8179 7111 55
8179 7111 56
8179 7298 58
8179 7298 39
8179 7305 16
8179 7305 4
8179 7285 52
8179 7285 52
8179 7293 24
8179 7293 47
8179 7294 39
8179 7294 51
8179 7119 37
8179 7119 3
8179 7118 37
8179 7118 26
8179 7113 4
8179 7113 4
8179 7121 50
8179 7121 22
8179 7297 37
8179 7297 57
8179 7304 0
8179 7304 35
8179 7309 8
8179 7309 4
8179 7286 19
8179 7286 59
8179 7014 45
8179 7014 23
8179 7292 29
8179 7292 7
8179 7295 50
8179 7295 36
8179 7310 13
8179 7310 22
8179 7106 11
8179 7106 60
8179 7107 14
8179 7107 29
8179 7117 47
8179 7117 35
8179 7122 40
8179 7122 5
8073 7291 13
8073 7291 14
8073 7289 60
8073 7289 35
8073 7288 26
8073 7288 6
8073 7112 0
8073 7112 37
8073 7300 55
8073 7300 13
8073 7290 49
8073 7290 25
8073 7287 0
8073 7287 14
8073 7296 56
8073 7296 45
8073 7120 9
8073 7120 57
8073 7114 59
8073 7114 28
8073 7111 52
8073 7111 8
8073 7298 5
8073 7298 49
8073 7305 15
8073 7305 11
8073 7285 17
8073 7285 57
8073 7293 58
8073 7293 32
8073 7294 17
8073 7294 40
8073 7119 28
8073 7119 32
8073 7118 19
8073 7118 53
8073 7113 8
8073 7113 36
8073 7121 26
8073 7121 27
8073 7297 7
8073 7297 36
8073 7304 19
8073 7304 52
8073 7309 45
8073 7309 15
8073 7286 4
8073 7286 28
8073 7014 38
8073 7014 49
8073 7292 60
8073 7292 39
8073 7295 45
8073 7295 27
8073 7310 17
8073 7310 19
8073 7106 10
8073 7106 7
8073 7107 53
8073 7107 27
8073 7117 30
8073 7117 6
8073 7122 51
8073 7122 4
8097 7291 27
8097 7291 50
8097 7289 10
8097 7289 14
8097 7288 54
8097 7288 31
8097 7112 16
8097 7112 48
8097 7300 47
8097 7300 13
8097 7290 36
8097 7290 12
8097 7287 8
8097 7287 20
8097 7296 13
8097 7296 58
8097 7120 15
8097 7120 11
8097 7114 27
8097 7114 60
8097 7111 22
8097 7111 14
8097 7298 47
8097 7298 50
8097 7305 43
8097 7305 34
8097 7285 59
8097 7285 34
8097 7293 6
8097 7293 52
8097 7294 41
8097 7294 32
8097 7119 60
8097 7119 58
8097 7118 33
8097 7118 38
8097 7113 51
8097 7113 5
8097 7121 14
8097 7121 57
8097 7297 34
8097 7297 57
8097 7304 17
8097 7304 3
8097 7309 41
8097 7309 23
8097 7286 2
8097 7286 53
8097 7014 58
8097 7014 13
8097 7292 37
8097 7292 20
8097 7295 58
8097 7295 10
8097 7310 26
8097 7310 16
8097 7106 54
8097 7106 18
8097 7107 58
8097 7107 28
8097 7117 10
8097 7117 25
8097 7122 9
8097 7122 60
8175 7291 37
8175 7291 57
8175 7289 49
8175 7289 32
8175 7288 31
8175 7288 46
8175 7112 44
8175 7112 50
8175 7300 32
8175 7300 53
8175 7290 47
8175 7290 53
8175 7287 2
8175 7287 17
8175 7296 58
8175 7296 60
8175 7120 20
8175 7120 16
8175 7114 56
8175 7114 38
8175 7111 35
8175 7111 55
8175 7298 38
8175 7298 3
8175 7305 44
8175 7305 24
8175 7285 3
8175 7285 15
8175 7293 49
8175 7293 20
8175 7294 13
8175 7294 14
8175 7119 42
8175 7119 49
8175 7118 52
8175 7118 17
8175 7113 34
8175 7113 58
8175 7121 11
8175 7121 17
8175 7297 52
8175 7297 41
8175 7304 9
8175 7304 31
8175 7309 49
8175 7309 45
8175 7286 44
8175 7286 13
8175 7014 31
8175 7014 6
8175 7292 34
8175 7292 60
8175 7295 19
8175 7295 21
8175 7310 23
8175 7310 28
8175 7106 7
8175 7106 59
8175 7107 37
8175 7107 58
8175 7117 39
8175 7117 10
8175 7122 10
8175 7122 29
8068 7291 38
8068 7291 44
8068 7289 41
8068 7289 54
8068 7288 39
8068 7288 21
8068 7112 32
8068 7112 43
8068 7300 16
8068 7300 49
8068 7290 11
8068 7290 26
8068 7287 45
8068 7287 3
8068 7296 24
8068 7296 13
8068 7120 25
8068 7120 23
8068 7114 34
8068 7114 3
8068 7111 9
8068 7111 52
8068 7298 20
8068 7298 2
8068 7305 13
8068 7305 43
8068 7285 12
8068 7285 41
8068 7293 43
8068 7293 46
8068 7294 6
8068 7294 43
8068 7119 46
8068 7119 46
8068 7118 51
8068 7118 49
8068 7113 19
8068 7113 31
8068 7121 34
8068 7121 50
8068 7297 6
8068 7297 11
8068 7304 5
8068 7304 46
8068 7309 7
8068 7309 42
8068 7286 46
8068 7286 46
8068 7014 50
8068 7014 12
8068 7292 36
8068 7292 6
8068 7295 18
8068 7295 53
8068 7310 53
8068 7310 28
8068 7106 33
8068 7106 59
8068 7107 25
8068 7107 7
8068 7117 39
8068 7117 50
8068 7122 60
8068 7122 35
8189 7291 26
8189 7291 38
8189 7289 48
8189 7289 21
8189 7288 13
8189 7288 26
8189 7112 60
8189 7112 38
8189 7300 20
8189 7300 21
8189 7290 37
8189 7290 33
8189 7287 13
8189 7287 50
8189 7296 20
8189 7296 57
8189 7120 39
8189 7120 51
8189 7114 45
8189 7114 43
8189 7111 60
8189 7111 21
8189 7298 51
8189 7298 38
8189 7305 54
8189 7305 50
8189 7285 26
8189 7285 0
8189 7293 21
8189 7293 57
8189 7294 39
8189 7294 28
8189 7119 49
8189 7119 2
8189 7118 15
8189 7118 22
8189 7113 30
8189 7113 33
8189 7121 55
8189 7121 3
8189 7297 31
8189 7297 16
8189 7304 4
8189 7304 54
8189 7309 32
8189 7309 55
8189 7286 37
8189 7286 14
8189 7014 43
8189 7014 37
8189 7292 55
8189 7292 27
8189 7295 2
8189 7295 16
8189 7310 28
8189 7310 56
8189 7106 17
8189 7106 38
8189 7107 44
8189 7107 6
8189 7117 55
8189 7117 57
8189 7122 18
8189 7122 56
8112 7291 53
8112 7291 47
8112 7289 25
8112 7289 20
8112 7288 51
8112 7288 28
8112 7112 40
8112 7112 40
8112 7300 0
8112 7300 9
8112 7290 37
8112 7290 45
8112 7287 23
8112 7287 9
8112 7296 43
8112 7296 26
8112 7120 39
8112 7120 44
8112 7114 42
8112 7114 52
8112 7111 12
8112 7111 17
8112 7298 44
8112 7298 13
8112 7305 28
8112 7305 37
8112 7285 35
8112 7285 31
8112 7293 42
8112 7293 51
8112 7294 36
8112 7294 59
8112 7119 39
8112 7119 50
8112 7118 15
8112 7118 45
8112 7113 50
8112 7113 39
8112 7121 28
8112 7121 48
8112 7297 3
8112 7297 25
8112 7304 1
8112 7304 27
8112 7309 45
8112 7309 26
8112 7286 34
8112 7286 59
8112 7014 10
8112 7014 52
8112 7292 11
8112 7292 7
8112 7295 19
8112 7295 30
8112 7310 43
8112 7310 17
8112 7106 12
8112 7106 40
8112 7107 59
8112 7107 17
8112 7117 12
8112 7117 51
8112 7122 27
8112 7122 44
8130 7291 27
8130 7291 31
8130 7289 14
8130 7289 12
8130 7288 29
8130 7288 27
8130 7112 8
8130 7112 26
8130 7300 51
8130 7300 45
8130 7290 35
8130 7290 46
8130 7287 36
8130 7287 31
8130 7296 0
8130 7296 47
8130 7120 3
8130 7120 19
8130 7114 15
8130 7114 28
8130 7111 4
8130 7111 7
8130 7298 15
8130 7298 56
8130 7305 11
8130 7305 17
8130 7285 28
8130 7285 33
8130 7293 18
8130 7293 58
8130 7294 10
8130 7294 14
8130 7119 6
8130 7119 13
8130 7118 23
8130 7118 23
8130 7113 12
8130 7113 5
8130 7121 45
8130 7121 21
8130 7297 40
8130 7297 31
8130 7304 39
8130 7304 47
8130 7309 35
8130 7309 11
8130 7286 10
8130 7286 6
8130 7014 49
8130 7014 56
8130 7292 38
8130 7292 18
8130 7295 37
8130 7295 60
8130 7310 20
8130 7310 19
8130 7106 54
8130 7106 56
8130 7107 5
8130 7107 45
8130 7117 21
8130 7117 6
8130 7122 45
8130 7122 34
8136 7291 14
8136 7291 6
8136 7289 9
8136 7289 57
8136 7288 16
8136 7288 31
8136 7112 17
8136 7112 23
8136 7300 19
8136 7300 60
8136 7290 16
8136 7290 46
8136 7287 43
8136 7287 34
8136 7296 8
8136 7296 8
8136 7120 1
8136 7120 39
8136 7114 39
8136 7114 38
8136 7111 35
8136 7111 4
8136 7298 16
8136 7298 33
8136 7305 55
8136 7305 33
8136 7285 41
8136 7285 3
8136 7293 11
8136 7293 26
8136 7294 36
8136 7294 13
8136 7119 57
8136 7119 29
8136 7118 4
8136 7118 15
8136 7113 14
8136 7113 1
8136 7121 33
8136 7121 47
8136 7297 54
8136 7297 59
8136 7304 1
8136 7304 57
8136 7309 58
8136 7309 4
8136 7286 12
8136 7286 10
8136 7014 15
8136 7014 51
8136 7292 42
8136 7292 16
8136 7295 46
8136 7295 38
8136 7310 7
8136 7310 19
8136 7106 0
8136 7106 37
8136 7107 8
8136 7107 28
8136 7117 54
8136 7117 37
8136 7122 59
8136 7122 14
8181 7291 19
8181 7291 26
8181 7289 32
8181 7289 2
8181 7288 6
8181 7288 50
8181 7112 1
8181 7112 39
8181 7300 32
8181 7300 31
8181 7290 10
8181 7290 38
8181 7287 52
8181 7287 21
8181 7296 51
8181 7296 36
8181 7120 33
8181 7120 30
8181 7114 29
8181 7114 2
8181 7111 51
8181 7111 32
8181 7298 21
8181 7298 20
8181 7305 34
8181 7305 42
8181 7285 55
8181 7285 48
8181 7293 31
8181 7293 15
8181 7294 42
8181 7294 48
8181 7119 44
8181 7119 41
8181 7118 35
8181 7118 58
8181 7113 45
8181 7113 48
8181 7121 39
8181 7121 46
8181 7297 6
8181 7297 41
8181 7304 11
8181 7304 41
8181 7309 1
8181 7309 4
8181 7286 29
8181 7286 37
8181 7014 44
8181 7014 30
8181 7292 42
8181 7292 13
8181 7295 23
8181 7295 46
8181 7310 58
8181 7310 48
8181 7106 32
8181 7106 33
8181 7107 16
8181 7107 27
8181 7117 28
8181 7117 50
8181 7122 56
8181 7122 36
8183 7291 57
8183 7291 26
8183 7289 2
8183 7289 42
8183 7288 0
8183 7288 5
8183 7112 43
8183 7112 15
8183 7300 31
8183 7300 46
8183 7290 13
8183 7290 12
8183 7287 54
8183 7287 52
8183 7296 25
8183 7296 51
8183 7120 26
8183 7120 54
8183 7114 39
8183 7114 0
8183 7111 20
8183 7111 18
8183 7298 29
8183 7298 41
8183 7305 48
8183 7305 41
8183 7285 43
8183 7285 54
8183 7293 21
8183 7293 59
8183 7294 7
8183 7294 34
8183 7119 56
8183 7119 37
8183 7118 31
8183 7118 34
8183 7113 20
8183 7113 26
8183 7121 19
8183 7121 47
8183 7297 0
8183 7297 54
8183 7304 56
8183 7304 5
8183 7309 53
8183 7309 7
8183 7286 36
8183 7286 18
8183 7014 14
8183 7014 52
8183 7292 33
8183 7292 46
8183 7295 53
8183 7295 18
8183 7310 0
8183 7310 29
8183 7106 26
8183 7106 31
8183 7107 22
8183 7107 2
8183 7117 37
8183 7117 33
8183 7122 46
8183 7122 39
8074 7291 32
8074 7291 51
8074 7289 50
8074 7289 53
8074 7288 38
8074 7288 45
8074 7112 30
8074 7112 29
8074 7300 42
8074 7300 44
8074 7290 13
8074 7290 17
8074 7287 17
8074 7287 21
8074 7296 8
8074 7296 16
8074 7120 45
8074 7120 49
8074 7114 2
8074 7114 14
8074 7111 4
8074 7111 8
8074 7298 59
8074 7298 42
8074 7305 26
8074 7305 57
8074 7285 51
8074 7285 51
8074 7293 23
8074 7293 38
8074 7294 32
8074 7294 36
8074 7119 27
8074 7119 14
8074 7118 21
8074 7118 48
8074 7113 33
8074 7113 50
8074 7121 42
8074 7121 39
8074 7297 52
8074 7297 18
8074 7304 38
8074 7304 17
8074 7309 56
8074 7309 18
8074 7286 5
8074 7286 44
8074 7014 27
8074 7014 0
8074 7292 40
8074 7292 0
8074 7295 58
8074 7295 28
8074 7310 32
8074 7310 0
8074 7106 9
8074 7106 16
8074 7107 26
8074 7107 21
8074 7117 56
8074 7117 27
8074 7122 15
8074 7122 42
8092 7291 9
8092 7291 1
8092 7289 2
8092 7289 37
8092 7288 52
8092 7288 5
8092 7112 59
8092 7112 3
8092 7300 17
8092 7300 26
8092 7290 13
8092 7290 47
8092 7287 43
8092 7287 47
8092 7296 5
8092 7296 49
8092 7120 19
8092 7120 3
8092 7114 44
8092 7114 7
8092 7111 50
8092 7111 4
8092 7298 51
8092 7298 17
8092 7305 6
8092 7305 35
8092 7285 59
8092 7285 30
8092 7293 7
8092 7293 30
8092 7294 13
8092 7294 15
8092 7119 54
8092 7119 15
8092 7118 46
8092 7118 39
8092 7113 40
8092 7113 4
8092 7121 28
8092 7121 52
8092 7297 29
8092 7297 22
8092 7304 54
8092 7304 34
8092 7309 58
8092 7309 34
8092 7286 24
8092 7286 12
8092 7014 15
8092 7014 22
8092 7292 5
8092 7292 7
8092 7295 54
8092 7295 28
8092 7310 6
8092 7310 3
8092 7106 17
8092 7106 41
8092 7107 51
8092 7107 40
8092 7117 17
8092 7117 34
8092 7122 39
8092 7122 55
8176 7291 36
8176 7291 22
8176 7289 60
8176 7289 49
8176 7288 5
8176 7288 58
8176 7112 21
8176 7112 1
8176 7300 43
8176 7300 47
8176 7290 30
8176 7290 5
8176 7287 5
8176 7287 40
8176 7296 42
8176 7296 59
8176 7120 17
8176 7120 39
8176 7114 19
8176 7114 55
8176 7111 24
8176 7111 30
8176 7298 16
8176 7298 51
8176 7305 1
8176 7305 5
8176 7285 48
8176 7285 42
8176 7293 46
8176 7293 9
8176 7294 55
8176 7294 39
8176 7119 58
8176 7119 21
8176 7118 20
8176 7118 3
8176 7113 22
8176 7113 32
8176 7121 50
8176 7121 9
8176 7297 9
8176 7297 41
8176 7304 52
8176 7304 31
8176 7309 22
8176 7309 57
8176 7286 5
8176 7286 4
8176 7014 30
8176 7014 21
8176 7292 42
8176 7292 34
8176 7295 44
8176 7295 54
8176 7310 35
8176 7310 33
8176 7106 43
8176 7106 24
8176 7107 10
8176 7107 22
8176 7117 56
8176 7117 38
8176 7122 31
8176 7122 40
8187 7291 9
8187 7291 24
8187 7289 40
8187 7289 15
8187 7288 34
8187 7288 37
8187 7112 57
8187 7112 36
8187 7300 20
8187 7300 32
8187 7290 8
8187 7290 0
8187 7287 57
8187 7287 58
8187 7296 28
8187 7296 30
8187 7120 14
8187 7120 15
8187 7114 39
8187 7114 35
8187 7111 34
8187 7111 0
8187 7298 39
8187 7298 19
8187 7305 1
8187 7305 15
8187 7285 54
8187 7285 40
8187 7293 60
8187 7293 50
8187 7294 6
8187 7294 28
8187 7119 41
8187 7119 14
8187 7118 40
8187 7118 22
8187 7113 24
8187 7113 7
8187 7121 0
8187 7121 52
8187 7297 9
8187 7297 2
8187 7304 43
8187 7304 41
8187 7309 45
8187 7309 57
8187 7286 48
8187 7286 39
8187 7014 43
8187 7014 46
8187 7292 51
8187 7292 54
8187 7295 13
8187 7295 18
8187 7310 24
8187 7310 8
8187 7106 43
8187 7106 23
8187 7107 3
8187 7107 47
8187 7117 54
8187 7117 42
8187 7122 44
8187 7122 51
8069 7291 7
8069 7291 42
8069 7289 17
8069 7289 20
8069 7288 10
8069 7288 56
8069 7112 22
8069 7112 38
8069 7300 7
8069 7300 52
8069 7290 52
8069 7290 4
8069 7287 26
8069 7287 48
8069 7296 11
8069 7296 57
8069 7120 46
8069 7120 31
8069 7114 20
8069 7114 8
8069 7111 51
8069 7111 33
8069 7298 37
8069 7298 0
8069 7305 21
8069 7305 9
8069 7285 37
8069 7285 40
8069 7293 39
8069 7293 25
8069 7294 14
8069 7294 22
8069 7119 46
8069 7119 23
8069 7118 52
8069 7118 48
8069 7113 43
8069 7113 6
8069 7121 5
8069 7121 58
8069 7297 36
8069 7297 45
8069 7304 28
8069 7304 2
8069 7309 50
8069 7309 49
8069 7286 22
8069 7286 33
8069 7014 47
8069 7014 25
8069 7292 50
8069 7292 28
8069 7295 42
8069 7295 43
8069 7310 9
8069 7310 9
8069 7106 38
8069 7106 55
8069 7107 13
8069 7107 47
8069 7117 5
8069 7117 36
8069 7122 19
8069 7122 37
7535 7291 16
7535 7291 24
7535 7289 35
7535 7289 29
7535 7288 34
7535 7288 58
7535 7112 18
7535 7112 8
7535 7300 27
7535 7300 24
7535 7290 39
7535 7290 38
7535 7287 23
7535 7287 13
7535 7296 46
7535 7296 1
7535 7120 30
7535 7120 31
7535 7114 23
7535 7114 45
7535 7111 57
7535 7111 27
7535 7298 41
7535 7298 15
7535 7305 28
7535 7305 39
7535 7285 15
7535 7285 5
7535 7293 2
7535 7293 7
7535 7294 38
7535 7294 60
7535 7119 47
7535 7119 41
7535 7118 41
7535 7118 25
7535 7113 2
7535 7113 44
7535 7121 17
7535 7121 20
7535 7297 5
7535 7297 28
7535 7304 48
7535 7304 29
7535 7309 45
7535 7309 54
7535 7286 5
7535 7286 19
7535 7014 46
7535 7014 47
7535 7292 25
7535 7292 35
7535 7295 55
7535 7295 24
7535 7310 7
7535 7310 45
7535 7106 11
7535 7106 12
7535 7107 32
7535 7107 52
7535 7117 28
7535 7117 43
7535 7122 25
7535 7122 1
8070 7291 56
8070 7291 56
8070 7289 55
8070 7289 4
8070 7288 22
8070 7288 56
8070 7112 33
8070 7112 41
8070 7300 1
8070 7300 11
8070 7290 50
8070 7290 53
8070 7287 25
8070 7287 20
8070 7296 33
8070 7296 54
8070 7120 43
8070 7120 4
8070 7114 24
8070 7114 54
8070 7111 45
8070 7111 54
8070 7298 33
8070 7298 20
8070 7305 59
8070 7305 39
8070 7285 13
8070 7285 51
8070 7293 28
8070 7293 60
8070 7294 20
8070 7294 59
8070 7119 49
8070 7119 53
8070 7118 59
8070 7118 56
8070 7113 47
8070 7113 27
8070 7121 42
8070 7121 55
8070 7297 8
8070 7297 48
8070 7304 26
8070 7304 52
8070 7309 5
8070 7309 13
8070 7286 5
8070 7286 37
8070 7014 48
8070 7014 51
8070 7292 34
8070 7292 60
8070 7295 15
8070 7295 43
8070 7310 9
8070 7310 34
8070 7106 5
8070 7106 42
8070 7107 40
8070 7107 25
8070 7117 15
8070 7117 13
8070 7122 24
8070 7122 30
8190 7291 45
8190 7291 53
8190 7289 47
8190 7289 50
8190 7288 32
8190 7288 53
8190 7112 55
8190 7112 25
8190 7300 34
8190 7300 16
8190 7290 13
8190 7290 46
8190 7287 7
8190 7287 58
8190 7296 24
8190 7296 31
8190 7120 25
8190 7120 4
8190 7114 28
8190 7114 58
8190 7111 34
8190 7111 2
8190 7298 15
8190 7298 43
8190 7305 7
8190 7305 9
8190 7285 5
8190 7285 46
8190 7293 31
8190 7293 36
8190 7294 27
8190 7294 27
8190 7119 13
8190 7119 19
8190 7118 48
8190 7118 15
8190 7113 36
8190 7113 7
8190 7121 44
8190 7121 41
8190 7297 5
8190 7297 28
8190 7304 33
8190 7304 23
8190 7309 2
8190 7309 1
8190 7286 47
8190 7286 1
8190 7014 2
8190 7014 17
8190 7292 44
8190 7292 10
8190 7295 46
8190 7295 20
8190 7310 26
8190 7310 33
8190 7106 49
8190 7106 60
8190 7107 60
8190 7107 9
8190 7117 8
8190 7117 20
8190 7122 45
8190 7122 51
8196 7291 47
8196 7291 42
8196 7289 8
8196 7289 1
8196 7288 14
8196 7288 38
8196 7112 59
8196 7112 19
8196 7300 20
8196 7300 36
8196 7290 38
8196 7290 37
8196 7287 34
8196 7287 59
8196 7296 9
8196 7296 20
8196 7120 48
8196 7120 30
8196 7114 42
8196 7114 0
8196 7111 58
8196 7111 52
8196 7298 4
8196 7298 12
8196 7305 23
8196 7305 3
8196 7285 35
8196 7285 38
8196 7293 20
8196 7293 12
8196 7294 58
8196 7294 9
8196 7119 8
8196 7119 22
8196 7118 58
8196 7118 55
8196 7113 32
8196 7113 19
8196 7121 31
8196 7121 15
8196 7297 20
8196 7297 45
8196 7304 32
8196 7304 21
8196 7309 41
8196 7309 42
8196 7286 18
8196 7286 56
8196 7014 22
8196 7014 57
8196 7292 17
8196 7292 42
8196 7295 17
8196 7295 36
8196 7310 55
8196 7310 47
8196 7106 52
8196 7106 55
8196 7107 8
8196 7107 0
8196 7117 31
8196 7117 10
8196 7122 17
8196 7122 46
7537 7291 6
7537 7291 40
7537 7289 47
7537 7289 55
7537 7288 26
7537 7288 11
7537 7112 39
7537 7112 3
7537 7300 17
7537 7300 24
7537 7290 26
7537 7290 48
7537 7287 45
7537 7287 24
7537 7296 44
7537 7296 48
7537 7120 30
7537 7120 32
7537 7114 23
7537 7114 35
7537 7111 25
7537 7111 52
7537 7298 56
7537 7298 10
7537 7305 45
7537 7305 1
7537 7285 19
7537 7285 47
7537 7293 45
7537 7293 31
7537 7294 41
7537 7294 17
7537 7119 43
7537 7119 45
7537 7118 38
7537 7118 50
7537 7113 32
7537 7113 24
7537 7121 2
7537 7121 27
7537 7297 46
7537 7297 35
7537 7304 37
7537 7304 52
7537 7309 49
7537 7309 14
7537 7286 2
7537 7286 4
7537 7014 42
7537 7014 37
7537 7292 42
7537 7292 4
7537 7295 15
7537 7295 59
7537 7310 9
7537 7310 16
7537 7106 38
7537 7106 44
7537 7107 6
7537 7107 11
7537 7117 24
7537 7117 27
7537 7122 6
7537 7122 10
8124 7291 53
8124 7291 50
8124 7289 37
8124 7289 47
8124 7288 31
8124 7288 26
8124 7112 17
8124 7112 38
8124 7300 52
8124 7300 31
8124 7290 38
8124 7290 38
8124 7287 20
8124 7287 13
8124 7296 56
8124 7296 54
8124 7120 25
8124 7120 55
8124 7114 8
8124 7114 45
8124 7111 14
8124 7111 49
8124 7298 5
8124 7298 53
8124 7305 30
8124 7305 12
8124 7285 57
8124 7285 43
8124 7293 38
8124 7293 32
8124 7294 36
8124 7294 30
8124 7119 34
8124 7119 1
8124 7118 45
8124 7118 13
8124 7113 24
8124 7113 41
8124 7121 59
8124 7121 46
8124 7297 59
8124 7297 22
8124 7304 55
8124 7304 37
8124 7309 47
8124 7309 0
8124 7286 3
8124 7286 16
8124 7014 46
8124 7014 15
8124 7292 20
8124 7292 17
8124 7295 39
8124 7295 42
8124 7310 11
8124 7310 6
8124 7106 8
8124 7106 36
8124 7107 46
8124 7107 21
8124 7117 38
8124 7117 53
8124 7122 3
8124 7122 14
