8475 8152 30
8475 8151 52
8475 8142 60
8475 8157 43
8475 8162 1
8475 8141 23
8475 8153 45
8475 8161 41
8475 7643 58
8475 8146 28
8475 8156 45
8475 8160 56
8475 8167 57
8475 7639 44
8475 8143 9
8475 8150 53
8475 8163 11
8475 8166 60
8475 7642 35
8475 8140 50
8475 8145 59
8475 8154 19
8475 8158 0
8475 8206 9
8475 8208 48
8475 7638 5
8475 7637 17
8475 7663 25
8475 8148 48
8475 8164 16
8475 8168 23
8475 8207 44
8473 8152 9
8473 8151 47
8473 8142 12
8473 8157 47
8473 8162 2
8473 8141 31
8473 8153 44
8473 8161 0
8473 7643 54
8473 8146 29
8473 8156 45
8473 8160 13
8473 8167 0
8473 7639 46
8473 8143 56
8473 8150 54
8473 8163 29
8473 8166 50
8473 7642 18
8473 8140 19
8473 8145 7
8473 8154 37
8473 8158 0
8473 8206 19
8473 8208 12
8473 7638 44
8473 7637 12
8473 7663 46
8473 8148 42
8473 8164 42
8473 8168 10
8473 8207 41
8470 8152 5
8470 8151 23
8470 8142 25
8470 8157 17
8470 8162 2
8470 8141 3
8470 8153 48
8470 8161 46
8470 7643 41
8470 8146 41
8470 8156 11
8470 8160 42
8470 8167 45
8470 7639 33
8470 8143 12
8470 8150 10
8470 8163 17
8470 8166 29
8470 7642 36
8470 8140 37
8470 8145 17
8470 8154 13
8470 8158 10
8470 8206 58
8470 8208 26
8470 7638 46
8470 7637 42
8470 7663 28
8470 8148 15
8470 8164 37
8470 8168 8
8470 8207 48
8476 8152 47
8476 8151 50
8476 8142 39
8476 8157 19
8476 8162 44
8476 8141 4
8476 8153 27
8476 8161 8
8476 7643 11
8476 8146 45
8476 8156 27
8476 8160 15
8476 8167 50
8476 7639 4
8476 8143 44
8476 8150 24
8476 8163 12
8476 8166 1
8476 7642 46
8476 8140 7
8476 8145 51
8476 8154 34
8476 8158 29
8476 8206 59
8476 8208 56
8476 7638 37
8476 7637 49
8476 7663 4
8476 8148 11
8476 8164 35
8476 8168 12
8476 8207 17
8480 8152 3
8480 8151 7
8480 8142 36
8480 8157 10
8480 8162 10
8480 8141 54
8480 8153 15
8480 8161 46
8480 7643 24
8480 8146 9
8480 8156 2
8480 8160 25
8480 8167 45
8480 7639 21
8480 8143 25
8480 8150 32
8480 8163 23
8480 8166 45
8480 7642 60
8480 8140 52
8480 8145 6
8480 8154 5
8480 8158 22
8480 8206 60
8480 8208 17
8480 7638 38
8480 7637 53
8480 7663 6
8480 8148 57
8480 8164 33
8480 8168 41
8480 8207 17
8471 8152 54
8471 8151 31
8471 8142 28
8471 8157 34
8471 8162 50
8471 8141 34
8471 8153 30
8471 8161 13
8471 7643 20
8471 8146 24
8471 8156 9
8471 8160 3
8471 8167 50
8471 7639 59
8471 8143 0
8471 8150 0
8471 8163 12
8471 8166 15
8471 7642 60
8471 8140 6
8471 8145 20
8471 8154 30
8471 8158 28
8471 8206 7
8471 8208 48
8471 7638 19
8471 7637 59
8471 7663 52
8471 8148 11
8471 8164 34
8471 8168 18
8471 8207 12
8468 8152 6
8468 8151 58
8468 8142 4
8468 8157 25
8468 8162 16
8468 8141 1
8468 8153 53
8468 8161 18
8468 7643 56
8468 8146 56
8468 8156 10
8468 8160 6
8468 8167 14
8468 7639 26
8468 8143 46
8468 8150 21
8468 8163 1
8468 8166 36
8468 7642 33
8468 8140 34
8468 8145 14
8468 8154 11
8468 8158 23
8468 8206 51
8468 8208 45
8468 7638 39
8468 7637 16
8468 7663 41
8468 8148 9
8468 8164 24
8468 8168 51
8468 8207 42
8479 8152 51
8479 8151 29
8479 8142 37
8479 8157 36
8479 8162 54
8479 8141 24
8479 8153 17
8479 8161 35
8479 7643 25
8479 8146 16
8479 8156 25
8479 8160 10
8479 8167 29
8479 7639 8
8479 8143 36
8479 8150 9
8479 8163 15
8479 8166 16
8479 7642 10
8479 8140 60
8479 8145 4
8479 8154 49
8479 8158 54
8479 8206 30
8479 8208 18
8479 7638 0
8479 7637 32
8479 7663 35
8479 8148 53
8479 8164 31
8479 8168 51
8479 8207 7
8465 8152 20
8465 8151 1
8465 8142 18
8465 8157 3
8465 8162 29
8465 8141 45
8465 8153 3
8465 8161 3
8465 7643 38
8465 8146 39
8465 8156 37
8465 8160 36
8465 8167 54
8465 7639 8
8465 8143 41
8465 8150 12
8465 8163 23
8465 8166 58
8465 7642 4
8465 8140 11
8465 8145 2
8465 8154 55
8465 8158 1
8465 8206 19
8465 8208 40
8465 7638 11
8465 7637 26
8465 7663 44
8465 8148 24
8465 8164 57
8465 8168 45
8465 8207 40
8474 8152 16
8474 8151 55
8474 8142 53
8474 8157 53
8474 8162 6
8474 8141 3
8474 8153 12
8474 8161 14
8474 7643 47
8474 8146 41
8474 8156 48
8474 8160 2
8474 8167 55
8474 7639 42
8474 8143 17
8474 8150 26
8474 8163 28
8474 8166 8
8474 7642 34
8474 8140 2
8474 8145 48
8474 8154 43
8474 8158 47
8474 8206 30
8474 8208 56
8474 7638 49
8474 7637 20
8474 7663 0
8474 8148 12
8474 8164 8
8474 8168 34
8474 8207 42
6042 8152 55
6042 8151 23
6042 8142 7
6042 8157 46
6042 8162 18
6042 8141 36
6042 8153 18
6042 8161 42
6042 7643 47
6042 8146 57
6042 8156 5
6042 8160 54
6042 8167 24
6042 7639 51
6042 8143 6
6042 8150 23
6042 8163 7
6042 8166 57
6042 7642 9
6042 8140 35
6042 8145 42
6042 8154 51
6042 8158 2
6042 8206 8
6042 8208 56
6042 7638 30
6042 7637 39
6042 7663 15
6042 8148 7
6042 8164 23
6042 8168 51
6042 8207 45
6053 8152 32
6053 8151 58
6053 8142 15
6053 8157 45
6053 8162 12
6053 8141 49
6053 8153 17
6053 8161 28
6053 7643 17
6053 8146 10
6053 8156 0
6053 8160 56
6053 8167 12
6053 7639 59
6053 8143 52
6053 8150 26
6053 8163 41
6053 8166 6
6053 7642 21
6053 8140 37
6053 8145 36
6053 8154 29
6053 8158 43
6053 8206 36
6053 8208 33
6053 7638 28
6053 7637 49
6053 7663 1
6053 8148 31
6053 8164 27
6053 8168 27
6053 8207 32
6052 8152 23
6052 8151 56
6052 8142 5
6052 8157 26
6052 8162 26
6052 8141 30
6052 8153 49
6052 8161 36
6052 7643 59
6052 8146 22
6052 8156 48
6052 8160 3
6052 8167 5
6052 7639 42
6052 8143 7
6052 8150 44
6052 8163 55
6052 8166 33
6052 7642 32
6052 8140 0
6052 8145 26
6052 8154 28
6052 8158 60
6052 8206 41
6052 8208 4
6052 7638 26
6052 7637 24
6052 7663 54
6052 8148 26
6052 8164 21
6052 8168 15
6052 8207 12
8472 8152 1
8472 8151 21
8472 8142 31
8472 8157 7
8472 8162 44
8472 8141 56
8472 8153 6
8472 8161 53
8472 7643 2
8472 8146 41
8472 8156 25
8472 8160 21
8472 8167 17
8472 7639 33
8472 8143 40
8472 8150 44
8472 8163 43
8472 8166 10
8472 7642 26
8472 8140 37
8472 8145 17
8472 8154 26
8472 8158 0
8472 8206 37
8472 8208 24
8472 7638 0
8472 7637 15
8472 7663 32
8472 8148 29
8472 8164 48
8472 8168 28
8472 8207 59
8469 8152 47
8469 8151 5
8469 8142 50
8469 8157 53
8469 8162 44
8469 8141 51
8469 8153 34
8469 8161 35
8469 7643 1
8469 8146 26
8469 8156 10
8469 8160 18
8469 8167 60
8469 7639 44
8469 8143 7
8469 8150 36
8469 8163 19
8469 8166 49
8469 7642 47
8469 8140 47
8469 8145 25
8469 8154 46
8469 8158 5
8469 8206 35
8469 8208 10
8469 7638 35
8469 7637 55
8469 7663 35
8469 8148 25
8469 8164 19
8469 8168 40
8469 8207 32
8477 8152 12
8477 8151 32
8477 8142 8
8477 8157 13
8477 8162 25
8477 8141 34
8477 8153 18
8477 8161 36
8477 7643 49
8477 8146 39
8477 8156 10
8477 8160 50
8477 8167 58
8477 7639 19
8477 8143 36
8477 8150 37
8477 8163 22
8477 8166 13
8477 7642 36
8477 8140 28
8477 8145 9
8477 8154 54
8477 8158 7
8477 8206 1
8477 8208 46
8477 7638 4
8477 7637 51
8477 7663 43
8477 8148 13
8477 8164 44
8477 8168 30
8477 8207 23
8466 8152 17
8466 8151 11
8466 8142 20
8466 8157 0
8466 8162 60
8466 8141 11
8466 8153 18
8466 8161 8
8466 7643 37
8466 8146 20
8466 8156 22
8466 8160 5
8466 8167 0
8466 7639 42
8466 8143 47
8466 8150 53
8466 8163 28
8466 8166 44
8466 7642 2
8466 8140 2
8466 8145 48
8466 8154 35
8466 8158 2
8466 8206 42
8466 8208 57
8466 7638 56
8466 7637 53
8466 7663 30
8466 8148 15
8466 8164 20
8466 8168 39
8466 8207 6
8467 8152 55
8467 8151 11
8467 8142 48
8467 8157 35
8467 8162 23
8467 8141 17
8467 8153 23
8467 8161 46
8467 7643 13
8467 8146 54
8467 8156 30
8467 8160 56
8467 8167 23
8467 7639 51
8467 8143 48
8467 8150 42
8467 8163 33
8467 8166 42
8467 7642 56
8467 8140 27
8467 8145 8
8467 8154 46
8467 8158 0
8467 8206 52
8467 8208 57
8467 7638 12
8467 7637 39
8467 7663 14
8467 8148 26
8467 8164 14
8467 8168 47
8467 8207 26
8464 8152 32
8464 8151 5
8464 8142 23
8464 8157 22
8464 8162 23
8464 8141 59
8464 8153 20
8464 8161 7
8464 7643 22
8464 8146 18
8464 8156 54
8464 8160 40
8464 8167 48
8464 7639 32
8464 8143 13
8464 8150 29
8464 8163 40
8464 8166 30
8464 7642 8
8464 8140 28
8464 8145 31
8464 8154 22
8464 8158 17
8464 8206 56
8464 8208 10
8464 7638 1
8464 7637 35
8464 7663 25
8464 8148 8
8464 8164 29
8464 8168 44
8464 8207 58
6041 8152 12
6041 8151 13
6041 8142 28
6041 8157 45
6041 8162 10
6041 8141 26
6041 8153 28
6041 8161 21
6041 7643 29
6041 8146 36
6041 8156 0
6041 8160 39
6041 8167 1
6041 7639 31
6041 8143 35
6041 8150 21
6041 8163 3
6041 8166 1
6041 7642 53
6041 8140 18
6041 8145 4
6041 8154 7
6041 8158 7
6041 8206 1
6041 8208 23
6041 7638 4
6041 7637 47
6041 7663 17
6041 8148 58
6041 8164 9
6041 8168 12
6041 8207 42
6040 8152 35
6040 8151 4
6040 8142 23
6040 8157 27
6040 8162 12
6040 8141 58
6040 8153 53
6040 8161 50
6040 7643 25
6040 8146 47
6040 8156 1
6040 8160 46
6040 8167 42
6040 7639 41
6040 8143 48
6040 8150 56
6040 8163 57
6040 8166 34
6040 7642 32
6040 8140 36
6040 8145 11
6040 8154 10
6040 8158 13
6040 8206 5
6040 8208 59
6040 7638 38
6040 7637 28
6040 7663 53
6040 8148 9
6040 8164 60
6040 8168 6
6040 8207 18
6050 8152 52
6050 8151 16
6050 8142 11
6050 8157 2
6050 8162 19
6050 8141 32
6050 8153 52
6050 8161 14
6050 7643 8
6050 8146 45
6050 8156 54
6050 8160 27
6050 8167 43
6050 7639 23
6050 8143 16
6050 8150 53
6050 8163 0
6050 8166 24
6050 7642 53
6050 8140 17
6050 8145 27
6050 8154 4
6050 8158 33
6050 8206 17
6050 8208 1
6050 7638 21
6050 7637 13
6050 7663 60
6050 8148 29
6050 8164 28
6050 8168 47
6050 8207 9
7771 8152 59
7771 8151 49
7771 8142 58
7771 8157 5
7771 8162 36
7771 8141 3
7771 8153 11
7771 8161 32
7771 7643 35
7771 8146 33
7771 8156 34
7771 8160 35
7771 8167 55
7771 7639 56
7771 8143 25
7771 8150 4
7771 8163 37
7771 8166 56
7771 7642 33
7771 8140 59
7771 8145 2
7771 8154 9
7771 8158 54
7771 8206 33
7771 8208 12
7771 7638 45
7771 7637 60
7771 7663 52
7771 8148 14
7771 8164 58
7771 8168 32
7771 8207 9
7783 8152 14
7783 8151 44
7783 8142 44
7783 8157 9
7783 8162 13
7783 8141 11
7783 8153 16
7783 8161 9
7783 7643 33
7783 8146 54
7783 8156 0
7783 8160 34
7783 8167 22
7783 7639 2
7783 8143 32
7783 8150 12
7783 8163 18
7783 8166 53
7783 7642 31
7783 8140 45
7783 8145 3
7783 8154 31
7783 8158 19
7783 8206 14
7783 8208 9
7783 7638 11
7783 7637 37
7783 7663 0
7783 8148 0
7783 8164 42
7783 8168 56
7783 8207 19
8478 8152 30
8478 8151 53
8478 8142 48
8478 8157 32
8478 8162 46
8478 8141 2
8478 8153 16
8478 8161 15
8478 7643 36
8478 8146 57
8478 8156 59
8478 8160 38
8478 8167 25
8478 7639 20
8478 8143 3
8478 8150 53
8478 8163 47
8478 8166 11
8478 7642 52
8478 8140 29
8478 8145 34
8478 8154 32
8478 8158 36
8478 8206 31
8478 8208 26
8478 7638 30
8478 7637 55
8478 7663 57
8478 8148 4
8478 8164 51
8478 8168 7
8478 8207 40
7768 8152 36
7768 8151 20
7768 8142 58
7768 8157 7
7768 8162 23
7768 8141 44
7768 8153 33
7768 8161 34
7768 7643 44
7768 8146 37
7768 8156 15
7768 8160 14
7768 8167 17
7768 7639 55
7768 8143 0
7768 8150 42
7768 8163 55
7768 8166 6
7768 7642 2
7768 8140 18
7768 8145 48
7768 8154 12
7768 8158 53
7768 8206 46
7768 8208 9
7768 7638 54
7768 7637 10
7768 7663 50
7768 8148 3
7768 8164 18
7768 8168 22
7768 8207 2
7766 8152 47
7766 8151 24
7766 8142 50
7766 8157 8
7766 8162 22
7766 8141 38
7766 8153 13
7766 8161 43
7766 7643 21
7766 8146 13
7766 8156 40
7766 8160 46
7766 8167 15
7766 7639 23
7766 8143 12
7766 8150 5
7766 8163 24
7766 8166 18
7766 7642 6
7766 8140 28
7766 8145 41
7766 8154 24
7766 8158 11
7766 8206 59
7766 8208 46
7766 7638 60
7766 7637 30
7766 7663 15
7766 8148 6
7766 8164 0
7766 8168 4
7766 8207 31
8462 8152 55
8462 8151 5
8462 8142 44
8462 8157 46
8462 8162 27
8462 8141 41
8462 8153 29
8462 8161 21
8462 7643 48
8462 8146 48
8462 8156 14
8462 8160 20
8462 8167 53
8462 7639 14
8462 8143 58
8462 8150 36
8462 8163 58
8462 8166 17
8462 7642 57
8462 8140 24
8462 8145 26
8462 8154 2
8462 8158 36
8462 8206 6
8462 8208 39
8462 7638 11
8462 7637 49
8462 7663 33
8462 8148 45
8462 8164 21
8462 8168 25
8462 8207 9
6038 8152 46
6038 8151 31
6038 8142 58
6038 8157 11
6038 8162 34
6038 8141 48
6038 8153 56
6038 8161 3
6038 7643 4
6038 8146 5
6038 8156 45
6038 8160 27
6038 8167 40
6038 7639 58
6038 8143 19
6038 8150 26
6038 8163 37
6038 8166 40
6038 7642 32
6038 8140 39
6038 8145 31
6038 8154 48
6038 8158 19
6038 8206 34
6038 8208 35
6038 7638 34
6038 7637 31
6038 7663 33
6038 8148 35
6038 8164 12
6038 8168 42
6038 8207 54
6039 8152 44
6039 8151 47
6039 8142 1
6039 8157 32
6039 8162 14
6039 8141 48
6039 8153 18
6039 8161 24
6039 7643 25
6039 8146 0
6039 8156 24
6039 8160 29
6039 8167 2
6039 7639 33
6039 8143 44
6039 8150 23
6039 8163 20
6039 8166 5
6039 7642 22
6039 8140 27
6039 8145 4
6039 8154 48
6039 8158 58
6039 8206 31
6039 8208 29
6039 7638 53
6039 7637 4
6039 7663 29
6039 8148 50
6039 8164 40
6039 8168 28
6039 8207 32
6043 8152 30
6043 8151 21
6043 8142 54
6043 8157 43
6043 8162 15
6043 8141 10
6043 8153 60
6043 8161 42
6043 7643 59
6043 8146 33
6043 8156 35
6043 8160 46
6043 8167 50
6043 7639 37
6043 8143 37
6043 8150 53
6043 8163 16
6043 8166 40
6043 7642 29
6043 8140 1
6043 8145 7
6043 8154 57
6043 8158 10
6043 8206 34
6043 8208 35
6043 7638 47
6043 7637 17
6043 7663 13
6043 8148 40
6043 8164 22
6043 8168 0
6043 8207 9
6037 8152 45
6037 8151 9
6037 8142 12
6037 8157 38
6037 8162 1
6037 8141 12
6037 8153 46
6037 8161 57
6037 7643 28
6037 8146 26
6037 8156 10
6037 8160 37
6037 8167 44
6037 7639 1
6037 8143 26
6037 8150 41
6037 8163 51
6037 8166 9
6037 7642 16
6037 8140 47
6037 8145 58
6037 8154 22
6037 8158 30
6037 8206 31
6037 8208 57
6037 7638 36
6037 7637 25
6037 7663 32
6037 8148 33
6037 8164 54
6037 8168 26
6037 8207 25
