3487 9174 60
3487 9174 55
3487 9174 7
3487 9174 15
3487 9173 54
3487 9173 13
3487 9173 1
3487 9173 15
3487 9175 11
3487 9175 32
3487 9175 41
3487 9175 45
3487 9501 3
3487 9501 28
3487 9501 50
3487 9501 29
3487 9172 29
3487 9172 49
3487 9172 10
3487 9172 25
3487 9813 35
3487 9813 18
3487 9813 6
3487 9813 22
3487 9702 15
3487 9702 58
3487 9702 58
3487 9702 50
3487 9502 37
3487 9502 55
3487 9502 15
3487 9502 26
3487 7414 33
3487 7414 34
3487 7414 22
3487 7414 11
3487 9812 0
3487 9812 0
3487 9812 60
3487 9812 5
3487 9703 52
3487 9703 46
3487 9703 50
3487 9703 53
3487 9711 2
3487 9711 41
3487 9711 47
3487 9711 21
3487 7413 60
3487 7413 0
3487 7413 7
3487 7413 54
3487 7407 57
3487 7407 36
3487 7407 1
3487 7407 54
3487 7425 30
3487 7425 34
3487 7425 12
3487 7425 25
3487 8341 9
3487 8341 5
3487 8341 8
3487 8341 50
3487 9704 38
3487 9704 57
3487 9704 48
3487 9704 15
3487 9508 19
3487 9508 21
3487 9508 52
3487 9508 25
3487 9712 18
3487 9712 56
3487 9712 37
3487 9712 10
3487 7405 26
3487 7405 1
3487 7405 0
3487 7405 19
3487 7416 57
3487 7416 2
3487 7416 60
3487 7416 11
3487 7424 41
3487 7424 25
3487 7424 36
3487 7424 31
3487 7406 18
3487 7406 35
3487 7406 10
3487 7406 43
3487 8339 60
3487 8339 20
3487 8339 21
3487 8339 2
3487 7423 13
3487 7423 51
3487 7423 1
3487 7423 53
3487 7428 26
3487 7428 50
3487 7428 59
3487 7428 29
3487 9171 43
3487 9171 33
3487 9171 30
3487 9171 60
3487 8340 6
3487 8340 46
3487 8340 17
3487 8340 13
3487 9705 45
3487 9705 54
3487 9705 2
3487 9705 18
3487 9500 2
3487 9500 5
3487 9500 59
3487 9500 27
3487 9507 22
3487 9507 26
3487 9507 26
3487 9507 40
3487 9828 32
3487 9828 11
3487 9828 17
3487 9828 36
3486 9174 5
3486 9174 55
3486 9174 36
3486 9174 34
3486 9173 36
3486 9173 2
3486 9173 28
3486 9173 7
3486 9175 46
3486 9175 48
3486 9175 34
3486 9175 2
3486 9501 48
3486 9501 5
3486 9501 45
3486 9501 22
3486 9172 31
3486 9172 12
3486 9172 40
3486 9172 42
3486 9813 48
3486 9813 22
3486 9813 57
3486 9813 9
3486 9702 20
3486 9702 7
3486 9702 17
3486 9702 5
3486 9502 27
3486 9502 40
3486 9502 45
3486 9502 42
3486 7414 43
3486 7414 41
3486 7414 53
3486 7414 53
3486 9812 27
3486 9812 2
3486 9812 20
3486 9812 11
3486 9703 0
3486 9703 46
3486 9703 28
3486 9703 54
3486 9711 0
3486 9711 17
3486 9711 32
3486 9711 36
3486 7413 42
3486 7413 0
3486 7413 18
3486 7413 23
3486 7407 10
3486 7407 3
3486 7407 44
3486 7407 53
3486 7425 24
3486 7425 41
3486 7425 58
3486 7425 11
3486 8341 12
3486 8341 31
3486 8341 13
3486 8341 10
3486 9704 48
3486 9704 49
3486 9704 49
3486 9704 10
3486 9508 10
3486 9508 57
3486 9508 41
3486 9508 33
3486 9712 47
3486 9712 18
3486 9712 33
3486 9712 60
3486 7405 55
3486 7405 47
3486 7405 22
3486 7405 47
3486 7416 34
3486 7416 10
3486 7416 34
3486 7416 11
3486 7424 58
3486 7424 42
3486 7424 23
3486 7424 60
3486 7406 14
3486 7406 34
3486 7406 58
3486 7406 28
3486 8339 29
3486 8339 38
3486 8339 23
3486 8339 34
3486 7423 24
3486 7423 46
3486 7423 40
3486 7423 7
3486 7428 51
3486 7428 21
3486 7428 55
3486 7428 57
3486 9171 47
3486 9171 34
3486 9171 55
3486 9171 22
3486 8340 7
3486 8340 52
3486 8340 4
3486 8340 42
3486 9705 54
3486 9705 41
3486 9705 53
3486 9705 15
3486 9500 36
3486 9500 45
3486 9500 50
3486 9500 23
3486 9507 9
3486 9507 60
3486 9507 49
3486 9507 47
3486 9828 11
3486 9828 34
3486 9828 0
3486 9828 16
3485 9174 22
3485 9174 50
3485 9174 8
3485 9174 49
3485 9173 27
3485 9173 37
3485 9173 3
3485 9173 50
3485 9175 42
3485 9175 58
3485 9175 46
3485 9175 39
3485 9501 41
3485 9501 4
3485 9501 39
3485 9501 21
3485 9172 50
3485 9172 22
3485 9172 24
3485 9172 43
3485 9813 10
3485 9813 49
3485 9813 14
3485 9813 19
3485 9702 7
3485 9702 9
3485 9702 1
3485 9702 55
3485 9502 6
3485 9502 40
3485 9502 23
3485 9502 46
3485 7414 28
3485 7414 28
3485 7414 14
3485 7414 8
3485 9812 55
3485 9812 38
3485 9812 18
3485 9812 4
3485 9703 34
3485 9703 52
3485 9703 14
3485 9703 32
3485 9711 45
3485 9711 9
3485 9711 27
3485 9711 2
3485 7413 55
3485 7413 59
3485 7413 2
3485 7413 24
3485 7407 7
3485 7407 17
3485 7407 2
3485 7407 42
3485 7425 52
3485 7425 53
3485 7425 56
3485 7425 7
3485 8341 32
3485 8341 5
3485 8341 9
3485 8341 59
3485 9704 41
3485 9704 48
3485 9704 27
3485 9704 9
3485 9508 2
3485 9508 7
3485 9508 44
3485 9508 40
3485 9712 36
3485 9712 57
3485 9712 37
3485 9712 50
3485 7405 22
3485 7405 43
3485 7405 0
3485 7405 38
3485 7416 55
3485 7416 3
3485 7416 31
3485 7416 53
3485 7424 24
3485 7424 21
3485 7424 0
3485 7424 54
3485 7406 43
3485 7406 12
3485 7406 60
3485 7406 37
3485 8339 42
3485 8339 7
3485 8339 11
3485 8339 47
3485 7423 18
3485 7423 45
3485 7423 17
3485 7423 40
3485 7428 25
3485 7428 0
3485 7428 38
3485 7428 1
3485 9171 21
3485 9171 53
3485 9171 48
3485 9171 59
3485 8340 21
3485 8340 28
3485 8340 24
3485 8340 18
3485 9705 43
3485 9705 5
3485 9705 13
3485 9705 29
3485 9500 17
3485 9500 1
3485 9500 0
3485 9500 39
3485 9507 45
3485 9507 30
3485 9507 28
3485 9507 58
3485 9828 33
3485 9828 43
3485 9828 35
3485 9828 23
3489 9174 25
3489 9174 18
3489 9174 40
3489 9174 14
3489 9173 7
3489 9173 8
3489 9173 52
3489 9173 48
3489 9175 37
3489 9175 47
3489 9175 8
3489 9175 18
3489 9501 37
3489 9501 57
3489 9501 18
3489 9501 52
3489 9172 54
3489 9172 9
3489 9172 30
3489 9172 55
3489 9813 44
3489 9813 24
3489 9813 16
3489 9813 0
3489 9702 29
3489 9702 33
3489 9702 25
3489 9702 36
3489 9502 42
3489 9502 47
3489 9502 57
3489 9502 6
3489 7414 47
3489 7414 55
3489 7414 39
3489 7414 23
3489 9812 38
3489 9812 40
3489 9812 2
3489 9812 59
3489 9703 44
3489 9703 25
3489 9703 60
3489 9703 44
3489 9711 29
3489 9711 5
3489 9711 44
3489 9711 15
3489 7413 24
3489 7413 11
3489 7413 51
3489 7413 53
3489 7407 24
3489 7407 59
3489 7407 31
3489 7407 44
3489 7425 3
3489 7425 42
3489 7425 16
3489 7425 26
3489 8341 16
3489 8341 4
3489 8341 42
3489 8341 21
3489 9704 45
3489 9704 27
3489 9704 37
3489 9704 27
3489 9508 47
3489 9508 39
3489 9508 31
3489 9508 48
3489 9712 6
3489 9712 27
3489 9712 20
3489 9712 19
3489 7405 53
3489 7405 44
3489 7405 58
3489 7405 37
3489 7416 18
3489 7416 27
3489 7416 21
3489 7416 41
3489 7424 24
3489 7424 27
3489 7424 59
3489 7424 18
3489 7406 19
3489 7406 8
3489 7406 50
3489 7406 21
3489 8339 43
3489 8339 45
3489 8339 43
3489 8339 57
3489 7423 42
3489 7423 18
3489 7423 18
3489 7423 6
3489 7428 37
3489 7428 34
3489 7428 0
3489 7428 43
3489 9171 8
3489 9171 41
3489 9171 13
3489 9171 53
3489 8340 4
3489 8340 34
3489 8340 59
3489 8340 10
3489 9705 18
3489 9705 15
3489 9705 47
3489 9705 21
3489 9500 55
3489 9500 39
3489 9500 59
3489 9500 30
3489 9507 47
3489 9507 46
3489 9507 7
3489 9507 53
3489 9828 20
3489 9828 53
3489 9828 5
3489 9828 48
3491 9174 31
3491 9174 31
3491 9174 37
3491 9174 0
3491 9173 46
3491 9173 55
3491 9173 24
3491 9173 35
3491 9175 17
3491 9175 45
3491 9175 42
3491 9175 30
3491 9501 28
3491 9501 29
3491 9501 16
3491 9501 28
3491 9172 16
3491 9172 37
3491 9172 29
3491 9172 7
3491 9813 24
3491 9813 44
3491 9813 40
3491 9813 47
3491 9702 10
3491 9702 6
3491 9702 59
3491 9702 20
3491 9502 43
3491 9502 41
3491 9502 58
3491 9502 58
3491 7414 49
3491 7414 28
3491 7414 29
3491 7414 10
3491 9812 34
3491 9812 17
3491 9812 37
3491 9812 16
3491 9703 33
3491 9703 48
3491 9703 56
3491 9703 15
3491 9711 1
3491 9711 18
3491 9711 25
3491 9711 51
3491 7413 44
3491 7413 48
3491 7413 9
3491 7413 40
3491 7407 9
3491 7407 14
3491 7407 50
3491 7407 57
3491 7425 22
3491 7425 37
3491 7425 4
3491 7425 17
3491 8341 28
3491 8341 44
3491 8341 24
3491 8341 17
3491 9704 38
3491 9704 33
3491 9704 35
3491 9704 42
3491 9508 44
3491 9508 42
3491 9508 5
3491 9508 58
3491 9712 43
3491 9712 5
3491 9712 14
3491 9712 44
3491 7405 4
3491 7405 0
3491 7405 51
3491 7405 38
3491 7416 46
3491 7416 47
3491 7416 59
3491 7416 0
3491 7424 48
3491 7424 28
3491 7424 51
3491 7424 53
3491 7406 41
3491 7406 0
3491 7406 17
3491 7406 12
3491 8339 51
3491 8339 54
3491 8339 47
3491 8339 31
3491 7423 32
3491 7423 12
3491 7423 5
3491 7423 56
3491 7428 11
3491 7428 50
3491 7428 51
3491 7428 11
3491 9171 25
3491 9171 7
3491 9171 26
3491 9171 45
3491 8340 20
3491 8340 60
3491 8340 6
3491 8340 46
3491 9705 11
3491 9705 41
3491 9705 12
3491 9705 24
3491 9500 24
3491 9500 33
3491 9500 5
3491 9500 39
3491 9507 27
3491 9507 1
3491 9507 31
3491 9507 20
3491 9828 27
3491 9828 24
3491 9828 58
3491 9828 5
3483 9174 22
3483 9174 49
3483 9174 59
3483 9174 53
3483 9173 51
3483 9173 35
3483 9173 37
3483 9173 40
3483 9175 33
3483 9175 54
3483 9175 51
3483 9175 41
3483 9501 45
3483 9501 22
3483 9501 52
3483 9501 34
3483 9172 29
3483 9172 42
3483 9172 30
3483 9172 17
3483 9813 25
3483 9813 30
3483 9813 17
3483 9813 32
3483 9702 1
3483 9702 14
3483 9702 14
3483 9702 41
3483 9502 56
3483 9502 57
3483 9502 58
3483 9502 46
3483 7414 37
3483 7414 55
3483 7414 57
3483 7414 0
3483 9812 16
3483 9812 45
3483 9812 35
3483 9812 56
3483 9703 6
3483 9703 15
3483 9703 41
3483 9703 20
3483 9711 33
3483 9711 48
3483 9711 2
3483 9711 3
3483 7413 25
3483 7413 17
3483 7413 22
3483 7413 5
3483 7407 33
3483 7407 26
3483 7407 31
3483 7407 13
3483 7425 0
3483 7425 44
3483 7425 12
3483 7425 31
3483 8341 29
3483 8341 8
3483 8341 57
3483 8341 18
3483 9704 59
3483 9704 5
3483 9704 12
3483 9704 36
3483 9508 39
3483 9508 51
3483 9508 45
3483 9508 33
3483 9712 48
3483 9712 33
3483 9712 8
3483 9712 48
3483 7405 49
3483 7405 26
3483 7405 28
3483 7405 19
3483 7416 46
3483 7416 44
3483 7416 46
3483 7416 22
3483 7424 28
3483 7424 7
3483 7424 9
3483 7424 34
3483 7406 11
3483 7406 31
3483 7406 5
3483 7406 42
3483 8339 44
3483 8339 46
3483 8339 7
3483 8339 12
3483 7423 58
3483 7423 24
3483 7423 49
3483 7423 20
3483 7428 49
3483 7428 59
3483 7428 26
3483 7428 8
3483 9171 46
3483 9171 22
3483 9171 12
3483 9171 48
3483 8340 22
3483 8340 3
3483 8340 40
3483 8340 23
3483 9705 49
3483 9705 28
3483 9705 43
3483 9705 0
3483 9500 39
3483 9500 10
3483 9500 59
3483 9500 14
3483 9507 12
3483 9507 20
3483 9507 16
3483 9507 56
3483 9828 51
3483 9828 44
3483 9828 51
3483 9828 9
3231 9174 24
3231 9174 20
3231 9174 26
3231 9174 35
3231 9173 50
3231 9173 13
3231 9173 25
3231 9173 22
3231 9175 6
3231 9175 58
3231 9175 2
3231 9175 32
3231 9501 46
3231 9501 47
3231 9501 11
3231 9501 19
3231 9172 24
3231 9172 4
3231 9172 8
3231 9172 59
3231 9813 28
3231 9813 20
3231 9813 50
3231 9813 29
3231 9702 37
3231 9702 15
3231 9702 58
3231 9702 38
3231 9502 14
3231 9502 51
3231 9502 59
3231 9502 13
3231 7414 56
3231 7414 45
3231 7414 27
3231 7414 3
3231 9812 53
3231 9812 5
3231 9812 47
3231 9812 16
3231 9703 6
3231 9703 52
3231 9703 21
3231 9703 47
3231 9711 59
3231 9711 46
3231 9711 33
3231 9711 31
3231 7413 10
3231 7413 60
3231 7413 3
3231 7413 46
3231 7407 57
3231 7407 20
3231 7407 32
3231 7407 3
3231 7425 55
3231 7425 20
3231 7425 57
3231 7425 32
3231 8341 40
3231 8341 5
3231 8341 20
3231 8341 19
3231 9704 45
3231 9704 43
3231 9704 24
3231 9704 19
3231 9508 58
3231 9508 46
3231 9508 33
3231 9508 30
3231 9712 2
3231 9712 40
3231 9712 38
3231 9712 58
3231 7405 50
3231 7405 8
3231 7405 10
3231 7405 8
3231 7416 9
3231 7416 30
3231 7416 15
3231 7416 55
3231 7424 4
3231 7424 37
3231 7424 15
3231 7424 50
3231 7406 35
3231 7406 5
3231 7406 15
3231 7406 56
3231 8339 20
3231 8339 38
3231 8339 5
3231 8339 0
3231 7423 3
3231 7423 28
3231 7423 34
3231 7423 26
3231 7428 35
3231 7428 23
3231 7428 25
3231 7428 17
3231 9171 2
3231 9171 46
3231 9171 27
3231 9171 1
3231 8340 31
3231 8340 48
3231 8340 20
3231 8340 15
3231 9705 57
3231 9705 57
3231 9705 59
3231 9705 11
3231 9500 1
3231 9500 2
3231 9500 5
3231 9500 57
3231 9507 7
3231 9507 8
3231 9507 14
3231 9507 13
3231 9828 30
3231 9828 10
3231 9828 45
3231 9828 58
3484 9174 14
3484 9174 54
3484 9174 7
3484 9174 47
3484 9173 4
3484 9173 19
3484 9173 22
3484 9173 40
3484 9175 31
3484 9175 60
3484 9175 43
3484 9175 8
3484 9501 40
3484 9501 51
3484 9501 4
3484 9501 2
3484 9172 49
3484 9172 23
3484 9172 4
3484 9172 47
3484 9813 4
3484 9813 25
3484 9813 4
3484 9813 7
3484 9702 22
3484 9702 51
3484 9702 34
3484 9702 19
3484 9502 41
3484 9502 55
3484 9502 5
3484 9502 58
3484 7414 15
3484 7414 32
3484 7414 38
3484 7414 7
3484 9812 54
3484 9812 9
3484 9812 47
3484 9812 7
3484 9703 15
3484 9703 19
3484 9703 9
3484 9703 40
3484 9711 45
3484 9711 27
3484 9711 27
3484 9711 53
3484 7413 14
3484 7413 50
3484 7413 58
3484 7413 39
3484 7407 35
3484 7407 25
3484 7407 4
3484 7407 53
3484 7425 32
3484 7425 11
3484 7425 30
3484 7425 27
3484 8341 53
3484 8341 9
3484 8341 1
3484 8341 1
3484 9704 4
3484 9704 21
3484 9704 52
3484 9704 37
3484 9508 56
3484 9508 18
3484 9508 48
3484 9508 36
3484 9712 53
3484 9712 3
3484 9712 6
3484 9712 45
3484 7405 45
3484 7405 37
3484 7405 38
3484 7405 9
3484 7416 34
3484 7416 5
3484 7416 31
3484 7416 41
3484 7424 6
3484 7424 60
3484 7424 15
3484 7424 60
3484 7406 53
3484 7406 0
3484 7406 4
3484 7406 53
3484 8339 60
3484 8339 60
3484 8339 39
3484 8339 54
3484 7423 5
3484 7423 17
3484 7423 39
3484 7423 5
3484 7428 6
3484 7428 60
3484 7428 45
3484 7428 42
3484 9171 32
3484 9171 54
3484 9171 24
3484 9171 9
3484 8340 24
3484 8340 8
3484 8340 38
3484 8340 25
3484 9705 20
3484 9705 13
3484 9705 60
3484 9705 5
3484 9500 57
3484 9500 31
3484 9500 5
3484 9500 36
3484 9507 21
3484 9507 54
3484 9507 29
3484 9507 30
3484 9828 17
3484 9828 15
3484 9828 47
3484 9828 7
3488 9174 53
3488 9174 42
3488 9174 12
3488 9174 10
3488 9173 0
3488 9173 52
3488 9173 18
3488 9173 47
3488 9175 23
3488 9175 41
3488 9175 4
3488 9175 58
3488 9501 1
3488 9501 16
3488 9501 56
3488 9501 56
3488 9172 48
3488 9172 43
3488 9172 42
3488 9172 35
3488 9813 47
3488 9813 47
3488 9813 47
3488 9813 13
3488 9702 2
3488 9702 49
3488 9702 51
3488 9702 44
3488 9502 52
3488 9502 20
3488 9502 4
3488 9502 30
3488 7414 36
3488 7414 55
3488 7414 26
3488 7414 40
3488 9812 36
3488 9812 29
3488 9812 52
3488 9812 59
3488 9703 30
3488 9703 21
3488 9703 24
3488 9703 7
3488 9711 56
3488 9711 7
3488 9711 20
3488 9711 17
3488 7413 0
3488 7413 21
3488 7413 46
3488 7413 5
3488 7407 5
3488 7407 9
3488 7407 57
3488 7407 27
3488 7425 41
3488 7425 8
3488 7425 45
3488 7425 26
3488 8341 24
3488 8341 12
3488 8341 20
3488 8341 14
3488 9704 14
3488 9704 19
3488 9704 0
3488 9704 5
3488 9508 30
3488 9508 30
3488 9508 6
3488 9508 20
3488 9712 56
3488 9712 34
3488 9712 24
3488 9712 49
3488 7405 0
3488 7405 25
3488 7405 2
3488 7405 35
3488 7416 26
3488 7416 4
3488 7416 13
3488 7416 50
3488 7424 9
3488 7424 4
3488 7424 30
3488 7424 15
3488 7406 35
3488 7406 20
3488 7406 36
3488 7406 42
3488 8339 1
3488 8339 46
3488 8339 46
3488 8339 4
3488 7423 37
3488 7423 39
3488 7423 13
3488 7423 14
3488 7428 35
3488 7428 26
3488 7428 56
3488 7428 52
3488 9171 38
3488 9171 3
3488 9171 22
3488 9171 26
3488 8340 24
3488 8340 10
3488 8340 4
3488 8340 59
3488 9705 60
3488 9705 31
3488 9705 26
3488 9705 17
3488 9500 34
3488 9500 26
3488 9500 15
3488 9500 27
3488 9507 38
3488 9507 28
3488 9507 12
3488 9507 30
3488 9828 2
3488 9828 54
3488 9828 48
3488 9828 34
3492 9174 17
3492 9174 49
3492 9174 51
3492 9174 33
3492 9173 15
3492 9173 2
3492 9173 4
3492 9173 34
3492 9175 6
3492 9175 6
3492 9175 56
3492 9175 54
3492 9501 30
3492 9501 48
3492 9501 57
3492 9501 42
3492 9172 39
3492 9172 2
3492 9172 34
3492 9172 42
3492 9813 37
3492 9813 44
3492 9813 10
3492 9813 13
3492 9702 11
3492 9702 6
3492 9702 10
3492 9702 32
3492 9502 37
3492 9502 15
3492 9502 19
3492 9502 10
3492 7414 7
3492 7414 33
3492 7414 11
3492 7414 36
3492 9812 55
3492 9812 37
3492 9812 37
3492 9812 14
3492 9703 52
3492 9703 34
3492 9703 49
3492 9703 13
3492 9711 49
3492 9711 17
3492 9711 33
3492 9711 57
3492 7413 11
3492 7413 59
3492 7413 38
3492 7413 3
3492 7407 54
3492 7407 35
3492 7407 11
3492 7407 25
3492 7425 8
3492 7425 11
3492 7425 20
3492 7425 58
3492 8341 23
3492 8341 49
3492 8341 41
3492 8341 47
3492 9704 52
3492 9704 11
3492 9704 5
3492 9704 56
3492 9508 41
3492 9508 12
3492 9508 18
3492 9508 2
3492 9712 33
3492 9712 36
3492 9712 51
3492 9712 14
3492 7405 45
3492 7405 11
3492 7405 52
3492 7405 52
3492 7416 33
3492 7416 7
3492 7416 41
3492 7416 36
3492 7424 27
3492 7424 50
3492 7424 52
3492 7424 4
3492 7406 28
3492 7406 48
3492 7406 20
3492 7406 11
3492 8339 25
3492 8339 4
3492 8339 32
3492 8339 3
3492 7423 54
3492 7423 22
3492 7423 43
3492 7423 22
3492 7428 27
3492 7428 3
3492 7428 19
3492 7428 48
3492 9171 21
3492 9171 47
3492 9171 11
3492 9171 27
3492 8340 42
3492 8340 10
3492 8340 38
3492 8340 52
3492 9705 47
3492 9705 24
3492 9705 46
3492 9705 58
3492 9500 38
3492 9500 46
3492 9500 38
3492 9500 27
3492 9507 28
3492 9507 27
3492 9507 46
3492 9507 13
3492 9828 35
3492 9828 27
3492 9828 24
3492 9828 55
3493 9174 46
3493 9174 31
3493 9174 38
3493 9174 17
3493 9173 47
3493 9173 23
3493 9173 36
3493 9173 38
3493 9175 33
3493 9175 5
3493 9175 44
3493 9175 29
3493 9501 44
3493 9501 45
3493 9501 19
3493 9501 46
3493 9172 37
3493 9172 53
3493 9172 30
3493 9172 36
3493 9813 33
3493 9813 52
3493 9813 54
3493 9813 38
3493 9702 9
3493 9702 1
3493 9702 58
3493 9702 17
3493 9502 60
3493 9502 38
3493 9502 4
3493 9502 10
3493 7414 22
3493 7414 6
3493 7414 50
3493 7414 47
3493 9812 34
3493 9812 56
3493 9812 49
3493 9812 15
3493 9703 59
3493 9703 10
3493 9703 39
3493 9703 37
3493 9711 55
3493 9711 34
3493 9711 33
3493 9711 25
3493 7413 57
3493 7413 13
3493 7413 2
3493 7413 17
3493 7407 1
3493 7407 59
3493 7407 2
3493 7407 38
3493 7425 1
3493 7425 53
3493 7425 57
3493 7425 0
3493 8341 17
3493 8341 47
3493 8341 18
3493 8341 14
3493 9704 27
3493 9704 25
3493 9704 45
3493 9704 17
3493 9508 20
3493 9508 18
3493 9508 16
3493 9508 49
3493 9712 9
3493 9712 5
3493 9712 12
3493 9712 51
3493 7405 37
3493 7405 9
3493 7405 46
3493 7405 13
3493 7416 26
3493 7416 42
3493 7416 46
3493 7416 29
3493 7424 31
3493 7424 49
3493 7424 30
3493 7424 47
3493 7406 11
3493 7406 26
3493 7406 39
3493 7406 9
3493 8339 55
3493 8339 42
3493 8339 23
3493 8339 8
3493 7423 5
3493 7423 51
3493 7423 48
3493 7423 36
3493 7428 22
3493 7428 13
3493 7428 49
3493 7428 25
3493 9171 15
3493 9171 56
3493 9171 56
3493 9171 57
3493 8340 4
3493 8340 28
3493 8340 7
3493 8340 32
3493 9705 34
3493 9705 44
3493 9705 50
3493 9705 11
3493 9500 50
3493 9500 4
3493 9500 57
3493 9500 39
3493 9507 48
3493 9507 18
3493 9507 43
3493 9507 60
3493 9828 9
3493 9828 29
3493 9828 29
3493 9828 35
3504 9174 7
3504 9174 29
3504 9174 46
3504 9174 58
3504 9173 36
3504 9173 19
3504 9173 36
3504 9173 19
3504 9175 4
3504 9175 1
3504 9175 14
3504 9175 25
3504 9501 38
3504 9501 52
3504 9501 52
3504 9501 43
3504 9172 47
3504 9172 42
3504 9172 22
3504 9172 33
3504 9813 23
3504 9813 43
3504 9813 60
3504 9813 11
3504 9702 2
3504 9702 44
3504 9702 2
3504 9702 8
3504 9502 41
3504 9502 5
3504 9502 38
3504 9502 30
3504 7414 54
3504 7414 22
3504 7414 34
3504 7414 53
3504 9812 24
3504 9812 46
3504 9812 17
3504 9812 58
3504 9703 32
3504 9703 22
3504 9703 45
3504 9703 32
3504 9711 41
3504 9711 24
3504 9711 44
3504 9711 35
3504 7413 46
3504 7413 48
3504 7413 35
3504 7413 17
3504 7407 28
3504 7407 1
3504 7407 60
3504 7407 21
3504 7425 12
3504 7425 6
3504 7425 56
3504 7425 49
3504 8341 19
3504 8341 45
3504 8341 4
3504 8341 5
3504 9704 47
3504 9704 46
3504 9704 7
3504 9704 31
3504 9508 43
3504 9508 58
3504 9508 51
3504 9508 50
3504 9712 40
3504 9712 42
3504 9712 18
3504 9712 2
3504 7405 39
3504 7405 43
3504 7405 11
3504 7405 36
3504 7416 51
3504 7416 9
3504 7416 42
3504 7416 6
3504 7424 6
3504 7424 15
3504 7424 30
3504 7424 5
3504 7406 57
3504 7406 0
3504 7406 2
3504 7406 13
3504 8339 26
3504 8339 25
3504 8339 19
3504 8339 54
3504 7423 59
3504 7423 24
3504 7423 51
3504 7423 11
3504 7428 8
3504 7428 24
3504 7428 47
3504 7428 30
3504 9171 2
3504 9171 11
3504 9171 21
3504 9171 53
3504 8340 4
3504 8340 26
3504 8340 43
3504 8340 40
3504 9705 5
3504 9705 48
3504 9705 9
3504 9705 17
3504 9500 4
3504 9500 34
3504 9500 55
3504 9500 31
3504 9507 28
3504 9507 28
3504 9507 52
3504 9507 50
3504 9828 2
3504 9828 52
3504 9828 20
3504 9828 6
3228 9174 12
3228 9174 19
3228 9174 40
3228 9174 44
3228 9173 38
3228 9173 0
3228 9173 4
3228 9173 60
3228 9175 50
3228 9175 14
3228 9175 28
3228 9175 44
3228 9501 6
3228 9501 20
3228 9501 32
3228 9501 37
3228 9172 38
3228 9172 8
3228 9172 26
3228 9172 22
3228 9813 12
3228 9813 8
3228 9813 30
3228 9813 10
3228 9702 9
3228 9702 17
3228 9702 25
3228 9702 32
3228 9502 28
3228 9502 40
3228 9502 19
3228 9502 43
3228 7414 55
3228 7414 54
3228 7414 26
3228 7414 51
3228 9812 22
3228 9812 48
3228 9812 60
3228 9812 15
3228 9703 51
3228 9703 5
3228 9703 60
3228 9703 60
3228 9711 6
3228 9711 3
3228 9711 14
3228 9711 8
3228 7413 8
3228 7413 19
3228 7413 3
3228 7413 52
3228 7407 55
3228 7407 47
3228 7407 20
3228 7407 10
3228 7425 48
3228 7425 49
3228 7425 35
3228 7425 33
3228 8341 53
3228 8341 19
3228 8341 43
3228 8341 17
3228 9704 33
3228 9704 56
3228 9704 35
3228 9704 6
3228 9508 53
3228 9508 40
3228 9508 44
3228 9508 15
3228 9712 0
3228 9712 29
3228 9712 5
3228 9712 30
3228 7405 54
3228 7405 32
3228 7405 47
3228 7405 53
3228 7416 48
3228 7416 47
3228 7416 19
3228 7416 3
3228 7424 32
3228 7424 51
3228 7424 14
3228 7424 13
3228 7406 54
3228 7406 7
3228 7406 3
3228 7406 20
3228 8339 58
3228 8339 30
3228 8339 40
3228 8339 11
3228 7423 58
3228 7423 52
3228 7423 23
3228 7423 30
3228 7428 45
3228 7428 60
3228 7428 7
3228 7428 32
3228 9171 15
3228 9171 40
3228 9171 40
3228 9171 16
3228 8340 53
3228 8340 25
3228 8340 7
3228 8340 22
3228 9705 39
3228 9705 51
3228 9705 57
3228 9705 22
3228 9500 22
3228 9500 16
3228 9500 42
3228 9500 45
3228 9507 12
3228 9507 13
3228 9507 25
3228 9507 1
3228 9828 10
3228 9828 23
3228 9828 42
3228 9828 10
3229 9174 27
3229 9174 46
3229 9174 0
3229 9174 45
3229 9173 24
3229 9173 20
3229 9173 40
3229 9173 25
3229 9175 18
3229 9175 17
3229 9175 21
3229 9175 30
3229 9501 38
3229 9501 48
3229 9501 14
3229 9501 2
3229 9172 30
3229 9172 35
3229 9172 47
3229 9172 36
3229 9813 27
3229 9813 23
3229 9813 45
3229 9813 58
3229 9702 21
3229 9702 21
3229 9702 24
3229 9702 17
3229 9502 54
3229 9502 47
3229 9502 49
3229 9502 10
3229 7414 17
3229 7414 11
3229 7414 28
3229 7414 6
3229 9812 3
3229 9812 30
3229 9812 50
3229 9812 60
3229 9703 18
3229 9703 29
3229 9703 26
3229 9703 57
3229 9711 49
3229 9711 20
3229 9711 1
3229 9711 14
3229 7413 0
3229 7413 44
3229 7413 16
3229 7413 2
3229 7407 24
3229 7407 2
3229 7407 49
3229 7407 31
3229 7425 36
3229 7425 5
3229 7425 37
3229 7425 60
3229 8341 5
3229 8341 58
3229 8341 50
3229 8341 38
3229 9704 33
3229 9704 11
3229 9704 57
3229 9704 8
3229 9508 46
3229 9508 29
3229 9508 8
3229 9508 10
3229 9712 58
3229 9712 11
3229 9712 2
3229 9712 50
3229 7405 22
3229 7405 53
3229 7405 1
3229 7405 32
3229 7416 11
3229 7416 11
3229 7416 27
3229 7416 57
3229 7424 3
3229 7424 32
3229 7424 7
3229 7424 3
3229 7406 26
3229 7406 15
3229 7406 52
3229 7406 26
3229 8339 28
3229 8339 9
3229 8339 49
3229 8339 41
3229 7423 35
3229 7423 58
3229 7423 57
3229 7423 58
3229 7428 56
3229 7428 38
3229 7428 10
3229 7428 42
3229 9171 60
3229 9171 18
3229 9171 8
3229 9171 44
3229 8340 12
3229 8340 51
3229 8340 39
3229 8340 10
3229 9705 47
3229 9705 34
3229 9705 54
3229 9705 24
3229 9500 2
3229 9500 14
3229 9500 3
3229 9500 41
3229 9507 6
3229 9507 2
3229 9507 40
3229 9507 38
3229 9828 5
3229 9828 20
3229 9828 7
3229 9828 4
3490 9174 39
3490 9174 11
3490 9174 14
3490 9174 30
3490 9173 58
3490 9173 9
3490 9173 51
3490 9173 18
3490 9175 17
3490 9175 22
3490 9175 12
3490 9175 38
3490 9501 0
3490 9501 31
3490 9501 47
3490 9501 34
3490 9172 52
3490 9172 43
3490 9172 37
3490 9172 59
3490 9813 7
3490 9813 14
3490 9813 23
3490 9813 42
3490 9702 3
3490 9702 58
3490 9702 57
3490 9702 35
3490 9502 48
3490 9502 15
3490 9502 43
3490 9502 14
3490 7414 4
3490 7414 34
3490 7414 56
3490 7414 44
3490 9812 52
3490 9812 8
3490 9812 37
3490 9812 34
3490 9703 0
3490 9703 54
3490 9703 53
3490 9703 13
3490 9711 6
3490 9711 39
3490 9711 59
3490 9711 19
3490 7413 46
3490 7413 6
3490 7413 52
3490 7413 21
3490 7407 20
3490 7407 58
3490 7407 48
3490 7407 25
3490 7425 42
3490 7425 56
3490 7425 2
3490 7425 50
3490 8341 13
3490 8341 41
3490 8341 7
3490 8341 50
3490 9704 14
3490 9704 36
3490 9704 8
3490 9704 22
3490 9508 28
3490 9508 40
3490 9508 14
3490 9508 13
3490 9712 11
3490 9712 58
3490 9712 7
3490 9712 13
3490 7405 4
3490 7405 1
3490 7405 16
3490 7405 0
3490 7416 10
3490 7416 39
3490 7416 9
3490 7416 17
3490 7424 24
3490 7424 5
3490 7424 32
3490 7424 2
3490 7406 15
3490 7406 49
3490 7406 22
3490 7406 58
3490 8339 26
3490 8339 51
3490 8339 5
3490 8339 24
3490 7423 17
3490 7423 57
3490 7423 29
3490 7423 41
3490 7428 49
3490 7428 21
3490 7428 9
3490 7428 34
3490 9171 20
3490 9171 5
3490 9171 5
3490 9171 9
3490 8340 60
3490 8340 10
3490 8340 40
3490 8340 29
3490 9705 3
3490 9705 7
3490 9705 49
3490 9705 19
3490 9500 56
3490 9500 28
3490 9500 22
3490 9500 46
3490 9507 5
3490 9507 32
3490 9507 43
3490 9507 45
3490 9828 22
3490 9828 4
3490 9828 19
3490 9828 31
3223 9174 58
3223 9174 58
3223 9174 1
3223 9174 43
3223 9173 34
3223 9173 52
3223 9173 55
3223 9173 44
3223 9175 46
3223 9175 16
3223 9175 38
3223 9175 49
3223 9501 60
3223 9501 24
3223 9501 27
3223 9501 36
3223 9172 44
3223 9172 47
3223 9172 1
3223 9172 16
3223 9813 30
3223 9813 23
3223 9813 57
3223 9813 52
3223 9702 38
3223 9702 58
3223 9702 11
3223 9702 17
3223 9502 10
3223 9502 12
3223 9502 44
3223 9502 41
3223 7414 10
3223 7414 46
3223 7414 20
3223 7414 34
3223 9812 9
3223 9812 40
3223 9812 46
3223 9812 39
3223 9703 28
3223 9703 24
3223 9703 19
3223 9703 1
3223 9711 10
3223 9711 27
3223 9711 37
3223 9711 2
3223 7413 18
3223 7413 37
3223 7413 32
3223 7413 60
3223 7407 20
3223 7407 18
3223 7407 58
3223 7407 13
3223 7425 36
3223 7425 27
3223 7425 3
3223 7425 42
3223 8341 15
3223 8341 7
3223 8341 32
3223 8341 51
3223 9704 55
3223 9704 14
3223 9704 2
3223 9704 52
3223 9508 43
3223 9508 17
3223 9508 47
3223 9508 12
3223 9712 10
3223 9712 15
3223 9712 50
3223 9712 36
3223 7405 17
3223 7405 53
3223 7405 33
3223 7405 37
3223 7416 52
3223 7416 8
3223 7416 8
3223 7416 40
3223 7424 54
3223 7424 4
3223 7424 19
3223 7424 42
3223 7406 29
3223 7406 54
3223 7406 59
3223 7406 20
3223 8339 17
3223 8339 0
3223 8339 54
3223 8339 30
3223 7423 39
3223 7423 31
3223 7423 46
3223 7423 50
3223 7428 29
3223 7428 21
3223 7428 36
3223 7428 18
3223 9171 9
3223 9171 57
3223 9171 34
3223 9171 30
3223 8340 33
3223 8340 44
3223 8340 25
3223 8340 24
3223 9705 45
3223 9705 29
3223 9705 8
3223 9705 59
3223 9500 28
3223 9500 45
3223 9500 4
3223 9500 53
3223 9507 35
3223 9507 9
3223 9507 5
3223 9507 18
3223 9828 36
3223 9828 48
3223 9828 18
3223 9828 5
3499 9174 5
3499 9174 50
3499 9174 11
3499 9174 8
3499 9173 4
3499 9173 3
3499 9173 35
3499 9173 22
3499 9175 16
3499 9175 48
3499 9175 15
3499 9175 29
3499 9501 29
3499 9501 18
3499 9501 56
3499 9501 3
3499 9172 2
3499 9172 16
3499 9172 50
3499 9172 55
3499 9813 27
3499 9813 7
3499 9813 58
3499 9813 10
3499 9702 22
3499 9702 47
3499 9702 36
3499 9702 51
3499 9502 33
3499 9502 10
3499 9502 57
3499 9502 47
3499 7414 8
3499 7414 49
3499 7414 53
3499 7414 21
3499 9812 40
3499 9812 15
3499 9812 21
3499 9812 1
3499 9703 45
3499 9703 49
3499 9703 55
3499 9703 56
3499 9711 54
3499 9711 14
3499 9711 22
3499 9711 13
3499 7413 6
3499 7413 1
3499 7413 1
3499 7413 21
3499 7407 30
3499 7407 28
3499 7407 9
3499 7407 40
3499 7425 37
3499 7425 13
3499 7425 57
3499 7425 44
3499 8341 15
3499 8341 49
3499 8341 1
3499 8341 33
3499 9704 17
3499 9704 38
3499 9704 5
3499 9704 41
3499 9508 44
3499 9508 45
3499 9508 16
3499 9508 7
3499 9712 7
3499 9712 30
3499 9712 11
3499 9712 11
3499 7405 33
3499 7405 23
3499 7405 13
3499 7405 37
3499 7416 25
3499 7416 58
3499 7416 36
3499 7416 37
3499 7424 43
3499 7424 56
3499 7424 13
3499 7424 25
3499 7406 51
3499 7406 18
3499 7406 14
3499 7406 20
3499 8339 0
3499 8339 10
3499 8339 22
3499 8339 44
3499 7423 39
3499 7423 23
3499 7423 6
3499 7423 34
3499 7428 49
3499 7428 32
3499 7428 55
3499 7428 19
3499 9171 40
3499 9171 24
3499 9171 6
3499 9171 1
3499 8340 58
3499 8340 5
3499 8340 11
3499 8340 1
3499 9705 41
3499 9705 39
3499 9705 0
3499 9705 40
3499 9500 36
3499 9500 17
3499 9500 43
3499 9500 5
3499 9507 54
3499 9507 45
3499 9507 52
3499 9507 16
3499 9828 37
3499 9828 15
3499 9828 24
3499 9828 9
3500 9174 53
3500 9174 11
3500 9174 43
3500 9174 53
3500 9173 20
3500 9173 40
3500 9173 32
3500 9173 19
3500 9175 21
3500 9175 54
3500 9175 11
3500 9175 15
3500 9501 36
3500 9501 20
3500 9501 54
3500 9501 22
3500 9172 26
3500 9172 2
3500 9172 47
3500 9172 9
3500 9813 28
3500 9813 38
3500 9813 38
3500 9813 2
3500 9702 0
3500 9702 4
3500 9702 15
3500 9702 54
3500 9502 46
3500 9502 42
3500 9502 55
3500 9502 15
3500 7414 54
3500 7414 58
3500 7414 31
3500 7414 16
3500 9812 42
3500 9812 45
3500 9812 59
3500 9812 60
3500 9703 25
3500 9703 16
3500 9703 6
3500 9703 25
3500 9711 32
3500 9711 45
3500 9711 54
3500 9711 42
3500 7413 44
3500 7413 30
3500 7413 32
3500 7413 41
3500 7407 10
3500 7407 59
3500 7407 6
3500 7407 3
3500 7425 33
3500 7425 55
3500 7425 3
3500 7425 17
3500 8341 41
3500 8341 49
3500 8341 8
3500 8341 6
3500 9704 32
3500 9704 0
3500 9704 60
3500 9704 7
3500 9508 51
3500 9508 20
3500 9508 59
3500 9508 51
3500 9712 30
3500 9712 8
3500 9712 47
3500 9712 57
3500 7405 19
3500 7405 46
3500 7405 3
3500 7405 2
3500 7416 27
3500 7416 21
3500 7416 46
3500 7416 21
3500 7424 39
3500 7424 53
3500 7424 0
3500 7424 8
3500 7406 14
3500 7406 48
3500 7406 30
3500 7406 14
3500 8339 22
3500 8339 18
3500 8339 57
3500 8339 21
3500 7423 25
3500 7423 49
3500 7423 38
3500 7423 53
3500 7428 22
3500 7428 31
3500 7428 46
3500 7428 6
3500 9171 51
3500 9171 45
3500 9171 26
3500 9171 25
3500 8340 41
3500 8340 2
3500 8340 43
3500 8340 10
3500 9705 53
3500 9705 22
3500 9705 49
3500 9705 56
3500 9500 54
3500 9500 18
3500 9500 49
3500 9500 26
3500 9507 40
3500 9507 23
3500 9507 38
3500 9507 56
3500 9828 23
3500 9828 14
3500 9828 27
3500 9828 7
3505 9174 23
3505 9174 58
3505 9174 46
3505 9174 55
3505 9173 54
3505 9173 32
3505 9173 49
3505 9173 21
3505 9175 11
3505 9175 17
3505 9175 48
3505 9175 24
3505 9501 55
3505 9501 59
3505 9501 60
3505 9501 6
3505 9172 20
3505 9172 0
3505 9172 60
3505 9172 10
3505 9813 10
3505 9813 59
3505 9813 42
3505 9813 13
3505 9702 38
3505 9702 32
3505 9702 8
3505 9702 58
3505 9502 30
3505 9502 34
3505 9502 59
3505 9502 54
3505 7414 40
3505 7414 25
3505 7414 60
3505 7414 12
3505 9812 23
3505 9812 30
3505 9812 29
3505 9812 42
3505 9703 39
3505 9703 38
3505 9703 43
3505 9703 45
3505 9711 41
3505 9711 45
3505 9711 13
3505 9711 53
3505 7413 17
3505 7413 9
3505 7413 38
3505 7413 21
3505 7407 38
3505 7407 16
3505 7407 28
3505 7407 13
3505 7425 20
3505 7425 28
3505 7425 30
3505 7425 39
3505 8341 28
3505 8341 42
3505 8341 56
3505 8341 16
3505 9704 0
3505 9704 43
3505 9704 56
3505 9704 2
3505 9508 58
3505 9508 43
3505 9508 30
3505 9508 1
3505 9712 3
3505 9712 53
3505 9712 26
3505 9712 26
3505 7405 46
3505 7405 29
3505 7405 2
3505 7405 10
3505 7416 21
3505 7416 3
3505 7416 11
3505 7416 55
3505 7424 55
3505 7424 58
3505 7424 1
3505 7424 1
3505 7406 9
3505 7406 20
3505 7406 54
3505 7406 45
3505 8339 53
3505 8339 48
3505 8339 34
3505 8339 18
3505 7423 11
3505 7423 49
3505 7423 20
3505 7423 13
3505 7428 3
3505 7428 15
3505 7428 9
3505 7428 23
3505 9171 6
3505 9171 52
3505 9171 6
3505 9171 29
3505 8340 13
3505 8340 16
3505 8340 28
3505 8340 56
3505 9705 16
3505 9705 27
3505 9705 16
3505 9705 54
3505 9500 49
3505 9500 25
3505 9500 18
3505 9500 27
3505 9507 11
3505 9507 3
3505 9507 30
3505 9507 49
3505 9828 11
3505 9828 7
3505 9828 38
3505 9828 44
3506 9174 44
3506 9174 54
3506 9174 15
3506 9174 57
3506 9173 16
3506 9173 23
3506 9173 37
3506 9173 14
3506 9175 41
3506 9175 42
3506 9175 41
3506 9175 53
3506 9501 53
3506 9501 23
3506 9501 5
3506 9501 24
3506 9172 20
3506 9172 19
3506 9172 15
3506 9172 57
3506 9813 52
3506 9813 2
3506 9813 23
3506 9813 47
3506 9702 1
3506 9702 3
3506 9702 29
3506 9702 58
3506 9502 22
3506 9502 59
3506 9502 40
3506 9502 42
3506 7414 2
3506 7414 44
3506 7414 42
3506 7414 14
3506 9812 48
3506 9812 33
3506 9812 39
3506 9812 39
3506 9703 41
3506 9703 42
3506 9703 23
3506 9703 51
3506 9711 44
3506 9711 45
3506 9711 48
3506 9711 23
3506 7413 59
3506 7413 45
3506 7413 26
3506 7413 23
3506 7407 35
3506 7407 38
3506 7407 15
3506 7407 3
3506 7425 55
3506 7425 35
3506 7425 58
3506 7425 45
3506 8341 57
3506 8341 14
3506 8341 58
3506 8341 26
3506 9704 12
3506 9704 2
3506 9704 41
3506 9704 31
3506 9508 0
3506 9508 17
3506 9508 49
3506 9508 23
3506 9712 32
3506 9712 27
3506 9712 27
3506 9712 28
3506 7405 51
3506 7405 12
3506 7405 60
3506 7405 1
3506 7416 22
3506 7416 15
3506 7416 24
3506 7416 14
3506 7424 21
3506 7424 50
3506 7424 59
3506 7424 17
3506 7406 4
3506 7406 0
3506 7406 28
3506 7406 28
3506 8339 54
3506 8339 4
3506 8339 52
3506 8339 40
3506 7423 21
3506 7423 6
3506 7423 31
3506 7423 9
3506 7428 47
3506 7428 15
3506 7428 13
3506 7428 43
3506 9171 13
3506 9171 56
3506 9171 28
3506 9171 1
3506 8340 52
3506 8340 37
3506 8340 45
3506 8340 38
3506 9705 21
3506 9705 21
3506 9705 54
3506 9705 8
3506 9500 0
3506 9500 19
3506 9500 60
3506 9500 37
3506 9507 27
3506 9507 43
3506 9507 41
3506 9507 22
3506 9828 22
3506 9828 19
3506 9828 24
3506 9828 37
3247 9174 35
3247 9174 29
3247 9174 5
3247 9174 3
3247 9173 27
3247 9173 39
3247 9173 23
3247 9173 53
3247 9175 54
3247 9175 18
3247 9175 34
3247 9175 18
3247 9501 1
3247 9501 17
3247 9501 19
3247 9501 48
3247 9172 47
3247 9172 49
3247 9172 35
3247 9172 30
3247 9813 30
3247 9813 34
3247 9813 29
3247 9813 37
3247 9702 2
3247 9702 31
3247 9702 17
3247 9702 32
3247 9502 0
3247 9502 14
3247 9502 40
3247 9502 5
3247 7414 48
3247 7414 20
3247 7414 56
3247 7414 15
3247 9812 24
3247 9812 1
3247 9812 10
3247 9812 2
3247 9703 9
3247 9703 37
3247 9703 37
3247 9703 40
3247 9711 5
3247 9711 12
3247 9711 34
3247 9711 30
3247 7413 23
3247 7413 44
3247 7413 31
3247 7413 49
3247 7407 54
3247 7407 58
3247 7407 34
3247 7407 14
3247 7425 35
3247 7425 5
3247 7425 25
3247 7425 14
3247 8341 9
3247 8341 29
3247 8341 14
3247 8341 43
3247 9704 53
3247 9704 16
3247 9704 19
3247 9704 49
3247 9508 8
3247 9508 47
3247 9508 9
3247 9508 20
3247 9712 51
3247 9712 22
3247 9712 24
3247 9712 24
3247 7405 57
3247 7405 36
3247 7405 37
3247 7405 39
3247 7416 40
3247 7416 3
3247 7416 14
3247 7416 55
3247 7424 59
3247 7424 58
3247 7424 43
3247 7424 42
3247 7406 12
3247 7406 13
3247 7406 58
3247 7406 53
3247 8339 38
3247 8339 32
3247 8339 44
3247 8339 48
3247 7423 5
3247 7423 35
3247 7423 40
3247 7423 27
3247 7428 20
3247 7428 2
3247 7428 36
3247 7428 52
3247 9171 4
3247 9171 12
3247 9171 20
3247 9171 46
3247 8340 2
3247 8340 48
3247 8340 48
3247 8340 39
3247 9705 51
3247 9705 20
3247 9705 14
3247 9705 59
3247 9500 12
3247 9500 46
3247 9500 37
3247 9500 6
3247 9507 4
3247 9507 19
3247 9507 56
3247 9507 19
3247 9828 27
3247 9828 41
3247 9828 19
3247 9828 33
3225 9174 45
3225 9174 55
3225 9174 35
3225 9174 52
3225 9173 49
3225 9173 19
3225 9173 6
3225 9173 30
3225 9175 29
3225 9175 35
3225 9175 23
3225 9175 26
3225 9501 19
3225 9501 40
3225 9501 0
3225 9501 40
3225 9172 35
3225 9172 6
3225 9172 7
3225 9172 51
3225 9813 32
3225 9813 45
3225 9813 44
3225 9813 57
3225 9702 32
3225 9702 12
3225 9702 29
3225 9702 16
3225 9502 58
3225 9502 20
3225 9502 44
3225 9502 1
3225 7414 5
3225 7414 28
3225 7414 16
3225 7414 50
3225 9812 13
3225 9812 42
3225 9812 0
3225 9812 14
3225 9703 42
3225 9703 30
3225 9703 37
3225 9703 21
3225 9711 17
3225 9711 58
3225 9711 17
3225 9711 52
3225 7413 12
3225 7413 13
3225 7413 21
3225 7413 51
3225 7407 26
3225 7407 19
3225 7407 33
3225 7407 8
3225 7425 45
3225 7425 44
3225 7425 15
3225 7425 56
3225 8341 31
3225 8341 36
3225 8341 14
3225 8341 27
3225 9704 21
3225 9704 18
3225 9704 18
3225 9704 3
3225 9508 22
3225 9508 35
3225 9508 44
3225 9508 37
3225 9712 21
3225 9712 0
3225 9712 29
3225 9712 30
3225 7405 31
3225 7405 1
3225 7405 41
3225 7405 51
3225 7416 48
3225 7416 28
3225 7416 17
3225 7416 55
3225 7424 27
3225 7424 30
3225 7424 57
3225 7424 4
3225 7406 52
3225 7406 19
3225 7406 30
3225 7406 31
3225 8339 11
3225 8339 15
3225 8339 45
3225 8339 49
3225 7423 11
3225 7423 3
3225 7423 26
3225 7423 59
3225 7428 16
3225 7428 8
3225 7428 56
3225 7428 36
3225 9171 56
3225 9171 41
3225 9171 46
3225 9171 60
3225 8340 47
3225 8340 20
3225 8340 11
3225 8340 51
3225 9705 8
3225 9705 25
3225 9705 8
3225 9705 30
3225 9500 1
3225 9500 7
3225 9500 55
3225 9500 12
3225 9507 10
3225 9507 40
3225 9507 30
3225 9507 8
3225 9828 19
3225 9828 52
3225 9828 60
3225 9828 26
3227 9174 15
3227 9174 3
3227 9174 39
3227 9174 41
3227 9173 35
3227 9173 43
3227 9173 14
3227 9173 40
3227 9175 19
3227 9175 20
3227 9175 46
3227 9175 39
3227 9501 37
3227 9501 34
3227 9501 24
3227 9501 48
3227 9172 55
3227 9172 19
3227 9172 8
3227 9172 20
3227 9813 59
3227 9813 29
3227 9813 27
3227 9813 56
3227 9702 21
3227 9702 10
3227 9702 43
3227 9702 27
3227 9502 50
3227 9502 5
3227 9502 47
3227 9502 13
3227 7414 16
3227 7414 0
3227 7414 28
3227 7414 60
3227 9812 38
3227 9812 46
3227 9812 42
3227 9812 8
3227 9703 56
3227 9703 51
3227 9703 25
3227 9703 29
3227 9711 17
3227 9711 13
3227 9711 3
3227 9711 52
3227 7413 14
3227 7413 49
3227 7413 1
3227 7413 24
3227 7407 4
3227 7407 27
3227 7407 20
3227 7407 24
3227 7425 12
3227 7425 46
3227 7425 47
3227 7425 24
3227 8341 44
3227 8341 19
3227 8341 0
3227 8341 24
3227 9704 51
3227 9704 35
3227 9704 30
3227 9704 17
3227 9508 50
3227 9508 3
3227 9508 41
3227 9508 30
3227 9712 32
3227 9712 24
3227 9712 30
3227 9712 53
3227 7405 51
3227 7405 49
3227 7405 51
3227 7405 24
3227 7416 18
3227 7416 40
3227 7416 27
3227 7416 30
3227 7424 29
3227 7424 20
3227 7424 52
3227 7424 25
3227 7406 30
3227 7406 32
3227 7406 58
3227 7406 56
3227 8339 52
3227 8339 12
3227 8339 23
3227 8339 10
3227 7423 33
3227 7423 29
3227 7423 1
3227 7423 54
3227 7428 12
3227 7428 20
3227 7428 15
3227 7428 48
3227 9171 13
3227 9171 58
3227 9171 30
3227 9171 53
3227 8340 19
3227 8340 9
3227 8340 48
3227 8340 53
3227 9705 58
3227 9705 23
3227 9705 49
3227 9705 11
3227 9500 16
3227 9500 39
3227 9500 38
3227 9500 46
3227 9507 10
3227 9507 4
3227 9507 46
3227 9507 54
3227 9828 5
3227 9828 6
3227 9828 14
3227 9828 9
3232 9174 1
3232 9174 34
3232 9174 25
3232 9174 31
3232 9173 24
3232 9173 28
3232 9173 28
3232 9173 24
3232 9175 48
3232 9175 25
3232 9175 12
3232 9175 14
3232 9501 6
3232 9501 30
3232 9501 51
3232 9501 33
3232 9172 60
3232 9172 46
3232 9172 19
3232 9172 49
3232 9813 14
3232 9813 47
3232 9813 10
3232 9813 20
3232 9702 6
3232 9702 14
3232 9702 14
3232 9702 57
3232 9502 0
3232 9502 57
3232 9502 44
3232 9502 6
3232 7414 27
3232 7414 47
3232 7414 36
3232 7414 3
3232 9812 34
3232 9812 49
3232 9812 53
3232 9812 50
3232 9703 23
3232 9703 23
3232 9703 33
3232 9703 53
3232 9711 46
3232 9711 6
3232 9711 37
3232 9711 31
3232 7413 13
3232 7413 52
3232 7413 11
3232 7413 31
3232 7407 8
3232 7407 36
3232 7407 35
3232 7407 28
3232 7425 14
3232 7425 35
3232 7425 56
3232 7425 33
3232 8341 39
3232 8341 34
3232 8341 3
3232 8341 29
3232 9704 16
3232 9704 17
3232 9704 32
3232 9704 54
3232 9508 1
3232 9508 15
3232 9508 47
3232 9508 32
3232 9712 51
3232 9712 46
3232 9712 36
3232 9712 43
3232 7405 55
3232 7405 0
3232 7405 48
3232 7405 59
3232 7416 6
3232 7416 24
3232 7416 21
3232 7416 25
3232 7424 47
3232 7424 16
3232 7424 31
3232 7424 51
3232 7406 56
3232 7406 10
3232 7406 55
3232 7406 44
3232 8339 18
3232 8339 35
3232 8339 32
3232 8339 55
3232 7423 50
3232 7423 17
3232 7423 33
3232 7423 20
3232 7428 59
3232 7428 1
3232 7428 42
3232 7428 13
3232 9171 16
3232 9171 53
3232 9171 55
3232 9171 37
3232 8340 34
3232 8340 57
3232 8340 55
3232 8340 5
3232 9705 14
3232 9705 30
3232 9705 12
3232 9705 15
3232 9500 4
3232 9500 32
3232 9500 31
3232 9500 34
3232 9507 33
3232 9507 46
3232 9507 60
3232 9507 45
3232 9828 40
3232 9828 25
3232 9828 38
3232 9828 58
3222 9174 2
3222 9174 2
3222 9174 34
3222 9174 51
3222 9173 29
3222 9173 4
3222 9173 37
3222 9173 36
3222 9175 34
3222 9175 14
3222 9175 55
3222 9175 14
3222 9501 50
3222 9501 57
3222 9501 4
3222 9501 60
3222 9172 4
3222 9172 14
3222 9172 32
3222 9172 12
3222 9813 2
3222 9813 52
3222 9813 27
3222 9813 8
3222 9702 39
3222 9702 23
3222 9702 55
3222 9702 5
3222 9502 5
3222 9502 60
3222 9502 26
3222 9502 34
3222 7414 48
3222 7414 30
3222 7414 53
3222 7414 44
3222 9812 46
3222 9812 2
3222 9812 41
3222 9812 21
3222 9703 22
3222 9703 43
3222 9703 33
3222 9703 13
3222 9711 6
3222 9711 31
3222 9711 50
3222 9711 39
3222 7413 24
3222 7413 46
3222 7413 21
3222 7413 24
3222 7407 30
3222 7407 7
3222 7407 15
3222 7407 5
3222 7425 51
3222 7425 41
3222 7425 56
3222 7425 38
3222 8341 12
3222 8341 19
3222 8341 47
3222 8341 47
3222 9704 17
3222 9704 11
3222 9704 32
3222 9704 27
3222 9508 57
3222 9508 11
3222 9508 28
3222 9508 36
3222 9712 39
3222 9712 0
3222 9712 56
3222 9712 53
3222 7405 11
3222 7405 5
3222 7405 47
3222 7405 2
3222 7416 60
3222 7416 19
3222 7416 60
3222 7416 36
3222 7424 57
3222 7424 13
3222 7424 33
3222 7424 56
3222 7406 13
3222 7406 55
3222 7406 7
3222 7406 17
3222 8339 21
3222 8339 8
3222 8339 38
3222 8339 14
3222 7423 33
3222 7423 33
3222 7423 13
3222 7423 42
3222 7428 18
3222 7428 53
3222 7428 5
3222 7428 8
3222 9171 32
3222 9171 56
3222 9171 32
3222 9171 49
3222 8340 26
3222 8340 23
3222 8340 9
3222 8340 8
3222 9705 52
3222 9705 19
3222 9705 52
3222 9705 7
3222 9500 22
3222 9500 26
3222 9500 35
3222 9500 0
3222 9507 51
3222 9507 51
3222 9507 42
3222 9507 41
3222 9828 43
3222 9828 4
3222 9828 39
3222 9828 18
3495 9174 49
3495 9174 38
3495 9174 45
3495 9174 12
3495 9173 57
3495 9173 27
3495 9173 16
3495 9173 8
3495 9175 50
3495 9175 37
3495 9175 22
3495 9175 60
3495 9501 4
3495 9501 27
3495 9501 17
3495 9501 49
3495 9172 15
3495 9172 56
3495 9172 51
3495 9172 2
3495 9813 1
3495 9813 38
3495 9813 43
3495 9813 41
3495 9702 0
3495 9702 17
3495 9702 43
3495 9702 27
3495 9502 15
3495 9502 19
3495 9502 20
3495 9502 24
3495 7414 47
3495 7414 60
3495 7414 13
3495 7414 6
3495 9812 35
3495 9812 9
3495 9812 37
3495 9812 48
3495 9703 54
3495 9703 44
3495 9703 38
3495 9703 27
3495 9711 38
3495 9711 60
3495 9711 55
3495 9711 30
3495 7413 55
3495 7413 35
3495 7413 8
3495 7413 11
3495 7407 23
3495 7407 40
3495 7407 11
3495 7407 1
3495 7425 58
3495 7425 31
3495 7425 19
3495 7425 45
3495 8341 16
3495 8341 47
3495 8341 4
3495 8341 36
3495 9704 17
3495 9704 38
3495 9704 46
3495 9704 26
3495 9508 51
3495 9508 13
3495 9508 59
3495 9508 55
3495 9712 46
3495 9712 24
3495 9712 1
3495 9712 22
3495 7405 6
3495 7405 13
3495 7405 49
3495 7405 45
3495 7416 31
3495 7416 26
3495 7416 50
3495 7416 28
3495 7424 48
3495 7424 39
3495 7424 1
3495 7424 14
3495 7406 22
3495 7406 25
3495 7406 31
3495 7406 19
3495 8339 60
3495 8339 3
3495 8339 52
3495 8339 60
3495 7423 17
3495 7423 4
3495 7423 40
3495 7423 21
3495 7428 56
3495 7428 26
3495 7428 15
3495 7428 34
3495 9171 26
3495 9171 16
3495 9171 14
3495 9171 36
3495 8340 44
3495 8340 17
3495 8340 1
3495 8340 30
3495 9705 37
3495 9705 59
3495 9705 13
3495 9705 51
3495 9500 32
3495 9500 8
3495 9500 46
3495 9500 25
3495 9507 56
3495 9507 39
3495 9507 7
3495 9507 10
3495 9828 46
3495 9828 1
3495 9828 3
3495 9828 18
3501 9174 58
3501 9174 32
3501 9174 43
3501 9174 9
3501 9173 34
3501 9173 41
3501 9173 44
3501 9173 13
3501 9175 19
3501 9175 24
3501 9175 11
3501 9175 41
3501 9501 4
3501 9501 26
3501 9501 27
3501 9501 4
3501 9172 25
3501 9172 3
3501 9172 32
3501 9172 23
3501 9813 27
3501 9813 43
3501 9813 44
3501 9813 58
3501 9702 22
3501 9702 17
3501 9702 21
3501 9702 32
3501 9502 42
3501 9502 59
3501 9502 1
3501 9502 13
3501 7414 16
3501 7414 45
3501 7414 59
3501 7414 21
3501 9812 43
3501 9812 19
3501 9812 30
3501 9812 40
3501 9703 53
3501 9703 19
3501 9703 35
3501 9703 0
3501 9711 23
3501 9711 42
3501 9711 18
3501 9711 41
3501 7413 49
3501 7413 26
3501 7413 59
3501 7413 18
3501 7407 41
3501 7407 50
3501 7407 49
3501 7407 46
3501 7425 28
3501 7425 58
3501 7425 53
3501 7425 46
3501 8341 7
3501 8341 14
3501 8341 29
3501 8341 36
3501 9704 30
3501 9704 52
3501 9704 54
3501 9704 41
3501 9508 11
3501 9508 60
3501 9508 45
3501 9508 48
3501 9712 50
3501 9712 27
3501 9712 48
3501 9712 11
3501 7405 24
3501 7405 31
3501 7405 32
3501 7405 22
3501 7416 28
3501 7416 60
3501 7416 37
3501 7416 43
3501 7424 56
3501 7424 19
3501 7424 44
3501 7424 0
3501 7406 22
3501 7406 33
3501 7406 46
3501 7406 8
3501 8339 60
3501 8339 14
3501 8339 40
3501 8339 2
3501 7423 19
3501 7423 13
3501 7423 52
3501 7423 40
3501 7428 55
3501 7428 3
3501 7428 0
3501 7428 5
3501 9171 42
3501 9171 43
3501 9171 29
3501 9171 43
3501 8340 10
3501 8340 10
3501 8340 46
3501 8340 58
3501 9705 20
3501 9705 49
3501 9705 7
3501 9705 51
3501 9500 4
3501 9500 13
3501 9500 9
3501 9500 0
3501 9507 47
3501 9507 16
3501 9507 37
3501 9507 2
3501 9828 23
3501 9828 31
3501 9828 32
3501 9828 8
3509 9174 37
3509 9174 32
3509 9174 42
3509 9174 0
3509 9173 29
3509 9173 38
3509 9173 2
3509 9173 17
3509 9175 45
3509 9175 11
3509 9175 33
3509 9175 60
3509 9501 38
3509 9501 46
3509 9501 16
3509 9501 12
3509 9172 9
3509 9172 29
3509 9172 53
3509 9172 7
3509 9813 21
3509 9813 6
3509 9813 21
3509 9813 44
3509 9702 43
3509 9702 15
3509 9702 30
3509 9702 10
3509 9502 50
3509 9502 45
3509 9502 17
3509 9502 7
3509 7414 48
3509 7414 17
3509 7414 56
3509 7414 10
3509 9812 46
3509 9812 16
3509 9812 10
3509 9812 46
3509 9703 0
3509 9703 18
3509 9703 48
3509 9703 11
3509 9711 54
3509 9711 40
3509 9711 51
3509 9711 29
3509 7413 0
3509 7413 21
3509 7413 51
3509 7413 25
3509 7407 40
3509 7407 54
3509 7407 53
3509 7407 11
3509 7425 15
3509 7425 35
3509 7425 9
3509 7425 56
3509 8341 13
3509 8341 8
3509 8341 49
3509 8341 33
3509 9704 0
3509 9704 58
3509 9704 23
3509 9704 45
3509 9508 60
3509 9508 42
3509 9508 59
3509 9508 38
3509 9712 8
3509 9712 52
3509 9712 33
3509 9712 21
3509 7405 42
3509 7405 59
3509 7405 42
3509 7405 36
3509 7416 41
3509 7416 42
3509 7416 38
3509 7416 29
3509 7424 53
3509 7424 28
3509 7424 24
3509 7424 44
3509 7406 47
3509 7406 21
3509 7406 49
3509 7406 14
3509 8339 57
3509 8339 47
3509 8339 19
3509 8339 33
3509 7423 17
3509 7423 17
3509 7423 39
3509 7423 51
3509 7428 27
3509 7428 35
3509 7428 4
3509 7428 8
3509 9171 22
3509 9171 26
3509 9171 40
3509 9171 34
3509 8340 36
3509 8340 56
3509 8340 39
3509 8340 18
3509 9705 8
3509 9705 60
3509 9705 9
3509 9705 41
3509 9500 45
3509 9500 11
3509 9500 16
3509 9500 3
3509 9507 24
3509 9507 10
3509 9507 20
3509 9507 37
3509 9828 55
3509 9828 44
3509 9828 40
3509 9828 6
3507 9174 47
3507 9174 24
3507 9174 35
3507 9174 56
3507 9173 32
3507 9173 36
3507 9173 19
3507 9173 22
3507 9175 53
3507 9175 39
3507 9175 17
3507 9175 12
3507 9501 58
3507 9501 14
3507 9501 39
3507 9501 7
3507 9172 17
3507 9172 55
3507 9172 12
3507 9172 0
3507 9813 8
3507 9813 9
3507 9813 9
3507 9813 8
3507 9702 33
3507 9702 18
3507 9702 41
3507 9702 2
3507 9502 45
3507 9502 25
3507 9502 30
3507 9502 28
3507 7414 1
3507 7414 7
3507 7414 53
3507 7414 59
3507 9812 6
3507 9812 24
3507 9812 31
3507 9812 27
3507 9703 38
3507 9703 22
3507 9703 19
3507 9703 38
3507 9711 27
3507 9711 11
3507 9711 19
3507 9711 10
3507 7413 35
3507 7413 42
3507 7413 16
3507 7413 5
3507 7407 53
3507 7407 10
3507 7407 13
3507 7407 13
3507 7425 20
3507 7425 18
3507 7425 27
3507 7425 36
3507 8341 9
3507 8341 9
3507 8341 17
3507 8341 30
3507 9704 38
3507 9704 11
3507 9704 52
3507 9704 38
3507 9508 25
3507 9508 39
3507 9508 51
3507 9508 54
3507 9712 30
3507 9712 22
3507 9712 31
3507 9712 4
3507 7405 15
3507 7405 3
3507 7405 44
3507 7405 38
3507 7416 6
3507 7416 19
3507 7416 27
3507 7416 11
3507 7424 48
3507 7424 42
3507 7424 51
3507 7424 55
3507 7406 6
3507 7406 8
3507 7406 25
3507 7406 26
3507 8339 57
3507 8339 19
3507 8339 41
3507 8339 44
3507 7423 16
3507 7423 18
3507 7423 41
3507 7423 48
3507 7428 28
3507 7428 36
3507 7428 0
3507 7428 35
3507 9171 31
3507 9171 25
3507 9171 11
3507 9171 9
3507 8340 15
3507 8340 43
3507 8340 17
3507 8340 52
3507 9705 24
3507 9705 7
3507 9705 0
3507 9705 2
3507 9500 41
3507 9500 37
3507 9500 35
3507 9500 16
3507 9507 19
3507 9507 30
3507 9507 28
3507 9507 46
3507 9828 43
3507 9828 16
3507 9828 45
3507 9828 34
3288 9174 37
3288 9174 36
3288 9174 45
3288 9174 14
3288 9173 52
3288 9173 20
3288 9173 31
3288 9173 38
3288 9175 22
3288 9175 6
3288 9175 58
3288 9175 24
3288 9501 37
3288 9501 9
3288 9501 46
3288 9501 59
3288 9172 39
3288 9172 1
3288 9172 0
3288 9172 37
3288 9813 60
3288 9813 15
3288 9813 21
3288 9813 23
3288 9702 37
3288 9702 20
3288 9702 22
3288 9702 20
3288 9502 5
3288 9502 12
3288 9502 7
3288 9502 10
3288 7414 22
3288 7414 41
3288 7414 30
3288 7414 42
3288 9812 6
3288 9812 25
3288 9812 8
3288 9812 8
3288 9703 47
3288 9703 34
3288 9703 2
3288 9703 55
3288 9711 54
3288 9711 20
3288 9711 34
3288 9711 44
3288 7413 18
3288 7413 23
3288 7413 16
3288 7413 31
3288 7407 34
3288 7407 4
3288 7407 1
3288 7407 14
3288 7425 16
3288 7425 9
3288 7425 13
3288 7425 8
3288 8341 36
3288 8341 37
3288 8341 59
3288 8341 0
3288 9704 53
3288 9704 3
3288 9704 34
3288 9704 6
3288 9508 35
3288 9508 15
3288 9508 39
3288 9508 28
3288 9712 14
3288 9712 18
3288 9712 15
3288 9712 58
3288 7405 55
3288 7405 40
3288 7405 21
3288 7405 39
3288 7416 36
3288 7416 53
3288 7416 6
3288 7416 16
3288 7424 59
3288 7424 22
3288 7424 44
3288 7424 52
3288 7406 40
3288 7406 9
3288 7406 14
3288 7406 34
3288 8339 30
3288 8339 60
3288 8339 50
3288 8339 29
3288 7423 24
3288 7423 18
3288 7423 3
3288 7423 4
3288 7428 48
3288 7428 48
3288 7428 5
3288 7428 57
3288 9171 5
3288 9171 5
3288 9171 3
3288 9171 50
3288 8340 2
3288 8340 60
3288 8340 57
3288 8340 45
3288 9705 41
3288 9705 0
3288 9705 45
3288 9705 51
3288 9500 56
3288 9500 9
3288 9500 22
3288 9500 35
3288 9507 22
3288 9507 49
3288 9507 58
3288 9507 50
3288 9828 8
3288 9828 57
3288 9828 7
3288 9828 52
3243 9174 4
3243 9174 16
3243 9174 9
3243 9174 41
3243 9173 38
3243 9173 2
3243 9173 8
3243 9173 51
3243 9175 31
3243 9175 17
3243 9175 19
3243 9175 21
3243 9501 41
3243 9501 37
3243 9501 44
3243 9501 25
3243 9172 44
3243 9172 23
3243 9172 55
3243 9172 54
3243 9813 48
3243 9813 20
3243 9813 57
3243 9813 55
3243 9702 34
3243 9702 59
3243 9702 6
3243 9702 57
3243 9502 33
3243 9502 37
3243 9502 51
3243 9502 55
3243 7414 26
3243 7414 57
3243 7414 56
3243 7414 35
3243 9812 56
3243 9812 40
3243 9812 51
3243 9812 59
3243 9703 4
3243 9703 2
3243 9703 44
3243 9703 16
3243 9711 37
3243 9711 20
3243 9711 49
3243 9711 3
3243 7413 28
3243 7413 1
3243 7413 32
3243 7413 11
3243 7407 36
3243 7407 50
3243 7407 15
3243 7407 6
3243 7425 49
3243 7425 22
3243 7425 54
3243 7425 0
3243 8341 20
3243 8341 41
3243 8341 54
3243 8341 55
3243 9704 23
3243 9704 48
3243 9704 13
3243 9704 22
3243 9508 44
3243 9508 38
3243 9508 38
3243 9508 10
3243 9712 13
3243 9712 44
3243 9712 29
3243 9712 28
3243 7405 11
3243 7405 1
3243 7405 9
3243 7405 37
3243 7416 58
3243 7416 56
3243 7416 49
3243 7416 43
3243 7424 39
3243 7424 33
3243 7424 6
3243 7424 1
3243 7406 24
3243 7406 53
3243 7406 34
3243 7406 12
3243 8339 8
3243 8339 9
3243 8339 56
3243 8339 17
3243 7423 11
3243 7423 53
3243 7423 60
3243 7423 45
3243 7428 20
3243 7428 27
3243 7428 3
3243 7428 32
3243 9171 42
3243 9171 11
3243 9171 11
3243 9171 2
3243 8340 53
3243 8340 41
3243 8340 56
3243 8340 11
3243 9705 16
3243 9705 39
3243 9705 45
3243 9705 14
3243 9500 26
3243 9500 30
3243 9500 33
3243 9500 53
3243 9507 3
3243 9507 16
3243 9507 51
3243 9507 2
3243 9828 25
3243 9828 26
3243 9828 45
3243 9828 6
3224 9174 31
3224 9174 31
3224 9174 53
3224 9174 59
3224 9173 53
3224 9173 40
3224 9173 12
3224 9173 16
3224 9175 8
3224 9175 40
3224 9175 30
3224 9175 10
3224 9501 20
3224 9501 5
3224 9501 11
3224 9501 48
3224 9172 26
3224 9172 24
3224 9172 47
3224 9172 45
3224 9813 31
3224 9813 54
3224 9813 32
3224 9813 43
3224 9702 18
3224 9702 35
3224 9702 12
3224 9702 22
3224 9502 30
3224 9502 7
3224 9502 43
3224 9502 50
3224 7414 50
3224 7414 38
3224 7414 45
3224 7414 9
3224 9812 16
3224 9812 24
3224 9812 51
3224 9812 35
3224 9703 2
3224 9703 46
3224 9703 27
3224 9703 59
3224 9711 19
3224 9711 31
3224 9711 36
3224 9711 51
3224 7413 17
3224 7413 15
3224 7413 0
3224 7413 4
3224 7407 34
3224 7407 1
3224 7407 14
3224 7407 12
3224 7425 12
3224 7425 36
3224 7425 51
3224 7425 7
3224 8341 58
3224 8341 45
3224 8341 37
3224 8341 10
3224 9704 54
3224 9704 44
3224 9704 6
3224 9704 59
3224 9508 23
3224 9508 57
3224 9508 22
3224 9508 45
3224 9712 29
3224 9712 59
3224 9712 27
3224 9712 46
3224 7405 35
3224 7405 49
3224 7405 6
3224 7405 59
3224 7416 38
3224 7416 31
3224 7416 53
3224 7416 38
3224 7424 23
3224 7424 55
3224 7424 40
3224 7424 46
3224 7406 7
3224 7406 19
3224 7406 18
3224 7406 33
3224 8339 16
3224 8339 32
3224 8339 37
3224 8339 27
3224 7423 8
3224 7423 38
3224 7423 34
3224 7423 43
3224 7428 29
3224 7428 54
3224 7428 52
3224 7428 28
3224 9171 18
3224 9171 44
3224 9171 12
3224 9171 28
3224 8340 16
3224 8340 11
3224 8340 3
3224 8340 9
3224 9705 0
3224 9705 20
3224 9705 4
3224 9705 52
3224 9500 59
3224 9500 15
3224 9500 19
3224 9500 44
3224 9507 15
3224 9507 43
3224 9507 48
3224 9507 7
3224 9828 22
3224 9828 40
3224 9828 20
3224 9828 36
