1172 1875 35
1172 1875 55
1172 1870 45
1172 1870 39
1172 1876 3
1172 1876 36
1172 1869 12
1172 1869 0
1172 2285 23
1172 2285 39
1172 1868 38
1172 1868 0
1172 1866 19
1172 1866 0
1172 1859 2
1172 1859 7
1172 1890 16
1172 1890 38
1172 1788 3
1172 1788 33
1172 1858 13
1172 1858 55
1172 1892 42
1172 1892 22
1172 1833 10
1172 1833 28
1172 1790 36
1172 1790 13
1172 1877 6
1172 1877 49
1172 1891 49
1172 1891 21
1172 1831 36
1172 1831 34
1172 1835 16
1172 1835 31
1172 1789 35
1172 1789 55
1172 1828 24
1172 1828 5
1172 1927 45
1172 1927 23
1172 1895 6
1172 1895 23
1172 1830 18
1172 1830 25
1172 1834 16
1172 1834 8
1172 1846 43
1172 1846 8
1172 1819 12
1172 1819 16
1172 1827 8
1172 1827 31
1172 1922 31
1172 1922 52
1172 1928 25
1172 1928 28
1172 1933 3
1172 1933 46
1172 1894 8
1172 1894 26
1172 1821 53
1172 1821 3
1156 1875 57
1156 1875 0
1156 1870 6
1156 1870 9
1156 1876 48
1156 1876 41
1156 1869 27
1156 1869 47
1156 2285 20
1156 2285 36
1156 1868 31
1156 1868 23
1156 1866 26
1156 1866 37
1156 1859 30
1156 1859 8
1156 1890 56
1156 1890 36
1156 1788 48
1156 1788 49
1156 1858 11
1156 1858 18
1156 1892 50
1156 1892 36
1156 1833 38
1156 1833 30
1156 1790 7
1156 1790 19
1156 1877 20
1156 1877 49
1156 1891 53
1156 1891 28
1156 1831 11
1156 1831 47
1156 1835 56
1156 1835 20
1156 1789 23
1156 1789 60
1156 1828 31
1156 1828 16
1156 1927 6
1156 1927 57
1156 1895 13
1156 1895 2
1156 1830 26
1156 1830 40
1156 1834 12
1156 1834 50
1156 1846 39
1156 1846 30
1156 1819 9
1156 1819 45
1156 1827 52
1156 1827 1
1156 1922 44
1156 1922 26
1156 1928 47
1156 1928 19
1156 1933 14
1156 1933 41
1156 1894 36
1156 1894 59
1156 1821 54
1156 1821 38
1176 1875 7
1176 1875 42
1176 1870 39
1176 1870 59
1176 1876 30
1176 1876 52
1176 1869 33
1176 1869 34
1176 2285 17
1176 2285 34
1176 1868 16
1176 1868 39
1176 1866 59
1176 1866 9
1176 1859 56
1176 1859 30
1176 1890 43
1176 1890 57
1176 1788 10
1176 1788 7
1176 1858 45
1176 1858 34
1176 1892 0
1176 1892 39
1176 1833 45
1176 1833 9
1176 1790 30
1176 1790 58
1176 1877 25
1176 1877 55
1176 1891 60
1176 1891 16
1176 1831 60
1176 1831 54
1176 1835 19
1176 1835 11
1176 1789 37
1176 1789 10
1176 1828 32
1176 1828 21
1176 1927 53
1176 1927 52
1176 1895 4
1176 1895 58
1176 1830 35
1176 1830 27
1176 1834 50
1176 1834 29
1176 1846 5
1176 1846 48
1176 1819 8
1176 1819 24
1176 1827 37
1176 1827 42
1176 1922 57
1176 1922 39
1176 1928 47
1176 1928 34
1176 1933 21
1176 1933 9
1176 1894 18
1176 1894 22
1176 1821 45
1176 1821 49
1171 1875 13
1171 1875 12
1171 1870 32
1171 1870 5
1171 1876 23
1171 1876 3
1171 1869 51
1171 1869 59
1171 2285 8
1171 2285 56
1171 1868 52
1171 1868 29
1171 1866 47
1171 1866 35
1171 1859 8
1171 1859 43
1171 1890 34
1171 1890 11
1171 1788 28
1171 1788 37
1171 1858 10
1171 1858 13
1171 1892 7
1171 1892 16
1171 1833 42
1171 1833 26
1171 1790 28
1171 1790 38
1171 1877 54
1171 1877 11
1171 1891 31
1171 1891 9
1171 1831 12
1171 1831 42
1171 1835 13
1171 1835 22
1171 1789 35
1171 1789 29
1171 1828 5
1171 1828 17
1171 1927 51
1171 1927 23
1171 1895 18
1171 1895 45
1171 1830 3
1171 1830 59
1171 1834 46
1171 1834 21
1171 1846 58
1171 1846 6
1171 1819 59
1171 1819 30
1171 1827 9
1171 1827 58
1171 1922 49
1171 1922 16
1171 1928 39
1171 1928 43
1171 1933 49
1171 1933 24
1171 1894 49
1171 1894 34
1171 1821 11
1171 1821 55
1720 1875 49
1720 1875 3
1720 1870 7
1720 1870 44
1720 1876 55
1720 1876 50
1720 1869 59
1720 1869 17
1720 2285 25
1720 2285 10
1720 1868 14
1720 1868 0
1720 1866 3
1720 1866 30
1720 1859 7
1720 1859 7
1720 1890 46
1720 1890 48
1720 1788 5
1720 1788 6
1720 1858 29
1720 1858 33
1720 1892 59
1720 1892 44
1720 1833 38
1720 1833 25
1720 1790 37
1720 1790 13
1720 1877 35
1720 1877 10
1720 1891 14
1720 1891 47
1720 1831 1
1720 1831 1
1720 1835 49
1720 1835 59
1720 1789 35
1720 1789 9
1720 1828 17
1720 1828 59
1720 1927 16
1720 1927 6
1720 1895 39
1720 1895 39
1720 1830 10
1720 1830 26
1720 1834 43
1720 1834 52
1720 1846 50
1720 1846 6
1720 1819 8
1720 1819 34
1720 1827 14
1720 1827 48
1720 1922 1
1720 1922 33
1720 1928 21
1720 1928 7
1720 1933 8
1720 1933 53
1720 1894 39
1720 1894 49
1720 1821 40
1720 1821 5
1155 1875 31
1155 1875 37
1155 1870 13
1155 1870 2
1155 1876 50
1155 1876 45
1155 1869 48
1155 1869 58
1155 2285 7
1155 2285 41
1155 1868 20
1155 1868 51
1155 1866 1
1155 1866 51
1155 1859 23
1155 1859 60
1155 1890 10
1155 1890 29
1155 1788 46
1155 1788 40
1155 1858 42
1155 1858 52
1155 1892 46
1155 1892 42
1155 1833 3
1155 1833 13
1155 1790 21
1155 1790 48
1155 1877 55
1155 1877 12
1155 1891 40
1155 1891 17
1155 1831 60
1155 1831 5
1155 1835 43
1155 1835 49
1155 1789 52
1155 1789 34
1155 1828 23
1155 1828 20
1155 1927 43
1155 1927 57
1155 1895 36
1155 1895 42
1155 1830 17
1155 1830 22
1155 1834 52
1155 1834 47
1155 1846 50
1155 1846 60
1155 1819 52
1155 1819 53
1155 1827 56
1155 1827 26
1155 1922 15
1155 1922 4
1155 1928 10
1155 1928 34
1155 1933 58
1155 1933 12
1155 1894 27
1155 1894 43
1155 1821 28
1155 1821 34
1170 1875 3
1170 1875 41
1170 1870 57
1170 1870 42
1170 1876 45
1170 1876 9
1170 1869 17
1170 1869 37
1170 2285 28
1170 2285 33
1170 1868 3
1170 1868 53
1170 1866 56
1170 1866 2
1170 1859 51
1170 1859 44
1170 1890 50
1170 1890 46
1170 1788 7
1170 1788 57
1170 1858 13
1170 1858 32
1170 1892 16
1170 1892 38
1170 1833 4
1170 1833 48
1170 1790 13
1170 1790 11
1170 1877 1
1170 1877 24
1170 1891 14
1170 1891 11
1170 1831 33
1170 1831 51
1170 1835 51
1170 1835 52
1170 1789 42
1170 1789 12
1170 1828 51
1170 1828 22
1170 1927 15
1170 1927 50
1170 1895 16
1170 1895 60
1170 1830 55
1170 1830 17
1170 1834 31
1170 1834 1
1170 1846 33
1170 1846 51
1170 1819 34
1170 1819 16
1170 1827 26
1170 1827 10
1170 1922 12
1170 1922 42
1170 1928 8
1170 1928 57
1170 1933 24
1170 1933 12
1170 1894 32
1170 1894 32
1170 1821 49
1170 1821 36
1169 1875 10
1169 1875 8
1169 1870 47
1169 1870 43
1169 1876 48
1169 1876 24
1169 1869 48
1169 1869 45
1169 2285 48
1169 2285 36
1169 1868 9
1169 1868 40
1169 1866 3
1169 1866 6
1169 1859 54
1169 1859 57
1169 1890 4
1169 1890 15
1169 1788 21
1169 1788 7
1169 1858 36
1169 1858 15
1169 1892 50
1169 1892 36
1169 1833 27
1169 1833 44
1169 1790 48
1169 1790 50
1169 1877 17
1169 1877 36
1169 1891 28
1169 1891 43
1169 1831 26
1169 1831 23
1169 1835 48
1169 1835 21
1169 1789 59
1169 1789 41
1169 1828 12
1169 1828 22
1169 1927 31
1169 1927 20
1169 1895 44
1169 1895 18
1169 1830 21
1169 1830 5
1169 1834 29
1169 1834 9
1169 1846 45
1169 1846 17
1169 1819 51
1169 1819 30
1169 1827 55
1169 1827 41
1169 1922 52
1169 1922 30
1169 1928 60
1169 1928 55
1169 1933 7
1169 1933 5
1169 1894 57
1169 1894 7
1169 1821 9
1169 1821 35
1177 1875 34
1177 1875 13
1177 1870 53
1177 1870 39
1177 1876 28
1177 1876 18
1177 1869 13
1177 1869 7
1177 2285 26
1177 2285 14
1177 1868 56
1177 1868 2
1177 1866 12
1177 1866 48
1177 1859 20
1177 1859 15
1177 1890 0
1177 1890 48
1177 1788 14
1177 1788 20
1177 1858 19
1177 1858 18
1177 1892 41
1177 1892 54
1177 1833 11
1177 1833 57
1177 1790 47
1177 1790 4
1177 1877 49
1177 1877 6
1177 1891 34
1177 1891 52
1177 1831 14
1177 1831 39
1177 1835 26
1177 1835 42
1177 1789 20
1177 1789 3
1177 1828 39
1177 1828 19
1177 1927 50
1177 1927 53
1177 1895 3
1177 1895 54
1177 1830 48
1177 1830 10
1177 1834 57
1177 1834 58
1177 1846 45
1177 1846 33
1177 1819 20
1177 1819 20
1177 1827 41
1177 1827 10
1177 1922 55
1177 1922 32
1177 1928 16
1177 1928 28
1177 1933 30
1177 1933 31
1177 1894 10
1177 1894 40
1177 1821 51
1177 1821 24
1178 1875 54
1178 1875 59
1178 1870 33
1178 1870 41
1178 1876 10
1178 1876 15
1178 1869 59
1178 1869 49
1178 2285 41
1178 2285 42
1178 1868 34
1178 1868 52
1178 1866 30
1178 1866 5
1178 1859 39
1178 1859 31
1178 1890 33
1178 1890 45
1178 1788 39
1178 1788 55
1178 1858 29
1178 1858 32
1178 1892 24
1178 1892 59
1178 1833 10
1178 1833 2
1178 1790 45
1178 1790 11
1178 1877 6
1178 1877 5
1178 1891 14
1178 1891 45
1178 1831 52
1178 1831 31
1178 1835 10
1178 1835 13
1178 1789 46
1178 1789 31
1178 1828 12
1178 1828 40
1178 1927 35
1178 1927 3
1178 1895 0
1178 1895 12
1178 1830 21
1178 1830 27
1178 1834 58
1178 1834 57
1178 1846 8
1178 1846 20
1178 1819 32
1178 1819 52
1178 1827 41
1178 1827 55
1178 1922 51
1178 1922 0
1178 1928 42
1178 1928 23
1178 1933 8
1178 1933 12
1178 1894 28
1178 1894 2
1178 1821 21
1178 1821 24
1718 1875 33
1718 1875 15
1718 1870 49
1718 1870 27
1718 1876 3
1718 1876 55
1718 1869 41
1718 1869 5
1718 2285 15
1718 2285 29
1718 1868 13
1718 1868 8
1718 1866 27
1718 1866 30
1718 1859 58
1718 1859 45
1718 1890 4
1718 1890 12
1718 1788 3
1718 1788 24
1718 1858 7
1718 1858 53
1718 1892 16
1718 1892 58
1718 1833 2
1718 1833 29
1718 1790 16
1718 1790 47
1718 1877 7
1718 1877 35
1718 1891 11
1718 1891 1
1718 1831 1
1718 1831 42
1718 1835 33
1718 1835 28
1718 1789 34
1718 1789 3
1718 1828 59
1718 1828 27
1718 1927 48
1718 1927 52
1718 1895 34
1718 1895 14
1718 1830 24
1718 1830 24
1718 1834 18
1718 1834 26
1718 1846 55
1718 1846 60
1718 1819 52
1718 1819 21
1718 1827 53
1718 1827 17
1718 1922 25
1718 1922 43
1718 1928 36
1718 1928 39
1718 1933 26
1718 1933 16
1718 1894 56
1718 1894 46
1718 1821 30
1718 1821 36
1180 1875 38
1180 1875 37
1180 1870 19
1180 1870 24
1180 1876 45
1180 1876 1
1180 1869 30
1180 1869 46
1180 2285 57
1180 2285 43
1180 1868 37
1180 1868 30
1180 1866 12
1180 1866 26
1180 1859 15
1180 1859 58
1180 1890 21
1180 1890 36
1180 1788 19
1180 1788 17
1180 1858 1
1180 1858 39
1180 1892 17
1180 1892 14
1180 1833 5
1180 1833 17
1180 1790 5
1180 1790 48
1180 1877 49
1180 1877 19
1180 1891 15
1180 1891 20
1180 1831 30
1180 1831 15
1180 1835 31
1180 1835 41
1180 1789 9
1180 1789 51
1180 1828 43
1180 1828 5
1180 1927 50
1180 1927 13
1180 1895 55
1180 1895 47
1180 1830 45
1180 1830 52
1180 1834 55
1180 1834 4
1180 1846 4
1180 1846 41
1180 1819 14
1180 1819 49
1180 1827 38
1180 1827 15
1180 1922 35
1180 1922 52
1180 1928 55
1180 1928 31
1180 1933 51
1180 1933 4
1180 1894 26
1180 1894 44
1180 1821 47
1180 1821 26
1181 1875 41
1181 1875 23
1181 1870 13
1181 1870 43
1181 1876 47
1181 1876 0
1181 1869 10
1181 1869 8
1181 2285 17
1181 2285 13
1181 1868 4
1181 1868 14
1181 1866 26
1181 1866 16
1181 1859 45
1181 1859 36
1181 1890 30
1181 1890 6
1181 1788 59
1181 1788 52
1181 1858 53
1181 1858 58
1181 1892 54
1181 1892 35
1181 1833 31
1181 1833 13
1181 1790 27
1181 1790 42
1181 1877 17
1181 1877 33
1181 1891 0
1181 1891 26
1181 1831 55
1181 1831 55
1181 1835 10
1181 1835 24
1181 1789 60
1181 1789 5
1181 1828 47
1181 1828 57
1181 1927 7
1181 1927 35
1181 1895 18
1181 1895 18
1181 1830 4
1181 1830 26
1181 1834 28
1181 1834 30
1181 1846 48
1181 1846 42
1181 1819 49
1181 1819 22
1181 1827 32
1181 1827 34
1181 1922 47
1181 1922 0
1181 1928 49
1181 1928 59
1181 1933 38
1181 1933 10
1181 1894 5
1181 1894 55
1181 1821 53
1181 1821 40
1724 1875 30
1724 1875 22
1724 1870 35
1724 1870 4
1724 1876 16
1724 1876 12
1724 1869 30
1724 1869 29
1724 2285 41
1724 2285 14
1724 1868 11
1724 1868 4
1724 1866 48
1724 1866 1
1724 1859 18
1724 1859 37
1724 1890 11
1724 1890 6
1724 1788 38
1724 1788 22
1724 1858 53
1724 1858 30
1724 1892 6
1724 1892 53
1724 1833 49
1724 1833 35
1724 1790 16
1724 1790 1
1724 1877 47
1724 1877 41
1724 1891 8
1724 1891 15
1724 1831 1
1724 1831 1
1724 1835 33
1724 1835 59
1724 1789 51
1724 1789 20
1724 1828 24
1724 1828 31
1724 1927 27
1724 1927 5
1724 1895 42
1724 1895 45
1724 1830 20
1724 1830 44
1724 1834 56
1724 1834 11
1724 1846 51
1724 1846 7
1724 1819 19
1724 1819 28
1724 1827 38
1724 1827 35
1724 1922 43
1724 1922 18
1724 1928 25
1724 1928 45
1724 1933 52
1724 1933 51
1724 1894 47
1724 1894 37
1724 1821 50
1724 1821 36
1723 1875 49
1723 1875 22
1723 1870 54
1723 1870 22
1723 1876 3
1723 1876 60
1723 1869 45
1723 1869 30
1723 2285 33
1723 2285 24
1723 1868 32
1723 1868 17
1723 1866 50
1723 1866 16
1723 1859 32
1723 1859 15
1723 1890 10
1723 1890 30
1723 1788 36
1723 1788 29
1723 1858 59
1723 1858 5
1723 1892 15
1723 1892 28
1723 1833 6
1723 1833 14
1723 1790 50
1723 1790 9
1723 1877 33
1723 1877 32
1723 1891 24
1723 1891 52
1723 1831 54
1723 1831 19
1723 1835 14
1723 1835 53
1723 1789 18
1723 1789 38
1723 1828 50
1723 1828 23
1723 1927 0
1723 1927 24
1723 1895 44
1723 1895 4
1723 1830 6
1723 1830 9
1723 1834 13
1723 1834 26
1723 1846 35
1723 1846 23
1723 1819 41
1723 1819 0
1723 1827 11
1723 1827 19
1723 1922 14
1723 1922 27
1723 1928 26
1723 1928 22
1723 1933 26
1723 1933 54
1723 1894 58
1723 1894 36
1723 1821 35
1723 1821 36
1152 1875 40
1152 1875 0
1152 1870 14
1152 1870 55
1152 1876 1
1152 1876 54
1152 1869 39
1152 1869 11
1152 2285 48
1152 2285 34
1152 1868 16
1152 1868 4
1152 1866 9
1152 1866 41
1152 1859 45
1152 1859 22
1152 1890 20
1152 1890 8
1152 1788 32
1152 1788 1
1152 1858 52
1152 1858 52
1152 1892 30
1152 1892 4
1152 1833 51
1152 1833 16
1152 1790 29
1152 1790 24
1152 1877 42
1152 1877 45
1152 1891 34
1152 1891 13
1152 1831 51
1152 1831 59
1152 1835 3
1152 1835 24
1152 1789 20
1152 1789 41
1152 1828 49
1152 1828 18
1152 1927 11
1152 1927 15
1152 1895 6
1152 1895 46
1152 1830 43
1152 1830 57
1152 1834 29
1152 1834 10
1152 1846 22
1152 1846 17
1152 1819 13
1152 1819 15
1152 1827 41
1152 1827 23
1152 1922 30
1152 1922 2
1152 1928 29
1152 1928 12
1152 1933 23
1152 1933 34
1152 1894 57
1152 1894 33
1152 1821 52
1152 1821 35
1151 1875 21
1151 1875 12
1151 1870 24
1151 1870 44
1151 1876 4
1151 1876 8
1151 1869 25
1151 1869 51
1151 2285 41
1151 2285 53
1151 1868 8
1151 1868 42
1151 1866 36
1151 1866 1
1151 1859 21
1151 1859 15
1151 1890 42
1151 1890 1
1151 1788 32
1151 1788 14
1151 1858 31
1151 1858 2
1151 1892 50
1151 1892 57
1151 1833 35
1151 1833 25
1151 1790 29
1151 1790 24
1151 1877 59
1151 1877 16
1151 1891 47
1151 1891 24
1151 1831 15
1151 1831 8
1151 1835 48
1151 1835 1
1151 1789 30
1151 1789 20
1151 1828 14
1151 1828 24
1151 1927 36
1151 1927 58
1151 1895 16
1151 1895 35
1151 1830 53
1151 1830 26
1151 1834 16
1151 1834 59
1151 1846 12
1151 1846 60
1151 1819 25
1151 1819 2
1151 1827 22
1151 1827 31
1151 1922 6
1151 1922 48
1151 1928 35
1151 1928 20
1151 1933 38
1151 1933 2
1151 1894 39
1151 1894 51
1151 1821 21
1151 1821 33
1161 1875 19
1161 1875 47
1161 1870 10
1161 1870 40
1161 1876 9
1161 1876 30
1161 1869 17
1161 1869 51
1161 2285 41
1161 2285 42
1161 1868 36
1161 1868 46
1161 1866 21
1161 1866 28
1161 1859 20
1161 1859 47
1161 1890 40
1161 1890 33
1161 1788 54
1161 1788 34
1161 1858 13
1161 1858 21
1161 1892 2
1161 1892 24
1161 1833 0
1161 1833 17
1161 1790 11
1161 1790 54
1161 1877 29
1161 1877 42
1161 1891 35
1161 1891 55
1161 1831 6
1161 1831 23
1161 1835 38
1161 1835 49
1161 1789 25
1161 1789 16
1161 1828 6
1161 1828 35
1161 1927 14
1161 1927 41
1161 1895 60
1161 1895 34
1161 1830 52
1161 1830 9
1161 1834 8
1161 1834 30
1161 1846 39
1161 1846 22
1161 1819 3
1161 1819 34
1161 1827 14
1161 1827 42
1161 1922 60
1161 1922 40
1161 1928 40
1161 1928 18
1161 1933 4
1161 1933 22
1161 1894 56
1161 1894 29
1161 1821 14
1161 1821 3
1153 1875 49
1153 1875 9
1153 1870 60
1153 1870 37
1153 1876 28
1153 1876 10
1153 1869 45
1153 1869 20
1153 2285 19
1153 2285 19
1153 1868 24
1153 1868 50
1153 1866 46
1153 1866 58
1153 1859 14
1153 1859 21
1153 1890 60
1153 1890 46
1153 1788 47
1153 1788 4
1153 1858 26
1153 1858 20
1153 1892 43
1153 1892 52
1153 1833 59
1153 1833 25
1153 1790 2
1153 1790 16
1153 1877 15
1153 1877 13
1153 1891 24
1153 1891 29
1153 1831 56
1153 1831 59
1153 1835 54
1153 1835 18
1153 1789 34
1153 1789 59
1153 1828 55
1153 1828 1
1153 1927 5
1153 1927 25
1153 1895 59
1153 1895 32
1153 1830 1
1153 1830 41
1153 1834 17
1153 1834 24
1153 1846 39
1153 1846 56
1153 1819 45
1153 1819 21
1153 1827 15
1153 1827 56
1153 1922 41
1153 1922 31
1153 1928 56
1153 1928 24
1153 1933 59
1153 1933 28
1153 1894 11
1153 1894 38
1153 1821 54
1153 1821 17
948 1875 12
948 1875 7
948 1870 59
948 1870 48
948 1876 38
948 1876 26
948 1869 3
948 1869 0
948 2285 35
948 2285 11
948 1868 48
948 1868 48
948 1866 7
948 1866 13
948 1859 33
948 1859 16
948 1890 26
948 1890 17
948 1788 5
948 1788 17
948 1858 33
948 1858 49
948 1892 39
948 1892 50
948 1833 30
948 1833 15
948 1790 55
948 1790 18
948 1877 5
948 1877 5
948 1891 46
948 1891 12
948 1831 1
948 1831 10
948 1835 13
948 1835 34
948 1789 41
948 1789 50
948 1828 11
948 1828 43
948 1927 11
948 1927 11
948 1895 49
948 1895 19
948 1830 14
948 1830 54
948 1834 53
948 1834 37
948 1846 58
948 1846 46
948 1819 2
948 1819 60
948 1827 20
948 1827 43
948 1922 54
948 1922 0
948 1928 22
948 1928 44
948 1933 1
948 1933 9
948 1894 18
948 1894 16
948 1821 34
948 1821 36
1179 1875 48
1179 1875 39
1179 1870 3
1179 1870 39
1179 1876 21
1179 1876 39
1179 1869 20
1179 1869 38
1179 2285 50
1179 2285 0
1179 1868 23
1179 1868 31
1179 1866 51
1179 1866 15
1179 1859 3
1179 1859 23
1179 1890 2
1179 1890 31
1179 1788 0
1179 1788 36
1179 1858 12
1179 1858 21
1179 1892 10
1179 1892 25
1179 1833 14
1179 1833 15
1179 1790 1
1179 1790 48
1179 1877 26
1179 1877 45
1179 1891 17
1179 1891 8
1179 1831 24
1179 1831 15
1179 1835 53
1179 1835 4
1179 1789 26
1179 1789 32
1179 1828 20
1179 1828 58
1179 1927 56
1179 1927 54
1179 1895 41
1179 1895 47
1179 1830 13
1179 1830 35
1179 1834 45
1179 1834 23
1179 1846 36
1179 1846 25
1179 1819 24
1179 1819 52
1179 1827 5
1179 1827 52
1179 1922 45
1179 1922 25
1179 1928 11
1179 1928 33
1179 1933 1
1179 1933 12
1179 1894 35
1179 1894 26
1179 1821 52
1179 1821 10
1714 1875 24
1714 1875 11
1714 1870 15
1714 1870 2
1714 1876 31
1714 1876 48
1714 1869 55
1714 1869 47
1714 2285 13
1714 2285 49
1714 1868 51
1714 1868 11
1714 1866 19
1714 1866 0
1714 1859 18
1714 1859 59
1714 1890 48
1714 1890 24
1714 1788 59
1714 1788 15
1714 1858 12
1714 1858 14
1714 1892 51
1714 1892 56
1714 1833 59
1714 1833 40
1714 1790 2
1714 1790 45
1714 1877 43
1714 1877 2
1714 1891 52
1714 1891 45
1714 1831 49
1714 1831 40
1714 1835 37
1714 1835 16
1714 1789 10
1714 1789 25
1714 1828 1
1714 1828 55
1714 1927 58
1714 1927 38
1714 1895 0
1714 1895 44
1714 1830 44
1714 1830 18
1714 1834 16
1714 1834 57
1714 1846 44
1714 1846 18
1714 1819 16
1714 1819 48
1714 1827 10
1714 1827 42
1714 1922 52
1714 1922 54
1714 1928 29
1714 1928 60
1714 1933 18
1714 1933 47
1714 1894 42
1714 1894 34
1714 1821 7
1714 1821 12
1717 1875 23
1717 1875 37
1717 1870 48
1717 1870 4
1717 1876 37
1717 1876 17
1717 1869 7
1717 1869 12
1717 2285 9
1717 2285 27
1717 1868 53
1717 1868 6
1717 1866 38
1717 1866 18
1717 1859 53
1717 1859 40
1717 1890 19
1717 1890 48
1717 1788 6
1717 1788 50
1717 1858 19
1717 1858 58
1717 1892 16
1717 1892 48
1717 1833 11
1717 1833 27
1717 1790 55
1717 1790 39
1717 1877 26
1717 1877 60
1717 1891 22
1717 1891 49
1717 1831 47
1717 1831 19
1717 1835 17
1717 1835 2
1717 1789 4
1717 1789 31
1717 1828 47
1717 1828 17
1717 1927 7
1717 1927 9
1717 1895 55
1717 1895 29
1717 1830 25
1717 1830 31
1717 1834 56
1717 1834 29
1717 1846 32
1717 1846 19
1717 1819 19
1717 1819 30
1717 1827 21
1717 1827 49
1717 1922 26
1717 1922 9
1717 1928 49
1717 1928 24
1717 1933 24
1717 1933 37
1717 1894 12
1717 1894 21
1717 1821 59
1717 1821 30
1722 1875 4
1722 1875 8
1722 1870 47
1722 1870 59
1722 1876 32
1722 1876 22
1722 1869 32
1722 1869 17
1722 2285 34
1722 2285 10
1722 1868 57
1722 1868 52
1722 1866 1
1722 1866 58
1722 1859 31
1722 1859 49
1722 1890 40
1722 1890 55
1722 1788 33
1722 1788 32
1722 1858 37
1722 1858 55
1722 1892 44
1722 1892 53
1722 1833 39
1722 1833 48
1722 1790 59
1722 1790 37
1722 1877 28
1722 1877 45
1722 1891 54
1722 1891 7
1722 1831 37
1722 1831 15
1722 1835 37
1722 1835 59
1722 1789 32
1722 1789 45
1722 1828 34
1722 1828 0
1722 1927 43
1722 1927 2
1722 1895 27
1722 1895 16
1722 1830 8
1722 1830 60
1722 1834 10
1722 1834 32
1722 1846 39
1722 1846 3
1722 1819 53
1722 1819 41
1722 1827 19
1722 1827 23
1722 1922 16
1722 1922 54
1722 1928 33
1722 1928 28
1722 1933 23
1722 1933 34
1722 1894 0
1722 1894 10
1722 1821 57
1722 1821 37
1162 1875 41
1162 1875 24
1162 1870 52
1162 1870 44
1162 1876 9
1162 1876 12
1162 1869 17
1162 1869 10
1162 2285 60
1162 2285 40
1162 1868 33
1162 1868 0
1162 1866 33
1162 1866 16
1162 1859 7
1162 1859 27
1162 1890 5
1162 1890 40
1162 1788 22
1162 1788 0
1162 1858 23
1162 1858 30
1162 1892 26
1162 1892 50
1162 1833 36
1162 1833 23
1162 1790 31
1162 1790 24
1162 1877 48
1162 1877 24
1162 1891 35
1162 1891 19
1162 1831 27
1162 1831 42
1162 1835 44
1162 1835 41
1162 1789 6
1162 1789 48
1162 1828 51
1162 1828 37
1162 1927 12
1162 1927 55
1162 1895 46
1162 1895 20
1162 1830 59
1162 1830 34
1162 1834 47
1162 1834 34
1162 1846 4
1162 1846 20
1162 1819 18
1162 1819 50
1162 1827 40
1162 1827 52
1162 1922 2
1162 1922 55
1162 1928 46
1162 1928 19
1162 1933 57
1162 1933 12
1162 1894 18
1162 1894 45
1162 1821 46
1162 1821 23
1184 1875 51
1184 1875 32
1184 1870 44
1184 1870 46
1184 1876 21
1184 1876 21
1184 1869 2
1184 1869 24
1184 2285 40
1184 2285 47
1184 1868 15
1184 1868 55
1184 1866 54
1184 1866 50
1184 1859 53
1184 1859 22
1184 1890 35
1184 1890 15
1184 1788 1
1184 1788 53
1184 1858 30
1184 1858 17
1184 1892 24
1184 1892 52
1184 1833 51
1184 1833 18
1184 1790 44
1184 1790 36
1184 1877 4
1184 1877 14
1184 1891 12
1184 1891 48
1184 1831 21
1184 1831 12
1184 1835 16
1184 1835 14
1184 1789 55
1184 1789 0
1184 1828 27
1184 1828 36
1184 1927 58
1184 1927 56
1184 1895 0
1184 1895 25
1184 1830 47
1184 1830 33
1184 1834 57
1184 1834 2
1184 1846 20
1184 1846 3
1184 1819 49
1184 1819 2
1184 1827 51
1184 1827 20
1184 1922 56
1184 1922 26
1184 1928 2
1184 1928 14
1184 1933 43
1184 1933 47
1184 1894 13
1184 1894 25
1184 1821 3
1184 1821 10
1725 1875 24
1725 1875 30
1725 1870 10
1725 1870 46
1725 1876 8
1725 1876 59
1725 1869 4
1725 1869 43
1725 2285 56
1725 2285 58
1725 1868 38
1725 1868 48
1725 1866 12
1725 1866 52
1725 1859 51
1725 1859 26
1725 1890 57
1725 1890 53
1725 1788 2
1725 1788 7
1725 1858 16
1725 1858 16
1725 1892 39
1725 1892 53
1725 1833 59
1725 1833 59
1725 1790 56
1725 1790 40
1725 1877 39
1725 1877 56
1725 1891 48
1725 1891 27
1725 1831 47
1725 1831 21
1725 1835 52
1725 1835 28
1725 1789 3
1725 1789 54
1725 1828 14
1725 1828 37
1725 1927 29
1725 1927 26
1725 1895 15
1725 1895 57
1725 1830 23
1725 1830 34
1725 1834 33
1725 1834 15
1725 1846 41
1725 1846 31
1725 1819 26
1725 1819 29
1725 1827 49
1725 1827 24
1725 1922 56
1725 1922 38
1725 1928 3
1725 1928 52
1725 1933 55
1725 1933 47
1725 1894 57
1725 1894 14
1725 1821 39
1725 1821 46
1727 1875 13
1727 1875 42
1727 1870 29
1727 1870 37
1727 1876 51
1727 1876 57
1727 1869 49
1727 1869 25
1727 2285 46
1727 2285 9
1727 1868 15
1727 1868 16
1727 1866 51
1727 1866 37
1727 1859 14
1727 1859 28
1727 1890 56
1727 1890 45
1727 1788 26
1727 1788 16
1727 1858 19
1727 1858 16
1727 1892 36
1727 1892 29
1727 1833 18
1727 1833 23
1727 1790 54
1727 1790 46
1727 1877 14
1727 1877 6
1727 1891 59
1727 1891 22
1727 1831 38
1727 1831 6
1727 1835 55
1727 1835 36
1727 1789 33
1727 1789 39
1727 1828 58
1727 1828 40
1727 1927 18
1727 1927 3
1727 1895 28
1727 1895 9
1727 1830 22
1727 1830 42
1727 1834 36
1727 1834 12
1727 1846 29
1727 1846 2
1727 1819 2
1727 1819 37
1727 1827 43
1727 1827 51
1727 1922 17
1727 1922 30
1727 1928 45
1727 1928 20
1727 1933 54
1727 1933 26
1727 1894 53
1727 1894 10
1727 1821 20
1727 1821 0
1148 1875 1
1148 1875 36
1148 1870 52
1148 1870 31
1148 1876 32
1148 1876 39
1148 1869 23
1148 1869 18
1148 2285 13
1148 2285 30
1148 1868 57
1148 1868 34
1148 1866 0
1148 1866 29
1148 1859 19
1148 1859 9
1148 1890 46
1148 1890 21
1148 1788 5
1148 1788 19
1148 1858 22
1148 1858 60
1148 1892 18
1148 1892 5
1148 1833 48
1148 1833 27
1148 1790 4
1148 1790 34
1148 1877 24
1148 1877 59
1148 1891 49
1148 1891 60
1148 1831 52
1148 1831 24
1148 1835 19
1148 1835 57
1148 1789 54
1148 1789 55
1148 1828 57
1148 1828 51
1148 1927 12
1148 1927 3
1148 1895 47
1148 1895 5
1148 1830 35
1148 1830 12
1148 1834 28
1148 1834 11
1148 1846 44
1148 1846 17
1148 1819 1
1148 1819 12
1148 1827 56
1148 1827 49
1148 1922 27
1148 1922 51
1148 1928 37
1148 1928 59
1148 1933 28
1148 1933 48
1148 1894 3
1148 1894 59
1148 1821 42
1148 1821 47
1150 1875 15
1150 1875 32
1150 1870 45
1150 1870 38
1150 1876 37
1150 1876 13
1150 1869 3
1150 1869 37
1150 2285 20
1150 2285 32
1150 1868 25
1150 1868 45
1150 1866 48
1150 1866 36
1150 1859 8
1150 1859 5
1150 1890 31
1150 1890 59
1150 1788 3
1150 1788 36
1150 1858 40
1150 1858 42
1150 1892 26
1150 1892 42
1150 1833 19
1150 1833 22
1150 1790 57
1150 1790 35
1150 1877 27
1150 1877 40
1150 1891 60
1150 1891 26
1150 1831 42
1150 1831 34
1150 1835 33
1150 1835 8
1150 1789 54
1150 1789 23
1150 1828 21
1150 1828 11
1150 1927 6
1150 1927 39
1150 1895 19
1150 1895 38
1150 1830 40
1150 1830 0
1150 1834 49
1150 1834 28
1150 1846 59
1150 1846 47
1150 1819 36
1150 1819 60
1150 1827 56
1150 1827 4
1150 1922 10
1150 1922 33
1150 1928 8
1150 1928 55
1150 1933 33
1150 1933 18
1150 1894 45
1150 1894 36
1150 1821 31
1150 1821 4
1160 1875 21
1160 1875 49
1160 1870 28
1160 1870 20
1160 1876 19
1160 1876 16
1160 1869 8
1160 1869 41
1160 2285 59
1160 2285 59
1160 1868 39
1160 1868 25
1160 1866 25
1160 1866 20
1160 1859 3
1160 1859 17
1160 1890 35
1160 1890 7
1160 1788 24
1160 1788 23
1160 1858 9
1160 1858 34
1160 1892 54
1160 1892 46
1160 1833 49
1160 1833 54
1160 1790 11
1160 1790 47
1160 1877 34
1160 1877 52
1160 1891 42
1160 1891 46
1160 1831 55
1160 1831 32
1160 1835 14
1160 1835 34
1160 1789 48
1160 1789 49
1160 1828 0
1160 1828 0
1160 1927 52
1160 1927 34
1160 1895 8
1160 1895 36
1160 1830 51
1160 1830 34
1160 1834 38
1160 1834 25
1160 1846 26
1160 1846 45
1160 1819 22
1160 1819 57
1160 1827 49
1160 1827 14
1160 1922 54
1160 1922 26
1160 1928 3
1160 1928 40
1160 1933 34
1160 1933 32
1160 1894 0
1160 1894 25
1160 1821 27
1160 1821 12
1154 1875 6
1154 1875 54
1154 1870 56
1154 1870 29
1154 1876 48
1154 1876 51
1154 1869 7
1154 1869 13
1154 2285 13
1154 2285 21
1154 1868 21
1154 1868 57
1154 1866 35
1154 1866 42
1154 1859 58
1154 1859 22
1154 1890 1
1154 1890 39
1154 1788 37
1154 1788 50
1154 1858 57
1154 1858 21
1154 1892 21
1154 1892 21
1154 1833 22
1154 1833 39
1154 1790 26
1154 1790 3
1154 1877 29
1154 1877 32
1154 1891 48
1154 1891 16
1154 1831 8
1154 1831 39
1154 1835 34
1154 1835 36
1154 1789 20
1154 1789 21
1154 1828 14
1154 1828 53
1154 1927 19
1154 1927 34
1154 1895 25
1154 1895 17
1154 1830 32
1154 1830 50
1154 1834 8
1154 1834 6
1154 1846 16
1154 1846 11
1154 1819 4
1154 1819 43
1154 1827 39
1154 1827 36
1154 1922 23
1154 1922 44
1154 1928 50
1154 1928 23
1154 1933 43
1154 1933 39
1154 1894 31
1154 1894 53
1154 1821 20
1154 1821 46
