8235 6307 60
8235 6307 38
8235 6305 49
8235 6305 42
8235 6308 44
8235 6308 7
8235 6447 39
8235 6447 17
8235 8780 48
8235 8780 7
8235 6306 16
8235 6306 37
8235 6445 54
8235 6445 40
8235 9601 60
8235 9601 29
8235 9597 23
8235 9597 47
8235 6446 60
8235 6446 53
8235 6372 28
8235 6372 18
8235 8694 34
8235 8694 30
8235 9595 25
8235 9595 40
8235 9603 22
8235 9603 15
8235 9600 45
8235 9600 20
8235 6456 13
8235 6456 51
8235 6425 17
8235 6425 39
8235 6371 10
8235 6371 23
8235 9599 28
8235 9599 4
8235 6356 16
8235 6356 30
8235 6423 40
8235 6423 15
8235 6424 47
8235 6424 54
8235 9596 12
8235 9596 12
8235 9605 32
8235 9605 4
8235 6453 31
8235 6453 56
8235 6458 40
8235 6458 11
8235 6455 46
8235 6455 35
8235 6422 34
8235 6422 23
8235 6355 42
8235 6355 31
8235 6433 13
8235 6433 57
8235 6526 53
8235 6526 19
8235 6358 55
8235 6358 21
8234 6307 55
8234 6307 52
8234 6305 39
8234 6305 4
8234 6308 10
8234 6308 3
8234 6447 28
8234 6447 46
8234 8780 14
8234 8780 22
8234 6306 55
8234 6306 40
8234 6445 55
8234 6445 33
8234 9601 57
8234 9601 52
8234 9597 33
8234 9597 4
8234 6446 20
8234 6446 39
8234 6372 9
8234 6372 25
8234 8694 36
8234 8694 2
8234 9595 20
8234 9595 40
8234 9603 24
8234 9603 24
8234 9600 15
8234 9600 8
8234 6456 19
8234 6456 30
8234 6425 2
8234 6425 29
8234 6371 4
8234 6371 33
8234 9599 20
8234 9599 34
8234 6356 35
8234 6356 39
8234 6423 2
8234 6423 5
8234 6424 7
8234 6424 0
8234 9596 12
8234 9596 9
8234 9605 30
8234 9605 15
8234 6453 37
8234 6453 12
8234 6458 19
8234 6458 58
8234 6455 45
8234 6455 43
8234 6422 59
8234 6422 51
8234 6355 27
8234 6355 7
8234 6433 46
8234 6433 44
8234 6526 46
8234 6526 59
8234 6358 17
8234 6358 21
8232 6307 23
8232 6307 29
8232 6305 26
8232 6305 20
8232 6308 24
8232 6308 3
8232 6447 30
8232 6447 2
8232 8780 21
8232 8780 58
8232 6306 8
8232 6306 3
8232 6445 12
8232 6445 30
8232 9601 22
8232 9601 15
8232 9597 30
8232 9597 42
8232 6446 56
8232 6446 47
8232 6372 18
8232 6372 31
8232 8694 36
8232 8694 14
8232 9595 59
8232 9595 45
8232 9603 6
8232 9603 14
8232 9600 20
8232 9600 36
8232 6456 29
8232 6456 33
8232 6425 42
8232 6425 47
8232 6371 4
8232 6371 44
8232 9599 47
8232 9599 37
8232 6356 59
8232 6356 3
8232 6423 38
8232 6423 16
8232 6424 23
8232 6424 20
8232 9596 7
8232 9596 21
8232 9605 47
8232 9605 49
8232 6453 55
8232 6453 32
8232 6458 1
8232 6458 22
8232 6455 46
8232 6455 47
8232 6422 6
8232 6422 46
8232 6355 24
8232 6355 14
8232 6433 44
8232 6433 14
8232 6526 27
8232 6526 6
8232 6358 28
8232 6358 27
8246 6307 34
8246 6307 44
8246 6305 34
8246 6305 49
8246 6308 58
8246 6308 39
8246 6447 5
8246 6447 39
8246 8780 30
8246 8780 1
8246 6306 24
8246 6306 24
8246 6445 7
8246 6445 17
8246 9601 17
8246 9601 16
8246 9597 40
8246 9597 30
8246 6446 18
8246 6446 42
8246 6372 5
8246 6372 18
8246 8694 45
8246 8694 38
8246 9595 18
8246 9595 57
8246 9603 7
8246 9603 32
8246 9600 8
8246 9600 52
8246 6456 29
8246 6456 2
8246 6425 59
8246 6425 45
8246 6371 47
8246 6371 29
8246 9599 31
8246 9599 42
8246 6356 20
8246 6356 46
8246 6423 9
8246 6423 26
8246 6424 13
8246 6424 59
8246 9596 34
8246 9596 18
8246 9605 9
8246 9605 29
8246 6453 17
8246 6453 40
8246 6458 4
8246 6458 57
8246 6455 25
8246 6455 23
8246 6422 32
8246 6422 5
8246 6355 34
8246 6355 18
8246 6433 14
8246 6433 47
8246 6526 45
8246 6526 47
8246 6358 47
8246 6358 26
8252 6307 23
8252 6307 51
8252 6305 55
8252 6305 56
8252 6308 9
8252 6308 7
8252 6447 39
8252 6447 32
8252 8780 36
8252 8780 18
8252 6306 47
8252 6306 45
8252 6445 41
8252 6445 16
8252 9601 26
8252 9601 18
8252 9597 31
8252 9597 13
8252 6446 53
8252 6446 24
8252 6372 24
8252 6372 48
8252 8694 7
8252 8694 56
8252 9595 27
8252 9595 39
8252 9603 0
8252 9603 19
8252 9600 47
8252 9600 21
8252 6456 51
8252 6456 24
8252 6425 55
8252 6425 23
8252 6371 46
8252 6371 53
8252 9599 39
8252 9599 47
8252 6356 10
8252 6356 2
8252 6423 54
8252 6423 7
8252 6424 33
8252 6424 12
8252 9596 39
8252 9596 10
8252 9605 26
8252 9605 0
8252 6453 53
8252 6453 27
8252 6458 40
8252 6458 27
8252 6455 43
8252 6455 31
8252 6422 39
8252 6422 39
8252 6355 40
8252 6355 6
8252 6433 46
8252 6433 23
8252 6526 9
8252 6526 25
8252 6358 49
8252 6358 51
8231 6307 28
8231 6307 51
8231 6305 15
8231 6305 35
8231 6308 60
8231 6308 44
8231 6447 3
8231 6447 40
8231 8780 59
8231 8780 25
8231 6306 22
8231 6306 9
8231 6445 29
8231 6445 2
8231 9601 51
8231 9601 18
8231 9597 55
8231 9597 34
8231 6446 14
8231 6446 38
8231 6372 4
8231 6372 27
8231 8694 20
8231 8694 54
8231 9595 34
8231 9595 54
8231 9603 25
8231 9603 43
8231 9600 10
8231 9600 13
8231 6456 14
8231 6456 52
8231 6425 32
8231 6425 45
8231 6371 52
8231 6371 53
8231 9599 40
8231 9599 27
8231 6356 38
8231 6356 8
8231 6423 1
8231 6423 28
8231 6424 25
8231 6424 17
8231 9596 14
8231 9596 27
8231 9605 19
8231 9605 1
8231 6453 11
8231 6453 32
8231 6458 4
8231 6458 38
8231 6455 24
8231 6455 29
8231 6422 17
8231 6422 12
8231 6355 50
8231 6355 10
8231 6433 53
8231 6433 5
8231 6526 30
8231 6526 57
8231 6358 41
8231 6358 44
8236 6307 40
8236 6307 40
8236 6305 18
8236 6305 13
8236 6308 58
8236 6308 41
8236 6447 51
8236 6447 52
8236 8780 3
8236 8780 40
8236 6306 36
8236 6306 14
8236 6445 37
8236 6445 37
8236 9601 31
8236 9601 11
8236 9597 2
8236 9597 45
8236 6446 42
8236 6446 60
8236 6372 60
8236 6372 48
8236 8694 57
8236 8694 7
8236 9595 46
8236 9595 41
8236 9603 32
8236 9603 56
8236 9600 34
8236 9600 52
8236 6456 60
8236 6456 30
8236 6425 16
8236 6425 9
8236 6371 60
8236 6371 22
8236 9599 16
8236 9599 52
8236 6356 23
8236 6356 8
8236 6423 9
8236 6423 51
8236 6424 47
8236 6424 16
8236 9596 59
8236 9596 9
8236 9605 36
8236 9605 50
8236 6453 52
8236 6453 39
8236 6458 6
8236 6458 60
8236 6455 56
8236 6455 43
8236 6422 52
8236 6422 44
8236 6355 25
8236 6355 53
8236 6433 9
8236 6433 52
8236 6526 10
8236 6526 60
8236 6358 39
8236 6358 53
8254 6307 28
8254 6307 35
8254 6305 18
8254 6305 20
8254 6308 2
8254 6308 28
8254 6447 44
8254 6447 3
8254 8780 18
8254 8780 5
8254 6306 3
8254 6306 1
8254 6445 53
8254 6445 43
8254 9601 51
8254 9601 29
8254 9597 27
8254 9597 54
8254 6446 32
8254 6446 13
8254 6372 47
8254 6372 50
8254 8694 39
8254 8694 59
8254 9595 6
8254 9595 16
8254 9603 25
8254 9603 40
8254 9600 48
8254 9600 45
8254 6456 23
8254 6456 13
8254 6425 57
8254 6425 39
8254 6371 1
8254 6371 10
8254 9599 8
8254 9599 11
8254 6356 42
8254 6356 30
8254 6423 39
8254 6423 39
8254 6424 29
8254 6424 12
8254 9596 35
8254 9596 10
8254 9605 42
8254 9605 2
8254 6453 2
8254 6453 25
8254 6458 37
8254 6458 16
8254 6455 0
8254 6455 14
8254 6422 0
8254 6422 8
8254 6355 40
8254 6355 57
8254 6433 0
8254 6433 41
8254 6526 47
8254 6526 7
8254 6358 15
8254 6358 32
8081 6307 56
8081 6307 22
8081 6305 23
8081 6305 52
8081 6308 32
8081 6308 40
8081 6447 19
8081 6447 27
8081 8780 55
8081 8780 17
8081 6306 51
8081 6306 15
8081 6445 1
8081 6445 40
8081 9601 15
8081 9601 23
8081 9597 22
8081 9597 52
8081 6446 18
8081 6446 47
8081 6372 49
8081 6372 58
8081 8694 19
8081 8694 47
8081 9595 11
8081 9595 57
8081 9603 20
8081 9603 4
8081 9600 40
8081 9600 40
8081 6456 56
8081 6456 34
8081 6425 31
8081 6425 50
8081 6371 26
8081 6371 43
8081 9599 49
8081 9599 14
8081 6356 7
8081 6356 11
8081 6423 4
8081 6423 11
8081 6424 2
8081 6424 43
8081 9596 28
8081 9596 8
8081 9605 5
8081 9605 1
8081 6453 21
8081 6453 6
8081 6458 40
8081 6458 54
8081 6455 38
8081 6455 5
8081 6422 60
8081 6422 37
8081 6355 36
8081 6355 40
8081 6433 38
8081 6433 60
8081 6526 22
8081 6526 52
8081 6358 19
8081 6358 0
8233 6307 44
8233 6307 46
8233 6305 20
8233 6305 20
8233 6308 58
8233 6308 50
8233 6447 40
8233 6447 1
8233 8780 50
8233 8780 27
8233 6306 35
8233 6306 7
8233 6445 58
8233 6445 50
8233 9601 50
8233 9601 28
8233 9597 58
8233 9597 13
8233 6446 45
8233 6446 58
8233 6372 7
8233 6372 47
8233 8694 58
8233 8694 1
8233 9595 32
8233 9595 24
8233 9603 51
8233 9603 54
8233 9600 56
8233 9600 46
8233 6456 49
8233 6456 10
8233 6425 6
8233 6425 40
8233 6371 1
8233 6371 24
8233 9599 14
8233 9599 59
8233 6356 47
8233 6356 37
8233 6423 9
8233 6423 53
8233 6424 37
8233 6424 23
8233 9596 25
8233 9596 43
8233 9605 45
8233 9605 55
8233 6453 59
8233 6453 42
8233 6458 8
8233 6458 55
8233 6455 26
8233 6455 7
8233 6422 36
8233 6422 23
8233 6355 20
8233 6355 23
8233 6433 44
8233 6433 4
8233 6526 56
8233 6526 39
8233 6358 42
8233 6358 25
8244 6307 46
8244 6307 24
8244 6305 5
8244 6305 40
8244 6308 31
8244 6308 37
8244 6447 32
8244 6447 58
8244 8780 24
8244 8780 37
8244 6306 17
8244 6306 32
8244 6445 8
8244 6445 2
8244 9601 3
8244 9601 14
8244 9597 12
8244 9597 31
8244 6446 35
8244 6446 38
8244 6372 48
8244 6372 35
8244 8694 18
8244 8694 34
8244 9595 49
8244 9595 4
8244 9603 46
8244 9603 11
8244 9600 60
8244 9600 52
8244 6456 43
8244 6456 52
8244 6425 44
8244 6425 15
8244 6371 15
8244 6371 0
8244 9599 11
8244 9599 22
8244 6356 42
8244 6356 8
8244 6423 19
8244 6423 59
8244 6424 11
8244 6424 49
8244 9596 55
8244 9596 7
8244 9605 5
8244 9605 1
8244 6453 0
8244 6453 17
8244 6458 49
8244 6458 40
8244 6455 59
8244 6455 45
8244 6422 1
8244 6422 8
8244 6355 51
8244 6355 54
8244 6433 51
8244 6433 14
8244 6526 5
8244 6526 56
8244 6358 29
8244 6358 29
8247 6307 46
8247 6307 53
8247 6305 35
8247 6305 40
8247 6308 60
8247 6308 46
8247 6447 36
8247 6447 4
8247 8780 24
8247 8780 23
8247 6306 32
8247 6306 29
8247 6445 29
8247 6445 59
8247 9601 57
8247 9601 39
8247 9597 58
8247 9597 10
8247 6446 28
8247 6446 16
8247 6372 23
8247 6372 6
8247 8694 1
8247 8694 45
8247 9595 43
8247 9595 23
8247 9603 11
8247 9603 33
8247 9600 23
8247 9600 48
8247 6456 19
8247 6456 1
8247 6425 33
8247 6425 53
8247 6371 33
8247 6371 14
8247 9599 28
8247 9599 1
8247 6356 41
8247 6356 42
8247 6423 56
8247 6423 52
8247 6424 52
8247 6424 59
8247 9596 2
8247 9596 27
8247 9605 14
8247 9605 23
8247 6453 47
8247 6453 43
8247 6458 54
8247 6458 52
8247 6455 55
8247 6455 56
8247 6422 36
8247 6422 22
8247 6355 6
8247 6355 8
8247 6433 22
8247 6433 39
8247 6526 37
8247 6526 11
8247 6358 50
8247 6358 55
8253 6307 59
8253 6307 4
8253 6305 4
8253 6305 50
8253 6308 5
8253 6308 45
8253 6447 16
8253 6447 3
8253 8780 59
8253 8780 35
8253 6306 18
8253 6306 9
8253 6445 17
8253 6445 3
8253 9601 6
8253 9601 49
8253 9597 18
8253 9597 49
8253 6446 20
8253 6446 54
8253 6372 25
8253 6372 27
8253 8694 24
8253 8694 55
8253 9595 42
8253 9595 2
8253 9603 54
8253 9603 39
8253 9600 44
8253 9600 52
8253 6456 59
8253 6456 24
8253 6425 55
8253 6425 48
8253 6371 26
8253 6371 30
8253 9599 21
8253 9599 32
8253 6356 9
8253 6356 8
8253 6423 1
8253 6423 2
8253 6424 58
8253 6424 55
8253 9596 32
8253 9596 51
8253 9605 11
8253 9605 54
8253 6453 30
8253 6453 12
8253 6458 53
8253 6458 41
8253 6455 30
8253 6455 19
8253 6422 4
8253 6422 7
8253 6355 50
8253 6355 0
8253 6433 31
8253 6433 0
8253 6526 4
8253 6526 57
8253 6358 57
8253 6358 27
8275 6307 22
8275 6307 59
8275 6305 0
8275 6305 37
8275 6308 46
8275 6308 12
8275 6447 23
8275 6447 49
8275 8780 9
8275 8780 34
8275 6306 9
8275 6306 5
8275 6445 53
8275 6445 53
8275 9601 9
8275 9601 57
8275 9597 14
8275 9597 1
8275 6446 35
8275 6446 57
8275 6372 27
8275 6372 16
8275 8694 40
8275 8694 7
8275 9595 3
8275 9595 0
8275 9603 56
8275 9603 22
8275 9600 48
8275 9600 5
8275 6456 54
8275 6456 50
8275 6425 28
8275 6425 6
8275 6371 8
8275 6371 6
8275 9599 0
8275 9599 34
8275 6356 33
8275 6356 8
8275 6423 33
8275 6423 12
8275 6424 20
8275 6424 1
8275 9596 31
8275 9596 51
8275 9605 51
8275 9605 56
8275 6453 57
8275 6453 29
8275 6458 53
8275 6458 21
8275 6455 8
8275 6455 60
8275 6422 33
8275 6422 40
8275 6355 58
8275 6355 47
8275 6433 14
8275 6433 43
8275 6526 9
8275 6526 12
8275 6358 16
8275 6358 15
8230 6307 55
8230 6307 19
8230 6305 59
8230 6305 59
8230 6308 6
8230 6308 8
8230 6447 45
8230 6447 50
8230 8780 16
8230 8780 12
8230 6306 29
8230 6306 19
8230 6445 51
8230 6445 48
8230 9601 52
8230 9601 40
8230 9597 8
8230 9597 6
8230 6446 32
8230 6446 2
8230 6372 57
8230 6372 5
8230 8694 59
8230 8694 41
8230 9595 9
8230 9595 23
8230 9603 13
8230 9603 11
8230 9600 55
8230 9600 43
8230 6456 24
8230 6456 50
8230 6425 7
8230 6425 41
8230 6371 8
8230 6371 48
8230 9599 19
8230 9599 51
8230 6356 35
8230 6356 34
8230 6423 36
8230 6423 10
8230 6424 8
8230 6424 37
8230 9596 6
8230 9596 54
8230 9605 23
8230 9605 34
8230 6453 41
8230 6453 36
8230 6458 41
8230 6458 37
8230 6455 15
8230 6455 1
8230 6422 40
8230 6422 23
8230 6355 10
8230 6355 53
8230 6433 6
8230 6433 26
8230 6526 27
8230 6526 53
8230 6358 34
8230 6358 33
8080 6307 59
8080 6307 28
8080 6305 9
8080 6305 40
8080 6308 23
8080 6308 6
8080 6447 34
8080 6447 0
8080 8780 34
8080 8780 24
8080 6306 51
8080 6306 21
8080 6445 12
8080 6445 12
8080 9601 41
8080 9601 28
8080 9597 8
8080 9597 11
8080 6446 49
8080 6446 36
8080 6372 43
8080 6372 58
8080 8694 0
8080 8694 41
8080 9595 5
8080 9595 60
8080 9603 57
8080 9603 57
8080 9600 23
8080 9600 59
8080 6456 22
8080 6456 59
8080 6425 44
8080 6425 49
8080 6371 54
8080 6371 26
8080 9599 31
8080 9599 30
8080 6356 3
8080 6356 18
8080 6423 52
8080 6423 20
8080 6424 14
8080 6424 56
8080 9596 34
8080 9596 36
8080 9605 5
8080 9605 27
8080 6453 25
8080 6453 45
8080 6458 42
8080 6458 60
8080 6455 35
8080 6455 36
8080 6422 56
8080 6422 0
8080 6355 5
8080 6355 51
8080 6433 26
8080 6433 13
8080 6526 41
8080 6526 1
8080 6358 60
8080 6358 6
8256 6307 51
8256 6307 43
8256 6305 58
8256 6305 7
8256 6308 32
8256 6308 42
8256 6447 44
8256 6447 5
8256 8780 2
8256 8780 5
8256 6306 30
8256 6306 54
8256 6445 4
8256 6445 20
8256 9601 13
8256 9601 58
8256 9597 57
8256 9597 43
8256 6446 26
8256 6446 0
8256 6372 58
8256 6372 6
8256 8694 8
8256 8694 12
8256 9595 43
8256 9595 45
8256 9603 30
8256 9603 21
8256 9600 13
8256 9600 10
8256 6456 38
8256 6456 59
8256 6425 57
8256 6425 56
8256 6371 53
8256 6371 14
8256 9599 17
8256 9599 38
8256 6356 36
8256 6356 29
8256 6423 20
8256 6423 26
8256 6424 2
8256 6424 4
8256 9596 38
8256 9596 57
8256 9605 17
8256 9605 40
8256 6453 30
8256 6453 57
8256 6458 18
8256 6458 44
8256 6455 52
8256 6455 22
8256 6422 23
8256 6422 19
8256 6355 33
8256 6355 60
8256 6433 43
8256 6433 54
8256 6526 5
8256 6526 24
8256 6358 42
8256 6358 12
8271 6307 10
8271 6307 49
8271 6305 54
8271 6305 27
8271 6308 12
8271 6308 36
8271 6447 35
8271 6447 0
8271 8780 54
8271 8780 17
8271 6306 49
8271 6306 21
8271 6445 29
8271 6445 29
8271 9601 40
8271 9601 58
8271 9597 13
8271 9597 31
8271 6446 49
8271 6446 31
8271 6372 47
8271 6372 7
8271 8694 43
8271 8694 55
8271 9595 14
8271 9595 33
8271 9603 16
8271 9603 54
8271 9600 57
8271 9600 50
8271 6456 38
8271 6456 11
8271 6425 55
8271 6425 40
8271 6371 58
8271 6371 54
8271 9599 7
8271 9599 60
8271 6356 37
8271 6356 12
8271 6423 32
8271 6423 19
8271 6424 42
8271 6424 22
8271 9596 56
8271 9596 55
8271 9605 35
8271 9605 25
8271 6453 23
8271 6453 36
8271 6458 14
8271 6458 7
8271 6455 21
8271 6455 21
8271 6422 59
8271 6422 42
8271 6355 40
8271 6355 55
8271 6433 22
8271 6433 6
8271 6526 9
8271 6526 33
8271 6358 41
8271 6358 38
8274 6307 32
8274 6307 22
8274 6305 0
8274 6305 30
8274 6308 42
8274 6308 20
8274 6447 55
8274 6447 35
8274 8780 23
8274 8780 21
8274 6306 51
8274 6306 32
8274 6445 14
8274 6445 46
8274 9601 56
8274 9601 47
8274 9597 9
8274 9597 56
8274 6446 28
8274 6446 52
8274 6372 44
8274 6372 25
8274 8694 13
8274 8694 50
8274 9595 26
8274 9595 2
8274 9603 46
8274 9603 32
8274 9600 20
8274 9600 48
8274 6456 12
8274 6456 0
8274 6425 56
8274 6425 56
8274 6371 5
8274 6371 29
8274 9599 16
8274 9599 17
8274 6356 11
8274 6356 32
8274 6423 32
8274 6423 14
8274 6424 55
8274 6424 27
8274 9596 50
8274 9596 14
8274 9605 2
8274 9605 20
8274 6453 2
8274 6453 48
8274 6458 40
8274 6458 24
8274 6455 35
8274 6455 55
8274 6422 11
8274 6422 6
8274 6355 5
8274 6355 41
8274 6433 17
8274 6433 13
8274 6526 23
8274 6526 53
8274 6358 22
8274 6358 33
8077 6307 57
8077 6307 29
8077 6305 10
8077 6305 23
8077 6308 21
8077 6308 11
8077 6447 5
8077 6447 54
8077 8780 23
8077 8780 23
8077 6306 4
8077 6306 43
8077 6445 1
8077 6445 3
8077 9601 48
8077 9601 11
8077 9597 13
8077 9597 17
8077 6446 11
8077 6446 16
8077 6372 59
8077 6372 7
8077 8694 12
8077 8694 49
8077 9595 10
8077 9595 33
8077 9603 5
8077 9603 27
8077 9600 0
8077 9600 3
8077 6456 19
8077 6456 27
8077 6425 60
8077 6425 40
8077 6371 49
8077 6371 11
8077 9599 14
8077 9599 35
8077 6356 53
8077 6356 11
8077 6423 13
8077 6423 37
8077 6424 28
8077 6424 2
8077 9596 12
8077 9596 20
8077 9605 31
8077 9605 51
8077 6453 58
8077 6453 2
8077 6458 36
8077 6458 12
8077 6455 50
8077 6455 32
8077 6422 48
8077 6422 8
8077 6355 21
8077 6355 58
8077 6433 49
8077 6433 36
8077 6526 26
8077 6526 26
8077 6358 19
8077 6358 55
8223 6307 19
8223 6307 10
8223 6305 15
8223 6305 2
8223 6308 55
8223 6308 14
8223 6447 50
8223 6447 3
8223 8780 8
8223 8780 35
8223 6306 45
8223 6306 47
8223 6445 3
8223 6445 56
8223 9601 58
8223 9601 23
8223 9597 30
8223 9597 34
8223 6446 56
8223 6446 10
8223 6372 39
8223 6372 54
8223 8694 29
8223 8694 12
8223 9595 54
8223 9595 42
8223 9603 41
8223 9603 55
8223 9600 52
8223 9600 54
8223 6456 52
8223 6456 48
8223 6425 47
8223 6425 53
8223 6371 39
8223 6371 59
8223 9599 50
8223 9599 35
8223 6356 30
8223 6356 45
8223 6423 23
8223 6423 6
8223 6424 55
8223 6424 37
8223 9596 58
8223 9596 55
8223 9605 27
8223 9605 59
8223 6453 42
8223 6453 46
8223 6458 56
8223 6458 34
8223 6455 45
8223 6455 20
8223 6422 18
8223 6422 44
8223 6355 23
8223 6355 16
8223 6433 0
8223 6433 28
8223 6526 26
8223 6526 41
8223 6358 34
8223 6358 42
8229 6307 50
8229 6307 47
8229 6305 35
8229 6305 27
8229 6308 9
8229 6308 30
8229 6447 44
8229 6447 30
8229 8780 17
8229 8780 38
8229 6306 24
8229 6306 53
8229 6445 18
8229 6445 11
8229 9601 47
8229 9601 33
8229 9597 44
8229 9597 34
8229 6446 23
8229 6446 24
8229 6372 38
8229 6372 38
8229 8694 25
8229 8694 19
8229 9595 56
8229 9595 6
8229 9603 40
8229 9603 16
8229 9600 2
8229 9600 44
8229 6456 5
8229 6456 10
8229 6425 27
8229 6425 32
8229 6371 15
8229 6371 55
8229 9599 33
8229 9599 23
8229 6356 39
8229 6356 46
8229 6423 18
8229 6423 40
8229 6424 29
8229 6424 15
8229 9596 48
8229 9596 15
8229 9605 55
8229 9605 15
8229 6453 43
8229 6453 33
8229 6458 55
8229 6458 37
8229 6455 54
8229 6455 14
8229 6422 49
8229 6422 48
8229 6355 13
8229 6355 48
8229 6433 33
8229 6433 59
8229 6526 33
8229 6526 14
8229 6358 42
8229 6358 49
8245 6307 46
8245 6307 43
8245 6305 11
8245 6305 24
8245 6308 31
8245 6308 21
8245 6447 22
8245 6447 47
8245 8780 22
8245 8780 60
8245 6306 0
8245 6306 49
8245 6445 9
8245 6445 39
8245 9601 31
8245 9601 25
8245 9597 44
8245 9597 11
8245 6446 13
8245 6446 18
8245 6372 38
8245 6372 21
8245 8694 60
8245 8694 0
8245 9595 26
8245 9595 24
8245 9603 27
8245 9603 28
8245 9600 39
8245 9600 52
8245 6456 26
8245 6456 37
8245 6425 41
8245 6425 40
8245 6371 45
8245 6371 52
8245 9599 31
8245 9599 41
8245 6356 42
8245 6356 40
8245 6423 50
8245 6423 7
8245 6424 52
8245 6424 35
8245 9596 58
8245 9596 59
8245 9605 7
8245 9605 43
8245 6453 22
8245 6453 7
8245 6458 38
8245 6458 19
8245 6455 11
8245 6455 41
8245 6422 51
8245 6422 26
8245 6355 52
8245 6355 21
8245 6433 35
8245 6433 32
8245 6526 18
8245 6526 13
8245 6358 5
8245 6358 49
8242 6307 20
8242 6307 3
8242 6305 0
8242 6305 36
8242 6308 5
8242 6308 9
8242 6447 22
8242 6447 26
8242 8780 40
8242 8780 33
8242 6306 36
8242 6306 54
8242 6445 60
8242 6445 1
8242 9601 22
8242 9601 14
8242 9597 23
8242 9597 60
8242 6446 2
8242 6446 26
8242 6372 48
8242 6372 60
8242 8694 4
8242 8694 29
8242 9595 25
8242 9595 21
8242 9603 3
8242 9603 37
8242 9600 57
8242 9600 38
8242 6456 50
8242 6456 9
8242 6425 9
8242 6425 8
8242 6371 33
8242 6371 1
8242 9599 26
8242 9599 18
8242 6356 27
8242 6356 15
8242 6423 45
8242 6423 22
8242 6424 13
8242 6424 18
8242 9596 48
8242 9596 15
8242 9605 42
8242 9605 37
8242 6453 0
8242 6453 47
8242 6458 33
8242 6458 27
8242 6455 23
8242 6455 10
8242 6422 32
8242 6422 32
8242 6355 12
8242 6355 37
8242 6433 11
8242 6433 48
8242 6526 39
8242 6526 55
8242 6358 36
8242 6358 2
8251 6307 2
8251 6307 7
8251 6305 52
8251 6305 45
8251 6308 55
8251 6308 10
8251 6447 58
8251 6447 1
8251 8780 24
8251 8780 31
8251 6306 56
8251 6306 12
8251 6445 60
8251 6445 6
8251 9601 52
8251 9601 40
8251 9597 4
8251 9597 36
8251 6446 53
8251 6446 3
8251 6372 32
8251 6372 41
8251 8694 23
8251 8694 16
8251 9595 26
8251 9595 34
8251 9603 5
8251 9603 23
8251 9600 4
8251 9600 30
8251 6456 15
8251 6456 40
8251 6425 51
8251 6425 44
8251 6371 47
8251 6371 47
8251 9599 37
8251 9599 17
8251 6356 5
8251 6356 6
8251 6423 13
8251 6423 48
8251 6424 19
8251 6424 39
8251 9596 2
8251 9596 55
8251 9605 47
8251 9605 48
8251 6453 39
8251 6453 5
8251 6458 0
8251 6458 59
8251 6455 53
8251 6455 3
8251 6422 2
8251 6422 43
8251 6355 16
8251 6355 37
8251 6433 58
8251 6433 60
8251 6526 58
8251 6526 35
8251 6358 8
8251 6358 51
8293 6307 60
8293 6307 48
8293 6305 11
8293 6305 37
8293 6308 60
8293 6308 12
8293 6447 54
8293 6447 38
8293 8780 59
8293 8780 45
8293 6306 56
8293 6306 31
8293 6445 44
8293 6445 32
8293 9601 45
8293 9601 37
8293 9597 45
8293 9597 18
8293 6446 58
8293 6446 19
8293 6372 18
8293 6372 49
8293 8694 40
8293 8694 51
8293 9595 2
8293 9595 46
8293 9603 16
8293 9603 55
8293 9600 24
8293 9600 25
8293 6456 6
8293 6456 60
8293 6425 0
8293 6425 0
8293 6371 27
8293 6371 18
8293 9599 21
8293 9599 26
8293 6356 54
8293 6356 12
8293 6423 48
8293 6423 18
8293 6424 1
8293 6424 29
8293 9596 47
8293 9596 51
8293 9605 34
8293 9605 27
8293 6453 8
8293 6453 8
8293 6458 48
8293 6458 58
8293 6455 24
8293 6455 58
8293 6422 28
8293 6422 58
8293 6355 23
8293 6355 40
8293 6433 53
8293 6433 25
8293 6526 32
8293 6526 44
8293 6358 41
8293 6358 55
8308 6307 13
8308 6307 9
8308 6305 24
8308 6305 15
8308 6308 20
8308 6308 19
8308 6447 17
8308 6447 42
8308 8780 29
8308 8780 57
8308 6306 58
8308 6306 10
8308 6445 5
8308 6445 25
8308 9601 60
8308 9601 37
8308 9597 7
8308 9597 51
8308 6446 14
8308 6446 60
8308 6372 25
8308 6372 59
8308 8694 41
8308 8694 46
8308 9595 38
8308 9595 3
8308 9603 22
8308 9603 36
8308 9600 39
8308 9600 0
8308 6456 42
8308 6456 11
8308 6425 24
8308 6425 39
8308 6371 60
8308 6371 11
8308 9599 6
8308 9599 21
8308 6356 15
8308 6356 44
8308 6423 29
8308 6423 60
8308 6424 35
8308 6424 16
8308 9596 16
8308 9596 8
8308 9605 17
8308 9605 32
8308 6453 47
8308 6453 39
8308 6458 51
8308 6458 18
8308 6455 22
8308 6455 8
8308 6422 32
8308 6422 31
8308 6355 40
8308 6355 33
8308 6433 15
8308 6433 41
8308 6526 13
8308 6526 25
8308 6358 51
8308 6358 2
8096 6307 19
8096 6307 32
8096 6305 20
8096 6305 9
8096 6308 16
8096 6308 41
8096 6447 18
8096 6447 42
8096 8780 53
8096 8780 60
8096 6306 38
8096 6306 26
8096 6445 22
8096 6445 4
8096 9601 0
8096 9601 54
8096 9597 34
8096 9597 37
8096 6446 20
8096 6446 42
8096 6372 5
8096 6372 16
8096 8694 30
8096 8694 17
8096 9595 15
8096 9595 37
8096 9603 59
8096 9603 60
8096 9600 38
8096 9600 52
8096 6456 36
8096 6456 9
8096 6425 3
8096 6425 40
8096 6371 8
8096 6371 54
8096 9599 28
8096 9599 45
8096 6356 27
8096 6356 35
8096 6423 39
8096 6423 4
8096 6424 30
8096 6424 44
8096 9596 8
8096 9596 25
8096 9605 22
8096 9605 22
8096 6453 57
8096 6453 41
8096 6458 25
8096 6458 18
8096 6455 51
8096 6455 49
8096 6422 53
8096 6422 55
8096 6355 2
8096 6355 41
8096 6433 59
8096 6433 15
8096 6526 55
8096 6526 23
8096 6358 0
8096 6358 51
8082 6307 50
8082 6307 20
8082 6305 16
8082 6305 15
8082 6308 47
8082 6308 48
8082 6447 3
8082 6447 45
8082 8780 53
8082 8780 28
8082 6306 42
8082 6306 14
8082 6445 57
8082 6445 50
8082 9601 19
8082 9601 44
8082 9597 7
8082 9597 4
8082 6446 54
8082 6446 11
8082 6372 40
8082 6372 35
8082 8694 38
8082 8694 7
8082 9595 4
8082 9595 41
8082 9603 41
8082 9603 13
8082 9600 37
8082 9600 49
8082 6456 44
8082 6456 29
8082 6425 0
8082 6425 42
8082 6371 35
8082 6371 11
8082 9599 34
8082 9599 43
8082 6356 2
8082 6356 12
8082 6423 7
8082 6423 11
8082 6424 55
8082 6424 1
8082 9596 35
8082 9596 20
8082 9605 10
8082 9605 30
8082 6453 11
8082 6453 43
8082 6458 2
8082 6458 39
8082 6455 60
8082 6455 12
8082 6422 12
8082 6422 41
8082 6355 33
8082 6355 31
8082 6433 60
8082 6433 9
8082 6526 17
8082 6526 15
8082 6358 50
8082 6358 50
8076 6307 4
8076 6307 3
8076 6305 25
8076 6305 4
8076 6308 60
8076 6308 54
8076 6447 56
8076 6447 8
8076 8780 53
8076 8780 37
8076 6306 12
8076 6306 10
8076 6445 24
8076 6445 25
8076 9601 15
8076 9601 9
8076 9597 17
8076 9597 26
8076 6446 18
8076 6446 8
8076 6372 15
8076 6372 60
8076 8694 42
8076 8694 41
8076 9595 6
8076 9595 16
8076 9603 41
8076 9603 54
8076 9600 26
8076 9600 11
8076 6456 32
8076 6456 47
8076 6425 38
8076 6425 2
8076 6371 22
8076 6371 52
8076 9599 43
8076 9599 55
8076 6356 52
8076 6356 39
8076 6423 50
8076 6423 26
8076 6424 4
8076 6424 31
8076 9596 48
8076 9596 4
8076 9605 47
8076 9605 47
8076 6453 53
8076 6453 49
8076 6458 46
8076 6458 7
8076 6455 56
8076 6455 17
8076 6422 50
8076 6422 18
8076 6355 5
8076 6355 0
8076 6433 2
8076 6433 16
8076 6526 20
8076 6526 15
8076 6358 0
8076 6358 51
8255 6307 21
8255 6307 2
8255 6305 36
8255 6305 51
8255 6308 9
8255 6308 33
8255 6447 6
8255 6447 22
8255 8780 52
8255 8780 16
8255 6306 12
8255 6306 29
8255 6445 51
8255 6445 43
8255 9601 21
8255 9601 54
8255 9597 53
8255 9597 5
8255 6446 9
8255 6446 9
8255 6372 19
8255 6372 23
8255 8694 39
8255 8694 13
8255 9595 16
8255 9595 2
8255 9603 43
8255 9603 31
8255 9600 54
8255 9600 30
8255 6456 25
8255 6456 39
8255 6425 38
8255 6425 9
8255 6371 22
8255 6371 41
8255 9599 8
8255 9599 30
8255 6356 44
8255 6356 6
8255 6423 45
8255 6423 19
8255 6424 7
8255 6424 20
8255 9596 59
8255 9596 2
8255 9605 24
8255 9605 43
8255 6453 31
8255 6453 41
8255 6458 0
8255 6458 50
8255 6455 37
8255 6455 32
8255 6422 41
8255 6422 40
8255 6355 30
8255 6355 1
8255 6433 17
8255 6433 11
8255 6526 39
8255 6526 30
8255 6358 40
8255 6358 5
8258 6307 3
8258 6307 19
8258 6305 9
8258 6305 0
8258 6308 20
8258 6308 32
8258 6447 42
8258 6447 42
8258 8780 12
8258 8780 28
8258 6306 27
8258 6306 33
8258 6445 49
8258 6445 2
8258 9601 25
8258 9601 4
8258 9597 44
8258 9597 49
8258 6446 15
8258 6446 59
8258 6372 27
8258 6372 23
8258 8694 11
8258 8694 59
8258 9595 51
8258 9595 14
8258 9603 36
8258 9603 60
8258 9600 34
8258 9600 40
8258 6456 9
8258 6456 51
8258 6425 25
8258 6425 55
8258 6371 54
8258 6371 2
8258 9599 32
8258 9599 38
8258 6356 43
8258 6356 9
8258 6423 28
8258 6423 56
8258 6424 25
8258 6424 53
8258 9596 51
8258 9596 8
8258 9605 16
8258 9605 11
8258 6453 50
8258 6453 32
8258 6458 28
8258 6458 59
8258 6455 0
8258 6455 46
8258 6422 35
8258 6422 20
8258 6355 38
8258 6355 55
8258 6433 26
8258 6433 5
8258 6526 25
8258 6526 35
8258 6358 9
8258 6358 4
