6403 2673 45
6403 2564 59
6403 2574 39
6403 2563 26
6403 2566 41
6403 2674 24
6403 2575 3
6403 2550 34
6403 2549 15
6403 2565 40
6403 2573 11
6403 2676 44
6403 2685 36
6403 2548 45
6403 2562 27
6403 2570 11
6403 2576 11
6403 2572 17
6403 2675 21
6403 2683 30
6403 2686 12
6403 2553 34
6403 2567 17
6403 2634 35
6403 2738 43
6403 2571 8
6403 2677 48
6403 2680 59
6403 2684 60
6403 2687 47
6403 2547 19
6403 2554 41
6402 2673 46
6402 2564 59
6402 2574 56
6402 2563 15
6402 2566 42
6402 2674 7
6402 2575 57
6402 2550 37
6402 2549 49
6402 2565 20
6402 2573 53
6402 2676 43
6402 2685 36
6402 2548 45
6402 2562 29
6402 2570 12
6402 2576 7
6402 2572 22
6402 2675 44
6402 2683 1
6402 2686 11
6402 2553 8
6402 2567 56
6402 2634 37
6402 2738 4
6402 2571 53
6402 2677 40
6402 2680 47
6402 2684 58
6402 2687 9
6402 2547 26
6402 2554 59
6406 2673 7
6406 2564 44
6406 2574 7
6406 2563 42
6406 2566 22
6406 2674 36
6406 2575 4
6406 2550 36
6406 2549 38
6406 2565 35
6406 2573 4
6406 2676 53
6406 2685 48
6406 2548 2
6406 2562 1
6406 2570 2
6406 2576 25
6406 2572 33
6406 2675 51
6406 2683 46
6406 2686 55
6406 2553 59
6406 2567 53
6406 2634 57
6406 2738 35
6406 2571 56
6406 2677 35
6406 2680 49
6406 2684 4
6406 2687 60
6406 2547 23
6406 2554 60
6408 2673 7
6408 2564 40
6408 2574 1
6408 2563 36
6408 2566 44
6408 2674 37
6408 2575 11
6408 2550 40
6408 2549 50
6408 2565 46
6408 2573 55
6408 2676 39
6408 2685 14
6408 2548 54
6408 2562 3
6408 2570 4
6408 2576 51
6408 2572 11
6408 2675 18
6408 2683 5
6408 2686 45
6408 2553 16
6408 2567 37
6408 2634 4
6408 2738 48
6408 2571 26
6408 2677 13
6408 2680 5
6408 2684 29
6408 2687 23
6408 2547 31
6408 2554 1
6539 2673 11
6539 2564 4
6539 2574 21
6539 2563 12
6539 2566 19
6539 2674 5
6539 2575 33
6539 2550 22
6539 2549 38
6539 2565 18
6539 2573 51
6539 2676 7
6539 2685 37
6539 2548 15
6539 2562 60
6539 2570 18
6539 2576 33
6539 2572 22
6539 2675 19
6539 2683 28
6539 2686 15
6539 2553 44
6539 2567 4
6539 2634 39
6539 2738 31
6539 2571 41
6539 2677 25
6539 2680 40
6539 2684 41
6539 2687 45
6539 2547 35
6539 2554 42
6404 2673 41
6404 2564 36
6404 2574 20
6404 2563 31
6404 2566 11
6404 2674 18
6404 2575 22
6404 2550 41
6404 2549 13
6404 2565 26
6404 2573 42
6404 2676 8
6404 2685 11
6404 2548 16
6404 2562 43
6404 2570 16
6404 2576 49
6404 2572 40
6404 2675 22
6404 2683 47
6404 2686 54
6404 2553 20
6404 2567 48
6404 2634 37
6404 2738 45
6404 2571 11
6404 2677 40
6404 2680 20
6404 2684 39
6404 2687 32
6404 2547 5
6404 2554 4
6540 2673 44
6540 2564 51
6540 2574 45
6540 2563 56
6540 2566 8
6540 2674 34
6540 2575 49
6540 2550 19
6540 2549 21
6540 2565 14
6540 2573 11
6540 2676 44
6540 2685 17
6540 2548 36
6540 2562 18
6540 2570 43
6540 2576 41
6540 2572 37
6540 2675 29
6540 2683 26
6540 2686 60
6540 2553 30
6540 2567 50
6540 2634 28
6540 2738 50
6540 2571 53
6540 2677 51
6540 2680 16
6540 2684 17
6540 2687 52
6540 2547 2
6540 2554 30
6400 2673 53
6400 2564 57
6400 2574 32
6400 2563 18
6400 2566 28
6400 2674 34
6400 2575 48
6400 2550 11
6400 2549 30
6400 2565 12
6400 2573 23
6400 2676 38
6400 2685 38
6400 2548 45
6400 2562 50
6400 2570 29
6400 2576 47
6400 2572 20
6400 2675 24
6400 2683 58
6400 2686 17
6400 2553 20
6400 2567 2
6400 2634 9
6400 2738 24
6400 2571 16
6400 2677 34
6400 2680 14
6400 2684 1
6400 2687 15
6400 2547 34
6400 2554 2
6405 2673 58
6405 2564 11
6405 2574 29
6405 2563 43
6405 2566 19
6405 2674 22
6405 2575 42
6405 2550 30
6405 2549 37
6405 2565 11
6405 2573 33
6405 2676 50
6405 2685 19
6405 2548 54
6405 2562 40
6405 2570 50
6405 2576 17
6405 2572 46
6405 2675 36
6405 2683 40
6405 2686 23
6405 2553 15
6405 2567 30
6405 2634 40
6405 2738 6
6405 2571 0
6405 2677 23
6405 2680 14
6405 2684 13
6405 2687 60
6405 2547 42
6405 2554 33
6409 2673 26
6409 2564 49
6409 2574 1
6409 2563 49
6409 2566 54
6409 2674 58
6409 2575 52
6409 2550 32
6409 2549 53
6409 2565 54
6409 2573 28
6409 2676 0
6409 2685 24
6409 2548 11
6409 2562 58
6409 2570 9
6409 2576 27
6409 2572 24
6409 2675 25
6409 2683 14
6409 2686 43
6409 2553 21
6409 2567 50
6409 2634 27
6409 2738 42
6409 2571 27
6409 2677 58
6409 2680 33
6409 2684 8
6409 2687 58
6409 2547 46
6409 2554 23
9531 2673 23
9531 2564 14
9531 2574 32
9531 2563 37
9531 2566 15
9531 2674 21
9531 2575 3
9531 2550 32
9531 2549 48
9531 2565 7
9531 2573 15
9531 2676 50
9531 2685 53
9531 2548 29
9531 2562 42
9531 2570 22
9531 2576 42
9531 2572 15
9531 2675 7
9531 2683 55
9531 2686 5
9531 2553 10
9531 2567 33
9531 2634 14
9531 2738 41
9531 2571 58
9531 2677 48
9531 2680 1
9531 2684 52
9531 2687 27
9531 2547 3
9531 2554 20
6407 2673 60
6407 2564 20
6407 2574 59
6407 2563 27
6407 2566 38
6407 2674 5
6407 2575 14
6407 2550 58
6407 2549 17
6407 2565 33
6407 2573 12
6407 2676 24
6407 2685 59
6407 2548 17
6407 2562 28
6407 2570 17
6407 2576 42
6407 2572 36
6407 2675 31
6407 2683 12
6407 2686 6
6407 2553 26
6407 2567 42
6407 2634 10
6407 2738 3
6407 2571 21
6407 2677 39
6407 2680 31
6407 2684 43
6407 2687 17
6407 2547 9
6407 2554 60
6544 2673 10
6544 2564 28
6544 2574 19
6544 2563 58
6544 2566 51
6544 2674 45
6544 2575 41
6544 2550 23
6544 2549 37
6544 2565 32
6544 2573 32
6544 2676 0
6544 2685 57
6544 2548 26
6544 2562 6
6544 2570 14
6544 2576 20
6544 2572 31
6544 2675 32
6544 2683 36
6544 2686 43
6544 2553 58
6544 2567 30
6544 2634 37
6544 2738 59
6544 2571 49
6544 2677 45
6544 2680 31
6544 2684 58
6544 2687 48
6544 2547 55
6544 2554 15
9637 2673 1
9637 2564 8
9637 2574 36
9637 2563 15
9637 2566 27
9637 2674 60
9637 2575 22
9637 2550 47
9637 2549 52
9637 2565 46
9637 2573 37
9637 2676 11
9637 2685 44
9637 2548 21
9637 2562 20
9637 2570 23
9637 2576 51
9637 2572 47
9637 2675 24
9637 2683 60
9637 2686 10
9637 2553 24
9637 2567 11
9637 2634 48
9637 2738 6
9637 2571 22
9637 2677 49
9637 2680 36
9637 2684 45
9637 2687 32
9637 2547 2
9637 2554 51
9834 2673 26
9834 2564 38
9834 2574 37
9834 2563 33
9834 2566 28
9834 2674 12
9834 2575 52
9834 2550 50
9834 2549 21
9834 2565 40
9834 2573 29
9834 2676 56
9834 2685 50
9834 2548 47
9834 2562 17
9834 2570 36
9834 2576 14
9834 2572 27
9834 2675 13
9834 2683 35
9834 2686 45
9834 2553 54
9834 2567 24
9834 2634 44
9834 2738 6
9834 2571 43
9834 2677 9
9834 2680 36
9834 2684 54
9834 2687 3
9834 2547 42
9834 2554 36
6550 2673 42
6550 2564 54
6550 2574 14
6550 2563 56
6550 2566 22
6550 2674 55
6550 2575 55
6550 2550 49
6550 2549 53
6550 2565 27
6550 2573 35
6550 2676 0
6550 2685 53
6550 2548 59
6550 2562 51
6550 2570 23
6550 2576 59
6550 2572 28
6550 2675 42
6550 2683 14
6550 2686 56
6550 2553 37
6550 2567 17
6550 2634 24
6550 2738 45
6550 2571 55
6550 2677 8
6550 2680 51
6550 2684 1
6550 2687 28
6550 2547 20
6550 2554 29
6399 2673 50
6399 2564 48
6399 2574 47
6399 2563 60
6399 2566 40
6399 2674 17
6399 2575 45
6399 2550 46
6399 2549 56
6399 2565 26
6399 2573 56
6399 2676 28
6399 2685 23
6399 2548 32
6399 2562 49
6399 2570 43
6399 2576 43
6399 2572 51
6399 2675 28
6399 2683 51
6399 2686 47
6399 2553 42
6399 2567 8
6399 2634 19
6399 2738 21
6399 2571 57
6399 2677 25
6399 2680 43
6399 2684 54
6399 2687 48
6399 2547 6
6399 2554 59
6401 2673 39
6401 2564 42
6401 2574 5
6401 2563 57
6401 2566 30
6401 2674 58
6401 2575 27
6401 2550 39
6401 2549 52
6401 2565 41
6401 2573 57
6401 2676 48
6401 2685 14
6401 2548 49
6401 2562 8
6401 2570 42
6401 2576 8
6401 2572 6
6401 2675 26
6401 2683 44
6401 2686 52
6401 2553 60
6401 2567 56
6401 2634 11
6401 2738 26
6401 2571 46
6401 2677 22
6401 2680 51
6401 2684 19
6401 2687 42
6401 2547 50
6401 2554 45
6419 2673 46
6419 2564 47
6419 2574 39
6419 2563 31
6419 2566 21
6419 2674 54
6419 2575 60
6419 2550 6
6419 2549 48
6419 2565 14
6419 2573 30
6419 2676 55
6419 2685 51
6419 2548 9
6419 2562 40
6419 2570 53
6419 2576 22
6419 2572 42
6419 2675 2
6419 2683 37
6419 2686 59
6419 2553 13
6419 2567 10
6419 2634 37
6419 2738 8
6419 2571 53
6419 2677 9
6419 2680 9
6419 2684 28
6419 2687 59
6419 2547 8
6419 2554 9
9641 2673 4
9641 2564 17
9641 2574 44
9641 2563 51
9641 2566 43
9641 2674 23
9641 2575 16
9641 2550 48
9641 2549 38
9641 2565 20
9641 2573 45
9641 2676 31
9641 2685 20
9641 2548 33
9641 2562 34
9641 2570 33
9641 2576 60
9641 2572 59
9641 2675 27
9641 2683 31
9641 2686 51
9641 2553 45
9641 2567 17
9641 2634 33
9641 2738 51
9641 2571 23
9641 2677 5
9641 2680 47
9641 2684 51
9641 2687 13
9641 2547 59
9641 2554 42
6351 2673 18
6351 2564 32
6351 2574 57
6351 2563 26
6351 2566 4
6351 2674 43
6351 2575 50
6351 2550 17
6351 2549 45
6351 2565 36
6351 2573 47
6351 2676 34
6351 2685 44
6351 2548 20
6351 2562 49
6351 2570 35
6351 2576 34
6351 2572 19
6351 2675 32
6351 2683 18
6351 2686 17
6351 2553 39
6351 2567 0
6351 2634 41
6351 2738 50
6351 2571 38
6351 2677 60
6351 2680 1
6351 2684 52
6351 2687 52
6351 2547 6
6351 2554 53
8678 2673 4
8678 2564 34
8678 2574 25
8678 2563 21
8678 2566 59
8678 2674 53
8678 2575 26
8678 2550 40
8678 2549 8
8678 2565 43
8678 2573 46
8678 2676 4
8678 2685 17
8678 2548 58
8678 2562 7
8678 2570 14
8678 2576 41
8678 2572 20
8678 2675 43
8678 2683 51
8678 2686 33
8678 2553 25
8678 2567 48
8678 2634 41
8678 2738 7
8678 2571 49
8678 2677 43
8678 2680 29
8678 2684 53
8678 2687 57
8678 2547 44
8678 2554 33
9530 2673 48
9530 2564 12
9530 2574 22
9530 2563 10
9530 2566 56
9530 2674 38
9530 2575 53
9530 2550 3
9530 2549 4
9530 2565 5
9530 2573 12
9530 2676 48
9530 2685 10
9530 2548 50
9530 2562 36
9530 2570 5
9530 2576 55
9530 2572 59
9530 2675 33
9530 2683 44
9530 2686 53
9530 2553 54
9530 2567 2
9530 2634 45
9530 2738 37
9530 2571 19
9530 2677 40
9530 2680 60
9530 2684 56
9530 2687 34
9530 2547 44
9530 2554 42
6382 2673 12
6382 2564 32
6382 2574 1
6382 2563 25
6382 2566 44
6382 2674 11
6382 2575 35
6382 2550 12
6382 2549 60
6382 2565 20
6382 2573 17
6382 2676 50
6382 2685 35
6382 2548 24
6382 2562 32
6382 2570 19
6382 2576 55
6382 2572 12
6382 2675 12
6382 2683 0
6382 2686 48
6382 2553 35
6382 2567 14
6382 2634 26
6382 2738 45
6382 2571 5
6382 2677 0
6382 2680 5
6382 2684 28
6382 2687 37
6382 2547 59
6382 2554 41
6543 2673 47
6543 2564 9
6543 2574 20
6543 2563 19
6543 2566 31
6543 2674 48
6543 2575 26
6543 2550 10
6543 2549 27
6543 2565 53
6543 2573 25
6543 2676 54
6543 2685 0
6543 2548 21
6543 2562 20
6543 2570 5
6543 2576 54
6543 2572 5
6543 2675 22
6543 2683 7
6543 2686 45
6543 2553 33
6543 2567 16
6543 2634 38
6543 2738 58
6543 2571 13
6543 2677 25
6543 2680 48
6543 2684 47
6543 2687 60
6543 2547 42
6543 2554 56
6549 2673 27
6549 2564 36
6549 2574 45
6549 2563 57
6549 2566 31
6549 2674 5
6549 2575 2
6549 2550 5
6549 2549 44
6549 2565 20
6549 2573 9
6549 2676 1
6549 2685 56
6549 2548 48
6549 2562 24
6549 2570 7
6549 2576 42
6549 2572 52
6549 2675 10
6549 2683 43
6549 2686 21
6549 2553 33
6549 2567 8
6549 2634 7
6549 2738 22
6549 2571 41
6549 2677 56
6549 2680 0
6549 2684 12
6549 2687 39
6549 2547 43
6549 2554 20
6552 2673 49
6552 2564 35
6552 2574 53
6552 2563 29
6552 2566 13
6552 2674 2
6552 2575 59
6552 2550 30
6552 2549 37
6552 2565 34
6552 2573 55
6552 2676 41
6552 2685 12
6552 2548 54
6552 2562 42
6552 2570 42
6552 2576 25
6552 2572 37
6552 2675 50
6552 2683 8
6552 2686 8
6552 2553 55
6552 2567 59
6552 2634 49
6552 2738 56
6552 2571 47
6552 2677 34
6552 2680 15
6552 2684 22
6552 2687 58
6552 2547 23
6552 2554 56
9638 2673 21
9638 2564 26
9638 2574 5
9638 2563 15
9638 2566 48
9638 2674 3
9638 2575 37
9638 2550 14
9638 2549 47
9638 2565 11
9638 2573 0
9638 2676 27
9638 2685 10
9638 2548 52
9638 2562 37
9638 2570 32
9638 2576 5
9638 2572 24
9638 2675 10
9638 2683 51
9638 2686 7
9638 2553 34
9638 2567 41
9638 2634 50
9638 2738 49
9638 2571 59
9638 2677 29
9638 2680 26
9638 2684 59
9638 2687 35
9638 2547 14
9638 2554 47
9639 2673 21
9639 2564 17
9639 2574 52
9639 2563 33
9639 2566 10
9639 2674 31
9639 2575 60
9639 2550 36
9639 2549 31
9639 2565 56
9639 2573 23
9639 2676 48
9639 2685 36
9639 2548 11
9639 2562 48
9639 2570 56
9639 2576 57
9639 2572 13
9639 2675 40
9639 2683 23
9639 2686 25
9639 2553 60
9639 2567 10
9639 2634 10
9639 2738 36
9639 2571 17
9639 2677 53
9639 2680 4
9639 2684 40
9639 2687 27
9639 2547 16
9639 2554 24
9729 2673 34
9729 2564 46
9729 2574 23
9729 2563 48
9729 2566 60
9729 2674 17
9729 2575 42
9729 2550 59
9729 2549 3
9729 2565 52
9729 2573 14
9729 2676 38
9729 2685 39
9729 2548 25
9729 2562 36
9729 2570 53
9729 2576 2
9729 2572 49
9729 2675 20
9729 2683 45
9729 2686 51
9729 2553 34
9729 2567 16
9729 2634 40
9729 2738 33
9729 2571 5
9729 2677 44
9729 2680 60
9729 2684 55
9729 2687 50
9729 2547 59
9729 2554 25
6392 2673 50
6392 2564 17
6392 2574 49
6392 2563 23
6392 2566 40
6392 2674 9
6392 2575 54
6392 2550 41
6392 2549 8
6392 2565 9
6392 2573 15
6392 2676 34
6392 2685 1
6392 2548 20
6392 2562 23
6392 2570 53
6392 2576 27
6392 2572 47
6392 2675 40
6392 2683 20
6392 2686 19
6392 2553 20
6392 2567 53
6392 2634 10
6392 2738 44
6392 2571 48
6392 2677 47
6392 2680 60
6392 2684 57
6392 2687 51
6392 2547 36
6392 2554 17
6418 2673 18
6418 2564 8
6418 2574 17
6418 2563 36
6418 2566 32
6418 2674 35
6418 2575 39
6418 2550 8
6418 2549 0
6418 2565 9
6418 2573 8
6418 2676 35
6418 2685 48
6418 2548 11
6418 2562 4
6418 2570 24
6418 2576 6
6418 2572 15
6418 2675 17
6418 2683 42
6418 2686 5
6418 2553 59
6418 2567 53
6418 2634 57
6418 2738 55
6418 2571 48
6418 2677 20
6418 2680 48
6418 2684 27
6418 2687 49
6418 2547 47
6418 2554 54
