5311 6348 35
5311 6348 9
5311 6347 22
5311 6347 49
5311 6350 10
5311 6350 42
5311 6365 41
5311 6365 55
5311 6384 46
5311 6384 2
5311 6349 55
5311 6349 18
5311 6378 46
5311 6378 14
5311 6383 40
5311 6383 13
5311 6361 10
5311 6361 13
5311 6366 9
5311 6366 7
5311 6367 57
5311 6367 37
5311 6524 1
5311 6524 46
5311 6530 39
5311 6530 1
5311 6363 54
5311 6363 6
5311 6379 50
5311 6379 17
5311 6352 26
5311 6352 49
5311 6381 43
5311 6381 24
5311 6529 53
5311 6529 37
5311 6359 50
5311 6359 57
5311 6362 33
5311 6362 4
5311 6368 19
5311 6368 33
5311 6369 42
5311 6369 5
5311 6522 14
5311 6522 35
5311 6538 33
5311 6538 3
5311 6561 12
5311 6561 10
5311 6364 15
5311 6364 21
5311 6375 24
5311 6375 11
5311 6351 8
5311 6351 34
5311 6354 55
5311 6354 49
5311 6380 34
5311 6380 24
5311 6531 1
5311 6531 20
5311 6563 2
5311 6563 9
5312 6348 29
5312 6348 23
5312 6347 43
5312 6347 48
5312 6350 60
5312 6350 59
5312 6365 26
5312 6365 42
5312 6384 5
5312 6384 22
5312 6349 25
5312 6349 52
5312 6378 30
5312 6378 59
5312 6383 9
5312 6383 54
5312 6361 41
5312 6361 45
5312 6366 3
5312 6366 44
5312 6367 49
5312 6367 34
5312 6524 42
5312 6524 43
5312 6530 17
5312 6530 36
5312 6363 13
5312 6363 13
5312 6379 44
5312 6379 41
5312 6352 24
5312 6352 55
5312 6381 11
5312 6381 9
5312 6529 47
5312 6529 22
5312 6359 5
5312 6359 4
5312 6362 12
5312 6362 3
5312 6368 37
5312 6368 12
5312 6369 55
5312 6369 40
5312 6522 29
5312 6522 7
5312 6538 35
5312 6538 12
5312 6561 14
5312 6561 47
5312 6364 29
5312 6364 53
5312 6375 38
5312 6375 20
5312 6351 36
5312 6351 42
5312 6354 60
5312 6354 52
5312 6380 30
5312 6380 39
5312 6531 20
5312 6531 42
5312 6563 49
5312 6563 15
5296 6348 8
5296 6348 27
5296 6347 14
5296 6347 60
5296 6350 36
5296 6350 16
5296 6365 17
5296 6365 2
5296 6384 21
5296 6384 55
5296 6349 38
5296 6349 7
5296 6378 14
5296 6378 56
5296 6383 45
5296 6383 56
5296 6361 22
5296 6361 28
5296 6366 30
5296 6366 38
5296 6367 51
5296 6367 45
5296 6524 18
5296 6524 34
5296 6530 23
5296 6530 6
5296 6363 26
5296 6363 36
5296 6379 24
5296 6379 36
5296 6352 18
5296 6352 43
5296 6381 12
5296 6381 41
5296 6529 28
5296 6529 4
5296 6359 28
5296 6359 45
5296 6362 28
5296 6362 40
5296 6368 9
5296 6368 48
5296 6369 24
5296 6369 56
5296 6522 60
5296 6522 60
5296 6538 57
5296 6538 57
5296 6561 38
5296 6561 23
5296 6364 13
5296 6364 30
5296 6375 42
5296 6375 18
5296 6351 3
5296 6351 18
5296 6354 14
5296 6354 41
5296 6380 37
5296 6380 26
5296 6531 13
5296 6531 54
5296 6563 32
5296 6563 12
5313 6348 33
5313 6348 40
5313 6347 44
5313 6347 34
5313 6350 28
5313 6350 21
5313 6365 29
5313 6365 39
5313 6384 9
5313 6384 56
5313 6349 20
5313 6349 43
5313 6378 42
5313 6378 20
5313 6383 25
5313 6383 37
5313 6361 25
5313 6361 47
5313 6366 57
5313 6366 38
5313 6367 1
5313 6367 18
5313 6524 52
5313 6524 34
5313 6530 23
5313 6530 32
5313 6363 49
5313 6363 33
5313 6379 42
5313 6379 37
5313 6352 27
5313 6352 36
5313 6381 49
5313 6381 52
5313 6529 43
5313 6529 47
5313 6359 41
5313 6359 17
5313 6362 48
5313 6362 53
5313 6368 2
5313 6368 22
5313 6369 13
5313 6369 35
5313 6522 34
5313 6522 54
5313 6538 35
5313 6538 24
5313 6561 52
5313 6561 41
5313 6364 9
5313 6364 50
5313 6375 6
5313 6375 15
5313 6351 6
5313 6351 30
5313 6354 57
5313 6354 42
5313 6380 7
5313 6380 49
5313 6531 10
5313 6531 16
5313 6563 17
5313 6563 18
5463 6348 32
5463 6348 7
5463 6347 56
5463 6347 5
5463 6350 29
5463 6350 23
5463 6365 44
5463 6365 11
5463 6384 40
5463 6384 13
5463 6349 15
5463 6349 1
5463 6378 40
5463 6378 2
5463 6383 2
5463 6383 36
5463 6361 5
5463 6361 11
5463 6366 19
5463 6366 36
5463 6367 31
5463 6367 18
5463 6524 55
5463 6524 10
5463 6530 57
5463 6530 39
5463 6363 10
5463 6363 39
5463 6379 23
5463 6379 27
5463 6352 46
5463 6352 22
5463 6381 6
5463 6381 55
5463 6529 34
5463 6529 55
5463 6359 5
5463 6359 37
5463 6362 27
5463 6362 13
5463 6368 36
5463 6368 14
5463 6369 10
5463 6369 50
5463 6522 11
5463 6522 23
5463 6538 51
5463 6538 42
5463 6561 40
5463 6561 21
5463 6364 28
5463 6364 20
5463 6375 39
5463 6375 27
5463 6351 9
5463 6351 7
5463 6354 52
5463 6354 32
5463 6380 48
5463 6380 33
5463 6531 15
5463 6531 17
5463 6563 15
5463 6563 2
5297 6348 59
5297 6348 26
5297 6347 52
5297 6347 40
5297 6350 38
5297 6350 17
5297 6365 48
5297 6365 1
5297 6384 47
5297 6384 59
5297 6349 14
5297 6349 52
5297 6378 19
5297 6378 20
5297 6383 10
5297 6383 48
5297 6361 0
5297 6361 22
5297 6366 47
5297 6366 38
5297 6367 40
5297 6367 53
5297 6524 15
5297 6524 46
5297 6530 57
5297 6530 38
5297 6363 27
5297 6363 55
5297 6379 16
5297 6379 19
5297 6352 26
5297 6352 41
5297 6381 28
5297 6381 4
5297 6529 34
5297 6529 3
5297 6359 9
5297 6359 29
5297 6362 9
5297 6362 43
5297 6368 8
5297 6368 1
5297 6369 32
5297 6369 37
5297 6522 47
5297 6522 13
5297 6538 18
5297 6538 15
5297 6561 14
5297 6561 13
5297 6364 17
5297 6364 25
5297 6375 35
5297 6375 6
5297 6351 33
5297 6351 4
5297 6354 1
5297 6354 38
5297 6380 59
5297 6380 21
5297 6531 45
5297 6531 43
5297 6563 51
5297 6563 17
5314 6348 19
5314 6348 39
5314 6347 46
5314 6347 34
5314 6350 27
5314 6350 18
5314 6365 16
5314 6365 2
5314 6384 8
5314 6384 55
5314 6349 13
5314 6349 15
5314 6378 18
5314 6378 1
5314 6383 39
5314 6383 60
5314 6361 28
5314 6361 32
5314 6366 41
5314 6366 35
5314 6367 1
5314 6367 4
5314 6524 3
5314 6524 18
5314 6530 40
5314 6530 42
5314 6363 41
5314 6363 39
5314 6379 46
5314 6379 9
5314 6352 56
5314 6352 43
5314 6381 24
5314 6381 23
5314 6529 58
5314 6529 29
5314 6359 29
5314 6359 24
5314 6362 60
5314 6362 3
5314 6368 13
5314 6368 29
5314 6369 23
5314 6369 31
5314 6522 45
5314 6522 16
5314 6538 27
5314 6538 28
5314 6561 4
5314 6561 17
5314 6364 35
5314 6364 34
5314 6375 22
5314 6375 37
5314 6351 2
5314 6351 18
5314 6354 49
5314 6354 34
5314 6380 16
5314 6380 1
5314 6531 2
5314 6531 15
5314 6563 39
5314 6563 60
5452 6348 40
5452 6348 52
5452 6347 14
5452 6347 28
5452 6350 5
5452 6350 40
5452 6365 27
5452 6365 51
5452 6384 2
5452 6384 25
5452 6349 13
5452 6349 9
5452 6378 60
5452 6378 9
5452 6383 15
5452 6383 41
5452 6361 41
5452 6361 47
5452 6366 49
5452 6366 1
5452 6367 44
5452 6367 28
5452 6524 16
5452 6524 15
5452 6530 31
5452 6530 28
5452 6363 58
5452 6363 41
5452 6379 29
5452 6379 60
5452 6352 51
5452 6352 43
5452 6381 54
5452 6381 14
5452 6529 53
5452 6529 9
5452 6359 43
5452 6359 29
5452 6362 32
5452 6362 36
5452 6368 19
5452 6368 14
5452 6369 35
5452 6369 8
5452 6522 47
5452 6522 50
5452 6538 58
5452 6538 56
5452 6561 43
5452 6561 51
5452 6364 7
5452 6364 36
5452 6375 30
5452 6375 41
5452 6351 58
5452 6351 38
5452 6354 12
5452 6354 51
5452 6380 37
5452 6380 1
5452 6531 50
5452 6531 54
5452 6563 44
5452 6563 42
5298 6348 20
5298 6348 42
5298 6347 1
5298 6347 12
5298 6350 8
5298 6350 11
5298 6365 6
5298 6365 60
5298 6384 51
5298 6384 45
5298 6349 47
5298 6349 52
5298 6378 39
5298 6378 1
5298 6383 10
5298 6383 11
5298 6361 12
5298 6361 12
5298 6366 57
5298 6366 15
5298 6367 8
5298 6367 32
5298 6524 44
5298 6524 33
5298 6530 34
5298 6530 6
5298 6363 54
5298 6363 22
5298 6379 41
5298 6379 31
5298 6352 15
5298 6352 1
5298 6381 2
5298 6381 45
5298 6529 42
5298 6529 15
5298 6359 59
5298 6359 29
5298 6362 32
5298 6362 44
5298 6368 40
5298 6368 6
5298 6369 57
5298 6369 38
5298 6522 24
5298 6522 56
5298 6538 43
5298 6538 0
5298 6561 30
5298 6561 1
5298 6364 44
5298 6364 58
5298 6375 28
5298 6375 34
5298 6351 46
5298 6351 17
5298 6354 47
5298 6354 45
5298 6380 7
5298 6380 31
5298 6531 33
5298 6531 8
5298 6563 48
5298 6563 16
5299 6348 39
5299 6348 25
5299 6347 22
5299 6347 31
5299 6350 32
5299 6350 55
5299 6365 48
5299 6365 17
5299 6384 30
5299 6384 26
5299 6349 27
5299 6349 12
5299 6378 23
5299 6378 26
5299 6383 59
5299 6383 39
5299 6361 10
5299 6361 53
5299 6366 58
5299 6366 28
5299 6367 0
5299 6367 19
5299 6524 12
5299 6524 56
5299 6530 8
5299 6530 10
5299 6363 51
5299 6363 31
5299 6379 43
5299 6379 18
5299 6352 31
5299 6352 54
5299 6381 16
5299 6381 2
5299 6529 58
5299 6529 20
5299 6359 39
5299 6359 45
5299 6362 2
5299 6362 24
5299 6368 17
5299 6368 29
5299 6369 25
5299 6369 40
5299 6522 3
5299 6522 20
5299 6538 50
5299 6538 57
5299 6561 40
5299 6561 10
5299 6364 39
5299 6364 37
5299 6375 13
5299 6375 23
5299 6351 21
5299 6351 17
5299 6354 3
5299 6354 14
5299 6380 8
5299 6380 36
5299 6531 34
5299 6531 6
5299 6563 48
5299 6563 38
5334 6348 46
5334 6348 49
5334 6347 8
5334 6347 13
5334 6350 1
5334 6350 35
5334 6365 43
5334 6365 2
5334 6384 50
5334 6384 40
5334 6349 1
5334 6349 52
5334 6378 18
5334 6378 32
5334 6383 42
5334 6383 31
5334 6361 42
5334 6361 26
5334 6366 9
5334 6366 33
5334 6367 2
5334 6367 40
5334 6524 59
5334 6524 40
5334 6530 6
5334 6530 24
5334 6363 36
5334 6363 36
5334 6379 35
5334 6379 29
5334 6352 11
5334 6352 8
5334 6381 11
5334 6381 13
5334 6529 0
5334 6529 33
5334 6359 5
5334 6359 44
5334 6362 58
5334 6362 51
5334 6368 20
5334 6368 47
5334 6369 54
5334 6369 12
5334 6522 29
5334 6522 58
5334 6538 46
5334 6538 33
5334 6561 4
5334 6561 1
5334 6364 55
5334 6364 17
5334 6375 6
5334 6375 10
5334 6351 27
5334 6351 60
5334 6354 31
5334 6354 55
5334 6380 44
5334 6380 33
5334 6531 3
5334 6531 54
5334 6563 11
5334 6563 38
5460 6348 48
5460 6348 12
5460 6347 28
5460 6347 13
5460 6350 49
5460 6350 27
5460 6365 57
5460 6365 58
5460 6384 58
5460 6384 9
5460 6349 1
5460 6349 22
5460 6378 14
5460 6378 18
5460 6383 38
5460 6383 55
5460 6361 41
5460 6361 11
5460 6366 19
5460 6366 41
5460 6367 50
5460 6367 56
5460 6524 26
5460 6524 60
5460 6530 20
5460 6530 9
5460 6363 43
5460 6363 20
5460 6379 54
5460 6379 23
5460 6352 60
5460 6352 11
5460 6381 23
5460 6381 18
5460 6529 9
5460 6529 48
5460 6359 15
5460 6359 15
5460 6362 50
5460 6362 52
5460 6368 45
5460 6368 6
5460 6369 27
5460 6369 55
5460 6522 37
5460 6522 31
5460 6538 27
5460 6538 41
5460 6561 28
5460 6561 28
5460 6364 30
5460 6364 10
5460 6375 56
5460 6375 5
5460 6351 45
5460 6351 51
5460 6354 60
5460 6354 36
5460 6380 51
5460 6380 48
5460 6531 42
5460 6531 58
5460 6563 48
5460 6563 26
5464 6348 33
5464 6348 37
5464 6347 12
5464 6347 53
5464 6350 13
5464 6350 34
5464 6365 14
5464 6365 42
5464 6384 1
5464 6384 17
5464 6349 47
5464 6349 36
5464 6378 24
5464 6378 4
5464 6383 15
5464 6383 6
5464 6361 52
5464 6361 57
5464 6366 40
5464 6366 13
5464 6367 31
5464 6367 26
5464 6524 2
5464 6524 37
5464 6530 49
5464 6530 57
5464 6363 56
5464 6363 17
5464 6379 18
5464 6379 55
5464 6352 35
5464 6352 50
5464 6381 20
5464 6381 54
5464 6529 22
5464 6529 14
5464 6359 41
5464 6359 36
5464 6362 19
5464 6362 35
5464 6368 39
5464 6368 51
5464 6369 41
5464 6369 29
5464 6522 32
5464 6522 45
5464 6538 41
5464 6538 41
5464 6561 41
5464 6561 59
5464 6364 18
5464 6364 17
5464 6375 58
5464 6375 58
5464 6351 12
5464 6351 45
5464 6354 53
5464 6354 46
5464 6380 15
5464 6380 10
5464 6531 17
5464 6531 10
5464 6563 8
5464 6563 20
5483 6348 1
5483 6348 49
5483 6347 31
5483 6347 45
5483 6350 23
5483 6350 28
5483 6365 11
5483 6365 34
5483 6384 31
5483 6384 9
5483 6349 60
5483 6349 38
5483 6378 58
5483 6378 59
5483 6383 20
5483 6383 54
5483 6361 23
5483 6361 54
5483 6366 43
5483 6366 56
5483 6367 52
5483 6367 1
5483 6524 52
5483 6524 60
5483 6530 1
5483 6530 8
5483 6363 51
5483 6363 12
5483 6379 20
5483 6379 40
5483 6352 20
5483 6352 36
5483 6381 34
5483 6381 40
5483 6529 10
5483 6529 18
5483 6359 10
5483 6359 28
5483 6362 15
5483 6362 35
5483 6368 38
5483 6368 42
5483 6369 49
5483 6369 50
5483 6522 36
5483 6522 1
5483 6538 28
5483 6538 10
5483 6561 24
5483 6561 16
5483 6364 27
5483 6364 15
5483 6375 48
5483 6375 60
5483 6351 10
5483 6351 50
5483 6354 17
5483 6354 13
5483 6380 20
5483 6380 4
5483 6531 16
5483 6531 42
5483 6563 5
5483 6563 9
5292 6348 19
5292 6348 38
5292 6347 34
5292 6347 17
5292 6350 26
5292 6350 55
5292 6365 41
5292 6365 45
5292 6384 22
5292 6384 46
5292 6349 10
5292 6349 40
5292 6378 10
5292 6378 54
5292 6383 47
5292 6383 45
5292 6361 46
5292 6361 55
5292 6366 38
5292 6366 50
5292 6367 46
5292 6367 21
5292 6524 28
5292 6524 6
5292 6530 24
5292 6530 55
5292 6363 53
5292 6363 22
5292 6379 34
5292 6379 33
5292 6352 52
5292 6352 6
5292 6381 22
5292 6381 14
5292 6529 57
5292 6529 55
5292 6359 10
5292 6359 37
5292 6362 15
5292 6362 30
5292 6368 38
5292 6368 15
5292 6369 17
5292 6369 32
5292 6522 39
5292 6522 33
5292 6538 3
5292 6538 22
5292 6561 47
5292 6561 58
5292 6364 35
5292 6364 5
5292 6375 46
5292 6375 10
5292 6351 37
5292 6351 44
5292 6354 38
5292 6354 10
5292 6380 52
5292 6380 4
5292 6531 41
5292 6531 53
5292 6563 15
5292 6563 27
5301 6348 16
5301 6348 52
5301 6347 19
5301 6347 29
5301 6350 24
5301 6350 9
5301 6365 9
5301 6365 28
5301 6384 29
5301 6384 7
5301 6349 22
5301 6349 5
5301 6378 32
5301 6378 18
5301 6383 10
5301 6383 52
5301 6361 34
5301 6361 58
5301 6366 20
5301 6366 10
5301 6367 31
5301 6367 12
5301 6524 12
5301 6524 21
5301 6530 34
5301 6530 21
5301 6363 55
5301 6363 32
5301 6379 47
5301 6379 18
5301 6352 51
5301 6352 22
5301 6381 6
5301 6381 19
5301 6529 42
5301 6529 23
5301 6359 39
5301 6359 51
5301 6362 51
5301 6362 38
5301 6368 52
5301 6368 35
5301 6369 12
5301 6369 54
5301 6522 37
5301 6522 9
5301 6538 7
5301 6538 0
5301 6561 50
5301 6561 49
5301 6364 2
5301 6364 47
5301 6375 10
5301 6375 21
5301 6351 46
5301 6351 49
5301 6354 3
5301 6354 40
5301 6380 38
5301 6380 58
5301 6531 47
5301 6531 6
5301 6563 33
5301 6563 17
5315 6348 45
5315 6348 42
5315 6347 5
5315 6347 2
5315 6350 2
5315 6350 45
5315 6365 44
5315 6365 44
5315 6384 44
5315 6384 41
5315 6349 3
5315 6349 19
5315 6378 8
5315 6378 41
5315 6383 48
5315 6383 2
5315 6361 57
5315 6361 12
5315 6366 46
5315 6366 29
5315 6367 44
5315 6367 42
5315 6524 34
5315 6524 18
5315 6530 49
5315 6530 19
5315 6363 17
5315 6363 43
5315 6379 28
5315 6379 41
5315 6352 31
5315 6352 41
5315 6381 59
5315 6381 15
5315 6529 1
5315 6529 12
5315 6359 57
5315 6359 50
5315 6362 35
5315 6362 8
5315 6368 43
5315 6368 40
5315 6369 40
5315 6369 8
5315 6522 28
5315 6522 55
5315 6538 9
5315 6538 44
5315 6561 19
5315 6561 44
5315 6364 43
5315 6364 24
5315 6375 28
5315 6375 30
5315 6351 5
5315 6351 35
5315 6354 29
5315 6354 16
5315 6380 16
5315 6380 17
5315 6531 3
5315 6531 21
5315 6563 10
5315 6563 21
5451 6348 36
5451 6348 9
5451 6347 41
5451 6347 36
5451 6350 29
5451 6350 6
5451 6365 29
5451 6365 51
5451 6384 52
5451 6384 37
5451 6349 45
5451 6349 19
5451 6378 46
5451 6378 55
5451 6383 41
5451 6383 32
5451 6361 14
5451 6361 5
5451 6366 10
5451 6366 1
5451 6367 55
5451 6367 6
5451 6524 56
5451 6524 27
5451 6530 22
5451 6530 2
5451 6363 42
5451 6363 49
5451 6379 7
5451 6379 6
5451 6352 27
5451 6352 28
5451 6381 44
5451 6381 12
5451 6529 49
5451 6529 25
5451 6359 8
5451 6359 49
5451 6362 25
5451 6362 34
5451 6368 50
5451 6368 43
5451 6369 6
5451 6369 50
5451 6522 55
5451 6522 41
5451 6538 14
5451 6538 35
5451 6561 1
5451 6561 13
5451 6364 12
5451 6364 8
5451 6375 56
5451 6375 4
5451 6351 56
5451 6351 3
5451 6354 50
5451 6354 13
5451 6380 54
5451 6380 52
5451 6531 14
5451 6531 6
5451 6563 27
5451 6563 41
5300 6348 15
5300 6348 37
5300 6347 45
5300 6347 12
5300 6350 20
5300 6350 23
5300 6365 13
5300 6365 53
5300 6384 45
5300 6384 54
5300 6349 34
5300 6349 19
5300 6378 56
5300 6378 35
5300 6383 27
5300 6383 34
5300 6361 27
5300 6361 49
5300 6366 29
5300 6366 10
5300 6367 38
5300 6367 28
5300 6524 40
5300 6524 49
5300 6530 59
5300 6530 32
5300 6363 16
5300 6363 14
5300 6379 11
5300 6379 56
5300 6352 34
5300 6352 31
5300 6381 53
5300 6381 16
5300 6529 47
5300 6529 51
5300 6359 57
5300 6359 52
5300 6362 53
5300 6362 53
5300 6368 34
5300 6368 5
5300 6369 31
5300 6369 58
5300 6522 44
5300 6522 50
5300 6538 50
5300 6538 7
5300 6561 16
5300 6561 24
5300 6364 19
5300 6364 43
5300 6375 24
5300 6375 35
5300 6351 3
5300 6351 24
5300 6354 0
5300 6354 16
5300 6380 23
5300 6380 56
5300 6531 42
5300 6531 18
5300 6563 42
5300 6563 8
8757 6348 45
8757 6348 10
8757 6347 37
8757 6347 23
8757 6350 26
8757 6350 5
8757 6365 25
8757 6365 35
8757 6384 14
8757 6384 5
8757 6349 19
8757 6349 51
8757 6378 34
8757 6378 51
8757 6383 13
8757 6383 37
8757 6361 20
8757 6361 57
8757 6366 17
8757 6366 32
8757 6367 45
8757 6367 44
8757 6524 1
8757 6524 14
8757 6530 31
8757 6530 32
8757 6363 45
8757 6363 47
8757 6379 60
8757 6379 33
8757 6352 59
8757 6352 28
8757 6381 41
8757 6381 37
8757 6529 6
8757 6529 15
8757 6359 52
8757 6359 15
8757 6362 18
8757 6362 16
8757 6368 51
8757 6368 42
8757 6369 50
8757 6369 14
8757 6522 11
8757 6522 7
8757 6538 18
8757 6538 17
8757 6561 38
8757 6561 19
8757 6364 35
8757 6364 41
8757 6375 8
8757 6375 27
8757 6351 49
8757 6351 20
8757 6354 11
8757 6354 45
8757 6380 4
8757 6380 18
8757 6531 12
8757 6531 49
8757 6563 50
8757 6563 19
5302 6348 44
5302 6348 40
5302 6347 2
5302 6347 39
5302 6350 9
5302 6350 55
5302 6365 58
5302 6365 25
5302 6384 28
5302 6384 11
5302 6349 3
5302 6349 1
5302 6378 31
5302 6378 6
5302 6383 9
5302 6383 50
5302 6361 52
5302 6361 36
5302 6366 0
5302 6366 37
5302 6367 52
5302 6367 41
5302 6524 60
5302 6524 3
5302 6530 22
5302 6530 12
5302 6363 22
5302 6363 32
5302 6379 51
5302 6379 60
5302 6352 32
5302 6352 22
5302 6381 38
5302 6381 26
5302 6529 32
5302 6529 54
5302 6359 18
5302 6359 40
5302 6362 17
5302 6362 2
5302 6368 16
5302 6368 30
5302 6369 18
5302 6369 2
5302 6522 20
5302 6522 48
5302 6538 10
5302 6538 59
5302 6561 35
5302 6561 8
5302 6364 43
5302 6364 6
5302 6375 17
5302 6375 44
5302 6351 39
5302 6351 11
5302 6354 38
5302 6354 32
5302 6380 43
5302 6380 28
5302 6531 7
5302 6531 60
5302 6563 25
5302 6563 35
5333 6348 19
5333 6348 29
5333 6347 12
5333 6347 18
5333 6350 12
5333 6350 60
5333 6365 32
5333 6365 42
5333 6384 40
5333 6384 26
5333 6349 46
5333 6349 3
5333 6378 19
5333 6378 26
5333 6383 38
5333 6383 2
5333 6361 39
5333 6361 58
5333 6366 33
5333 6366 23
5333 6367 38
5333 6367 13
5333 6524 40
5333 6524 18
5333 6530 37
5333 6530 23
5333 6363 11
5333 6363 58
5333 6379 16
5333 6379 60
5333 6352 48
5333 6352 33
5333 6381 58
5333 6381 9
5333 6529 25
5333 6529 55
5333 6359 20
5333 6359 34
5333 6362 44
5333 6362 58
5333 6368 49
5333 6368 52
5333 6369 1
5333 6369 40
5333 6522 60
5333 6522 6
5333 6538 50
5333 6538 7
5333 6561 21
5333 6561 51
5333 6364 19
5333 6364 27
5333 6375 1
5333 6375 50
5333 6351 24
5333 6351 43
5333 6354 58
5333 6354 7
5333 6380 41
5333 6380 41
5333 6531 30
5333 6531 45
5333 6563 40
5333 6563 2
5459 6348 47
5459 6348 4
5459 6347 10
5459 6347 48
5459 6350 13
5459 6350 11
5459 6365 36
5459 6365 57
5459 6384 34
5459 6384 50
5459 6349 13
5459 6349 17
5459 6378 29
5459 6378 49
5459 6383 32
5459 6383 26
5459 6361 2
5459 6361 12
5459 6366 57
5459 6366 57
5459 6367 35
5459 6367 45
5459 6524 18
5459 6524 10
5459 6530 29
5459 6530 57
5459 6363 39
5459 6363 40
5459 6379 8
5459 6379 9
5459 6352 50
5459 6352 25
5459 6381 26
5459 6381 0
5459 6529 60
5459 6529 57
5459 6359 41
5459 6359 17
5459 6362 8
5459 6362 4
5459 6368 51
5459 6368 5
5459 6369 50
5459 6369 43
5459 6522 12
5459 6522 7
5459 6538 55
5459 6538 52
5459 6561 18
5459 6561 26
5459 6364 2
5459 6364 1
5459 6375 47
5459 6375 36
5459 6351 44
5459 6351 51
5459 6354 48
5459 6354 41
5459 6380 54
5459 6380 10
5459 6531 4
5459 6531 35
5459 6563 28
5459 6563 6
5466 6348 29
5466 6348 23
5466 6347 25
5466 6347 35
5466 6350 51
5466 6350 20
5466 6365 58
5466 6365 2
5466 6384 54
5466 6384 27
5466 6349 9
5466 6349 36
5466 6378 12
5466 6378 19
5466 6383 56
5466 6383 48
5466 6361 18
5466 6361 2
5466 6366 5
5466 6366 31
5466 6367 27
5466 6367 11
5466 6524 22
5466 6524 12
5466 6530 29
5466 6530 25
5466 6363 48
5466 6363 9
5466 6379 21
5466 6379 39
5466 6352 51
5466 6352 33
5466 6381 40
5466 6381 29
5466 6529 38
5466 6529 9
5466 6359 15
5466 6359 17
5466 6362 40
5466 6362 1
5466 6368 2
5466 6368 44
5466 6369 37
5466 6369 9
5466 6522 32
5466 6522 17
5466 6538 41
5466 6538 7
5466 6561 45
5466 6561 43
5466 6364 1
5466 6364 22
5466 6375 35
5466 6375 37
5466 6351 60
5466 6351 35
5466 6354 54
5466 6354 24
5466 6380 54
5466 6380 18
5466 6531 12
5466 6531 60
5466 6563 50
5466 6563 36
5484 6348 4
5484 6348 24
5484 6347 7
5484 6347 1
5484 6350 1
5484 6350 55
5484 6365 15
5484 6365 10
5484 6384 47
5484 6384 38
5484 6349 26
5484 6349 5
5484 6378 13
5484 6378 45
5484 6383 51
5484 6383 56
5484 6361 7
5484 6361 40
5484 6366 45
5484 6366 59
5484 6367 49
5484 6367 27
5484 6524 25
5484 6524 21
5484 6530 37
5484 6530 8
5484 6363 35
5484 6363 51
5484 6379 21
5484 6379 42
5484 6352 51
5484 6352 9
5484 6381 52
5484 6381 29
5484 6529 38
5484 6529 53
5484 6359 33
5484 6359 42
5484 6362 47
5484 6362 32
5484 6368 6
5484 6368 34
5484 6369 24
5484 6369 13
5484 6522 11
5484 6522 9
5484 6538 22
5484 6538 58
5484 6561 28
5484 6561 60
5484 6364 48
5484 6364 56
5484 6375 47
5484 6375 0
5484 6351 27
5484 6351 35
5484 6354 10
5484 6354 37
5484 6380 56
5484 6380 18
5484 6531 20
5484 6531 34
5484 6563 44
5484 6563 32
5487 6348 10
5487 6348 16
5487 6347 21
5487 6347 48
5487 6350 19
5487 6350 13
5487 6365 56
5487 6365 13
5487 6384 45
5487 6384 59
5487 6349 56
5487 6349 21
5487 6378 20
5487 6378 21
5487 6383 42
5487 6383 59
5487 6361 20
5487 6361 30
5487 6366 49
5487 6366 40
5487 6367 1
5487 6367 45
5487 6524 17
5487 6524 26
5487 6530 18
5487 6530 16
5487 6363 13
5487 6363 32
5487 6379 46
5487 6379 23
5487 6352 0
5487 6352 8
5487 6381 10
5487 6381 22
5487 6529 59
5487 6529 41
5487 6359 28
5487 6359 0
5487 6362 30
5487 6362 29
5487 6368 12
5487 6368 7
5487 6369 54
5487 6369 32
5487 6522 17
5487 6522 31
5487 6538 14
5487 6538 31
5487 6561 55
5487 6561 22
5487 6364 33
5487 6364 9
5487 6375 47
5487 6375 0
5487 6351 60
5487 6351 37
5487 6354 32
5487 6354 11
5487 6380 4
5487 6380 29
5487 6531 40
5487 6531 37
5487 6563 43
5487 6563 18
5288 6348 1
5288 6348 25
5288 6347 42
5288 6347 16
5288 6350 27
5288 6350 19
5288 6365 50
5288 6365 48
5288 6384 0
5288 6384 25
5288 6349 38
5288 6349 45
5288 6378 28
5288 6378 45
5288 6383 22
5288 6383 31
5288 6361 3
5288 6361 12
5288 6366 28
5288 6366 49
5288 6367 32
5288 6367 21
5288 6524 2
5288 6524 46
5288 6530 46
5288 6530 51
5288 6363 27
5288 6363 59
5288 6379 20
5288 6379 16
5288 6352 19
5288 6352 41
5288 6381 26
5288 6381 2
5288 6529 18
5288 6529 37
5288 6359 58
5288 6359 60
5288 6362 40
5288 6362 17
5288 6368 46
5288 6368 46
5288 6369 48
5288 6369 21
5288 6522 52
5288 6522 30
5288 6538 38
5288 6538 6
5288 6561 8
5288 6561 36
5288 6364 53
5288 6364 30
5288 6375 21
5288 6375 27
5288 6351 11
5288 6351 33
5288 6354 6
5288 6354 60
5288 6380 43
5288 6380 4
5288 6531 30
5288 6531 17
5288 6563 39
5288 6563 56
5293 6348 5
5293 6348 31
5293 6347 32
5293 6347 35
5293 6350 39
5293 6350 57
5293 6365 18
5293 6365 12
5293 6384 39
5293 6384 16
5293 6349 45
5293 6349 43
5293 6378 35
5293 6378 22
5293 6383 30
5293 6383 46
5293 6361 33
5293 6361 1
5293 6366 0
5293 6366 16
5293 6367 38
5293 6367 39
5293 6524 41
5293 6524 52
5293 6530 16
5293 6530 17
5293 6363 58
5293 6363 11
5293 6379 38
5293 6379 0
5293 6352 24
5293 6352 36
5293 6381 15
5293 6381 60
5293 6529 6
5293 6529 18
5293 6359 44
5293 6359 11
5293 6362 40
5293 6362 23
5293 6368 17
5293 6368 32
5293 6369 28
5293 6369 13
5293 6522 0
5293 6522 30
5293 6538 41
5293 6538 31
5293 6561 22
5293 6561 6
5293 6364 15
5293 6364 18
5293 6375 43
5293 6375 1
5293 6351 43
5293 6351 49
5293 6354 27
5293 6354 30
5293 6380 4
5293 6380 23
5293 6531 10
5293 6531 44
5293 6563 34
5293 6563 18
5309 6348 36
5309 6348 47
5309 6347 38
5309 6347 1
5309 6350 10
5309 6350 57
5309 6365 10
5309 6365 2
5309 6384 55
5309 6384 2
5309 6349 57
5309 6349 57
5309 6378 44
5309 6378 2
5309 6383 50
5309 6383 39
5309 6361 47
5309 6361 50
5309 6366 43
5309 6366 3
5309 6367 40
5309 6367 41
5309 6524 9
5309 6524 10
5309 6530 48
5309 6530 44
5309 6363 21
5309 6363 35
5309 6379 41
5309 6379 28
5309 6352 60
5309 6352 27
5309 6381 7
5309 6381 15
5309 6529 2
5309 6529 20
5309 6359 44
5309 6359 52
5309 6362 46
5309 6362 20
5309 6368 27
5309 6368 3
5309 6369 12
5309 6369 0
5309 6522 37
5309 6522 46
5309 6538 48
5309 6538 0
5309 6561 16
5309 6561 0
5309 6364 21
5309 6364 6
5309 6375 2
5309 6375 45
5309 6351 24
5309 6351 28
5309 6354 54
5309 6354 4
5309 6380 1
5309 6380 15
5309 6531 40
5309 6531 55
5309 6563 23
5309 6563 36
5439 6348 55
5439 6348 52
5439 6347 18
5439 6347 25
5439 6350 10
5439 6350 0
5439 6365 28
5439 6365 38
5439 6384 31
5439 6384 38
5439 6349 52
5439 6349 48
5439 6378 47
5439 6378 49
5439 6383 10
5439 6383 0
5439 6361 2
5439 6361 0
5439 6366 53
5439 6366 12
5439 6367 57
5439 6367 34
5439 6524 52
5439 6524 37
5439 6530 25
5439 6530 17
5439 6363 14
5439 6363 43
5439 6379 56
5439 6379 49
5439 6352 29
5439 6352 33
5439 6381 12
5439 6381 7
5439 6529 18
5439 6529 34
5439 6359 1
5439 6359 36
5439 6362 43
5439 6362 34
5439 6368 36
5439 6368 24
5439 6369 27
5439 6369 15
5439 6522 11
5439 6522 30
5439 6538 59
5439 6538 46
5439 6561 7
5439 6561 3
5439 6364 47
5439 6364 59
5439 6375 6
5439 6375 10
5439 6351 38
5439 6351 37
5439 6354 16
5439 6354 58
5439 6380 19
5439 6380 3
5439 6531 35
5439 6531 9
5439 6563 59
5439 6563 18
5450 6348 26
5450 6348 30
5450 6347 54
5450 6347 25
5450 6350 12
5450 6350 38
5450 6365 30
5450 6365 32
5450 6384 6
5450 6384 54
5450 6349 42
5450 6349 4
5450 6378 4
5450 6378 54
5450 6383 35
5450 6383 33
5450 6361 31
5450 6361 5
5450 6366 11
5450 6366 54
5450 6367 49
5450 6367 58
5450 6524 44
5450 6524 20
5450 6530 0
5450 6530 19
5450 6363 10
5450 6363 17
5450 6379 29
5450 6379 19
5450 6352 38
5450 6352 6
5450 6381 45
5450 6381 60
5450 6529 20
5450 6529 56
5450 6359 6
5450 6359 39
5450 6362 1
5450 6362 31
5450 6368 23
5450 6368 21
5450 6369 57
5450 6369 38
5450 6522 41
5450 6522 34
5450 6538 20
5450 6538 27
5450 6561 8
5450 6561 59
5450 6364 45
5450 6364 15
5450 6375 31
5450 6375 11
5450 6351 36
5450 6351 31
5450 6354 47
5450 6354 32
5450 6380 32
5450 6380 35
5450 6531 24
5450 6531 15
5450 6563 15
5450 6563 27
5303 6348 19
5303 6348 29
5303 6347 60
5303 6347 3
5303 6350 3
5303 6350 45
5303 6365 1
5303 6365 29
5303 6384 57
5303 6384 24
5303 6349 22
5303 6349 37
5303 6378 34
5303 6378 22
5303 6383 31
5303 6383 41
5303 6361 32
5303 6361 17
5303 6366 8
5303 6366 16
5303 6367 24
5303 6367 52
5303 6524 33
5303 6524 30
5303 6530 27
5303 6530 45
5303 6363 31
5303 6363 47
5303 6379 39
5303 6379 50
5303 6352 13
5303 6352 24
5303 6381 34
5303 6381 33
5303 6529 59
5303 6529 10
5303 6359 5
5303 6359 40
5303 6362 44
5303 6362 4
5303 6368 47
5303 6368 20
5303 6369 53
5303 6369 0
5303 6522 10
5303 6522 34
5303 6538 35
5303 6538 13
5303 6561 16
5303 6561 24
5303 6364 54
5303 6364 47
5303 6375 7
5303 6375 9
5303 6351 10
5303 6351 29
5303 6354 53
5303 6354 30
5303 6380 38
5303 6380 36
5303 6531 39
5303 6531 17
5303 6563 10
5303 6563 38
