2153 1897 29
2153 1893 35
2153 1896 19
2153 1898 17
2153 1889 23
2153 1878 46
2153 1894 36
2153 121 17
2153 130 6
2153 1812 3
2153 1895 8
2153 120 47
2153 129 4
2153 1811 42
2153 6 30
2153 1891 46
2153 122 23
2153 131 54
2153 1809 50
2153 0 23
2153 1883 49
2153 1892 57
2153 123 47
2153 1808 28
2153 1810 58
2153 1 14
2153 2 48
2153 1884 49
2153 1874 13
2153 1890 10
2153 124 24
2153 1806 52
2134 1897 19
2134 1893 47
2134 1896 46
2134 1898 11
2134 1889 40
2134 1878 18
2134 1894 34
2134 121 21
2134 130 25
2134 1812 5
2134 1895 9
2134 120 38
2134 129 37
2134 1811 27
2134 6 20
2134 1891 58
2134 122 13
2134 131 14
2134 1809 40
2134 0 14
2134 1883 56
2134 1892 6
2134 123 44
2134 1808 43
2134 1810 33
2134 1 49
2134 2 59
2134 1884 7
2134 1874 57
2134 1890 0
2134 124 3
2134 1806 47
2146 1897 41
2146 1893 55
2146 1896 59
2146 1898 51
2146 1889 47
2146 1878 3
2146 1894 7
2146 121 60
2146 130 37
2146 1812 38
2146 1895 6
2146 120 10
2146 129 3
2146 1811 42
2146 6 40
2146 1891 20
2146 122 16
2146 131 16
2146 1809 22
2146 0 14
2146 1883 30
2146 1892 7
2146 123 13
2146 1808 27
2146 1810 57
2146 1 57
2146 2 21
2146 1884 30
2146 1874 58
2146 1890 41
2146 124 23
2146 1806 8
2155 1897 49
2155 1893 52
2155 1896 32
2155 1898 1
2155 1889 51
2155 1878 14
2155 1894 30
2155 121 53
2155 130 41
2155 1812 50
2155 1895 22
2155 120 56
2155 129 29
2155 1811 21
2155 6 48
2155 1891 33
2155 122 15
2155 131 49
2155 1809 13
2155 0 49
2155 1883 33
2155 1892 28
2155 123 1
2155 1808 32
2155 1810 28
2155 1 52
2155 2 10
2155 1884 35
2155 1874 53
2155 1890 49
2155 124 31
2155 1806 30
2140 1897 28
2140 1893 11
2140 1896 43
2140 1898 13
2140 1889 18
2140 1878 40
2140 1894 10
2140 121 46
2140 130 51
2140 1812 39
2140 1895 58
2140 120 46
2140 129 48
2140 1811 8
2140 6 51
2140 1891 48
2140 122 13
2140 131 44
2140 1809 17
2140 0 30
2140 1883 33
2140 1892 25
2140 123 10
2140 1808 33
2140 1810 2
2140 1 52
2140 2 12
2140 1884 14
2140 1874 35
2140 1890 47
2140 124 7
2140 1806 19
2133 1897 21
2133 1893 49
2133 1896 43
2133 1898 11
2133 1889 50
2133 1878 51
2133 1894 28
2133 121 41
2133 130 18
2133 1812 50
2133 1895 22
2133 120 22
2133 129 34
2133 1811 49
2133 6 55
2133 1891 47
2133 122 42
2133 131 50
2133 1809 31
2133 0 3
2133 1883 6
2133 1892 31
2133 123 35
2133 1808 57
2133 1810 38
2133 1 15
2133 2 15
2133 1884 56
2133 1874 30
2133 1890 18
2133 124 6
2133 1806 44
2143 1897 35
2143 1893 46
2143 1896 41
2143 1898 10
2143 1889 26
2143 1878 30
2143 1894 7
2143 121 50
2143 130 35
2143 1812 48
2143 1895 27
2143 120 18
2143 129 49
2143 1811 35
2143 6 46
2143 1891 5
2143 122 40
2143 131 20
2143 1809 19
2143 0 52
2143 1883 25
2143 1892 60
2143 123 33
2143 1808 54
2143 1810 30
2143 1 14
2143 2 40
2143 1884 9
2143 1874 25
2143 1890 5
2143 124 30
2143 1806 3
2145 1897 56
2145 1893 59
2145 1896 40
2145 1898 44
2145 1889 45
2145 1878 32
2145 1894 15
2145 121 23
2145 130 39
2145 1812 32
2145 1895 6
2145 120 17
2145 129 13
2145 1811 52
2145 6 42
2145 1891 45
2145 122 21
2145 131 49
2145 1809 5
2145 0 48
2145 1883 53
2145 1892 52
2145 123 49
2145 1808 0
2145 1810 23
2145 1 60
2145 2 1
2145 1884 36
2145 1874 30
2145 1890 24
2145 124 42
2145 1806 42
2154 1897 56
2154 1893 31
2154 1896 14
2154 1898 37
2154 1889 3
2154 1878 20
2154 1894 49
2154 121 60
2154 130 49
2154 1812 43
2154 1895 47
2154 120 14
2154 129 11
2154 1811 25
2154 6 27
2154 1891 42
2154 122 31
2154 131 37
2154 1809 37
2154 0 49
2154 1883 40
2154 1892 59
2154 123 42
2154 1808 56
2154 1810 34
2154 1 26
2154 2 60
2154 1884 24
2154 1874 2
2154 1890 2
2154 124 26
2154 1806 59
2156 1897 0
2156 1893 36
2156 1896 41
2156 1898 21
2156 1889 43
2156 1878 32
2156 1894 31
2156 121 0
2156 130 14
2156 1812 13
2156 1895 26
2156 120 23
2156 129 53
2156 1811 43
2156 6 38
2156 1891 26
2156 122 27
2156 131 38
2156 1809 47
2156 0 57
2156 1883 17
2156 1892 47
2156 123 32
2156 1808 7
2156 1810 7
2156 1 55
2156 2 23
2156 1884 35
2156 1874 14
2156 1890 42
2156 124 21
2156 1806 1
2201 1897 31
2201 1893 52
2201 1896 28
2201 1898 52
2201 1889 45
2201 1878 25
2201 1894 60
2201 121 49
2201 130 14
2201 1812 26
2201 1895 16
2201 120 7
2201 129 14
2201 1811 49
2201 6 15
2201 1891 12
2201 122 46
2201 131 41
2201 1809 19
2201 0 27
2201 1883 26
2201 1892 29
2201 123 57
2201 1808 52
2201 1810 60
2201 1 37
2201 2 50
2201 1884 55
2201 1874 53
2201 1890 15
2201 124 21
2201 1806 58
2136 1897 30
2136 1893 36
2136 1896 46
2136 1898 37
2136 1889 48
2136 1878 18
2136 1894 17
2136 121 11
2136 130 37
2136 1812 1
2136 1895 0
2136 120 33
2136 129 26
2136 1811 30
2136 6 59
2136 1891 23
2136 122 35
2136 131 48
2136 1809 40
2136 0 60
2136 1883 25
2136 1892 55
2136 123 28
2136 1808 40
2136 1810 34
2136 1 59
2136 2 9
2136 1884 45
2136 1874 0
2136 1890 17
2136 124 27
2136 1806 2
2198 1897 46
2198 1893 35
2198 1896 29
2198 1898 34
2198 1889 8
2198 1878 25
2198 1894 11
2198 121 21
2198 130 0
2198 1812 23
2198 1895 39
2198 120 49
2198 129 8
2198 1811 54
2198 6 43
2198 1891 46
2198 122 31
2198 131 27
2198 1809 54
2198 0 53
2198 1883 23
2198 1892 0
2198 123 38
2198 1808 36
2198 1810 54
2198 1 16
2198 2 30
2198 1884 52
2198 1874 19
2198 1890 1
2198 124 26
2198 1806 27
2128 1897 41
2128 1893 42
2128 1896 28
2128 1898 16
2128 1889 5
2128 1878 39
2128 1894 0
2128 121 36
2128 130 53
2128 1812 53
2128 1895 47
2128 120 32
2128 129 47
2128 1811 26
2128 6 1
2128 1891 24
2128 122 10
2128 131 45
2128 1809 9
2128 0 57
2128 1883 7
2128 1892 28
2128 123 4
2128 1808 9
2128 1810 52
2128 1 4
2128 2 56
2128 1884 28
2128 1874 25
2128 1890 3
2128 124 45
2128 1806 8
2135 1897 34
2135 1893 30
2135 1896 37
2135 1898 14
2135 1889 56
2135 1878 38
2135 1894 52
2135 121 0
2135 130 37
2135 1812 3
2135 1895 5
2135 120 58
2135 129 45
2135 1811 60
2135 6 37
2135 1891 0
2135 122 12
2135 131 45
2135 1809 48
2135 0 36
2135 1883 53
2135 1892 60
2135 123 45
2135 1808 31
2135 1810 14
2135 1 58
2135 2 0
2135 1884 48
2135 1874 57
2135 1890 26
2135 124 46
2135 1806 5
2142 1897 18
2142 1893 58
2142 1896 12
2142 1898 54
2142 1889 47
2142 1878 1
2142 1894 11
2142 121 57
2142 130 12
2142 1812 44
2142 1895 54
2142 120 24
2142 129 54
2142 1811 26
2142 6 25
2142 1891 9
2142 122 49
2142 131 59
2142 1809 44
2142 0 39
2142 1883 26
2142 1892 57
2142 123 25
2142 1808 57
2142 1810 37
2142 1 60
2142 2 36
2142 1884 13
2142 1874 42
2142 1890 51
2142 124 0
2142 1806 59
2144 1897 46
2144 1893 4
2144 1896 37
2144 1898 39
2144 1889 25
2144 1878 7
2144 1894 46
2144 121 23
2144 130 11
2144 1812 27
2144 1895 25
2144 120 27
2144 129 21
2144 1811 58
2144 6 9
2144 1891 17
2144 122 23
2144 131 2
2144 1809 47
2144 0 22
2144 1883 32
2144 1892 33
2144 123 18
2144 1808 16
2144 1810 58
2144 1 58
2144 2 15
2144 1884 24
2144 1874 38
2144 1890 20
2144 124 38
2144 1806 56
2151 1897 3
2151 1893 8
2151 1896 60
2151 1898 5
2151 1889 40
2151 1878 40
2151 1894 9
2151 121 30
2151 130 24
2151 1812 30
2151 1895 20
2151 120 7
2151 129 35
2151 1811 7
2151 6 53
2151 1891 3
2151 122 55
2151 131 6
2151 1809 46
2151 0 52
2151 1883 37
2151 1892 44
2151 123 1
2151 1808 26
2151 1810 59
2151 1 32
2151 2 52
2151 1884 13
2151 1874 19
2151 1890 12
2151 124 53
2151 1806 38
2152 1897 52
2152 1893 43
2152 1896 12
2152 1898 59
2152 1889 23
2152 1878 20
2152 1894 19
2152 121 45
2152 130 12
2152 1812 46
2152 1895 32
2152 120 43
2152 129 53
2152 1811 46
2152 6 13
2152 1891 5
2152 122 12
2152 131 53
2152 1809 26
2152 0 5
2152 1883 10
2152 1892 15
2152 123 2
2152 1808 42
2152 1810 23
2152 1 15
2152 2 60
2152 1884 33
2152 1874 10
2152 1890 30
2152 124 45
2152 1806 1
2159 1897 37
2159 1893 40
2159 1896 26
2159 1898 5
2159 1889 20
2159 1878 19
2159 1894 56
2159 121 60
2159 130 12
2159 1812 41
2159 1895 55
2159 120 48
2159 129 7
2159 1811 17
2159 6 1
2159 1891 14
2159 122 14
2159 131 30
2159 1809 55
2159 0 39
2159 1883 5
2159 1892 58
2159 123 42
2159 1808 55
2159 1810 5
2159 1 13
2159 2 58
2159 1884 45
2159 1874 41
2159 1890 34
2159 124 4
2159 1806 38
2202 1897 23
2202 1893 45
2202 1896 30
2202 1898 24
2202 1889 4
2202 1878 56
2202 1894 25
2202 121 25
2202 130 20
2202 1812 38
2202 1895 9
2202 120 9
2202 129 10
2202 1811 55
2202 6 20
2202 1891 46
2202 122 48
2202 131 44
2202 1809 19
2202 0 7
2202 1883 57
2202 1892 16
2202 123 50
2202 1808 11
2202 1810 24
2202 1 12
2202 2 20
2202 1884 19
2202 1874 40
2202 1890 18
2202 124 34
2202 1806 49
954 1897 33
954 1893 45
954 1896 27
954 1898 10
954 1889 37
954 1878 1
954 1894 24
954 121 6
954 130 53
954 1812 43
954 1895 12
954 120 44
954 129 18
954 1811 53
954 6 34
954 1891 14
954 122 34
954 131 35
954 1809 24
954 0 32
954 1883 10
954 1892 2
954 123 19
954 1808 29
954 1810 30
954 1 24
954 2 16
954 1884 30
954 1874 15
954 1890 39
954 124 57
954 1806 18
2200 1897 58
2200 1893 33
2200 1896 21
2200 1898 46
2200 1889 58
2200 1878 7
2200 1894 34
2200 121 38
2200 130 18
2200 1812 43
2200 1895 56
2200 120 51
2200 129 38
2200 1811 57
2200 6 3
2200 1891 22
2200 122 52
2200 131 36
2200 1809 58
2200 0 54
2200 1883 14
2200 1892 11
2200 123 29
2200 1808 53
2200 1810 4
2200 1 40
2200 2 43
2200 1884 4
2200 1874 9
2200 1890 34
2200 124 45
2200 1806 37
2138 1897 34
2138 1893 53
2138 1896 56
2138 1898 14
2138 1889 53
2138 1878 0
2138 1894 15
2138 121 21
2138 130 23
2138 1812 8
2138 1895 10
2138 120 33
2138 129 50
2138 1811 39
2138 6 59
2138 1891 20
2138 122 24
2138 131 26
2138 1809 47
2138 0 7
2138 1883 54
2138 1892 9
2138 123 11
2138 1808 46
2138 1810 19
2138 1 9
2138 2 57
2138 1884 51
2138 1874 31
2138 1890 37
2138 124 33
2138 1806 20
2197 1897 44
2197 1893 51
2197 1896 44
2197 1898 13
2197 1889 33
2197 1878 9
2197 1894 45
2197 121 53
2197 130 49
2197 1812 2
2197 1895 28
2197 120 57
2197 129 28
2197 1811 23
2197 6 18
2197 1891 44
2197 122 17
2197 131 1
2197 1809 20
2197 0 3
2197 1883 40
2197 1892 29
2197 123 34
2197 1808 47
2197 1810 7
2197 1 50
2197 2 21
2197 1884 48
2197 1874 44
2197 1890 1
2197 124 49
2197 1806 57
2125 1897 40
2125 1893 55
2125 1896 11
2125 1898 20
2125 1889 18
2125 1878 11
2125 1894 27
2125 121 36
2125 130 51
2125 1812 46
2125 1895 3
2125 120 43
2125 129 50
2125 1811 14
2125 6 12
2125 1891 49
2125 122 26
2125 131 60
2125 1809 29
2125 0 13
2125 1883 24
2125 1892 46
2125 123 12
2125 1808 27
2125 1810 0
2125 1 24
2125 2 0
2125 1884 51
2125 1874 25
2125 1890 32
2125 124 52
2125 1806 22
2137 1897 18
2137 1893 37
2137 1896 52
2137 1898 8
2137 1889 18
2137 1878 52
2137 1894 38
2137 121 3
2137 130 32
2137 1812 14
2137 1895 52
2137 120 38
2137 129 47
2137 1811 38
2137 6 17
2137 1891 42
2137 122 2
2137 131 15
2137 1809 16
2137 0 48
2137 1883 18
2137 1892 37
2137 123 41
2137 1808 7
2137 1810 45
2137 1 26
2137 2 6
2137 1884 9
2137 1874 55
2137 1890 41
2137 124 27
2137 1806 57
2141 1897 13
2141 1893 9
2141 1896 41
2141 1898 15
2141 1889 25
2141 1878 22
2141 1894 13
2141 121 33
2141 130 45
2141 1812 14
2141 1895 50
2141 120 60
2141 129 25
2141 1811 44
2141 6 3
2141 1891 6
2141 122 47
2141 131 36
2141 1809 49
2141 0 39
2141 1883 18
2141 1892 1
2141 123 17
2141 1808 36
2141 1810 52
2141 1 14
2141 2 39
2141 1884 47
2141 1874 39
2141 1890 33
2141 124 54
2141 1806 56
2150 1897 45
2150 1893 46
2150 1896 29
2150 1898 37
2150 1889 35
2150 1878 33
2150 1894 22
2150 121 31
2150 130 25
2150 1812 43
2150 1895 38
2150 120 51
2150 129 4
2150 1811 47
2150 6 13
2150 1891 13
2150 122 56
2150 131 0
2150 1809 49
2150 0 16
2150 1883 8
2150 1892 16
2150 123 59
2150 1808 23
2150 1810 48
2150 1 5
2150 2 51
2150 1884 8
2150 1874 40
2150 1890 27
2150 124 15
2150 1806 6
2158 1897 8
2158 1893 47
2158 1896 20
2158 1898 6
2158 1889 58
2158 1878 35
2158 1894 45
2158 121 39
2158 130 34
2158 1812 53
2158 1895 40
2158 120 9
2158 129 21
2158 1811 24
2158 6 55
2158 1891 9
2158 122 47
2158 131 13
2158 1809 54
2158 0 21
2158 1883 48
2158 1892 15
2158 123 5
2158 1808 48
2158 1810 17
2158 1 54
2158 2 7
2158 1884 17
2158 1874 42
2158 1890 56
2158 124 40
2158 1806 20
2160 1897 54
2160 1893 12
2160 1896 29
2160 1898 19
2160 1889 53
2160 1878 51
2160 1894 20
2160 121 48
2160 130 27
2160 1812 24
2160 1895 38
2160 120 47
2160 129 22
2160 1811 18
2160 6 32
2160 1891 6
2160 122 40
2160 131 10
2160 1809 43
2160 0 56
2160 1883 10
2160 1892 0
2160 123 60
2160 1808 24
2160 1810 5
2160 1 1
2160 2 31
2160 1884 58
2160 1874 12
2160 1890 44
2160 124 22
2160 1806 42
963 1897 19
963 1893 20
963 1896 28
963 1898 11
963 1889 49
963 1878 3
963 1894 17
963 121 43
963 130 60
963 1812 1
963 1895 41
963 120 55
963 129 14
963 1811 19
963 6 4
963 1891 6
963 122 53
963 131 34
963 1809 35
963 0 17
963 1883 30
963 1892 21
963 123 3
963 1808 51
963 1810 54
963 1 58
963 2 2
963 1884 9
963 1874 47
963 1890 33
963 124 41
963 1806 13
