4394 9895 14
4394 9895 30
4394 9894 18
4394 9894 28
4394 9912 3
4394 9912 13
4394 9913 36
4394 9913 57
4394 9893 58
4394 9893 26
4394 9896 33
4394 9896 29
4394 9915 2
4394 9915 38
4394 9897 6
4394 9897 19
4394 9914 59
4394 9914 56
4394 9917 10
4394 9917 24
4394 9918 14
4394 9918 25
4394 9898 50
4394 9898 39
4394 10762 32
4394 10762 37
4394 9916 7
4394 9916 49
4394 9899 30
4394 9899 22
4394 9905 39
4394 9905 24
4394 9919 55
4394 9919 27
4394 9943 10
4394 9943 26
4394 10763 34
4394 10763 51
4394 10764 17
4394 10764 42
4394 9931 52
4394 9931 2
4394 9942 13
4394 9942 42
4394 9932 1
4394 9932 33
4394 9903 60
4394 9903 47
4394 9906 53
4394 9906 49
4394 9920 50
4394 9920 22
4394 9940 21
4394 9940 59
4394 9958 59
4394 9958 0
4394 10765 27
4394 10765 60
4394 10761 47
4394 10761 49
4394 9934 48
4394 9934 53
4394 9933 55
4394 9933 37
4387 9895 12
4387 9895 58
4387 9894 35
4387 9894 2
4387 9912 27
4387 9912 20
4387 9913 16
4387 9913 56
4387 9893 14
4387 9893 24
4387 9896 4
4387 9896 30
4387 9915 11
4387 9915 6
4387 9897 6
4387 9897 56
4387 9914 22
4387 9914 47
4387 9917 47
4387 9917 27
4387 9918 35
4387 9918 45
4387 9898 57
4387 9898 37
4387 10762 56
4387 10762 39
4387 9916 17
4387 9916 33
4387 9899 7
4387 9899 60
4387 9905 22
4387 9905 35
4387 9919 50
4387 9919 24
4387 9943 3
4387 9943 44
4387 10763 3
4387 10763 9
4387 10764 10
4387 10764 0
4387 9931 11
4387 9931 9
4387 9942 55
4387 9942 26
4387 9932 14
4387 9932 24
4387 9903 44
4387 9903 52
4387 9906 1
4387 9906 3
4387 9920 6
4387 9920 56
4387 9940 46
4387 9940 21
4387 9958 40
4387 9958 7
4387 10765 21
4387 10765 60
4387 10761 36
4387 10761 12
4387 9934 25
4387 9934 2
4387 9933 30
4387 9933 19
4393 9895 31
4393 9895 38
4393 9894 29
4393 9894 14
4393 9912 10
4393 9912 40
4393 9913 36
4393 9913 23
4393 9893 17
4393 9893 10
4393 9896 3
4393 9896 57
4393 9915 60
4393 9915 11
4393 9897 20
4393 9897 1
4393 9914 55
4393 9914 42
4393 9917 9
4393 9917 0
4393 9918 16
4393 9918 48
4393 9898 40
4393 9898 54
4393 10762 38
4393 10762 37
4393 9916 36
4393 9916 23
4393 9899 57
4393 9899 54
4393 9905 2
4393 9905 26
4393 9919 2
4393 9919 37
4393 9943 4
4393 9943 54
4393 10763 43
4393 10763 32
4393 10764 0
4393 10764 9
4393 9931 1
4393 9931 3
4393 9942 39
4393 9942 6
4393 9932 25
4393 9932 46
4393 9903 6
4393 9903 48
4393 9906 58
4393 9906 35
4393 9920 30
4393 9920 3
4393 9940 2
4393 9940 5
4393 9958 46
4393 9958 32
4393 10765 48
4393 10765 2
4393 10761 16
4393 10761 18
4393 9934 49
4393 9934 34
4393 9933 48
4393 9933 40
4397 9895 27
4397 9895 14
4397 9894 3
4397 9894 8
4397 9912 56
4397 9912 45
4397 9913 13
4397 9913 58
4397 9893 35
4397 9893 39
4397 9896 37
4397 9896 46
4397 9915 13
4397 9915 30
4397 9897 19
4397 9897 0
4397 9914 36
4397 9914 18
4397 9917 55
4397 9917 36
4397 9918 45
4397 9918 17
4397 9898 39
4397 9898 19
4397 10762 57
4397 10762 8
4397 9916 48
4397 9916 19
4397 9899 13
4397 9899 33
4397 9905 19
4397 9905 44
4397 9919 18
4397 9919 50
4397 9943 48
4397 9943 8
4397 10763 24
4397 10763 46
4397 10764 8
4397 10764 3
4397 9931 53
4397 9931 49
4397 9942 32
4397 9942 30
4397 9932 26
4397 9932 40
4397 9903 48
4397 9903 50
4397 9906 53
4397 9906 47
4397 9920 51
4397 9920 9
4397 9940 53
4397 9940 31
4397 9958 55
4397 9958 7
4397 10765 30
4397 10765 25
4397 10761 16
4397 10761 38
4397 9934 44
4397 9934 9
4397 9933 60
4397 9933 40
4391 9895 36
4391 9895 31
4391 9894 0
4391 9894 43
4391 9912 23
4391 9912 55
4391 9913 31
4391 9913 2
4391 9893 27
4391 9893 14
4391 9896 54
4391 9896 49
4391 9915 32
4391 9915 48
4391 9897 19
4391 9897 39
4391 9914 8
4391 9914 59
4391 9917 6
4391 9917 27
4391 9918 14
4391 9918 53
4391 9898 29
4391 9898 22
4391 10762 44
4391 10762 48
4391 9916 28
4391 9916 40
4391 9899 59
4391 9899 33
4391 9905 46
4391 9905 35
4391 9919 10
4391 9919 42
4391 9943 5
4391 9943 10
4391 10763 0
4391 10763 53
4391 10764 52
4391 10764 40
4391 9931 27
4391 9931 56
4391 9942 32
4391 9942 15
4391 9932 13
4391 9932 28
4391 9903 8
4391 9903 13
4391 9906 1
4391 9906 49
4391 9920 47
4391 9920 38
4391 9940 26
4391 9940 36
4391 9958 44
4391 9958 39
4391 10765 42
4391 10765 2
4391 10761 19
4391 10761 15
4391 9934 15
4391 9934 41
4391 9933 14
4391 9933 30
4384 9895 40
4384 9895 58
4384 9894 8
4384 9894 35
4384 9912 49
4384 9912 28
4384 9913 8
4384 9913 38
4384 9893 59
4384 9893 44
4384 9896 35
4384 9896 22
4384 9915 39
4384 9915 1
4384 9897 9
4384 9897 2
4384 9914 14
4384 9914 55
4384 9917 53
4384 9917 20
4384 9918 53
4384 9918 19
4384 9898 34
4384 9898 49
4384 10762 46
4384 10762 13
4384 9916 14
4384 9916 0
4384 9899 21
4384 9899 33
4384 9905 16
4384 9905 9
4384 9919 7
4384 9919 5
4384 9943 27
4384 9943 21
4384 10763 33
4384 10763 38
4384 10764 37
4384 10764 54
4384 9931 55
4384 9931 57
4384 9942 59
4384 9942 40
4384 9932 4
4384 9932 32
4384 9903 24
4384 9903 18
4384 9906 27
4384 9906 41
4384 9920 59
4384 9920 27
4384 9940 25
4384 9940 50
4384 9958 7
4384 9958 20
4384 10765 58
4384 10765 34
4384 10761 11
4384 10761 36
4384 9934 12
4384 9934 18
4384 9933 24
4384 9933 23
4390 9895 11
4390 9895 26
4390 9894 59
4390 9894 46
4390 9912 40
4390 9912 17
4390 9913 45
4390 9913 36
4390 9893 42
4390 9893 19
4390 9896 51
4390 9896 56
4390 9915 38
4390 9915 57
4390 9897 42
4390 9897 40
4390 9914 43
4390 9914 47
4390 9917 16
4390 9917 31
4390 9918 4
4390 9918 24
4390 9898 11
4390 9898 58
4390 10762 34
4390 10762 26
4390 9916 18
4390 9916 60
4390 9899 23
4390 9899 55
4390 9905 38
4390 9905 42
4390 9919 1
4390 9919 32
4390 9943 38
4390 9943 4
4390 10763 14
4390 10763 53
4390 10764 37
4390 10764 27
4390 9931 54
4390 9931 25
4390 9942 3
4390 9942 36
4390 9932 25
4390 9932 31
4390 9903 43
4390 9903 20
4390 9906 4
4390 9906 29
4390 9920 18
4390 9920 14
4390 9940 5
4390 9940 33
4390 9958 42
4390 9958 3
4390 10765 52
4390 10765 35
4390 10761 6
4390 10761 42
4390 9934 11
4390 9934 17
4390 9933 40
4390 9933 26
4388 9895 32
4388 9895 11
4388 9894 50
4388 9894 29
4388 9912 25
4388 9912 44
4388 9913 52
4388 9913 18
4388 9893 40
4388 9893 39
4388 9896 4
4388 9896 24
4388 9915 53
4388 9915 30
4388 9897 13
4388 9897 47
4388 9914 8
4388 9914 35
4388 9917 52
4388 9917 22
4388 9918 31
4388 9918 48
4388 9898 23
4388 9898 39
4388 10762 41
4388 10762 14
4388 9916 60
4388 9916 25
4388 9899 25
4388 9899 27
4388 9905 1
4388 9905 24
4388 9919 48
4388 9919 12
4388 9943 52
4388 9943 45
4388 10763 17
4388 10763 7
4388 10764 34
4388 10764 59
4388 9931 33
4388 9931 38
4388 9942 19
4388 9942 2
4388 9932 53
4388 9932 45
4388 9903 51
4388 9903 30
4388 9906 23
4388 9906 11
4388 9920 0
4388 9920 3
4388 9940 26
4388 9940 39
4388 9958 32
4388 9958 40
4388 10765 32
4388 10765 8
4388 10761 19
4388 10761 11
4388 9934 37
4388 9934 12
4388 9933 8
4388 9933 60
4380 9895 59
4380 9895 41
4380 9894 6
4380 9894 1
4380 9912 14
4380 9912 28
4380 9913 44
4380 9913 34
4380 9893 14
4380 9893 12
4380 9896 57
4380 9896 38
4380 9915 30
4380 9915 7
4380 9897 54
4380 9897 48
4380 9914 41
4380 9914 33
4380 9917 47
4380 9917 53
4380 9918 27
4380 9918 15
4380 9898 6
4380 9898 25
4380 10762 2
4380 10762 38
4380 9916 35
4380 9916 18
4380 9899 42
4380 9899 17
4380 9905 39
4380 9905 11
4380 9919 11
4380 9919 40
4380 9943 5
4380 9943 44
4380 10763 28
4380 10763 51
4380 10764 10
4380 10764 25
4380 9931 42
4380 9931 60
4380 9942 25
4380 9942 3
4380 9932 46
4380 9932 15
4380 9903 18
4380 9903 59
4380 9906 37
4380 9906 6
4380 9920 15
4380 9920 58
4380 9940 28
4380 9940 12
4380 9958 23
4380 9958 7
4380 10765 42
4380 10765 2
4380 10761 29
4380 10761 8
4380 9934 39
4380 9934 51
4380 9933 22
4380 9933 29
4396 9895 32
4396 9895 27
4396 9894 6
4396 9894 29
4396 9912 42
4396 9912 47
4396 9913 22
4396 9913 1
4396 9893 33
4396 9893 4
4396 9896 40
4396 9896 57
4396 9915 12
4396 9915 27
4396 9897 34
4396 9897 5
4396 9914 42
4396 9914 11
4396 9917 7
4396 9917 21
4396 9918 24
4396 9918 19
4396 9898 8
4396 9898 34
4396 10762 21
4396 10762 11
4396 9916 24
4396 9916 22
4396 9899 32
4396 9899 2
4396 9905 34
4396 9905 12
4396 9919 20
4396 9919 41
4396 9943 3
4396 9943 49
4396 10763 34
4396 10763 51
4396 10764 35
4396 10764 31
4396 9931 8
4396 9931 57
4396 9942 54
4396 9942 49
4396 9932 45
4396 9932 22
4396 9903 53
4396 9903 43
4396 9906 54
4396 9906 58
4396 9920 51
4396 9920 48
4396 9940 22
4396 9940 51
4396 9958 17
4396 9958 36
4396 10765 32
4396 10765 44
4396 10761 34
4396 10761 47
4396 9934 57
4396 9934 31
4396 9933 41
4396 9933 6
4398 9895 31
4398 9895 56
4398 9894 8
4398 9894 19
4398 9912 46
4398 9912 12
4398 9913 48
4398 9913 59
4398 9893 7
4398 9893 32
4398 9896 8
4398 9896 10
4398 9915 23
4398 9915 26
4398 9897 26
4398 9897 59
4398 9914 49
4398 9914 60
4398 9917 51
4398 9917 7
4398 9918 5
4398 9918 48
4398 9898 14
4398 9898 52
4398 10762 54
4398 10762 1
4398 9916 28
4398 9916 38
4398 9899 13
4398 9899 41
4398 9905 47
4398 9905 58
4398 9919 0
4398 9919 6
4398 9943 6
4398 9943 36
4398 10763 58
4398 10763 45
4398 10764 29
4398 10764 46
4398 9931 15
4398 9931 29
4398 9942 59
4398 9942 8
4398 9932 40
4398 9932 9
4398 9903 29
4398 9903 31
4398 9906 29
4398 9906 9
4398 9920 50
4398 9920 5
4398 9940 43
4398 9940 56
4398 9958 4
4398 9958 46
4398 10765 32
4398 10765 42
4398 10761 26
4398 10761 60
4398 9934 1
4398 9934 16
4398 9933 8
4398 9933 45
4435 9895 9
4435 9895 22
4435 9894 19
4435 9894 14
4435 9912 27
4435 9912 4
4435 9913 8
4435 9913 37
4435 9893 39
4435 9893 54
4435 9896 18
4435 9896 39
4435 9915 53
4435 9915 45
4435 9897 40
4435 9897 51
4435 9914 56
4435 9914 19
4435 9917 43
4435 9917 6
4435 9918 24
4435 9918 38
4435 9898 37
4435 9898 39
4435 10762 48
4435 10762 49
4435 9916 36
4435 9916 35
4435 9899 48
4435 9899 56
4435 9905 57
4435 9905 0
4435 9919 4
4435 9919 37
4435 9943 23
4435 9943 17
4435 10763 51
4435 10763 40
4435 10764 28
4435 10764 27
4435 9931 37
4435 9931 1
4435 9942 33
4435 9942 18
4435 9932 53
4435 9932 48
4435 9903 59
4435 9903 47
4435 9906 38
4435 9906 58
4435 9920 25
4435 9920 53
4435 9940 59
4435 9940 47
4435 9958 56
4435 9958 55
4435 10765 36
4435 10765 24
4435 10761 4
4435 10761 9
4435 9934 39
4435 9934 18
4435 9933 29
4435 9933 0
4403 9895 49
4403 9895 7
4403 9894 56
4403 9894 27
4403 9912 20
4403 9912 31
4403 9913 40
4403 9913 25
4403 9893 32
4403 9893 22
4403 9896 1
4403 9896 23
4403 9915 34
4403 9915 52
4403 9897 28
4403 9897 25
4403 9914 36
4403 9914 27
4403 9917 38
4403 9917 10
4403 9918 44
4403 9918 42
4403 9898 55
4403 9898 54
4403 10762 23
4403 10762 47
4403 9916 57
4403 9916 29
4403 9899 9
4403 9899 1
4403 9905 5
4403 9905 30
4403 9919 17
4403 9919 15
4403 9943 9
4403 9943 15
4403 10763 49
4403 10763 45
4403 10764 36
4403 10764 31
4403 9931 40
4403 9931 55
4403 9942 22
4403 9942 21
4403 9932 11
4403 9932 37
4403 9903 45
4403 9903 56
4403 9906 20
4403 9906 30
4403 9920 4
4403 9920 51
4403 9940 48
4403 9940 5
4403 9958 44
4403 9958 9
4403 10765 19
4403 10765 5
4403 10761 56
4403 10761 30
4403 9934 53
4403 9934 56
4403 9933 51
4403 9933 37
4452 9895 30
4452 9895 48
4452 9894 41
4452 9894 56
4452 9912 3
4452 9912 31
4452 9913 0
4452 9913 53
4452 9893 28
4452 9893 3
4452 9896 1
4452 9896 6
4452 9915 32
4452 9915 2
4452 9897 14
4452 9897 11
4452 9914 17
4452 9914 26
4452 9917 17
4452 9917 27
4452 9918 30
4452 9918 49
4452 9898 39
4452 9898 56
4452 10762 31
4452 10762 30
4452 9916 18
4452 9916 42
4452 9899 24
4452 9899 50
4452 9905 37
4452 9905 39
4452 9919 42
4452 9919 0
4452 9943 55
4452 9943 32
4452 10763 32
4452 10763 15
4452 10764 28
4452 10764 34
4452 9931 40
4452 9931 9
4452 9942 17
4452 9942 60
4452 9932 33
4452 9932 15
4452 9903 10
4452 9903 22
4452 9906 56
4452 9906 28
4452 9920 40
4452 9920 15
4452 9940 7
4452 9940 47
4452 9958 38
4452 9958 25
4452 10765 20
4452 10765 27
4452 10761 52
4452 10761 26
4452 9934 54
4452 9934 21
4452 9933 28
4452 9933 15
4392 9895 31
4392 9895 45
4392 9894 15
4392 9894 34
4392 9912 45
4392 9912 11
4392 9913 41
4392 9913 56
4392 9893 44
4392 9893 13
4392 9896 5
4392 9896 28
4392 9915 36
4392 9915 44
4392 9897 12
4392 9897 60
4392 9914 17
4392 9914 10
4392 9917 34
4392 9917 50
4392 9918 17
4392 9918 49
4392 9898 54
4392 9898 55
4392 10762 0
4392 10762 43
4392 9916 19
4392 9916 47
4392 9899 11
4392 9899 15
4392 9905 8
4392 9905 57
4392 9919 56
4392 9919 60
4392 9943 10
4392 9943 10
4392 10763 48
4392 10763 4
4392 10764 9
4392 10764 26
4392 9931 8
4392 9931 1
4392 9942 29
4392 9942 52
4392 9932 39
4392 9932 50
4392 9903 11
4392 9903 52
4392 9906 32
4392 9906 49
4392 9920 7
4392 9920 60
4392 9940 26
4392 9940 40
4392 9958 15
4392 9958 55
4392 10765 45
4392 10765 40
4392 10761 39
4392 10761 20
4392 9934 32
4392 9934 27
4392 9933 55
4392 9933 23
4383 9895 0
4383 9895 44
4383 9894 5
4383 9894 50
4383 9912 38
4383 9912 15
4383 9913 42
4383 9913 24
4383 9893 0
4383 9893 11
4383 9896 19
4383 9896 45
4383 9915 10
4383 9915 48
4383 9897 27
4383 9897 12
4383 9914 20
4383 9914 33
4383 9917 19
4383 9917 11
4383 9918 33
4383 9918 9
4383 9898 11
4383 9898 14
4383 10762 21
4383 10762 38
4383 9916 57
4383 9916 39
4383 9899 33
4383 9899 3
4383 9905 32
4383 9905 56
4383 9919 19
4383 9919 5
4383 9943 8
4383 9943 59
4383 10763 15
4383 10763 13
4383 10764 60
4383 10764 57
4383 9931 36
4383 9931 56
4383 9942 52
4383 9942 22
4383 9932 8
4383 9932 24
4383 9903 35
4383 9903 43
4383 9906 42
4383 9906 28
4383 9920 51
4383 9920 46
4383 9940 48
4383 9940 40
4383 9958 47
4383 9958 12
4383 10765 50
4383 10765 58
4383 10761 49
4383 10761 34
4383 9934 22
4383 9934 35
4383 9933 9
4383 9933 9
4370 9895 17
4370 9895 40
4370 9894 60
4370 9894 8
4370 9912 30
4370 9912 45
4370 9913 43
4370 9913 50
4370 9893 16
4370 9893 10
4370 9896 11
4370 9896 25
4370 9915 51
4370 9915 23
4370 9897 13
4370 9897 45
4370 9914 36
4370 9914 0
4370 9917 49
4370 9917 48
4370 9918 40
4370 9918 20
4370 9898 2
4370 9898 49
4370 10762 43
4370 10762 43
4370 9916 32
4370 9916 41
4370 9899 10
4370 9899 6
4370 9905 36
4370 9905 59
4370 9919 19
4370 9919 48
4370 9943 47
4370 9943 41
4370 10763 10
4370 10763 60
4370 10764 6
4370 10764 23
4370 9931 4
4370 9931 46
4370 9942 30
4370 9942 13
4370 9932 55
4370 9932 27
4370 9903 57
4370 9903 6
4370 9906 44
4370 9906 10
4370 9920 43
4370 9920 4
4370 9940 13
4370 9940 20
4370 9958 12
4370 9958 6
4370 10765 8
4370 10765 24
4370 10761 20
4370 10761 17
4370 9934 20
4370 9934 19
4370 9933 14
4370 9933 6
4386 9895 3
4386 9895 12
4386 9894 24
4386 9894 43
4386 9912 57
4386 9912 33
4386 9913 37
4386 9913 41
4386 9893 35
4386 9893 25
4386 9896 53
4386 9896 4
4386 9915 29
4386 9915 14
4386 9897 2
4386 9897 46
4386 9914 42
4386 9914 54
4386 9917 1
4386 9917 57
4386 9918 21
4386 9918 12
4386 9898 17
4386 9898 6
4386 10762 18
4386 10762 39
4386 9916 18
4386 9916 19
4386 9899 8
4386 9899 45
4386 9905 47
4386 9905 19
4386 9919 3
4386 9919 9
4386 9943 58
4386 9943 52
4386 10763 13
4386 10763 49
4386 10764 7
4386 10764 10
4386 9931 3
4386 9931 55
4386 9942 25
4386 9942 42
4386 9932 35
4386 9932 31
4386 9903 15
4386 9903 2
4386 9906 18
4386 9906 42
4386 9920 42
4386 9920 59
4386 9940 25
4386 9940 50
4386 9958 0
4386 9958 55
4386 10765 52
4386 10765 55
4386 10761 32
4386 10761 32
4386 9934 30
4386 9934 35
4386 9933 4
4386 9933 38
4389 9895 59
4389 9895 55
4389 9894 4
4389 9894 17
4389 9912 50
4389 9912 2
4389 9913 23
4389 9913 47
4389 9893 50
4389 9893 23
4389 9896 52
4389 9896 45
4389 9915 0
4389 9915 0
4389 9897 17
4389 9897 22
4389 9914 23
4389 9914 0
4389 9917 21
4389 9917 10
4389 9918 43
4389 9918 59
4389 9898 26
4389 9898 53
4389 10762 34
4389 10762 55
4389 9916 26
4389 9916 37
4389 9899 2
4389 9899 53
4389 9905 58
4389 9905 13
4389 9919 35
4389 9919 22
4389 9943 17
4389 9943 16
4389 10763 3
4389 10763 36
4389 10764 19
4389 10764 7
4389 9931 28
4389 9931 6
4389 9942 13
4389 9942 3
4389 9932 54
4389 9932 28
4389 9903 60
4389 9903 36
4389 9906 6
4389 9906 46
4389 9920 14
4389 9920 11
4389 9940 17
4389 9940 50
4389 9958 51
4389 9958 13
4389 10765 43
4389 10765 60
4389 10761 60
4389 10761 30
4389 9934 37
4389 9934 11
4389 9933 25
4389 9933 19
4368 9895 37
4368 9895 48
4368 9894 1
4368 9894 6
4368 9912 43
4368 9912 0
4368 9913 37
4368 9913 46
4368 9893 24
4368 9893 24
4368 9896 52
4368 9896 9
4368 9915 29
4368 9915 4
4368 9897 5
4368 9897 35
4368 9914 18
4368 9914 47
4368 9917 14
4368 9917 37
4368 9918 55
4368 9918 3
4368 9898 2
4368 9898 15
4368 10762 49
4368 10762 6
4368 9916 41
4368 9916 30
4368 9899 36
4368 9899 45
4368 9905 3
4368 9905 16
4368 9919 47
4368 9919 23
4368 9943 48
4368 9943 2
4368 10763 39
4368 10763 42
4368 10764 16
4368 10764 44
4368 9931 46
4368 9931 3
4368 9942 18
4368 9942 36
4368 9932 7
4368 9932 47
4368 9903 55
4368 9903 27
4368 9906 0
4368 9906 49
4368 9920 0
4368 9920 13
4368 9940 3
4368 9940 19
4368 9958 19
4368 9958 42
4368 10765 1
4368 10765 9
4368 10761 0
4368 10761 57
4368 9934 52
4368 9934 57
4368 9933 13
4368 9933 29
4379 9895 38
4379 9895 20
4379 9894 45
4379 9894 22
4379 9912 53
4379 9912 42
4379 9913 55
4379 9913 31
4379 9893 33
4379 9893 51
4379 9896 44
4379 9896 39
4379 9915 17
4379 9915 47
4379 9897 13
4379 9897 25
4379 9914 12
4379 9914 47
4379 9917 12
4379 9917 6
4379 9918 7
4379 9918 17
4379 9898 20
4379 9898 58
4379 10762 47
4379 10762 48
4379 9916 0
4379 9916 26
4379 9899 40
4379 9899 59
4379 9905 14
4379 9905 14
4379 9919 18
4379 9919 44
4379 9943 15
4379 9943 34
4379 10763 1
4379 10763 1
4379 10764 34
4379 10764 2
4379 9931 18
4379 9931 46
4379 9942 21
4379 9942 2
4379 9932 3
4379 9932 40
4379 9903 16
4379 9903 53
4379 9906 24
4379 9906 23
4379 9920 48
4379 9920 60
4379 9940 11
4379 9940 18
4379 9958 27
4379 9958 14
4379 10765 27
4379 10765 23
4379 10761 32
4379 10761 24
4379 9934 57
4379 9934 20
4379 9933 26
4379 9933 57
4395 9895 0
4395 9895 1
4395 9894 27
4395 9894 20
4395 9912 58
4395 9912 59
4395 9913 0
4395 9913 19
4395 9893 31
4395 9893 51
4395 9896 30
4395 9896 32
4395 9915 27
4395 9915 50
4395 9897 46
4395 9897 24
4395 9914 24
4395 9914 3
4395 9917 14
4395 9917 44
4395 9918 57
4395 9918 14
4395 9898 33
4395 9898 37
4395 10762 22
4395 10762 39
4395 9916 23
4395 9916 24
4395 9899 1
4395 9899 25
4395 9905 53
4395 9905 42
4395 9919 6
4395 9919 22
4395 9943 13
4395 9943 16
4395 10763 9
4395 10763 40
4395 10764 48
4395 10764 14
4395 9931 49
4395 9931 51
4395 9942 48
4395 9942 35
4395 9932 52
4395 9932 25
4395 9903 3
4395 9903 25
4395 9906 42
4395 9906 16
4395 9920 48
4395 9920 48
4395 9940 39
4395 9940 7
4395 9958 23
4395 9958 31
4395 10765 36
4395 10765 60
4395 10761 50
4395 10761 50
4395 9934 48
4395 9934 50
4395 9933 51
4395 9933 43
4436 9895 40
4436 9895 48
4436 9894 60
4436 9894 40
4436 9912 6
4436 9912 31
4436 9913 27
4436 9913 13
4436 9893 24
4436 9893 6
4436 9896 3
4436 9896 58
4436 9915 58
4436 9915 24
4436 9897 44
4436 9897 19
4436 9914 18
4436 9914 9
4436 9917 2
4436 9917 7
4436 9918 5
4436 9918 23
4436 9898 59
4436 9898 4
4436 10762 52
4436 10762 55
4436 9916 37
4436 9916 53
4436 9899 44
4436 9899 27
4436 9905 12
4436 9905 1
4436 9919 19
4436 9919 16
4436 9943 29
4436 9943 42
4436 10763 26
4436 10763 4
4436 10764 3
4436 10764 59
4436 9931 27
4436 9931 30
4436 9942 56
4436 9942 23
4436 9932 27
4436 9932 48
4436 9903 25
4436 9903 45
4436 9906 40
4436 9906 14
4436 9920 58
4436 9920 16
4436 9940 21
4436 9940 13
4436 9958 5
4436 9958 1
4436 10765 0
4436 10765 20
4436 10761 43
4436 10761 13
4436 9934 24
4436 9934 35
4436 9933 2
4436 9933 12
4434 9895 55
4434 9895 53
4434 9894 38
4434 9894 8
4434 9912 6
4434 9912 13
4434 9913 54
4434 9913 39
4434 9893 2
4434 9893 0
4434 9896 0
4434 9896 34
4434 9915 39
4434 9915 31
4434 9897 7
4434 9897 14
4434 9914 26
4434 9914 47
4434 9917 54
4434 9917 39
4434 9918 53
4434 9918 60
4434 9898 50
4434 9898 44
4434 10762 10
4434 10762 58
4434 9916 57
4434 9916 47
4434 9899 29
4434 9899 16
4434 9905 12
4434 9905 49
4434 9919 4
4434 9919 21
4434 9943 7
4434 9943 5
4434 10763 39
4434 10763 58
4434 10764 6
4434 10764 11
4434 9931 28
4434 9931 51
4434 9942 22
4434 9942 32
4434 9932 37
4434 9932 33
4434 9903 13
4434 9903 28
4434 9906 5
4434 9906 40
4434 9920 46
4434 9920 8
4434 9940 20
4434 9940 47
4434 9958 57
4434 9958 50
4434 10765 37
4434 10765 60
4434 10761 48
4434 10761 46
4434 9934 5
4434 9934 60
4434 9933 16
4434 9933 8
4399 9895 25
4399 9895 10
4399 9894 55
4399 9894 2
4399 9912 42
4399 9912 21
4399 9913 39
4399 9913 10
4399 9893 41
4399 9893 46
4399 9896 3
4399 9896 10
4399 9915 53
4399 9915 8
4399 9897 11
4399 9897 37
4399 9914 48
4399 9914 2
4399 9917 31
4399 9917 59
4399 9918 40
4399 9918 56
4399 9898 52
4399 9898 58
4399 10762 1
4399 10762 45
4399 9916 51
4399 9916 59
4399 9899 58
4399 9899 38
4399 9905 5
4399 9905 15
4399 9919 35
4399 9919 31
4399 9943 0
4399 9943 19
4399 10763 48
4399 10763 17
4399 10764 4
4399 10764 5
4399 9931 56
4399 9931 48
4399 9942 3
4399 9942 55
4399 9932 31
4399 9932 45
4399 9903 46
4399 9903 57
4399 9906 44
4399 9906 12
4399 9920 3
4399 9920 51
4399 9940 14
4399 9940 12
4399 9958 15
4399 9958 22
4399 10765 48
4399 10765 10
4399 10761 34
4399 10761 28
4399 9934 48
4399 9934 2
4399 9933 57
4399 9933 55
4401 9895 16
4401 9895 22
4401 9894 52
4401 9894 32
4401 9912 14
4401 9912 20
4401 9913 11
4401 9913 5
4401 9893 34
4401 9893 20
4401 9896 27
4401 9896 45
4401 9915 57
4401 9915 19
4401 9897 45
4401 9897 51
4401 9914 17
4401 9914 53
4401 9917 54
4401 9917 8
4401 9918 16
4401 9918 0
4401 9898 47
4401 9898 54
4401 10762 51
4401 10762 25
4401 9916 18
4401 9916 13
4401 9899 34
4401 9899 30
4401 9905 31
4401 9905 52
4401 9919 2
4401 9919 57
4401 9943 38
4401 9943 47
4401 10763 46
4401 10763 11
4401 10764 4
4401 10764 10
4401 9931 55
4401 9931 37
4401 9942 8
4401 9942 18
4401 9932 29
4401 9932 51
4401 9903 3
4401 9903 58
4401 9906 46
4401 9906 40
4401 9920 56
4401 9920 50
4401 9940 19
4401 9940 5
4401 9958 14
4401 9958 59
4401 10765 47
4401 10765 2
4401 10761 60
4401 10761 49
4401 9934 17
4401 9934 39
4401 9933 24
4401 9933 6
4415 9895 51
4415 9895 30
4415 9894 57
4415 9894 11
4415 9912 11
4415 9912 37
4415 9913 3
4415 9913 34
4415 9893 36
4415 9893 27
4415 9896 34
4415 9896 40
4415 9915 43
4415 9915 24
4415 9897 48
4415 9897 54
4415 9914 16
4415 9914 51
4415 9917 54
4415 9917 54
4415 9918 52
4415 9918 5
4415 9898 55
4415 9898 21
4415 10762 25
4415 10762 25
4415 9916 48
4415 9916 20
4415 9899 38
4415 9899 34
4415 9905 42
4415 9905 3
4415 9919 50
4415 9919 28
4415 9943 40
4415 9943 53
4415 10763 34
4415 10763 42
4415 10764 53
4415 10764 50
4415 9931 57
4415 9931 51
4415 9942 22
4415 9942 25
4415 9932 32
4415 9932 54
4415 9903 45
4415 9903 38
4415 9906 40
4415 9906 41
4415 9920 23
4415 9920 16
4415 9940 28
4415 9940 45
4415 9958 23
4415 9958 15
4415 10765 0
4415 10765 20
4415 10761 40
4415 10761 55
4415 9934 1
4415 9934 35
4415 9933 1
4415 9933 43
4416 9895 17
4416 9895 43
4416 9894 11
4416 9894 50
4416 9912 49
4416 9912 54
4416 9913 27
4416 9913 20
4416 9893 28
4416 9893 59
4416 9896 37
4416 9896 26
4416 9915 33
4416 9915 40
4416 9897 58
4416 9897 0
4416 9914 16
4416 9914 32
4416 9917 20
4416 9917 15
4416 9918 57
4416 9918 0
4416 9898 45
4416 9898 13
4416 10762 27
4416 10762 34
4416 9916 6
4416 9916 22
4416 9899 28
4416 9899 46
4416 9905 57
4416 9905 57
4416 9919 10
4416 9919 41
4416 9943 20
4416 9943 2
4416 10763 40
4416 10763 49
4416 10764 24
4416 10764 35
4416 9931 39
4416 9931 60
4416 9942 60
4416 9942 10
4416 9932 45
4416 9932 57
4416 9903 34
4416 9903 15
4416 9906 59
4416 9906 45
4416 9920 4
4416 9920 55
4416 9940 50
4416 9940 6
4416 9958 60
4416 9958 45
4416 10765 42
4416 10765 45
4416 10761 48
4416 10761 42
4416 9934 45
4416 9934 31
4416 9933 8
4416 9933 55
4453 9895 1
4453 9895 55
4453 9894 4
4453 9894 29
4453 9912 20
4453 9912 50
4453 9913 49
4453 9913 50
4453 9893 29
4453 9893 28
4453 9896 17
4453 9896 11
4453 9915 52
4453 9915 20
4453 9897 9
4453 9897 44
4453 9914 46
4453 9914 27
4453 9917 41
4453 9917 9
4453 9918 28
4453 9918 0
4453 9898 24
4453 9898 34
4453 10762 35
4453 10762 27
4453 9916 36
4453 9916 29
4453 9899 47
4453 9899 34
4453 9905 50
4453 9905 14
4453 9919 40
4453 9919 1
4453 9943 52
4453 9943 20
4453 10763 23
4453 10763 37
4453 10764 0
4453 10764 3
4453 9931 21
4453 9931 51
4453 9942 14
4453 9942 5
4453 9932 17
4453 9932 24
4453 9903 13
4453 9903 30
4453 9906 42
4453 9906 58
4453 9920 48
4453 9920 55
4453 9940 43
4453 9940 60
4453 9958 24
4453 9958 58
4453 10765 40
4453 10765 38
4453 10761 31
4453 10761 1
4453 9934 40
4453 9934 21
4453 9933 37
4453 9933 57
4427 9895 28
4427 9895 7
4427 9894 19
4427 9894 46
4427 9912 44
4427 9912 7
4427 9913 26
4427 9913 59
4427 9893 1
4427 9893 58
4427 9896 32
4427 9896 41
4427 9915 10
4427 9915 19
4427 9897 46
4427 9897 53
4427 9914 10
4427 9914 52
4427 9917 17
4427 9917 43
4427 9918 4
4427 9918 21
4427 9898 40
4427 9898 13
4427 10762 19
4427 10762 40
4427 9916 13
4427 9916 6
4427 9899 17
4427 9899 13
4427 9905 1
4427 9905 55
4427 9919 50
4427 9919 25
4427 9943 37
4427 9943 52
4427 10763 10
4427 10763 29
4427 10764 15
4427 10764 10
4427 9931 33
4427 9931 37
4427 9942 23
4427 9942 17
4427 9932 47
4427 9932 28
4427 9903 18
4427 9903 27
4427 9906 4
4427 9906 2
4427 9920 18
4427 9920 12
4427 9940 39
4427 9940 28
4427 9958 39
4427 9958 45
4427 10765 31
4427 10765 40
4427 10761 22
4427 10761 41
4427 9934 6
4427 9934 44
4427 9933 21
4427 9933 19
4360 9895 39
4360 9895 32
4360 9894 57
4360 9894 45
4360 9912 39
4360 9912 47
4360 9913 43
4360 9913 60
4360 9893 54
4360 9893 1
4360 9896 43
4360 9896 25
4360 9915 48
4360 9915 31
4360 9897 53
4360 9897 45
4360 9914 32
4360 9914 6
4360 9917 4
4360 9917 4
4360 9918 17
4360 9918 22
4360 9898 23
4360 9898 24
4360 10762 10
4360 10762 55
4360 9916 47
4360 9916 0
4360 9899 39
4360 9899 43
4360 9905 52
4360 9905 26
4360 9919 60
4360 9919 41
4360 9943 12
4360 9943 29
4360 10763 3
4360 10763 30
4360 10764 17
4360 10764 34
4360 9931 13
4360 9931 34
4360 9942 51
4360 9942 47
4360 9932 34
4360 9932 38
4360 9903 21
4360 9903 60
4360 9906 44
4360 9906 27
4360 9920 50
4360 9920 52
4360 9940 24
4360 9940 20
4360 9958 8
4360 9958 32
4360 10765 8
4360 10765 25
4360 10761 32
4360 10761 56
4360 9934 35
4360 9934 53
4360 9933 8
4360 9933 15
4385 9895 36
4385 9895 57
4385 9894 21
4385 9894 1
4385 9912 23
4385 9912 47
4385 9913 43
4385 9913 50
4385 9893 20
4385 9893 58
4385 9896 9
4385 9896 21
4385 9915 6
4385 9915 20
4385 9897 1
4385 9897 0
4385 9914 6
4385 9914 34
4385 9917 32
4385 9917 42
4385 9918 1
4385 9918 43
4385 9898 44
4385 9898 18
4385 10762 48
4385 10762 32
4385 9916 7
4385 9916 42
4385 9899 25
4385 9899 44
4385 9905 3
4385 9905 26
4385 9919 7
4385 9919 19
4385 9943 25
4385 9943 45
4385 10763 44
4385 10763 60
4385 10764 58
4385 10764 31
4385 9931 33
4385 9931 55
4385 9942 31
4385 9942 50
4385 9932 59
4385 9932 54
4385 9903 52
4385 9903 16
4385 9906 48
4385 9906 53
4385 9920 55
4385 9920 53
4385 9940 6
4385 9940 24
4385 9958 24
4385 9958 40
4385 10765 5
4385 10765 44
4385 10761 54
4385 10761 22
4385 9934 44
4385 9934 31
4385 9933 8
4385 9933 38
