10984 9689 39
10984 9689 16
10984 9689 33
10984 9689 20
10984 6219 33
10984 6219 46
10984 6219 14
10984 6219 6
10984 9886 6
10984 9886 34
10984 9886 33
10984 9886 41
10984 6218 52
10984 6218 10
10984 6218 47
10984 6218 47
10984 9882 26
10984 9882 42
10984 9882 32
10984 9882 44
10984 9555 26
10984 9555 15
10984 9555 56
10984 9555 42
10984 9881 56
10984 9881 49
10984 9881 3
10984 9881 52
10984 9887 40
10984 9887 28
10984 9887 45
10984 9887 14
10984 11292 44
10984 11292 15
10984 11292 23
10984 11292 47
10984 9970 1
10984 9970 27
10984 9970 42
10984 9970 37
10984 9556 37
10984 9556 51
10984 9556 14
10984 9556 5
10984 9771 55
10984 9771 38
10984 9771 14
10984 9771 3
10984 9685 42
10984 9685 36
10984 9685 53
10984 9685 36
10984 9883 45
10984 9883 38
10984 9883 7
10984 9883 21
10984 9884 15
10984 9884 45
10984 9884 35
10984 9884 50
10984 9972 31
10984 9972 14
10984 9972 33
10984 9972 34
10984 11328 33
10984 11328 58
10984 11328 53
10984 11328 43
10984 11320 30
10984 11320 8
10984 11320 0
10984 11320 57
10984 8572 53
10984 8572 38
10984 8572 3
10984 8572 21
10984 6080 17
10984 6080 31
10984 6080 44
10984 6080 34
10984 9686 21
10984 9686 44
10984 9686 57
10984 9686 33
10984 6076 46
10984 6076 17
10984 6076 2
10984 6076 50
10984 9772 17
10984 9772 15
10984 9772 31
10984 9772 15
10984 9885 31
10984 9885 8
10984 9885 35
10984 9885 22
10984 9971 43
10984 9971 1
10984 9971 51
10984 9971 43
10984 9978 24
10984 9978 57
10984 9978 37
10984 9978 12
10984 11329 59
10984 11329 41
10984 11329 2
10984 11329 2
10984 9888 16
10984 9888 55
10984 9888 36
10984 9888 4
10984 7955 54
10984 7955 24
10984 7955 53
10984 7955 41
10984 9553 15
10984 9553 27
10984 9553 0
10984 9553 28
10984 6079 7
10984 6079 57
10984 6079 41
10984 6079 12
10984 9687 33
10984 9687 4
10984 9687 5
10984 9687 16
10978 9689 36
10978 9689 15
10978 9689 10
10978 9689 9
10978 6219 13
10978 6219 58
10978 6219 54
10978 6219 5
10978 9886 33
10978 9886 53
10978 9886 20
10978 9886 15
10978 6218 45
10978 6218 59
10978 6218 49
10978 6218 58
10978 9882 18
10978 9882 37
10978 9882 15
10978 9882 54
10978 9555 36
10978 9555 33
10978 9555 1
10978 9555 4
10978 9881 7
10978 9881 2
10978 9881 53
10978 9881 20
10978 9887 47
10978 9887 41
10978 9887 32
10978 9887 15
10978 11292 55
10978 11292 33
10978 11292 4
10978 11292 42
10978 9970 6
10978 9970 6
10978 9970 47
10978 9970 38
10978 9556 21
10978 9556 14
10978 9556 53
10978 9556 12
10978 9771 3
10978 9771 56
10978 9771 32
10978 9771 21
10978 9685 3
10978 9685 7
10978 9685 5
10978 9685 18
10978 9883 50
10978 9883 46
10978 9883 2
10978 9883 9
10978 9884 27
10978 9884 37
10978 9884 27
10978 9884 45
10978 9972 39
10978 9972 18
10978 9972 20
10978 9972 7
10978 11328 7
10978 11328 28
10978 11328 21
10978 11328 30
10978 11320 34
10978 11320 2
10978 11320 22
10978 11320 46
10978 8572 39
10978 8572 19
10978 8572 53
10978 8572 41
10978 6080 22
10978 6080 11
10978 6080 18
10978 6080 36
10978 9686 21
10978 9686 28
10978 9686 21
10978 9686 13
10978 6076 34
10978 6076 38
10978 6076 36
10978 6076 9
10978 9772 35
10978 9772 8
10978 9772 24
10978 9772 58
10978 9885 16
10978 9885 24
10978 9885 18
10978 9885 15
10978 9971 20
10978 9971 55
10978 9971 12
10978 9971 55
10978 9978 46
10978 9978 47
10978 9978 35
10978 9978 59
10978 11329 51
10978 11329 31
10978 11329 10
10978 11329 47
10978 9888 58
10978 9888 20
10978 9888 14
10978 9888 6
10978 7955 8
10978 7955 38
10978 7955 59
10978 7955 44
10978 9553 7
10978 9553 60
10978 9553 40
10978 9553 32
10978 6079 53
10978 6079 52
10978 6079 60
10978 6079 41
10978 9687 44
10978 9687 44
10978 9687 49
10978 9687 21
10983 9689 18
10983 9689 42
10983 9689 55
10983 9689 12
10983 6219 36
10983 6219 0
10983 6219 43
10983 6219 27
10983 9886 29
10983 9886 13
10983 9886 49
10983 9886 28
10983 6218 23
10983 6218 5
10983 6218 21
10983 6218 38
10983 9882 49
10983 9882 3
10983 9882 8
10983 9882 43
10983 9555 17
10983 9555 6
10983 9555 3
10983 9555 28
10983 9881 36
10983 9881 43
10983 9881 11
10983 9881 32
10983 9887 58
10983 9887 57
10983 9887 30
10983 9887 37
10983 11292 5
10983 11292 8
10983 11292 12
10983 11292 54
10983 9970 29
10983 9970 55
10983 9970 12
10983 9970 39
10983 9556 47
10983 9556 32
10983 9556 26
10983 9556 30
10983 9771 4
10983 9771 33
10983 9771 15
10983 9771 39
10983 9685 38
10983 9685 1
10983 9685 8
10983 9685 0
10983 9883 22
10983 9883 41
10983 9883 21
10983 9883 4
10983 9884 32
10983 9884 20
10983 9884 16
10983 9884 59
10983 9972 16
10983 9972 41
10983 9972 53
10983 9972 51
10983 11328 42
10983 11328 24
10983 11328 37
10983 11328 53
10983 11320 43
10983 11320 51
10983 11320 58
10983 11320 16
10983 8572 0
10983 8572 42
10983 8572 12
10983 8572 46
10983 6080 26
10983 6080 59
10983 6080 16
10983 6080 25
10983 9686 0
10983 9686 39
10983 9686 51
10983 9686 48
10983 6076 44
10983 6076 12
10983 6076 36
10983 6076 21
10983 9772 33
10983 9772 58
10983 9772 32
10983 9772 21
10983 9885 49
10983 9885 4
10983 9885 21
10983 9885 12
10983 9971 46
10983 9971 0
10983 9971 32
10983 9971 38
10983 9978 53
10983 9978 30
10983 9978 43
10983 9978 22
10983 11329 48
10983 11329 25
10983 11329 51
10983 11329 8
10983 9888 2
10983 9888 45
10983 9888 52
10983 9888 52
10983 7955 1
10983 7955 16
10983 7955 33
10983 7955 7
10983 9553 17
10983 9553 20
10983 9553 52
10983 9553 51
10983 6079 49
10983 6079 29
10983 6079 14
10983 6079 4
10983 9687 16
10983 9687 21
10983 9687 10
10983 9687 3
10991 9689 46
10991 9689 40
10991 9689 16
10991 9689 52
10991 6219 49
10991 6219 47
10991 6219 9
10991 6219 43
10991 9886 44
10991 9886 40
10991 9886 9
10991 9886 51
10991 6218 16
10991 6218 12
10991 6218 54
10991 6218 53
10991 9882 18
10991 9882 34
10991 9882 39
10991 9882 1
10991 9555 23
10991 9555 30
10991 9555 59
10991 9555 4
10991 9881 46
10991 9881 7
10991 9881 21
10991 9881 1
10991 9887 0
10991 9887 11
10991 9887 12
10991 9887 41
10991 11292 40
10991 11292 55
10991 11292 3
10991 11292 28
10991 9970 60
10991 9970 10
10991 9970 32
10991 9970 24
10991 9556 53
10991 9556 14
10991 9556 16
10991 9556 1
10991 9771 50
10991 9771 28
10991 9771 22
10991 9771 8
10991 9685 41
10991 9685 44
10991 9685 23
10991 9685 51
10991 9883 36
10991 9883 27
10991 9883 8
10991 9883 39
10991 9884 46
10991 9884 51
10991 9884 50
10991 9884 33
10991 9972 44
10991 9972 57
10991 9972 14
10991 9972 55
10991 11328 30
10991 11328 0
10991 11328 57
10991 11328 57
10991 11320 22
10991 11320 25
10991 11320 44
10991 11320 36
10991 8572 23
10991 8572 53
10991 8572 56
10991 8572 7
10991 6080 51
10991 6080 47
10991 6080 9
10991 6080 49
10991 9686 43
10991 9686 3
10991 9686 32
10991 9686 38
10991 6076 15
10991 6076 13
10991 6076 8
10991 6076 5
10991 9772 38
10991 9772 48
10991 9772 6
10991 9772 10
10991 9885 44
10991 9885 36
10991 9885 56
10991 9885 14
10991 9971 35
10991 9971 6
10991 9971 6
10991 9971 14
10991 9978 12
10991 9978 6
10991 9978 4
10991 9978 28
10991 11329 40
10991 11329 24
10991 11329 52
10991 11329 50
10991 9888 60
10991 9888 59
10991 9888 18
10991 9888 20
10991 7955 50
10991 7955 56
10991 7955 13
10991 7955 54
10991 9553 21
10991 9553 18
10991 9553 18
10991 9553 6
10991 6079 24
10991 6079 35
10991 6079 55
10991 6079 54
10991 9687 13
10991 9687 16
10991 9687 40
10991 9687 10
10904 9689 20
10904 9689 46
10904 9689 39
10904 9689 12
10904 6219 5
10904 6219 59
10904 6219 37
10904 6219 19
10904 9886 11
10904 9886 32
10904 9886 5
10904 9886 39
10904 6218 41
10904 6218 0
10904 6218 23
10904 6218 40
10904 9882 3
10904 9882 7
10904 9882 58
10904 9882 35
10904 9555 46
10904 9555 25
10904 9555 50
10904 9555 3
10904 9881 47
10904 9881 58
10904 9881 38
10904 9881 1
10904 9887 12
10904 9887 13
10904 9887 24
10904 9887 10
10904 11292 46
10904 11292 47
10904 11292 1
10904 11292 28
10904 9970 0
10904 9970 13
10904 9970 35
10904 9970 50
10904 9556 18
10904 9556 28
10904 9556 17
10904 9556 14
10904 9771 3
10904 9771 31
10904 9771 12
10904 9771 22
10904 9685 60
10904 9685 1
10904 9685 5
10904 9685 40
10904 9883 4
10904 9883 1
10904 9883 20
10904 9883 30
10904 9884 53
10904 9884 2
10904 9884 35
10904 9884 38
10904 9972 16
10904 9972 2
10904 9972 16
10904 9972 44
10904 11328 17
10904 11328 36
10904 11328 23
10904 11328 56
10904 11320 10
10904 11320 13
10904 11320 36
10904 11320 30
10904 8572 43
10904 8572 19
10904 8572 11
10904 8572 60
10904 6080 54
10904 6080 56
10904 6080 40
10904 6080 25
10904 9686 1
10904 9686 17
10904 9686 27
10904 9686 36
10904 6076 41
10904 6076 13
10904 6076 57
10904 6076 53
10904 9772 18
10904 9772 55
10904 9772 13
10904 9772 31
10904 9885 30
10904 9885 5
10904 9885 28
10904 9885 41
10904 9971 26
10904 9971 24
10904 9971 9
10904 9971 48
10904 9978 17
10904 9978 28
10904 9978 30
10904 9978 55
10904 11329 31
10904 11329 32
10904 11329 54
10904 11329 13
10904 9888 15
10904 9888 11
10904 9888 17
10904 9888 47
10904 7955 43
10904 7955 21
10904 7955 53
10904 7955 18
10904 9553 30
10904 9553 32
10904 9553 3
10904 9553 52
10904 6079 6
10904 6079 49
10904 6079 52
10904 6079 15
10904 9687 3
10904 9687 24
10904 9687 17
10904 9687 42
10660 9689 14
10660 9689 8
10660 9689 5
10660 9689 7
10660 6219 15
10660 6219 1
10660 6219 57
10660 6219 10
10660 9886 34
10660 9886 33
10660 9886 11
10660 9886 57
10660 6218 0
10660 6218 57
10660 6218 45
10660 6218 34
10660 9882 2
10660 9882 38
10660 9882 5
10660 9882 12
10660 9555 26
10660 9555 9
10660 9555 3
10660 9555 16
10660 9881 34
10660 9881 59
10660 9881 32
10660 9881 40
10660 9887 17
10660 9887 6
10660 9887 58
10660 9887 58
10660 11292 56
10660 11292 38
10660 11292 5
10660 11292 28
10660 9970 52
10660 9970 51
10660 9970 53
10660 9970 30
10660 9556 18
10660 9556 48
10660 9556 12
10660 9556 39
10660 9771 6
10660 9771 34
10660 9771 57
10660 9771 51
10660 9685 37
10660 9685 27
10660 9685 56
10660 9685 25
10660 9883 46
10660 9883 9
10660 9883 47
10660 9883 1
10660 9884 49
10660 9884 2
10660 9884 8
10660 9884 25
10660 9972 7
10660 9972 40
10660 9972 15
10660 9972 5
10660 11328 43
10660 11328 19
10660 11328 14
10660 11328 41
10660 11320 28
10660 11320 49
10660 11320 14
10660 11320 5
10660 8572 30
10660 8572 59
10660 8572 45
10660 8572 30
10660 6080 34
10660 6080 8
10660 6080 58
10660 6080 39
10660 9686 33
10660 9686 56
10660 9686 1
10660 9686 28
10660 6076 12
10660 6076 47
10660 6076 25
10660 6076 56
10660 9772 15
10660 9772 58
10660 9772 49
10660 9772 6
10660 9885 37
10660 9885 31
10660 9885 39
10660 9885 11
10660 9971 36
10660 9971 34
10660 9971 48
10660 9971 14
10660 9978 29
10660 9978 25
10660 9978 51
10660 9978 37
10660 11329 24
10660 11329 6
10660 11329 1
10660 11329 56
10660 9888 33
10660 9888 33
10660 9888 28
10660 9888 6
10660 7955 4
10660 7955 53
10660 7955 59
10660 7955 28
10660 9553 7
10660 9553 34
10660 9553 58
10660 9553 0
10660 6079 51
10660 6079 51
10660 6079 23
10660 6079 21
10660 9687 44
10660 9687 10
10660 9687 57
10660 9687 54
10726 9689 5
10726 9689 25
10726 9689 31
10726 9689 38
10726 6219 15
10726 6219 40
10726 6219 39
10726 6219 5
10726 9886 41
10726 9886 22
10726 9886 57
10726 9886 30
10726 6218 21
10726 6218 32
10726 6218 20
10726 6218 8
10726 9882 5
10726 9882 5
10726 9882 0
10726 9882 19
10726 9555 55
10726 9555 2
10726 9555 36
10726 9555 23
10726 9881 33
10726 9881 39
10726 9881 47
10726 9881 56
10726 9887 42
10726 9887 36
10726 9887 48
10726 9887 51
10726 11292 51
10726 11292 7
10726 11292 13
10726 11292 49
10726 9970 6
10726 9970 37
10726 9970 20
10726 9970 43
10726 9556 1
10726 9556 24
10726 9556 37
10726 9556 21
10726 9771 54
10726 9771 48
10726 9771 22
10726 9771 50
10726 9685 18
10726 9685 5
10726 9685 39
10726 9685 1
10726 9883 15
10726 9883 8
10726 9883 22
10726 9883 44
10726 9884 13
10726 9884 18
10726 9884 50
10726 9884 24
10726 9972 12
10726 9972 29
10726 9972 29
10726 9972 44
10726 11328 42
10726 11328 18
10726 11328 44
10726 11328 40
10726 11320 6
10726 11320 0
10726 11320 16
10726 11320 12
10726 8572 1
10726 8572 2
10726 8572 46
10726 8572 3
10726 6080 35
10726 6080 59
10726 6080 27
10726 6080 0
10726 9686 31
10726 9686 7
10726 9686 46
10726 9686 36
10726 6076 7
10726 6076 52
10726 6076 15
10726 6076 19
10726 9772 45
10726 9772 54
10726 9772 21
10726 9772 46
10726 9885 40
10726 9885 35
10726 9885 45
10726 9885 19
10726 9971 31
10726 9971 26
10726 9971 31
10726 9971 38
10726 9978 31
10726 9978 15
10726 9978 55
10726 9978 27
10726 11329 19
10726 11329 24
10726 11329 4
10726 11329 36
10726 9888 20
10726 9888 42
10726 9888 39
10726 9888 38
10726 7955 28
10726 7955 31
10726 7955 17
10726 7955 4
10726 9553 57
10726 9553 22
10726 9553 24
10726 9553 26
10726 6079 38
10726 6079 41
10726 6079 9
10726 6079 58
10726 9687 54
10726 9687 42
10726 9687 40
10726 9687 58
10883 9689 46
10883 9689 20
10883 9689 24
10883 9689 34
10883 6219 12
10883 6219 24
10883 6219 35
10883 6219 30
10883 9886 58
10883 9886 1
10883 9886 12
10883 9886 1
10883 6218 11
10883 6218 19
10883 6218 34
10883 6218 22
10883 9882 23
10883 9882 57
10883 9882 39
10883 9882 40
10883 9555 56
10883 9555 31
10883 9555 60
10883 9555 8
10883 9881 55
10883 9881 60
10883 9881 12
10883 9881 39
10883 9887 53
10883 9887 44
10883 9887 52
10883 9887 39
10883 11292 29
10883 11292 7
10883 11292 43
10883 11292 33
10883 9970 29
10883 9970 28
10883 9970 47
10883 9970 28
10883 9556 53
10883 9556 31
10883 9556 39
10883 9556 30
10883 9771 5
10883 9771 45
10883 9771 16
10883 9771 24
10883 9685 36
10883 9685 22
10883 9685 7
10883 9685 11
10883 9883 19
10883 9883 48
10883 9883 26
10883 9883 19
10883 9884 34
10883 9884 14
10883 9884 54
10883 9884 39
10883 9972 28
10883 9972 48
10883 9972 20
10883 9972 6
10883 11328 31
10883 11328 59
10883 11328 40
10883 11328 24
10883 11320 4
10883 11320 39
10883 11320 47
10883 11320 59
10883 8572 12
10883 8572 46
10883 8572 16
10883 8572 42
10883 6080 59
10883 6080 16
10883 6080 44
10883 6080 46
10883 9686 7
10883 9686 56
10883 9686 44
10883 9686 10
10883 6076 35
10883 6076 17
10883 6076 58
10883 6076 52
10883 9772 26
10883 9772 18
10883 9772 37
10883 9772 25
10883 9885 46
10883 9885 37
10883 9885 1
10883 9885 43
10883 9971 41
10883 9971 21
10883 9971 56
10883 9971 1
10883 9978 53
10883 9978 57
10883 9978 12
10883 9978 52
10883 11329 43
10883 11329 39
10883 11329 51
10883 11329 50
10883 9888 52
10883 9888 4
10883 9888 36
10883 9888 20
10883 7955 31
10883 7955 0
10883 7955 34
10883 7955 38
10883 9553 13
10883 9553 16
10883 9553 7
10883 9553 20
10883 6079 22
10883 6079 5
10883 6079 29
10883 6079 33
10883 9687 23
10883 9687 54
10883 9687 49
10883 9687 42
10982 9689 9
10982 9689 0
10982 9689 45
10982 9689 32
10982 6219 2
10982 6219 29
10982 6219 57
10982 6219 35
10982 9886 59
10982 9886 26
10982 9886 47
10982 9886 36
10982 6218 28
10982 6218 58
10982 6218 35
10982 6218 18
10982 9882 5
10982 9882 51
10982 9882 10
10982 9882 49
10982 9555 28
10982 9555 33
10982 9555 13
10982 9555 20
10982 9881 12
10982 9881 9
10982 9881 16
10982 9881 23
10982 9887 15
10982 9887 34
10982 9887 36
10982 9887 37
10982 11292 23
10982 11292 53
10982 11292 51
10982 11292 21
10982 9970 6
10982 9970 21
10982 9970 42
10982 9970 10
10982 9556 53
10982 9556 7
10982 9556 33
10982 9556 11
10982 9771 3
10982 9771 12
10982 9771 44
10982 9771 57
10982 9685 6
10982 9685 19
10982 9685 11
10982 9685 59
10982 9883 21
10982 9883 39
10982 9883 36
10982 9883 48
10982 9884 11
10982 9884 58
10982 9884 42
10982 9884 33
10982 9972 47
10982 9972 13
10982 9972 58
10982 9972 3
10982 11328 40
10982 11328 6
10982 11328 1
10982 11328 40
10982 11320 42
10982 11320 60
10982 11320 44
10982 11320 28
10982 8572 32
10982 8572 18
10982 8572 8
10982 8572 39
10982 6080 39
10982 6080 43
10982 6080 49
10982 6080 41
10982 9686 29
10982 9686 27
10982 9686 53
10982 9686 43
10982 6076 31
10982 6076 55
10982 6076 35
10982 6076 18
10982 9772 40
10982 9772 48
10982 9772 44
10982 9772 17
10982 9885 46
10982 9885 31
10982 9885 32
10982 9885 50
10982 9971 60
10982 9971 14
10982 9971 59
10982 9971 31
10982 9978 51
10982 9978 10
10982 9978 7
10982 9978 2
10982 11329 51
10982 11329 29
10982 11329 19
10982 11329 57
10982 9888 60
10982 9888 39
10982 9888 42
10982 9888 22
10982 7955 57
10982 7955 60
10982 7955 52
10982 7955 13
10982 9553 15
10982 9553 14
10982 9553 17
10982 9553 56
10982 6079 27
10982 6079 20
10982 6079 31
10982 6079 42
10982 9687 7
10982 9687 28
10982 9687 55
10982 9687 60
10993 9689 23
10993 9689 10
10993 9689 39
10993 9689 4
10993 6219 54
10993 6219 4
10993 6219 12
10993 6219 27
10993 9886 57
10993 9886 25
10993 9886 27
10993 9886 0
10993 6218 53
10993 6218 24
10993 6218 12
10993 6218 46
10993 9882 43
10993 9882 40
10993 9882 11
10993 9882 11
10993 9555 38
10993 9555 26
10993 9555 46
10993 9555 20
10993 9881 18
10993 9881 51
10993 9881 30
10993 9881 59
10993 9887 51
10993 9887 24
10993 9887 50
10993 9887 50
10993 11292 3
10993 11292 49
10993 11292 23
10993 11292 33
10993 9970 45
10993 9970 51
10993 9970 55
10993 9970 4
10993 9556 3
10993 9556 29
10993 9556 16
10993 9556 9
10993 9771 17
10993 9771 9
10993 9771 21
10993 9771 55
10993 9685 5
10993 9685 33
10993 9685 46
10993 9685 21
10993 9883 38
10993 9883 19
10993 9883 0
10993 9883 49
10993 9884 52
10993 9884 24
10993 9884 40
10993 9884 12
10993 9972 37
10993 9972 26
10993 9972 47
10993 9972 27
10993 11328 28
10993 11328 53
10993 11328 29
10993 11328 36
10993 11320 53
10993 11320 32
10993 11320 51
10993 11320 0
10993 8572 5
10993 8572 32
10993 8572 37
10993 8572 14
10993 6080 31
10993 6080 60
10993 6080 54
10993 6080 30
10993 9686 30
10993 9686 21
10993 9686 28
10993 9686 20
10993 6076 6
10993 6076 45
10993 6076 52
10993 6076 14
10993 9772 28
10993 9772 27
10993 9772 16
10993 9772 22
10993 9885 23
10993 9885 8
10993 9885 5
10993 9885 0
10993 9971 60
10993 9971 10
10993 9971 33
10993 9971 28
10993 9978 60
10993 9978 20
10993 9978 52
10993 9978 27
10993 11329 39
10993 11329 54
10993 11329 27
10993 11329 55
10993 9888 37
10993 9888 31
10993 9888 38
10993 9888 33
10993 7955 4
10993 7955 0
10993 7955 13
10993 7955 53
10993 9553 35
10993 9553 9
10993 9553 33
10993 9553 20
10993 6079 22
10993 6079 12
10993 6079 37
10993 6079 24
10993 9687 37
10993 9687 51
10993 9687 27
10993 9687 49
10994 9689 56
10994 9689 6
10994 9689 2
10994 9689 53
10994 6219 33
10994 6219 34
10994 6219 20
10994 6219 16
10994 9886 4
10994 9886 29
10994 9886 19
10994 9886 12
10994 6218 19
10994 6218 18
10994 6218 51
10994 6218 26
10994 9882 52
10994 9882 48
10994 9882 34
10994 9882 6
10994 9555 49
10994 9555 48
10994 9555 60
10994 9555 9
10994 9881 47
10994 9881 60
10994 9881 36
10994 9881 42
10994 9887 7
10994 9887 13
10994 9887 6
10994 9887 47
10994 11292 18
10994 11292 36
10994 11292 53
10994 11292 3
10994 9970 10
10994 9970 47
10994 9970 2
10994 9970 59
10994 9556 53
10994 9556 49
10994 9556 14
10994 9556 46
10994 9771 50
10994 9771 55
10994 9771 38
10994 9771 3
10994 9685 36
10994 9685 59
10994 9685 39
10994 9685 53
10994 9883 30
10994 9883 3
10994 9883 13
10994 9883 5
10994 9884 49
10994 9884 4
10994 9884 17
10994 9884 6
10994 9972 27
10994 9972 23
10994 9972 43
10994 9972 52
10994 11328 36
10994 11328 35
10994 11328 12
10994 11328 14
10994 11320 53
10994 11320 4
10994 11320 18
10994 11320 5
10994 8572 21
10994 8572 51
10994 8572 14
10994 8572 9
10994 6080 0
10994 6080 58
10994 6080 1
10994 6080 22
10994 9686 16
10994 9686 32
10994 9686 49
10994 9686 14
10994 6076 44
10994 6076 6
10994 6076 11
10994 6076 0
10994 9772 11
10994 9772 43
10994 9772 44
10994 9772 46
10994 9885 10
10994 9885 39
10994 9885 16
10994 9885 37
10994 9971 42
10994 9971 39
10994 9971 54
10994 9971 15
10994 9978 40
10994 9978 4
10994 9978 21
10994 9978 12
10994 11329 44
10994 11329 39
10994 11329 7
10994 11329 24
10994 9888 47
10994 9888 3
10994 9888 32
10994 9888 7
10994 7955 3
10994 7955 52
10994 7955 5
10994 7955 58
10994 9553 27
10994 9553 60
10994 9553 9
10994 9553 11
10994 6079 13
10994 6079 60
10994 6079 11
10994 6079 55
10994 9687 2
10994 9687 38
10994 9687 31
10994 9687 29
10992 9689 57
10992 9689 58
10992 9689 60
10992 9689 37
10992 6219 36
10992 6219 58
10992 6219 11
10992 6219 1
10992 9886 3
10992 9886 37
10992 9886 14
10992 9886 59
10992 6218 13
10992 6218 29
10992 6218 37
10992 6218 32
10992 9882 7
10992 9882 17
10992 9882 51
10992 9882 10
10992 9555 34
10992 9555 25
10992 9555 29
10992 9555 6
10992 9881 1
10992 9881 54
10992 9881 56
10992 9881 17
10992 9887 3
10992 9887 37
10992 9887 48
10992 9887 43
10992 11292 29
10992 11292 13
10992 11292 39
10992 11292 46
10992 9970 3
10992 9970 23
10992 9970 37
10992 9970 10
10992 9556 8
10992 9556 11
10992 9556 30
10992 9556 48
10992 9771 41
10992 9771 14
10992 9771 10
10992 9771 51
10992 9685 36
10992 9685 58
10992 9685 54
10992 9685 2
10992 9883 52
10992 9883 0
10992 9883 27
10992 9883 4
10992 9884 19
10992 9884 14
10992 9884 48
10992 9884 55
10992 9972 1
10992 9972 45
10992 9972 20
10992 9972 51
10992 11328 59
10992 11328 50
10992 11328 18
10992 11328 47
10992 11320 14
10992 11320 32
10992 11320 36
10992 11320 23
10992 8572 27
10992 8572 6
10992 8572 60
10992 8572 1
10992 6080 30
10992 6080 36
10992 6080 36
10992 6080 12
10992 9686 42
10992 9686 59
10992 9686 36
10992 9686 0
10992 6076 40
10992 6076 32
10992 6076 6
10992 6076 22
10992 9772 41
10992 9772 12
10992 9772 35
10992 9772 13
10992 9885 55
10992 9885 24
10992 9885 52
10992 9885 54
10992 9971 52
10992 9971 58
10992 9971 27
10992 9971 11
10992 9978 54
10992 9978 12
10992 9978 42
10992 9978 32
10992 11329 50
10992 11329 34
10992 11329 57
10992 11329 2
10992 9888 29
10992 9888 45
10992 9888 59
10992 9888 48
10992 7955 39
10992 7955 3
10992 7955 4
10992 7955 33
10992 9553 3
10992 9553 23
10992 9553 20
10992 9553 25
10992 6079 54
10992 6079 51
10992 6079 23
10992 6079 11
10992 9687 51
10992 9687 26
10992 9687 33
10992 9687 2
10901 9689 21
10901 9689 1
10901 9689 0
10901 9689 14
10901 6219 11
10901 6219 35
10901 6219 52
10901 6219 12
10901 9886 52
10901 9886 59
10901 9886 59
10901 9886 37
10901 6218 10
10901 6218 7
10901 6218 52
10901 6218 5
10901 9882 0
10901 9882 25
10901 9882 19
10901 9882 40
10901 9555 57
10901 9555 2
10901 9555 59
10901 9555 10
10901 9881 13
10901 9881 48
10901 9881 20
10901 9881 53
10901 9887 14
10901 9887 49
10901 9887 52
10901 9887 44
10901 11292 6
10901 11292 18
10901 11292 55
10901 11292 49
10901 9970 3
10901 9970 25
10901 9970 2
10901 9970 14
10901 9556 49
10901 9556 35
10901 9556 11
10901 9556 31
10901 9771 26
10901 9771 18
10901 9771 25
10901 9771 2
10901 9685 55
10901 9685 1
10901 9685 59
10901 9685 56
10901 9883 11
10901 9883 36
10901 9883 54
10901 9883 37
10901 9884 31
10901 9884 37
10901 9884 28
10901 9884 24
10901 9972 8
10901 9972 57
10901 9972 52
10901 9972 2
10901 11328 53
10901 11328 35
10901 11328 52
10901 11328 38
10901 11320 25
10901 11320 16
10901 11320 20
10901 11320 19
10901 8572 50
10901 8572 45
10901 8572 36
10901 8572 37
10901 6080 6
10901 6080 31
10901 6080 43
10901 6080 37
10901 9686 15
10901 9686 11
10901 9686 47
10901 9686 27
10901 6076 9
10901 6076 47
10901 6076 20
10901 6076 21
10901 9772 7
10901 9772 14
10901 9772 43
10901 9772 55
10901 9885 58
10901 9885 47
10901 9885 55
10901 9885 60
10901 9971 3
10901 9971 7
10901 9971 0
10901 9971 26
10901 9978 13
10901 9978 34
10901 9978 33
10901 9978 52
10901 11329 36
10901 11329 18
10901 11329 1
10901 11329 46
10901 9888 55
10901 9888 38
10901 9888 45
10901 9888 29
10901 7955 57
10901 7955 10
10901 7955 33
10901 7955 18
10901 9553 22
10901 9553 16
10901 9553 4
10901 9553 47
10901 6079 1
10901 6079 1
10901 6079 32
10901 6079 60
10901 9687 45
10901 9687 54
10901 9687 7
10901 9687 49
10659 9689 31
10659 9689 40
10659 9689 16
10659 9689 2
10659 6219 0
10659 6219 38
10659 6219 4
10659 6219 9
10659 9886 47
10659 9886 21
10659 9886 20
10659 9886 31
10659 6218 48
10659 6218 20
10659 6218 12
10659 6218 49
10659 9882 60
10659 9882 7
10659 9882 7
10659 9882 24
10659 9555 28
10659 9555 10
10659 9555 29
10659 9555 37
10659 9881 13
10659 9881 51
10659 9881 49
10659 9881 26
10659 9887 24
10659 9887 46
10659 9887 47
10659 9887 30
10659 11292 9
10659 11292 5
10659 11292 1
10659 11292 35
10659 9970 14
10659 9970 8
10659 9970 11
10659 9970 18
10659 9556 9
10659 9556 56
10659 9556 23
10659 9556 16
10659 9771 20
10659 9771 26
10659 9771 36
10659 9771 9
10659 9685 27
10659 9685 41
10659 9685 27
10659 9685 18
10659 9883 49
10659 9883 25
10659 9883 17
10659 9883 54
10659 9884 23
10659 9884 30
10659 9884 46
10659 9884 56
10659 9972 55
10659 9972 56
10659 9972 0
10659 9972 27
10659 11328 16
10659 11328 16
10659 11328 34
10659 11328 28
10659 11320 34
10659 11320 35
10659 11320 8
10659 11320 0
10659 8572 56
10659 8572 4
10659 8572 7
10659 8572 18
10659 6080 24
10659 6080 55
10659 6080 49
10659 6080 42
10659 9686 41
10659 9686 37
10659 9686 36
10659 9686 29
10659 6076 50
10659 6076 11
10659 6076 43
10659 6076 26
10659 9772 18
10659 9772 42
10659 9772 51
10659 9772 46
10659 9885 47
10659 9885 8
10659 9885 17
10659 9885 37
10659 9971 46
10659 9971 15
10659 9971 41
10659 9971 47
10659 9978 7
10659 9978 37
10659 9978 12
10659 9978 9
10659 11329 5
10659 11329 22
10659 11329 60
10659 11329 52
10659 9888 11
10659 9888 54
10659 9888 58
10659 9888 49
10659 7955 2
10659 7955 49
10659 7955 2
10659 7955 45
10659 9553 18
10659 9553 33
10659 9553 1
10659 9553 18
10659 6079 38
10659 6079 42
10659 6079 2
10659 6079 38
10659 9687 13
10659 9687 50
10659 9687 24
10659 9687 10
10661 9689 30
10661 9689 31
10661 9689 1
10661 9689 50
10661 6219 37
10661 6219 46
10661 6219 34
10661 6219 58
10661 9886 54
10661 9886 57
10661 9886 36
10661 9886 59
10661 6218 53
10661 6218 54
10661 6218 54
10661 6218 42
10661 9882 40
10661 9882 20
10661 9882 2
10661 9882 54
10661 9555 41
10661 9555 22
10661 9555 22
10661 9555 13
10661 9881 39
10661 9881 56
10661 9881 34
10661 9881 9
10661 9887 24
10661 9887 24
10661 9887 29
10661 9887 49
10661 11292 43
10661 11292 9
10661 11292 15
10661 11292 53
10661 9970 10
10661 9970 18
10661 9970 4
10661 9970 2
10661 9556 31
10661 9556 11
10661 9556 55
10661 9556 8
10661 9771 2
10661 9771 8
10661 9771 17
10661 9771 29
10661 9685 17
10661 9685 40
10661 9685 26
10661 9685 5
10661 9883 14
10661 9883 9
10661 9883 8
10661 9883 9
10661 9884 25
10661 9884 38
10661 9884 55
10661 9884 48
10661 9972 10
10661 9972 4
10661 9972 31
10661 9972 30
10661 11328 47
10661 11328 59
10661 11328 7
10661 11328 28
10661 11320 5
10661 11320 29
10661 11320 9
10661 11320 43
10661 8572 45
10661 8572 12
10661 8572 54
10661 8572 46
10661 6080 55
10661 6080 57
10661 6080 18
10661 6080 2
10661 9686 58
10661 9686 16
10661 9686 23
10661 9686 27
10661 6076 33
10661 6076 35
10661 6076 2
10661 6076 10
10661 9772 30
10661 9772 44
10661 9772 58
10661 9772 28
10661 9885 4
10661 9885 53
10661 9885 38
10661 9885 36
10661 9971 54
10661 9971 25
10661 9971 45
10661 9971 48
10661 9978 23
10661 9978 42
10661 9978 53
10661 9978 14
10661 11329 59
10661 11329 15
10661 11329 57
10661 11329 55
10661 9888 11
10661 9888 14
10661 9888 7
10661 9888 38
10661 7955 16
10661 7955 44
10661 7955 30
10661 7955 42
10661 9553 56
10661 9553 30
10661 9553 44
10661 9553 7
10661 6079 51
10661 6079 2
10661 6079 53
10661 6079 50
10661 9687 51
10661 9687 2
10661 9687 22
10661 9687 21
10725 9689 46
10725 9689 27
10725 9689 38
10725 9689 45
10725 6219 52
10725 6219 30
10725 6219 10
10725 6219 55
10725 9886 32
10725 9886 11
10725 9886 7
10725 9886 22
10725 6218 10
10725 6218 40
10725 6218 13
10725 6218 58
10725 9882 21
10725 9882 25
10725 9882 6
10725 9882 3
10725 9555 14
10725 9555 20
10725 9555 55
10725 9555 8
10725 9881 3
10725 9881 51
10725 9881 13
10725 9881 46
10725 9887 50
10725 9887 19
10725 9887 13
10725 9887 9
10725 11292 14
10725 11292 5
10725 11292 48
10725 11292 25
10725 9970 36
10725 9970 13
10725 9970 10
10725 9970 48
10725 9556 41
10725 9556 5
10725 9556 53
10725 9556 35
10725 9771 43
10725 9771 28
10725 9771 12
10725 9771 17
10725 9685 30
10725 9685 31
10725 9685 23
10725 9685 37
10725 9883 35
10725 9883 52
10725 9883 4
10725 9883 29
10725 9884 7
10725 9884 55
10725 9884 45
10725 9884 60
10725 9972 10
10725 9972 29
10725 9972 25
10725 9972 36
10725 11328 29
10725 11328 9
10725 11328 56
10725 11328 34
10725 11320 27
10725 11320 21
10725 11320 3
10725 11320 9
10725 8572 10
10725 8572 27
10725 8572 22
10725 8572 55
10725 6080 57
10725 6080 3
10725 6080 56
10725 6080 9
10725 9686 14
10725 9686 14
10725 9686 56
10725 9686 45
10725 6076 57
10725 6076 46
10725 6076 58
10725 6076 43
10725 9772 51
10725 9772 22
10725 9772 57
10725 9772 37
10725 9885 4
10725 9885 41
10725 9885 23
10725 9885 37
10725 9971 14
10725 9971 18
10725 9971 1
10725 9971 1
10725 9978 21
10725 9978 46
10725 9978 7
10725 9978 58
10725 11329 55
10725 11329 29
10725 11329 55
10725 11329 15
10725 9888 19
10725 9888 31
10725 9888 29
10725 9888 18
10725 7955 35
10725 7955 47
10725 7955 28
10725 7955 56
10725 9553 44
10725 9553 59
10725 9553 41
10725 9553 34
10725 6079 31
10725 6079 15
10725 6079 39
10725 6079 21
10725 9687 41
10725 9687 25
10725 9687 39
10725 9687 33
10727 9689 22
10727 9689 10
10727 9689 45
10727 9689 13
10727 6219 14
10727 6219 43
10727 6219 20
10727 6219 53
10727 9886 7
10727 9886 21
10727 9886 41
10727 9886 48
10727 6218 35
10727 6218 16
10727 6218 12
10727 6218 37
10727 9882 59
10727 9882 33
10727 9882 36
10727 9882 24
10727 9555 43
10727 9555 42
10727 9555 37
10727 9555 60
10727 9881 43
10727 9881 28
10727 9881 41
10727 9881 40
10727 9887 12
10727 9887 13
10727 9887 10
10727 9887 1
10727 11292 35
10727 11292 45
10727 11292 20
10727 11292 39
10727 9970 51
10727 9970 15
10727 9970 46
10727 9970 28
10727 9556 19
10727 9556 24
10727 9556 13
10727 9556 7
10727 9771 54
10727 9771 18
10727 9771 30
10727 9771 26
10727 9685 6
10727 9685 52
10727 9685 49
10727 9685 22
10727 9883 57
10727 9883 36
10727 9883 37
10727 9883 10
10727 9884 17
10727 9884 53
10727 9884 40
10727 9884 2
10727 9972 55
10727 9972 42
10727 9972 36
10727 9972 44
10727 11328 52
10727 11328 40
10727 11328 38
10727 11328 35
10727 11320 58
10727 11320 10
10727 11320 45
10727 11320 60
10727 8572 16
10727 8572 26
10727 8572 10
10727 8572 26
10727 6080 57
10727 6080 45
10727 6080 49
10727 6080 4
10727 9686 37
10727 9686 55
10727 9686 12
10727 9686 34
10727 6076 47
10727 6076 38
10727 6076 58
10727 6076 18
10727 9772 27
10727 9772 44
10727 9772 34
10727 9772 13
10727 9885 19
10727 9885 56
10727 9885 15
10727 9885 52
10727 9971 52
10727 9971 32
10727 9971 37
10727 9971 5
10727 9978 2
10727 9978 31
10727 9978 45
10727 9978 24
10727 11329 31
10727 11329 22
10727 11329 25
10727 11329 26
10727 9888 5
10727 9888 59
10727 9888 8
10727 9888 0
10727 7955 30
10727 7955 59
10727 7955 45
10727 7955 38
10727 9553 7
10727 9553 5
10727 9553 57
10727 9553 12
10727 6079 20
10727 6079 21
10727 6079 13
10727 6079 21
10727 9687 28
10727 9687 21
10727 9687 25
10727 9687 15
10884 9689 58
10884 9689 41
10884 9689 13
10884 9689 11
10884 6219 52
10884 6219 45
10884 6219 40
10884 6219 33
10884 9886 37
10884 9886 31
10884 9886 32
10884 9886 4
10884 6218 5
10884 6218 33
10884 6218 14
10884 6218 26
10884 9882 55
10884 9882 24
10884 9882 24
10884 9882 44
10884 9555 32
10884 9555 30
10884 9555 15
10884 9555 8
10884 9881 5
10884 9881 37
10884 9881 16
10884 9881 3
10884 9887 7
10884 9887 26
10884 9887 14
10884 9887 33
10884 11292 16
10884 11292 57
10884 11292 38
10884 11292 34
10884 9970 56
10884 9970 1
10884 9970 12
10884 9970 50
10884 9556 57
10884 9556 20
10884 9556 8
10884 9556 7
10884 9771 59
10884 9771 2
10884 9771 4
10884 9771 43
10884 9685 30
10884 9685 12
10884 9685 60
10884 9685 45
10884 9883 17
10884 9883 26
10884 9883 30
10884 9883 51
10884 9884 21
10884 9884 27
10884 9884 21
10884 9884 49
10884 9972 11
10884 9972 55
10884 9972 29
10884 9972 40
10884 11328 55
10884 11328 43
10884 11328 32
10884 11328 49
10884 11320 41
10884 11320 19
10884 11320 36
10884 11320 8
10884 8572 29
10884 8572 44
10884 8572 13
10884 8572 41
10884 6080 5
10884 6080 58
10884 6080 51
10884 6080 21
10884 9686 54
10884 9686 43
10884 9686 14
10884 9686 12
10884 6076 35
10884 6076 35
10884 6076 6
10884 6076 19
10884 9772 53
10884 9772 13
10884 9772 30
10884 9772 57
10884 9885 33
10884 9885 8
10884 9885 19
10884 9885 9
10884 9971 10
10884 9971 33
10884 9971 42
10884 9971 10
10884 9978 10
10884 9978 8
10884 9978 9
10884 9978 3
10884 11329 42
10884 11329 39
10884 11329 39
10884 11329 48
10884 9888 19
10884 9888 32
10884 9888 23
10884 9888 54
10884 7955 41
10884 7955 40
10884 7955 34
10884 7955 10
10884 9553 20
10884 9553 41
10884 9553 42
10884 9553 51
10884 6079 57
10884 6079 56
10884 6079 57
10884 6079 22
10884 9687 58
10884 9687 58
10884 9687 43
10884 9687 30
10981 9689 48
10981 9689 48
10981 9689 46
10981 9689 34
10981 6219 54
10981 6219 18
10981 6219 17
10981 6219 25
10981 9886 33
10981 9886 6
10981 9886 15
10981 9886 49
10981 6218 37
10981 6218 39
10981 6218 5
10981 6218 28
10981 9882 53
10981 9882 25
10981 9882 46
10981 9882 22
10981 9555 10
10981 9555 35
10981 9555 60
10981 9555 17
10981 9881 59
10981 9881 25
10981 9881 22
10981 9881 13
10981 9887 18
10981 9887 33
10981 9887 6
10981 9887 53
10981 11292 14
10981 11292 29
10981 11292 41
10981 11292 56
10981 9970 14
10981 9970 27
10981 9970 34
10981 9970 41
10981 9556 22
10981 9556 59
10981 9556 30
10981 9556 12
10981 9771 22
10981 9771 59
10981 9771 14
10981 9771 55
10981 9685 4
10981 9685 14
10981 9685 22
10981 9685 1
10981 9883 51
10981 9883 38
10981 9883 8
10981 9883 1
10981 9884 23
10981 9884 50
10981 9884 6
10981 9884 10
10981 9972 57
10981 9972 58
10981 9972 0
10981 9972 54
10981 11328 24
10981 11328 57
10981 11328 11
10981 11328 14
10981 11320 30
10981 11320 36
10981 11320 9
10981 11320 50
10981 8572 49
10981 8572 40
10981 8572 1
10981 8572 7
10981 6080 27
10981 6080 59
10981 6080 18
10981 6080 56
10981 9686 35
10981 9686 48
10981 9686 36
10981 9686 3
10981 6076 52
10981 6076 40
10981 6076 57
10981 6076 34
10981 9772 13
10981 9772 52
10981 9772 44
10981 9772 11
10981 9885 5
10981 9885 53
10981 9885 34
10981 9885 29
10981 9971 56
10981 9971 11
10981 9971 0
10981 9971 9
10981 9978 30
10981 9978 32
10981 9978 2
10981 9978 59
10981 11329 5
10981 11329 27
10981 11329 47
10981 11329 35
10981 9888 24
10981 9888 46
10981 9888 19
10981 9888 17
10981 7955 36
10981 7955 46
10981 7955 17
10981 7955 10
10981 9553 41
10981 9553 39
10981 9553 44
10981 9553 30
10981 6079 59
10981 6079 22
10981 6079 16
10981 6079 17
10981 9687 27
10981 9687 46
10981 9687 48
10981 9687 2
10985 9689 32
10985 9689 26
10985 9689 56
10985 9689 30
10985 6219 24
10985 6219 14
10985 6219 24
10985 6219 40
10985 9886 49
10985 9886 44
10985 9886 8
10985 9886 16
10985 6218 30
10985 6218 50
10985 6218 14
10985 6218 20
10985 9882 50
10985 9882 45
10985 9882 34
10985 9882 52
10985 9555 32
10985 9555 34
10985 9555 1
10985 9555 0
10985 9881 26
10985 9881 48
10985 9881 54
10985 9881 48
10985 9887 20
10985 9887 7
10985 9887 19
10985 9887 33
10985 11292 52
10985 11292 18
10985 11292 33
10985 11292 45
10985 9970 8
10985 9970 27
10985 9970 0
10985 9970 52
10985 9556 60
10985 9556 14
10985 9556 21
10985 9556 18
10985 9771 32
10985 9771 39
10985 9771 2
10985 9771 54
10985 9685 37
10985 9685 16
10985 9685 35
10985 9685 12
10985 9883 10
10985 9883 4
10985 9883 30
10985 9883 37
10985 9884 39
10985 9884 9
10985 9884 50
10985 9884 50
10985 9972 35
10985 9972 53
10985 9972 6
10985 9972 51
10985 11328 19
10985 11328 48
10985 11328 20
10985 11328 49
10985 11320 35
10985 11320 14
10985 11320 41
10985 11320 54
10985 8572 9
10985 8572 37
10985 8572 43
10985 8572 36
10985 6080 32
10985 6080 52
10985 6080 49
10985 6080 58
10985 9686 48
10985 9686 52
10985 9686 33
10985 9686 21
10985 6076 37
10985 6076 25
10985 6076 46
10985 6076 28
10985 9772 32
10985 9772 45
10985 9772 60
10985 9772 17
10985 9885 57
10985 9885 60
10985 9885 54
10985 9885 1
10985 9971 49
10985 9971 33
10985 9971 58
10985 9971 24
10985 9978 12
10985 9978 25
10985 9978 23
10985 9978 22
10985 11329 4
10985 11329 4
10985 11329 33
10985 11329 26
10985 9888 27
10985 9888 24
10985 9888 32
10985 9888 56
10985 7955 16
10985 7955 51
10985 7955 46
10985 7955 0
10985 9553 20
10985 9553 11
10985 9553 43
10985 9553 37
10985 6079 13
10985 6079 37
10985 6079 47
10985 6079 36
10985 9687 6
10985 9687 0
10985 9687 7
10985 9687 49
11027 9689 26
11027 9689 37
11027 9689 10
11027 9689 58
11027 6219 51
11027 6219 1
11027 6219 11
11027 6219 37
11027 9886 26
11027 9886 7
11027 9886 8
11027 9886 41
11027 6218 2
11027 6218 45
11027 6218 16
11027 6218 56
11027 9882 45
11027 9882 42
11027 9882 1
11027 9882 45
11027 9555 58
11027 9555 11
11027 9555 57
11027 9555 16
11027 9881 13
11027 9881 27
11027 9881 56
11027 9881 2
11027 9887 17
11027 9887 35
11027 9887 58
11027 9887 13
11027 11292 58
11027 11292 46
11027 11292 4
11027 11292 36
11027 9970 14
11027 9970 30
11027 9970 54
11027 9970 18
11027 9556 33
11027 9556 4
11027 9556 12
11027 9556 50
11027 9771 29
11027 9771 20
11027 9771 16
11027 9771 39
11027 9685 17
11027 9685 42
11027 9685 43
11027 9685 4
11027 9883 6
11027 9883 6
11027 9883 33
11027 9883 42
11027 9884 48
11027 9884 38
11027 9884 33
11027 9884 59
11027 9972 27
11027 9972 24
11027 9972 59
11027 9972 4
11027 11328 60
11027 11328 16
11027 11328 57
11027 11328 6
11027 11320 1
11027 11320 35
11027 11320 59
11027 11320 37
11027 8572 21
11027 8572 45
11027 8572 45
11027 8572 23
11027 6080 43
11027 6080 2
11027 6080 24
11027 6080 31
11027 9686 45
11027 9686 4
11027 9686 19
11027 9686 57
11027 6076 29
11027 6076 42
11027 6076 27
11027 6076 1
11027 9772 59
11027 9772 2
11027 9772 29
11027 9772 16
11027 9885 53
11027 9885 36
11027 9885 38
11027 9885 46
11027 9971 50
11027 9971 15
11027 9971 8
11027 9971 7
11027 9978 54
11027 9978 7
11027 9978 53
11027 9978 13
11027 11329 55
11027 11329 16
11027 11329 29
11027 11329 26
11027 9888 47
11027 9888 55
11027 9888 12
11027 9888 17
11027 7955 38
11027 7955 56
11027 7955 56
11027 7955 6
11027 9553 42
11027 9553 2
11027 9553 59
11027 9553 57
11027 6079 17
11027 6079 50
11027 6079 15
11027 6079 59
11027 9687 25
11027 9687 6
11027 9687 9
11027 9687 8
10996 9689 2
10996 9689 46
10996 9689 17
10996 9689 27
10996 6219 54
10996 6219 11
10996 6219 58
10996 6219 14
10996 9886 48
10996 9886 11
10996 9886 5
10996 9886 47
10996 6218 20
10996 6218 37
10996 6218 45
10996 6218 51
10996 9882 3
10996 9882 4
10996 9882 17
10996 9882 45
10996 9555 15
10996 9555 31
10996 9555 42
10996 9555 11
10996 9881 42
10996 9881 44
10996 9881 37
10996 9881 41
10996 9887 60
10996 9887 25
10996 9887 38
10996 9887 19
10996 11292 4
10996 11292 27
10996 11292 6
10996 11292 1
10996 9970 45
10996 9970 46
10996 9970 20
10996 9970 11
10996 9556 21
10996 9556 14
10996 9556 24
10996 9556 53
10996 9771 21
10996 9771 20
10996 9771 25
10996 9771 39
10996 9685 41
10996 9685 43
10996 9685 52
10996 9685 30
10996 9883 42
10996 9883 46
10996 9883 34
10996 9883 26
10996 9884 14
10996 9884 47
10996 9884 55
10996 9884 58
10996 9972 21
10996 9972 28
10996 9972 51
10996 9972 23
10996 11328 14
10996 11328 11
10996 11328 27
10996 11328 2
10996 11320 14
10996 11320 12
10996 11320 28
10996 11320 28
10996 8572 42
10996 8572 12
10996 8572 58
10996 8572 47
10996 6080 27
10996 6080 42
10996 6080 9
10996 6080 52
10996 9686 18
10996 9686 40
10996 9686 22
10996 9686 34
10996 6076 37
10996 6076 57
10996 6076 7
10996 6076 60
10996 9772 22
10996 9772 43
10996 9772 35
10996 9772 12
10996 9885 52
10996 9885 29
10996 9885 55
10996 9885 60
10996 9971 15
10996 9971 3
10996 9971 20
10996 9971 56
10996 9978 53
10996 9978 8
10996 9978 3
10996 9978 18
10996 11329 38
10996 11329 55
10996 11329 29
10996 11329 7
10996 9888 56
10996 9888 60
10996 9888 31
10996 9888 2
10996 7955 29
10996 7955 52
10996 7955 42
10996 7955 43
10996 9553 53
10996 9553 12
10996 9553 50
10996 9553 17
10996 6079 19
10996 6079 55
10996 6079 36
10996 6079 57
10996 9687 49
10996 9687 54
10996 9687 37
10996 9687 11
11032 9689 50
11032 9689 54
11032 9689 52
11032 9689 55
11032 6219 5
11032 6219 0
11032 6219 49
11032 6219 37
11032 9886 29
11032 9886 13
11032 9886 56
11032 9886 15
11032 6218 11
11032 6218 60
11032 6218 2
11032 6218 47
11032 9882 60
11032 9882 1
11032 9882 42
11032 9882 39
11032 9555 28
11032 9555 14
11032 9555 48
11032 9555 48
11032 9881 9
11032 9881 45
11032 9881 55
11032 9881 8
11032 9887 34
11032 9887 2
11032 9887 0
11032 9887 49
11032 11292 19
11032 11292 6
11032 11292 0
11032 11292 14
11032 9970 1
11032 9970 48
11032 9970 45
11032 9970 24
11032 9556 11
11032 9556 54
11032 9556 21
11032 9556 37
11032 9771 16
11032 9771 57
11032 9771 14
11032 9771 19
11032 9685 24
11032 9685 33
11032 9685 37
11032 9685 57
11032 9883 52
11032 9883 39
11032 9883 23
11032 9883 4
11032 9884 2
11032 9884 14
11032 9884 44
11032 9884 47
11032 9972 50
11032 9972 15
11032 9972 38
11032 9972 6
11032 11328 11
11032 11328 16
11032 11328 48
11032 11328 33
11032 11320 12
11032 11320 33
11032 11320 58
11032 11320 18
11032 8572 15
11032 8572 27
11032 8572 37
11032 8572 27
11032 6080 45
11032 6080 20
11032 6080 43
11032 6080 56
11032 9686 0
11032 9686 48
11032 9686 22
11032 9686 42
11032 6076 16
11032 6076 20
11032 6076 0
11032 6076 19
11032 9772 21
11032 9772 49
11032 9772 60
11032 9772 28
11032 9885 35
11032 9885 15
11032 9885 50
11032 9885 36
11032 9971 58
11032 9971 12
11032 9971 21
11032 9971 25
11032 9978 10
11032 9978 51
11032 9978 21
11032 9978 52
11032 11329 54
11032 11329 57
11032 11329 8
11032 11329 8
11032 9888 30
11032 9888 20
11032 9888 45
11032 9888 16
11032 7955 9
11032 7955 14
11032 7955 26
11032 7955 21
11032 9553 60
11032 9553 48
11032 9553 53
11032 9553 19
11032 6079 9
11032 6079 8
11032 6079 17
11032 6079 2
11032 9687 21
11032 9687 19
11032 9687 34
11032 9687 51
10905 9689 55
10905 9689 16
10905 9689 16
10905 9689 55
10905 6219 46
10905 6219 6
10905 6219 3
10905 6219 25
10905 9886 12
10905 9886 29
10905 9886 39
10905 9886 30
10905 6218 37
10905 6218 54
10905 6218 34
10905 6218 43
10905 9882 54
10905 9882 30
10905 9882 20
10905 9882 35
10905 9555 60
10905 9555 52
10905 9555 58
10905 9555 57
10905 9881 42
10905 9881 3
10905 9881 60
10905 9881 19
10905 9887 49
10905 9887 39
10905 9887 56
10905 9887 21
10905 11292 4
10905 11292 51
10905 11292 7
10905 11292 39
10905 9970 48
10905 9970 11
10905 9970 47
10905 9970 59
10905 9556 52
10905 9556 25
10905 9556 60
10905 9556 41
10905 9771 8
10905 9771 32
10905 9771 36
10905 9771 17
10905 9685 8
10905 9685 8
10905 9685 29
10905 9685 42
10905 9883 13
10905 9883 53
10905 9883 27
10905 9883 29
10905 9884 25
10905 9884 36
10905 9884 49
10905 9884 30
10905 9972 49
10905 9972 40
10905 9972 54
10905 9972 55
10905 11328 34
10905 11328 0
10905 11328 60
10905 11328 1
10905 11320 33
10905 11320 0
10905 11320 48
10905 11320 39
10905 8572 39
10905 8572 28
10905 8572 33
10905 8572 16
10905 6080 30
10905 6080 3
10905 6080 34
10905 6080 50
10905 9686 50
10905 9686 37
10905 9686 12
10905 9686 21
10905 6076 40
10905 6076 29
10905 6076 21
10905 6076 42
10905 9772 48
10905 9772 53
10905 9772 25
10905 9772 25
10905 9885 51
10905 9885 20
10905 9885 42
10905 9885 29
10905 9971 53
10905 9971 22
10905 9971 13
10905 9971 34
10905 9978 24
10905 9978 24
10905 9978 19
10905 9978 58
10905 11329 42
10905 11329 45
10905 11329 56
10905 11329 19
10905 9888 15
10905 9888 28
10905 9888 56
10905 9888 40
10905 7955 22
10905 7955 54
10905 7955 39
10905 7955 28
10905 9553 16
10905 9553 21
10905 9553 38
10905 9553 34
10905 6079 31
10905 6079 26
10905 6079 46
10905 6079 48
10905 9687 43
10905 9687 24
10905 9687 45
10905 9687 22
10900 9689 26
10900 9689 11
10900 9689 25
10900 9689 38
10900 6219 20
10900 6219 45
10900 6219 54
10900 6219 60
10900 9886 42
10900 9886 35
10900 9886 6
10900 9886 36
10900 6218 21
10900 6218 19
10900 6218 42
10900 6218 13
10900 9882 34
10900 9882 42
10900 9882 33
10900 9882 55
10900 9555 18
10900 9555 55
10900 9555 1
10900 9555 60
10900 9881 5
10900 9881 8
10900 9881 0
10900 9881 19
10900 9887 52
10900 9887 15
10900 9887 20
10900 9887 17
10900 11292 54
10900 11292 19
10900 11292 12
10900 11292 41
10900 9970 59
10900 9970 48
10900 9970 51
10900 9970 28
10900 9556 47
10900 9556 3
10900 9556 27
10900 9556 38
10900 9771 3
10900 9771 47
10900 9771 9
10900 9771 13
10900 9685 22
10900 9685 22
10900 9685 39
10900 9685 50
10900 9883 32
10900 9883 23
10900 9883 35
10900 9883 49
10900 9884 24
10900 9884 57
10900 9884 0
10900 9884 29
10900 9972 32
10900 9972 5
10900 9972 14
10900 9972 57
10900 11328 43
10900 11328 3
10900 11328 6
10900 11328 46
10900 11320 37
10900 11320 56
10900 11320 14
10900 11320 42
10900 8572 54
10900 8572 25
10900 8572 11
10900 8572 32
10900 6080 25
10900 6080 0
10900 6080 31
10900 6080 10
10900 9686 49
10900 9686 56
10900 9686 27
10900 9686 37
10900 6076 23
10900 6076 48
10900 6076 22
10900 6076 24
10900 9772 52
10900 9772 51
10900 9772 34
10900 9772 18
10900 9885 39
10900 9885 37
10900 9885 4
10900 9885 17
10900 9971 33
10900 9971 26
10900 9971 33
10900 9971 4
10900 9978 28
10900 9978 17
10900 9978 38
10900 9978 13
10900 11329 46
10900 11329 26
10900 11329 59
10900 11329 10
10900 9888 19
10900 9888 45
10900 9888 45
10900 9888 38
10900 7955 23
10900 7955 53
10900 7955 8
10900 7955 48
10900 9553 15
10900 9553 36
10900 9553 21
10900 9553 23
10900 6079 24
10900 6079 40
10900 6079 44
10900 6079 41
10900 9687 23
10900 9687 14
10900 9687 51
10900 9687 6
10657 9689 47
10657 9689 31
10657 9689 37
10657 9689 20
10657 6219 32
10657 6219 44
10657 6219 28
10657 6219 20
10657 9886 34
10657 9886 24
10657 9886 39
10657 9886 50
10657 6218 26
10657 6218 33
10657 6218 19
10657 6218 1
10657 9882 39
10657 9882 3
10657 9882 37
10657 9882 55
10657 9555 60
10657 9555 39
10657 9555 19
10657 9555 25
10657 9881 49
10657 9881 51
10657 9881 23
10657 9881 45
10657 9887 16
10657 9887 46
10657 9887 16
10657 9887 59
10657 11292 1
10657 11292 20
10657 11292 23
10657 11292 1
10657 9970 28
10657 9970 55
10657 9970 46
10657 9970 13
10657 9556 12
10657 9556 16
10657 9556 12
10657 9556 2
10657 9771 9
10657 9771 33
10657 9771 54
10657 9771 35
10657 9685 0
10657 9685 41
10657 9685 47
10657 9685 28
10657 9883 28
10657 9883 6
10657 9883 33
10657 9883 13
10657 9884 47
10657 9884 3
10657 9884 34
10657 9884 48
10657 9972 40
10657 9972 44
10657 9972 6
10657 9972 20
10657 11328 48
10657 11328 17
10657 11328 33
10657 11328 15
10657 11320 30
10657 11320 45
10657 11320 19
10657 11320 22
10657 8572 28
10657 8572 25
10657 8572 22
10657 8572 26
10657 6080 49
10657 6080 41
10657 6080 21
10657 6080 39
10657 9686 48
10657 9686 54
10657 9686 46
10657 9686 37
10657 6076 27
10657 6076 37
10657 6076 18
10657 6076 2
10657 9772 33
10657 9772 20
10657 9772 39
10657 9772 13
10657 9885 15
10657 9885 14
10657 9885 19
10657 9885 11
10657 9971 47
10657 9971 39
10657 9971 45
10657 9971 35
10657 9978 22
10657 9978 12
10657 9978 31
10657 9978 10
10657 11329 16
10657 11329 40
10657 11329 25
10657 11329 60
10657 9888 4
10657 9888 35
10657 9888 2
10657 9888 2
10657 7955 11
10657 7955 39
10657 7955 25
10657 7955 10
10657 9553 29
10657 9553 49
10657 9553 6
10657 9553 55
10657 6079 48
10657 6079 13
10657 6079 42
10657 6079 51
10657 9687 10
10657 9687 41
10657 9687 57
10657 9687 57
10645 9689 5
10645 9689 42
10645 9689 13
10645 9689 11
10645 6219 56
10645 6219 19
10645 6219 31
10645 6219 40
10645 9886 11
10645 9886 25
10645 9886 34
10645 9886 57
10645 6218 6
10645 6218 29
10645 6218 52
10645 6218 6
10645 9882 2
10645 9882 8
10645 9882 22
10645 9882 32
10645 9555 31
10645 9555 30
10645 9555 33
10645 9555 0
10645 9881 48
10645 9881 56
10645 9881 58
10645 9881 58
10645 9887 21
10645 9887 1
10645 9887 0
10645 9887 41
10645 11292 32
10645 11292 24
10645 11292 25
10645 11292 24
10645 9970 5
10645 9970 56
10645 9970 24
10645 9970 22
10645 9556 8
10645 9556 53
10645 9556 8
10645 9556 24
10645 9771 20
10645 9771 21
10645 9771 60
10645 9771 48
10645 9685 33
10645 9685 19
10645 9685 21
10645 9685 23
10645 9883 14
10645 9883 0
10645 9883 55
10645 9883 45
10645 9884 60
10645 9884 59
10645 9884 56
10645 9884 55
10645 9972 12
10645 9972 52
10645 9972 56
10645 9972 55
10645 11328 4
10645 11328 2
10645 11328 46
10645 11328 3
10645 11320 57
10645 11320 2
10645 11320 51
10645 11320 35
10645 8572 27
10645 8572 5
10645 8572 25
10645 8572 51
10645 6080 28
10645 6080 4
10645 6080 16
10645 6080 0
10645 9686 38
10645 9686 39
10645 9686 42
10645 9686 51
10645 6076 4
10645 6076 25
10645 6076 28
10645 6076 43
10645 9772 49
10645 9772 44
10645 9772 3
10645 9772 14
10645 9885 59
10645 9885 30
10645 9885 37
10645 9885 52
10645 9971 53
10645 9971 14
10645 9971 17
10645 9971 36
10645 9978 23
10645 9978 60
10645 9978 53
10645 9978 60
10645 11329 0
10645 11329 20
10645 11329 7
10645 11329 52
10645 9888 2
10645 9888 59
10645 9888 57
10645 9888 60
10645 7955 59
10645 7955 12
10645 7955 7
10645 7955 6
10645 9553 28
10645 9553 59
10645 9553 27
10645 9553 40
10645 6079 23
10645 6079 41
10645 6079 3
10645 6079 50
10645 9687 44
10645 9687 19
10645 9687 46
10645 9687 7
10658 9689 52
10658 9689 24
10658 9689 49
10658 9689 37
10658 6219 15
10658 6219 21
10658 6219 52
10658 6219 23
10658 9886 8
10658 9886 55
10658 9886 33
10658 9886 58
10658 6218 53
10658 6218 10
10658 6218 54
10658 6218 2
10658 9882 4
10658 9882 0
10658 9882 16
10658 9882 15
10658 9555 38
10658 9555 0
10658 9555 12
10658 9555 6
10658 9881 21
10658 9881 54
10658 9881 49
10658 9881 14
10658 9887 21
10658 9887 38
10658 9887 59
10658 9887 3
10658 11292 25
10658 11292 36
10658 11292 10
10658 11292 56
10658 9970 45
10658 9970 28
10658 9970 39
10658 9970 2
10658 9556 10
10658 9556 46
10658 9556 20
10658 9556 21
10658 9771 13
10658 9771 45
10658 9771 38
10658 9771 9
10658 9685 35
10658 9685 29
10658 9685 29
10658 9685 11
10658 9883 60
10658 9883 46
10658 9883 54
10658 9883 39
10658 9884 31
10658 9884 8
10658 9884 6
10658 9884 26
10658 9972 26
10658 9972 55
10658 9972 36
10658 9972 19
10658 11328 11
10658 11328 10
10658 11328 53
10658 11328 19
10658 11320 60
10658 11320 34
10658 11320 14
10658 11320 17
10658 8572 29
10658 8572 5
10658 8572 16
10658 8572 41
10658 6080 38
10658 6080 42
10658 6080 49
10658 6080 10
10658 9686 22
10658 9686 54
10658 9686 13
10658 9686 49
10658 6076 27
10658 6076 38
10658 6076 11
10658 6076 20
10658 9772 44
10658 9772 51
10658 9772 34
10658 9772 9
10658 9885 21
10658 9885 6
10658 9885 59
10658 9885 14
10658 9971 17
10658 9971 44
10658 9971 46
10658 9971 28
10658 9978 12
10658 9978 11
10658 9978 41
10658 9978 34
10658 11329 47
10658 11329 49
10658 11329 10
10658 11329 29
10658 9888 23
10658 9888 55
10658 9888 54
10658 9888 54
10658 7955 22
10658 7955 53
10658 7955 24
10658 7955 48
10658 9553 15
10658 9553 53
10658 9553 53
10658 9553 37
10658 6079 39
10658 6079 31
10658 6079 57
10658 6079 53
10658 9687 42
10658 9687 55
10658 9687 15
10658 9687 57
10882 9689 1
10882 9689 14
10882 9689 31
10882 9689 21
10882 6219 28
10882 6219 19
10882 6219 53
10882 6219 4
10882 9886 52
10882 9886 31
10882 9886 0
10882 9886 48
10882 6218 38
10882 6218 42
10882 6218 47
10882 6218 32
10882 9882 53
10882 9882 58
10882 9882 22
10882 9882 42
10882 9555 31
10882 9555 41
10882 9555 49
10882 9555 34
10882 9881 37
10882 9881 12
10882 9881 4
10882 9881 47
10882 9887 4
10882 9887 19
10882 9887 19
10882 9887 44
10882 11292 24
10882 11292 3
10882 11292 10
10882 11292 44
10882 9970 54
10882 9970 2
10882 9970 18
10882 9970 12
10882 9556 6
10882 9556 17
10882 9556 53
10882 9556 50
10882 9771 13
10882 9771 29
10882 9771 48
10882 9771 18
10882 9685 27
10882 9685 54
10882 9685 24
10882 9685 40
10882 9883 55
10882 9883 32
10882 9883 58
10882 9883 57
10882 9884 24
10882 9884 47
10882 9884 7
10882 9884 16
10882 9972 10
10882 9972 32
10882 9972 7
10882 9972 11
10882 11328 53
10882 11328 31
10882 11328 22
10882 11328 42
10882 11320 52
10882 11320 52
10882 11320 50
10882 11320 55
10882 8572 44
10882 8572 20
10882 8572 31
10882 8572 7
10882 6080 34
10882 6080 55
10882 6080 12
10882 6080 34
10882 9686 55
10882 9686 35
10882 9686 3
10882 9686 59
10882 6076 18
10882 6076 32
10882 6076 27
10882 6076 19
10882 9772 26
10882 9772 52
10882 9772 44
10882 9772 55
10882 9885 17
10882 9885 48
10882 9885 39
10882 9885 1
10882 9971 19
10882 9971 18
10882 9971 11
10882 9971 16
10882 9978 9
10882 9978 25
10882 9978 3
10882 9978 3
10882 11329 49
10882 11329 28
10882 11329 10
10882 11329 21
10882 9888 42
10882 9888 21
10882 9888 56
10882 9888 26
10882 7955 40
10882 7955 16
10882 7955 29
10882 7955 32
10882 9553 13
10882 9553 48
10882 9553 39
10882 9553 33
10882 6079 19
10882 6079 52
10882 6079 6
10882 6079 57
10882 9687 27
10882 9687 52
10882 9687 0
10882 9687 5
10720 9689 40
10720 9689 0
10720 9689 31
10720 9689 48
10720 6219 55
10720 6219 49
10720 6219 53
10720 6219 48
10720 9886 6
10720 9886 52
10720 9886 29
10720 9886 41
10720 6218 18
10720 6218 24
10720 6218 22
10720 6218 41
10720 9882 37
10720 9882 44
10720 9882 5
10720 9882 22
10720 9555 48
10720 9555 13
10720 9555 30
10720 9555 55
10720 9881 36
10720 9881 49
10720 9881 10
10720 9881 6
10720 9887 2
10720 9887 25
10720 9887 17
10720 9887 31
10720 11292 12
10720 11292 33
10720 11292 39
10720 11292 59
10720 9970 11
10720 9970 16
10720 9970 24
10720 9970 38
10720 9556 13
10720 9556 30
10720 9556 27
10720 9556 17
10720 9771 60
10720 9771 48
10720 9771 43
10720 9771 2
10720 9685 47
10720 9685 41
10720 9685 41
10720 9685 43
10720 9883 26
10720 9883 30
10720 9883 54
10720 9883 55
10720 9884 10
10720 9884 17
10720 9884 5
10720 9884 55
10720 9972 24
10720 9972 15
10720 9972 58
10720 9972 33
10720 11328 3
10720 11328 11
10720 11328 0
10720 11328 2
10720 11320 45
10720 11320 40
10720 11320 13
10720 11320 8
10720 8572 36
10720 8572 32
10720 8572 7
10720 8572 0
10720 6080 41
10720 6080 23
10720 6080 19
10720 6080 28
10720 9686 17
10720 9686 54
10720 9686 10
10720 9686 36
10720 6076 41
10720 6076 17
10720 6076 30
10720 6076 52
10720 9772 3
10720 9772 41
10720 9772 2
10720 9772 3
10720 9885 17
10720 9885 49
10720 9885 22
10720 9885 46
10720 9971 50
10720 9971 58
10720 9971 13
10720 9971 60
10720 9978 5
10720 9978 60
10720 9978 15
10720 9978 20
10720 11329 60
10720 11329 31
10720 11329 53
10720 11329 42
10720 9888 38
10720 9888 32
10720 9888 56
10720 9888 4
10720 7955 17
10720 7955 56
10720 7955 26
10720 7955 57
10720 9553 34
10720 9553 40
10720 9553 27
10720 9553 59
10720 6079 35
10720 6079 52
10720 6079 34
10720 6079 11
10720 9687 40
10720 9687 12
10720 9687 28
10720 9687 56
10979 9689 28
10979 9689 7
10979 9689 12
10979 9689 19
10979 6219 11
10979 6219 3
10979 6219 25
10979 6219 52
10979 9886 34
10979 9886 32
10979 9886 5
10979 9886 48
10979 6218 51
10979 6218 46
10979 6218 54
10979 6218 58
10979 9882 11
10979 9882 18
10979 9882 12
10979 9882 43
10979 9555 13
10979 9555 46
10979 9555 35
10979 9555 36
10979 9881 14
10979 9881 60
10979 9881 16
10979 9881 27
10979 9887 31
10979 9887 35
10979 9887 36
10979 9887 23
10979 11292 45
10979 11292 18
10979 11292 10
10979 11292 50
10979 9970 15
10979 9970 27
10979 9970 55
10979 9970 44
10979 9556 25
10979 9556 32
10979 9556 11
10979 9556 15
10979 9771 54
10979 9771 27
10979 9771 56
10979 9771 28
10979 9685 44
10979 9685 56
10979 9685 38
10979 9685 50
10979 9883 0
10979 9883 57
10979 9883 15
10979 9883 53
10979 9884 26
10979 9884 4
10979 9884 39
10979 9884 11
10979 9972 59
10979 9972 15
10979 9972 35
10979 9972 13
10979 11328 28
10979 11328 40
10979 11328 4
10979 11328 30
10979 11320 38
10979 11320 28
10979 11320 9
10979 11320 41
10979 8572 48
10979 8572 5
10979 8572 9
10979 8572 10
10979 6080 59
10979 6080 33
10979 6080 17
10979 6080 3
10979 9686 6
10979 9686 6
10979 9686 2
10979 9686 2
10979 6076 42
10979 6076 60
10979 6076 51
10979 6076 54
10979 9772 2
10979 9772 59
10979 9772 55
10979 9772 34
10979 9885 47
10979 9885 27
10979 9885 56
10979 9885 33
10979 9971 42
10979 9971 23
10979 9971 48
10979 9971 52
10979 9978 12
10979 9978 39
10979 9978 35
10979 9978 32
10979 11329 24
10979 11329 26
10979 11329 23
10979 11329 44
10979 9888 23
10979 9888 41
10979 9888 26
10979 9888 28
10979 7955 21
10979 7955 20
10979 7955 8
10979 7955 45
10979 9553 5
10979 9553 7
10979 9553 49
10979 9553 7
10979 6079 22
10979 6079 33
10979 6079 6
10979 6079 17
10979 9687 1
10979 9687 13
10979 9687 57
10979 9687 18
10885 9689 58
10885 9689 45
10885 9689 27
10885 9689 13
10885 6219 22
10885 6219 33
10885 6219 39
10885 6219 44
10885 9886 21
10885 9886 24
10885 9886 6
10885 9886 30
10885 6218 17
10885 6218 41
10885 6218 8
10885 6218 4
10885 9882 0
10885 9882 38
10885 9882 6
10885 9882 30
10885 9555 25
10885 9555 57
10885 9555 13
10885 9555 55
10885 9881 41
10885 9881 38
10885 9881 27
10885 9881 59
10885 9887 30
10885 9887 33
10885 9887 40
10885 9887 36
10885 11292 49
10885 11292 10
10885 11292 56
10885 11292 0
10885 9970 8
10885 9970 6
10885 9970 59
10885 9970 21
10885 9556 45
10885 9556 38
10885 9556 45
10885 9556 20
10885 9771 42
10885 9771 9
10885 9771 6
10885 9771 50
10885 9685 43
10885 9685 50
10885 9685 6
10885 9685 49
10885 9883 40
10885 9883 59
10885 9883 43
10885 9883 3
10885 9884 45
10885 9884 24
10885 9884 60
10885 9884 29
10885 9972 47
10885 9972 27
10885 9972 10
10885 9972 46
10885 11328 59
10885 11328 16
10885 11328 56
10885 11328 12
10885 11320 10
10885 11320 28
10885 11320 25
10885 11320 28
10885 8572 7
10885 8572 40
10885 8572 11
10885 8572 16
10885 6080 44
10885 6080 3
10885 6080 15
10885 6080 10
10885 9686 4
10885 9686 19
10885 9686 17
10885 9686 46
10885 6076 50
10885 6076 53
10885 6076 45
10885 6076 25
10885 9772 4
10885 9772 53
10885 9772 57
10885 9772 47
10885 9885 10
10885 9885 15
10885 9885 26
10885 9885 45
10885 9971 5
10885 9971 55
10885 9971 46
10885 9971 45
10885 9978 1
10885 9978 44
10885 9978 52
10885 9978 15
10885 11329 1
10885 11329 9
10885 11329 23
10885 11329 50
10885 9888 4
10885 9888 31
10885 9888 44
10885 9888 15
10885 7955 28
10885 7955 45
10885 7955 53
10885 7955 39
10885 9553 19
10885 9553 11
10885 9553 56
10885 9553 11
10885 6079 23
10885 6079 2
10885 6079 43
10885 6079 21
10885 9687 41
10885 9687 4
10885 9687 32
10885 9687 28
