4394 9895 36
4394 9894 58
4394 9912 14
4394 9913 33
4394 9893 44
4394 9896 9
4394 9915 41
4394 9897 37
4394 9914 57
4394 9917 38
4394 9918 13
4394 9898 60
4394 10762 3
4394 9916 12
4394 9899 42
4394 9905 52
4394 9919 51
4394 9943 13
4394 10763 36
4394 10764 60
4394 9931 27
4394 9942 36
4394 9932 19
4394 9903 59
4394 9906 45
4394 9920 21
4394 9940 3
4394 9958 11
4394 10765 26
4394 10761 48
4394 9934 26
4394 9933 13
4387 9895 55
4387 9894 14
4387 9912 31
4387 9913 6
4387 9893 34
4387 9896 40
4387 9915 50
4387 9897 30
4387 9914 35
4387 9917 11
4387 9918 12
4387 9898 48
4387 10762 57
4387 9916 54
4387 9899 20
4387 9905 28
4387 9919 41
4387 9943 52
4387 10763 6
4387 10764 25
4387 9931 5
4387 9942 12
4387 9932 33
4387 9903 32
4387 9906 11
4387 9920 37
4387 9940 47
4387 9958 20
4387 10765 25
4387 10761 55
4387 9934 48
4387 9933 29
4393 9895 5
4393 9894 17
4393 9912 52
4393 9913 32
4393 9893 3
4393 9896 18
4393 9915 18
4393 9897 44
4393 9914 16
4393 9917 19
4393 9918 55
4393 9898 1
4393 10762 28
4393 9916 40
4393 9899 3
4393 9905 15
4393 9919 59
4393 9943 44
4393 10763 54
4393 10764 31
4393 9931 4
4393 9942 50
4393 9932 9
4393 9903 23
4393 9906 32
4393 9920 38
4393 9940 57
4393 9958 19
4393 10765 57
4393 10761 17
4393 9934 44
4393 9933 46
4397 9895 44
4397 9894 14
4397 9912 12
4397 9913 10
4397 9893 14
4397 9896 6
4397 9915 0
4397 9897 58
4397 9914 5
4397 9917 28
4397 9918 38
4397 9898 46
4397 10762 11
4397 9916 51
4397 9899 7
4397 9905 19
4397 9919 6
4397 9943 0
4397 10763 55
4397 10764 59
4397 9931 44
4397 9942 43
4397 9932 40
4397 9903 18
4397 9906 15
4397 9920 50
4397 9940 3
4397 9958 17
4397 10765 18
4397 10761 33
4397 9934 10
4397 9933 16
4391 9895 13
4391 9894 35
4391 9912 1
4391 9913 12
4391 9893 42
4391 9896 46
4391 9915 59
4391 9897 20
4391 9914 33
4391 9917 19
4391 9918 17
4391 9898 9
4391 10762 30
4391 9916 28
4391 9899 17
4391 9905 3
4391 9919 54
4391 9943 10
4391 10763 21
4391 10764 20
4391 9931 29
4391 9942 14
4391 9932 38
4391 9903 31
4391 9906 14
4391 9920 13
4391 9940 53
4391 9958 32
4391 10765 47
4391 10761 12
4391 9934 48
4391 9933 52
4384 9895 12
4384 9894 55
4384 9912 4
4384 9913 16
4384 9893 5
4384 9896 8
4384 9915 51
4384 9897 57
4384 9914 6
4384 9917 15
4384 9918 34
4384 9898 11
4384 10762 17
4384 9916 50
4384 9899 53
4384 9905 1
4384 9919 18
4384 9943 30
4384 10763 7
4384 10764 12
4384 9931 25
4384 9942 21
4384 9932 1
4384 9903 60
4384 9906 21
4384 9920 38
4384 9940 13
4384 9958 21
4384 10765 19
4384 10761 22
4384 9934 38
4384 9933 59
4390 9895 10
4390 9894 48
4390 9912 6
4390 9913 6
4390 9893 53
4390 9896 45
4390 9915 53
4390 9897 1
4390 9914 5
4390 9917 24
4390 9918 54
4390 9898 38
4390 10762 2
4390 9916 37
4390 9899 11
4390 9905 45
4390 9919 15
4390 9943 14
4390 10763 23
4390 10764 47
4390 9931 44
4390 9942 40
4390 9932 60
4390 9903 54
4390 9906 41
4390 9920 47
4390 9940 20
4390 9958 17
4390 10765 27
4390 10761 5
4390 9934 21
4390 9933 36
4388 9895 2
4388 9894 39
4388 9912 20
4388 9913 17
4388 9893 44
4388 9896 40
4388 9915 11
4388 9897 37
4388 9914 43
4388 9917 1
4388 9918 3
4388 9898 41
4388 10762 32
4388 9916 12
4388 9899 21
4388 9905 60
4388 9919 31
4388 9943 48
4388 10763 53
4388 10764 27
4388 9931 60
4388 9942 53
4388 9932 14
4388 9903 38
4388 9906 34
4388 9920 4
4388 9940 13
4388 9958 37
4388 10765 19
4388 10761 22
4388 9934 52
4388 9933 53
4380 9895 12
4380 9894 51
4380 9912 26
4380 9913 2
4380 9893 53
4380 9896 38
4380 9915 60
4380 9897 56
4380 9914 1
4380 9917 47
4380 9918 60
4380 9898 24
4380 10762 59
4380 9916 32
4380 9899 26
4380 9905 5
4380 9919 25
4380 9943 0
4380 10763 40
4380 10764 5
4380 9931 12
4380 9942 32
4380 9932 30
4380 9903 26
4380 9906 19
4380 9920 43
4380 9940 32
4380 9958 47
4380 10765 58
4380 10761 15
4380 9934 4
4380 9933 17
4396 9895 48
4396 9894 18
4396 9912 57
4396 9913 54
4396 9893 26
4396 9896 55
4396 9915 52
4396 9897 31
4396 9914 5
4396 9917 33
4396 9918 29
4396 9898 52
4396 10762 6
4396 9916 34
4396 9899 46
4396 9905 33
4396 9919 31
4396 9943 26
4396 10763 32
4396 10764 37
4396 9931 28
4396 9942 60
4396 9932 52
4396 9903 50
4396 9906 33
4396 9920 6
4396 9940 24
4396 9958 2
4396 10765 47
4396 10761 22
4396 9934 53
4396 9933 10
4398 9895 14
4398 9894 13
4398 9912 31
4398 9913 51
4398 9893 43
4398 9896 56
4398 9915 8
4398 9897 0
4398 9914 54
4398 9917 0
4398 9918 55
4398 9898 41
4398 10762 21
4398 9916 52
4398 9899 45
4398 9905 9
4398 9919 60
4398 9943 52
4398 10763 37
4398 10764 40
4398 9931 57
4398 9942 4
4398 9932 35
4398 9903 40
4398 9906 7
4398 9920 21
4398 9940 34
4398 9958 45
4398 10765 24
4398 10761 34
4398 9934 38
4398 9933 44
4435 9895 56
4435 9894 12
4435 9912 5
4435 9913 18
4435 9893 37
4435 9896 10
4435 9915 18
4435 9897 21
4435 9914 51
4435 9917 28
4435 9918 8
4435 9898 0
4435 10762 1
4435 9916 11
4435 9899 35
4435 9905 6
4435 9919 26
4435 9943 30
4435 10763 43
4435 10764 27
4435 9931 28
4435 9942 19
4435 9932 35
4435 9903 29
4435 9906 49
4435 9920 38
4435 9940 33
4435 9958 12
4435 10765 58
4435 10761 29
4435 9934 43
4435 9933 60
4403 9895 46
4403 9894 40
4403 9912 41
4403 9913 26
4403 9893 32
4403 9896 59
4403 9915 18
4403 9897 32
4403 9914 27
4403 9917 12
4403 9918 32
4403 9898 39
4403 10762 18
4403 9916 54
4403 9899 30
4403 9905 34
4403 9919 54
4403 9943 18
4403 10763 55
4403 10764 13
4403 9931 19
4403 9942 34
4403 9932 24
4403 9903 45
4403 9906 58
4403 9920 44
4403 9940 24
4403 9958 51
4403 10765 24
4403 10761 0
4403 9934 52
4403 9933 4
4452 9895 15
4452 9894 15
4452 9912 19
4452 9913 18
4452 9893 25
4452 9896 11
4452 9915 46
4452 9897 21
4452 9914 60
4452 9917 57
4452 9918 54
4452 9898 45
4452 10762 23
4452 9916 20
4452 9899 52
4452 9905 40
4452 9919 34
4452 9943 33
4452 10763 42
4452 10764 50
4452 9931 11
4452 9942 12
4452 9932 22
4452 9903 52
4452 9906 2
4452 9920 9
4452 9940 44
4452 9958 23
4452 10765 20
4452 10761 41
4452 9934 35
4452 9933 58
4392 9895 26
4392 9894 0
4392 9912 18
4392 9913 35
4392 9893 23
4392 9896 23
4392 9915 48
4392 9897 42
4392 9914 30
4392 9917 58
4392 9918 5
4392 9898 35
4392 10762 7
4392 9916 19
4392 9899 29
4392 9905 33
4392 9919 31
4392 9943 13
4392 10763 8
4392 10764 41
4392 9931 7
4392 9942 13
4392 9932 28
4392 9903 54
4392 9906 1
4392 9920 15
4392 9940 60
4392 9958 53
4392 10765 58
4392 10761 57
4392 9934 22
4392 9933 51
4383 9895 31
4383 9894 9
4383 9912 52
4383 9913 17
4383 9893 38
4383 9896 49
4383 9915 28
4383 9897 37
4383 9914 54
4383 9917 14
4383 9918 32
4383 9898 49
4383 10762 53
4383 9916 15
4383 9899 29
4383 9905 30
4383 9919 9
4383 9943 26
4383 10763 2
4383 10764 35
4383 9931 0
4383 9942 59
4383 9932 42
4383 9903 37
4383 9906 30
4383 9920 24
4383 9940 10
4383 9958 42
4383 10765 48
4383 10761 60
4383 9934 52
4383 9933 41
4370 9895 25
4370 9894 36
4370 9912 0
4370 9913 43
4370 9893 57
4370 9896 16
4370 9915 18
4370 9897 50
4370 9914 9
4370 9917 60
4370 9918 16
4370 9898 44
4370 10762 15
4370 9916 42
4370 9899 2
4370 9905 42
4370 9919 42
4370 9943 6
4370 10763 50
4370 10764 46
4370 9931 12
4370 9942 27
4370 9932 56
4370 9903 52
4370 9906 41
4370 9920 44
4370 9940 48
4370 9958 17
4370 10765 36
4370 10761 3
4370 9934 18
4370 9933 3
4386 9895 45
4386 9894 8
4386 9912 55
4386 9913 5
4386 9893 49
4386 9896 9
4386 9915 47
4386 9897 13
4386 9914 0
4386 9917 23
4386 9918 8
4386 9898 11
4386 10762 45
4386 9916 14
4386 9899 1
4386 9905 16
4386 9919 58
4386 9943 51
4386 10763 59
4386 10764 17
4386 9931 13
4386 9942 29
4386 9932 14
4386 9903 8
4386 9906 20
4386 9920 56
4386 9940 53
4386 9958 39
4386 10765 34
4386 10761 41
4386 9934 25
4386 9933 43
4389 9895 9
4389 9894 33
4389 9912 39
4389 9913 29
4389 9893 57
4389 9896 19
4389 9915 27
4389 9897 21
4389 9914 34
4389 9917 21
4389 9918 51
4389 9898 13
4389 10762 6
4389 9916 5
4389 9899 26
4389 9905 16
4389 9919 35
4389 9943 41
4389 10763 18
4389 10764 53
4389 9931 26
4389 9942 15
4389 9932 53
4389 9903 55
4389 9906 22
4389 9920 55
4389 9940 34
4389 9958 35
4389 10765 46
4389 10761 2
4389 9934 18
4389 9933 31
4368 9895 15
4368 9894 40
4368 9912 35
4368 9913 51
4368 9893 33
4368 9896 8
4368 9915 59
4368 9897 44
4368 9914 4
4368 9917 39
4368 9918 7
4368 9898 45
4368 10762 58
4368 9916 38
4368 9899 0
4368 9905 5
4368 9919 23
4368 9943 15
4368 10763 10
4368 10764 52
4368 9931 12
4368 9942 7
4368 9932 15
4368 9903 34
4368 9906 14
4368 9920 11
4368 9940 54
4368 9958 37
4368 10765 28
4368 10761 7
4368 9934 14
4368 9933 35
4379 9895 3
4379 9894 25
4379 9912 0
4379 9913 59
4379 9893 59
4379 9896 40
4379 9915 5
4379 9897 19
4379 9914 33
4379 9917 40
4379 9918 40
4379 9898 33
4379 10762 14
4379 9916 54
4379 9899 14
4379 9905 43
4379 9919 40
4379 9943 54
4379 10763 33
4379 10764 41
4379 9931 13
4379 9942 58
4379 9932 27
4379 9903 7
4379 9906 41
4379 9920 3
4379 9940 14
4379 9958 20
4379 10765 19
4379 10761 21
4379 9934 57
4379 9933 12
4395 9895 53
4395 9894 36
4395 9912 13
4395 9913 6
4395 9893 57
4395 9896 47
4395 9915 8
4395 9897 22
4395 9914 34
4395 9917 15
4395 9918 52
4395 9898 15
4395 10762 47
4395 9916 43
4395 9899 11
4395 9905 6
4395 9919 5
4395 9943 50
4395 10763 51
4395 10764 17
4395 9931 21
4395 9942 15
4395 9932 37
4395 9903 52
4395 9906 11
4395 9920 6
4395 9940 27
4395 9958 51
4395 10765 47
4395 10761 46
4395 9934 10
4395 9933 8
4436 9895 27
4436 9894 47
4436 9912 21
4436 9913 23
4436 9893 8
4436 9896 22
4436 9915 16
4436 9897 2
4436 9914 47
4436 9917 14
4436 9918 22
4436 9898 36
4436 10762 3
4436 9916 42
4436 9899 23
4436 9905 16
4436 9919 42
4436 9943 54
4436 10763 51
4436 10764 20
4436 9931 31
4436 9942 19
4436 9932 30
4436 9903 14
4436 9906 5
4436 9920 5
4436 9940 19
4436 9958 48
4436 10765 22
4436 10761 27
4436 9934 5
4436 9933 40
4434 9895 33
4434 9894 60
4434 9912 47
4434 9913 59
4434 9893 54
4434 9896 40
4434 9915 38
4434 9897 56
4434 9914 50
4434 9917 29
4434 9918 44
4434 9898 39
4434 10762 0
4434 9916 1
4434 9899 45
4434 9905 13
4434 9919 47
4434 9943 10
4434 10763 15
4434 10764 51
4434 9931 46
4434 9942 18
4434 9932 49
4434 9903 50
4434 9906 20
4434 9920 5
4434 9940 19
4434 9958 20
4434 10765 32
4434 10761 7
4434 9934 38
4434 9933 12
4399 9895 39
4399 9894 38
4399 9912 59
4399 9913 43
4399 9893 24
4399 9896 58
4399 9915 15
4399 9897 11
4399 9914 29
4399 9917 42
4399 9918 5
4399 9898 30
4399 10762 52
4399 9916 26
4399 9899 32
4399 9905 2
4399 9919 27
4399 9943 21
4399 10763 2
4399 10764 53
4399 9931 47
4399 9942 38
4399 9932 18
4399 9903 15
4399 9906 42
4399 9920 29
4399 9940 10
4399 9958 28
4399 10765 50
4399 10761 19
4399 9934 2
4399 9933 46
4401 9895 44
4401 9894 39
4401 9912 34
4401 9913 28
4401 9893 57
4401 9896 20
4401 9915 25
4401 9897 15
4401 9914 1
4401 9917 37
4401 9918 15
4401 9898 55
4401 10762 54
4401 9916 41
4401 9899 56
4401 9905 24
4401 9919 52
4401 9943 15
4401 10763 26
4401 10764 30
4401 9931 20
4401 9942 16
4401 9932 33
4401 9903 60
4401 9906 47
4401 9920 60
4401 9940 58
4401 9958 4
4401 10765 57
4401 10761 49
4401 9934 31
4401 9933 17
4415 9895 53
4415 9894 14
4415 9912 7
4415 9913 55
4415 9893 54
4415 9896 53
4415 9915 42
4415 9897 57
4415 9914 47
4415 9917 38
4415 9918 24
4415 9898 49
4415 10762 12
4415 9916 55
4415 9899 45
4415 9905 59
4415 9919 31
4415 9943 50
4415 10763 42
4415 10764 31
4415 9931 27
4415 9942 53
4415 9932 48
4415 9903 38
4415 9906 3
4415 9920 6
4415 9940 24
4415 9958 32
4415 10765 55
4415 10761 22
4415 9934 32
4415 9933 20
4416 9895 23
4416 9894 33
4416 9912 18
4416 9913 27
4416 9893 10
4416 9896 38
4416 9915 31
4416 9897 51
4416 9914 1
4416 9917 52
4416 9918 54
4416 9898 27
4416 10762 48
4416 9916 51
4416 9899 1
4416 9905 54
4416 9919 57
4416 9943 8
4416 10763 11
4416 10764 40
4416 9931 48
4416 9942 32
4416 9932 50
4416 9903 59
4416 9906 25
4416 9920 9
4416 9940 16
4416 9958 45
4416 10765 54
4416 10761 26
4416 9934 52
4416 9933 16
4453 9895 12
4453 9894 25
4453 9912 9
4453 9913 9
4453 9893 8
4453 9896 45
4453 9915 33
4453 9897 39
4453 9914 12
4453 9917 33
4453 9918 25
4453 9898 31
4453 10762 7
4453 9916 52
4453 9899 56
4453 9905 7
4453 9919 12
4453 9943 15
4453 10763 53
4453 10764 52
4453 9931 51
4453 9942 17
4453 9932 42
4453 9903 35
4453 9906 54
4453 9920 60
4453 9940 53
4453 9958 19
4453 10765 14
4453 10761 0
4453 9934 17
4453 9933 49
4427 9895 26
4427 9894 43
4427 9912 41
4427 9913 15
4427 9893 21
4427 9896 25
4427 9915 53
4427 9897 29
4427 9914 57
4427 9917 20
4427 9918 31
4427 9898 56
4427 10762 48
4427 9916 55
4427 9899 0
4427 9905 23
4427 9919 10
4427 9943 42
4427 10763 22
4427 10764 26
4427 9931 27
4427 9942 24
4427 9932 32
4427 9903 31
4427 9906 33
4427 9920 17
4427 9940 29
4427 9958 42
4427 10765 17
4427 10761 51
4427 9934 37
4427 9933 32
4360 9895 52
4360 9894 38
4360 9912 48
4360 9913 43
4360 9893 37
4360 9896 27
4360 9915 43
4360 9897 4
4360 9914 49
4360 9917 19
4360 9918 48
4360 9898 53
4360 10762 25
4360 9916 38
4360 9899 51
4360 9905 41
4360 9919 16
4360 9943 47
4360 10763 28
4360 10764 36
4360 9931 49
4360 9942 13
4360 9932 2
4360 9903 15
4360 9906 22
4360 9920 31
4360 9940 51
4360 9958 9
4360 10765 9
4360 10761 56
4360 9934 57
4360 9933 50
4385 9895 60
4385 9894 7
4385 9912 19
4385 9913 48
4385 9893 23
4385 9896 35
4385 9915 44
4385 9897 32
4385 9914 50
4385 9917 34
4385 9918 35
4385 9898 50
4385 10762 18
4385 9916 49
4385 9899 49
4385 9905 19
4385 9919 8
4385 9943 55
4385 10763 60
4385 10764 23
4385 9931 33
4385 9942 47
4385 9932 18
4385 9903 41
4385 9906 13
4385 9920 5
4385 9940 26
4385 9958 10
4385 10765 48
4385 10761 55
4385 9934 51
4385 9933 20
