2153 1897 22
2153 1897 45
2153 1893 9
2153 1893 44
2153 1896 39
2153 1896 53
2153 1898 18
2153 1898 55
2153 1889 60
2153 1889 22
2153 1878 4
2153 1878 9
2153 1894 11
2153 1894 4
2153 121 0
2153 121 31
2153 130 38
2153 130 44
2153 1812 15
2153 1812 26
2153 1895 20
2153 1895 25
2153 120 32
2153 120 16
2153 129 48
2153 129 32
2153 1811 60
2153 1811 13
2153 6 60
2153 6 16
2153 1891 13
2153 1891 9
2153 122 51
2153 122 0
2153 131 3
2153 131 32
2153 1809 40
2153 1809 11
2153 0 2
2153 0 30
2153 1883 55
2153 1883 41
2153 1892 2
2153 1892 49
2153 123 11
2153 123 19
2153 1808 21
2153 1808 12
2153 1810 19
2153 1810 32
2153 1 3
2153 1 13
2153 2 37
2153 2 53
2153 1884 24
2153 1884 17
2153 1874 22
2153 1874 46
2153 1890 42
2153 1890 20
2153 124 10
2153 124 33
2153 1806 3
2153 1806 39
2134 1897 54
2134 1897 23
2134 1893 56
2134 1893 17
2134 1896 11
2134 1896 14
2134 1898 47
2134 1898 46
2134 1889 4
2134 1889 8
2134 1878 53
2134 1878 45
2134 1894 19
2134 1894 5
2134 121 33
2134 121 18
2134 130 12
2134 130 58
2134 1812 6
2134 1812 29
2134 1895 21
2134 1895 43
2134 120 34
2134 120 26
2134 129 39
2134 129 49
2134 1811 48
2134 1811 54
2134 6 59
2134 6 6
2134 1891 13
2134 1891 56
2134 122 40
2134 122 13
2134 131 38
2134 131 12
2134 1809 42
2134 1809 36
2134 0 21
2134 0 19
2134 1883 55
2134 1883 29
2134 1892 53
2134 1892 51
2134 123 56
2134 123 15
2134 1808 35
2134 1808 22
2134 1810 46
2134 1810 47
2134 1 19
2134 1 29
2134 2 15
2134 2 51
2134 1884 27
2134 1884 26
2134 1874 4
2134 1874 2
2134 1890 10
2134 1890 22
2134 124 47
2134 124 55
2134 1806 56
2134 1806 7
2146 1897 53
2146 1897 47
2146 1893 12
2146 1893 17
2146 1896 7
2146 1896 53
2146 1898 36
2146 1898 8
2146 1889 33
2146 1889 6
2146 1878 20
2146 1878 29
2146 1894 28
2146 1894 2
2146 121 35
2146 121 42
2146 130 22
2146 130 48
2146 1812 45
2146 1812 25
2146 1895 11
2146 1895 0
2146 120 19
2146 120 40
2146 129 8
2146 129 42
2146 1811 9
2146 1811 59
2146 6 39
2146 6 40
2146 1891 47
2146 1891 35
2146 122 9
2146 122 51
2146 131 12
2146 131 9
2146 1809 42
2146 1809 19
2146 0 59
2146 0 60
2146 1883 36
2146 1883 0
2146 1892 55
2146 1892 57
2146 123 48
2146 123 18
2146 1808 8
2146 1808 45
2146 1810 39
2146 1810 56
2146 1 32
2146 1 44
2146 2 46
2146 2 34
2146 1884 47
2146 1884 35
2146 1874 2
2146 1874 12
2146 1890 15
2146 1890 21
2146 124 29
2146 124 30
2146 1806 8
2146 1806 5
2155 1897 54
2155 1897 57
2155 1893 21
2155 1893 12
2155 1896 45
2155 1896 33
2155 1898 42
2155 1898 18
2155 1889 35
2155 1889 4
2155 1878 12
2155 1878 41
2155 1894 10
2155 1894 15
2155 121 41
2155 121 26
2155 130 50
2155 130 13
2155 1812 28
2155 1812 45
2155 1895 35
2155 1895 41
2155 120 15
2155 120 60
2155 129 37
2155 129 26
2155 1811 15
2155 1811 37
2155 6 12
2155 6 60
2155 1891 50
2155 1891 29
2155 122 56
2155 122 16
2155 131 30
2155 131 18
2155 1809 0
2155 1809 24
2155 0 0
2155 0 25
2155 1883 11
2155 1883 39
2155 1892 55
2155 1892 30
2155 123 9
2155 123 16
2155 1808 29
2155 1808 0
2155 1810 1
2155 1810 29
2155 1 33
2155 1 16
2155 2 44
2155 2 57
2155 1884 60
2155 1884 37
2155 1874 6
2155 1874 41
2155 1890 43
2155 1890 55
2155 124 52
2155 124 14
2155 1806 60
2155 1806 49
2140 1897 18
2140 1897 20
2140 1893 47
2140 1893 38
2140 1896 50
2140 1896 39
2140 1898 25
2140 1898 44
2140 1889 30
2140 1889 21
2140 1878 10
2140 1878 30
2140 1894 41
2140 1894 33
2140 121 46
2140 121 54
2140 130 14
2140 130 53
2140 1812 28
2140 1812 0
2140 1895 14
2140 1895 29
2140 120 46
2140 120 16
2140 129 35
2140 129 18
2140 1811 28
2140 1811 24
2140 6 0
2140 6 41
2140 1891 36
2140 1891 54
2140 122 30
2140 122 19
2140 131 38
2140 131 8
2140 1809 33
2140 1809 5
2140 0 33
2140 0 49
2140 1883 14
2140 1883 29
2140 1892 55
2140 1892 21
2140 123 10
2140 123 2
2140 1808 25
2140 1808 53
2140 1810 51
2140 1810 35
2140 1 40
2140 1 8
2140 2 29
2140 2 1
2140 1884 24
2140 1884 37
2140 1874 0
2140 1874 16
2140 1890 0
2140 1890 2
2140 124 52
2140 124 57
2140 1806 53
2140 1806 53
2133 1897 6
2133 1897 1
2133 1893 12
2133 1893 58
2133 1896 51
2133 1896 49
2133 1898 4
2133 1898 32
2133 1889 39
2133 1889 45
2133 1878 39
2133 1878 24
2133 1894 7
2133 1894 8
2133 121 29
2133 121 60
2133 130 57
2133 130 32
2133 1812 46
2133 1812 41
2133 1895 9
2133 1895 8
2133 120 7
2133 120 60
2133 129 27
2133 129 29
2133 1811 45
2133 1811 1
2133 6 52
2133 6 42
2133 1891 6
2133 1891 45
2133 122 0
2133 122 50
2133 131 48
2133 131 5
2133 1809 44
2133 1809 38
2133 0 28
2133 0 42
2133 1883 32
2133 1883 23
2133 1892 42
2133 1892 33
2133 123 10
2133 123 50
2133 1808 4
2133 1808 5
2133 1810 4
2133 1810 60
2133 1 10
2133 1 60
2133 2 9
2133 2 60
2133 1884 38
2133 1884 5
2133 1874 33
2133 1874 34
2133 1890 21
2133 1890 23
2133 124 44
2133 124 45
2133 1806 9
2133 1806 1
2143 1897 50
2143 1897 45
2143 1893 49
2143 1893 38
2143 1896 29
2143 1896 45
2143 1898 57
2143 1898 50
2143 1889 15
2143 1889 26
2143 1878 35
2143 1878 19
2143 1894 4
2143 1894 0
2143 121 5
2143 121 5
2143 130 4
2143 130 58
2143 1812 4
2143 1812 56
2143 1895 44
2143 1895 25
2143 120 55
2143 120 44
2143 129 55
2143 129 3
2143 1811 57
2143 1811 50
2143 6 43
2143 6 59
2143 1891 21
2143 1891 26
2143 122 1
2143 122 51
2143 131 41
2143 131 31
2143 1809 56
2143 1809 23
2143 0 28
2143 0 55
2143 1883 19
2143 1883 0
2143 1892 32
2143 1892 15
2143 123 46
2143 123 33
2143 1808 32
2143 1808 17
2143 1810 2
2143 1810 53
2143 1 8
2143 1 22
2143 2 25
2143 2 30
2143 1884 33
2143 1884 0
2143 1874 54
2143 1874 10
2143 1890 30
2143 1890 30
2143 124 27
2143 124 51
2143 1806 48
2143 1806 30
2145 1897 59
2145 1897 6
2145 1893 18
2145 1893 37
2145 1896 16
2145 1896 21
2145 1898 60
2145 1898 32
2145 1889 42
2145 1889 38
2145 1878 23
2145 1878 16
2145 1894 53
2145 1894 38
2145 121 49
2145 121 43
2145 130 46
2145 130 13
2145 1812 60
2145 1812 7
2145 1895 52
2145 1895 32
2145 120 49
2145 120 4
2145 129 4
2145 129 43
2145 1811 35
2145 1811 38
2145 6 1
2145 6 50
2145 1891 29
2145 1891 23
2145 122 14
2145 122 26
2145 131 49
2145 131 9
2145 1809 10
2145 1809 35
2145 0 25
2145 0 44
2145 1883 22
2145 1883 36
2145 1892 33
2145 1892 21
2145 123 53
2145 123 26
2145 1808 40
2145 1808 38
2145 1810 14
2145 1810 57
2145 1 34
2145 1 18
2145 2 43
2145 2 48
2145 1884 16
2145 1884 6
2145 1874 25
2145 1874 32
2145 1890 32
2145 1890 53
2145 124 9
2145 124 0
2145 1806 27
2145 1806 6
2154 1897 56
2154 1897 47
2154 1893 44
2154 1893 45
2154 1896 46
2154 1896 3
2154 1898 30
2154 1898 58
2154 1889 52
2154 1889 47
2154 1878 60
2154 1878 60
2154 1894 30
2154 1894 48
2154 121 8
2154 121 50
2154 130 8
2154 130 30
2154 1812 38
2154 1812 28
2154 1895 56
2154 1895 18
2154 120 19
2154 120 39
2154 129 55
2154 129 25
2154 1811 2
2154 1811 36
2154 6 45
2154 6 50
2154 1891 18
2154 1891 55
2154 122 20
2154 122 38
2154 131 17
2154 131 57
2154 1809 46
2154 1809 55
2154 0 47
2154 0 23
2154 1883 31
2154 1883 37
2154 1892 29
2154 1892 57
2154 123 50
2154 123 36
2154 1808 34
2154 1808 55
2154 1810 57
2154 1810 26
2154 1 43
2154 1 16
2154 2 25
2154 2 28
2154 1884 57
2154 1884 34
2154 1874 25
2154 1874 27
2154 1890 39
2154 1890 22
2154 124 13
2154 124 44
2154 1806 26
2154 1806 34
2156 1897 31
2156 1897 58
2156 1893 4
2156 1893 1
2156 1896 3
2156 1896 55
2156 1898 13
2156 1898 12
2156 1889 13
2156 1889 8
2156 1878 28
2156 1878 11
2156 1894 4
2156 1894 18
2156 121 51
2156 121 6
2156 130 29
2156 130 25
2156 1812 3
2156 1812 25
2156 1895 19
2156 1895 46
2156 120 16
2156 120 1
2156 129 14
2156 129 40
2156 1811 26
2156 1811 21
2156 6 26
2156 6 14
2156 1891 13
2156 1891 40
2156 122 17
2156 122 54
2156 131 16
2156 131 41
2156 1809 2
2156 1809 12
2156 0 51
2156 0 28
2156 1883 9
2156 1883 45
2156 1892 20
2156 1892 2
2156 123 27
2156 123 57
2156 1808 57
2156 1808 25
2156 1810 29
2156 1810 48
2156 1 20
2156 1 21
2156 2 2
2156 2 6
2156 1884 50
2156 1884 48
2156 1874 59
2156 1874 45
2156 1890 38
2156 1890 4
2156 124 19
2156 124 51
2156 1806 14
2156 1806 45
2201 1897 2
2201 1897 18
2201 1893 13
2201 1893 44
2201 1896 6
2201 1896 39
2201 1898 30
2201 1898 29
2201 1889 7
2201 1889 49
2201 1878 40
2201 1878 18
2201 1894 21
2201 1894 30
2201 121 2
2201 121 18
2201 130 54
2201 130 19
2201 1812 58
2201 1812 9
2201 1895 10
2201 1895 17
2201 120 3
2201 120 49
2201 129 4
2201 129 22
2201 1811 19
2201 1811 23
2201 6 34
2201 6 17
2201 1891 59
2201 1891 48
2201 122 2
2201 122 7
2201 131 49
2201 131 45
2201 1809 42
2201 1809 57
2201 0 0
2201 0 13
2201 1883 13
2201 1883 16
2201 1892 6
2201 1892 9
2201 123 19
2201 123 5
2201 1808 41
2201 1808 58
2201 1810 3
2201 1810 7
2201 1 58
2201 1 52
2201 2 15
2201 2 6
2201 1884 6
2201 1884 17
2201 1874 44
2201 1874 19
2201 1890 26
2201 1890 10
2201 124 57
2201 124 50
2201 1806 25
2201 1806 35
2136 1897 32
2136 1897 12
2136 1893 58
2136 1893 22
2136 1896 8
2136 1896 54
2136 1898 28
2136 1898 29
2136 1889 17
2136 1889 37
2136 1878 38
2136 1878 12
2136 1894 58
2136 1894 8
2136 121 39
2136 121 24
2136 130 34
2136 130 10
2136 1812 49
2136 1812 8
2136 1895 30
2136 1895 15
2136 120 12
2136 120 7
2136 129 46
2136 129 47
2136 1811 59
2136 1811 33
2136 6 55
2136 6 60
2136 1891 25
2136 1891 44
2136 122 48
2136 122 17
2136 131 41
2136 131 28
2136 1809 0
2136 1809 13
2136 0 1
2136 0 51
2136 1883 7
2136 1883 14
2136 1892 42
2136 1892 32
2136 123 32
2136 123 52
2136 1808 38
2136 1808 20
2136 1810 19
2136 1810 9
2136 1 2
2136 1 51
2136 2 7
2136 2 37
2136 1884 6
2136 1884 34
2136 1874 52
2136 1874 20
2136 1890 59
2136 1890 30
2136 124 34
2136 124 35
2136 1806 15
2136 1806 44
2198 1897 20
2198 1897 29
2198 1893 8
2198 1893 42
2198 1896 12
2198 1896 17
2198 1898 57
2198 1898 23
2198 1889 12
2198 1889 54
2198 1878 29
2198 1878 23
2198 1894 2
2198 1894 50
2198 121 45
2198 121 4
2198 130 18
2198 130 42
2198 1812 52
2198 1812 22
2198 1895 8
2198 1895 48
2198 120 43
2198 120 34
2198 129 59
2198 129 36
2198 1811 36
2198 1811 4
2198 6 22
2198 6 58
2198 1891 50
2198 1891 10
2198 122 24
2198 122 13
2198 131 14
2198 131 11
2198 1809 52
2198 1809 48
2198 0 27
2198 0 10
2198 1883 33
2198 1883 18
2198 1892 32
2198 1892 40
2198 123 28
2198 123 1
2198 1808 0
2198 1808 51
2198 1810 41
2198 1810 50
2198 1 47
2198 1 60
2198 2 53
2198 2 39
2198 1884 6
2198 1884 29
2198 1874 44
2198 1874 16
2198 1890 51
2198 1890 11
2198 124 39
2198 124 31
2198 1806 8
2198 1806 38
2128 1897 27
2128 1897 55
2128 1893 19
2128 1893 46
2128 1896 0
2128 1896 49
2128 1898 36
2128 1898 3
2128 1889 15
2128 1889 29
2128 1878 24
2128 1878 27
2128 1894 32
2128 1894 43
2128 121 8
2128 121 58
2128 130 10
2128 130 19
2128 1812 2
2128 1812 50
2128 1895 16
2128 1895 50
2128 120 6
2128 120 38
2128 129 10
2128 129 43
2128 1811 13
2128 1811 46
2128 6 40
2128 6 58
2128 1891 14
2128 1891 25
2128 122 39
2128 122 43
2128 131 53
2128 131 26
2128 1809 42
2128 1809 37
2128 0 59
2128 0 42
2128 1883 1
2128 1883 28
2128 1892 50
2128 1892 9
2128 123 28
2128 123 8
2128 1808 40
2128 1808 18
2128 1810 47
2128 1810 54
2128 1 56
2128 1 25
2128 2 5
2128 2 59
2128 1884 8
2128 1884 5
2128 1874 57
2128 1874 34
2128 1890 19
2128 1890 53
2128 124 50
2128 124 18
2128 1806 8
2128 1806 41
2135 1897 43
2135 1897 14
2135 1893 60
2135 1893 41
2135 1896 45
2135 1896 33
2135 1898 39
2135 1898 60
2135 1889 35
2135 1889 35
2135 1878 4
2135 1878 33
2135 1894 9
2135 1894 9
2135 121 12
2135 121 20
2135 130 42
2135 130 24
2135 1812 48
2135 1812 35
2135 1895 38
2135 1895 9
2135 120 18
2135 120 3
2135 129 43
2135 129 42
2135 1811 49
2135 1811 59
2135 6 44
2135 6 38
2135 1891 57
2135 1891 32
2135 122 33
2135 122 41
2135 131 31
2135 131 37
2135 1809 59
2135 1809 10
2135 0 34
2135 0 13
2135 1883 13
2135 1883 15
2135 1892 22
2135 1892 37
2135 123 11
2135 123 56
2135 1808 47
2135 1808 5
2135 1810 8
2135 1810 28
2135 1 44
2135 1 14
2135 2 41
2135 2 51
2135 1884 2
2135 1884 47
2135 1874 11
2135 1874 20
2135 1890 43
2135 1890 48
2135 124 10
2135 124 54
2135 1806 49
2135 1806 56
2142 1897 16
2142 1897 43
2142 1893 43
2142 1893 36
2142 1896 42
2142 1896 42
2142 1898 11
2142 1898 21
2142 1889 12
2142 1889 12
2142 1878 55
2142 1878 41
2142 1894 57
2142 1894 41
2142 121 48
2142 121 50
2142 130 12
2142 130 39
2142 1812 46
2142 1812 1
2142 1895 21
2142 1895 25
2142 120 6
2142 120 54
2142 129 49
2142 129 49
2142 1811 6
2142 1811 17
2142 6 10
2142 6 18
2142 1891 4
2142 1891 37
2142 122 25
2142 122 24
2142 131 6
2142 131 34
2142 1809 25
2142 1809 60
2142 0 8
2142 0 31
2142 1883 40
2142 1883 57
2142 1892 14
2142 1892 31
2142 123 8
2142 123 7
2142 1808 54
2142 1808 13
2142 1810 0
2142 1810 51
2142 1 3
2142 1 6
2142 2 27
2142 2 60
2142 1884 16
2142 1884 18
2142 1874 23
2142 1874 31
2142 1890 9
2142 1890 20
2142 124 60
2142 124 15
2142 1806 45
2142 1806 15
2144 1897 30
2144 1897 57
2144 1893 2
2144 1893 60
2144 1896 38
2144 1896 33
2144 1898 11
2144 1898 0
2144 1889 3
2144 1889 37
2144 1878 9
2144 1878 20
2144 1894 1
2144 1894 30
2144 121 47
2144 121 6
2144 130 57
2144 130 0
2144 1812 42
2144 1812 1
2144 1895 22
2144 1895 40
2144 120 41
2144 120 45
2144 129 55
2144 129 21
2144 1811 37
2144 1811 44
2144 6 34
2144 6 1
2144 1891 54
2144 1891 35
2144 122 54
2144 122 56
2144 131 48
2144 131 59
2144 1809 46
2144 1809 20
2144 0 47
2144 0 20
2144 1883 22
2144 1883 23
2144 1892 37
2144 1892 10
2144 123 37
2144 123 60
2144 1808 46
2144 1808 16
2144 1810 53
2144 1810 19
2144 1 2
2144 1 17
2144 2 35
2144 2 46
2144 1884 35
2144 1884 1
2144 1874 19
2144 1874 34
2144 1890 14
2144 1890 27
2144 124 20
2144 124 60
2144 1806 13
2144 1806 59
2151 1897 4
2151 1897 56
2151 1893 24
2151 1893 41
2151 1896 14
2151 1896 20
2151 1898 13
2151 1898 16
2151 1889 31
2151 1889 58
2151 1878 44
2151 1878 54
2151 1894 9
2151 1894 17
2151 121 27
2151 121 7
2151 130 2
2151 130 57
2151 1812 35
2151 1812 13
2151 1895 9
2151 1895 0
2151 120 39
2151 120 5
2151 129 34
2151 129 44
2151 1811 16
2151 1811 11
2151 6 39
2151 6 23
2151 1891 19
2151 1891 8
2151 122 41
2151 122 9
2151 131 44
2151 131 14
2151 1809 41
2151 1809 35
2151 0 39
2151 0 33
2151 1883 50
2151 1883 58
2151 1892 25
2151 1892 10
2151 123 49
2151 123 12
2151 1808 16
2151 1808 14
2151 1810 56
2151 1810 36
2151 1 2
2151 1 21
2151 2 4
2151 2 1
2151 1884 21
2151 1884 19
2151 1874 28
2151 1874 11
2151 1890 8
2151 1890 1
2151 124 19
2151 124 15
2151 1806 4
2151 1806 5
2152 1897 17
2152 1897 56
2152 1893 51
2152 1893 44
2152 1896 27
2152 1896 26
2152 1898 57
2152 1898 57
2152 1889 31
2152 1889 25
2152 1878 48
2152 1878 39
2152 1894 44
2152 1894 28
2152 121 8
2152 121 12
2152 130 25
2152 130 41
2152 1812 39
2152 1812 13
2152 1895 50
2152 1895 28
2152 120 60
2152 120 58
2152 129 42
2152 129 38
2152 1811 49
2152 1811 18
2152 6 3
2152 6 58
2152 1891 21
2152 1891 57
2152 122 41
2152 122 44
2152 131 51
2152 131 42
2152 1809 1
2152 1809 30
2152 0 47
2152 0 38
2152 1883 30
2152 1883 26
2152 1892 28
2152 1892 7
2152 123 8
2152 123 40
2152 1808 19
2152 1808 53
2152 1810 56
2152 1810 58
2152 1 37
2152 1 2
2152 2 23
2152 2 1
2152 1884 49
2152 1884 21
2152 1874 27
2152 1874 48
2152 1890 32
2152 1890 18
2152 124 49
2152 124 24
2152 1806 47
2152 1806 56
2159 1897 55
2159 1897 30
2159 1893 38
2159 1893 17
2159 1896 20
2159 1896 34
2159 1898 14
2159 1898 13
2159 1889 38
2159 1889 38
2159 1878 47
2159 1878 2
2159 1894 7
2159 1894 28
2159 121 39
2159 121 5
2159 130 52
2159 130 26
2159 1812 14
2159 1812 0
2159 1895 46
2159 1895 4
2159 120 46
2159 120 36
2159 129 37
2159 129 14
2159 1811 2
2159 1811 17
2159 6 34
2159 6 16
2159 1891 42
2159 1891 48
2159 122 32
2159 122 6
2159 131 43
2159 131 48
2159 1809 6
2159 1809 28
2159 0 19
2159 0 8
2159 1883 34
2159 1883 51
2159 1892 53
2159 1892 28
2159 123 2
2159 123 6
2159 1808 29
2159 1808 31
2159 1810 20
2159 1810 33
2159 1 25
2159 1 9
2159 2 31
2159 2 54
2159 1884 17
2159 1884 15
2159 1874 51
2159 1874 28
2159 1890 20
2159 1890 21
2159 124 37
2159 124 19
2159 1806 32
2159 1806 4
2202 1897 38
2202 1897 28
2202 1893 6
2202 1893 26
2202 1896 51
2202 1896 47
2202 1898 60
2202 1898 58
2202 1889 27
2202 1889 10
2202 1878 49
2202 1878 10
2202 1894 23
2202 1894 4
2202 121 7
2202 121 19
2202 130 18
2202 130 31
2202 1812 44
2202 1812 52
2202 1895 22
2202 1895 19
2202 120 18
2202 120 5
2202 129 18
2202 129 57
2202 1811 54
2202 1811 18
2202 6 48
2202 6 23
2202 1891 37
2202 1891 1
2202 122 16
2202 122 20
2202 131 31
2202 131 21
2202 1809 25
2202 1809 7
2202 0 0
2202 0 52
2202 1883 42
2202 1883 59
2202 1892 35
2202 1892 37
2202 123 11
2202 123 13
2202 1808 42
2202 1808 12
2202 1810 7
2202 1810 60
2202 1 41
2202 1 48
2202 2 43
2202 2 33
2202 1884 21
2202 1884 32
2202 1874 29
2202 1874 46
2202 1890 26
2202 1890 31
2202 124 27
2202 124 31
2202 1806 7
2202 1806 58
954 1897 5
954 1897 52
954 1893 16
954 1893 21
954 1896 14
954 1896 50
954 1898 46
954 1898 3
954 1889 55
954 1889 43
954 1878 37
954 1878 58
954 1894 4
954 1894 46
954 121 55
954 121 49
954 130 18
954 130 31
954 1812 42
954 1812 15
954 1895 43
954 1895 39
954 120 23
954 120 39
954 129 54
954 129 4
954 1811 19
954 1811 1
954 6 44
954 6 13
954 1891 13
954 1891 59
954 122 16
954 122 5
954 131 31
954 131 21
954 1809 31
954 1809 21
954 0 11
954 0 51
954 1883 13
954 1883 9
954 1892 19
954 1892 4
954 123 23
954 123 19
954 1808 13
954 1808 32
954 1810 35
954 1810 8
954 1 11
954 1 5
954 2 38
954 2 39
954 1884 51
954 1884 58
954 1874 34
954 1874 53
954 1890 3
954 1890 24
954 124 44
954 124 17
954 1806 1
954 1806 1
2200 1897 58
2200 1897 44
2200 1893 29
2200 1893 41
2200 1896 31
2200 1896 60
2200 1898 56
2200 1898 46
2200 1889 7
2200 1889 7
2200 1878 48
2200 1878 22
2200 1894 44
2200 1894 6
2200 121 13
2200 121 21
2200 130 44
2200 130 43
2200 1812 50
2200 1812 57
2200 1895 50
2200 1895 15
2200 120 29
2200 120 18
2200 129 34
2200 129 39
2200 1811 39
2200 1811 19
2200 6 47
2200 6 16
2200 1891 40
2200 1891 51
2200 122 1
2200 122 29
2200 131 23
2200 131 5
2200 1809 20
2200 1809 45
2200 0 15
2200 0 13
2200 1883 8
2200 1883 38
2200 1892 22
2200 1892 34
2200 123 25
2200 123 28
2200 1808 32
2200 1808 47
2200 1810 16
2200 1810 33
2200 1 43
2200 1 16
2200 2 0
2200 2 36
2200 1884 45
2200 1884 49
2200 1874 17
2200 1874 36
2200 1890 38
2200 1890 0
2200 124 42
2200 124 20
2200 1806 10
2200 1806 48
2138 1897 42
2138 1897 47
2138 1893 17
2138 1893 17
2138 1896 43
2138 1896 35
2138 1898 60
2138 1898 41
2138 1889 27
2138 1889 45
2138 1878 23
2138 1878 27
2138 1894 7
2138 1894 28
2138 121 36
2138 121 6
2138 130 11
2138 130 33
2138 1812 57
2138 1812 2
2138 1895 26
2138 1895 4
2138 120 15
2138 120 14
2138 129 41
2138 129 19
2138 1811 3
2138 1811 32
2138 6 7
2138 6 42
2138 1891 3
2138 1891 24
2138 122 30
2138 122 43
2138 131 41
2138 131 48
2138 1809 3
2138 1809 2
2138 0 55
2138 0 1
2138 1883 42
2138 1883 14
2138 1892 32
2138 1892 5
2138 123 32
2138 123 41
2138 1808 41
2138 1808 23
2138 1810 24
2138 1810 16
2138 1 44
2138 1 59
2138 2 15
2138 2 19
2138 1884 36
2138 1884 2
2138 1874 54
2138 1874 58
2138 1890 17
2138 1890 8
2138 124 41
2138 124 33
2138 1806 34
2138 1806 29
2197 1897 40
2197 1897 33
2197 1893 38
2197 1893 57
2197 1896 38
2197 1896 36
2197 1898 32
2197 1898 54
2197 1889 52
2197 1889 2
2197 1878 13
2197 1878 15
2197 1894 0
2197 1894 27
2197 121 39
2197 121 59
2197 130 4
2197 130 38
2197 1812 21
2197 1812 12
2197 1895 22
2197 1895 13
2197 120 26
2197 120 13
2197 129 53
2197 129 26
2197 1811 47
2197 1811 22
2197 6 46
2197 6 48
2197 1891 48
2197 1891 48
2197 122 1
2197 122 38
2197 131 54
2197 131 32
2197 1809 42
2197 1809 22
2197 0 22
2197 0 13
2197 1883 58
2197 1883 6
2197 1892 22
2197 1892 29
2197 123 25
2197 123 24
2197 1808 53
2197 1808 5
2197 1810 40
2197 1810 51
2197 1 31
2197 1 51
2197 2 22
2197 2 24
2197 1884 3
2197 1884 50
2197 1874 12
2197 1874 14
2197 1890 51
2197 1890 57
2197 124 5
2197 124 18
2197 1806 55
2197 1806 33
2125 1897 3
2125 1897 5
2125 1893 49
2125 1893 28
2125 1896 27
2125 1896 1
2125 1898 22
2125 1898 50
2125 1889 6
2125 1889 46
2125 1878 1
2125 1878 19
2125 1894 18
2125 1894 10
2125 121 11
2125 121 33
2125 130 27
2125 130 11
2125 1812 41
2125 1812 30
2125 1895 22
2125 1895 1
2125 120 24
2125 120 18
2125 129 44
2125 129 23
2125 1811 8
2125 1811 4
2125 6 8
2125 6 50
2125 1891 46
2125 1891 56
2125 122 30
2125 122 44
2125 131 23
2125 131 29
2125 1809 47
2125 1809 27
2125 0 41
2125 0 23
2125 1883 22
2125 1883 20
2125 1892 25
2125 1892 32
2125 123 49
2125 123 52
2125 1808 49
2125 1808 21
2125 1810 49
2125 1810 49
2125 1 33
2125 1 47
2125 2 12
2125 2 39
2125 1884 53
2125 1884 35
2125 1874 29
2125 1874 13
2125 1890 3
2125 1890 10
2125 124 57
2125 124 49
2125 1806 12
2125 1806 60
2137 1897 23
2137 1897 22
2137 1893 20
2137 1893 51
2137 1896 54
2137 1896 58
2137 1898 60
2137 1898 52
2137 1889 22
2137 1889 14
2137 1878 55
2137 1878 49
2137 1894 9
2137 1894 39
2137 121 36
2137 121 19
2137 130 1
2137 130 26
2137 1812 47
2137 1812 20
2137 1895 58
2137 1895 41
2137 120 44
2137 120 54
2137 129 12
2137 129 33
2137 1811 38
2137 1811 16
2137 6 8
2137 6 57
2137 1891 59
2137 1891 28
2137 122 55
2137 122 25
2137 131 19
2137 131 27
2137 1809 21
2137 1809 45
2137 0 39
2137 0 7
2137 1883 18
2137 1883 12
2137 1892 49
2137 1892 25
2137 123 7
2137 123 9
2137 1808 34
2137 1808 25
2137 1810 34
2137 1810 52
2137 1 53
2137 1 58
2137 2 49
2137 2 51
2137 1884 57
2137 1884 1
2137 1874 24
2137 1874 5
2137 1890 13
2137 1890 19
2137 124 7
2137 124 37
2137 1806 35
2137 1806 22
2141 1897 35
2141 1897 14
2141 1893 39
2141 1893 36
2141 1896 45
2141 1896 5
2141 1898 15
2141 1898 32
2141 1889 41
2141 1889 38
2141 1878 37
2141 1878 41
2141 1894 46
2141 1894 44
2141 121 46
2141 121 27
2141 130 15
2141 130 15
2141 1812 44
2141 1812 46
2141 1895 31
2141 1895 51
2141 120 5
2141 120 27
2141 129 4
2141 129 58
2141 1811 6
2141 1811 35
2141 6 10
2141 6 27
2141 1891 8
2141 1891 26
2141 122 8
2141 122 29
2141 131 53
2141 131 33
2141 1809 31
2141 1809 21
2141 0 3
2141 0 60
2141 1883 45
2141 1883 23
2141 1892 39
2141 1892 35
2141 123 34
2141 123 34
2141 1808 50
2141 1808 5
2141 1810 32
2141 1810 24
2141 1 33
2141 1 24
2141 2 50
2141 2 19
2141 1884 54
2141 1884 10
2141 1874 30
2141 1874 21
2141 1890 30
2141 1890 17
2141 124 56
2141 124 16
2141 1806 17
2141 1806 7
2150 1897 2
2150 1897 60
2150 1893 36
2150 1893 26
2150 1896 3
2150 1896 24
2150 1898 15
2150 1898 38
2150 1889 8
2150 1889 18
2150 1878 48
2150 1878 32
2150 1894 55
2150 1894 23
2150 121 37
2150 121 52
2150 130 20
2150 130 1
2150 1812 19
2150 1812 3
2150 1895 25
2150 1895 15
2150 120 23
2150 120 43
2150 129 39
2150 129 48
2150 1811 5
2150 1811 57
2150 6 44
2150 6 44
2150 1891 40
2150 1891 6
2150 122 29
2150 122 34
2150 131 12
2150 131 24
2150 1809 36
2150 1809 38
2150 0 11
2150 0 35
2150 1883 40
2150 1883 26
2150 1892 35
2150 1892 16
2150 123 15
2150 123 5
2150 1808 38
2150 1808 15
2150 1810 44
2150 1810 4
2150 1 30
2150 1 55
2150 2 42
2150 2 60
2150 1884 21
2150 1884 19
2150 1874 3
2150 1874 44
2150 1890 28
2150 1890 51
2150 124 45
2150 124 54
2150 1806 41
2150 1806 18
2158 1897 48
2158 1897 41
2158 1893 30
2158 1893 17
2158 1896 14
2158 1896 2
2158 1898 52
2158 1898 45
2158 1889 8
2158 1889 60
2158 1878 51
2158 1878 21
2158 1894 53
2158 1894 25
2158 121 44
2158 121 13
2158 130 5
2158 130 34
2158 1812 33
2158 1812 13
2158 1895 56
2158 1895 5
2158 120 49
2158 120 56
2158 129 7
2158 129 6
2158 1811 7
2158 1811 14
2158 6 23
2158 6 41
2158 1891 60
2158 1891 4
2158 122 46
2158 122 10
2158 131 23
2158 131 7
2158 1809 57
2158 1809 50
2158 0 1
2158 0 26
2158 1883 60
2158 1883 13
2158 1892 15
2158 1892 27
2158 123 34
2158 123 10
2158 1808 1
2158 1808 3
2158 1810 16
2158 1810 26
2158 1 8
2158 1 34
2158 2 32
2158 2 51
2158 1884 5
2158 1884 10
2158 1874 48
2158 1874 21
2158 1890 55
2158 1890 43
2158 124 47
2158 124 22
2158 1806 30
2158 1806 38
2160 1897 58
2160 1897 34
2160 1893 32
2160 1893 32
2160 1896 42
2160 1896 29
2160 1898 56
2160 1898 58
2160 1889 11
2160 1889 54
2160 1878 2
2160 1878 37
2160 1894 35
2160 1894 8
2160 121 53
2160 121 50
2160 130 40
2160 130 17
2160 1812 34
2160 1812 53
2160 1895 25
2160 1895 2
2160 120 8
2160 120 38
2160 129 40
2160 129 7
2160 1811 60
2160 1811 44
2160 6 41
2160 6 26
2160 1891 39
2160 1891 27
2160 122 27
2160 122 18
2160 131 50
2160 131 28
2160 1809 21
2160 1809 40
2160 0 45
2160 0 43
2160 1883 57
2160 1883 56
2160 1892 18
2160 1892 48
2160 123 18
2160 123 51
2160 1808 30
2160 1808 37
2160 1810 55
2160 1810 22
2160 1 42
2160 1 17
2160 2 36
2160 2 30
2160 1884 49
2160 1884 50
2160 1874 37
2160 1874 46
2160 1890 29
2160 1890 29
2160 124 22
2160 124 49
2160 1806 31
2160 1806 44
963 1897 17
963 1897 53
963 1893 4
963 1893 59
963 1896 30
963 1896 57
963 1898 46
963 1898 53
963 1889 48
963 1889 8
963 1878 0
963 1878 48
963 1894 57
963 1894 49
963 121 42
963 121 42
963 130 50
963 130 37
963 1812 51
963 1812 20
963 1895 54
963 1895 0
963 120 54
963 120 48
963 129 4
963 129 38
963 1811 54
963 1811 35
963 6 45
963 6 2
963 1891 9
963 1891 16
963 122 7
963 122 56
963 131 21
963 131 38
963 1809 10
963 1809 15
963 0 50
963 0 2
963 1883 19
963 1883 60
963 1892 55
963 1892 24
963 123 29
963 123 35
963 1808 43
963 1808 57
963 1810 8
963 1810 2
963 1 47
963 1 12
963 2 13
963 2 7
963 1884 33
963 1884 46
963 1874 42
963 1874 39
963 1890 3
963 1890 39
963 124 17
963 124 36
963 1806 52
963 1806 30
