7818 5371 42
7818 5370 26
7818 5355 10
7818 5362 25
7818 5376 17
7818 5282 14
7818 5368 1
7818 5375 34
7818 5353 33
7818 5256 22
7818 5360 7
7818 5378 39
7818 5401 43
7818 5281 12
7818 5252 7
7818 5367 19
7818 5377 23
7818 5402 15
7818 5354 37
7818 5257 39
7818 5243 51
7818 5361 51
7818 5398 6
7818 5399 5
7818 5410 1
7818 5251 20
7818 5283 47
7818 5242 51
7818 5369 58
7818 5383 4
7818 5404 17
7818 5412 31
7817 5371 17
7817 5370 30
7817 5355 11
7817 5362 51
7817 5376 43
7817 5282 19
7817 5368 54
7817 5375 33
7817 5353 42
7817 5256 48
7817 5360 9
7817 5378 60
7817 5401 41
7817 5281 7
7817 5252 4
7817 5367 46
7817 5377 44
7817 5402 29
7817 5354 46
7817 5257 13
7817 5243 60
7817 5361 29
7817 5398 35
7817 5399 10
7817 5410 30
7817 5251 36
7817 5283 28
7817 5242 25
7817 5369 25
7817 5383 31
7817 5404 2
7817 5412 54
7816 5371 54
7816 5370 11
7816 5355 46
7816 5362 37
7816 5376 1
7816 5282 42
7816 5368 36
7816 5375 46
7816 5353 0
7816 5256 31
7816 5360 15
7816 5378 26
7816 5401 12
7816 5281 55
7816 5252 15
7816 5367 55
7816 5377 11
7816 5402 17
7816 5354 15
7816 5257 9
7816 5243 43
7816 5361 28
7816 5398 32
7816 5399 0
7816 5410 8
7816 5251 19
7816 5283 46
7816 5242 42
7816 5369 58
7816 5383 36
7816 5404 37
7816 5412 53
7824 5371 28
7824 5370 4
7824 5355 33
7824 5362 17
7824 5376 56
7824 5282 12
7824 5368 6
7824 5375 57
7824 5353 36
7824 5256 33
7824 5360 0
7824 5378 33
7824 5401 23
7824 5281 60
7824 5252 37
7824 5367 45
7824 5377 40
7824 5402 56
7824 5354 1
7824 5257 16
7824 5243 56
7824 5361 9
7824 5398 24
7824 5399 23
7824 5410 42
7824 5251 32
7824 5283 47
7824 5242 16
7824 5369 44
7824 5383 39
7824 5404 39
7824 5412 39
7828 5371 0
7828 5370 43
7828 5355 12
7828 5362 27
7828 5376 17
7828 5282 55
7828 5368 26
7828 5375 15
7828 5353 34
7828 5256 19
7828 5360 51
7828 5378 38
7828 5401 19
7828 5281 15
7828 5252 44
7828 5367 45
7828 5377 17
7828 5402 57
7828 5354 41
7828 5257 60
7828 5243 57
7828 5361 39
7828 5398 57
7828 5399 22
7828 5410 29
7828 5251 47
7828 5283 40
7828 5242 8
7828 5369 27
7828 5383 47
7828 5404 5
7828 5412 19
7807 5371 11
7807 5370 60
7807 5355 40
7807 5362 46
7807 5376 14
7807 5282 18
7807 5368 19
7807 5375 47
7807 5353 27
7807 5256 14
7807 5360 15
7807 5378 53
7807 5401 59
7807 5281 56
7807 5252 10
7807 5367 44
7807 5377 7
7807 5402 57
7807 5354 55
7807 5257 12
7807 5243 55
7807 5361 22
7807 5398 37
7807 5399 14
7807 5410 5
7807 5251 53
7807 5283 24
7807 5242 33
7807 5369 58
7807 5383 32
7807 5404 27
7807 5412 26
7819 5371 44
7819 5370 18
7819 5355 9
7819 5362 4
7819 5376 54
7819 5282 49
7819 5368 31
7819 5375 24
7819 5353 36
7819 5256 25
7819 5360 44
7819 5378 29
7819 5401 6
7819 5281 37
7819 5252 54
7819 5367 3
7819 5377 57
7819 5402 9
7819 5354 28
7819 5257 1
7819 5243 31
7819 5361 39
7819 5398 53
7819 5399 60
7819 5410 33
7819 5251 22
7819 5283 42
7819 5242 41
7819 5369 48
7819 5383 43
7819 5404 34
7819 5412 49
7827 5371 28
7827 5370 47
7827 5355 54
7827 5362 55
7827 5376 25
7827 5282 37
7827 5368 12
7827 5375 17
7827 5353 44
7827 5256 53
7827 5360 26
7827 5378 24
7827 5401 55
7827 5281 15
7827 5252 51
7827 5367 51
7827 5377 22
7827 5402 31
7827 5354 47
7827 5257 36
7827 5243 29
7827 5361 26
7827 5398 59
7827 5399 14
7827 5410 46
7827 5251 11
7827 5283 31
7827 5242 3
7827 5369 55
7827 5383 25
7827 5404 43
7827 5412 53
7815 5371 52
7815 5370 35
7815 5355 28
7815 5362 46
7815 5376 2
7815 5282 0
7815 5368 47
7815 5375 4
7815 5353 16
7815 5256 22
7815 5360 56
7815 5378 55
7815 5401 24
7815 5281 2
7815 5252 53
7815 5367 41
7815 5377 40
7815 5402 26
7815 5354 51
7815 5257 55
7815 5243 53
7815 5361 59
7815 5398 28
7815 5399 18
7815 5410 49
7815 5251 27
7815 5283 37
7815 5242 29
7815 5369 55
7815 5383 22
7815 5404 42
7815 5412 34
7820 5371 4
7820 5370 8
7820 5355 9
7820 5362 12
7820 5376 46
7820 5282 27
7820 5368 42
7820 5375 52
7820 5353 37
7820 5256 15
7820 5360 39
7820 5378 31
7820 5401 13
7820 5281 51
7820 5252 3
7820 5367 51
7820 5377 31
7820 5402 41
7820 5354 7
7820 5257 16
7820 5243 12
7820 5361 7
7820 5398 35
7820 5399 36
7820 5410 53
7820 5251 53
7820 5283 29
7820 5242 24
7820 5369 43
7820 5383 33
7820 5404 5
7820 5412 18
7825 5371 2
7825 5370 49
7825 5355 38
7825 5362 29
7825 5376 40
7825 5282 32
7825 5368 32
7825 5375 5
7825 5353 48
7825 5256 51
7825 5360 25
7825 5378 54
7825 5401 23
7825 5281 55
7825 5252 13
7825 5367 15
7825 5377 7
7825 5402 29
7825 5354 0
7825 5257 32
7825 5243 6
7825 5361 7
7825 5398 29
7825 5399 1
7825 5410 32
7825 5251 43
7825 5283 30
7825 5242 53
7825 5369 15
7825 5383 3
7825 5404 9
7825 5412 5
7841 5371 0
7841 5370 17
7841 5355 23
7841 5362 19
7841 5376 41
7841 5282 22
7841 5368 0
7841 5375 44
7841 5353 26
7841 5256 24
7841 5360 42
7841 5378 48
7841 5401 43
7841 5281 45
7841 5252 21
7841 5367 44
7841 5377 52
7841 5402 36
7841 5354 40
7841 5257 41
7841 5243 37
7841 5361 0
7841 5398 35
7841 5399 17
7841 5410 6
7841 5251 58
7841 5283 5
7841 5242 28
7841 5369 35
7841 5383 5
7841 5404 5
7841 5412 21
7842 5371 33
7842 5370 33
7842 5355 0
7842 5362 11
7842 5376 3
7842 5282 45
7842 5368 37
7842 5375 17
7842 5353 47
7842 5256 57
7842 5360 41
7842 5378 46
7842 5401 22
7842 5281 52
7842 5252 0
7842 5367 18
7842 5377 36
7842 5402 48
7842 5354 2
7842 5257 39
7842 5243 23
7842 5361 57
7842 5398 1
7842 5399 57
7842 5410 60
7842 5251 33
7842 5283 41
7842 5242 22
7842 5369 57
7842 5383 8
7842 5404 23
7842 5412 59
7806 5371 40
7806 5370 13
7806 5355 53
7806 5362 36
7806 5376 50
7806 5282 46
7806 5368 39
7806 5375 8
7806 5353 25
7806 5256 51
7806 5360 28
7806 5378 21
7806 5401 28
7806 5281 4
7806 5252 22
7806 5367 41
7806 5377 13
7806 5402 12
7806 5354 31
7806 5257 35
7806 5243 58
7806 5361 2
7806 5398 7
7806 5399 15
7806 5410 55
7806 5251 40
7806 5283 49
7806 5242 8
7806 5369 48
7806 5383 36
7806 5404 28
7806 5412 26
7809 5371 44
7809 5370 21
7809 5355 14
7809 5362 17
7809 5376 39
7809 5282 7
7809 5368 16
7809 5375 21
7809 5353 7
7809 5256 60
7809 5360 40
7809 5378 38
7809 5401 25
7809 5281 2
7809 5252 48
7809 5367 5
7809 5377 37
7809 5402 52
7809 5354 6
7809 5257 37
7809 5243 39
7809 5361 60
7809 5398 31
7809 5399 3
7809 5410 58
7809 5251 49
7809 5283 20
7809 5242 20
7809 5369 47
7809 5383 44
7809 5404 41
7809 5412 22
7633 5371 22
7633 5370 46
7633 5355 4
7633 5362 1
7633 5376 47
7633 5282 35
7633 5368 7
7633 5375 9
7633 5353 21
7633 5256 29
7633 5360 54
7633 5378 44
7633 5401 14
7633 5281 43
7633 5252 44
7633 5367 48
7633 5377 10
7633 5402 21
7633 5354 54
7633 5257 36
7633 5243 32
7633 5361 38
7633 5398 32
7633 5399 14
7633 5410 22
7633 5251 7
7633 5283 42
7633 5242 40
7633 5369 40
7633 5383 24
7633 5404 16
7633 5412 59
7829 5371 46
7829 5370 43
7829 5355 31
7829 5362 5
7829 5376 29
7829 5282 29
7829 5368 41
7829 5375 53
7829 5353 19
7829 5256 17
7829 5360 41
7829 5378 10
7829 5401 45
7829 5281 56
7829 5252 9
7829 5367 15
7829 5377 24
7829 5402 56
7829 5354 44
7829 5257 48
7829 5243 28
7829 5361 11
7829 5398 46
7829 5399 49
7829 5410 32
7829 5251 30
7829 5283 40
7829 5242 30
7829 5369 26
7829 5383 20
7829 5404 42
7829 5412 41
7844 5371 17
7844 5370 60
7844 5355 27
7844 5362 12
7844 5376 12
7844 5282 33
7844 5368 55
7844 5375 2
7844 5353 26
7844 5256 15
7844 5360 21
7844 5378 4
7844 5401 7
7844 5281 55
7844 5252 27
7844 5367 25
7844 5377 23
7844 5402 0
7844 5354 10
7844 5257 6
7844 5243 31
7844 5361 50
7844 5398 26
7844 5399 28
7844 5410 8
7844 5251 20
7844 5283 2
7844 5242 33
7844 5369 60
7844 5383 42
7844 5404 42
7844 5412 14
7821 5371 58
7821 5370 52
7821 5355 38
7821 5362 52
7821 5376 41
7821 5282 47
7821 5368 45
7821 5375 10
7821 5353 38
7821 5256 59
7821 5360 38
7821 5378 40
7821 5401 3
7821 5281 34
7821 5252 3
7821 5367 36
7821 5377 34
7821 5402 25
7821 5354 28
7821 5257 10
7821 5243 30
7821 5361 50
7821 5398 57
7821 5399 7
7821 5410 57
7821 5251 22
7821 5283 45
7821 5242 7
7821 5369 1
7821 5383 4
7821 5404 21
7821 5412 47
7823 5371 55
7823 5370 15
7823 5355 43
7823 5362 13
7823 5376 41
7823 5282 56
7823 5368 19
7823 5375 6
7823 5353 26
7823 5256 48
7823 5360 28
7823 5378 41
7823 5401 46
7823 5281 28
7823 5252 24
7823 5367 49
7823 5377 31
7823 5402 55
7823 5354 23
7823 5257 4
7823 5243 17
7823 5361 18
7823 5398 57
7823 5399 40
7823 5410 49
7823 5251 16
7823 5283 44
7823 5242 8
7823 5369 14
7823 5383 6
7823 5404 8
7823 5412 10
7811 5371 55
7811 5370 46
7811 5355 15
7811 5362 18
7811 5376 0
7811 5282 49
7811 5368 40
7811 5375 9
7811 5353 27
7811 5256 56
7811 5360 18
7811 5378 6
7811 5401 20
7811 5281 49
7811 5252 42
7811 5367 0
7811 5377 57
7811 5402 46
7811 5354 23
7811 5257 46
7811 5243 54
7811 5361 8
7811 5398 15
7811 5399 17
7811 5410 56
7811 5251 15
7811 5283 40
7811 5242 31
7811 5369 13
7811 5383 40
7811 5404 54
7811 5412 7
7840 5371 42
7840 5370 27
7840 5355 19
7840 5362 45
7840 5376 36
7840 5282 28
7840 5368 44
7840 5375 12
7840 5353 36
7840 5256 32
7840 5360 18
7840 5378 50
7840 5401 18
7840 5281 50
7840 5252 39
7840 5367 56
7840 5377 7
7840 5402 18
7840 5354 18
7840 5257 60
7840 5243 39
7840 5361 13
7840 5398 23
7840 5399 6
7840 5410 43
7840 5251 6
7840 5283 25
7840 5242 2
7840 5369 3
7840 5383 18
7840 5404 27
7840 5412 53
7843 5371 30
7843 5370 3
7843 5355 53
7843 5362 39
7843 5376 4
7843 5282 58
7843 5368 37
7843 5375 28
7843 5353 21
7843 5256 17
7843 5360 18
7843 5378 19
7843 5401 25
7843 5281 45
7843 5252 37
7843 5367 3
7843 5377 16
7843 5402 54
7843 5354 4
7843 5257 33
7843 5243 13
7843 5361 42
7843 5398 25
7843 5399 11
7843 5410 55
7843 5251 56
7843 5283 21
7843 5242 12
7843 5369 40
7843 5383 13
7843 5404 12
7843 5412 25
7889 5371 43
7889 5370 20
7889 5355 1
7889 5362 26
7889 5376 25
7889 5282 30
7889 5368 32
7889 5375 49
7889 5353 41
7889 5256 17
7889 5360 37
7889 5378 0
7889 5401 52
7889 5281 16
7889 5252 9
7889 5367 11
7889 5377 25
7889 5402 22
7889 5354 37
7889 5257 50
7889 5243 25
7889 5361 31
7889 5398 23
7889 5399 36
7889 5410 26
7889 5251 58
7889 5283 48
7889 5242 48
7889 5369 42
7889 5383 12
7889 5404 14
7889 5412 50
7808 5371 47
7808 5370 59
7808 5355 57
7808 5362 45
7808 5376 46
7808 5282 1
7808 5368 30
7808 5375 28
7808 5353 60
7808 5256 17
7808 5360 32
7808 5378 53
7808 5401 22
7808 5281 17
7808 5252 39
7808 5367 4
7808 5377 13
7808 5402 48
7808 5354 57
7808 5257 17
7808 5243 47
7808 5361 14
7808 5398 11
7808 5399 16
7808 5410 22
7808 5251 59
7808 5283 49
7808 5242 54
7808 5369 38
7808 5383 9
7808 5404 27
7808 5412 51
7635 5371 56
7635 5370 24
7635 5355 43
7635 5362 55
7635 5376 19
7635 5282 41
7635 5368 10
7635 5375 55
7635 5353 13
7635 5256 16
7635 5360 16
7635 5378 22
7635 5401 7
7635 5281 10
7635 5252 16
7635 5367 5
7635 5377 25
7635 5402 13
7635 5354 34
7635 5257 11
7635 5243 5
7635 5361 23
7635 5398 36
7635 5399 7
7635 5410 47
7635 5251 12
7635 5283 55
7635 5242 24
7635 5369 33
7635 5383 19
7635 5404 28
7635 5412 27
7632 5371 51
7632 5370 43
7632 5355 20
7632 5362 10
7632 5376 31
7632 5282 17
7632 5368 54
7632 5375 6
7632 5353 34
7632 5256 34
7632 5360 41
7632 5378 34
7632 5401 57
7632 5281 30
7632 5252 35
7632 5367 37
7632 5377 17
7632 5402 4
7632 5354 2
7632 5257 44
7632 5243 50
7632 5361 57
7632 5398 57
7632 5399 38
7632 5410 50
7632 5251 14
7632 5283 50
7632 5242 22
7632 5369 53
7632 5383 16
7632 5404 1
7632 5412 9
7910 5371 54
7910 5370 18
7910 5355 51
7910 5362 19
7910 5376 48
7910 5282 52
7910 5368 0
7910 5375 20
7910 5353 27
7910 5256 30
7910 5360 6
7910 5378 27
7910 5401 20
7910 5281 36
7910 5252 16
7910 5367 51
7910 5377 21
7910 5402 58
7910 5354 45
7910 5257 56
7910 5243 10
7910 5361 15
7910 5398 1
7910 5399 4
7910 5410 55
7910 5251 55
7910 5283 1
7910 5242 31
7910 5369 51
7910 5383 57
7910 5404 54
7910 5412 14
7922 5371 21
7922 5370 23
7922 5355 9
7922 5362 39
7922 5376 3
7922 5282 14
7922 5368 9
7922 5375 53
7922 5353 40
7922 5256 35
7922 5360 5
7922 5378 45
7922 5401 53
7922 5281 5
7922 5252 48
7922 5367 34
7922 5377 46
7922 5402 22
7922 5354 43
7922 5257 30
7922 5243 39
7922 5361 6
7922 5398 45
7922 5399 35
7922 5410 51
7922 5251 20
7922 5283 31
7922 5242 13
7922 5369 12
7922 5383 59
7922 5404 27
7922 5412 7
7924 5371 50
7924 5370 8
7924 5355 51
7924 5362 4
7924 5376 3
7924 5282 36
7924 5368 11
7924 5375 13
7924 5353 35
7924 5256 26
7924 5360 50
7924 5378 0
7924 5401 37
7924 5281 55
7924 5252 8
7924 5367 10
7924 5377 11
7924 5402 30
7924 5354 53
7924 5257 35
7924 5243 51
7924 5361 39
7924 5398 50
7924 5399 21
7924 5410 50
7924 5251 41
7924 5283 32
7924 5242 26
7924 5369 4
7924 5383 16
7924 5404 20
7924 5412 55
7822 5371 22
7822 5370 47
7822 5355 48
7822 5362 33
7822 5376 23
7822 5282 43
7822 5368 14
7822 5375 8
7822 5353 37
7822 5256 29
7822 5360 36
7822 5378 56
7822 5401 14
7822 5281 31
7822 5252 38
7822 5367 57
7822 5377 19
7822 5402 13
7822 5354 53
7822 5257 41
7822 5243 2
7822 5361 42
7822 5398 0
7822 5399 23
7822 5410 6
7822 5251 58
7822 5283 44
7822 5242 10
7822 5369 36
7822 5383 36
7822 5404 43
7822 5412 8
7813 5371 10
7813 5370 52
7813 5355 6
7813 5362 19
7813 5376 6
7813 5282 28
7813 5368 47
7813 5375 26
7813 5353 24
7813 5256 47
7813 5360 23
7813 5378 44
7813 5401 32
7813 5281 43
7813 5252 10
7813 5367 49
7813 5377 36
7813 5402 32
7813 5354 20
7813 5257 26
7813 5243 37
7813 5361 51
7813 5398 38
7813 5399 12
7813 5410 8
7813 5251 26
7813 5283 33
7813 5242 49
7813 5369 18
7813 5383 26
7813 5404 51
7813 5412 15
