148539 277450 0
251453 148474 0
167084 168010 0
149257 277462 0
149586 155236 0
167044 166696 0
153104 160440 0
167083 148474 0
149333 277461 0
149431 277464 0
149892 277455 0
167091 153762 0
167096 277453 0
149634 166696 0
153188 153757 0
149487 277461 0
149267 153757 0
148661 277463 0
167092 277457 0
166402 167266 0
160484 153758 0
148528 277450 0
149286 277464 0
167099 168045 0
167005 277454 0
149890 155237 0
167129 148474 0
149283 277462 0
167128 167821 0
167081 167938 0
160484 155236 0
149487 277462 0
167095 149936 0
149227 166696 0
155781 168012 0
155775 167265 0
277399 277453 0
149606 277464 0
166706 149936 0
160487 160440 0
149736 148474 0
149604 277462 0
166573 153757 0
167087 165657 0
149597 168045 0
149488 277452 0
167050 277458 0
165537 167268 0
167049 167938 0
149902 277461 0
245302 153762 0
155667 168045 0
165537 277456 0
149251 153760 0
149227 148474 0
167486 167266 0
152718 277459 0
149255 153761 0
251401 277451 0
164911 167267 0
167105 167821 0
167043 166697 0
149285 277454 0
167100 168046 0
149887 277460 0
167106 168012 0
149257 155236 0
277398 277456 0
149589 168010 0
155794 277461 0
166708 277462 0
149594 160440 0
160487 168046 0
155784 277452 0
167099 168014 0
149736 167938 0
149285 148474 0
160484 168042 0
149285 277463 0
277399 165657 0
166716 168014 0
251453 155236 0
149680 160440 0
160480 167265 0
155790 168013 0
149283 153757 0
167045 166697 0
167535 153757 0
167043 165729 0
149226 277455 0
167100 167266 0
167090 277458 0
155788 167267 0
149251 167938 0
160487 167265 0
153106 277461 0
149736 168014 0
155786 153757 0
166715 167821 0
167534 155237 0
148539 277450 0
251453 148474 0
167084 168010 0
149257 277462 0
149586 155236 0
167044 166696 0
153104 160440 0
167083 148474 0
149333 277461 0
149431 277464 0
149892 277455 0
167091 153762 0
167096 277453 0
149634 166696 0
153188 153757 0
149487 277461 0
149267 153757 0
148661 277463 0
167092 277457 0
166402 167266 0
160484 153758 0
148528 277450 0
149286 277464 0
167099 168045 0
167005 277454 0
149890 155237 0
167129 148474 0
149283 277462 0
167128 167821 0
167081 167938 0
160484 155236 0
149487 277462 0
167095 149936 0
149227 166696 0
155781 168012 0
155775 167265 0
277399 277453 0
149606 277464 0
166706 149936 0
160487 160440 0
149736 148474 0
149604 277462 0
166573 153757 0
167087 165657 0
149597 168045 0
149488 277452 0
167050 277458 0
165537 167268 0
167049 167938 0
149902 277461 0
245302 153762 0
155667 168045 0
165537 277456 0
149251 153760 0
149227 148474 0
167486 167266 0
152718 277459 0
149255 153761 0
251401 277451 0
164911 167267 0
167105 167821 0
167043 166697 0
149285 277454 0
167100 168046 0
149887 277460 0
167106 168012 0
149257 155236 0
277398 277456 0
149589 168010 0
155794 277461 0
166708 277462 0
149594 160440 0
160487 168046 0
155784 277452 0
167099 168014 0
149736 167938 0
149285 148474 0
160484 168042 0
149285 277463 0
277399 165657 0
166716 168014 0
251453 155236 0
149680 160440 0
160480 167265 0
155790 168013 0
149283 153757 0
167045 166697 0
167535 153757 0
167043 165729 0
149226 277455 0
167100 167266 0
167090 277458 0
155788 167267 0
149251 167938 0
160487 167265 0
153106 277461 0
149736 168014 0
155786 153757 0
166715 167821 0
167534 155237 0
