249328 194499 0
176811 175911 0
174413 193626 0
205110 203293 0
176620 209647 0
203116 197682 0
195113 193418 0
192374 202018 0
176841 193569 0
10716 187058 0
187871 195528 0
198370 193237 0
188298 195271 0
10715 196483 0
197107 193584 0
192372 203139 0
197653 160293 0
198615 9129 0
202246 195507 0
195139 193854 0
189300 173825 0
192373 175926 0
201912 153030 0
189623 203292 0
205092 193216 0
9337 200246 0
197119 195611 0
205086 195489 0
194507 203689 0
174421 203293 0
189303 202608 0
195085 195586 0
189645 206287 0
202253 195602 0
198370 205966 0
249334 187061 0
189623 190815 0
176837 193856 0
191718 192953 0
195092 190370 0
197118 175957 0
195105 175960 0
10719 14897 0
192367 177101 0
192350 175618 0
176838 195183 0
193923 174715 0
188298 195338 0
194593 9225 0
198351 200269 0
197105 190918 0
193923 195340 0
176618 173460 0
197104 195340 0
202254 188441 0
9339 195335 0
9335 175962 0
187823 195337 0
195111 193007 0
188298 203292 0
187873 195313 0
198337 247473 0
192345 173928 0
202248 203674 0
195227 195021 0
195142 173825 0
198072 203734 0
196544 195187 0
192391 193009 0
194507 175924 0
202957 193571 0
198073 202636 0
197106 175956 0
203118 187722 0
196729 175612 0
187873 199323 0
203742 9224 0
195139 188952 0
189623 177103 0
197105 199164 0
197118 193989 0
195115 188950 0
176621 175962 0
189280 187719 0
249329 175947 0
9336 193858 0
176814 195337 0
202235 173921 0
10717 187565 0
197649 160258 0
10712 193920 0
197650 192982 0
249336 193619 0
191786 187723 0
189281 190963 0
194564 202601 0
194608 205973 0
189281 173970 0
188298 203830 0
193123 193596 0
