287320 287379 0
4071 287356 0
265517 287381 0
223145 277895 0
284423 266466 0
296470 268353 0
223251 286211 0
222899 292859 0
11954 292858 0
252516 150130 0
290510 262193 0
11945 285806 0
284443 286833 0
286046 262188 0
163363 286209 0
268613 287355 0
268909 294266 0
283077 277882 0
222903 285538 0
222828 287382 0
284430 288272 0
282858 288297 0
222829 265715 0
252516 294738 0
296472 286275 0
283072 286275 0
296565 278227 0
269682 262182 0
287339 286212 0
224574 150121 0
282486 287359 0
287343 283846 0
224042 286833 0
287337 150124 0
224562 296327 0
292505 277891 0
287327 287371 0
221214 287360 0
293518 286030 0
287339 294748 0
246051 277890 0
225221 150128 0
282870 278229 0
294903 287380 0
292522 285806 0
163364 283841 0
11946 286841 0
284435 265532 0
265705 150127 0
292506 262181 0
4510 265685 0
292505 277897 0
283074 262193 0
223128 262180 0
223208 150130 0
252521 287375 0
221604 288299 0
292507 287366 0
284429 286202 0
284426 277889 0
4478 296325 0
296464 288306 0
221218 268789 0
265514 288269 0
224575 286206 0
221219 295377 0
282864 278295 0
223237 265714 0
4499 262529 0
293571 287380 0
224562 292861 0
4744 265690 0
292523 294752 0
287044 150122 0
265514 262195 0
296464 262193 0
292522 277884 0
224573 288288 0
287335 287357 0
293552 283838 0
222871 288851 0
223239 288271 0
288150 286275 0
287315 262152 0
4552 285542 0
284442 262194 0
223312 296343 0
223237 292888 0
11956 292880 0
224558 287380 0
282484 287660 0
282863 296326 0
221219 287366 0
293552 262184 0
252525 291122 0
287330 268789 0
11949 283401 0
223240 286210 0
287319 296328 0
223251 268845 0
287320 287379 0
4071 287356 0
265517 287381 0
223145 277895 0
284423 266466 0
296470 268353 0
223251 286211 0
222899 292859 0
11954 292858 0
252516 150130 0
290510 262193 0
11945 285806 0
284443 286833 0
286046 262188 0
163363 286209 0
268613 287355 0
268909 294266 0
283077 277882 0
222903 285538 0
222828 287382 0
284430 288272 0
282858 288297 0
222829 265715 0
252516 294738 0
296472 286275 0
283072 286275 0
296565 278227 0
269682 262182 0
287339 286212 0
224574 150121 0
282486 287359 0
287343 283846 0
224042 286833 0
287337 150124 0
224562 296327 0
292505 277891 0
287327 287371 0
221214 287360 0
293518 286030 0
287339 294748 0
246051 277890 0
225221 150128 0
282870 278229 0
294903 287380 0
292522 285806 0
163364 283841 0
11946 286841 0
284435 265532 0
265705 150127 0
292506 262181 0
4510 265685 0
292505 277897 0
283074 262193 0
223128 262180 0
223208 150130 0
252521 287375 0
221604 288299 0
292507 287366 0
284429 286202 0
284426 277889 0
4478 296325 0
296464 288306 0
221218 268789 0
265514 288269 0
224575 286206 0
221219 295377 0
282864 278295 0
223237 265714 0
4499 262529 0
293571 287380 0
224562 292861 0
4744 265690 0
292523 294752 0
287044 150122 0
265514 262195 0
296464 262193 0
292522 277884 0
224573 288288 0
287335 287357 0
293552 283838 0
222871 288851 0
223239 288271 0
288150 286275 0
287315 262152 0
4552 285542 0
284442 262194 0
223312 296343 0
223237 292888 0
11956 292880 0
224558 287380 0
282484 287660 0
282863 296326 0
221219 287366 0
293552 262184 0
252525 291122 0
287330 268789 0
11949 283401 0
223240 286210 0
287319 296328 0
223251 268845 0
