193704 189302 0
209409 187834 0
206301 205098 0
188258 176844 0
194921 195869 0
10869 202257 0
201817 207977 0
206307 193224 0
208336 196030 0
203497 126552 0
190842 193550 0
193657 193168 0
194925 197112 0
194926 187876 0
10496 196694 0
195056 188382 0
194925 169093 0
188374 189299 0
195679 205825 0
208659 189297 0
203492 193816 0
267213 205098 0
10505 174421 0
195564 202241 0
203494 202259 0
201902 10706 0
10493 192412 0
193686 195865 0
195058 194543 0
193688 187835 0
194930 174414 0
174360 191782 0
187206 176816 0
10878 188313 0
203485 176816 0
195572 202246 0
10892 187878 0
201816 9338 0
10513 205822 0
187206 195104 0
195579 202252 0
188378 188366 0
193703 205124 0
189710 9337 0
10478 174693 0
205105 202259 0
10873 192342 0
195583 193907 0
203494 202243 0
187201 192343 0
195581 195109 0
176038 198055 0
176022 205092 0
201904 207947 0
176046 203731 0
193698 176821 0
206332 202278 0
193702 195866 0
195563 10720 0
188260 174416 0
177389 204559 0
176042 202246 0
190841 202281 0
10479 204565 0
176040 193550 0
177117 197656 0
208341 195093 0
10477 174642 0
196232 195862 0
203488 10708 0
196209 195107 0
10496 207975 0
188375 198055 0
267210 174713 0
10949 202254 0
195055 173618 0
187596 195861 0
208670 187836 0
201818 192376 0
193678 205822 0
10511 207980 0
10465 202254 0
10406 192400 0
11061 188964 0
195670 9336 0
10889 176813 0
205072 192346 0
188380 176833 0
195580 195864 0
187592 195881 0
187597 196621 0
177392 192355 0
195570 173622 0
188381 198384 0
170539 176822 0
194925 10712 0
10508 174413 0
174365 187826 0
190844 189300 0
174369 189299 0
193704 189302 0
209409 187834 0
206301 205098 0
188258 176844 0
194921 195869 0
10869 202257 0
201817 207977 0
206307 193224 0
208336 196030 0
203497 126552 0
190842 193550 0
193657 193168 0
194925 197112 0
194926 187876 0
10496 196694 0
195056 188382 0
194925 169093 0
188374 189299 0
195679 205825 0
208659 189297 0
203492 193816 0
267213 205098 0
10505 174421 0
195564 202241 0
203494 202259 0
201902 10706 0
10493 192412 0
193686 195865 0
195058 194543 0
193688 187835 0
194930 174414 0
174360 191782 0
187206 176816 0
10878 188313 0
203485 176816 0
195572 202246 0
10892 187878 0
201816 9338 0
10513 205822 0
187206 195104 0
195579 202252 0
188378 188366 0
193703 205124 0
189710 9337 0
10478 174693 0
205105 202259 0
10873 192342 0
195583 193907 0
203494 202243 0
187201 192343 0
195581 195109 0
176038 198055 0
176022 205092 0
201904 207947 0
176046 203731 0
193698 176821 0
206332 202278 0
193702 195866 0
195563 10720 0
188260 174416 0
177389 204559 0
176042 202246 0
190841 202281 0
10479 204565 0
176040 193550 0
177117 197656 0
208341 195093 0
10477 174642 0
196232 195862 0
203488 10708 0
196209 195107 0
10496 207975 0
188375 198055 0
267210 174713 0
10949 202254 0
195055 173618 0
187596 195861 0
208670 187836 0
201818 192376 0
193678 205822 0
10511 207980 0
10465 202254 0
10406 192400 0
11061 188964 0
195670 9336 0
10889 176813 0
205072 192346 0
188380 176833 0
195580 195864 0
187592 195881 0
187597 196621 0
177392 192355 0
195570 173622 0
188381 198384 0
170539 176822 0
194925 10712 0
10508 174413 0
174365 187826 0
190844 189300 0
174369 189299 0
193704 189302 0
209409 187834 0
206301 205098 0
188258 176844 0
194921 195869 0
10869 202257 0
201817 207977 0
206307 193224 0
208336 196030 0
203497 126552 0
190842 193550 0
193657 193168 0
194925 197112 0
194926 187876 0
10496 196694 0
195056 188382 0
194925 169093 0
188374 189299 0
195679 205825 0
208659 189297 0
203492 193816 0
267213 205098 0
10505 174421 0
195564 202241 0
203494 202259 0
201902 10706 0
10493 192412 0
193686 195865 0
195058 194543 0
193688 187835 0
194930 174414 0
174360 191782 0
187206 176816 0
10878 188313 0
203485 176816 0
195572 202246 0
10892 187878 0
201816 9338 0
10513 205822 0
187206 195104 0
195579 202252 0
188378 188366 0
193703 205124 0
189710 9337 0
10478 174693 0
205105 202259 0
10873 192342 0
195583 193907 0
203494 202243 0
187201 192343 0
195581 195109 0
176038 198055 0
176022 205092 0
201904 207947 0
176046 203731 0
193698 176821 0
206332 202278 0
193702 195866 0
195563 10720 0
188260 174416 0
177389 204559 0
176042 202246 0
190841 202281 0
10479 204565 0
176040 193550 0
177117 197656 0
208341 195093 0
10477 174642 0
196232 195862 0
203488 10708 0
196209 195107 0
10496 207975 0
188375 198055 0
267210 174713 0
10949 202254 0
195055 173618 0
187596 195861 0
208670 187836 0
201818 192376 0
193678 205822 0
10511 207980 0
10465 202254 0
10406 192400 0
11061 188964 0
195670 9336 0
10889 176813 0
205072 192346 0
188380 176833 0
195580 195864 0
187592 195881 0
187597 196621 0
177392 192355 0
195570 173622 0
188381 198384 0
170539 176822 0
194925 10712 0
10508 174413 0
174365 187826 0
190844 189300 0
174369 189299 0
193704 189302 0
209409 187834 0
206301 205098 0
188258 176844 0
194921 195869 0
10869 202257 0
201817 207977 0
206307 193224 0
208336 196030 0
203497 126552 0
190842 193550 0
193657 193168 0
194925 197112 0
194926 187876 0
10496 196694 0
195056 188382 0
194925 169093 0
188374 189299 0
195679 205825 0
208659 189297 0
203492 193816 0
267213 205098 0
10505 174421 0
195564 202241 0
203494 202259 0
201902 10706 0
10493 192412 0
193686 195865 0
195058 194543 0
193688 187835 0
194930 174414 0
174360 191782 0
187206 176816 0
10878 188313 0
203485 176816 0
195572 202246 0
10892 187878 0
201816 9338 0
10513 205822 0
187206 195104 0
195579 202252 0
188378 188366 0
193703 205124 0
189710 9337 0
10478 174693 0
205105 202259 0
10873 192342 0
195583 193907 0
203494 202243 0
187201 192343 0
195581 195109 0
176038 198055 0
176022 205092 0
201904 207947 0
176046 203731 0
193698 176821 0
206332 202278 0
193702 195866 0
195563 10720 0
188260 174416 0
177389 204559 0
176042 202246 0
190841 202281 0
10479 204565 0
176040 193550 0
177117 197656 0
208341 195093 0
10477 174642 0
196232 195862 0
203488 10708 0
196209 195107 0
10496 207975 0
188375 198055 0
267210 174713 0
10949 202254 0
195055 173618 0
187596 195861 0
208670 187836 0
201818 192376 0
193678 205822 0
10511 207980 0
10465 202254 0
10406 192400 0
11061 188964 0
195670 9336 0
10889 176813 0
205072 192346 0
188380 176833 0
195580 195864 0
187592 195881 0
187597 196621 0
177392 192355 0
195570 173622 0
188381 198384 0
170539 176822 0
194925 10712 0
10508 174413 0
174365 187826 0
190844 189300 0
174369 189299 0
