236896 210047 0
14816 287907 0
233592 206119 0
236864 178777 0
242331 210069 0
239184 206051 0
233631 292208 0
10202 206126 0
233627 208240 0
236880 184020 0
233619 185213 0
232693 183041 0
230141 178217 0
239285 183827 0
230406 186762 0
232679 178256 0
235103 186707 0
239189 15695 0
239180 178775 0
236935 208240 0
251951 178227 0
229536 184399 0
240467 185985 0
230081 214102 0
267895 219548 0
236937 210068 0
239823 199489 0
14815 178227 0
233506 185969 0
233600 199489 0
238967 186702 0
242102 206158 0
236867 153282 0
232730 182977 0
239024 185980 0
236894 159736 0
228102 185975 0
242101 182941 0
226576 202887 0
233593 210443 0
230405 210066 0
252015 182959 0
226975 210042 0
233505 181455 0
242109 159620 0
230335 292777 0
239024 182951 0
239756 186751 0
238203 178221 0
232676 208157 0
14847 186601 0
226976 15698 0
238213 184794 0
230096 208235 0
10197 199519 0
233446 185964 0
229855 219544 0
242086 15690 0
227652 208158 0
230958 208240 0
230101 210457 0
240453 206125 0
233598 215960 0
242092 202851 0
239186 184790 0
230078 182977 0
235788 186771 0
10195 292782 0
232721 208157 0
227063 182978 0
232860 183041 0
232721 184773 0
232972 185979 0
239831 185982 0
232694 219546 0
230090 202851 0
230098 186752 0
230174 15695 0
227037 183043 0
151127 206117 0
228111 208239 0
225680 186691 0
238206 185979 0
10272 210047 0
242101 184776 0
233658 182983 0
242100 178921 0
232859 182957 0
242034 15690 0
232699 184782 0
227026 184774 0
124705 210451 0
242108 15691 0
251998 206115 0
239286 210445 0
233626 182941 0
242093 184475 0
225945 202227 0
228104 4554 0
238212 185978 0
236896 210047 0
14816 287907 0
233592 206119 0
236864 178777 0
242331 210069 0
239184 206051 0
233631 292208 0
10202 206126 0
233627 208240 0
236880 184020 0
233619 185213 0
232693 183041 0
230141 178217 0
239285 183827 0
230406 186762 0
232679 178256 0
235103 186707 0
239189 15695 0
239180 178775 0
236935 208240 0
251951 178227 0
229536 184399 0
240467 185985 0
230081 214102 0
267895 219548 0
236937 210068 0
239823 199489 0
14815 178227 0
233506 185969 0
233600 199489 0
238967 186702 0
242102 206158 0
236867 153282 0
232730 182977 0
239024 185980 0
236894 159736 0
228102 185975 0
242101 182941 0
226576 202887 0
233593 210443 0
230405 210066 0
252015 182959 0
226975 210042 0
233505 181455 0
242109 159620 0
230335 292777 0
239024 182951 0
239756 186751 0
238203 178221 0
232676 208157 0
14847 186601 0
226976 15698 0
238213 184794 0
230096 208235 0
10197 199519 0
233446 185964 0
229855 219544 0
242086 15690 0
227652 208158 0
230958 208240 0
230101 210457 0
240453 206125 0
233598 215960 0
242092 202851 0
239186 184790 0
230078 182977 0
235788 186771 0
10195 292782 0
232721 208157 0
227063 182978 0
232860 183041 0
232721 184773 0
232972 185979 0
239831 185982 0
232694 219546 0
230090 202851 0
230098 186752 0
230174 15695 0
227037 183043 0
151127 206117 0
228111 208239 0
225680 186691 0
238206 185979 0
10272 210047 0
242101 184776 0
233658 182983 0
242100 178921 0
232859 182957 0
242034 15690 0
232699 184782 0
227026 184774 0
124705 210451 0
242108 15691 0
251998 206115 0
239286 210445 0
233626 182941 0
242093 184475 0
225945 202227 0
228104 4554 0
238212 185978 0
236896 210047 0
14816 287907 0
233592 206119 0
236864 178777 0
242331 210069 0
239184 206051 0
233631 292208 0
10202 206126 0
233627 208240 0
236880 184020 0
233619 185213 0
232693 183041 0
230141 178217 0
239285 183827 0
230406 186762 0
232679 178256 0
235103 186707 0
239189 15695 0
239180 178775 0
236935 208240 0
251951 178227 0
229536 184399 0
240467 185985 0
230081 214102 0
267895 219548 0
236937 210068 0
239823 199489 0
14815 178227 0
233506 185969 0
233600 199489 0
238967 186702 0
242102 206158 0
236867 153282 0
232730 182977 0
239024 185980 0
236894 159736 0
228102 185975 0
242101 182941 0
226576 202887 0
233593 210443 0
230405 210066 0
252015 182959 0
226975 210042 0
233505 181455 0
242109 159620 0
230335 292777 0
239024 182951 0
239756 186751 0
238203 178221 0
232676 208157 0
14847 186601 0
226976 15698 0
238213 184794 0
230096 208235 0
10197 199519 0
233446 185964 0
229855 219544 0
242086 15690 0
227652 208158 0
230958 208240 0
230101 210457 0
240453 206125 0
233598 215960 0
242092 202851 0
239186 184790 0
230078 182977 0
235788 186771 0
10195 292782 0
232721 208157 0
227063 182978 0
232860 183041 0
232721 184773 0
232972 185979 0
239831 185982 0
232694 219546 0
230090 202851 0
230098 186752 0
230174 15695 0
227037 183043 0
151127 206117 0
228111 208239 0
225680 186691 0
238206 185979 0
10272 210047 0
242101 184776 0
233658 182983 0
242100 178921 0
232859 182957 0
242034 15690 0
232699 184782 0
227026 184774 0
124705 210451 0
242108 15691 0
251998 206115 0
239286 210445 0
233626 182941 0
242093 184475 0
225945 202227 0
228104 4554 0
238212 185978 0
236896 210047 0
14816 287907 0
233592 206119 0
236864 178777 0
242331 210069 0
239184 206051 0
233631 292208 0
10202 206126 0
233627 208240 0
236880 184020 0
233619 185213 0
232693 183041 0
230141 178217 0
239285 183827 0
230406 186762 0
232679 178256 0
235103 186707 0
239189 15695 0
239180 178775 0
236935 208240 0
251951 178227 0
229536 184399 0
240467 185985 0
230081 214102 0
267895 219548 0
236937 210068 0
239823 199489 0
14815 178227 0
233506 185969 0
233600 199489 0
238967 186702 0
242102 206158 0
236867 153282 0
232730 182977 0
239024 185980 0
236894 159736 0
228102 185975 0
242101 182941 0
226576 202887 0
233593 210443 0
230405 210066 0
252015 182959 0
226975 210042 0
233505 181455 0
242109 159620 0
230335 292777 0
239024 182951 0
239756 186751 0
238203 178221 0
232676 208157 0
14847 186601 0
226976 15698 0
238213 184794 0
230096 208235 0
10197 199519 0
233446 185964 0
229855 219544 0
242086 15690 0
227652 208158 0
230958 208240 0
230101 210457 0
240453 206125 0
233598 215960 0
242092 202851 0
239186 184790 0
230078 182977 0
235788 186771 0
10195 292782 0
232721 208157 0
227063 182978 0
232860 183041 0
232721 184773 0
232972 185979 0
239831 185982 0
232694 219546 0
230090 202851 0
230098 186752 0
230174 15695 0
227037 183043 0
151127 206117 0
228111 208239 0
225680 186691 0
238206 185979 0
10272 210047 0
242101 184776 0
233658 182983 0
242100 178921 0
232859 182957 0
242034 15690 0
232699 184782 0
227026 184774 0
124705 210451 0
242108 15691 0
251998 206115 0
239286 210445 0
233626 182941 0
242093 184475 0
225945 202227 0
228104 4554 0
238212 185978 0
