250638 178182 0
266397 175771 0
285496 175732 0
265582 185700 0
272548 183021 0
281359 182425 0
295154 205758 0
281359 176350 0
284212 210915 0
265585 183184 0
295158 200531 0
250621 210898 0
288118 210887 0
290582 184928 0
163458 186057 0
9099 180277 0
295085 199506 0
289333 205355 0
265583 185715 0
289055 184326 0
289341 176351 0
266409 183988 0
250571 184934 0
289557 210934 0
284212 173840 0
285205 182448 0
295154 183067 0
295081 198927 0
295153 210893 0
285499 178193 0
295163 185657 0
265588 179892 0
285219 182436 0
290581 182368 0
289039 175733 0
246025 219595 0
250670 179514 0
294629 205720 0
294627 179515 0
9112 184917 0
284212 182205 0
246027 178203 0
245999 208069 0
285234 185716 0
260039 179530 0
282524 184519 0
245955 185840 0
289557 175734 0
289335 212932 0
266408 180276 0
250637 182420 0
286432 205374 0
250622 180275 0
250669 182412 0
266398 176345 0
245982 184903 0
252655 208571 0
256661 182416 0
265410 185493 0
294628 176350 0
265904 210890 0
266398 185853 0
289041 182421 0
285219 176388 0
266389 179519 0
252649 186600 0
289334 208079 0
265410 184520 0
289233 210913 0
245985 210915 0
289227 175719 0
266410 205370 0
294629 202072 0
288642 209901 0
250571 182368 0
9105 175772 0
282521 176388 0
250586 182419 0
282528 180257 0
285581 185697 0
289033 183062 0
284596 185702 0
295158 219592 0
295161 185706 0
285500 206175 0
246318 179515 0
246003 185840 0
284631 208568 0
246617 216034 0
246025 183184 0
289232 205715 0
266412 178180 0
260039 176479 0
289330 216035 0
245972 210894 0
284206 184047 0
9108 179277 0
285583 202072 0
266413 179523 0
282527 205371 0
