152628 143312 0
231334 145516 0
95033 144615 0
235458 143490 0
240396 4273 0
242846 19984 0
98221 145517 0
15125 127092 0
232780 144615 0
275162 147082 0
235461 127104 0
242907 143314 0
226609 146515 0
4218 142362 0
4228 144056 0
238899 146604 0
99033 143541 0
101598 145516 0
238892 143318 0
152629 143508 0
231329 143568 0
231293 145069 0
15123 146627 0
232786 124822 0
240386 19973 0
87715 143505 0
15975 276038 0
227595 142355 0
15125 271029 0
4218 145107 0
227570 127111 0
240039 143576 0
4236 144420 0
231292 19986 0
240385 145074 0
9827 251682 0
239770 145075 0
9837 4129 0
238666 276038 0
98076 144236 0
152628 143564 0
232786 143563 0
231286 145070 0
232785 146609 0
94969 141934 0
233710 145520 0
232782 144368 0
227594 146640 0
235004 142339 0
9839 271129 0
240385 143508 0
95031 144368 0
87647 19987 0
235004 144421 0
235463 143290 0
235711 143602 0
240396 143342 0
235461 19961 0
242004 143291 0
231330 143544 0
235458 144065 0
232786 142352 0
234508 145065 0
227575 145096 0
231313 146623 0
235458 143344 0
232785 251681 0
227471 144056 0
231294 144721 0
238901 146515 0
238905 143929 0
227638 142352 0
235841 145070 0
101298 142355 0
231284 4129 0
231792 146638 0
242911 146640 0
231335 144361 0
239770 127095 0
240390 146630 0
101609 144363 0
231290 145063 0
233703 143290 0
235006 144037 0
15124 143924 0
231791 143342 0
275162 143296 0
226606 127093 0
104071 146729 0
234508 144041 0
238674 143340 0
235368 143317 0
99696 143344 0
9828 127102 0
231328 143563 0
238897 146612 0
242002 143290 0
226608 127096 0
151388 144064 0
235454 145108 0
