277898 165638 0
288299 268046 0
274403 165440 0
268317 165931 0
286030 148965 0
287359 167833 0
258722 148973 0
268766 148973 0
287386 165450 0
287381 165638 0
296329 165623 0
278258 154084 0
277894 167225 0
292860 165463 0
274403 155706 0
288298 251550 0
268355 268049 0
278223 251546 0
287379 276382 0
291116 251552 0
277894 251552 0
287371 165629 0
283401 251552 0
287383 166691 0
262192 167834 0
292891 156305 0
284679 165438 0
286184 165116 0
286842 165466 0
262197 165686 0
288065 165927 0
277911 250835 0
262570 250836 0
287385 167830 0
285541 166692 0
277903 153751 0
288157 148863 0
268766 165437 0
294736 167754 0
262154 148974 0
294263 167831 0
292865 167298 0
287363 149924 0
262575 167931 0
294737 165636 0
287682 268044 0
294751 165471 0
288298 156320 0
262064 165451 0
262198 164416 0
278257 251547 0
9541 268051 0
292891 165637 0
265534 165470 0
283839 167753 0
286031 148976 0
292889 167833 0
262150 165932 0
286199 165478 0
262182 165478 0
296342 157778 0
286204 276382 0
150116 268046 0
278227 251550 0
283847 165456 0
288175 157778 0
286199 148604 0
294738 167874 0
262182 167931 0
288297 250838 0
287666 165440 0
294744 251546 0
286202 167850 0
288312 148965 0
266470 165115 0
277884 149786 0
286202 251544 0
288269 155706 0
286199 148975 0
291117 155707 0
262154 166465 0
292881 165927 0
278225 165626 0
294752 251596 0
262153 268215 0
277903 165626 0
287474 250837 0
277891 165976 0
292880 165467 0
252475 149924 0
286029 250838 0
288295 250838 0
294754 167225 0
277905 166466 0
277887 164416 0
287363 154084 0
288291 152842 0
296330 148966 0
288272 165636 0
287666 165931 0
277898 165638 0
288299 268046 0
274403 165440 0
268317 165931 0
286030 148965 0
287359 167833 0
258722 148973 0
268766 148973 0
287386 165450 0
287381 165638 0
296329 165623 0
278258 154084 0
277894 167225 0
292860 165463 0
274403 155706 0
288298 251550 0
268355 268049 0
278223 251546 0
287379 276382 0
291116 251552 0
277894 251552 0
287371 165629 0
283401 251552 0
287383 166691 0
262192 167834 0
292891 156305 0
284679 165438 0
286184 165116 0
286842 165466 0
262197 165686 0
288065 165927 0
277911 250835 0
262570 250836 0
287385 167830 0
285541 166692 0
277903 153751 0
288157 148863 0
268766 165437 0
294736 167754 0
262154 148974 0
294263 167831 0
292865 167298 0
287363 149924 0
262575 167931 0
294737 165636 0
287682 268044 0
294751 165471 0
288298 156320 0
262064 165451 0
262198 164416 0
278257 251547 0
9541 268051 0
292891 165637 0
265534 165470 0
283839 167753 0
286031 148976 0
292889 167833 0
262150 165932 0
286199 165478 0
262182 165478 0
296342 157778 0
286204 276382 0
150116 268046 0
278227 251550 0
283847 165456 0
288175 157778 0
286199 148604 0
294738 167874 0
262182 167931 0
288297 250838 0
287666 165440 0
294744 251546 0
286202 167850 0
288312 148965 0
266470 165115 0
277884 149786 0
286202 251544 0
288269 155706 0
286199 148975 0
291117 155707 0
262154 166465 0
292881 165927 0
278225 165626 0
294752 251596 0
262153 268215 0
277903 165626 0
287474 250837 0
277891 165976 0
292880 165467 0
252475 149924 0
286029 250838 0
288295 250838 0
294754 167225 0
277905 166466 0
277887 164416 0
287363 154084 0
288291 152842 0
296330 148966 0
288272 165636 0
287666 165931 0
