11401 180029 0
270995 184597 0
211459 202893 0
11344 204034 0
216743 178930 0
11421 215516 0
217531 184604 0
152290 185333 0
15331 182544 0
270988 180943 0
200871 180945 0
211482 203855 0
277322 202176 0
216522 175286 0
214712 215525 0
214393 215525 0
270969 185032 0
211713 180031 0
216725 181461 0
250512 203937 0
201129 184604 0
270972 150699 0
11393 184604 0
11419 182544 0
199226 184586 0
203206 150699 0
216520 185326 0
11392 202181 0
214391 180023 0
211481 185333 0
200817 200616 0
211713 184589 0
270969 215518 0
11394 184602 0
270983 174074 0
11392 184595 0
270982 185329 0
200811 174071 0
270992 175260 0
212169 200616 0
216740 178932 0
212182 202894 0
199139 184602 0
217293 184593 0
214922 184589 0
212165 203857 0
199143 215519 0
199138 180946 0
204951 215516 0
11399 181460 0
199092 182544 0
214714 184598 0
217548 202210 0
211655 203949 0
11420 184583 0
207438 202907 0
198970 180025 0
212284 215516 0
270992 184587 0
270933 185030 0
11420 184587 0
218338 202907 0
214679 215516 0
11401 184303 0
209198 178932 0
207440 203858 0
211835 185314 0
211457 186895 0
270942 201343 0
209209 185030 0
11395 175246 0
214683 204034 0
211459 215531 0
211657 184585 0
211843 185327 0
199096 184602 0
11419 184591 0
216725 202906 0
217548 180023 0
15331 202177 0
211655 150699 0
210394 184599 0
204178 202180 0
218265 180029 0
211491 180943 0
214707 215528 0
152234 181461 0
217529 215501 0
214707 184585 0
273726 184586 0
200811 182543 0
214701 202197 0
204951 175245 0
273726 184591 0
216304 174074 0
200942 174073 0
270974 178933 0
210374 178926 0
211438 203931 0
201548 178926 0
