11328 217089 0
201001 217718 0
212706 212453 0
245249 217906 0
200323 212330 0
217324 212368 0
207384 212353 0
210978 212624 0
210991 212421 0
274100 212497 0
218101 217078 0
201515 213047 0
216143 213852 0
201462 212602 0
245274 217056 0
16661 217890 0
201624 212470 0
198727 212471 0
201624 217713 0
211016 212380 0
16671 212417 0
205861 217903 0
203659 217914 0
274128 212427 0
211782 213779 0
210978 217905 0
245252 218151 0
212706 212351 0
245281 211207 0
209683 212620 0
245282 212618 0
210974 211960 0
210994 212483 0
152311 212472 0
212696 212357 0
207454 218145 0
211014 212395 0
210982 217086 0
200341 204854 0
210993 217086 0
201460 212437 0
11328 211196 0
216176 217715 0
212693 199030 0
212706 212440 0
201111 212622 0
201645 212469 0
211259 212405 0
201628 212484 0
245246 217906 0
209681 217066 0
200341 211214 0
209679 217101 0
211782 212438 0
201465 182050 0
201004 217080 0
16660 213043 0
11330 212334 0
274107 211801 0
204545 217877 0
16663 212358 0
201460 3682 0
199664 213117 0
205861 217875 0
211002 178007 0
274127 218147 0
211778 212478 0
198729 212351 0
211009 212485 0
201513 211961 0
216263 217562 0
207391 217903 0
210987 213780 0
245241 212619 0
217564 214739 0
152324 211256 0
215928 217064 0
199664 212409 0
212693 213123 0
11329 217719 0
16664 217891 0
201465 217904 0
199063 212475 0
204270 217883 0
16667 212475 0
205861 212484 0
205863 212381 0
215924 218139 0
211018 213050 0
274126 173650 0
207561 211196 0
199540 212598 0
211013 212419 0
274103 217723 0
207386 217907 0
203462 214738 0
211010 212420 0
204550 212608 0
204270 217902 0
245274 212621 0
