239267 296439 0
239265 150020 0
227070 287446 0
227850 293573 0
238513 11702 0
237917 287649 0
4138 11991 0
151077 252760 0
237971 14530 0
227213 293808 0
231539 265848 0
237980 293429 0
227215 272563 0
238511 293394 0
238409 11991 0
237360 292735 0
237969 285410 0
227208 292740 0
231849 252741 0
240557 293462 0
241873 276537 0
231916 264758 0
238405 11695 0
236483 294798 0
237884 292746 0
227109 276512 0
234275 293458 0
239269 253757 0
227211 285407 0
236498 272563 0
237873 246572 0
231851 11597 0
237873 292742 0
237987 288237 0
151075 293470 0
233484 293900 0
235653 253764 0
232799 254572 0
238706 11691 0
235655 293449 0
239272 11595 0
236486 276161 0
235650 293899 0
9635 252761 0
239012 11702 0
9636 11706 0
243426 246610 0
232042 293815 0
238415 11998 0
236476 283346 0
238513 287737 0
268858 246572 0
238415 287652 0
237350 293462 0
232043 293440 0
239271 291025 0
227209 266327 0
236503 265780 0
236484 292726 0
238413 292734 0
227241 274493 0
227846 264762 0
241873 11693 0
151079 291334 0
232188 11696 0
268858 11599 0
235690 11705 0
151088 254577 0
14796 264761 0
239275 256707 0
238402 287226 0
14941 294797 0
238413 287458 0
151078 292731 0
235649 246294 0
239268 274579 0
238412 276530 0
238505 265797 0
237934 293394 0
238402 276158 0
227850 292746 0
226539 293430 0
227108 292746 0
238703 276499 0
238407 253747 0
227844 292726 0
239503 265820 0
235119 253762 0
226758 292742 0
239014 293461 0
237887 265252 0
237984 268677 0
227244 285412 0
226760 293451 0
230186 293811 0
230318 265848 0
225940 253762 0
234275 292746 0
226750 287738 0
151078 276546 0
239267 296439 0
239265 150020 0
227070 287446 0
227850 293573 0
238513 11702 0
237917 287649 0
4138 11991 0
151077 252760 0
237971 14530 0
227213 293808 0
231539 265848 0
237980 293429 0
227215 272563 0
238511 293394 0
238409 11991 0
237360 292735 0
237969 285410 0
227208 292740 0
231849 252741 0
240557 293462 0
241873 276537 0
231916 264758 0
238405 11695 0
236483 294798 0
237884 292746 0
227109 276512 0
234275 293458 0
239269 253757 0
227211 285407 0
236498 272563 0
237873 246572 0
231851 11597 0
237873 292742 0
237987 288237 0
151075 293470 0
233484 293900 0
235653 253764 0
232799 254572 0
238706 11691 0
235655 293449 0
239272 11595 0
236486 276161 0
235650 293899 0
9635 252761 0
239012 11702 0
9636 11706 0
243426 246610 0
232042 293815 0
238415 11998 0
236476 283346 0
238513 287737 0
268858 246572 0
238415 287652 0
237350 293462 0
232043 293440 0
239271 291025 0
227209 266327 0
236503 265780 0
236484 292726 0
238413 292734 0
227241 274493 0
227846 264762 0
241873 11693 0
151079 291334 0
232188 11696 0
268858 11599 0
235690 11705 0
151088 254577 0
14796 264761 0
239275 256707 0
238402 287226 0
14941 294797 0
238413 287458 0
151078 292731 0
235649 246294 0
239268 274579 0
238412 276530 0
238505 265797 0
237934 293394 0
238402 276158 0
227850 292746 0
226539 293430 0
227108 292746 0
238703 276499 0
238407 253747 0
227844 292726 0
239503 265820 0
235119 253762 0
226758 292742 0
239014 293461 0
237887 265252 0
237984 268677 0
227244 285412 0
226760 293451 0
230186 293811 0
230318 265848 0
225940 253762 0
234275 292746 0
226750 287738 0
151078 276546 0
239267 296439 0
239265 150020 0
227070 287446 0
227850 293573 0
238513 11702 0
237917 287649 0
4138 11991 0
151077 252760 0
237971 14530 0
227213 293808 0
231539 265848 0
237980 293429 0
227215 272563 0
238511 293394 0
238409 11991 0
237360 292735 0
237969 285410 0
227208 292740 0
231849 252741 0
240557 293462 0
241873 276537 0
231916 264758 0
238405 11695 0
236483 294798 0
237884 292746 0
227109 276512 0
234275 293458 0
239269 253757 0
227211 285407 0
236498 272563 0
237873 246572 0
231851 11597 0
237873 292742 0
237987 288237 0
151075 293470 0
233484 293900 0
235653 253764 0
232799 254572 0
238706 11691 0
235655 293449 0
239272 11595 0
236486 276161 0
235650 293899 0
9635 252761 0
239012 11702 0
9636 11706 0
243426 246610 0
232042 293815 0
238415 11998 0
236476 283346 0
238513 287737 0
268858 246572 0
238415 287652 0
237350 293462 0
232043 293440 0
239271 291025 0
227209 266327 0
236503 265780 0
236484 292726 0
238413 292734 0
227241 274493 0
227846 264762 0
241873 11693 0
151079 291334 0
232188 11696 0
268858 11599 0
235690 11705 0
151088 254577 0
14796 264761 0
239275 256707 0
238402 287226 0
14941 294797 0
238413 287458 0
151078 292731 0
235649 246294 0
239268 274579 0
238412 276530 0
238505 265797 0
237934 293394 0
238402 276158 0
227850 292746 0
226539 293430 0
227108 292746 0
238703 276499 0
238407 253747 0
227844 292726 0
239503 265820 0
235119 253762 0
226758 292742 0
239014 293461 0
237887 265252 0
237984 268677 0
227244 285412 0
226760 293451 0
230186 293811 0
230318 265848 0
225940 253762 0
234275 292746 0
226750 287738 0
151078 276546 0
239267 296439 0
239265 150020 0
227070 287446 0
227850 293573 0
238513 11702 0
237917 287649 0
4138 11991 0
151077 252760 0
237971 14530 0
227213 293808 0
231539 265848 0
237980 293429 0
227215 272563 0
238511 293394 0
238409 11991 0
237360 292735 0
237969 285410 0
227208 292740 0
231849 252741 0
240557 293462 0
241873 276537 0
231916 264758 0
238405 11695 0
236483 294798 0
237884 292746 0
227109 276512 0
234275 293458 0
239269 253757 0
227211 285407 0
236498 272563 0
237873 246572 0
231851 11597 0
237873 292742 0
237987 288237 0
151075 293470 0
233484 293900 0
235653 253764 0
232799 254572 0
238706 11691 0
235655 293449 0
239272 11595 0
236486 276161 0
235650 293899 0
9635 252761 0
239012 11702 0
9636 11706 0
243426 246610 0
232042 293815 0
238415 11998 0
236476 283346 0
238513 287737 0
268858 246572 0
238415 287652 0
237350 293462 0
232043 293440 0
239271 291025 0
227209 266327 0
236503 265780 0
236484 292726 0
238413 292734 0
227241 274493 0
227846 264762 0
241873 11693 0
151079 291334 0
232188 11696 0
268858 11599 0
235690 11705 0
151088 254577 0
14796 264761 0
239275 256707 0
238402 287226 0
14941 294797 0
238413 287458 0
151078 292731 0
235649 246294 0
239268 274579 0
238412 276530 0
238505 265797 0
237934 293394 0
238402 276158 0
227850 292746 0
226539 293430 0
227108 292746 0
238703 276499 0
238407 253747 0
227844 292726 0
239503 265820 0
235119 253762 0
226758 292742 0
239014 293461 0
237887 265252 0
237984 268677 0
227244 285412 0
226760 293451 0
230186 293811 0
230318 265848 0
225940 253762 0
234275 292746 0
226750 287738 0
151078 276546 0
