16985 240857 0
229010 229517 0
240194 235799 0
230266 235125 0
234623 236862 0
228242 236855 0
9259 226394 0
228911 242930 0
230321 232056 0
275685 229524 0
243044 233608 0
230985 235967 0
9258 226394 0
234624 229515 0
231131 242066 0
9259 236858 0
243042 236854 0
238823 235812 0
243042 227043 0
231139 227042 0
230269 240627 0
228903 230287 0
232018 236841 0
240141 247139 0
240148 231857 0
240216 235977 0
235519 227057 0
230869 229515 0
240204 232061 0
227935 235073 0
228909 235963 0
240153 234216 0
228908 235675 0
227916 240833 0
240212 225957 0
238138 240629 0
275174 233596 0
228912 226433 0
237559 242934 0
243044 235125 0
227917 230192 0
242623 151146 0
234393 226938 0
227670 242083 0
228915 267909 0
237561 226593 0
232018 226830 0
275684 10269 0
228886 226828 0
9256 151149 0
237564 230193 0
227915 233585 0
231137 233608 0
228865 240627 0
228875 247156 0
234631 238709 0
229011 240613 0
243038 233600 0
231390 240639 0
237240 227242 0
227589 229519 0
228750 225709 0
228873 225934 0
231131 229519 0
240201 227691 0
226883 242081 0
232006 227690 0
243043 235686 0
228874 226939 0
241611 230193 0
237239 235983 0
227937 242079 0
237561 242062 0
230269 230379 0
151295 235680 0
234921 240603 0
240149 232056 0
9259 229522 0
228908 242313 0
232005 232065 0
234628 225707 0
9264 233471 0
228869 235132 0
240145 233602 0
240148 235130 0
240201 236848 0
228880 239017 0
240149 235682 0
240287 267909 0
238144 226828 0
234623 235786 0
241598 229525 0
230268 232683 0
229007 233593 0
240207 226982 0
232010 226433 0
238142 234216 0
238140 234215 0
228874 234703 0
237240 229855 0
16985 240857 0
229010 229517 0
240194 235799 0
230266 235125 0
234623 236862 0
228242 236855 0
9259 226394 0
228911 242930 0
230321 232056 0
275685 229524 0
243044 233608 0
230985 235967 0
9258 226394 0
234624 229515 0
231131 242066 0
9259 236858 0
243042 236854 0
238823 235812 0
243042 227043 0
231139 227042 0
230269 240627 0
228903 230287 0
232018 236841 0
240141 247139 0
240148 231857 0
240216 235977 0
235519 227057 0
230869 229515 0
240204 232061 0
227935 235073 0
228909 235963 0
240153 234216 0
228908 235675 0
227916 240833 0
240212 225957 0
238138 240629 0
275174 233596 0
228912 226433 0
237559 242934 0
243044 235125 0
227917 230192 0
242623 151146 0
234393 226938 0
227670 242083 0
228915 267909 0
237561 226593 0
232018 226830 0
275684 10269 0
228886 226828 0
9256 151149 0
237564 230193 0
227915 233585 0
231137 233608 0
228865 240627 0
228875 247156 0
234631 238709 0
229011 240613 0
243038 233600 0
231390 240639 0
237240 227242 0
227589 229519 0
228750 225709 0
228873 225934 0
231131 229519 0
240201 227691 0
226883 242081 0
232006 227690 0
243043 235686 0
228874 226939 0
241611 230193 0
237239 235983 0
227937 242079 0
237561 242062 0
230269 230379 0
151295 235680 0
234921 240603 0
240149 232056 0
9259 229522 0
228908 242313 0
232005 232065 0
234628 225707 0
9264 233471 0
228869 235132 0
240145 233602 0
240148 235130 0
240201 236848 0
228880 239017 0
240149 235682 0
240287 267909 0
238144 226828 0
234623 235786 0
241598 229525 0
230268 232683 0
229007 233593 0
240207 226982 0
232010 226433 0
238142 234216 0
238140 234215 0
228874 234703 0
237240 229855 0
16985 240857 0
229010 229517 0
240194 235799 0
230266 235125 0
234623 236862 0
228242 236855 0
9259 226394 0
228911 242930 0
230321 232056 0
275685 229524 0
243044 233608 0
230985 235967 0
9258 226394 0
234624 229515 0
231131 242066 0
9259 236858 0
243042 236854 0
238823 235812 0
243042 227043 0
231139 227042 0
230269 240627 0
228903 230287 0
232018 236841 0
240141 247139 0
240148 231857 0
240216 235977 0
235519 227057 0
230869 229515 0
240204 232061 0
227935 235073 0
228909 235963 0
240153 234216 0
228908 235675 0
227916 240833 0
240212 225957 0
238138 240629 0
275174 233596 0
228912 226433 0
237559 242934 0
243044 235125 0
227917 230192 0
242623 151146 0
234393 226938 0
227670 242083 0
228915 267909 0
237561 226593 0
232018 226830 0
275684 10269 0
228886 226828 0
9256 151149 0
237564 230193 0
227915 233585 0
231137 233608 0
228865 240627 0
228875 247156 0
234631 238709 0
229011 240613 0
243038 233600 0
231390 240639 0
237240 227242 0
227589 229519 0
228750 225709 0
228873 225934 0
231131 229519 0
240201 227691 0
226883 242081 0
232006 227690 0
243043 235686 0
228874 226939 0
241611 230193 0
237239 235983 0
227937 242079 0
237561 242062 0
230269 230379 0
151295 235680 0
234921 240603 0
240149 232056 0
9259 229522 0
228908 242313 0
232005 232065 0
234628 225707 0
9264 233471 0
228869 235132 0
240145 233602 0
240148 235130 0
240201 236848 0
228880 239017 0
240149 235682 0
240287 267909 0
238144 226828 0
234623 235786 0
241598 229525 0
230268 232683 0
229007 233593 0
240207 226982 0
232010 226433 0
238142 234216 0
238140 234215 0
228874 234703 0
237240 229855 0
16985 240857 0
229010 229517 0
240194 235799 0
230266 235125 0
234623 236862 0
228242 236855 0
9259 226394 0
228911 242930 0
230321 232056 0
275685 229524 0
243044 233608 0
230985 235967 0
9258 226394 0
234624 229515 0
231131 242066 0
9259 236858 0
243042 236854 0
238823 235812 0
243042 227043 0
231139 227042 0
230269 240627 0
228903 230287 0
232018 236841 0
240141 247139 0
240148 231857 0
240216 235977 0
235519 227057 0
230869 229515 0
240204 232061 0
227935 235073 0
228909 235963 0
240153 234216 0
228908 235675 0
227916 240833 0
240212 225957 0
238138 240629 0
275174 233596 0
228912 226433 0
237559 242934 0
243044 235125 0
227917 230192 0
242623 151146 0
234393 226938 0
227670 242083 0
228915 267909 0
237561 226593 0
232018 226830 0
275684 10269 0
228886 226828 0
9256 151149 0
237564 230193 0
227915 233585 0
231137 233608 0
228865 240627 0
228875 247156 0
234631 238709 0
229011 240613 0
243038 233600 0
231390 240639 0
237240 227242 0
227589 229519 0
228750 225709 0
228873 225934 0
231131 229519 0
240201 227691 0
226883 242081 0
232006 227690 0
243043 235686 0
228874 226939 0
241611 230193 0
237239 235983 0
227937 242079 0
237561 242062 0
230269 230379 0
151295 235680 0
234921 240603 0
240149 232056 0
9259 229522 0
228908 242313 0
232005 232065 0
234628 225707 0
9264 233471 0
228869 235132 0
240145 233602 0
240148 235130 0
240201 236848 0
228880 239017 0
240149 235682 0
240287 267909 0
238144 226828 0
234623 235786 0
241598 229525 0
230268 232683 0
229007 233593 0
240207 226982 0
232010 226433 0
238142 234216 0
238140 234215 0
228874 234703 0
237240 229855 0
