97539 3531 0
86969 249852 0
90111 249866 0
90181 95784 0
90192 96532 0
87653 95729 0
90193 97205 0
90090 95800 0
250350 107375 0
90122 95744 0
87342 19189 0
90148 95807 0
90099 106418 0
90121 102487 0
87341 3548 0
90143 99398 0
97539 109203 0
90143 275378 0
90140 105668 0
102607 3495 0
275128 249854 0
90055 249873 0
86968 275385 0
97459 250421 0
98991 100333 0
90101 108237 0
90140 106437 0
90145 249804 0
90124 95731 0
94214 249869 0
275037 98519 0
90171 100340 0
90175 275362 0
86971 105957 0
103940 109348 0
90117 109202 0
90123 104473 0
90080 107373 0
90138 105951 0
87645 102995 0
90143 105961 0
90145 107730 0
90139 250424 0
90099 275385 0
90116 100343 0
87342 106909 0
102608 100338 0
94214 95715 0
101855 95741 0
97479 100346 0
90180 109640 0
101854 98544 0
86963 109643 0
163942 105958 0
90169 95738 0
97478 105612 0
97479 152658 0
90118 275381 0
90185 95797 0
97479 95723 0
90139 95741 0
102582 275317 0
90141 275311 0
250184 95759 0
275076 109203 0
94226 100332 0
99026 98519 0
94218 98518 0
96228 105664 0
90114 108098 0
86965 97199 0
87652 95749 0
90103 108091 0
90132 95769 0
90188 249807 0
90194 3531 0
99026 108239 0
94218 105956 0
101855 108241 0
90095 98544 0
87342 97926 0
90093 249869 0
101854 108244 0
90176 109614 0
98991 106416 0
87341 104367 0
102608 105610 0
90163 19182 0
90181 249862 0
90170 106198 0
98091 19289 0
97479 250425 0
163943 97199 0
90120 249865 0
90207 105620 0
90188 109609 0
275076 95731 0
102582 97926 0
90117 249859 0
90120 249799 0
97539 3531 0
86969 249852 0
90111 249866 0
90181 95784 0
90192 96532 0
87653 95729 0
90193 97205 0
90090 95800 0
250350 107375 0
90122 95744 0
87342 19189 0
90148 95807 0
90099 106418 0
90121 102487 0
87341 3548 0
90143 99398 0
97539 109203 0
90143 275378 0
90140 105668 0
102607 3495 0
275128 249854 0
90055 249873 0
86968 275385 0
97459 250421 0
98991 100333 0
90101 108237 0
90140 106437 0
90145 249804 0
90124 95731 0
94214 249869 0
275037 98519 0
90171 100340 0
90175 275362 0
86971 105957 0
103940 109348 0
90117 109202 0
90123 104473 0
90080 107373 0
90138 105951 0
87645 102995 0
90143 105961 0
90145 107730 0
90139 250424 0
90099 275385 0
90116 100343 0
87342 106909 0
102608 100338 0
94214 95715 0
101855 95741 0
97479 100346 0
90180 109640 0
101854 98544 0
86963 109643 0
163942 105958 0
90169 95738 0
97478 105612 0
97479 152658 0
90118 275381 0
90185 95797 0
97479 95723 0
90139 95741 0
102582 275317 0
90141 275311 0
250184 95759 0
275076 109203 0
94226 100332 0
99026 98519 0
94218 98518 0
96228 105664 0
90114 108098 0
86965 97199 0
87652 95749 0
90103 108091 0
90132 95769 0
90188 249807 0
90194 3531 0
99026 108239 0
94218 105956 0
101855 108241 0
90095 98544 0
87342 97926 0
90093 249869 0
101854 108244 0
90176 109614 0
98991 106416 0
87341 104367 0
102608 105610 0
90163 19182 0
90181 249862 0
90170 106198 0
98091 19289 0
97479 250425 0
163943 97199 0
90120 249865 0
90207 105620 0
90188 109609 0
275076 95731 0
102582 97926 0
90117 249859 0
90120 249799 0
