203264 14809 0
214524 236840 0
193611 240609 0
209449 235125 0
196159 242055 0
208231 242061 0
175916 14803 0
175187 240631 0
174797 293641 0
192984 227021 0
203675 292021 0
159737 239255 0
195016 296114 0
185759 296169 0
202876 292018 0
196159 239250 0
15685 240856 0
11541 286747 0
173461 230916 0
9122 235970 0
12035 240616 0
12038 239244 0
195018 289095 0
208205 227035 0
177956 292458 0
174900 296117 0
178299 239251 0
187717 238427 0
180931 239238 0
206141 242217 0
196093 240598 0
153305 227013 0
193565 296603 0
195506 240602 0
3489 296598 0
193007 239249 0
196083 229520 0
12039 246876 0
159657 292549 0
219620 235971 0
184456 226961 0
202877 240854 0
202875 295148 0
200463 226993 0
186879 227855 0
173465 229523 0
174352 4676 0
180908 240618 0
186911 226581 0
180934 240610 0
186850 239248 0
186910 236835 0
188432 235055 0
176499 239241 0
210475 238430 0
195016 226994 0
11050 236841 0
184447 226582 0
178305 287053 0
192997 227056 0
203289 14721 0
214949 236844 0
202860 240618 0
12033 226746 0
190863 246941 0
160273 240604 0
185756 227056 0
159597 235970 0
175907 296601 0
176163 238517 0
11042 226585 0
195015 240452 0
208233 236884 0
195022 234703 0
15684 4765 0
203394 237735 0
203273 240862 0
174943 4679 0
184447 227853 0
174942 240623 0
184867 236840 0
153043 242063 0
214954 230315 0
200565 236845 0
219626 296172 0
203675 235688 0
175909 14805 0
208230 227006 0
153040 240609 0
208885 240612 0
160273 296118 0
208207 265917 0
14781 4766 0
195016 229521 0
181448 236846 0
214053 226961 0
174931 233587 0
208884 234705 0
201360 293925 0
184421 293646 0
