14471 285169 0
238002 250645 0
240655 286827 0
194346 291429 0
209184 294559 0
11014 295117 0
190994 291431 0
198539 256649 0
198570 246321 0
196462 295132 0
195960 293129 0
227742 286434 0
237366 291997 0
194347 293352 0
237367 284243 0
186943 285180 0
194437 286602 0
188481 289304 0
198572 292000 0
237892 288696 0
193420 289008 0
198536 295135 0
194426 270395 0
238729 285164 0
10598 290625 0
196462 245961 0
227707 276310 0
198548 285579 0
237848 256621 0
9244 291410 0
14466 291453 0
195960 291458 0
193059 294552 0
193420 291990 0
191026 288116 0
238546 276312 0
9234 291438 0
227524 245966 0
191023 290584 0
12055 293041 0
240655 250663 0
237894 246000 0
193643 295141 0
247512 291460 0
237371 284840 0
247512 291997 0
190407 295131 0
9248 295134 0
11007 245965 0
198550 285487 0
198544 291988 0
196300 293125 0
192971 150210 0
195780 285491 0
176251 296056 0
237847 296057 0
206371 285168 0
237852 293123 0
227739 286436 0
209184 293353 0
238543 256618 0
198553 291466 0
227554 295116 0
186941 291994 0
198532 250664 0
188711 295143 0
198533 270395 0
187747 150210 0
193058 256643 0
198543 285487 0
194344 250588 0
188885 284841 0
9248 291457 0
198546 256634 0
237893 285491 0
10937 289307 0
191603 291435 0
188483 285182 0
194443 285164 0
188711 295127 0
272870 293041 0
191010 293125 0
9245 289569 0
198513 289020 0
196463 285186 0
195779 262395 0
194390 246321 0
236064 256638 0
194688 256621 0
272872 9111 0
227738 284243 0
195781 150210 0
227526 289570 0
193059 284507 0
5684 247472 0
251938 247471 0
194442 256645 0
225626 247472 0
188481 256644 0
209186 290615 0
14471 285169 0
238002 250645 0
240655 286827 0
194346 291429 0
209184 294559 0
11014 295117 0
190994 291431 0
198539 256649 0
198570 246321 0
196462 295132 0
195960 293129 0
227742 286434 0
237366 291997 0
194347 293352 0
237367 284243 0
186943 285180 0
194437 286602 0
188481 289304 0
198572 292000 0
237892 288696 0
193420 289008 0
198536 295135 0
194426 270395 0
238729 285164 0
10598 290625 0
196462 245961 0
227707 276310 0
198548 285579 0
237848 256621 0
9244 291410 0
14466 291453 0
195960 291458 0
193059 294552 0
193420 291990 0
191026 288116 0
238546 276312 0
9234 291438 0
227524 245966 0
191023 290584 0
12055 293041 0
240655 250663 0
237894 246000 0
193643 295141 0
247512 291460 0
237371 284840 0
247512 291997 0
190407 295131 0
9248 295134 0
11007 245965 0
198550 285487 0
198544 291988 0
196300 293125 0
192971 150210 0
195780 285491 0
176251 296056 0
237847 296057 0
206371 285168 0
237852 293123 0
227739 286436 0
209184 293353 0
238543 256618 0
198553 291466 0
227554 295116 0
186941 291994 0
198532 250664 0
188711 295143 0
198533 270395 0
187747 150210 0
193058 256643 0
198543 285487 0
194344 250588 0
188885 284841 0
9248 291457 0
198546 256634 0
237893 285491 0
10937 289307 0
191603 291435 0
188483 285182 0
194443 285164 0
188711 295127 0
272870 293041 0
191010 293125 0
9245 289569 0
198513 289020 0
196463 285186 0
195779 262395 0
194390 246321 0
236064 256638 0
194688 256621 0
272872 9111 0
227738 284243 0
195781 150210 0
227526 289570 0
193059 284507 0
5684 247472 0
251938 247471 0
194442 256645 0
225626 247472 0
188481 256644 0
209186 290615 0
14471 285169 0
238002 250645 0
240655 286827 0
194346 291429 0
209184 294559 0
11014 295117 0
190994 291431 0
198539 256649 0
198570 246321 0
196462 295132 0
195960 293129 0
227742 286434 0
237366 291997 0
194347 293352 0
237367 284243 0
186943 285180 0
194437 286602 0
188481 289304 0
198572 292000 0
237892 288696 0
193420 289008 0
198536 295135 0
194426 270395 0
238729 285164 0
10598 290625 0
196462 245961 0
227707 276310 0
198548 285579 0
237848 256621 0
9244 291410 0
14466 291453 0
195960 291458 0
193059 294552 0
193420 291990 0
191026 288116 0
238546 276312 0
9234 291438 0
227524 245966 0
191023 290584 0
12055 293041 0
240655 250663 0
237894 246000 0
193643 295141 0
247512 291460 0
237371 284840 0
247512 291997 0
190407 295131 0
9248 295134 0
11007 245965 0
198550 285487 0
198544 291988 0
196300 293125 0
192971 150210 0
195780 285491 0
176251 296056 0
237847 296057 0
206371 285168 0
237852 293123 0
227739 286436 0
209184 293353 0
238543 256618 0
198553 291466 0
227554 295116 0
186941 291994 0
198532 250664 0
188711 295143 0
198533 270395 0
187747 150210 0
193058 256643 0
198543 285487 0
194344 250588 0
188885 284841 0
9248 291457 0
198546 256634 0
237893 285491 0
10937 289307 0
191603 291435 0
188483 285182 0
194443 285164 0
188711 295127 0
272870 293041 0
191010 293125 0
9245 289569 0
198513 289020 0
196463 285186 0
195779 262395 0
194390 246321 0
236064 256638 0
194688 256621 0
272872 9111 0
227738 284243 0
195781 150210 0
227526 289570 0
193059 284507 0
5684 247472 0
251938 247471 0
194442 256645 0
225626 247472 0
188481 256644 0
209186 290615 0
14471 285169 0
238002 250645 0
240655 286827 0
194346 291429 0
209184 294559 0
11014 295117 0
190994 291431 0
198539 256649 0
198570 246321 0
196462 295132 0
195960 293129 0
227742 286434 0
237366 291997 0
194347 293352 0
237367 284243 0
186943 285180 0
194437 286602 0
188481 289304 0
198572 292000 0
237892 288696 0
193420 289008 0
198536 295135 0
194426 270395 0
238729 285164 0
10598 290625 0
196462 245961 0
227707 276310 0
198548 285579 0
237848 256621 0
9244 291410 0
14466 291453 0
195960 291458 0
193059 294552 0
193420 291990 0
191026 288116 0
238546 276312 0
9234 291438 0
227524 245966 0
191023 290584 0
12055 293041 0
240655 250663 0
237894 246000 0
193643 295141 0
247512 291460 0
237371 284840 0
247512 291997 0
190407 295131 0
9248 295134 0
11007 245965 0
198550 285487 0
198544 291988 0
196300 293125 0
192971 150210 0
195780 285491 0
176251 296056 0
237847 296057 0
206371 285168 0
237852 293123 0
227739 286436 0
209184 293353 0
238543 256618 0
198553 291466 0
227554 295116 0
186941 291994 0
198532 250664 0
188711 295143 0
198533 270395 0
187747 150210 0
193058 256643 0
198543 285487 0
194344 250588 0
188885 284841 0
9248 291457 0
198546 256634 0
237893 285491 0
10937 289307 0
191603 291435 0
188483 285182 0
194443 285164 0
188711 295127 0
272870 293041 0
191010 293125 0
9245 289569 0
198513 289020 0
196463 285186 0
195779 262395 0
194390 246321 0
236064 256638 0
194688 256621 0
272872 9111 0
227738 284243 0
195781 150210 0
227526 289570 0
193059 284507 0
5684 247472 0
251938 247471 0
194442 256645 0
225626 247472 0
188481 256644 0
209186 290615 0
