223694 262070 0
154512 293294 0
221696 16433 0
224651 248280 0
224508 296380 0
225146 16439 0
222460 221648 0
224643 223103 0
224658 225229 0
222357 265234 0
224734 223990 0
221697 154637 0
224177 150180 0
222356 283933 0
221712 223085 0
224507 283943 0
224716 265443 0
224734 289807 0
223693 223090 0
223365 225096 0
223607 283946 0
224347 11935 0
224499 293294 0
154516 223179 0
222363 223087 0
224661 262069 0
222365 293294 0
222359 283935 0
154503 283939 0
154526 248282 0
224492 283938 0
154507 224706 0
224033 223335 0
273282 222837 0
225165 223980 0
223365 223176 0
224718 262069 0
154561 293102 0
273282 289808 0
221607 245929 0
224504 283935 0
224943 223979 0
154661 245929 0
224957 283940 0
154507 4470 0
224658 223011 0
225204 154637 0
224501 245929 0
224506 248293 0
222455 223181 0
224652 262796 0
223739 283945 0
224640 265441 0
124570 245928 0
221697 224194 0
223593 296380 0
225163 262069 0
222358 16439 0
224349 293289 0
223593 248301 0
224498 289803 0
224501 4470 0
223739 223095 0
273324 289801 0
225204 223180 0
225161 293306 0
222460 248286 0
224650 285851 0
224506 223179 0
273278 222333 0
225247 223184 0
154512 283937 0
224944 223991 0
225161 268663 0
224496 223173 0
154527 265448 0
154517 223258 0
222461 223980 0
221700 223090 0
225146 248282 0
224957 283944 0
154504 16437 0
224363 272795 0
154527 283946 0
154523 283952 0
224944 289803 0
222458 225097 0
221317 223101 0
221699 154637 0
221207 223102 0
224643 223177 0
154522 289895 0
223361 276390 0
221207 248284 0
222363 16637 0
224503 221676 0
124564 283945 0
154524 222837 0
124565 289810 0
225205 224462 0
223694 262070 0
154512 293294 0
221696 16433 0
224651 248280 0
224508 296380 0
225146 16439 0
222460 221648 0
224643 223103 0
224658 225229 0
222357 265234 0
224734 223990 0
221697 154637 0
224177 150180 0
222356 283933 0
221712 223085 0
224507 283943 0
224716 265443 0
224734 289807 0
223693 223090 0
223365 225096 0
223607 283946 0
224347 11935 0
224499 293294 0
154516 223179 0
222363 223087 0
224661 262069 0
222365 293294 0
222359 283935 0
154503 283939 0
154526 248282 0
224492 283938 0
154507 224706 0
224033 223335 0
273282 222837 0
225165 223980 0
223365 223176 0
224718 262069 0
154561 293102 0
273282 289808 0
221607 245929 0
224504 283935 0
224943 223979 0
154661 245929 0
224957 283940 0
154507 4470 0
224658 223011 0
225204 154637 0
224501 245929 0
224506 248293 0
222455 223181 0
224652 262796 0
223739 283945 0
224640 265441 0
124570 245928 0
221697 224194 0
223593 296380 0
225163 262069 0
222358 16439 0
224349 293289 0
223593 248301 0
224498 289803 0
224501 4470 0
223739 223095 0
273324 289801 0
225204 223180 0
225161 293306 0
222460 248286 0
224650 285851 0
224506 223179 0
273278 222333 0
225247 223184 0
154512 283937 0
224944 223991 0
225161 268663 0
224496 223173 0
154527 265448 0
154517 223258 0
222461 223980 0
221700 223090 0
225146 248282 0
224957 283944 0
154504 16437 0
224363 272795 0
154527 283946 0
154523 283952 0
224944 289803 0
222458 225097 0
221317 223101 0
221699 154637 0
221207 223102 0
224643 223177 0
154522 289895 0
223361 276390 0
221207 248284 0
222363 16637 0
224503 221676 0
124564 283945 0
154524 222837 0
124565 289810 0
225205 224462 0
223694 262070 0
154512 293294 0
221696 16433 0
224651 248280 0
224508 296380 0
225146 16439 0
222460 221648 0
224643 223103 0
224658 225229 0
222357 265234 0
224734 223990 0
221697 154637 0
224177 150180 0
222356 283933 0
221712 223085 0
224507 283943 0
224716 265443 0
224734 289807 0
223693 223090 0
223365 225096 0
223607 283946 0
224347 11935 0
224499 293294 0
154516 223179 0
222363 223087 0
224661 262069 0
222365 293294 0
222359 283935 0
154503 283939 0
154526 248282 0
224492 283938 0
154507 224706 0
224033 223335 0
273282 222837 0
225165 223980 0
223365 223176 0
224718 262069 0
154561 293102 0
273282 289808 0
221607 245929 0
224504 283935 0
224943 223979 0
154661 245929 0
224957 283940 0
154507 4470 0
224658 223011 0
225204 154637 0
224501 245929 0
224506 248293 0
222455 223181 0
224652 262796 0
223739 283945 0
224640 265441 0
124570 245928 0
221697 224194 0
223593 296380 0
225163 262069 0
222358 16439 0
224349 293289 0
223593 248301 0
224498 289803 0
224501 4470 0
223739 223095 0
273324 289801 0
225204 223180 0
225161 293306 0
222460 248286 0
224650 285851 0
224506 223179 0
273278 222333 0
225247 223184 0
154512 283937 0
224944 223991 0
225161 268663 0
224496 223173 0
154527 265448 0
154517 223258 0
222461 223980 0
221700 223090 0
225146 248282 0
224957 283944 0
154504 16437 0
224363 272795 0
154527 283946 0
154523 283952 0
224944 289803 0
222458 225097 0
221317 223101 0
221699 154637 0
221207 223102 0
224643 223177 0
154522 289895 0
223361 276390 0
221207 248284 0
222363 16637 0
224503 221676 0
124564 283945 0
154524 222837 0
124565 289810 0
225205 224462 0
223694 262070 0
154512 293294 0
221696 16433 0
224651 248280 0
224508 296380 0
225146 16439 0
222460 221648 0
224643 223103 0
224658 225229 0
222357 265234 0
224734 223990 0
221697 154637 0
224177 150180 0
222356 283933 0
221712 223085 0
224507 283943 0
224716 265443 0
224734 289807 0
223693 223090 0
223365 225096 0
223607 283946 0
224347 11935 0
224499 293294 0
154516 223179 0
222363 223087 0
224661 262069 0
222365 293294 0
222359 283935 0
154503 283939 0
154526 248282 0
224492 283938 0
154507 224706 0
224033 223335 0
273282 222837 0
225165 223980 0
223365 223176 0
224718 262069 0
154561 293102 0
273282 289808 0
221607 245929 0
224504 283935 0
224943 223979 0
154661 245929 0
224957 283940 0
154507 4470 0
224658 223011 0
225204 154637 0
224501 245929 0
224506 248293 0
222455 223181 0
224652 262796 0
223739 283945 0
224640 265441 0
124570 245928 0
221697 224194 0
223593 296380 0
225163 262069 0
222358 16439 0
224349 293289 0
223593 248301 0
224498 289803 0
224501 4470 0
223739 223095 0
273324 289801 0
225204 223180 0
225161 293306 0
222460 248286 0
224650 285851 0
224506 223179 0
273278 222333 0
225247 223184 0
154512 283937 0
224944 223991 0
225161 268663 0
224496 223173 0
154527 265448 0
154517 223258 0
222461 223980 0
221700 223090 0
225146 248282 0
224957 283944 0
154504 16437 0
224363 272795 0
154527 283946 0
154523 283952 0
224944 289803 0
222458 225097 0
221317 223101 0
221699 154637 0
221207 223102 0
224643 223177 0
154522 289895 0
223361 276390 0
221207 248284 0
222363 16637 0
224503 221676 0
124564 283945 0
154524 222837 0
124565 289810 0
225205 224462 0
