293138 232748 0
268976 238394 0
296668 238377 0
246035 237118 0
260509 228502 0
264239 232756 0
150250 237125 0
293379 239976 0
265953 242724 0
293190 232748 0
14714 229487 0
260510 228510 0
289155 238317 0
260488 234849 0
268974 241000 0
264238 238759 0
285324 232392 0
260496 238380 0
150512 236807 0
289353 162706 0
293383 232393 0
289515 238390 0
285249 238380 0
262511 236622 0
246818 229230 0
285279 229166 0
282563 226268 0
293185 235739 0
289520 238681 0
289519 226273 0
11787 227649 0
282562 231756 0
285279 236630 0
285317 236807 0
246088 228509 0
11781 232395 0
294831 237828 0
260492 162715 0
265956 229231 0
293382 228524 0
285252 229256 0
283420 237124 0
14453 234416 0
285244 228354 0
266299 231246 0
289521 229487 0
252676 234841 0
272833 235829 0
246594 241205 0
281444 236630 0
289510 231523 0
246088 229226 0
268974 236617 0
150241 240521 0
283433 228348 0
246033 240998 0
266089 237111 0
290447 237117 0
289587 230300 0
265265 233898 0
296663 234416 0
289164 230299 0
285296 238394 0
262072 238361 0
289561 242724 0
284250 237839 0
290121 230300 0
296664 230300 0
289351 228515 0
293382 237728 0
252944 10248 0
260485 237730 0
246055 232566 0
11773 227648 0
282560 228355 0
294625 239569 0
265953 229256 0
289171 232418 0
246053 10248 0
150513 230300 0
272849 238840 0
246050 240999 0
290813 237110 0
289151 236807 0
246018 236613 0
252946 237106 0
150490 232389 0
269898 238848 0
246049 241207 0
296544 241710 0
293706 235828 0
11773 240998 0
290819 228519 0
282567 232751 0
265439 226820 0
296665 236623 0
245969 240811 0
289161 12064 0
246087 229255 0
289167 236799 0
293138 232748 0
268976 238394 0
296668 238377 0
246035 237118 0
260509 228502 0
264239 232756 0
150250 237125 0
293379 239976 0
265953 242724 0
293190 232748 0
14714 229487 0
260510 228510 0
289155 238317 0
260488 234849 0
268974 241000 0
264238 238759 0
285324 232392 0
260496 238380 0
150512 236807 0
289353 162706 0
293383 232393 0
289515 238390 0
285249 238380 0
262511 236622 0
246818 229230 0
285279 229166 0
282563 226268 0
293185 235739 0
289520 238681 0
289519 226273 0
11787 227649 0
282562 231756 0
285279 236630 0
285317 236807 0
246088 228509 0
11781 232395 0
294831 237828 0
260492 162715 0
265956 229231 0
293382 228524 0
285252 229256 0
283420 237124 0
14453 234416 0
285244 228354 0
266299 231246 0
289521 229487 0
252676 234841 0
272833 235829 0
246594 241205 0
281444 236630 0
289510 231523 0
246088 229226 0
268974 236617 0
150241 240521 0
283433 228348 0
246033 240998 0
266089 237111 0
290447 237117 0
289587 230300 0
265265 233898 0
296663 234416 0
289164 230299 0
285296 238394 0
262072 238361 0
289561 242724 0
284250 237839 0
290121 230300 0
296664 230300 0
289351 228515 0
293382 237728 0
252944 10248 0
260485 237730 0
246055 232566 0
11773 227648 0
282560 228355 0
294625 239569 0
265953 229256 0
289171 232418 0
246053 10248 0
150513 230300 0
272849 238840 0
246050 240999 0
290813 237110 0
289151 236807 0
246018 236613 0
252946 237106 0
150490 232389 0
269898 238848 0
246049 241207 0
296544 241710 0
293706 235828 0
11773 240998 0
290819 228519 0
282567 232751 0
265439 226820 0
296665 236623 0
245969 240811 0
289161 12064 0
246087 229255 0
289167 236799 0
293138 232748 0
268976 238394 0
296668 238377 0
246035 237118 0
260509 228502 0
264239 232756 0
150250 237125 0
293379 239976 0
265953 242724 0
293190 232748 0
14714 229487 0
260510 228510 0
289155 238317 0
260488 234849 0
268974 241000 0
264238 238759 0
285324 232392 0
260496 238380 0
150512 236807 0
289353 162706 0
293383 232393 0
289515 238390 0
285249 238380 0
262511 236622 0
246818 229230 0
285279 229166 0
282563 226268 0
293185 235739 0
289520 238681 0
289519 226273 0
11787 227649 0
282562 231756 0
285279 236630 0
285317 236807 0
246088 228509 0
11781 232395 0
294831 237828 0
260492 162715 0
265956 229231 0
293382 228524 0
285252 229256 0
283420 237124 0
14453 234416 0
285244 228354 0
266299 231246 0
289521 229487 0
252676 234841 0
272833 235829 0
246594 241205 0
281444 236630 0
289510 231523 0
246088 229226 0
268974 236617 0
150241 240521 0
283433 228348 0
246033 240998 0
266089 237111 0
290447 237117 0
289587 230300 0
265265 233898 0
296663 234416 0
289164 230299 0
285296 238394 0
262072 238361 0
289561 242724 0
284250 237839 0
290121 230300 0
296664 230300 0
289351 228515 0
293382 237728 0
252944 10248 0
260485 237730 0
246055 232566 0
11773 227648 0
282560 228355 0
294625 239569 0
265953 229256 0
289171 232418 0
246053 10248 0
150513 230300 0
272849 238840 0
246050 240999 0
290813 237110 0
289151 236807 0
246018 236613 0
252946 237106 0
150490 232389 0
269898 238848 0
246049 241207 0
296544 241710 0
293706 235828 0
11773 240998 0
290819 228519 0
282567 232751 0
265439 226820 0
296665 236623 0
245969 240811 0
289161 12064 0
246087 229255 0
289167 236799 0
293138 232748 0
268976 238394 0
296668 238377 0
246035 237118 0
260509 228502 0
264239 232756 0
150250 237125 0
293379 239976 0
265953 242724 0
293190 232748 0
14714 229487 0
260510 228510 0
289155 238317 0
260488 234849 0
268974 241000 0
264238 238759 0
285324 232392 0
260496 238380 0
150512 236807 0
289353 162706 0
293383 232393 0
289515 238390 0
285249 238380 0
262511 236622 0
246818 229230 0
285279 229166 0
282563 226268 0
293185 235739 0
289520 238681 0
289519 226273 0
11787 227649 0
282562 231756 0
285279 236630 0
285317 236807 0
246088 228509 0
11781 232395 0
294831 237828 0
260492 162715 0
265956 229231 0
293382 228524 0
285252 229256 0
283420 237124 0
14453 234416 0
285244 228354 0
266299 231246 0
289521 229487 0
252676 234841 0
272833 235829 0
246594 241205 0
281444 236630 0
289510 231523 0
246088 229226 0
268974 236617 0
150241 240521 0
283433 228348 0
246033 240998 0
266089 237111 0
290447 237117 0
289587 230300 0
265265 233898 0
296663 234416 0
289164 230299 0
285296 238394 0
262072 238361 0
289561 242724 0
284250 237839 0
290121 230300 0
296664 230300 0
289351 228515 0
293382 237728 0
252944 10248 0
260485 237730 0
246055 232566 0
11773 227648 0
282560 228355 0
294625 239569 0
265953 229256 0
289171 232418 0
246053 10248 0
150513 230300 0
272849 238840 0
246050 240999 0
290813 237110 0
289151 236807 0
246018 236613 0
252946 237106 0
150490 232389 0
269898 238848 0
246049 241207 0
296544 241710 0
293706 235828 0
11773 240998 0
290819 228519 0
282567 232751 0
265439 226820 0
296665 236623 0
245969 240811 0
289161 12064 0
246087 229255 0
289167 236799 0
