178967 218151 0
210826 212615 0
204031 217903 0
207610 212457 0
206876 212363 0
173715 217907 0
206917 212621 0
178990 212371 0
179583 213607 0
180166 212488 0
179003 212440 0
173732 217268 0
178978 212636 0
182082 212599 0
181322 212526 0
203991 212454 0
174009 218144 0
173751 217888 0
173673 212421 0
210795 212447 0
173674 217059 0
209935 212441 0
173774 212709 0
207611 217033 0
178956 212435 0
206904 217094 0
174022 212521 0
173704 217879 0
173751 217068 0
180078 212399 0
203989 212353 0
210512 212454 0
210537 200848 0
174009 217885 0
179576 213043 0
182555 217066 0
199483 217067 0
219744 212366 0
208924 212432 0
180777 212356 0
206870 212638 0
204018 212459 0
180772 212711 0
202911 212610 0
206934 212414 0
210827 217871 0
210811 217268 0
186685 212523 0
210818 212439 0
181339 212521 0
214174 212415 0
150709 203252 0
177656 212407 0
210827 212442 0
206912 217878 0
201317 212489 0
206873 212990 0
174018 212348 0
173695 212438 0
173777 212382 0
179018 212713 0
8870 217876 0
207612 218145 0
180063 212473 0
210518 212381 0
180081 212458 0
210549 212360 0
201316 212354 0
215141 212713 0
210246 212452 0
210787 217901 0
174045 212609 0
206878 212372 0
178683 212710 0
181458 212448 0
210843 212478 0
178953 213003 0
179576 217067 0
201316 217897 0
181339 212352 0
174037 212469 0
210856 212396 0
206930 217076 0
206894 212502 0
173689 212505 0
206873 212401 0
186414 211802 0
179583 212379 0
173767 217061 0
178988 217034 0
210809 217049 0
174019 217889 0
181330 217066 0
178994 213002 0
200558 212361 0
173632 212356 0
185507 212423 0
173701 212434 0
174498 212464 0
174010 212480 0
