9009 241252 0
293568 242712 0
265164 9763 0
163418 242711 0
286410 227516 0
293333 228490 0
260457 229111 0
294700 232839 0
293566 247499 0
284270 239459 0
286418 247498 0
9032 235358 0
259995 239302 0
265141 239302 0
286419 229103 0
246962 229153 0
285799 231733 0
289855 229138 0
279173 232762 0
14641 231728 0
295235 235210 0
291007 241254 0
290413 237822 0
285724 237825 0
288645 232423 0
277374 243870 0
285991 227292 0
289826 9680 0
265773 230737 0
293712 242259 0
265772 241258 0
285727 232889 0
284367 226771 0
14515 9671 0
265087 242704 0
293569 9688 0
285129 241258 0
265865 237097 0
294688 232762 0
284613 239920 0
252641 239294 0
286239 230305 0
286423 229138 0
9022 229132 0
289390 231727 0
285726 242717 0
260002 237825 0
265898 233198 0
150315 229150 0
259996 228480 0
265165 230422 0
265091 235358 0
9025 235212 0
9022 229127 0
286452 225909 0
289238 229104 0
286236 232739 0
284861 237095 0
290829 237816 0
284642 151573 0
285136 239297 0
265865 238165 0
284368 228488 0
281365 237814 0
265088 226772 0
285126 229134 0
265163 231914 0
281217 237136 0
289238 229144 0
246810 237095 0
265092 235747 0
294702 9673 0
286236 237097 0
285131 239513 0
283019 234801 0
260438 151577 0
252637 227291 0
246962 235356 0
252628 225851 0
279168 227292 0
260438 230739 0
284864 10242 0
285061 229143 0
8969 151573 0
281369 237097 0
285797 225906 0
265164 226626 0
285066 235288 0
260326 226623 0
289370 237088 0
286235 231741 0
293258 225826 0
260538 225908 0
286455 237828 0
266275 242712 0
284272 124725 0
293902 242705 0
293567 231730 0
260440 233201 0
288647 241024 0
