180627 204887 0
181542 186384 0
180676 186667 0
208655 183889 0
180655 175501 0
183847 273934 0
208620 178442 0
186258 22556 0
206513 179040 0
186244 207800 0
179986 184568 0
206535 204886 0
182796 178476 0
182865 207792 0
209242 215897 0
275887 200086 0
204784 177712 0
214622 175591 0
182127 183203 0
182887 177718 0
208619 183888 0
275885 178666 0
186196 175430 0
185107 216001 0
186494 214613 0
186200 180436 0
177573 214757 0
180629 185376 0
186391 179776 0
185108 209612 0
208628 159734 0
180237 174503 0
208634 204883 0
183247 186666 0
186195 183887 0
214662 186514 0
179971 178497 0
214620 185377 0
180680 175501 0
181002 179432 0
182842 214812 0
206528 175582 0
183846 273934 0
185095 175624 0
177587 175671 0
180635 178666 0
206480 207789 0
200112 209611 0
183247 150755 0
204784 177996 0
124302 214711 0
179985 178499 0
177587 178463 0
182864 181691 0
208622 204881 0
184564 204405 0
180679 177454 0
186391 207800 0
186161 178452 0
186494 185574 0
180639 150753 0
185891 208469 0
209253 205621 0
11465 178493 0
180630 17475 0
182868 207792 0
185112 175584 0
178895 178458 0
185891 214820 0
185891 178462 0
180646 175591 0
208634 17537 0
215101 178498 0
124307 186442 0
180630 201373 0
186195 205620 0
185276 214711 0
124303 204406 0
185095 207794 0
175387 179670 0
186392 204014 0
209248 175582 0
177555 178451 0
180634 200086 0
185109 204407 0
185109 185261 0
213339 175593 0
214655 175449 0
183845 210413 0
185104 175677 0
185884 186664 0
150732 185065 0
180657 182583 0
181405 178445 0
185109 186665 0
180628 201335 0
213325 180109 0
183236 204320 0
186239 11454 0
184563 183171 0
180627 204887 0
181542 186384 0
180676 186667 0
208655 183889 0
180655 175501 0
183847 273934 0
208620 178442 0
186258 22556 0
206513 179040 0
186244 207800 0
179986 184568 0
206535 204886 0
182796 178476 0
182865 207792 0
209242 215897 0
275887 200086 0
204784 177712 0
214622 175591 0
182127 183203 0
182887 177718 0
208619 183888 0
275885 178666 0
186196 175430 0
185107 216001 0
186494 214613 0
186200 180436 0
177573 214757 0
180629 185376 0
186391 179776 0
185108 209612 0
208628 159734 0
180237 174503 0
208634 204883 0
183247 186666 0
186195 183887 0
214662 186514 0
179971 178497 0
214620 185377 0
180680 175501 0
181002 179432 0
182842 214812 0
206528 175582 0
183846 273934 0
185095 175624 0
177587 175671 0
180635 178666 0
206480 207789 0
200112 209611 0
183247 150755 0
204784 177996 0
124302 214711 0
179985 178499 0
177587 178463 0
182864 181691 0
208622 204881 0
184564 204405 0
180679 177454 0
186391 207800 0
186161 178452 0
186494 185574 0
180639 150753 0
185891 208469 0
209253 205621 0
11465 178493 0
180630 17475 0
182868 207792 0
185112 175584 0
178895 178458 0
185891 214820 0
185891 178462 0
180646 175591 0
208634 17537 0
215101 178498 0
124307 186442 0
180630 201373 0
186195 205620 0
185276 214711 0
124303 204406 0
185095 207794 0
175387 179670 0
186392 204014 0
209248 175582 0
177555 178451 0
180634 200086 0
185109 204407 0
185109 185261 0
213339 175593 0
214655 175449 0
183845 210413 0
185104 175677 0
185884 186664 0
150732 185065 0
180657 182583 0
181405 178445 0
185109 186665 0
180628 201335 0
213325 180109 0
183236 204320 0
186239 11454 0
184563 183171 0
180627 204887 0
181542 186384 0
180676 186667 0
208655 183889 0
180655 175501 0
183847 273934 0
208620 178442 0
186258 22556 0
206513 179040 0
186244 207800 0
179986 184568 0
206535 204886 0
182796 178476 0
182865 207792 0
209242 215897 0
275887 200086 0
204784 177712 0
214622 175591 0
182127 183203 0
182887 177718 0
208619 183888 0
275885 178666 0
186196 175430 0
185107 216001 0
186494 214613 0
186200 180436 0
177573 214757 0
180629 185376 0
186391 179776 0
185108 209612 0
208628 159734 0
180237 174503 0
208634 204883 0
183247 186666 0
186195 183887 0
214662 186514 0
179971 178497 0
214620 185377 0
180680 175501 0
181002 179432 0
182842 214812 0
206528 175582 0
183846 273934 0
185095 175624 0
177587 175671 0
180635 178666 0
206480 207789 0
200112 209611 0
183247 150755 0
204784 177996 0
124302 214711 0
179985 178499 0
177587 178463 0
182864 181691 0
208622 204881 0
184564 204405 0
180679 177454 0
186391 207800 0
186161 178452 0
186494 185574 0
180639 150753 0
185891 208469 0
209253 205621 0
11465 178493 0
180630 17475 0
182868 207792 0
185112 175584 0
178895 178458 0
185891 214820 0
185891 178462 0
180646 175591 0
208634 17537 0
215101 178498 0
124307 186442 0
180630 201373 0
186195 205620 0
185276 214711 0
124303 204406 0
185095 207794 0
175387 179670 0
186392 204014 0
209248 175582 0
177555 178451 0
180634 200086 0
185109 204407 0
185109 185261 0
213339 175593 0
214655 175449 0
183845 210413 0
185104 175677 0
185884 186664 0
150732 185065 0
180657 182583 0
181405 178445 0
185109 186665 0
180628 201335 0
213325 180109 0
183236 204320 0
186239 11454 0
184563 183171 0
180627 204887 0
181542 186384 0
180676 186667 0
208655 183889 0
180655 175501 0
183847 273934 0
208620 178442 0
186258 22556 0
206513 179040 0
186244 207800 0
179986 184568 0
206535 204886 0
182796 178476 0
182865 207792 0
209242 215897 0
275887 200086 0
204784 177712 0
214622 175591 0
182127 183203 0
182887 177718 0
208619 183888 0
275885 178666 0
186196 175430 0
185107 216001 0
186494 214613 0
186200 180436 0
177573 214757 0
180629 185376 0
186391 179776 0
185108 209612 0
208628 159734 0
180237 174503 0
208634 204883 0
183247 186666 0
186195 183887 0
214662 186514 0
179971 178497 0
214620 185377 0
180680 175501 0
181002 179432 0
182842 214812 0
206528 175582 0
183846 273934 0
185095 175624 0
177587 175671 0
180635 178666 0
206480 207789 0
200112 209611 0
183247 150755 0
204784 177996 0
124302 214711 0
179985 178499 0
177587 178463 0
182864 181691 0
208622 204881 0
184564 204405 0
180679 177454 0
186391 207800 0
186161 178452 0
186494 185574 0
180639 150753 0
185891 208469 0
209253 205621 0
11465 178493 0
180630 17475 0
182868 207792 0
185112 175584 0
178895 178458 0
185891 214820 0
185891 178462 0
180646 175591 0
208634 17537 0
215101 178498 0
124307 186442 0
180630 201373 0
186195 205620 0
185276 214711 0
124303 204406 0
185095 207794 0
175387 179670 0
186392 204014 0
209248 175582 0
177555 178451 0
180634 200086 0
185109 204407 0
185109 185261 0
213339 175593 0
214655 175449 0
183845 210413 0
185104 175677 0
185884 186664 0
150732 185065 0
180657 182583 0
181405 178445 0
185109 186665 0
180628 201335 0
213325 180109 0
183236 204320 0
186239 11454 0
184563 183171 0
