230079 286394 0
235787 248390 0
236910 248410 0
230102 265845 0
227037 287416 0
242093 284572 0
242329 284214 0
226427 288566 0
227029 11747 0
242322 286393 0
230915 262525 0
232067 265575 0
235105 294635 0
233625 245918 0
239188 294642 0
231519 284205 0
235859 246655 0
236886 290547 0
236878 247014 0
230125 284565 0
239191 294634 0
236915 150264 0
240866 284883 0
236919 289916 0
226576 283330 0
230076 248339 0
232716 294638 0
235140 294633 0
242110 284575 0
227828 283961 0
230140 284491 0
230113 286739 0
236896 294658 0
228107 294640 0
230175 283962 0
230909 265541 0
235795 294658 0
242213 288513 0
232936 289213 0
227104 283956 0
227030 288572 0
230081 248409 0
235102 286742 0
230100 248385 0
242034 288563 0
232722 265593 0
240457 265576 0
225681 265788 0
239754 286736 0
230076 284485 0
236899 288520 0
252011 288605 0
239179 284492 0
227011 288580 0
243454 288515 0
9220 283956 0
227038 265846 0
239458 283330 0
227093 287406 0
236893 248347 0
230168 284575 0
236923 288514 0
231519 288603 0
230109 282812 0
233622 246986 0
232703 294644 0
151188 288514 0
233659 284537 0
234230 284571 0
10206 284489 0
235143 286193 0
230465 246986 0
233604 247002 0
236865 248368 0
236903 289906 0
227032 265576 0
230076 284481 0
234235 286743 0
227095 248368 0
236898 248368 0
233486 284549 0
236926 294643 0
242328 288600 0
247510 286735 0
233528 262438 0
235144 248368 0
242130 265823 0
230955 265404 0
227677 246968 0
235143 293895 0
236891 248375 0
228132 11748 0
238202 284883 0
230069 248410 0
151129 283407 0
10205 287412 0
236877 291349 0
240466 246663 0
228138 288603 0
236911 268308 0
230079 286394 0
235787 248390 0
236910 248410 0
230102 265845 0
227037 287416 0
242093 284572 0
242329 284214 0
226427 288566 0
227029 11747 0
242322 286393 0
230915 262525 0
232067 265575 0
235105 294635 0
233625 245918 0
239188 294642 0
231519 284205 0
235859 246655 0
236886 290547 0
236878 247014 0
230125 284565 0
239191 294634 0
236915 150264 0
240866 284883 0
236919 289916 0
226576 283330 0
230076 248339 0
232716 294638 0
235140 294633 0
242110 284575 0
227828 283961 0
230140 284491 0
230113 286739 0
236896 294658 0
228107 294640 0
230175 283962 0
230909 265541 0
235795 294658 0
242213 288513 0
232936 289213 0
227104 283956 0
227030 288572 0
230081 248409 0
235102 286742 0
230100 248385 0
242034 288563 0
232722 265593 0
240457 265576 0
225681 265788 0
239754 286736 0
230076 284485 0
236899 288520 0
252011 288605 0
239179 284492 0
227011 288580 0
243454 288515 0
9220 283956 0
227038 265846 0
239458 283330 0
227093 287406 0
236893 248347 0
230168 284575 0
236923 288514 0
231519 288603 0
230109 282812 0
233622 246986 0
232703 294644 0
151188 288514 0
233659 284537 0
234230 284571 0
10206 284489 0
235143 286193 0
230465 246986 0
233604 247002 0
236865 248368 0
236903 289906 0
227032 265576 0
230076 284481 0
234235 286743 0
227095 248368 0
236898 248368 0
233486 284549 0
236926 294643 0
242328 288600 0
247510 286735 0
233528 262438 0
235144 248368 0
242130 265823 0
230955 265404 0
227677 246968 0
235143 293895 0
236891 248375 0
228132 11748 0
238202 284883 0
230069 248410 0
151129 283407 0
10205 287412 0
236877 291349 0
240466 246663 0
228138 288603 0
236911 268308 0
