285033 165322 0
11631 167062 0
292589 266986 0
284832 149107 0
264725 167356 0
276264 167372 0
276261 266991 0
165493 149106 0
268727 155227 0
273760 148804 0
289962 165286 0
4445 167350 0
293939 268171 0
292577 168104 0
276285 167675 0
287592 148653 0
11606 167369 0
293550 165083 0
273772 266844 0
11625 149099 0
11633 165076 0
268733 16177 0
285035 167682 0
265506 149105 0
292592 155644 0
273757 165959 0
4512 149106 0
291966 16174 0
287592 149095 0
292588 168106 0
291963 155446 0
292598 167674 0
276234 266986 0
291052 165946 0
149973 167677 0
291971 268164 0
287591 16174 0
287488 268171 0
273773 267008 0
295054 149100 0
246974 149484 0
290019 149094 0
11601 266990 0
287608 167680 0
273761 149100 0
273771 165953 0
163359 165971 0
265489 165308 0
273745 149182 0
294024 266996 0
276251 165983 0
276245 266999 0
166678 160453 0
264740 155220 0
273912 268167 0
273766 160453 0
264731 165033 0
295053 167645 0
290196 155507 0
264723 155220 0
273920 165076 0
276442 167676 0
283499 266999 0
294033 165949 0
291977 165975 0
285034 167350 0
264730 167675 0
11649 266848 0
292582 149206 0
285044 166745 0
273910 165954 0
264723 167350 0
290529 166746 0
287149 167355 0
287607 165960 0
11624 167648 0
287621 155645 0
287611 167651 0
166420 167664 0
291978 155644 0
268733 167359 0
163361 165972 0
273768 167373 0
295042 149842 0
287612 167357 0
4534 155448 0
285043 167667 0
274673 156002 0
276283 266836 0
274432 155507 0
283491 266997 0
292585 167359 0
276126 165319 0
273920 167353 0
265858 167057 0
288709 167372 0
273909 168105 0
276263 165982 0
296513 165956 0
264736 155510 0
