123233 233311 0
123231 151415 0
95538 229561 0
121956 238762 0
121963 239440 0
114352 232583 0
271138 238771 0
157454 230961 0
157461 241779 0
95548 234525 0
157467 233297 0
122370 231687 0
2396 240542 0
94310 239606 0
103313 238762 0
123226 241804 0
126974 237275 0
94314 238766 0
94321 229561 0
122725 151528 0
113285 9741 0
157450 240036 0
122740 15019 0
113300 233285 0
113343 262858 0
122783 22154 0
157450 241785 0
122272 243831 0
122363 238761 0
94299 232184 0
94295 238770 0
157465 238771 0
122782 241827 0
122725 267973 0
114358 238768 0
121751 241786 0
152380 229645 0
94877 241347 0
94324 226150 0
95708 231684 0
115301 241339 0
94298 234528 0
99778 231682 0
157472 241524 0
123236 232305 0
121950 233135 0
122695 232182 0
113285 240010 0
122696 9785 0
121959 232164 0
152575 234531 0
121943 226163 0
96634 232183 0
122722 226929 0
2397 226163 0
122739 229564 0
94334 241525 0
122735 242625 0
95544 151533 0
121760 232162 0
113285 241754 0
122696 239934 0
122741 232167 0
98833 15057 0
94300 229656 0
100556 243911 0
122362 233299 0
122273 229653 0
122744 241812 0
122273 241779 0
94302 233287 0
121941 241819 0
113281 231682 0
121930 237251 0
121947 241831 0
95550 233310 0
96636 232582 0
122732 239497 0
114855 15067 0
157457 241358 0
152379 241813 0
103213 241795 0
121945 241804 0
152524 239642 0
152380 240021 0
2396 231679 0
113343 241795 0
96637 232156 0
122277 241812 0
96739 232532 0
19055 240028 0
95540 124723 0
94301 238760 0
123230 229660 0
121758 232164 0
122369 233182 0
121937 229658 0
123320 228267 0
122716 238763 0
122785 275693 0
123233 233311 0
123231 151415 0
95538 229561 0
121956 238762 0
121963 239440 0
114352 232583 0
271138 238771 0
157454 230961 0
157461 241779 0
95548 234525 0
157467 233297 0
122370 231687 0
2396 240542 0
94310 239606 0
103313 238762 0
123226 241804 0
126974 237275 0
94314 238766 0
94321 229561 0
122725 151528 0
113285 9741 0
157450 240036 0
122740 15019 0
113300 233285 0
113343 262858 0
122783 22154 0
157450 241785 0
122272 243831 0
122363 238761 0
94299 232184 0
94295 238770 0
157465 238771 0
122782 241827 0
122725 267973 0
114358 238768 0
121751 241786 0
152380 229645 0
94877 241347 0
94324 226150 0
95708 231684 0
115301 241339 0
94298 234528 0
99778 231682 0
157472 241524 0
123236 232305 0
121950 233135 0
122695 232182 0
113285 240010 0
122696 9785 0
121959 232164 0
152575 234531 0
121943 226163 0
96634 232183 0
122722 226929 0
2397 226163 0
122739 229564 0
94334 241525 0
122735 242625 0
95544 151533 0
121760 232162 0
113285 241754 0
122696 239934 0
122741 232167 0
98833 15057 0
94300 229656 0
100556 243911 0
122362 233299 0
122273 229653 0
122744 241812 0
122273 241779 0
94302 233287 0
121941 241819 0
113281 231682 0
121930 237251 0
121947 241831 0
95550 233310 0
96636 232582 0
122732 239497 0
114855 15067 0
157457 241358 0
152379 241813 0
103213 241795 0
121945 241804 0
152524 239642 0
152380 240021 0
2396 231679 0
113343 241795 0
96637 232156 0
122277 241812 0
96739 232532 0
19055 240028 0
95540 124723 0
94301 238760 0
123230 229660 0
121758 232164 0
122369 233182 0
121937 229658 0
123320 228267 0
122716 238763 0
122785 275693 0
123233 233311 0
123231 151415 0
95538 229561 0
121956 238762 0
121963 239440 0
114352 232583 0
271138 238771 0
157454 230961 0
157461 241779 0
95548 234525 0
157467 233297 0
122370 231687 0
2396 240542 0
94310 239606 0
103313 238762 0
123226 241804 0
126974 237275 0
94314 238766 0
94321 229561 0
122725 151528 0
113285 9741 0
157450 240036 0
122740 15019 0
113300 233285 0
113343 262858 0
122783 22154 0
157450 241785 0
122272 243831 0
122363 238761 0
94299 232184 0
94295 238770 0
157465 238771 0
122782 241827 0
122725 267973 0
114358 238768 0
121751 241786 0
152380 229645 0
94877 241347 0
94324 226150 0
95708 231684 0
115301 241339 0
94298 234528 0
99778 231682 0
157472 241524 0
123236 232305 0
121950 233135 0
122695 232182 0
113285 240010 0
122696 9785 0
121959 232164 0
152575 234531 0
121943 226163 0
96634 232183 0
122722 226929 0
2397 226163 0
122739 229564 0
94334 241525 0
122735 242625 0
95544 151533 0
121760 232162 0
113285 241754 0
122696 239934 0
122741 232167 0
98833 15057 0
94300 229656 0
100556 243911 0
122362 233299 0
122273 229653 0
122744 241812 0
122273 241779 0
94302 233287 0
121941 241819 0
113281 231682 0
121930 237251 0
121947 241831 0
95550 233310 0
96636 232582 0
122732 239497 0
114855 15067 0
157457 241358 0
152379 241813 0
103213 241795 0
121945 241804 0
152524 239642 0
152380 240021 0
2396 231679 0
113343 241795 0
96637 232156 0
122277 241812 0
96739 232532 0
19055 240028 0
95540 124723 0
94301 238760 0
123230 229660 0
121758 232164 0
122369 233182 0
121937 229658 0
123320 228267 0
122716 238763 0
122785 275693 0
123233 233311 0
123231 151415 0
95538 229561 0
121956 238762 0
121963 239440 0
114352 232583 0
271138 238771 0
157454 230961 0
157461 241779 0
95548 234525 0
157467 233297 0
122370 231687 0
2396 240542 0
94310 239606 0
103313 238762 0
123226 241804 0
126974 237275 0
94314 238766 0
94321 229561 0
122725 151528 0
113285 9741 0
157450 240036 0
122740 15019 0
113300 233285 0
113343 262858 0
122783 22154 0
157450 241785 0
122272 243831 0
122363 238761 0
94299 232184 0
94295 238770 0
157465 238771 0
122782 241827 0
122725 267973 0
114358 238768 0
121751 241786 0
152380 229645 0
94877 241347 0
94324 226150 0
95708 231684 0
115301 241339 0
94298 234528 0
99778 231682 0
157472 241524 0
123236 232305 0
121950 233135 0
122695 232182 0
113285 240010 0
122696 9785 0
121959 232164 0
152575 234531 0
121943 226163 0
96634 232183 0
122722 226929 0
2397 226163 0
122739 229564 0
94334 241525 0
122735 242625 0
95544 151533 0
121760 232162 0
113285 241754 0
122696 239934 0
122741 232167 0
98833 15057 0
94300 229656 0
100556 243911 0
122362 233299 0
122273 229653 0
122744 241812 0
122273 241779 0
94302 233287 0
121941 241819 0
113281 231682 0
121930 237251 0
121947 241831 0
95550 233310 0
96636 232582 0
122732 239497 0
114855 15067 0
157457 241358 0
152379 241813 0
103213 241795 0
121945 241804 0
152524 239642 0
152380 240021 0
2396 231679 0
113343 241795 0
96637 232156 0
122277 241812 0
96739 232532 0
19055 240028 0
95540 124723 0
94301 238760 0
123230 229660 0
121758 232164 0
122369 233182 0
121937 229658 0
123320 228267 0
122716 238763 0
122785 275693 0
