162334 222682 0
221618 225084 0
221087 273312 0
221079 223750 0
225457 273311 0
162334 223643 0
224146 222127 0
162336 251058 0
221120 222129 0
162338 154424 0
221120 224075 0
221090 223846 0
162334 124401 0
221088 225240 0
221420 223043 0
221120 154468 0
221078 223293 0
221419 124397 0
221089 273311 0
221072 124402 0
221086 16501 0
223028 154456 0
221089 224373 0
162336 124414 0
221090 251052 0
221435 124380 0
224146 223845 0
221882 251043 0
223026 221960 0
162338 224866 0
162332 154429 0
221073 154469 0
224146 154473 0
162337 154463 0
221088 154450 0
221091 273311 0
162334 222554 0
162332 223638 0
224146 222682 0
221076 224113 0
221085 154432 0
221075 124394 0
221091 124386 0
221990 224867 0
221075 222270 0
221086 273303 0
221071 154471 0
221072 222263 0
221079 223850 0
223614 124409 0
221076 273303 0
221081 154452 0
223028 223847 0
221990 124411 0
162338 224897 0
221076 16502 0
221072 223823 0
221990 222559 0
221078 224074 0
221073 222679 0
221084 223849 0
221119 223821 0
221090 223841 0
221088 154427 0
221091 273304 0
223448 221960 0
221882 154453 0
221083 251045 0
221087 224899 0
223451 224075 0
221076 222263 0
225457 223294 0
221079 223322 0
221618 223043 0
221071 154424 0
221085 224867 0
221074 154460 0
221083 154450 0
221071 154445 0
221075 16503 0
221419 154425 0
221090 124389 0
223027 124398 0
221077 223849 0
221072 154459 0
162338 251046 0
221121 222576 0
221088 222129 0
221078 154434 0
221990 258904 0
221076 124413 0
223028 224894 0
223026 124381 0
221076 154468 0
221091 251056 0
221119 223820 0
221087 221958 0
221424 222554 0
221882 224051 0
221082 124421 0
