210461 248429 0
184795 294343 0
208237 263641 0
185213 247039 0
201284 247000 0
184787 276201 0
291515 295088 0
178781 289266 0
210441 294336 0
184410 286719 0
184802 294415 0
183771 289223 0
182101 248376 0
184469 246578 0
178769 288625 0
184797 294313 0
288689 11066 0
214101 295076 0
153273 284608 0
206126 150267 0
178292 294448 0
179386 273201 0
210457 150270 0
184789 248395 0
219557 11069 0
202028 268551 0
210455 246288 0
215713 248351 0
186798 294987 0
184467 286682 0
286438 252646 0
186778 294429 0
206124 294363 0
215695 294453 0
178921 284557 0
202075 294350 0
210455 252645 0
292169 268485 0
210452 11069 0
289311 286694 0
206158 288627 0
183771 246178 0
186782 284523 0
219562 284620 0
184199 294319 0
4566 294392 0
184473 286721 0
288690 286689 0
186823 11074 0
186817 286401 0
206152 294383 0
183777 265288 0
210453 247041 0
184410 286716 0
178774 150313 0
210462 265887 0
206151 294320 0
219562 283455 0
292171 294386 0
210466 286711 0
186742 284553 0
219556 285639 0
210457 286692 0
206128 276211 0
184410 272699 0
178797 289742 0
208878 276203 0
184790 248363 0
186800 295075 0
210068 294397 0
178799 282832 0
186742 248395 0
208879 281394 0
208160 285623 0
153273 11069 0
186827 247040 0
210440 294406 0
183768 286714 0
176500 294424 0
288689 285652 0
206134 288621 0
4569 11083 0
186796 286694 0
186823 260044 0
184464 284622 0
184794 290398 0
178786 285630 0
182101 294310 0
210068 11095 0
210448 293115 0
184800 248393 0
206125 293112 0
4569 290549 0
178921 288100 0
184782 11073 0
185408 293348 0
206139 286715 0
210459 295098 0
206171 286693 0
184798 284622 0
