159589 188928 0
194539 188921 0
175859 204107 0
185400 267196 0
15665 196266 0
177871 209042 0
183805 191579 0
3425 188264 0
219580 196245 0
202861 196254 0
210051 193776 0
215689 176151 0
15662 187581 0
193450 196197 0
195941 176069 0
202862 208430 0
185386 10924 0
208215 189673 0
174937 196190 0
153289 204100 0
187554 209047 0
194539 202654 0
173460 196250 0
208204 196470 0
194980 196178 0
206150 196189 0
183794 208429 0
219582 193973 0
174846 193467 0
199488 188730 0
196159 152845 0
206150 193664 0
195484 195656 0
190858 193778 0
190815 196166 0
174837 189733 0
190812 196817 0
174938 196244 0
183759 208355 0
177897 195659 0
3422 193755 0
174893 193976 0
190740 176153 0
202036 176074 0
183758 208440 0
177382 169461 0
11433 176171 0
196505 195685 0
177382 193731 0
190774 193733 0
160235 193665 0
219617 189680 0
183748 193780 0
202859 176076 0
14770 206341 0
219587 193775 0
176489 193722 0
208210 196244 0
188945 193974 0
153048 188714 0
159589 208373 0
186642 174378 0
194537 176083 0
174940 176154 0
183759 10897 0
202861 193973 0
203262 206324 0
174911 195673 0
208220 10952 0
184171 208422 0
174928 191664 0
184189 193719 0
183806 193775 0
159601 209049 0
184732 193671 0
208220 188730 0
160239 196198 0
272896 208440 0
186860 187591 0
173851 196280 0
176487 208347 0
178306 195654 0
175909 189670 0
203279 196198 0
153017 209055 0
153288 152844 0
176488 193814 0
184458 208363 0
266665 190435 0
3425 176148 0
11428 208366 0
184458 188920 0
174925 10470 0
203249 152844 0
196024 152845 0
169167 191602 0
190743 208353 0
190743 208451 0
208220 195219 0
175893 188916 0
159589 188928 0
194539 188921 0
175859 204107 0
185400 267196 0
15665 196266 0
177871 209042 0
183805 191579 0
3425 188264 0
219580 196245 0
202861 196254 0
210051 193776 0
215689 176151 0
15662 187581 0
193450 196197 0
195941 176069 0
202862 208430 0
185386 10924 0
208215 189673 0
174937 196190 0
153289 204100 0
187554 209047 0
194539 202654 0
173460 196250 0
208204 196470 0
194980 196178 0
206150 196189 0
183794 208429 0
219582 193973 0
174846 193467 0
199488 188730 0
196159 152845 0
206150 193664 0
195484 195656 0
190858 193778 0
190815 196166 0
174837 189733 0
190812 196817 0
174938 196244 0
183759 208355 0
177897 195659 0
3422 193755 0
174893 193976 0
190740 176153 0
202036 176074 0
183758 208440 0
177382 169461 0
11433 176171 0
196505 195685 0
177382 193731 0
190774 193733 0
160235 193665 0
219617 189680 0
183748 193780 0
202859 176076 0
14770 206341 0
219587 193775 0
176489 193722 0
208210 196244 0
188945 193974 0
153048 188714 0
159589 208373 0
186642 174378 0
194537 176083 0
174940 176154 0
183759 10897 0
202861 193973 0
203262 206324 0
174911 195673 0
208220 10952 0
184171 208422 0
174928 191664 0
184189 193719 0
183806 193775 0
159601 209049 0
184732 193671 0
208220 188730 0
160239 196198 0
272896 208440 0
186860 187591 0
173851 196280 0
176487 208347 0
178306 195654 0
175909 189670 0
203279 196198 0
153017 209055 0
153288 152844 0
176488 193814 0
184458 208363 0
266665 190435 0
3425 176148 0
11428 208366 0
184458 188920 0
174925 10470 0
203249 152844 0
196024 152845 0
169167 191602 0
190743 208353 0
190743 208451 0
208220 195219 0
175893 188916 0
159589 188928 0
194539 188921 0
175859 204107 0
185400 267196 0
15665 196266 0
177871 209042 0
183805 191579 0
3425 188264 0
219580 196245 0
202861 196254 0
210051 193776 0
215689 176151 0
15662 187581 0
193450 196197 0
195941 176069 0
202862 208430 0
185386 10924 0
208215 189673 0
174937 196190 0
153289 204100 0
187554 209047 0
194539 202654 0
173460 196250 0
208204 196470 0
194980 196178 0
206150 196189 0
183794 208429 0
219582 193973 0
174846 193467 0
199488 188730 0
196159 152845 0
206150 193664 0
195484 195656 0
190858 193778 0
190815 196166 0
174837 189733 0
190812 196817 0
174938 196244 0
183759 208355 0
177897 195659 0
3422 193755 0
174893 193976 0
190740 176153 0
202036 176074 0
183758 208440 0
177382 169461 0
11433 176171 0
196505 195685 0
177382 193731 0
190774 193733 0
160235 193665 0
219617 189680 0
183748 193780 0
202859 176076 0
14770 206341 0
219587 193775 0
176489 193722 0
208210 196244 0
188945 193974 0
153048 188714 0
159589 208373 0
186642 174378 0
194537 176083 0
174940 176154 0
183759 10897 0
202861 193973 0
203262 206324 0
174911 195673 0
208220 10952 0
184171 208422 0
174928 191664 0
184189 193719 0
183806 193775 0
159601 209049 0
184732 193671 0
208220 188730 0
160239 196198 0
272896 208440 0
186860 187591 0
173851 196280 0
176487 208347 0
178306 195654 0
175909 189670 0
203279 196198 0
153017 209055 0
153288 152844 0
176488 193814 0
184458 208363 0
266665 190435 0
3425 176148 0
11428 208366 0
184458 188920 0
174925 10470 0
203249 152844 0
196024 152845 0
169167 191602 0
190743 208353 0
190743 208451 0
208220 195219 0
175893 188916 0
159589 188928 0
194539 188921 0
175859 204107 0
185400 267196 0
15665 196266 0
177871 209042 0
183805 191579 0
3425 188264 0
219580 196245 0
202861 196254 0
210051 193776 0
215689 176151 0
15662 187581 0
193450 196197 0
195941 176069 0
202862 208430 0
185386 10924 0
208215 189673 0
174937 196190 0
153289 204100 0
187554 209047 0
194539 202654 0
173460 196250 0
208204 196470 0
194980 196178 0
206150 196189 0
183794 208429 0
219582 193973 0
174846 193467 0
199488 188730 0
196159 152845 0
206150 193664 0
195484 195656 0
190858 193778 0
190815 196166 0
174837 189733 0
190812 196817 0
174938 196244 0
183759 208355 0
177897 195659 0
3422 193755 0
174893 193976 0
190740 176153 0
202036 176074 0
183758 208440 0
177382 169461 0
11433 176171 0
196505 195685 0
177382 193731 0
190774 193733 0
160235 193665 0
219617 189680 0
183748 193780 0
202859 176076 0
14770 206341 0
219587 193775 0
176489 193722 0
208210 196244 0
188945 193974 0
153048 188714 0
159589 208373 0
186642 174378 0
194537 176083 0
174940 176154 0
183759 10897 0
202861 193973 0
203262 206324 0
174911 195673 0
208220 10952 0
184171 208422 0
174928 191664 0
184189 193719 0
183806 193775 0
159601 209049 0
184732 193671 0
208220 188730 0
160239 196198 0
272896 208440 0
186860 187591 0
173851 196280 0
176487 208347 0
178306 195654 0
175909 189670 0
203279 196198 0
153017 209055 0
153288 152844 0
176488 193814 0
184458 208363 0
266665 190435 0
3425 176148 0
11428 208366 0
184458 188920 0
174925 10470 0
203249 152844 0
196024 152845 0
169167 191602 0
190743 208353 0
190743 208451 0
208220 195219 0
175893 188916 0
