288084 292112 0
286007 150450 0
288488 292125 0
286852 262045 0
150169 292104 0
288873 290992 0
286872 283706 0
294293 6129 0
264877 4678 0
264884 283707 0
264885 289650 0
246779 266741 0
14526 262039 0
288898 292113 0
288084 290983 0
288490 293702 0
285822 283689 0
289852 150401 0
288868 289632 0
279145 290991 0
296686 262045 0
11929 295427 0
150170 289621 0
262276 291209 0
290544 292116 0
296689 286931 0
290208 286529 0
264885 281465 0
286019 283716 0
8957 292092 0
283885 294127 0
296681 289624 0
268430 283694 0
286027 291213 0
285821 150447 0
289832 284060 0
262323 281797 0
264878 284091 0
14638 4739 0
286022 292067 0
296588 151874 0
293264 266748 0
286654 262380 0
290377 266806 0
262404 286978 0
293091 150412 0
248285 285339 0
268786 150281 0
262322 236198 0
264876 231256 0
262322 150450 0
19038 281874 0
279153 266743 0
268426 283701 0
296696 151518 0
11906 292552 0
274437 286937 0
289831 287849 0
289819 281864 0
286014 281470 0
282791 150418 0
288489 286547 0
286781 292092 0
288871 286969 0
286188 296634 0
293264 292118 0
11890 4678 0
286023 289642 0
8957 283702 0
262318 268928 0
285813 295431 0
285811 286531 0
264881 294602 0
262266 286931 0
293244 150442 0
293265 290990 0
288886 291219 0
259993 281796 0
285818 150396 0
14568 290165 0
14525 286926 0
264889 150683 0
293094 284052 0
293262 286932 0
262325 281466 0
11894 4729 0
268426 283693 0
14523 246117 0
246205 289741 0
290376 150285 0
288081 4558 0
265863 290169 0
14563 292120 0
150167 268980 0
294818 268590 0
293271 150442 0
19041 292554 0
286025 286925 0
286817 290218 0
286003 236980 0
288084 292112 0
286007 150450 0
288488 292125 0
286852 262045 0
150169 292104 0
288873 290992 0
286872 283706 0
294293 6129 0
264877 4678 0
264884 283707 0
264885 289650 0
246779 266741 0
14526 262039 0
288898 292113 0
288084 290983 0
288490 293702 0
285822 283689 0
289852 150401 0
288868 289632 0
279145 290991 0
296686 262045 0
11929 295427 0
150170 289621 0
262276 291209 0
290544 292116 0
296689 286931 0
290208 286529 0
264885 281465 0
286019 283716 0
8957 292092 0
283885 294127 0
296681 289624 0
268430 283694 0
286027 291213 0
285821 150447 0
289832 284060 0
262323 281797 0
264878 284091 0
14638 4739 0
286022 292067 0
296588 151874 0
293264 266748 0
286654 262380 0
290377 266806 0
262404 286978 0
293091 150412 0
248285 285339 0
268786 150281 0
262322 236198 0
264876 231256 0
262322 150450 0
19038 281874 0
279153 266743 0
268426 283701 0
296696 151518 0
11906 292552 0
274437 286937 0
289831 287849 0
289819 281864 0
286014 281470 0
282791 150418 0
288489 286547 0
286781 292092 0
288871 286969 0
286188 296634 0
293264 292118 0
11890 4678 0
286023 289642 0
8957 283702 0
262318 268928 0
285813 295431 0
285811 286531 0
264881 294602 0
262266 286931 0
293244 150442 0
293265 290990 0
288886 291219 0
259993 281796 0
285818 150396 0
14568 290165 0
14525 286926 0
264889 150683 0
293094 284052 0
293262 286932 0
262325 281466 0
11894 4729 0
268426 283693 0
14523 246117 0
246205 289741 0
290376 150285 0
288081 4558 0
265863 290169 0
14563 292120 0
150167 268980 0
294818 268590 0
293271 150442 0
19041 292554 0
286025 286925 0
286817 290218 0
286003 236980 0
