146361 124420 0
146362 154425 0
146357 251057 0
146160 223820 0
124902 223843 0
124883 154445 0
124927 124394 0
124916 224901 0
145568 224117 0
124865 154422 0
147046 223746 0
124886 154447 0
124867 224372 0
124880 16502 0
124879 154425 0
124915 223293 0
146358 154424 0
124889 224372 0
145330 223755 0
124891 224866 0
124892 124420 0
146159 251049 0
145766 124688 0
124922 224867 0
146363 224868 0
156233 124380 0
124888 154454 0
124920 222559 0
124918 124386 0
124910 124691 0
124877 16511 0
144206 224073 0
124902 225239 0
146165 224865 0
124925 251053 0
124918 124421 0
124880 224895 0
124906 223817 0
124889 258904 0
124912 225239 0
124905 154465 0
124928 222679 0
124907 154436 0
156232 223840 0
124923 124442 0
146359 258904 0
124878 224121 0
124907 225240 0
124921 222553 0
143074 251060 0
142254 16500 0
144687 124691 0
124874 224075 0
146159 124407 0
124914 124417 0
144663 251056 0
142252 154471 0
156849 154438 0
124910 222129 0
124910 124441 0
124903 225210 0
156229 154448 0
142262 154467 0
124916 224120 0
142261 222682 0
124888 124404 0
124914 222562 0
142265 251054 0
124876 224279 0
124867 223322 0
272568 124413 0
124879 223843 0
124914 154461 0
140952 154431 0
146166 222564 0
124925 223643 0
124890 16503 0
124904 223820 0
124924 154470 0
124898 154444 0
124907 16502 0
143718 154467 0
124891 222555 0
124899 154469 0
146862 154422 0
146361 154475 0
124874 222560 0
144358 154470 0
147046 251045 0
124917 124387 0
144142 221960 0
146863 124691 0
144205 154452 0
156229 154432 0
144142 154439 0
156231 222128 0
124883 223840 0
145330 154428 0
143718 124392 0
124866 154446 0
146361 124420 0
146362 154425 0
146357 251057 0
146160 223820 0
124902 223843 0
124883 154445 0
124927 124394 0
124916 224901 0
145568 224117 0
124865 154422 0
147046 223746 0
124886 154447 0
124867 224372 0
124880 16502 0
124879 154425 0
124915 223293 0
146358 154424 0
124889 224372 0
145330 223755 0
124891 224866 0
124892 124420 0
146159 251049 0
145766 124688 0
124922 224867 0
146363 224868 0
156233 124380 0
124888 154454 0
124920 222559 0
124918 124386 0
124910 124691 0
124877 16511 0
144206 224073 0
124902 225239 0
146165 224865 0
124925 251053 0
124918 124421 0
124880 224895 0
124906 223817 0
124889 258904 0
124912 225239 0
124905 154465 0
124928 222679 0
124907 154436 0
156232 223840 0
124923 124442 0
146359 258904 0
124878 224121 0
124907 225240 0
124921 222553 0
143074 251060 0
142254 16500 0
144687 124691 0
124874 224075 0
146159 124407 0
124914 124417 0
144663 251056 0
142252 154471 0
156849 154438 0
124910 222129 0
124910 124441 0
124903 225210 0
156229 154448 0
142262 154467 0
124916 224120 0
142261 222682 0
124888 124404 0
124914 222562 0
142265 251054 0
124876 224279 0
124867 223322 0
272568 124413 0
124879 223843 0
124914 154461 0
140952 154431 0
146166 222564 0
124925 223643 0
124890 16503 0
124904 223820 0
124924 154470 0
124898 154444 0
124907 16502 0
143718 154467 0
124891 222555 0
124899 154469 0
146862 154422 0
146361 154475 0
124874 222560 0
144358 154470 0
147046 251045 0
124917 124387 0
144142 221960 0
146863 124691 0
144205 154452 0
156229 154432 0
144142 154439 0
156231 222128 0
124883 223840 0
145330 154428 0
143718 124392 0
124866 154446 0
146361 124420 0
146362 154425 0
146357 251057 0
146160 223820 0
124902 223843 0
124883 154445 0
124927 124394 0
124916 224901 0
145568 224117 0
124865 154422 0
147046 223746 0
124886 154447 0
124867 224372 0
124880 16502 0
124879 154425 0
124915 223293 0
146358 154424 0
124889 224372 0
145330 223755 0
124891 224866 0
124892 124420 0
146159 251049 0
145766 124688 0
124922 224867 0
146363 224868 0
156233 124380 0
124888 154454 0
124920 222559 0
124918 124386 0
124910 124691 0
124877 16511 0
144206 224073 0
124902 225239 0
146165 224865 0
124925 251053 0
124918 124421 0
124880 224895 0
124906 223817 0
124889 258904 0
124912 225239 0
124905 154465 0
124928 222679 0
124907 154436 0
156232 223840 0
124923 124442 0
146359 258904 0
124878 224121 0
124907 225240 0
124921 222553 0
143074 251060 0
142254 16500 0
144687 124691 0
124874 224075 0
146159 124407 0
124914 124417 0
144663 251056 0
142252 154471 0
156849 154438 0
124910 222129 0
124910 124441 0
124903 225210 0
156229 154448 0
142262 154467 0
124916 224120 0
142261 222682 0
124888 124404 0
124914 222562 0
142265 251054 0
124876 224279 0
124867 223322 0
272568 124413 0
124879 223843 0
124914 154461 0
140952 154431 0
146166 222564 0
124925 223643 0
124890 16503 0
124904 223820 0
124924 154470 0
124898 154444 0
124907 16502 0
143718 154467 0
124891 222555 0
124899 154469 0
146862 154422 0
146361 154475 0
124874 222560 0
144358 154470 0
147046 251045 0
124917 124387 0
144142 221960 0
146863 124691 0
144205 154452 0
156229 154432 0
144142 154439 0
156231 222128 0
124883 223840 0
145330 154428 0
143718 124392 0
124866 154446 0
146361 124420 0
146362 154425 0
146357 251057 0
146160 223820 0
124902 223843 0
124883 154445 0
124927 124394 0
124916 224901 0
145568 224117 0
124865 154422 0
147046 223746 0
124886 154447 0
124867 224372 0
124880 16502 0
124879 154425 0
124915 223293 0
146358 154424 0
124889 224372 0
145330 223755 0
124891 224866 0
124892 124420 0
146159 251049 0
145766 124688 0
124922 224867 0
146363 224868 0
156233 124380 0
124888 154454 0
124920 222559 0
124918 124386 0
124910 124691 0
124877 16511 0
144206 224073 0
124902 225239 0
146165 224865 0
124925 251053 0
124918 124421 0
124880 224895 0
124906 223817 0
124889 258904 0
124912 225239 0
124905 154465 0
124928 222679 0
124907 154436 0
156232 223840 0
124923 124442 0
146359 258904 0
124878 224121 0
124907 225240 0
124921 222553 0
143074 251060 0
142254 16500 0
144687 124691 0
124874 224075 0
146159 124407 0
124914 124417 0
144663 251056 0
142252 154471 0
156849 154438 0
124910 222129 0
124910 124441 0
124903 225210 0
156229 154448 0
142262 154467 0
124916 224120 0
142261 222682 0
124888 124404 0
124914 222562 0
142265 251054 0
124876 224279 0
124867 223322 0
272568 124413 0
124879 223843 0
124914 154461 0
140952 154431 0
146166 222564 0
124925 223643 0
124890 16503 0
124904 223820 0
124924 154470 0
124898 154444 0
124907 16502 0
143718 154467 0
124891 222555 0
124899 154469 0
146862 154422 0
146361 154475 0
124874 222560 0
144358 154470 0
147046 251045 0
124917 124387 0
144142 221960 0
146863 124691 0
144205 154452 0
156229 154432 0
144142 154439 0
156231 222128 0
124883 223840 0
145330 154428 0
143718 124392 0
124866 154446 0
