145485 122733 0
124805 122790 0
144230 121926 0
144288 94324 0
124932 123319 0
140701 96739 0
146724 98833 0
145122 113286 0
143952 94327 0
143946 123320 0
142694 123909 0
124936 113284 0
143907 19055 0
141948 122742 0
124809 121926 0
145276 121961 0
154283 100527 0
143911 123232 0
124941 152378 0
145122 103204 0
143243 152379 0
145488 121953 0
145143 121935 0
124949 103207 0
143953 94310 0
272631 103315 0
143908 122732 0
124931 122695 0
144229 121954 0
142689 271188 0
144229 2421 0
22147 94295 0
144085 121943 0
145122 122271 0
143941 121757 0
144254 121946 0
142689 128703 0
140701 100527 0
143244 122732 0
143941 95540 0
124805 121951 0
144649 121743 0
124945 94294 0
143949 94304 0
124949 114280 0
146712 121757 0
143244 94350 0
124806 164027 0
272654 95542 0
124937 123161 0
144751 122732 0
145102 121740 0
146713 94298 0
145143 121950 0
145275 95550 0
143906 94315 0
141948 113287 0
144226 121760 0
145276 122726 0
146725 122703 0
143904 114251 0
143905 103204 0
143958 121933 0
142694 113283 0
143904 121931 0
145488 122728 0
124806 98833 0
143941 121756 0
124809 114854 0
146713 94312 0
146723 10027 0
143906 114855 0
124945 128703 0
144285 103320 0
143910 94321 0
154242 122271 0
276043 121743 0
144609 122724 0
145117 95004 0
124806 94989 0
124945 103321 0
145488 100502 0
144649 121953 0
146721 122694 0
143905 95548 0
145119 121761 0
124803 122273 0
272654 121960 0
145119 121955 0
145275 271188 0
143944 94326 0
124806 122365 0
143941 115306 0
143906 152524 0
143950 122296 0
144085 122790 0
146721 96740 0
140700 122725 0
124803 95004 0
144253 122790 0
145485 122733 0
124805 122790 0
144230 121926 0
144288 94324 0
124932 123319 0
140701 96739 0
146724 98833 0
145122 113286 0
143952 94327 0
143946 123320 0
142694 123909 0
124936 113284 0
143907 19055 0
141948 122742 0
124809 121926 0
145276 121961 0
154283 100527 0
143911 123232 0
124941 152378 0
145122 103204 0
143243 152379 0
145488 121953 0
145143 121935 0
124949 103207 0
143953 94310 0
272631 103315 0
143908 122732 0
124931 122695 0
144229 121954 0
142689 271188 0
144229 2421 0
22147 94295 0
144085 121943 0
145122 122271 0
143941 121757 0
144254 121946 0
142689 128703 0
140701 100527 0
143244 122732 0
143941 95540 0
124805 121951 0
144649 121743 0
124945 94294 0
143949 94304 0
124949 114280 0
146712 121757 0
143244 94350 0
124806 164027 0
272654 95542 0
124937 123161 0
144751 122732 0
145102 121740 0
146713 94298 0
145143 121950 0
145275 95550 0
143906 94315 0
141948 113287 0
144226 121760 0
145276 122726 0
146725 122703 0
143904 114251 0
143905 103204 0
143958 121933 0
142694 113283 0
143904 121931 0
145488 122728 0
124806 98833 0
143941 121756 0
124809 114854 0
146713 94312 0
146723 10027 0
143906 114855 0
124945 128703 0
144285 103320 0
143910 94321 0
154242 122271 0
276043 121743 0
144609 122724 0
145117 95004 0
124806 94989 0
124945 103321 0
145488 100502 0
144649 121953 0
146721 122694 0
143905 95548 0
145119 121761 0
124803 122273 0
272654 121960 0
145119 121955 0
145275 271188 0
143944 94326 0
124806 122365 0
143941 115306 0
143906 152524 0
143950 122296 0
144085 122790 0
146721 96740 0
140700 122725 0
124803 95004 0
144253 122790 0
145485 122733 0
124805 122790 0
144230 121926 0
144288 94324 0
124932 123319 0
140701 96739 0
146724 98833 0
145122 113286 0
143952 94327 0
143946 123320 0
142694 123909 0
124936 113284 0
143907 19055 0
141948 122742 0
124809 121926 0
145276 121961 0
154283 100527 0
143911 123232 0
124941 152378 0
145122 103204 0
143243 152379 0
145488 121953 0
145143 121935 0
124949 103207 0
143953 94310 0
272631 103315 0
143908 122732 0
124931 122695 0
144229 121954 0
142689 271188 0
144229 2421 0
22147 94295 0
144085 121943 0
145122 122271 0
143941 121757 0
144254 121946 0
142689 128703 0
140701 100527 0
143244 122732 0
143941 95540 0
124805 121951 0
144649 121743 0
124945 94294 0
143949 94304 0
124949 114280 0
146712 121757 0
143244 94350 0
124806 164027 0
272654 95542 0
124937 123161 0
144751 122732 0
145102 121740 0
146713 94298 0
145143 121950 0
145275 95550 0
143906 94315 0
141948 113287 0
144226 121760 0
145276 122726 0
146725 122703 0
143904 114251 0
143905 103204 0
143958 121933 0
142694 113283 0
143904 121931 0
145488 122728 0
124806 98833 0
143941 121756 0
124809 114854 0
146713 94312 0
146723 10027 0
143906 114855 0
124945 128703 0
144285 103320 0
143910 94321 0
154242 122271 0
276043 121743 0
144609 122724 0
145117 95004 0
124806 94989 0
124945 103321 0
145488 100502 0
144649 121953 0
146721 122694 0
143905 95548 0
145119 121761 0
124803 122273 0
272654 121960 0
145119 121955 0
145275 271188 0
143944 94326 0
124806 122365 0
143941 115306 0
143906 152524 0
143950 122296 0
144085 122790 0
146721 96740 0
140700 122725 0
124803 95004 0
144253 122790 0
145485 122733 0
124805 122790 0
144230 121926 0
144288 94324 0
124932 123319 0
140701 96739 0
146724 98833 0
145122 113286 0
143952 94327 0
143946 123320 0
142694 123909 0
124936 113284 0
143907 19055 0
141948 122742 0
124809 121926 0
145276 121961 0
154283 100527 0
143911 123232 0
124941 152378 0
145122 103204 0
143243 152379 0
145488 121953 0
145143 121935 0
124949 103207 0
143953 94310 0
272631 103315 0
143908 122732 0
124931 122695 0
144229 121954 0
142689 271188 0
144229 2421 0
22147 94295 0
144085 121943 0
145122 122271 0
143941 121757 0
144254 121946 0
142689 128703 0
140701 100527 0
143244 122732 0
143941 95540 0
124805 121951 0
144649 121743 0
124945 94294 0
143949 94304 0
124949 114280 0
146712 121757 0
143244 94350 0
124806 164027 0
272654 95542 0
124937 123161 0
144751 122732 0
145102 121740 0
146713 94298 0
145143 121950 0
145275 95550 0
143906 94315 0
141948 113287 0
144226 121760 0
145276 122726 0
146725 122703 0
143904 114251 0
143905 103204 0
143958 121933 0
142694 113283 0
143904 121931 0
145488 122728 0
124806 98833 0
143941 121756 0
124809 114854 0
146713 94312 0
146723 10027 0
143906 114855 0
124945 128703 0
144285 103320 0
143910 94321 0
154242 122271 0
276043 121743 0
144609 122724 0
145117 95004 0
124806 94989 0
124945 103321 0
145488 100502 0
144649 121953 0
146721 122694 0
143905 95548 0
145119 121761 0
124803 122273 0
272654 121960 0
145119 121955 0
145275 271188 0
143944 94326 0
124806 122365 0
143941 115306 0
143906 152524 0
143950 122296 0
144085 122790 0
146721 96740 0
140700 122725 0
124803 95004 0
144253 122790 0
