291322 166194 0
291260 166087 0
263678 166189 0
9062 165719 0
294983 165985 0
292146 164952 0
289974 166083 0
287142 268020 0
10287 162205 0
265871 166309 0
294805 166200 0
287142 166286 0
289936 166480 0
246551 159558 0
270488 166791 0
294814 166996 0
263682 165178 0
292628 166790 0
282737 166183 0
263695 166190 0
246212 166291 0
291949 166073 0
292635 165174 0
294005 161683 0
263707 166079 0
287464 166101 0
11580 251494 0
270498 165164 0
275213 166073 0
283481 166297 0
294502 162206 0
273690 155736 0
287489 166197 0
9062 165718 0
293907 159088 0
290280 166184 0
263706 166068 0
284982 251487 0
273509 166534 0
287132 148819 0
287626 166299 0
9061 166203 0
11603 166075 0
284832 159088 0
10293 159359 0
291049 166293 0
282738 159556 0
273763 155743 0
287076 268018 0
273495 165719 0
290278 166069 0
287076 166194 0
294515 159088 0
294494 268056 0
268723 166286 0
282752 165251 0
266357 155591 0
273926 165168 0
291041 166317 0
270497 166271 0
282581 166089 0
294010 166080 0
11653 166293 0
287074 166202 0
266351 148846 0
266356 166180 0
293935 162205 0
289964 166792 0
293541 161683 0
294495 166311 0
292632 167914 0
265524 166290 0
289971 148762 0
273759 165195 0
282757 166065 0
291043 166271 0
291945 168132 0
263679 164951 0
282737 166305 0
290279 148820 0
287488 166062 0
291945 166181 0
273763 166075 0
263676 166095 0
293997 149049 0
265868 166346 0
268773 166569 0
283493 165719 0
294510 166077 0
294490 168132 0
246978 166208 0
288722 155739 0
273235 162206 0
274941 166268 0
265858 166995 0
287627 166199 0
287075 165164 0
273766 166265 0
293913 153491 0
282580 166083 0
