196560 274472 0
241381 294769 0
196146 265047 0
196552 265184 0
4120 265191 0
189514 281253 0
196584 281293 0
14477 285836 0
239216 295284 0
196325 264913 0
235599 281250 0
205150 263336 0
196633 281245 0
196432 249377 0
187839 263327 0
188767 283950 0
241389 264928 0
242928 124543 0
239434 16628 0
241451 263331 0
241180 281248 0
189599 281244 0
176857 289867 0
192727 262779 0
205841 124546 0
10488 281293 0
196603 16622 0
196633 265191 0
160408 295367 0
189607 281252 0
202988 281353 0
176867 265198 0
188370 19044 0
10697 295285 0
195911 294771 0
203124 265196 0
187853 260011 0
191760 124544 0
189604 266480 0
201926 16608 0
201924 260016 0
196498 295063 0
189598 268292 0
191787 269383 0
189602 289864 0
187864 285840 0
187866 293278 0
191788 281245 0
4121 289867 0
196144 265046 0
239401 295063 0
162696 281237 0
243295 16630 0
241435 266475 0
10647 19046 0
14477 281348 0
240157 263317 0
241461 274479 0
189509 268671 0
10696 260015 0
241178 284694 0
189510 260015 0
241362 265050 0
205838 283916 0
177024 289883 0
237411 295280 0
173954 264928 0
202984 263329 0
10648 281338 0
196603 248269 0
241390 265900 0
198016 274596 0
200974 274479 0
196147 124544 0
10661 124543 0
173952 293058 0
191766 295062 0
10662 265199 0
267159 296375 0
240160 268288 0
241174 262778 0
195927 283911 0
173614 281252 0
177022 295283 0
196146 293288 0
235607 281335 0
196602 283916 0
235609 264920 0
243329 283914 0
10654 150189 0
237204 260011 0
196325 264236 0
196636 281248 0
187840 265499 0
173615 281235 0
241180 281352 0
241435 285841 0
205143 248261 0
241431 281341 0
243297 294816 0
196560 274472 0
241381 294769 0
196146 265047 0
196552 265184 0
4120 265191 0
189514 281253 0
196584 281293 0
14477 285836 0
239216 295284 0
196325 264913 0
235599 281250 0
205150 263336 0
196633 281245 0
196432 249377 0
187839 263327 0
188767 283950 0
241389 264928 0
242928 124543 0
239434 16628 0
241451 263331 0
241180 281248 0
189599 281244 0
176857 289867 0
192727 262779 0
205841 124546 0
10488 281293 0
196603 16622 0
196633 265191 0
160408 295367 0
189607 281252 0
202988 281353 0
176867 265198 0
188370 19044 0
10697 295285 0
195911 294771 0
203124 265196 0
187853 260011 0
191760 124544 0
189604 266480 0
201926 16608 0
201924 260016 0
196498 295063 0
189598 268292 0
191787 269383 0
189602 289864 0
187864 285840 0
187866 293278 0
191788 281245 0
4121 289867 0
196144 265046 0
239401 295063 0
162696 281237 0
243295 16630 0
241435 266475 0
10647 19046 0
14477 281348 0
240157 263317 0
241461 274479 0
189509 268671 0
10696 260015 0
241178 284694 0
189510 260015 0
241362 265050 0
205838 283916 0
177024 289883 0
237411 295280 0
173954 264928 0
202984 263329 0
10648 281338 0
196603 248269 0
241390 265900 0
198016 274596 0
200974 274479 0
196147 124544 0
10661 124543 0
173952 293058 0
191766 295062 0
10662 265199 0
267159 296375 0
240160 268288 0
241174 262778 0
195927 283911 0
173614 281252 0
177022 295283 0
196146 293288 0
235607 281335 0
196602 283916 0
235609 264920 0
243329 283914 0
10654 150189 0
237204 260011 0
196325 264236 0
196636 281248 0
187840 265499 0
173615 281235 0
241180 281352 0
241435 285841 0
205143 248261 0
241431 281341 0
243297 294816 0
