108354 234400 0
99195 239811 0
95962 9258 0
95497 243984 0
95503 151335 0
263914 239807 0
101772 228745 0
95970 227200 0
108422 229027 0
106738 227440 0
95945 151299 0
107278 229029 0
9621 240215 0
95979 247145 0
95480 228730 0
275265 229006 0
107980 241624 0
107636 228743 0
275262 230022 0
95981 234964 0
109113 230041 0
263904 243973 0
264016 234963 0
99202 229005 0
106727 229008 0
107923 228673 0
263915 151299 0
106729 229014 0
263860 228741 0
107980 238105 0
106747 227444 0
107985 247145 0
107928 228745 0
107996 230017 0
95959 227933 0
95467 226892 0
107971 230041 0
107996 151326 0
99477 227561 0
9620 230021 0
96005 9257 0
263911 227383 0
95997 231526 0
264016 244008 0
107987 9255 0
99192 240797 0
96005 239808 0
95983 240096 0
263901 240106 0
95981 228208 0
107918 236289 0
95060 239809 0
95467 241626 0
263911 228674 0
106745 240154 0
263863 231527 0
99192 228730 0
95445 240104 0
108354 228641 0
263931 228734 0
263915 230026 0
108062 227932 0
95962 229007 0
107653 241627 0
107982 240147 0
10274 228910 0
99195 241656 0
107991 240151 0
99200 238839 0
106847 228643 0
263915 226871 0
263893 234400 0
263931 232029 0
263909 230029 0
95956 240796 0
107985 228746 0
106719 241629 0
99216 229014 0
107990 229004 0
264012 230020 0
95968 243974 0
263930 240246 0
107985 243987 0
263898 234951 0
263903 228730 0
108295 240245 0
107636 228737 0
107630 240104 0
107974 240247 0
95497 227388 0
263919 241629 0
107660 243969 0
95972 243975 0
107996 230036 0
264012 226889 0
106745 229023 0
109515 234972 0
263919 151299 0
263927 241657 0
99237 227404 0
108354 234400 0
99195 239811 0
95962 9258 0
95497 243984 0
95503 151335 0
263914 239807 0
101772 228745 0
95970 227200 0
108422 229027 0
106738 227440 0
95945 151299 0
107278 229029 0
9621 240215 0
95979 247145 0
95480 228730 0
275265 229006 0
107980 241624 0
107636 228743 0
275262 230022 0
95981 234964 0
109113 230041 0
263904 243973 0
264016 234963 0
99202 229005 0
106727 229008 0
107923 228673 0
263915 151299 0
106729 229014 0
263860 228741 0
107980 238105 0
106747 227444 0
107985 247145 0
107928 228745 0
107996 230017 0
95959 227933 0
95467 226892 0
107971 230041 0
107996 151326 0
99477 227561 0
9620 230021 0
96005 9257 0
263911 227383 0
95997 231526 0
264016 244008 0
107987 9255 0
99192 240797 0
96005 239808 0
95983 240096 0
263901 240106 0
95981 228208 0
107918 236289 0
95060 239809 0
95467 241626 0
263911 228674 0
106745 240154 0
263863 231527 0
99192 228730 0
95445 240104 0
108354 228641 0
263931 228734 0
263915 230026 0
108062 227932 0
95962 229007 0
107653 241627 0
107982 240147 0
10274 228910 0
99195 241656 0
107991 240151 0
99200 238839 0
106847 228643 0
263915 226871 0
263893 234400 0
263931 232029 0
263909 230029 0
95956 240796 0
107985 228746 0
106719 241629 0
99216 229014 0
107990 229004 0
264012 230020 0
95968 243974 0
263930 240246 0
107985 243987 0
263898 234951 0
263903 228730 0
108295 240245 0
107636 228737 0
107630 240104 0
107974 240247 0
95497 227388 0
263919 241629 0
107660 243969 0
95972 243975 0
107996 230036 0
264012 226889 0
106745 229023 0
109515 234972 0
263919 151299 0
263927 241657 0
99237 227404 0
108354 234400 0
99195 239811 0
95962 9258 0
95497 243984 0
95503 151335 0
263914 239807 0
101772 228745 0
95970 227200 0
108422 229027 0
106738 227440 0
95945 151299 0
107278 229029 0
9621 240215 0
95979 247145 0
95480 228730 0
275265 229006 0
107980 241624 0
107636 228743 0
275262 230022 0
95981 234964 0
109113 230041 0
263904 243973 0
264016 234963 0
99202 229005 0
106727 229008 0
107923 228673 0
263915 151299 0
106729 229014 0
263860 228741 0
107980 238105 0
106747 227444 0
107985 247145 0
107928 228745 0
107996 230017 0
95959 227933 0
95467 226892 0
107971 230041 0
107996 151326 0
99477 227561 0
9620 230021 0
96005 9257 0
263911 227383 0
95997 231526 0
264016 244008 0
107987 9255 0
99192 240797 0
96005 239808 0
95983 240096 0
263901 240106 0
95981 228208 0
107918 236289 0
95060 239809 0
95467 241626 0
263911 228674 0
106745 240154 0
263863 231527 0
99192 228730 0
95445 240104 0
108354 228641 0
263931 228734 0
263915 230026 0
108062 227932 0
95962 229007 0
107653 241627 0
107982 240147 0
10274 228910 0
99195 241656 0
107991 240151 0
99200 238839 0
106847 228643 0
263915 226871 0
263893 234400 0
263931 232029 0
263909 230029 0
95956 240796 0
107985 228746 0
106719 241629 0
99216 229014 0
107990 229004 0
264012 230020 0
95968 243974 0
263930 240246 0
107985 243987 0
263898 234951 0
263903 228730 0
108295 240245 0
107636 228737 0
107630 240104 0
107974 240247 0
95497 227388 0
263919 241629 0
107660 243969 0
95972 243975 0
107996 230036 0
264012 226889 0
106745 229023 0
109515 234972 0
263919 151299 0
263927 241657 0
99237 227404 0
108354 234400 0
99195 239811 0
95962 9258 0
95497 243984 0
95503 151335 0
263914 239807 0
101772 228745 0
95970 227200 0
108422 229027 0
106738 227440 0
95945 151299 0
107278 229029 0
9621 240215 0
95979 247145 0
95480 228730 0
275265 229006 0
107980 241624 0
107636 228743 0
275262 230022 0
95981 234964 0
109113 230041 0
263904 243973 0
264016 234963 0
99202 229005 0
106727 229008 0
107923 228673 0
263915 151299 0
106729 229014 0
263860 228741 0
107980 238105 0
106747 227444 0
107985 247145 0
107928 228745 0
107996 230017 0
95959 227933 0
95467 226892 0
107971 230041 0
107996 151326 0
99477 227561 0
9620 230021 0
96005 9257 0
263911 227383 0
95997 231526 0
264016 244008 0
107987 9255 0
99192 240797 0
96005 239808 0
95983 240096 0
263901 240106 0
95981 228208 0
107918 236289 0
95060 239809 0
95467 241626 0
263911 228674 0
106745 240154 0
263863 231527 0
99192 228730 0
95445 240104 0
108354 228641 0
263931 228734 0
263915 230026 0
108062 227932 0
95962 229007 0
107653 241627 0
107982 240147 0
10274 228910 0
99195 241656 0
107991 240151 0
99200 238839 0
106847 228643 0
263915 226871 0
263893 234400 0
263931 232029 0
263909 230029 0
95956 240796 0
107985 228746 0
106719 241629 0
99216 229014 0
107990 229004 0
264012 230020 0
95968 243974 0
263930 240246 0
107985 243987 0
263898 234951 0
263903 228730 0
108295 240245 0
107636 228737 0
107630 240104 0
107974 240247 0
95497 227388 0
263919 241629 0
107660 243969 0
95972 243975 0
107996 230036 0
264012 226889 0
106745 229023 0
109515 234972 0
263919 151299 0
263927 241657 0
99237 227404 0
