217226 165139 0
203506 155424 0
185141 266971 0
203513 165805 0
215878 155978 0
217658 155598 0
213062 165804 0
183881 165693 0
175471 155598 0
217226 148884 0
217225 153640 0
124341 155978 0
208460 165139 0
213811 149348 0
217957 266834 0
245286 266974 0
217221 266971 0
199328 148751 0
3666 149135 0
209849 165693 0
218036 165137 0
217214 155426 0
217204 9066 0
217227 149136 0
216116 165139 0
175454 166753 0
203489 153640 0
204904 148750 0
217223 155423 0
216779 165804 0
213061 166701 0
211248 251379 0
180322 155978 0
199544 155424 0
216124 155984 0
214682 155424 0
180900 266833 0
217223 9066 0
124342 165137 0
211191 165139 0
217226 155978 0
3684 155480 0
199773 266974 0
216780 153640 0
211875 166753 0
203508 266976 0
274181 165804 0
204075 149137 0
215796 153640 0
215881 266970 0
215878 153641 0
217630 266970 0
217660 9066 0
211882 165805 0
180337 165804 0
185141 155423 0
177760 155423 0
213867 148884 0
3684 266973 0
214974 149138 0
245285 155426 0
217931 155603 0
199700 266834 0
209746 155421 0
217633 153640 0
217221 165694 0
183879 165694 0
215885 266834 0
211793 148884 0
209847 165139 0
201449 266973 0
213153 149139 0
182653 149136 0
218033 165694 0
245286 149139 0
180337 155978 0
203513 266971 0
208443 153641 0
177760 165804 0
217193 9066 0
217638 155425 0
213858 266976 0
213063 155426 0
213153 155426 0
182913 149348 0
211190 149348 0
213860 266975 0
201115 251380 0
209800 165804 0
216781 155426 0
199320 148750 0
217209 155423 0
211873 266976 0
217633 266971 0
213864 266975 0
209965 155424 0
219640 251379 0
217213 149137 0
177756 155978 0
213061 166753 0
217226 165139 0
203506 155424 0
185141 266971 0
203513 165805 0
215878 155978 0
217658 155598 0
213062 165804 0
183881 165693 0
175471 155598 0
217226 148884 0
217225 153640 0
124341 155978 0
208460 165139 0
213811 149348 0
217957 266834 0
245286 266974 0
217221 266971 0
199328 148751 0
3666 149135 0
209849 165693 0
218036 165137 0
217214 155426 0
217204 9066 0
217227 149136 0
216116 165139 0
175454 166753 0
203489 153640 0
204904 148750 0
217223 155423 0
216779 165804 0
213061 166701 0
211248 251379 0
180322 155978 0
199544 155424 0
216124 155984 0
214682 155424 0
180900 266833 0
217223 9066 0
124342 165137 0
211191 165139 0
217226 155978 0
3684 155480 0
199773 266974 0
216780 153640 0
211875 166753 0
203508 266976 0
274181 165804 0
204075 149137 0
215796 153640 0
215881 266970 0
215878 153641 0
217630 266970 0
217660 9066 0
211882 165805 0
180337 165804 0
185141 155423 0
177760 155423 0
213867 148884 0
3684 266973 0
214974 149138 0
245285 155426 0
217931 155603 0
199700 266834 0
209746 155421 0
217633 153640 0
217221 165694 0
183879 165694 0
215885 266834 0
211793 148884 0
209847 165139 0
201449 266973 0
213153 149139 0
182653 149136 0
218033 165694 0
245286 149139 0
180337 155978 0
203513 266971 0
208443 153641 0
177760 165804 0
217193 9066 0
217638 155425 0
213858 266976 0
213063 155426 0
213153 155426 0
182913 149348 0
211190 149348 0
213860 266975 0
201115 251380 0
209800 165804 0
216781 155426 0
199320 148750 0
217209 155423 0
211873 266976 0
217633 266971 0
213864 266975 0
209965 155424 0
219640 251379 0
217213 149137 0
177756 155978 0
213061 166753 0
