196630 187195 0
195893 192794 0
187832 193463 0
196033 194901 0
196558 195011 0
188315 195558 0
10690 194920 0
195916 193943 0
188767 194886 0
202317 209709 0
10654 187032 0
176997 194909 0
267172 199397 0
189294 204650 0
196887 194880 0
176852 194881 0
200977 194601 0
160404 194526 0
275620 187391 0
196598 173398 0
196622 193193 0
160412 205591 0
187832 12970 0
187856 188934 0
207984 193970 0
173612 187398 0
196553 195623 0
205845 200330 0
189585 193994 0
189568 187196 0
176862 196716 0
196636 194895 0
196594 209711 0
196037 204502 0
126550 195565 0
195903 209717 0
126551 177383 0
197676 203309 0
194536 189691 0
174690 193943 0
189507 203097 0
187831 204650 0
189510 203321 0
173625 193943 0
196608 193369 0
177052 10862 0
200974 196224 0
187855 187196 0
205138 194919 0
196433 205593 0
200974 177331 0
176997 194898 0
203102 10404 0
10655 198763 0
201920 194918 0
275620 190412 0
196554 206210 0
176867 175081 0
200966 14855 0
177008 191593 0
202987 194916 0
193072 209409 0
196620 206241 0
196432 203812 0
189565 196223 0
196558 198005 0
203014 187217 0
191765 203812 0
207988 174695 0
196033 205591 0
196596 194928 0
196609 195403 0
267159 194908 0
195914 193370 0
189619 207377 0
160419 203310 0
202326 193137 0
202328 193193 0
177274 203310 0
189582 193823 0
177012 203812 0
202977 169780 0
177012 194908 0
202317 169791 0
196608 187217 0
195889 173384 0
188369 10400 0
201921 187216 0
187851 169780 0
203084 267190 0
191760 195549 0
196034 189691 0
189608 176012 0
195203 10589 0
177019 209709 0
196041 194897 0
205826 187220 0
195872 199922 0
267172 193824 0
192717 173381 0
196630 187195 0
195893 192794 0
187832 193463 0
196033 194901 0
196558 195011 0
188315 195558 0
10690 194920 0
195916 193943 0
188767 194886 0
202317 209709 0
10654 187032 0
176997 194909 0
267172 199397 0
189294 204650 0
196887 194880 0
176852 194881 0
200977 194601 0
160404 194526 0
275620 187391 0
196598 173398 0
196622 193193 0
160412 205591 0
187832 12970 0
187856 188934 0
207984 193970 0
173612 187398 0
196553 195623 0
205845 200330 0
189585 193994 0
189568 187196 0
176862 196716 0
196636 194895 0
196594 209711 0
196037 204502 0
126550 195565 0
195903 209717 0
126551 177383 0
197676 203309 0
194536 189691 0
174690 193943 0
189507 203097 0
187831 204650 0
189510 203321 0
173625 193943 0
196608 193369 0
177052 10862 0
200974 196224 0
187855 187196 0
205138 194919 0
196433 205593 0
200974 177331 0
176997 194898 0
203102 10404 0
10655 198763 0
201920 194918 0
275620 190412 0
196554 206210 0
176867 175081 0
200966 14855 0
177008 191593 0
202987 194916 0
193072 209409 0
196620 206241 0
196432 203812 0
189565 196223 0
196558 198005 0
203014 187217 0
191765 203812 0
207988 174695 0
196033 205591 0
196596 194928 0
196609 195403 0
267159 194908 0
195914 193370 0
189619 207377 0
160419 203310 0
202326 193137 0
202328 193193 0
177274 203310 0
189582 193823 0
177012 203812 0
202977 169780 0
177012 194908 0
202317 169791 0
196608 187217 0
195889 173384 0
188369 10400 0
201921 187216 0
187851 169780 0
203084 267190 0
191760 195549 0
196034 189691 0
189608 176012 0
195203 10589 0
177019 209709 0
196041 194897 0
205826 187220 0
195872 199922 0
267172 193824 0
192717 173381 0
196630 187195 0
195893 192794 0
187832 193463 0
196033 194901 0
196558 195011 0
188315 195558 0
10690 194920 0
195916 193943 0
188767 194886 0
202317 209709 0
10654 187032 0
176997 194909 0
267172 199397 0
189294 204650 0
196887 194880 0
176852 194881 0
200977 194601 0
160404 194526 0
275620 187391 0
196598 173398 0
196622 193193 0
160412 205591 0
187832 12970 0
187856 188934 0
207984 193970 0
173612 187398 0
196553 195623 0
205845 200330 0
189585 193994 0
189568 187196 0
176862 196716 0
196636 194895 0
196594 209711 0
196037 204502 0
126550 195565 0
195903 209717 0
126551 177383 0
197676 203309 0
194536 189691 0
174690 193943 0
189507 203097 0
187831 204650 0
189510 203321 0
173625 193943 0
196608 193369 0
177052 10862 0
200974 196224 0
187855 187196 0
205138 194919 0
196433 205593 0
200974 177331 0
176997 194898 0
203102 10404 0
10655 198763 0
201920 194918 0
275620 190412 0
196554 206210 0
176867 175081 0
200966 14855 0
177008 191593 0
202987 194916 0
193072 209409 0
196620 206241 0
196432 203812 0
189565 196223 0
196558 198005 0
203014 187217 0
191765 203812 0
207988 174695 0
196033 205591 0
196596 194928 0
196609 195403 0
267159 194908 0
195914 193370 0
189619 207377 0
160419 203310 0
202326 193137 0
202328 193193 0
177274 203310 0
189582 193823 0
177012 203812 0
202977 169780 0
177012 194908 0
202317 169791 0
196608 187217 0
195889 173384 0
188369 10400 0
201921 187216 0
187851 169780 0
203084 267190 0
191760 195549 0
196034 189691 0
189608 176012 0
195203 10589 0
177019 209709 0
196041 194897 0
205826 187220 0
195872 199922 0
267172 193824 0
192717 173381 0
196630 187195 0
195893 192794 0
187832 193463 0
196033 194901 0
196558 195011 0
188315 195558 0
10690 194920 0
195916 193943 0
188767 194886 0
202317 209709 0
10654 187032 0
176997 194909 0
267172 199397 0
189294 204650 0
196887 194880 0
176852 194881 0
200977 194601 0
160404 194526 0
275620 187391 0
196598 173398 0
196622 193193 0
160412 205591 0
187832 12970 0
187856 188934 0
207984 193970 0
173612 187398 0
196553 195623 0
205845 200330 0
189585 193994 0
189568 187196 0
176862 196716 0
196636 194895 0
196594 209711 0
196037 204502 0
126550 195565 0
195903 209717 0
126551 177383 0
197676 203309 0
194536 189691 0
174690 193943 0
189507 203097 0
187831 204650 0
189510 203321 0
173625 193943 0
196608 193369 0
177052 10862 0
200974 196224 0
187855 187196 0
205138 194919 0
196433 205593 0
200974 177331 0
176997 194898 0
203102 10404 0
10655 198763 0
201920 194918 0
275620 190412 0
196554 206210 0
176867 175081 0
200966 14855 0
177008 191593 0
202987 194916 0
193072 209409 0
196620 206241 0
196432 203812 0
189565 196223 0
196558 198005 0
203014 187217 0
191765 203812 0
207988 174695 0
196033 205591 0
196596 194928 0
196609 195403 0
267159 194908 0
195914 193370 0
189619 207377 0
160419 203310 0
202326 193137 0
202328 193193 0
177274 203310 0
189582 193823 0
177012 203812 0
202977 169780 0
177012 194908 0
202317 169791 0
196608 187217 0
195889 173384 0
188369 10400 0
201921 187216 0
187851 169780 0
203084 267190 0
191760 195549 0
196034 189691 0
189608 176012 0
195203 10589 0
177019 209709 0
196041 194897 0
205826 187220 0
195872 199922 0
267172 193824 0
192717 173381 0
