175230 285602 0
214844 291991 0
184667 285581 0
12020 246332 0
178578 246098 0
179327 282533 0
179330 282889 0
212964 256677 0
184620 293130 0
182490 284842 0
179331 266394 0
179994 288219 0
184688 295176 0
184657 246190 0
182382 246037 0
179989 246332 0
184634 245900 0
214874 272548 0
178580 246067 0
179309 252656 0
214876 288209 0
175815 292032 0
180014 266318 0
182458 289054 0
213649 282527 0
212952 245899 0
178150 289346 0
178566 282523 0
184678 289038 0
213653 285500 0
178601 266396 0
214881 285156 0
184654 9119 0
213657 293128 0
182333 245976 0
184640 282529 0
183605 285587 0
178535 291989 0
184937 265927 0
212977 285603 0
8919 285198 0
182490 246014 0
178589 289065 0
212953 295168 0
181953 9120 0
179473 246059 0
178549 289014 0
178600 284242 0
179473 295170 0
178594 288218 0
178550 268393 0
214837 9115 0
182488 246099 0
181881 289037 0
159729 295188 0
214851 246029 0
184696 11826 0
183055 289555 0
179997 289557 0
153326 246059 0
175815 246099 0
184700 295186 0
207266 11146 0
179321 292003 0
212976 285498 0
183605 266396 0
178620 265909 0
175231 285585 0
205322 266421 0
178590 282524 0
200503 246118 0
179317 292033 0
258862 285603 0
212964 246895 0
186570 285500 0
178582 293136 0
198920 246042 0
183969 289035 0
182352 292033 0
185226 294305 0
179351 293128 0
184626 289334 0
184608 260484 0
178555 9113 0
178152 282529 0
186565 270399 0
183970 285213 0
183976 293904 0
184688 282530 0
214846 270399 0
179304 245899 0
209928 295156 0
175827 285598 0
180005 285343 0
199692 266424 0
181951 288199 0
178552 288220 0
182354 296056 0
12022 295164 0
181953 296061 0
