244004 185053 0
102574 185367 0
103226 175436 0
236305 215894 0
102050 186512 0
87721 210008 0
15107 204879 0
9849 177996 0
235199 207668 0
88011 215416 0
96186 175447 0
275023 175408 0
15106 215409 0
228655 251672 0
101636 215343 0
86953 215418 0
96696 177692 0
96702 214565 0
275024 204887 0
102067 179491 0
242582 181495 0
228647 186383 0
239822 181497 0
240043 204011 0
87705 22558 0
102621 273955 0
87725 178997 0
238928 186667 0
98712 219757 0
243787 215742 0
4113 215356 0
102099 186666 0
102074 185131 0
102759 178693 0
242574 207659 0
5698 214566 0
96695 17456 0
240802 185224 0
240801 214778 0
243958 215384 0
230506 214696 0
230053 215736 0
6136 208930 0
240030 215388 0
87707 208976 0
94252 22553 0
275022 215409 0
87706 174047 0
94219 210011 0
15105 214749 0
244004 181589 0
103336 207653 0
9849 207659 0
4213 215475 0
242571 181482 0
96698 174045 0
102065 207678 0
102062 201335 0
96695 207647 0
94971 174051 0
98712 17476 0
9849 174033 0
96174 185066 0
102759 175450 0
240800 186666 0
101589 209881 0
242573 209579 0
275024 215403 0
240252 186667 0
102057 159662 0
96700 178665 0
275675 215742 0
102062 174025 0
247494 181486 0
102068 215405 0
95515 182579 0
96696 182589 0
103334 178663 0
96700 177704 0
244018 210843 0
15110 185260 0
98712 175434 0
242575 182585 0
103335 207614 0
104017 186663 0
95701 201367 0
236305 177690 0
102061 215395 0
102046 204007 0
96772 175273 0
228648 215389 0
102062 174028 0
95701 8869 0
98712 204301 0
96698 204311 0
4290 181590 0
102069 178662 0
102063 179018 0
235199 174050 0
102058 273956 0
244004 185053 0
102574 185367 0
103226 175436 0
236305 215894 0
102050 186512 0
87721 210008 0
15107 204879 0
9849 177996 0
235199 207668 0
88011 215416 0
96186 175447 0
275023 175408 0
15106 215409 0
228655 251672 0
101636 215343 0
86953 215418 0
96696 177692 0
96702 214565 0
275024 204887 0
102067 179491 0
242582 181495 0
228647 186383 0
239822 181497 0
240043 204011 0
87705 22558 0
102621 273955 0
87725 178997 0
238928 186667 0
98712 219757 0
243787 215742 0
4113 215356 0
102099 186666 0
102074 185131 0
102759 178693 0
242574 207659 0
5698 214566 0
96695 17456 0
240802 185224 0
240801 214778 0
243958 215384 0
230506 214696 0
230053 215736 0
6136 208930 0
240030 215388 0
87707 208976 0
94252 22553 0
275022 215409 0
87706 174047 0
94219 210011 0
15105 214749 0
244004 181589 0
103336 207653 0
9849 207659 0
4213 215475 0
242571 181482 0
96698 174045 0
102065 207678 0
102062 201335 0
96695 207647 0
94971 174051 0
98712 17476 0
9849 174033 0
96174 185066 0
102759 175450 0
240800 186666 0
101589 209881 0
242573 209579 0
275024 215403 0
240252 186667 0
102057 159662 0
96700 178665 0
275675 215742 0
102062 174025 0
247494 181486 0
102068 215405 0
95515 182579 0
96696 182589 0
103334 178663 0
96700 177704 0
244018 210843 0
15110 185260 0
98712 175434 0
242575 182585 0
103335 207614 0
104017 186663 0
95701 201367 0
236305 177690 0
102061 215395 0
102046 204007 0
96772 175273 0
228648 215389 0
102062 174028 0
95701 8869 0
98712 204301 0
96698 204311 0
4290 181590 0
102069 178662 0
102063 179018 0
235199 174050 0
102058 273956 0
244004 185053 0
102574 185367 0
103226 175436 0
236305 215894 0
102050 186512 0
87721 210008 0
15107 204879 0
9849 177996 0
235199 207668 0
88011 215416 0
96186 175447 0
275023 175408 0
15106 215409 0
228655 251672 0
101636 215343 0
86953 215418 0
96696 177692 0
96702 214565 0
275024 204887 0
102067 179491 0
242582 181495 0
228647 186383 0
239822 181497 0
240043 204011 0
87705 22558 0
102621 273955 0
87725 178997 0
238928 186667 0
98712 219757 0
243787 215742 0
4113 215356 0
102099 186666 0
102074 185131 0
102759 178693 0
242574 207659 0
5698 214566 0
96695 17456 0
240802 185224 0
240801 214778 0
243958 215384 0
230506 214696 0
230053 215736 0
6136 208930 0
240030 215388 0
87707 208976 0
94252 22553 0
275022 215409 0
87706 174047 0
94219 210011 0
15105 214749 0
244004 181589 0
103336 207653 0
9849 207659 0
4213 215475 0
242571 181482 0
96698 174045 0
102065 207678 0
102062 201335 0
96695 207647 0
94971 174051 0
98712 17476 0
9849 174033 0
96174 185066 0
102759 175450 0
240800 186666 0
101589 209881 0
242573 209579 0
275024 215403 0
240252 186667 0
102057 159662 0
96700 178665 0
275675 215742 0
102062 174025 0
247494 181486 0
102068 215405 0
95515 182579 0
96696 182589 0
103334 178663 0
96700 177704 0
244018 210843 0
15110 185260 0
98712 175434 0
242575 182585 0
103335 207614 0
104017 186663 0
95701 201367 0
236305 177690 0
102061 215395 0
102046 204007 0
96772 175273 0
228648 215389 0
102062 174028 0
95701 8869 0
98712 204301 0
96698 204311 0
4290 181590 0
102069 178662 0
102063 179018 0
235199 174050 0
102058 273956 0
244004 185053 0
102574 185367 0
103226 175436 0
236305 215894 0
102050 186512 0
87721 210008 0
15107 204879 0
9849 177996 0
235199 207668 0
88011 215416 0
96186 175447 0
275023 175408 0
15106 215409 0
228655 251672 0
101636 215343 0
86953 215418 0
96696 177692 0
96702 214565 0
275024 204887 0
102067 179491 0
242582 181495 0
228647 186383 0
239822 181497 0
240043 204011 0
87705 22558 0
102621 273955 0
87725 178997 0
238928 186667 0
98712 219757 0
243787 215742 0
4113 215356 0
102099 186666 0
102074 185131 0
102759 178693 0
242574 207659 0
5698 214566 0
96695 17456 0
240802 185224 0
240801 214778 0
243958 215384 0
230506 214696 0
230053 215736 0
6136 208930 0
240030 215388 0
87707 208976 0
94252 22553 0
275022 215409 0
87706 174047 0
94219 210011 0
15105 214749 0
244004 181589 0
103336 207653 0
9849 207659 0
4213 215475 0
242571 181482 0
96698 174045 0
102065 207678 0
102062 201335 0
96695 207647 0
94971 174051 0
98712 17476 0
9849 174033 0
96174 185066 0
102759 175450 0
240800 186666 0
101589 209881 0
242573 209579 0
275024 215403 0
240252 186667 0
102057 159662 0
96700 178665 0
275675 215742 0
102062 174025 0
247494 181486 0
102068 215405 0
95515 182579 0
96696 182589 0
103334 178663 0
96700 177704 0
244018 210843 0
15110 185260 0
98712 175434 0
242575 182585 0
103335 207614 0
104017 186663 0
95701 201367 0
236305 177690 0
102061 215395 0
102046 204007 0
96772 175273 0
228648 215389 0
102062 174028 0
95701 8869 0
98712 204301 0
96698 204311 0
4290 181590 0
102069 178662 0
102063 179018 0
235199 174050 0
102058 273956 0
