283216 214273 0
293145 179727 0
14671 214258 0
290855 186367 0
282946 185608 0
286516 205652 0
296438 214221 0
266136 205654 0
288924 178529 0
11798 179079 0
14681 179724 0
290841 205645 0
150315 205649 0
14653 179707 0
289405 181766 0
279021 178128 0
14654 179724 0
288924 214618 0
286764 179083 0
268459 185197 0
265319 185606 0
247085 181774 0
283309 214262 0
290850 185874 0
150391 266597 0
288925 179103 0
286307 175690 0
286302 205641 0
283308 185524 0
290860 200128 0
286303 179111 0
296438 185492 0
248438 185606 0
293740 179098 0
284600 11480 0
14684 185535 0
290827 210422 0
282921 179725 0
296423 173400 0
261825 214227 0
286506 181771 0
14680 219825 0
290845 181128 0
290439 214183 0
294701 266593 0
283172 205292 0
282919 214269 0
9040 208486 0
284230 181557 0
14654 185090 0
293144 185864 0
260455 179075 0
286465 179768 0
288928 181630 0
247085 181795 0
266709 219513 0
286279 180126 0
266137 210425 0
293722 186554 0
283186 208489 0
286766 182901 0
252643 179719 0
288933 214233 0
290417 185198 0
283305 185856 0
250676 181786 0
265816 214247 0
288928 210437 0
286277 182180 0
11125 177449 0
288930 185474 0
282909 179108 0
293771 181011 0
286292 213990 0
286474 205643 0
286766 186491 0
246542 181777 0
289406 15597 0
290877 186366 0
285099 181767 0
286463 200654 0
261810 214278 0
246606 181129 0
286234 219516 0
283173 214298 0
283239 179092 0
286233 175647 0
248341 185182 0
290859 208479 0
252501 214303 0
290827 214645 0
286762 178530 0
293143 182831 0
266128 181696 0
265065 15601 0
268601 210428 0
282939 215331 0
286281 185850 0
284263 179074 0
9045 179106 0
283216 214273 0
293145 179727 0
14671 214258 0
290855 186367 0
282946 185608 0
286516 205652 0
296438 214221 0
266136 205654 0
288924 178529 0
11798 179079 0
14681 179724 0
290841 205645 0
150315 205649 0
14653 179707 0
289405 181766 0
279021 178128 0
14654 179724 0
288924 214618 0
286764 179083 0
268459 185197 0
265319 185606 0
247085 181774 0
283309 214262 0
290850 185874 0
150391 266597 0
288925 179103 0
286307 175690 0
286302 205641 0
283308 185524 0
290860 200128 0
286303 179111 0
296438 185492 0
248438 185606 0
293740 179098 0
284600 11480 0
14684 185535 0
290827 210422 0
282921 179725 0
296423 173400 0
261825 214227 0
286506 181771 0
14680 219825 0
290845 181128 0
290439 214183 0
294701 266593 0
283172 205292 0
282919 214269 0
9040 208486 0
284230 181557 0
14654 185090 0
293144 185864 0
260455 179075 0
286465 179768 0
288928 181630 0
247085 181795 0
266709 219513 0
286279 180126 0
266137 210425 0
293722 186554 0
283186 208489 0
286766 182901 0
252643 179719 0
288933 214233 0
290417 185198 0
283305 185856 0
250676 181786 0
265816 214247 0
288928 210437 0
286277 182180 0
11125 177449 0
288930 185474 0
282909 179108 0
293771 181011 0
286292 213990 0
286474 205643 0
286766 186491 0
246542 181777 0
289406 15597 0
290877 186366 0
285099 181767 0
286463 200654 0
261810 214278 0
246606 181129 0
286234 219516 0
283173 214298 0
283239 179092 0
286233 175647 0
248341 185182 0
290859 208479 0
252501 214303 0
290827 214645 0
286762 178530 0
293143 182831 0
266128 181696 0
265065 15601 0
268601 210428 0
282939 215331 0
286281 185850 0
284263 179074 0
9045 179106 0
