262021 107465 0
295772 19126 0
289726 100152 0
266823 108025 0
283973 102416 0
284664 94625 0
293555 19107 0
262015 19094 0
281882 100138 0
295774 99536 0
291187 99504 0
262007 107732 0
281893 99538 0
16575 108857 0
295787 104243 0
288146 99989 0
286879 100019 0
281079 108178 0
262488 99541 0
283754 109471 0
295796 108026 0
295755 275402 0
290176 99950 0
287831 19154 0
283054 19115 0
262006 100140 0
291232 125170 0
246892 100014 0
284399 105898 0
281079 100151 0
266375 100147 0
289108 100147 0
295762 108147 0
282876 107465 0
290494 104441 0
283751 105898 0
288178 105634 0
290763 104240 0
282772 108178 0
289107 99549 0
290175 102781 0
284075 99950 0
286550 125173 0
281894 105816 0
294109 102449 0
293172 102800 0
282774 102449 0
283736 109190 0
266794 102788 0
284444 100019 0
274451 102781 0
295762 19128 0
284122 102943 0
245989 19109 0
284127 99509 0
282786 99531 0
294070 19114 0
282766 19101 0
290736 99548 0
295791 102781 0
293173 100024 0
290174 99982 0
283761 102799 0
295773 107733 0
284118 99526 0
294109 100139 0
283050 102785 0
284446 100148 0
262014 104377 0
262009 94644 0
286556 99543 0
283755 104256 0
269389 249916 0
290177 105802 0
150378 108026 0
266820 105803 0
262005 104450 0
283045 152586 0
282880 102805 0
290735 100142 0
291236 108159 0
283053 99968 0
266832 104447 0
281878 163007 0
268618 99531 0
16560 19105 0
290487 275525 0
261819 99509 0
284125 105805 0
284126 99522 0
283760 104452 0
262488 125173 0
268638 100039 0
283047 19114 0
290195 108159 0
295777 100151 0
281867 155148 0
293763 104269 0
295761 107622 0
294843 163001 0
262021 107465 0
295772 19126 0
289726 100152 0
266823 108025 0
283973 102416 0
284664 94625 0
293555 19107 0
262015 19094 0
281882 100138 0
295774 99536 0
291187 99504 0
262007 107732 0
281893 99538 0
16575 108857 0
295787 104243 0
288146 99989 0
286879 100019 0
281079 108178 0
262488 99541 0
283754 109471 0
295796 108026 0
295755 275402 0
290176 99950 0
287831 19154 0
283054 19115 0
262006 100140 0
291232 125170 0
246892 100014 0
284399 105898 0
281079 100151 0
266375 100147 0
289108 100147 0
295762 108147 0
282876 107465 0
290494 104441 0
283751 105898 0
288178 105634 0
290763 104240 0
282772 108178 0
289107 99549 0
290175 102781 0
284075 99950 0
286550 125173 0
281894 105816 0
294109 102449 0
293172 102800 0
282774 102449 0
283736 109190 0
266794 102788 0
284444 100019 0
274451 102781 0
295762 19128 0
284122 102943 0
245989 19109 0
284127 99509 0
282786 99531 0
294070 19114 0
282766 19101 0
290736 99548 0
295791 102781 0
293173 100024 0
290174 99982 0
283761 102799 0
295773 107733 0
284118 99526 0
294109 100139 0
283050 102785 0
284446 100148 0
262014 104377 0
262009 94644 0
286556 99543 0
283755 104256 0
269389 249916 0
290177 105802 0
150378 108026 0
266820 105803 0
262005 104450 0
283045 152586 0
282880 102805 0
290735 100142 0
291236 108159 0
283053 99968 0
266832 104447 0
281878 163007 0
268618 99531 0
16560 19105 0
290487 275525 0
261819 99509 0
284125 105805 0
284126 99522 0
283760 104452 0
262488 125173 0
268638 100039 0
283047 19114 0
290195 108159 0
295777 100151 0
281867 155148 0
293763 104269 0
295761 107622 0
294843 163001 0
