18287 9067 0
152908 168123 0
188114 166137 0
207828 165826 0
188118 166141 0
18288 153645 0
196961 166140 0
207021 168005 0
187155 268175 0
188049 251366 0
207026 155420 0
187096 166150 0
194585 268178 0
177259 168124 0
188718 268177 0
193395 168124 0
9311 167470 0
188123 149744 0
188056 166141 0
203783 148914 0
187457 166754 0
188062 153642 0
10790 148670 0
173576 149001 0
193395 155421 0
207828 155437 0
196922 155426 0
205529 166138 0
177343 149632 0
188076 153645 0
188051 168126 0
194609 168126 0
9309 268183 0
152929 166133 0
198068 165136 0
203818 166141 0
207051 166121 0
206716 148875 0
191652 166753 0
195391 165137 0
173902 166345 0
177343 166345 0
207832 155434 0
10788 268182 0
191651 266978 0
196389 166138 0
187370 266975 0
203807 149632 0
152937 166155 0
193498 155421 0
152934 155420 0
177258 166138 0
188104 166145 0
10798 168005 0
176296 149706 0
187375 166112 0
9298 168123 0
203818 166124 0
176295 166147 0
187432 149144 0
207013 268233 0
192772 166142 0
188124 165138 0
194666 155424 0
206714 166152 0
187471 149632 0
188125 153641 0
152909 166124 0
207023 166113 0
188043 155434 0
187155 168121 0
207009 166145 0
173932 166138 0
191723 166141 0
188124 251366 0
206716 166148 0
174655 166754 0
187347 166137 0
9361 166345 0
187374 165136 0
173372 166949 0
173902 168005 0
10320 268176 0
152935 268183 0
187348 155424 0
9360 268177 0
194659 165694 0
191759 166151 0
207043 168123 0
194620 168126 0
177342 166753 0
152760 166124 0
152929 149142 0
173551 166153 0
196919 166126 0
176293 153642 0
194611 166115 0
202958 149143 0
188111 166139 0
152928 155421 0
18287 9067 0
152908 168123 0
188114 166137 0
207828 165826 0
188118 166141 0
18288 153645 0
196961 166140 0
207021 168005 0
187155 268175 0
188049 251366 0
207026 155420 0
187096 166150 0
194585 268178 0
177259 168124 0
188718 268177 0
193395 168124 0
9311 167470 0
188123 149744 0
188056 166141 0
203783 148914 0
187457 166754 0
188062 153642 0
10790 148670 0
173576 149001 0
193395 155421 0
207828 155437 0
196922 155426 0
205529 166138 0
177343 149632 0
188076 153645 0
188051 168126 0
194609 168126 0
9309 268183 0
152929 166133 0
198068 165136 0
203818 166141 0
207051 166121 0
206716 148875 0
191652 166753 0
195391 165137 0
173902 166345 0
177343 166345 0
207832 155434 0
10788 268182 0
191651 266978 0
196389 166138 0
187370 266975 0
203807 149632 0
152937 166155 0
193498 155421 0
152934 155420 0
177258 166138 0
188104 166145 0
10798 168005 0
176296 149706 0
187375 166112 0
9298 168123 0
203818 166124 0
176295 166147 0
187432 149144 0
207013 268233 0
192772 166142 0
188124 165138 0
194666 155424 0
206714 166152 0
187471 149632 0
188125 153641 0
152909 166124 0
207023 166113 0
188043 155434 0
187155 168121 0
207009 166145 0
173932 166138 0
191723 166141 0
188124 251366 0
206716 166148 0
174655 166754 0
187347 166137 0
9361 166345 0
187374 165136 0
173372 166949 0
173902 168005 0
10320 268176 0
152935 268183 0
187348 155424 0
9360 268177 0
194659 165694 0
191759 166151 0
207043 168123 0
194620 168126 0
177342 166753 0
152760 166124 0
152929 149142 0
173551 166153 0
196919 166126 0
176293 153642 0
194611 166115 0
202958 149143 0
188111 166139 0
152928 155421 0
