17106 153103 0
103242 149583 0
103238 251452 0
98780 166997 0
97383 149636 0
90218 148525 0
275067 268153 0
17106 165773 0
101992 155770 0
103240 148531 0
102004 268154 0
102004 148886 0
99823 167009 0
101998 165046 0
87294 251448 0
96647 167006 0
99765 149210 0
275053 149887 0
17110 165043 0
17110 153104 0
276423 148649 0
17088 149260 0
98782 268220 0
274957 149381 0
102004 167676 0
88787 166573 0
96658 149381 0
98791 166671 0
98787 167667 0
276726 149851 0
275010 251382 0
274953 165045 0
17114 149206 0
101994 165771 0
17110 167536 0
99912 268169 0
88787 167045 0
98780 149678 0
274958 167057 0
274955 167010 0
87295 165422 0
97383 149264 0
90076 149266 0
275099 155228 0
96658 149850 0
17099 149265 0
99912 245300 0
275099 16758 0
102004 167665 0
102007 148887 0
17093 268132 0
17116 167011 0
98791 155774 0
274956 149735 0
98228 149738 0
276423 268163 0
274958 268166 0
98791 167478 0
96658 167011 0
102006 167045 0
275066 167085 0
90076 268134 0
96654 149261 0
90218 148649 0
274958 167091 0
101991 165980 0
96653 148525 0
87611 268164 0
98785 167682 0
102006 165422 0
17116 245301 0
88325 268135 0
90218 149251 0
274960 149283 0
275086 251389 0
96763 155667 0
96650 148653 0
98781 16758 0
96651 167045 0
274952 165034 0
95005 149752 0
96662 245301 0
100537 251382 0
90218 149265 0
95006 268158 0
99913 167081 0
103241 149848 0
88103 165422 0
250306 149377 0
103241 251450 0
17099 165587 0
96651 149736 0
96652 167085 0
102009 149852 0
98784 167196 0
100430 167046 0
275099 153102 0
275066 165045 0
97383 268134 0
98791 149205 0
