226528 181846 0
243172 182409 0
231544 175835 0
230542 179993 0
243126 183607 0
233537 179326 0
233752 207259 0
243422 207279 0
228008 207285 0
227834 183325 0
243355 207265 0
237220 207281 0
237587 179301 0
237417 179464 0
243010 179456 0
151104 199679 0
236955 11497 0
151876 199680 0
243353 181952 0
236112 179309 0
227983 181930 0
243369 181827 0
233538 179992 0
225841 186365 0
243356 207247 0
228281 185945 0
151204 211992 0
237608 181910 0
239695 178141 0
239471 181949 0
243189 179329 0
243010 210024 0
243185 179324 0
238783 181925 0
239666 214840 0
243365 198910 0
240810 179464 0
238938 15587 0
124739 182534 0
243129 186567 0
231946 179464 0
243382 175798 0
233507 179312 0
243700 179337 0
243214 181933 0
238985 207267 0
231924 179328 0
233507 211996 0
231413 214840 0
243344 179345 0
241376 200522 0
227987 179340 0
243177 15593 0
227981 207271 0
234676 181828 0
239666 153265 0
231387 181827 0
243148 207238 0
237620 179329 0
234676 179315 0
237433 185289 0
243210 181900 0
225752 214133 0
243365 178616 0
239695 186580 0
238176 211999 0
243157 199667 0
231411 207266 0
243175 185529 0
226681 207239 0
228275 181901 0
243376 207239 0
243791 178901 0
243128 181914 0
239694 208890 0
231428 179461 0
243139 178611 0
231428 184381 0
231388 15587 0
225750 178141 0
226686 198907 0
232548 211527 0
243175 178176 0
226498 181945 0
238174 175835 0
236113 205304 0
243187 186047 0
243371 15591 0
239668 198914 0
243159 248441 0
231413 15594 0
241376 184938 0
231427 179468 0
243362 198908 0
233764 207269 0
237429 179341 0
232838 179304 0
243700 185529 0
227988 179302 0
243178 207264 0
