196929 276181 0
207062 258787 0
196934 277617 0
199783 265395 0
199994 294712 0
191730 150104 0
191762 150063 0
199778 294259 0
188220 150085 0
10318 262126 0
209207 264411 0
191774 258767 0
207836 274414 0
188150 257133 0
189347 260543 0
196955 258781 0
188227 11727 0
187459 276575 0
253241 150072 0
197628 294247 0
193077 246243 0
176311 258807 0
199781 258807 0
196922 277618 0
189340 276607 0
188484 276180 0
201864 276180 0
187332 296274 0
188221 276180 0
196955 11738 0
207048 287656 0
251185 258796 0
126395 258761 0
196926 257123 0
188719 291019 0
203798 257123 0
191719 246246 0
203103 258808 0
199994 252455 0
126441 284823 0
199769 258788 0
209211 283806 0
249323 294253 0
187459 260542 0
199988 263658 0
126449 276165 0
10318 11730 0
188129 274419 0
126449 258762 0
196922 287771 0
126446 258783 0
188226 276181 0
195274 285775 0
196932 11105 0
188213 150072 0
188218 295835 0
196923 11103 0
188223 276625 0
9317 257125 0
196922 292835 0
191720 294712 0
14501 296287 0
188220 295851 0
189348 268449 0
191720 276573 0
188207 294721 0
126395 258738 0
191768 294189 0
126448 14727 0
126453 14729 0
9352 285520 0
187096 150095 0
196924 296265 0
188132 274589 0
173587 260542 0
188131 294716 0
189346 150064 0
196104 263723 0
196925 262454 0
193133 294186 0
192787 285532 0
187472 277620 0
176338 295850 0
196935 274583 0
207064 268449 0
195273 246626 0
189346 284868 0
176336 294250 0
189314 260543 0
188226 287440 0
188719 276566 0
201865 294251 0
196102 11738 0
126458 296295 0
188139 294185 0
191746 295838 0
188121 276180 0
204572 262121 0
14501 262134 0
187817 276593 0
196929 276181 0
207062 258787 0
196934 277617 0
199783 265395 0
199994 294712 0
191730 150104 0
191762 150063 0
199778 294259 0
188220 150085 0
10318 262126 0
209207 264411 0
191774 258767 0
207836 274414 0
188150 257133 0
189347 260543 0
196955 258781 0
188227 11727 0
187459 276575 0
253241 150072 0
197628 294247 0
193077 246243 0
176311 258807 0
199781 258807 0
196922 277618 0
189340 276607 0
188484 276180 0
201864 276180 0
187332 296274 0
188221 276180 0
196955 11738 0
207048 287656 0
251185 258796 0
126395 258761 0
196926 257123 0
188719 291019 0
203798 257123 0
191719 246246 0
203103 258808 0
199994 252455 0
126441 284823 0
199769 258788 0
209211 283806 0
249323 294253 0
187459 260542 0
199988 263658 0
126449 276165 0
10318 11730 0
188129 274419 0
126449 258762 0
196922 287771 0
126446 258783 0
188226 276181 0
195274 285775 0
196932 11105 0
188213 150072 0
188218 295835 0
196923 11103 0
188223 276625 0
9317 257125 0
196922 292835 0
191720 294712 0
14501 296287 0
188220 295851 0
189348 268449 0
191720 276573 0
188207 294721 0
126395 258738 0
191768 294189 0
126448 14727 0
126453 14729 0
9352 285520 0
187096 150095 0
196924 296265 0
188132 274589 0
173587 260542 0
188131 294716 0
189346 150064 0
196104 263723 0
196925 262454 0
193133 294186 0
192787 285532 0
187472 277620 0
176338 295850 0
196935 274583 0
207064 268449 0
195273 246626 0
189346 284868 0
176336 294250 0
189314 260543 0
188226 287440 0
188719 276566 0
201865 294251 0
196102 11738 0
126458 296295 0
188139 294185 0
191746 295838 0
188121 276180 0
204572 262121 0
14501 262134 0
187817 276593 0
196929 276181 0
207062 258787 0
196934 277617 0
199783 265395 0
199994 294712 0
191730 150104 0
191762 150063 0
199778 294259 0
188220 150085 0
10318 262126 0
209207 264411 0
191774 258767 0
207836 274414 0
188150 257133 0
189347 260543 0
196955 258781 0
188227 11727 0
187459 276575 0
253241 150072 0
197628 294247 0
193077 246243 0
176311 258807 0
199781 258807 0
196922 277618 0
189340 276607 0
188484 276180 0
201864 276180 0
187332 296274 0
188221 276180 0
196955 11738 0
207048 287656 0
251185 258796 0
126395 258761 0
196926 257123 0
188719 291019 0
203798 257123 0
191719 246246 0
203103 258808 0
199994 252455 0
126441 284823 0
199769 258788 0
209211 283806 0
249323 294253 0
187459 260542 0
199988 263658 0
126449 276165 0
10318 11730 0
188129 274419 0
126449 258762 0
196922 287771 0
126446 258783 0
188226 276181 0
195274 285775 0
196932 11105 0
188213 150072 0
188218 295835 0
196923 11103 0
188223 276625 0
9317 257125 0
196922 292835 0
191720 294712 0
14501 296287 0
188220 295851 0
189348 268449 0
191720 276573 0
188207 294721 0
126395 258738 0
191768 294189 0
126448 14727 0
126453 14729 0
9352 285520 0
187096 150095 0
196924 296265 0
188132 274589 0
173587 260542 0
188131 294716 0
189346 150064 0
196104 263723 0
196925 262454 0
193133 294186 0
192787 285532 0
187472 277620 0
176338 295850 0
196935 274583 0
207064 268449 0
195273 246626 0
189346 284868 0
176336 294250 0
189314 260543 0
188226 287440 0
188719 276566 0
201865 294251 0
196102 11738 0
126458 296295 0
188139 294185 0
191746 295838 0
188121 276180 0
204572 262121 0
14501 262134 0
187817 276593 0
196929 276181 0
207062 258787 0
196934 277617 0
199783 265395 0
199994 294712 0
191730 150104 0
191762 150063 0
199778 294259 0
188220 150085 0
10318 262126 0
209207 264411 0
191774 258767 0
207836 274414 0
188150 257133 0
189347 260543 0
196955 258781 0
188227 11727 0
187459 276575 0
253241 150072 0
197628 294247 0
193077 246243 0
176311 258807 0
199781 258807 0
196922 277618 0
189340 276607 0
188484 276180 0
201864 276180 0
187332 296274 0
188221 276180 0
196955 11738 0
207048 287656 0
251185 258796 0
126395 258761 0
196926 257123 0
188719 291019 0
203798 257123 0
191719 246246 0
203103 258808 0
199994 252455 0
126441 284823 0
199769 258788 0
209211 283806 0
249323 294253 0
187459 260542 0
199988 263658 0
126449 276165 0
10318 11730 0
188129 274419 0
126449 258762 0
196922 287771 0
126446 258783 0
188226 276181 0
195274 285775 0
196932 11105 0
188213 150072 0
188218 295835 0
196923 11103 0
188223 276625 0
9317 257125 0
196922 292835 0
191720 294712 0
14501 296287 0
188220 295851 0
189348 268449 0
191720 276573 0
188207 294721 0
126395 258738 0
191768 294189 0
126448 14727 0
126453 14729 0
9352 285520 0
187096 150095 0
196924 296265 0
188132 274589 0
173587 260542 0
188131 294716 0
189346 150064 0
196104 263723 0
196925 262454 0
193133 294186 0
192787 285532 0
187472 277620 0
176338 295850 0
196935 274583 0
207064 268449 0
195273 246626 0
189346 284868 0
176336 294250 0
189314 260543 0
188226 287440 0
188719 276566 0
201865 294251 0
196102 11738 0
126458 296295 0
188139 294185 0
191746 295838 0
188121 276180 0
204572 262121 0
14501 262134 0
187817 276593 0
