96730 75835 0
94837 76354 0
250299 264055 0
95059 76352 0
15973 70832 0
99066 264056 0
94958 80216 0
89337 70852 0
96269 264057 0
94848 70837 0
95022 80245 0
97550 264145 0
250295 76352 0
99754 125945 0
104074 79662 0
98224 77320 0
99046 80204 0
164023 70845 0
96725 82288 0
94127 81606 0
99754 264070 0
101955 125957 0
97372 160185 0
99049 264057 0
97591 125948 0
100533 70830 0
95572 75835 0
101604 153623 0
104084 264070 0
103257 125956 0
164015 125937 0
97496 75834 0
250366 264083 0
99075 83012 0
103267 80215 0
275113 81553 0
97591 81629 0
271354 264070 0
97495 264067 0
103252 264050 0
164017 264148 0
271354 125948 0
94958 70845 0
94231 160185 0
95583 125953 0
97595 160185 0
94839 81537 0
99061 125932 0
15973 80267 0
250297 264148 0
103279 80251 0
95572 72956 0
99044 76430 0
89331 80181 0
16990 125931 0
104077 80250 0
103257 72405 0
96269 264066 0
104077 125935 0
89323 82562 0
256499 77176 0
103275 125958 0
94839 264069 0
94844 125941 0
97591 80220 0
97494 153624 0
99046 79663 0
98765 76351 0
103270 125959 0
97593 125944 0
101604 264144 0
88386 125947 0
99132 80246 0
94126 80219 0
103268 70834 0
90000 80207 0
98167 82217 0
104080 264145 0
103304 264074 0
164020 80189 0
164022 264058 0
94952 125936 0
275069 264148 0
101952 264067 0
250295 76430 0
271355 80220 0
250296 80207 0
94847 264054 0
96727 70835 0
250287 80249 0
103250 82562 0
104084 264071 0
103257 70850 0
100589 264077 0
97495 264154 0
101955 82283 0
89328 81538 0
94837 264058 0
164021 83015 0
99130 82561 0
96730 75835 0
94837 76354 0
250299 264055 0
95059 76352 0
15973 70832 0
99066 264056 0
94958 80216 0
89337 70852 0
96269 264057 0
94848 70837 0
95022 80245 0
97550 264145 0
250295 76352 0
99754 125945 0
104074 79662 0
98224 77320 0
99046 80204 0
164023 70845 0
96725 82288 0
94127 81606 0
99754 264070 0
101955 125957 0
97372 160185 0
99049 264057 0
97591 125948 0
100533 70830 0
95572 75835 0
101604 153623 0
104084 264070 0
103257 125956 0
164015 125937 0
97496 75834 0
250366 264083 0
99075 83012 0
103267 80215 0
275113 81553 0
97591 81629 0
271354 264070 0
97495 264067 0
103252 264050 0
164017 264148 0
271354 125948 0
94958 70845 0
94231 160185 0
95583 125953 0
97595 160185 0
94839 81537 0
99061 125932 0
15973 80267 0
250297 264148 0
103279 80251 0
95572 72956 0
99044 76430 0
89331 80181 0
16990 125931 0
104077 80250 0
103257 72405 0
96269 264066 0
104077 125935 0
89323 82562 0
256499 77176 0
103275 125958 0
94839 264069 0
94844 125941 0
97591 80220 0
97494 153624 0
99046 79663 0
98765 76351 0
103270 125959 0
97593 125944 0
101604 264144 0
88386 125947 0
99132 80246 0
94126 80219 0
103268 70834 0
90000 80207 0
98167 82217 0
104080 264145 0
103304 264074 0
164020 80189 0
164022 264058 0
94952 125936 0
275069 264148 0
101952 264067 0
250295 76430 0
271355 80220 0
250296 80207 0
94847 264054 0
96727 70835 0
250287 80249 0
103250 82562 0
104084 264071 0
103257 70850 0
100589 264077 0
97495 264154 0
101955 82283 0
89328 81538 0
94837 264058 0
164021 83015 0
99130 82561 0
