196443 242184 0
203010 232656 0
177205 232351 0
189543 240076 0
196436 9662 0
174676 242184 0
202342 226147 0
205948 233239 0
193211 268001 0
197431 233981 0
177204 233239 0
193483 229059 0
188031 233981 0
188398 227784 0
201930 233155 0
14876 227764 0
188032 238303 0
202333 239461 0
196443 243905 0
188999 229760 0
193213 243486 0
197454 243780 0
202311 237786 0
196042 233236 0
192428 9665 0
177074 235259 0
197439 267995 0
186956 9658 0
177007 233237 0
197435 240014 0
192387 227781 0
189180 239461 0
177031 234268 0
189200 231590 0
192430 227764 0
188390 239125 0
177190 234653 0
177195 237378 0
197416 232609 0
197433 237076 0
14901 234331 0
205956 239113 0
197440 225977 0
192379 242695 0
177198 237073 0
202437 241139 0
197447 233977 0
193212 8995 0
9145 237075 0
188388 151641 0
188943 243945 0
200964 227102 0
197426 227790 0
208864 233160 0
187863 243492 0
173894 241157 0
186955 232950 0
202433 225968 0
197446 227808 0
197424 242698 0
177197 243486 0
177189 227785 0
177036 237784 0
177201 233152 0
187862 233159 0
177201 239117 0
202311 234330 0
177197 231590 0
208775 237286 0
197445 240013 0
197444 241157 0
177031 234662 0
197574 243937 0
10641 227780 0
10640 239113 0
205849 227102 0
189180 227787 0
197419 237084 0
197422 225965 0
208775 242681 0
192427 14954 0
192387 229070 0
14903 242697 0
196564 243811 0
200964 225978 0
201930 9695 0
189616 243936 0
197439 232656 0
177195 243490 0
195899 242559 0
193214 239125 0
176868 233155 0
189200 234797 0
197445 237087 0
208775 9670 0
188398 233156 0
9145 243937 0
202340 232657 0
197431 227775 0
208764 233966 0
196443 242184 0
203010 232656 0
177205 232351 0
189543 240076 0
196436 9662 0
174676 242184 0
202342 226147 0
205948 233239 0
193211 268001 0
197431 233981 0
177204 233239 0
193483 229059 0
188031 233981 0
188398 227784 0
201930 233155 0
14876 227764 0
188032 238303 0
202333 239461 0
196443 243905 0
188999 229760 0
193213 243486 0
197454 243780 0
202311 237786 0
196042 233236 0
192428 9665 0
177074 235259 0
197439 267995 0
186956 9658 0
177007 233237 0
197435 240014 0
192387 227781 0
189180 239461 0
177031 234268 0
189200 231590 0
192430 227764 0
188390 239125 0
177190 234653 0
177195 237378 0
197416 232609 0
197433 237076 0
14901 234331 0
205956 239113 0
197440 225977 0
192379 242695 0
177198 237073 0
202437 241139 0
197447 233977 0
193212 8995 0
9145 237075 0
188388 151641 0
188943 243945 0
200964 227102 0
197426 227790 0
208864 233160 0
187863 243492 0
173894 241157 0
186955 232950 0
202433 225968 0
197446 227808 0
197424 242698 0
177197 243486 0
177189 227785 0
177036 237784 0
177201 233152 0
187862 233159 0
177201 239117 0
202311 234330 0
177197 231590 0
208775 237286 0
197445 240013 0
197444 241157 0
177031 234662 0
197574 243937 0
10641 227780 0
10640 239113 0
205849 227102 0
189180 227787 0
197419 237084 0
197422 225965 0
208775 242681 0
192427 14954 0
192387 229070 0
14903 242697 0
196564 243811 0
200964 225978 0
201930 9695 0
189616 243936 0
197439 232656 0
177195 243490 0
195899 242559 0
193214 239125 0
176868 233155 0
189200 234797 0
197445 237087 0
208775 9670 0
188398 233156 0
9145 243937 0
202340 232657 0
197431 227775 0
208764 233966 0
