284173 177798 0
290503 181594 0
232627 182068 0
236731 180469 0
289109 3803 0
241084 209822 0
287300 204361 0
284165 180349 0
16544 177823 0
284182 210129 0
151685 210123 0
246157 180445 0
246126 204370 0
150334 209860 0
290504 210088 0
286558 210110 0
236824 180355 0
284012 180525 0
150330 180340 0
232625 219644 0
236811 180491 0
292502 215746 0
239089 209771 0
245890 274010 0
283057 210086 0
237044 182910 0
234108 182068 0
150329 179566 0
232615 215798 0
241102 180443 0
292500 177800 0
284329 177783 0
233942 199499 0
287031 273963 0
287029 204933 0
237045 210215 0
239867 178885 0
233243 209815 0
233942 219644 0
284156 180345 0
150332 180369 0
232815 178434 0
238500 210118 0
233441 177787 0
284182 215775 0
236731 210085 0
284325 180525 0
239093 247101 0
150238 180491 0
235753 178048 0
242556 177784 0
238499 177801 0
151680 209774 0
233942 209853 0
284174 180444 0
235240 209814 0
246843 213808 0
238506 175528 0
268922 209826 0
151656 177788 0
232806 180450 0
284017 175520 0
287031 210085 0
233771 182652 0
241077 210098 0
237754 217818 0
150354 178438 0
235253 180140 0
229038 174097 0
16547 199499 0
229044 210134 0
283056 209743 0
284177 180525 0
228810 177811 0
237278 209828 0
16545 210205 0
262055 210101 0
287042 174107 0
236726 209583 0
262057 174085 0
233949 210111 0
237757 215800 0
246125 210106 0
237758 210093 0
240785 178885 0
233946 150780 0
236815 204360 0
236823 175567 0
230857 210204 0
9682 177429 0
236720 185142 0
284166 210213 0
287031 209830 0
284168 185142 0
233193 209750 0
239093 180494 0
252512 175565 0
241104 210074 0
284419 174094 0
232814 215951 0
284173 177798 0
290503 181594 0
232627 182068 0
236731 180469 0
289109 3803 0
241084 209822 0
287300 204361 0
284165 180349 0
16544 177823 0
284182 210129 0
151685 210123 0
246157 180445 0
246126 204370 0
150334 209860 0
290504 210088 0
286558 210110 0
236824 180355 0
284012 180525 0
150330 180340 0
232625 219644 0
236811 180491 0
292502 215746 0
239089 209771 0
245890 274010 0
283057 210086 0
237044 182910 0
234108 182068 0
150329 179566 0
232615 215798 0
241102 180443 0
292500 177800 0
284329 177783 0
233942 199499 0
287031 273963 0
287029 204933 0
237045 210215 0
239867 178885 0
233243 209815 0
233942 219644 0
284156 180345 0
150332 180369 0
232815 178434 0
238500 210118 0
233441 177787 0
284182 215775 0
236731 210085 0
284325 180525 0
239093 247101 0
150238 180491 0
235753 178048 0
242556 177784 0
238499 177801 0
151680 209774 0
233942 209853 0
284174 180444 0
235240 209814 0
246843 213808 0
238506 175528 0
268922 209826 0
151656 177788 0
232806 180450 0
284017 175520 0
287031 210085 0
233771 182652 0
241077 210098 0
237754 217818 0
150354 178438 0
235253 180140 0
229038 174097 0
16547 199499 0
229044 210134 0
283056 209743 0
284177 180525 0
228810 177811 0
237278 209828 0
16545 210205 0
262055 210101 0
287042 174107 0
236726 209583 0
262057 174085 0
233949 210111 0
237757 215800 0
246125 210106 0
237758 210093 0
240785 178885 0
233946 150780 0
236815 204360 0
236823 175567 0
230857 210204 0
9682 177429 0
236720 185142 0
284166 210213 0
287031 209830 0
284168 185142 0
233193 209750 0
239093 180494 0
252512 175565 0
241104 210074 0
284419 174094 0
232814 215951 0
