281003 287071 0
295588 270496 0
290734 283469 0
295707 251481 0
293167 149156 0
124464 166476 0
281084 293998 0
281091 148690 0
293801 283466 0
124480 148833 0
294088 11175 0
290708 270483 0
283197 155127 0
281175 294809 0
290693 263675 0
291176 289936 0
295256 149152 0
124485 10282 0
289706 167429 0
293801 167902 0
295749 149005 0
295592 155123 0
295749 165207 0
124470 165973 0
290809 283468 0
289707 165197 0
281041 293995 0
295707 155128 0
290684 270494 0
294101 167894 0
286805 164902 0
291172 291814 0
283567 164960 0
281088 165894 0
291184 9075 0
290715 167893 0
290729 291818 0
295766 149158 0
295260 149740 0
291200 263696 0
295740 287088 0
295748 165483 0
295732 148850 0
295731 155756 0
281069 148521 0
291170 289929 0
291193 148594 0
124478 287081 0
265664 148574 0
295716 4453 0
274459 164428 0
293482 293999 0
293166 164976 0
290750 287074 0
295588 291816 0
291192 149161 0
295595 165217 0
283213 165246 0
283195 289932 0
246921 166674 0
281144 268023 0
291233 148519 0
291197 273490 0
293806 16725 0
291169 148422 0
246916 249388 0
295584 164970 0
291197 148519 0
295707 164902 0
282785 148515 0
281180 153181 0
281095 155126 0
290741 268024 0
291197 164908 0
295719 283463 0
124471 291814 0
290794 270498 0
295724 155126 0
124462 276437 0
290673 148515 0
283267 149158 0
274459 167449 0
293168 251493 0
294096 148835 0
281075 149163 0
295589 283468 0
284106 270485 0
290735 148692 0
295603 148850 0
124483 155124 0
281050 291934 0
290758 165213 0
290714 291811 0
291185 155760 0
295706 153182 0
290704 165245 0
294096 291932 0
290737 156291 0
290713 263681 0
248433 148513 0
281003 287071 0
295588 270496 0
290734 283469 0
295707 251481 0
293167 149156 0
124464 166476 0
281084 293998 0
281091 148690 0
293801 283466 0
124480 148833 0
294088 11175 0
290708 270483 0
283197 155127 0
281175 294809 0
290693 263675 0
291176 289936 0
295256 149152 0
124485 10282 0
289706 167429 0
293801 167902 0
295749 149005 0
295592 155123 0
295749 165207 0
124470 165973 0
290809 283468 0
289707 165197 0
281041 293995 0
295707 155128 0
290684 270494 0
294101 167894 0
286805 164902 0
291172 291814 0
283567 164960 0
281088 165894 0
291184 9075 0
290715 167893 0
290729 291818 0
295766 149158 0
295260 149740 0
291200 263696 0
295740 287088 0
295748 165483 0
295732 148850 0
295731 155756 0
281069 148521 0
291170 289929 0
291193 148594 0
124478 287081 0
265664 148574 0
295716 4453 0
274459 164428 0
293482 293999 0
293166 164976 0
290750 287074 0
295588 291816 0
291192 149161 0
295595 165217 0
283213 165246 0
283195 289932 0
246921 166674 0
281144 268023 0
291233 148519 0
291197 273490 0
293806 16725 0
291169 148422 0
246916 249388 0
295584 164970 0
291197 148519 0
295707 164902 0
282785 148515 0
281180 153181 0
281095 155126 0
290741 268024 0
291197 164908 0
295719 283463 0
124471 291814 0
290794 270498 0
295724 155126 0
124462 276437 0
290673 148515 0
283267 149158 0
274459 167449 0
293168 251493 0
294096 148835 0
281075 149163 0
295589 283468 0
284106 270485 0
290735 148692 0
295603 148850 0
124483 155124 0
281050 291934 0
290758 165213 0
290714 291811 0
291185 155760 0
295706 153182 0
290704 165245 0
294096 291932 0
290737 156291 0
290713 263681 0
248433 148513 0
281003 287071 0
295588 270496 0
290734 283469 0
295707 251481 0
293167 149156 0
124464 166476 0
281084 293998 0
281091 148690 0
293801 283466 0
124480 148833 0
294088 11175 0
290708 270483 0
283197 155127 0
281175 294809 0
290693 263675 0
291176 289936 0
295256 149152 0
124485 10282 0
289706 167429 0
293801 167902 0
295749 149005 0
295592 155123 0
295749 165207 0
124470 165973 0
290809 283468 0
289707 165197 0
281041 293995 0
295707 155128 0
290684 270494 0
294101 167894 0
286805 164902 0
291172 291814 0
283567 164960 0
281088 165894 0
291184 9075 0
290715 167893 0
290729 291818 0
295766 149158 0
295260 149740 0
291200 263696 0
295740 287088 0
295748 165483 0
295732 148850 0
295731 155756 0
281069 148521 0
291170 289929 0
291193 148594 0
124478 287081 0
265664 148574 0
295716 4453 0
274459 164428 0
293482 293999 0
293166 164976 0
290750 287074 0
295588 291816 0
291192 149161 0
295595 165217 0
283213 165246 0
283195 289932 0
246921 166674 0
281144 268023 0
291233 148519 0
291197 273490 0
293806 16725 0
291169 148422 0
246916 249388 0
295584 164970 0
291197 148519 0
295707 164902 0
282785 148515 0
281180 153181 0
281095 155126 0
290741 268024 0
291197 164908 0
295719 283463 0
124471 291814 0
290794 270498 0
295724 155126 0
124462 276437 0
290673 148515 0
283267 149158 0
274459 167449 0
293168 251493 0
294096 148835 0
281075 149163 0
295589 283468 0
284106 270485 0
290735 148692 0
295603 148850 0
124483 155124 0
281050 291934 0
290758 165213 0
290714 291811 0
291185 155760 0
295706 153182 0
290704 165245 0
294096 291932 0
290737 156291 0
290713 263681 0
248433 148513 0
281003 287071 0
295588 270496 0
290734 283469 0
295707 251481 0
293167 149156 0
124464 166476 0
281084 293998 0
281091 148690 0
293801 283466 0
124480 148833 0
294088 11175 0
290708 270483 0
283197 155127 0
281175 294809 0
290693 263675 0
291176 289936 0
295256 149152 0
124485 10282 0
289706 167429 0
293801 167902 0
295749 149005 0
295592 155123 0
295749 165207 0
124470 165973 0
290809 283468 0
289707 165197 0
281041 293995 0
295707 155128 0
290684 270494 0
294101 167894 0
286805 164902 0
291172 291814 0
283567 164960 0
281088 165894 0
291184 9075 0
290715 167893 0
290729 291818 0
295766 149158 0
295260 149740 0
291200 263696 0
295740 287088 0
295748 165483 0
295732 148850 0
295731 155756 0
281069 148521 0
291170 289929 0
291193 148594 0
124478 287081 0
265664 148574 0
295716 4453 0
274459 164428 0
293482 293999 0
293166 164976 0
290750 287074 0
295588 291816 0
291192 149161 0
295595 165217 0
283213 165246 0
283195 289932 0
246921 166674 0
281144 268023 0
291233 148519 0
291197 273490 0
293806 16725 0
291169 148422 0
246916 249388 0
295584 164970 0
291197 148519 0
295707 164902 0
282785 148515 0
281180 153181 0
281095 155126 0
290741 268024 0
291197 164908 0
295719 283463 0
124471 291814 0
290794 270498 0
295724 155126 0
124462 276437 0
290673 148515 0
283267 149158 0
274459 167449 0
293168 251493 0
294096 148835 0
281075 149163 0
295589 283468 0
284106 270485 0
290735 148692 0
295603 148850 0
124483 155124 0
281050 291934 0
290758 165213 0
290714 291811 0
291185 155760 0
295706 153182 0
290704 165245 0
294096 291932 0
290737 156291 0
290713 263681 0
248433 148513 0
