243690 173759 0
240890 206897 0
227994 209892 0
243162 175450 0
225844 173743 0
243175 185061 0
237433 186710 0
242488 207623 0
243689 181477 0
226789 9393 0
236963 214111 0
228000 185067 0
243689 204871 0
231388 206928 0
236112 215403 0
243360 215823 0
236424 210814 0
230540 185224 0
243138 175439 0
243175 207609 0
240809 207614 0
243164 8869 0
240878 182578 0
237288 179034 0
243416 175406 0
236117 206919 0
243350 174013 0
243689 173769 0
124738 173737 0
238174 210815 0
242358 174484 0
236120 175392 0
227873 182553 0
243376 206914 0
237607 173716 0
236114 177707 0
243162 173730 0
243829 210848 0
242512 210821 0
236114 210545 0
243158 186155 0
234258 174007 0
243173 178001 0
237603 185225 0
236127 210824 0
236129 215369 0
237604 177995 0
243176 206914 0
233766 210862 0
231433 177703 0
227234 206908 0
231415 204862 0
237427 181340 0
227965 177691 0
238178 173754 0
237604 208981 0
236965 210827 0
227991 208982 0
243820 215384 0
240890 208981 0
240867 173741 0
242502 215410 0
226504 179011 0
236111 215453 0
243383 210820 0
240136 173697 0
239938 181339 0
227661 207613 0
243371 179032 0
243138 173690 0
236113 204862 0
231427 173752 0
236456 173771 0
243357 177691 0
243151 178961 0
231428 174017 0
228012 215481 0
242510 204317 0
243158 210844 0
242505 177694 0
243163 210843 0
243174 185225 0
237433 177995 0
243344 181340 0
242372 179015 0
243145 215410 0
240870 215897 0
227966 173731 0
243368 210814 0
231891 251672 0
240874 185052 0
243208 177697 0
243158 182588 0
236423 178981 0
243208 181345 0
233763 215825 0
242530 178662 0
243150 215391 0
225843 185058 0
237606 173776 0
243690 173759 0
240890 206897 0
227994 209892 0
243162 175450 0
225844 173743 0
243175 185061 0
237433 186710 0
242488 207623 0
243689 181477 0
226789 9393 0
236963 214111 0
228000 185067 0
243689 204871 0
231388 206928 0
236112 215403 0
243360 215823 0
236424 210814 0
230540 185224 0
243138 175439 0
243175 207609 0
240809 207614 0
243164 8869 0
240878 182578 0
237288 179034 0
243416 175406 0
236117 206919 0
243350 174013 0
243689 173769 0
124738 173737 0
238174 210815 0
242358 174484 0
236120 175392 0
227873 182553 0
243376 206914 0
237607 173716 0
236114 177707 0
243162 173730 0
243829 210848 0
242512 210821 0
236114 210545 0
243158 186155 0
234258 174007 0
243173 178001 0
237603 185225 0
236127 210824 0
236129 215369 0
237604 177995 0
243176 206914 0
233766 210862 0
231433 177703 0
227234 206908 0
231415 204862 0
237427 181340 0
227965 177691 0
238178 173754 0
237604 208981 0
236965 210827 0
227991 208982 0
243820 215384 0
240890 208981 0
240867 173741 0
242502 215410 0
226504 179011 0
236111 215453 0
243383 210820 0
240136 173697 0
239938 181339 0
227661 207613 0
243371 179032 0
243138 173690 0
236113 204862 0
231427 173752 0
236456 173771 0
243357 177691 0
243151 178961 0
231428 174017 0
228012 215481 0
242510 204317 0
243158 210844 0
242505 177694 0
243163 210843 0
243174 185225 0
237433 177995 0
243344 181340 0
242372 179015 0
243145 215410 0
240870 215897 0
227966 173731 0
243368 210814 0
231891 251672 0
240874 185052 0
243208 177697 0
243158 182588 0
236423 178981 0
243208 181345 0
233763 215825 0
242530 178662 0
243150 215391 0
225843 185058 0
237606 173776 0
243690 173759 0
240890 206897 0
227994 209892 0
243162 175450 0
225844 173743 0
243175 185061 0
237433 186710 0
242488 207623 0
243689 181477 0
226789 9393 0
236963 214111 0
228000 185067 0
243689 204871 0
231388 206928 0
236112 215403 0
243360 215823 0
236424 210814 0
230540 185224 0
243138 175439 0
243175 207609 0
240809 207614 0
243164 8869 0
240878 182578 0
237288 179034 0
243416 175406 0
236117 206919 0
243350 174013 0
243689 173769 0
124738 173737 0
238174 210815 0
242358 174484 0
236120 175392 0
227873 182553 0
243376 206914 0
237607 173716 0
236114 177707 0
243162 173730 0
243829 210848 0
242512 210821 0
236114 210545 0
243158 186155 0
234258 174007 0
243173 178001 0
237603 185225 0
236127 210824 0
236129 215369 0
237604 177995 0
243176 206914 0
233766 210862 0
231433 177703 0
227234 206908 0
231415 204862 0
237427 181340 0
227965 177691 0
238178 173754 0
237604 208981 0
236965 210827 0
227991 208982 0
243820 215384 0
240890 208981 0
240867 173741 0
242502 215410 0
226504 179011 0
236111 215453 0
243383 210820 0
240136 173697 0
239938 181339 0
227661 207613 0
243371 179032 0
243138 173690 0
236113 204862 0
231427 173752 0
236456 173771 0
243357 177691 0
243151 178961 0
231428 174017 0
228012 215481 0
242510 204317 0
243158 210844 0
242505 177694 0
243163 210843 0
243174 185225 0
237433 177995 0
243344 181340 0
242372 179015 0
243145 215410 0
240870 215897 0
227966 173731 0
243368 210814 0
231891 251672 0
240874 185052 0
243208 177697 0
243158 182588 0
236423 178981 0
243208 181345 0
233763 215825 0
242530 178662 0
243150 215391 0
225843 185058 0
237606 173776 0
243690 173759 0
240890 206897 0
227994 209892 0
243162 175450 0
225844 173743 0
243175 185061 0
237433 186710 0
242488 207623 0
243689 181477 0
226789 9393 0
236963 214111 0
228000 185067 0
243689 204871 0
231388 206928 0
236112 215403 0
243360 215823 0
236424 210814 0
230540 185224 0
243138 175439 0
243175 207609 0
240809 207614 0
243164 8869 0
240878 182578 0
237288 179034 0
243416 175406 0
236117 206919 0
243350 174013 0
243689 173769 0
124738 173737 0
238174 210815 0
242358 174484 0
236120 175392 0
227873 182553 0
243376 206914 0
237607 173716 0
236114 177707 0
243162 173730 0
243829 210848 0
242512 210821 0
236114 210545 0
243158 186155 0
234258 174007 0
243173 178001 0
237603 185225 0
236127 210824 0
236129 215369 0
237604 177995 0
243176 206914 0
233766 210862 0
231433 177703 0
227234 206908 0
231415 204862 0
237427 181340 0
227965 177691 0
238178 173754 0
237604 208981 0
236965 210827 0
227991 208982 0
243820 215384 0
240890 208981 0
240867 173741 0
242502 215410 0
226504 179011 0
236111 215453 0
243383 210820 0
240136 173697 0
239938 181339 0
227661 207613 0
243371 179032 0
243138 173690 0
236113 204862 0
231427 173752 0
236456 173771 0
243357 177691 0
243151 178961 0
231428 174017 0
228012 215481 0
242510 204317 0
243158 210844 0
242505 177694 0
243163 210843 0
243174 185225 0
237433 177995 0
243344 181340 0
242372 179015 0
243145 215410 0
240870 215897 0
227966 173731 0
243368 210814 0
231891 251672 0
240874 185052 0
243208 177697 0
243158 182588 0
236423 178981 0
243208 181345 0
233763 215825 0
242530 178662 0
243150 215391 0
225843 185058 0
237606 173776 0
