146297 181379 0
154335 214542 0
144321 200058 0
143816 273944 0
147253 199501 0
229094 203947 0
272941 203853 0
144333 208936 0
145332 173882 0
146565 180025 0
146519 150710 0
146565 184224 0
154334 11487 0
146298 184227 0
17355 207701 0
143805 180026 0
143605 177670 0
146293 202194 0
147215 206189 0
143802 185038 0
229096 207704 0
143553 180028 0
17407 184227 0
17407 207701 0
251805 174072 0
272932 185034 0
17365 275825 0
251804 184228 0
146799 245634 0
154331 11484 0
17374 203945 0
143999 185036 0
251782 185035 0
251788 207701 0
247183 175203 0
144349 203850 0
146271 177676 0
272942 184226 0
144332 174069 0
154333 179069 0
145298 184581 0
147243 180023 0
143990 180024 0
141859 245632 0
274273 173882 0
17362 180020 0
143553 174071 0
272942 184225 0
147256 202194 0
17358 11486 0
154334 179069 0
154335 206190 0
247186 245636 0
251786 184580 0
227777 11487 0
272939 181319 0
143363 174066 0
146267 185038 0
143425 184580 0
229096 202195 0
272980 206192 0
143970 181383 0
143808 174064 0
145453 180026 0
17426 214542 0
17428 181380 0
145187 174066 0
5947 185049 0
145180 202193 0
146272 245634 0
143969 180030 0
146269 209899 0
251779 174071 0
272931 184308 0
229095 184528 0
144327 180030 0
143970 184221 0
146520 180026 0
144784 184528 0
272933 181320 0
146298 214592 0
147255 215535 0
143802 180018 0
154341 180027 0
154336 214542 0
272622 181319 0
144002 245636 0
143970 185039 0
145452 180019 0
154344 181383 0
146794 181319 0
143361 208937 0
144326 180018 0
144321 206193 0
251801 180019 0
145452 203849 0
143552 181381 0
274272 203948 0
272929 184225 0
146225 174070 0
146297 181379 0
154335 214542 0
144321 200058 0
143816 273944 0
147253 199501 0
229094 203947 0
272941 203853 0
144333 208936 0
145332 173882 0
146565 180025 0
146519 150710 0
146565 184224 0
154334 11487 0
146298 184227 0
17355 207701 0
143805 180026 0
143605 177670 0
146293 202194 0
147215 206189 0
143802 185038 0
229096 207704 0
143553 180028 0
17407 184227 0
17407 207701 0
251805 174072 0
272932 185034 0
17365 275825 0
251804 184228 0
146799 245634 0
154331 11484 0
17374 203945 0
143999 185036 0
251782 185035 0
251788 207701 0
247183 175203 0
144349 203850 0
146271 177676 0
272942 184226 0
144332 174069 0
154333 179069 0
145298 184581 0
147243 180023 0
143990 180024 0
141859 245632 0
274273 173882 0
17362 180020 0
143553 174071 0
272942 184225 0
147256 202194 0
17358 11486 0
154334 179069 0
154335 206190 0
247186 245636 0
251786 184580 0
227777 11487 0
272939 181319 0
143363 174066 0
146267 185038 0
143425 184580 0
229096 202195 0
272980 206192 0
143970 181383 0
143808 174064 0
145453 180026 0
17426 214542 0
17428 181380 0
145187 174066 0
5947 185049 0
145180 202193 0
146272 245634 0
143969 180030 0
146269 209899 0
251779 174071 0
272931 184308 0
229095 184528 0
144327 180030 0
143970 184221 0
146520 180026 0
144784 184528 0
272933 181320 0
146298 214592 0
147255 215535 0
143802 180018 0
154341 180027 0
154336 214542 0
272622 181319 0
144002 245636 0
143970 185039 0
145452 180019 0
154344 181383 0
146794 181319 0
143361 208937 0
144326 180018 0
144321 206193 0
251801 180019 0
145452 203849 0
143552 181381 0
274272 203948 0
272929 184225 0
146225 174070 0
146297 181379 0
154335 214542 0
144321 200058 0
143816 273944 0
147253 199501 0
229094 203947 0
272941 203853 0
144333 208936 0
145332 173882 0
146565 180025 0
146519 150710 0
146565 184224 0
154334 11487 0
146298 184227 0
17355 207701 0
143805 180026 0
143605 177670 0
146293 202194 0
147215 206189 0
143802 185038 0
229096 207704 0
143553 180028 0
17407 184227 0
17407 207701 0
251805 174072 0
272932 185034 0
17365 275825 0
251804 184228 0
146799 245634 0
154331 11484 0
17374 203945 0
143999 185036 0
251782 185035 0
251788 207701 0
247183 175203 0
144349 203850 0
146271 177676 0
272942 184226 0
144332 174069 0
154333 179069 0
145298 184581 0
147243 180023 0
143990 180024 0
141859 245632 0
274273 173882 0
17362 180020 0
143553 174071 0
272942 184225 0
147256 202194 0
17358 11486 0
154334 179069 0
154335 206190 0
247186 245636 0
251786 184580 0
227777 11487 0
272939 181319 0
143363 174066 0
146267 185038 0
143425 184580 0
229096 202195 0
272980 206192 0
143970 181383 0
143808 174064 0
145453 180026 0
17426 214542 0
17428 181380 0
145187 174066 0
5947 185049 0
145180 202193 0
146272 245634 0
143969 180030 0
146269 209899 0
251779 174071 0
272931 184308 0
229095 184528 0
144327 180030 0
143970 184221 0
146520 180026 0
144784 184528 0
272933 181320 0
146298 214592 0
147255 215535 0
143802 180018 0
154341 180027 0
154336 214542 0
272622 181319 0
144002 245636 0
143970 185039 0
145452 180019 0
154344 181383 0
146794 181319 0
143361 208937 0
144326 180018 0
144321 206193 0
251801 180019 0
145452 203849 0
143552 181381 0
274272 203948 0
272929 184225 0
146225 174070 0
146297 181379 0
154335 214542 0
144321 200058 0
143816 273944 0
147253 199501 0
229094 203947 0
272941 203853 0
144333 208936 0
145332 173882 0
146565 180025 0
146519 150710 0
146565 184224 0
154334 11487 0
146298 184227 0
17355 207701 0
143805 180026 0
143605 177670 0
146293 202194 0
147215 206189 0
143802 185038 0
229096 207704 0
143553 180028 0
17407 184227 0
17407 207701 0
251805 174072 0
272932 185034 0
17365 275825 0
251804 184228 0
146799 245634 0
154331 11484 0
17374 203945 0
143999 185036 0
251782 185035 0
251788 207701 0
247183 175203 0
144349 203850 0
146271 177676 0
272942 184226 0
144332 174069 0
154333 179069 0
145298 184581 0
147243 180023 0
143990 180024 0
141859 245632 0
274273 173882 0
17362 180020 0
143553 174071 0
272942 184225 0
147256 202194 0
17358 11486 0
154334 179069 0
154335 206190 0
247186 245636 0
251786 184580 0
227777 11487 0
272939 181319 0
143363 174066 0
146267 185038 0
143425 184580 0
229096 202195 0
272980 206192 0
143970 181383 0
143808 174064 0
145453 180026 0
17426 214542 0
17428 181380 0
145187 174066 0
5947 185049 0
145180 202193 0
146272 245634 0
143969 180030 0
146269 209899 0
251779 174071 0
272931 184308 0
229095 184528 0
144327 180030 0
143970 184221 0
146520 180026 0
144784 184528 0
272933 181320 0
146298 214592 0
147255 215535 0
143802 180018 0
154341 180027 0
154336 214542 0
272622 181319 0
144002 245636 0
143970 185039 0
145452 180019 0
154344 181383 0
146794 181319 0
143361 208937 0
144326 180018 0
144321 206193 0
251801 180019 0
145452 203849 0
143552 181381 0
274272 203948 0
272929 184225 0
146225 174070 0
