240260 204923 0
231549 174479 0
236355 209746 0
234949 213856 0
151296 183880 0
243992 179801 0
241666 219640 0
242344 218027 0
9859 213197 0
243971 182641 0
234401 215833 0
15094 182663 0
230025 179803 0
230506 152226 0
227816 214511 0
235181 3657 0
235197 180865 0
236297 215953 0
236391 213139 0
240275 175495 0
226877 180835 0
15100 215866 0
241646 204907 0
15093 213152 0
227434 213072 0
235513 182645 0
239974 178859 0
234976 208992 0
241642 204905 0
240439 266685 0
240100 215792 0
9866 185127 0
9861 217122 0
240105 3676 0
234407 217209 0
9855 179795 0
240226 183863 0
240262 215851 0
240251 215841 0
244005 217122 0
238987 217950 0
240236 3666 0
226874 179797 0
9862 211190 0
227434 175470 0
243967 177772 0
15100 217656 0
228641 3691 0
239971 217229 0
239818 204325 0
234411 209827 0
234951 213072 0
243956 215854 0
227444 209847 0
229025 209797 0
240230 213865 0
234978 217946 0
240226 175509 0
240231 180822 0
236300 180320 0
236301 273990 0
230489 177761 0
236370 209849 0
15094 185166 0
236391 217945 0
228673 215830 0
228645 204333 0
230029 213864 0
240102 213135 0
240277 213856 0
230489 175453 0
9855 3683 0
240280 208993 0
234952 183857 0
228672 215886 0
243983 215843 0
243975 183879 0
234412 185485 0
240270 182649 0
226888 215857 0
235188 199773 0
9860 215862 0
240267 213156 0
243786 204329 0
15102 209748 0
236354 215885 0
243981 215866 0
228672 180865 0
236351 209797 0
236386 215859 0
228671 211869 0
247496 211798 0
240273 217214 0
239818 215860 0
9862 217656 0
227433 186357 0
240275 210257 0
228653 180335 0
240103 182646 0
238110 180334 0
240260 204923 0
231549 174479 0
236355 209746 0
234949 213856 0
151296 183880 0
243992 179801 0
241666 219640 0
242344 218027 0
9859 213197 0
243971 182641 0
234401 215833 0
15094 182663 0
230025 179803 0
230506 152226 0
227816 214511 0
235181 3657 0
235197 180865 0
236297 215953 0
236391 213139 0
240275 175495 0
226877 180835 0
15100 215866 0
241646 204907 0
15093 213152 0
227434 213072 0
235513 182645 0
239974 178859 0
234976 208992 0
241642 204905 0
240439 266685 0
240100 215792 0
9866 185127 0
9861 217122 0
240105 3676 0
234407 217209 0
9855 179795 0
240226 183863 0
240262 215851 0
240251 215841 0
244005 217122 0
238987 217950 0
240236 3666 0
226874 179797 0
9862 211190 0
227434 175470 0
243967 177772 0
15100 217656 0
228641 3691 0
239971 217229 0
239818 204325 0
234411 209827 0
234951 213072 0
243956 215854 0
227444 209847 0
229025 209797 0
240230 213865 0
234978 217946 0
240226 175509 0
240231 180822 0
236300 180320 0
236301 273990 0
230489 177761 0
236370 209849 0
15094 185166 0
236391 217945 0
228673 215830 0
228645 204333 0
230029 213864 0
240102 213135 0
240277 213856 0
230489 175453 0
9855 3683 0
240280 208993 0
234952 183857 0
228672 215886 0
243983 215843 0
243975 183879 0
234412 185485 0
240270 182649 0
226888 215857 0
235188 199773 0
9860 215862 0
240267 213156 0
243786 204329 0
15102 209748 0
236354 215885 0
243981 215866 0
228672 180865 0
236351 209797 0
236386 215859 0
228671 211869 0
247496 211798 0
240273 217214 0
239818 215860 0
9862 217656 0
227433 186357 0
240275 210257 0
228653 180335 0
240103 182646 0
238110 180334 0
240260 204923 0
231549 174479 0
236355 209746 0
234949 213856 0
151296 183880 0
243992 179801 0
241666 219640 0
242344 218027 0
9859 213197 0
243971 182641 0
234401 215833 0
15094 182663 0
230025 179803 0
230506 152226 0
227816 214511 0
235181 3657 0
235197 180865 0
236297 215953 0
236391 213139 0
240275 175495 0
226877 180835 0
15100 215866 0
241646 204907 0
15093 213152 0
227434 213072 0
235513 182645 0
239974 178859 0
234976 208992 0
241642 204905 0
240439 266685 0
240100 215792 0
9866 185127 0
9861 217122 0
240105 3676 0
234407 217209 0
9855 179795 0
240226 183863 0
240262 215851 0
240251 215841 0
244005 217122 0
238987 217950 0
240236 3666 0
226874 179797 0
9862 211190 0
227434 175470 0
243967 177772 0
15100 217656 0
228641 3691 0
239971 217229 0
239818 204325 0
234411 209827 0
234951 213072 0
243956 215854 0
227444 209847 0
229025 209797 0
240230 213865 0
234978 217946 0
240226 175509 0
240231 180822 0
236300 180320 0
236301 273990 0
230489 177761 0
236370 209849 0
15094 185166 0
236391 217945 0
228673 215830 0
228645 204333 0
230029 213864 0
240102 213135 0
240277 213856 0
230489 175453 0
9855 3683 0
240280 208993 0
234952 183857 0
228672 215886 0
243983 215843 0
243975 183879 0
234412 185485 0
240270 182649 0
226888 215857 0
235188 199773 0
9860 215862 0
240267 213156 0
243786 204329 0
15102 209748 0
236354 215885 0
243981 215866 0
228672 180865 0
236351 209797 0
236386 215859 0
228671 211869 0
247496 211798 0
240273 217214 0
239818 215860 0
9862 217656 0
227433 186357 0
240275 210257 0
228653 180335 0
240103 182646 0
238110 180334 0
240260 204923 0
231549 174479 0
236355 209746 0
234949 213856 0
151296 183880 0
243992 179801 0
241666 219640 0
242344 218027 0
9859 213197 0
243971 182641 0
234401 215833 0
15094 182663 0
230025 179803 0
230506 152226 0
227816 214511 0
235181 3657 0
235197 180865 0
236297 215953 0
236391 213139 0
240275 175495 0
226877 180835 0
15100 215866 0
241646 204907 0
15093 213152 0
227434 213072 0
235513 182645 0
239974 178859 0
234976 208992 0
241642 204905 0
240439 266685 0
240100 215792 0
9866 185127 0
9861 217122 0
240105 3676 0
234407 217209 0
9855 179795 0
240226 183863 0
240262 215851 0
240251 215841 0
244005 217122 0
238987 217950 0
240236 3666 0
226874 179797 0
9862 211190 0
227434 175470 0
243967 177772 0
15100 217656 0
228641 3691 0
239971 217229 0
239818 204325 0
234411 209827 0
234951 213072 0
243956 215854 0
227444 209847 0
229025 209797 0
240230 213865 0
234978 217946 0
240226 175509 0
240231 180822 0
236300 180320 0
236301 273990 0
230489 177761 0
236370 209849 0
15094 185166 0
236391 217945 0
228673 215830 0
228645 204333 0
230029 213864 0
240102 213135 0
240277 213856 0
230489 175453 0
9855 3683 0
240280 208993 0
234952 183857 0
228672 215886 0
243983 215843 0
243975 183879 0
234412 185485 0
240270 182649 0
226888 215857 0
235188 199773 0
9860 215862 0
240267 213156 0
243786 204329 0
15102 209748 0
236354 215885 0
243981 215866 0
228672 180865 0
236351 209797 0
236386 215859 0
228671 211869 0
247496 211798 0
240273 217214 0
239818 215860 0
9862 217656 0
227433 186357 0
240275 210257 0
228653 180335 0
240103 182646 0
238110 180334 0
