152521 264142 0
121776 83004 0
113826 80898 0
128709 81538 0
123237 264057 0
115331 276051 0
122732 70866 0
122734 75347 0
113833 80918 0
122696 264077 0
152522 252085 0
113238 80215 0
152555 80247 0
113343 264057 0
152380 264047 0
123308 264145 0
121786 79663 0
123392 277358 0
10025 264143 0
121771 81607 0
122715 80188 0
123161 80897 0
122793 77233 0
122356 80208 0
114665 83013 0
121774 82222 0
114748 79663 0
123302 252084 0
123307 264066 0
115320 77233 0
122364 252084 0
115326 80186 0
113275 75348 0
121781 264071 0
122369 76435 0
113285 80248 0
121770 80909 0
152386 264078 0
115303 264055 0
19055 264059 0
122361 70850 0
122730 82997 0
122696 276051 0
121946 82224 0
115326 83014 0
122735 81550 0
19055 82996 0
113280 264079 0
122790 75347 0
121769 80245 0
115313 80183 0
126866 83003 0
113238 80185 0
122358 82217 0
115326 70853 0
123302 74877 0
128709 264064 0
122792 82219 0
121771 82213 0
113286 83002 0
121740 70861 0
123305 83807 0
115322 76436 0
113286 80266 0
123231 264051 0
123231 79663 0
122357 80186 0
114661 81550 0
123303 83012 0
122362 80909 0
121744 264076 0
114665 76429 0
122783 264147 0
152382 264065 0
19055 74877 0
114662 264063 0
121773 264144 0
113288 83807 0
271140 76435 0
123305 276051 0
113832 264047 0
121942 264067 0
152530 264076 0
152523 264141 0
121773 83004 0
122357 83806 0
122720 264073 0
114660 80897 0
114251 264142 0
122721 70861 0
113280 80917 0
121777 70852 0
114549 264055 0
114660 80898 0
122736 83806 0
115343 75352 0
113834 80266 0
115307 80909 0
115343 79663 0
121772 76435 0
