240561 183177 0
240610 186558 0
296140 185278 0
240617 205657 0
293635 185692 0
4764 181145 0
235652 179726 0
226595 177443 0
240614 208482 0
240592 179074 0
238402 214236 0
239246 208492 0
239236 208482 0
293684 205287 0
245892 183323 0
293683 207237 0
293638 199659 0
293688 175223 0
240613 214305 0
240575 205293 0
242932 185862 0
235654 208489 0
241837 178530 0
240583 175839 0
240562 179122 0
240612 181630 0
235653 177444 0
240863 215330 0
293673 179091 0
293637 185693 0
226579 185183 0
293646 210438 0
235061 181623 0
293643 182108 0
239255 184885 0
226951 184523 0
241849 180264 0
226742 214313 0
240565 185183 0
226589 214291 0
293641 179099 0
241852 183182 0
227675 185628 0
242932 213989 0
240593 181796 0
230910 185278 0
241837 180136 0
239246 219508 0
293645 173400 0
4769 175793 0
240861 186556 0
240602 181556 0
296135 178167 0
241841 178527 0
240605 15609 0
240853 184885 0
240858 186330 0
240600 181695 0
296134 181126 0
241866 214634 0
238521 181160 0
239243 214295 0
296133 182180 0
4768 179087 0
296135 181159 0
239252 185630 0
238425 185525 0
240590 181628 0
235667 185598 0
239243 214294 0
240607 15608 0
239256 214272 0
236835 186330 0
289319 178170 0
235666 179730 0
241841 181160 0
240618 214296 0
240599 185860 0
242932 186330 0
238417 266680 0
293644 175650 0
296135 214303 0
235683 214311 0
235654 181767 0
240572 181162 0
238518 208486 0
236835 185523 0
240565 153244 0
240862 210423 0
240623 185865 0
241859 177449 0
4762 181795 0
240609 214281 0
235673 182108 0
240567 214312 0
239238 179720 0
239246 181555 0
289005 210428 0
245894 210422 0
240854 181821 0
240561 183177 0
240610 186558 0
296140 185278 0
240617 205657 0
293635 185692 0
4764 181145 0
235652 179726 0
226595 177443 0
240614 208482 0
240592 179074 0
238402 214236 0
239246 208492 0
239236 208482 0
293684 205287 0
245892 183323 0
293683 207237 0
293638 199659 0
293688 175223 0
240613 214305 0
240575 205293 0
242932 185862 0
235654 208489 0
241837 178530 0
240583 175839 0
240562 179122 0
240612 181630 0
235653 177444 0
240863 215330 0
293673 179091 0
293637 185693 0
226579 185183 0
293646 210438 0
235061 181623 0
293643 182108 0
239255 184885 0
226951 184523 0
241849 180264 0
226742 214313 0
240565 185183 0
226589 214291 0
293641 179099 0
241852 183182 0
227675 185628 0
242932 213989 0
240593 181796 0
230910 185278 0
241837 180136 0
239246 219508 0
293645 173400 0
4769 175793 0
240861 186556 0
240602 181556 0
296135 178167 0
241841 178527 0
240605 15609 0
240853 184885 0
240858 186330 0
240600 181695 0
296134 181126 0
241866 214634 0
238521 181160 0
239243 214295 0
296133 182180 0
4768 179087 0
296135 181159 0
239252 185630 0
238425 185525 0
240590 181628 0
235667 185598 0
239243 214294 0
240607 15608 0
239256 214272 0
236835 186330 0
289319 178170 0
235666 179730 0
241841 181160 0
240618 214296 0
240599 185860 0
242932 186330 0
238417 266680 0
293644 175650 0
296135 214303 0
235683 214311 0
235654 181767 0
240572 181162 0
238518 208486 0
236835 185523 0
240565 153244 0
240862 210423 0
240623 185865 0
241859 177449 0
4762 181795 0
240609 214281 0
235673 182108 0
240567 214312 0
239238 179720 0
239246 181555 0
289005 210428 0
245894 210422 0
240854 181821 0
