226633 274174 0
233136 203478 0
233114 202467 0
240027 216910 0
241519 16646 0
237251 157015 0
238766 216988 0
237252 216236 0
228267 18420 0
240019 15450 0
231384 216230 0
233283 216991 0
229945 216990 0
240027 15455 0
237670 202475 0
232182 161791 0
229644 216230 0
226165 216598 0
267981 15456 0
241756 209702 0
226159 216482 0
229948 212582 0
237251 216995 0
231576 216993 0
229933 214672 0
267980 203464 0
241777 15453 0
232155 216463 0
241831 216594 0
231681 210710 0
241525 216995 0
241789 216466 0
226166 203478 0
229562 216600 0
230219 216993 0
151534 216149 0
229649 202475 0
231576 216988 0
232160 16646 0
232184 202493 0
15073 202495 0
231939 216285 0
241824 216910 0
233135 216597 0
241509 216597 0
229950 211142 0
229565 202522 0
241525 198425 0
9785 205932 0
232822 216989 0
243832 15455 0
229652 216235 0
233283 216910 0
241753 216603 0
241795 211466 0
241522 15455 0
241750 202481 0
233295 216296 0
231573 270864 0
233284 216590 0
235379 216235 0
241757 216589 0
231385 216301 0
237695 15447 0
231683 205921 0
15087 15451 0
8993 15448 0
151535 209715 0
232184 152215 0
151531 161790 0
241791 200779 0
240530 210716 0
238764 216913 0
241822 216280 0
229562 216990 0
241798 216301 0
241782 15453 0
235448 15448 0
232185 205944 0
151532 216588 0
231576 216280 0
229646 214672 0
267977 201673 0
15083 216588 0
237249 15447 0
229949 216912 0
226157 216285 0
241809 216467 0
241761 205932 0
232297 216914 0
226634 15448 0
241768 209715 0
228265 216587 0
233310 216231 0
229947 15453 0
233308 15452 0
233138 216462 0
233558 216914 0
234324 270888 0
229652 204160 0
