148595 200974 0
149446 191777 0
165902 195887 0
149443 196554 0
165988 189615 0
167902 177028 0
155121 177044 0
166248 199155 0
252961 189584 0
149443 189583 0
16745 189587 0
167448 193473 0
148904 10652 0
165900 196585 0
166476 177037 0
149444 189513 0
149174 188309 0
167449 196591 0
166242 207984 0
149746 196566 0
153118 189566 0
153122 195882 0
167488 248490 0
11176 205841 0
156292 191779 0
167564 203084 0
153132 177274 0
148679 195880 0
155163 206024 0
167441 126546 0
165219 189581 0
148420 196561 0
166418 203102 0
162400 187860 0
167563 200977 0
148421 173612 0
155758 176860 0
166248 195882 0
149446 202325 0
148523 189569 0
148669 195872 0
149423 189582 0
149873 14902 0
155761 198057 0
148592 196575 0
167429 197669 0
149418 10653 0
152701 196594 0
149748 187869 0
252962 193072 0
166476 187882 0
156295 189511 0
167894 177044 0
149909 188947 0
165901 196550 0
166240 188399 0
149836 205842 0
149417 192377 0
11174 202319 0
165895 191778 0
165212 177043 0
166416 196590 0
165909 187858 0
149176 196571 0
167575 189578 0
149446 177053 0
165250 10694 0
252959 189304 0
167427 187836 0
268030 189595 0
268025 194453 0
153144 177053 0
148646 187844 0
167432 208012 0
165910 202322 0
156286 196550 0
149747 14904 0
167564 196622 0
167446 201921 0
148669 196635 0
11175 196890 0
167444 188946 0
165989 196568 0
165901 196623 0
167450 275620 0
165248 196043 0
167572 187885 0
153141 176852 0
148889 160417 0
16730 187860 0
149446 204553 0
149522 10652 0
167894 267160 0
251480 177016 0
167441 192725 0
167577 196434 0
167576 177032 0
149163 195876 0
149171 196563 0
167461 126542 0
148595 200974 0
149446 191777 0
165902 195887 0
149443 196554 0
165988 189615 0
167902 177028 0
155121 177044 0
166248 199155 0
252961 189584 0
149443 189583 0
16745 189587 0
167448 193473 0
148904 10652 0
165900 196585 0
166476 177037 0
149444 189513 0
149174 188309 0
167449 196591 0
166242 207984 0
149746 196566 0
153118 189566 0
153122 195882 0
167488 248490 0
11176 205841 0
156292 191779 0
167564 203084 0
153132 177274 0
148679 195880 0
155163 206024 0
167441 126546 0
165219 189581 0
148420 196561 0
166418 203102 0
162400 187860 0
167563 200977 0
148421 173612 0
155758 176860 0
166248 195882 0
149446 202325 0
148523 189569 0
148669 195872 0
149423 189582 0
149873 14902 0
155761 198057 0
148592 196575 0
167429 197669 0
149418 10653 0
152701 196594 0
149748 187869 0
252962 193072 0
166476 187882 0
156295 189511 0
167894 177044 0
149909 188947 0
165901 196550 0
166240 188399 0
149836 205842 0
149417 192377 0
11174 202319 0
165895 191778 0
165212 177043 0
166416 196590 0
165909 187858 0
149176 196571 0
167575 189578 0
149446 177053 0
165250 10694 0
252959 189304 0
167427 187836 0
268030 189595 0
268025 194453 0
153144 177053 0
148646 187844 0
167432 208012 0
165910 202322 0
156286 196550 0
149747 14904 0
167564 196622 0
167446 201921 0
148669 196635 0
11175 196890 0
167444 188946 0
165989 196568 0
165901 196623 0
167450 275620 0
165248 196043 0
167572 187885 0
153141 176852 0
148889 160417 0
16730 187860 0
149446 204553 0
149522 10652 0
167894 267160 0
251480 177016 0
167441 192725 0
167577 196434 0
167576 177032 0
149163 195876 0
149171 196563 0
167461 126542 0
