274489 218223 0
290639 16697 0
289590 218230 0
293049 245256 0
265945 218219 0
281427 218223 0
265947 217932 0
11783 218222 0
289167 217928 0
293341 216146 0
150292 216497 0
296538 218218 0
282501 216146 0
260453 217269 0
281428 245263 0
265293 199303 0
292055 201113 0
294276 217197 0
252951 16666 0
289177 245271 0
281428 16657 0
285296 211857 0
272831 16686 0
11119 218240 0
268587 16704 0
150515 218224 0
293694 217269 0
260490 215931 0
250697 16659 0
150307 199303 0
281390 16677 0
268302 218241 0
246815 217197 0
293344 16664 0
14669 218260 0
285300 218218 0
292058 210005 0
290646 199791 0
11789 245256 0
272850 216170 0
268587 245262 0
252951 16671 0
11792 16684 0
265637 218226 0
284634 16673 0
289356 218258 0
290640 217195 0
289173 207558 0
284246 16661 0
290815 217197 0
265934 218314 0
285369 218233 0
268585 16704 0
268586 201113 0
296530 16706 0
268937 199002 0
282561 16709 0
150306 245258 0
283035 218255 0
296610 16704 0
11776 218218 0
293139 16658 0
262448 16709 0
282562 218215 0
293733 217565 0
286980 201113 0
11785 16672 0
293192 16707 0
294619 218219 0
11787 218242 0
282563 211776 0
282556 218226 0
288673 218216 0
292034 218238 0
285257 199300 0
272543 216820 0
289168 16654 0
11776 245267 0
282563 16708 0
294620 16695 0
252679 16662 0
290118 16672 0
290407 212307 0
272850 16698 0
283033 16707 0
282557 218018 0
290557 16678 0
293371 16660 0
262511 245258 0
295213 218240 0
268579 16693 0
285119 16671 0
281430 245264 0
282563 217192 0
11119 217269 0
285291 16703 0
281430 201157 0
265934 217192 0
264239 245260 0
294620 217192 0
274489 218223 0
290639 16697 0
289590 218230 0
293049 245256 0
265945 218219 0
281427 218223 0
265947 217932 0
11783 218222 0
289167 217928 0
293341 216146 0
150292 216497 0
296538 218218 0
282501 216146 0
260453 217269 0
281428 245263 0
265293 199303 0
292055 201113 0
294276 217197 0
252951 16666 0
289177 245271 0
281428 16657 0
285296 211857 0
272831 16686 0
11119 218240 0
268587 16704 0
150515 218224 0
293694 217269 0
260490 215931 0
250697 16659 0
150307 199303 0
281390 16677 0
268302 218241 0
246815 217197 0
293344 16664 0
14669 218260 0
285300 218218 0
292058 210005 0
290646 199791 0
11789 245256 0
272850 216170 0
268587 245262 0
252951 16671 0
11792 16684 0
265637 218226 0
284634 16673 0
289356 218258 0
290640 217195 0
289173 207558 0
284246 16661 0
290815 217197 0
265934 218314 0
285369 218233 0
268585 16704 0
268586 201113 0
296530 16706 0
268937 199002 0
282561 16709 0
150306 245258 0
283035 218255 0
296610 16704 0
11776 218218 0
293139 16658 0
262448 16709 0
282562 218215 0
293733 217565 0
286980 201113 0
11785 16672 0
293192 16707 0
294619 218219 0
11787 218242 0
282563 211776 0
282556 218226 0
288673 218216 0
292034 218238 0
285257 199300 0
272543 216820 0
289168 16654 0
11776 245267 0
282563 16708 0
294620 16695 0
252679 16662 0
290118 16672 0
290407 212307 0
272850 16698 0
283033 16707 0
282557 218018 0
290557 16678 0
293371 16660 0
262511 245258 0
295213 218240 0
268579 16693 0
285119 16671 0
281430 245264 0
282563 217192 0
11119 217269 0
285291 16703 0
281430 201157 0
265934 217192 0
264239 245260 0
294620 217192 0
