166568 234724 0
16727 228544 0
4442 9641 0
148890 233917 0
149051 232573 0
251492 228598 0
153119 235223 0
4451 267955 0
149420 267904 0
153130 235782 0
149747 236257 0
166238 151753 0
165484 238961 0
149720 267937 0
153122 232573 0
153656 233196 0
149746 231705 0
149386 228592 0
152707 236706 0
155756 153478 0
167443 225858 0
249387 234761 0
167456 151856 0
164954 234762 0
167901 151493 0
149152 236217 0
268025 239891 0
153122 235779 0
155126 243862 0
268025 228802 0
167453 231272 0
148549 153485 0
155760 151826 0
166248 234093 0
148420 236680 0
155704 236261 0
268026 237019 0
291931 242316 0
148556 228762 0
167570 239711 0
149009 228591 0
148679 267949 0
251480 151749 0
155131 228763 0
149007 235202 0
165215 225682 0
148565 235363 0
167490 236662 0
167571 151728 0
148645 235226 0
158861 237020 0
153122 241870 0
165247 153470 0
149422 239880 0
293996 151836 0
149447 237022 0
149741 228589 0
149449 238267 0
293998 236249 0
167563 239081 0
164968 237652 0
287065 234716 0
148644 240772 0
167573 240775 0
166248 238273 0
166236 236224 0
166249 240748 0
270484 267932 0
9582 151735 0
166443 232570 0
16733 234717 0
165218 231271 0
268029 235237 0
167457 151727 0
166246 240496 0
148593 234307 0
284949 225682 0
166243 240741 0
165203 231274 0
149745 239710 0
164968 240750 0
149447 235231 0
165206 235200 0
148522 241043 0
293998 239880 0
148595 242926 0
153118 235779 0
149050 240749 0
148551 236195 0
166243 236227 0
148845 151835 0
149158 234094 0
273497 241044 0
268234 153469 0
4419 240089 0
164832 231272 0
165204 267907 0
149740 239073 0
148647 238272 0
165218 241041 0
