228168 194627 0
151484 202949 0
14841 189779 0
226001 196060 0
239836 197049 0
238697 201895 0
234228 103135 0
151481 193252 0
235626 171674 0
267925 190220 0
227829 193017 0
227066 197052 0
240495 190120 0
234238 98687 0
151129 188565 0
235792 194627 0
236975 126345 0
230147 193259 0
231896 209244 0
10218 249753 0
242124 190018 0
238212 190112 0
231936 9285 0
227827 105949 0
230124 19224 0
233556 197068 0
232985 96039 0
267925 162883 0
227075 197082 0
228137 190135 0
151138 196058 0
242624 197050 0
236055 190115 0
230136 187490 0
234230 275773 0
231928 190121 0
14841 163027 0
225740 198231 0
240057 176601 0
151487 170611 0
242602 197126 0
151134 126343 0
240053 98605 0
227060 107593 0
233506 207930 0
239715 97906 0
228130 197086 0
151472 105603 0
267926 108314 0
233658 193244 0
238211 187501 0
252030 103168 0
226518 205053 0
228178 9288 0
239719 249750 0
230141 171244 0
225680 190142 0
226001 163028 0
234710 9290 0
234301 96042 0
235859 203016 0
232885 196048 0
225831 205022 0
238206 190120 0
230135 126347 0
239684 196056 0
236685 97900 0
235862 197084 0
151485 196539 0
238960 190049 0
14842 106764 0
236031 126346 0
151485 193308 0
252012 190021 0
228168 187494 0
242972 198229 0
233904 193043 0
151133 196045 0
242968 187493 0
228172 193259 0
228171 188617 0
228179 97146 0
236922 103135 0
239835 126349 0
233527 126342 0
242600 188563 0
225794 171244 0
151459 187512 0
239259 103176 0
226388 10768 0
226531 105604 0
267922 105946 0
236683 197042 0
228575 193302 0
238255 106764 0
234649 190127 0
238212 190110 0
243474 189769 0
151471 103135 0
235637 106818 0
228168 194627 0
151484 202949 0
14841 189779 0
226001 196060 0
239836 197049 0
238697 201895 0
234228 103135 0
151481 193252 0
235626 171674 0
267925 190220 0
227829 193017 0
227066 197052 0
240495 190120 0
234238 98687 0
151129 188565 0
235792 194627 0
236975 126345 0
230147 193259 0
231896 209244 0
10218 249753 0
242124 190018 0
238212 190112 0
231936 9285 0
227827 105949 0
230124 19224 0
233556 197068 0
232985 96039 0
267925 162883 0
227075 197082 0
228137 190135 0
151138 196058 0
242624 197050 0
236055 190115 0
230136 187490 0
234230 275773 0
231928 190121 0
14841 163027 0
225740 198231 0
240057 176601 0
151487 170611 0
242602 197126 0
151134 126343 0
240053 98605 0
227060 107593 0
233506 207930 0
239715 97906 0
228130 197086 0
151472 105603 0
267926 108314 0
233658 193244 0
238211 187501 0
252030 103168 0
226518 205053 0
228178 9288 0
239719 249750 0
230141 171244 0
225680 190142 0
226001 163028 0
234710 9290 0
234301 96042 0
235859 203016 0
232885 196048 0
225831 205022 0
238206 190120 0
230135 126347 0
239684 196056 0
236685 97900 0
235862 197084 0
151485 196539 0
238960 190049 0
14842 106764 0
236031 126346 0
151485 193308 0
252012 190021 0
228168 187494 0
242972 198229 0
233904 193043 0
151133 196045 0
242968 187493 0
228172 193259 0
228171 188617 0
228179 97146 0
236922 103135 0
239835 126349 0
233527 126342 0
242600 188563 0
225794 171244 0
151459 187512 0
239259 103176 0
226388 10768 0
226531 105604 0
267922 105946 0
236683 197042 0
228575 193302 0
238255 106764 0
234649 190127 0
238212 190110 0
243474 189769 0
151471 103135 0
235637 106818 0
