264818 215351 0
268779 207632 0
288365 178985 0
288046 179014 0
265732 204879 0
292927 173699 0
292932 11287 0
262245 179003 0
288041 209727 0
295831 181467 0
292930 204304 0
294778 178000 0
265732 178986 0
264842 215735 0
292925 186518 0
259974 177706 0
292914 182588 0
288055 174013 0
272757 181501 0
163385 215407 0
264869 214778 0
278294 178039 0
278958 210841 0
291341 215372 0
283872 174003 0
288054 186154 0
285700 179010 0
293234 9414 0
283871 215893 0
292921 215351 0
292914 175432 0
262597 179494 0
279109 215735 0
249379 204317 0
291127 174003 0
258718 177699 0
293233 180328 0
17524 204009 0
278249 215393 0
288814 210841 0
288349 186153 0
295816 175444 0
272741 173746 0
262560 177687 0
288051 181485 0
288800 186518 0
292917 214547 0
163393 207630 0
296356 215350 0
268836 209574 0
283870 181590 0
288349 215144 0
258719 17454 0
295828 204864 0
265726 204862 0
279109 215416 0
270053 186513 0
262332 181500 0
264825 207615 0
288771 186129 0
259975 204871 0
278972 175432 0
263728 179034 0
278980 204872 0
283872 173774 0
295818 180960 0
283853 150794 0
278968 202053 0
259973 207631 0
278294 207611 0
150155 210856 0
291127 175406 0
278985 174047 0
163398 173771 0
285695 173744 0
278966 215413 0
288056 185368 0
288772 214776 0
11864 182085 0
264858 178693 0
296349 175494 0
296344 210853 0
296361 177709 0
288793 174040 0
288064 177687 0
262355 215474 0
288791 215393 0
264857 178040 0
285691 215141 0
287688 210819 0
268781 174032 0
287686 178683 0
264818 204009 0
259973 182554 0
264840 200574 0
252470 179037 0
283859 210838 0
252469 173749 0
292929 173766 0
281231 177995 0
264818 215351 0
268779 207632 0
288365 178985 0
288046 179014 0
265732 204879 0
292927 173699 0
292932 11287 0
262245 179003 0
288041 209727 0
295831 181467 0
292930 204304 0
294778 178000 0
265732 178986 0
264842 215735 0
292925 186518 0
259974 177706 0
292914 182588 0
288055 174013 0
272757 181501 0
163385 215407 0
264869 214778 0
278294 178039 0
278958 210841 0
291341 215372 0
283872 174003 0
288054 186154 0
285700 179010 0
293234 9414 0
283871 215893 0
292921 215351 0
292914 175432 0
262597 179494 0
279109 215735 0
249379 204317 0
291127 174003 0
258718 177699 0
293233 180328 0
17524 204009 0
278249 215393 0
288814 210841 0
288349 186153 0
295816 175444 0
272741 173746 0
262560 177687 0
288051 181485 0
288800 186518 0
292917 214547 0
163393 207630 0
296356 215350 0
268836 209574 0
283870 181590 0
288349 215144 0
258719 17454 0
295828 204864 0
265726 204862 0
279109 215416 0
270053 186513 0
262332 181500 0
264825 207615 0
288771 186129 0
259975 204871 0
278972 175432 0
263728 179034 0
278980 204872 0
283872 173774 0
295818 180960 0
283853 150794 0
278968 202053 0
259973 207631 0
278294 207611 0
150155 210856 0
291127 175406 0
278985 174047 0
163398 173771 0
285695 173744 0
278966 215413 0
288056 185368 0
288772 214776 0
11864 182085 0
264858 178693 0
296349 175494 0
296344 210853 0
296361 177709 0
288793 174040 0
288064 177687 0
262355 215474 0
288791 215393 0
264857 178040 0
285691 215141 0
287688 210819 0
268781 174032 0
287686 178683 0
264818 204009 0
259973 182554 0
264840 200574 0
252470 179037 0
283859 210838 0
252469 173749 0
292929 173766 0
281231 177995 0
