240103 284326 0
244018 292447 0
240253 235750 0
243971 238506 0
236315 232806 0
230999 239861 0
239814 233941 0
243968 233193 0
151297 284011 0
244016 246893 0
234412 292435 0
230049 151793 0
243971 289121 0
240111 151670 0
94809 4707 0
243979 283058 0
4288 235026 0
87673 151807 0
240106 231708 0
238106 287030 0
240280 150237 0
272650 150336 0
230039 234777 0
9908 237154 0
236305 284030 0
239820 288139 0
96772 292508 0
94080 14945 0
240236 287018 0
241636 10265 0
236289 240092 0
229013 234103 0
275167 239871 0
238101 288140 0
238104 151673 0
236343 235760 0
234957 239894 0
87706 237153 0
238987 239874 0
151299 4697 0
239817 238866 0
94807 241099 0
241635 289116 0
240234 241103 0
234412 235751 0
234411 236813 0
243959 241102 0
230499 284016 0
237247 151639 0
238105 237166 0
4296 237160 0
15097 228813 0
236297 241091 0
239818 237035 0
230022 14945 0
102062 228813 0
230042 290220 0
240280 238298 0
247494 237007 0
236306 235758 0
230026 266801 0
242577 287301 0
229015 290506 0
235513 237149 0
238100 242206 0
9909 282457 0
4296 286540 0
238701 236229 0
234966 284315 0
227602 151669 0
9910 287016 0
242570 262079 0
87705 284018 0
230035 288139 0
87671 235768 0
9906 236815 0
236315 236810 0
239812 292479 0
15097 284026 0
244004 241086 0
238102 246140 0
234953 4714 0
99004 284027 0
243970 241072 0
239816 236826 0
94825 284160 0
230026 4705 0
4204 235249 0
227602 234061 0
243960 151664 0
241657 287011 0
151271 284008 0
231525 232808 0
228643 237008 0
96773 284102 0
241626 241079 0
272582 151674 0
241632 246893 0
230501 233945 0
240105 234104 0
