237710 196934 0
227237 209205 0
236021 188126 0
230691 207029 0
236018 196795 0
235968 188143 0
240690 193399 0
230682 10316 0
267896 191774 0
227532 207834 0
238219 187527 0
225935 188044 0
229865 195286 0
243458 187333 0
234287 187088 0
238710 188067 0
235997 188106 0
238710 187817 0
233986 160329 0
227099 196927 0
243413 9360 0
267810 187359 0
242117 207101 0
226389 197627 0
14907 176760 0
235788 209205 0
236522 126446 0
236049 126398 0
151176 205569 0
151148 196928 0
9220 191774 0
228038 196917 0
9218 189307 0
240839 188122 0
235087 188067 0
242098 11030 0
267806 196491 0
227688 193119 0
228201 187090 0
240961 194659 0
230931 187101 0
230957 189308 0
236524 188046 0
236016 14501 0
9216 188051 0
243453 187473 0
230261 191761 0
231017 11026 0
228411 198061 0
240459 196390 0
230106 205572 0
227687 191769 0
242095 196115 0
252023 207059 0
240644 188148 0
230383 191720 0
242099 173580 0
252019 196116 0
227221 196918 0
230173 10319 0
232683 187155 0
238717 207027 0
232694 10314 0
236904 207043 0
238710 188060 0
236003 160330 0
235087 207836 0
236009 194666 0
235986 188129 0
240692 207083 0
238755 196402 0
9253 203123 0
230107 194659 0
232694 9173 0
227098 203007 0
236522 187153 0
252018 188081 0
235991 207830 0
232061 188719 0
242937 173580 0
230382 195286 0
232691 209205 0
228112 275579 0
238753 176300 0
267896 188119 0
231371 196917 0
243464 196917 0
227532 196391 0
243448 207024 0
238214 203818 0
243398 196395 0
236904 188053 0
243450 9360 0
228407 126447 0
238717 176336 0
236966 187374 0
231521 187804 0
252021 275581 0
236138 196100 0
242221 160331 0
237710 196934 0
227237 209205 0
236021 188126 0
230691 207029 0
236018 196795 0
235968 188143 0
240690 193399 0
230682 10316 0
267896 191774 0
227532 207834 0
238219 187527 0
225935 188044 0
229865 195286 0
243458 187333 0
234287 187088 0
238710 188067 0
235997 188106 0
238710 187817 0
233986 160329 0
227099 196927 0
243413 9360 0
267810 187359 0
242117 207101 0
226389 197627 0
14907 176760 0
235788 209205 0
236522 126446 0
236049 126398 0
151176 205569 0
151148 196928 0
9220 191774 0
228038 196917 0
9218 189307 0
240839 188122 0
235087 188067 0
242098 11030 0
267806 196491 0
227688 193119 0
228201 187090 0
240961 194659 0
230931 187101 0
230957 189308 0
236524 188046 0
236016 14501 0
9216 188051 0
243453 187473 0
230261 191761 0
231017 11026 0
228411 198061 0
240459 196390 0
230106 205572 0
227687 191769 0
242095 196115 0
252023 207059 0
240644 188148 0
230383 191720 0
242099 173580 0
252019 196116 0
227221 196918 0
230173 10319 0
232683 187155 0
238717 207027 0
232694 10314 0
236904 207043 0
238710 188060 0
236003 160330 0
235087 207836 0
236009 194666 0
235986 188129 0
240692 207083 0
238755 196402 0
9253 203123 0
230107 194659 0
232694 9173 0
227098 203007 0
236522 187153 0
252018 188081 0
235991 207830 0
232061 188719 0
242937 173580 0
230382 195286 0
232691 209205 0
228112 275579 0
238753 176300 0
267896 188119 0
231371 196917 0
243464 196917 0
227532 196391 0
243448 207024 0
238214 203818 0
243398 196395 0
236904 188053 0
243450 9360 0
228407 126447 0
238717 176336 0
236966 187374 0
231521 187804 0
252021 275581 0
236138 196100 0
242221 160331 0
