235748 94563 0
227721 96023 0
231915 107925 0
232414 108429 0
226551 107976 0
233197 95480 0
237097 249769 0
234134 93866 0
229456 249777 0
229110 98648 0
243922 96114 0
232824 103735 0
239343 93839 0
229144 106758 0
231742 93894 0
232425 93954 0
230831 107557 0
234805 96023 0
226007 104395 0
234683 95487 0
232737 107275 0
231772 107556 0
229114 93984 0
237099 103668 0
232733 108357 0
241268 99183 0
9763 107980 0
232742 96142 0
124725 106833 0
229148 95991 0
267855 95983 0
232734 95497 0
226239 103747 0
241274 99478 0
229128 95507 0
241229 94029 0
237128 107985 0
238320 93970 0
237142 104396 0
232522 96133 0
242718 106731 0
226023 99476 0
232231 106733 0
234134 107992 0
239344 95502 0
237099 107278 0
232828 106835 0
237129 93919 0
231773 108434 0
229127 107278 0
226618 95962 0
231730 103726 0
226619 94039 0
241273 107924 0
226626 107565 0
239299 96139 0
239921 103758 0
229124 107996 0
235743 107563 0
241258 107275 0
238320 107984 0
226619 95939 0
232420 107560 0
9715 109515 0
124727 94041 0
230333 107966 0
225676 93875 0
232539 107570 0
225783 95979 0
242259 104399 0
239311 103749 0
234805 107992 0
151550 93924 0
241267 99479 0
229118 107973 0
242712 107287 0
226630 106724 0
231734 107976 0
239925 93894 0
226954 249777 0
233205 19222 0
232221 95497 0
240518 103751 0
239302 249777 0
229135 93970 0
229126 99478 0
233216 108062 0
229111 99183 0
237136 103690 0
237142 107984 0
229154 107972 0
239341 94549 0
229137 108424 0
232760 103762 0
239298 99219 0
226240 108351 0
231735 99209 0
239920 94561 0
229136 249773 0
229134 108429 0
