283579 283073 0
290790 287509 0
295729 287511 0
265698 267994 0
281020 151616 0
295813 234675 0
290782 295300 0
291194 242191 0
290749 287048 0
281092 242192 0
290764 227796 0
16586 295301 0
295622 286560 0
286521 229723 0
295727 234107 0
290722 238307 0
246915 150322 0
290785 233773 0
284106 4682 0
294097 242699 0
291198 235777 0
281131 286621 0
290760 232815 0
290729 246166 0
293800 242195 0
290744 242185 0
290786 4741 0
291175 233237 0
246921 243483 0
281136 237080 0
295708 233149 0
274459 241153 0
290722 227802 0
295721 150323 0
295737 233145 0
246920 151598 0
290700 150324 0
265665 4732 0
293797 234142 0
295767 232672 0
289721 229099 0
290788 229049 0
287893 287354 0
286890 230855 0
283564 234673 0
293801 239117 0
281133 151600 0
124480 229098 0
290760 234107 0
290708 286560 0
290711 239138 0
291172 230859 0
290730 232607 0
290775 272810 0
294091 243504 0
281048 292522 0
263657 242199 0
295739 295297 0
281019 287046 0
247055 232660 0
295750 11958 0
286889 230860 0
281004 233144 0
295745 282487 0
281131 295310 0
247054 246842 0
246919 230859 0
295593 242185 0
281042 295297 0
284292 287353 0
295728 282861 0
295592 237079 0
286883 292544 0
265814 229051 0
291176 4718 0
281073 237082 0
295605 21399 0
290703 265705 0
281007 265516 0
295586 295303 0
283579 262053 0
291174 232660 0
281092 289140 0
295745 232665 0
290764 4716 0
289692 295300 0
293799 243495 0
286882 282869 0
290731 239137 0
294096 151602 0
294099 230860 0
281169 242196 0
281048 295312 0
124475 293071 0
290785 11950 0
295714 272808 0
281090 295300 0
290764 232660 0
290701 233142 0
289719 232666 0
283579 283073 0
290790 287509 0
295729 287511 0
265698 267994 0
281020 151616 0
295813 234675 0
290782 295300 0
291194 242191 0
290749 287048 0
281092 242192 0
290764 227796 0
16586 295301 0
295622 286560 0
286521 229723 0
295727 234107 0
290722 238307 0
246915 150322 0
290785 233773 0
284106 4682 0
294097 242699 0
291198 235777 0
281131 286621 0
290760 232815 0
290729 246166 0
293800 242195 0
290744 242185 0
290786 4741 0
291175 233237 0
246921 243483 0
281136 237080 0
295708 233149 0
274459 241153 0
290722 227802 0
295721 150323 0
295737 233145 0
246920 151598 0
290700 150324 0
265665 4732 0
293797 234142 0
295767 232672 0
289721 229099 0
290788 229049 0
287893 287354 0
286890 230855 0
283564 234673 0
293801 239117 0
281133 151600 0
124480 229098 0
290760 234107 0
290708 286560 0
290711 239138 0
291172 230859 0
290730 232607 0
290775 272810 0
294091 243504 0
281048 292522 0
263657 242199 0
295739 295297 0
281019 287046 0
247055 232660 0
295750 11958 0
286889 230860 0
281004 233144 0
295745 282487 0
281131 295310 0
247054 246842 0
246919 230859 0
295593 242185 0
281042 295297 0
284292 287353 0
295728 282861 0
295592 237079 0
286883 292544 0
265814 229051 0
291176 4718 0
281073 237082 0
295605 21399 0
290703 265705 0
281007 265516 0
295586 295303 0
283579 262053 0
291174 232660 0
281092 289140 0
295745 232665 0
290764 4716 0
289692 295300 0
293799 243495 0
286882 282869 0
290731 239137 0
294096 151602 0
294099 230860 0
281169 242196 0
281048 295312 0
124475 293071 0
290785 11950 0
295714 272808 0
281090 295300 0
290764 232660 0
290701 233142 0
289719 232666 0
283579 283073 0
290790 287509 0
295729 287511 0
265698 267994 0
281020 151616 0
295813 234675 0
290782 295300 0
291194 242191 0
290749 287048 0
281092 242192 0
290764 227796 0
16586 295301 0
295622 286560 0
286521 229723 0
295727 234107 0
290722 238307 0
246915 150322 0
290785 233773 0
284106 4682 0
294097 242699 0
291198 235777 0
281131 286621 0
290760 232815 0
290729 246166 0
293800 242195 0
290744 242185 0
290786 4741 0
291175 233237 0
246921 243483 0
281136 237080 0
295708 233149 0
274459 241153 0
290722 227802 0
295721 150323 0
295737 233145 0
246920 151598 0
290700 150324 0
265665 4732 0
293797 234142 0
295767 232672 0
289721 229099 0
290788 229049 0
287893 287354 0
286890 230855 0
283564 234673 0
293801 239117 0
281133 151600 0
124480 229098 0
290760 234107 0
290708 286560 0
290711 239138 0
291172 230859 0
290730 232607 0
290775 272810 0
294091 243504 0
281048 292522 0
263657 242199 0
295739 295297 0
281019 287046 0
247055 232660 0
295750 11958 0
286889 230860 0
281004 233144 0
295745 282487 0
281131 295310 0
247054 246842 0
246919 230859 0
295593 242185 0
281042 295297 0
284292 287353 0
295728 282861 0
295592 237079 0
286883 292544 0
265814 229051 0
291176 4718 0
281073 237082 0
295605 21399 0
290703 265705 0
281007 265516 0
295586 295303 0
283579 262053 0
291174 232660 0
281092 289140 0
295745 232665 0
290764 4716 0
289692 295300 0
293799 243495 0
286882 282869 0
290731 239137 0
294096 151602 0
294099 230860 0
281169 242196 0
281048 295312 0
124475 293071 0
290785 11950 0
295714 272808 0
281090 295300 0
290764 232660 0
290701 233142 0
289719 232666 0
283579 283073 0
290790 287509 0
295729 287511 0
265698 267994 0
281020 151616 0
295813 234675 0
290782 295300 0
291194 242191 0
290749 287048 0
281092 242192 0
290764 227796 0
16586 295301 0
295622 286560 0
286521 229723 0
295727 234107 0
290722 238307 0
246915 150322 0
290785 233773 0
284106 4682 0
294097 242699 0
291198 235777 0
281131 286621 0
290760 232815 0
290729 246166 0
293800 242195 0
290744 242185 0
290786 4741 0
291175 233237 0
246921 243483 0
281136 237080 0
295708 233149 0
274459 241153 0
290722 227802 0
295721 150323 0
295737 233145 0
246920 151598 0
290700 150324 0
265665 4732 0
293797 234142 0
295767 232672 0
289721 229099 0
290788 229049 0
287893 287354 0
286890 230855 0
283564 234673 0
293801 239117 0
281133 151600 0
124480 229098 0
290760 234107 0
290708 286560 0
290711 239138 0
291172 230859 0
290730 232607 0
290775 272810 0
294091 243504 0
281048 292522 0
263657 242199 0
295739 295297 0
281019 287046 0
247055 232660 0
295750 11958 0
286889 230860 0
281004 233144 0
295745 282487 0
281131 295310 0
247054 246842 0
246919 230859 0
295593 242185 0
281042 295297 0
284292 287353 0
295728 282861 0
295592 237079 0
286883 292544 0
265814 229051 0
291176 4718 0
281073 237082 0
295605 21399 0
290703 265705 0
281007 265516 0
295586 295303 0
283579 262053 0
291174 232660 0
281092 289140 0
295745 232665 0
290764 4716 0
289692 295300 0
293799 243495 0
286882 282869 0
290731 239137 0
294096 151602 0
294099 230860 0
281169 242196 0
281048 295312 0
124475 293071 0
290785 11950 0
295714 272808 0
281090 295300 0
290764 232660 0
290701 233142 0
289719 232666 0
