239523 127193 0
231750 226509 0
238841 229169 0
151431 242740 0
233018 237136 0
231186 229411 0
229487 242737 0
232750 267851 0
233213 231205 0
239672 231203 0
151430 229412 0
242300 235742 0
238945 226006 0
237115 226552 0
9880 229415 0
237842 234683 0
238393 237380 0
229263 127195 0
233019 229455 0
232565 225784 0
239308 241239 0
240786 226176 0
238676 232764 0
232569 229429 0
232996 267885 0
238503 230903 0
227648 225767 0
234135 232930 0
228512 241280 0
227648 231768 0
238454 237142 0
231750 267854 0
233209 241272 0
272618 231206 0
239573 232827 0
237114 225932 0
238352 237143 0
231634 231790 0
229355 226237 0
237836 232412 0
241904 226024 0
238840 232774 0
238508 239334 0
236616 237656 0
233018 241274 0
232819 231787 0
237797 229430 0
232566 229160 0
231635 232427 0
234321 231655 0
241709 235281 0
226821 233202 0
243702 233198 0
10247 226551 0
238455 226501 0
238986 225728 0
239950 242743 0
232569 229453 0
238486 241229 0
231754 229137 0
236800 243773 0
229231 235294 0
232997 233220 0
237719 227705 0
228349 226502 0
234321 233255 0
267839 233254 0
232749 227704 0
237835 232434 0
229486 239325 0
238694 233525 0
238457 232774 0
238450 241226 0
232569 232853 0
238345 233229 0
231179 226635 0
236612 241248 0
237106 242743 0
238347 241249 0
233026 226008 0
231987 235817 0
151560 232425 0
235338 232853 0
228502 235282 0
238695 232853 0
238946 232432 0
238350 237144 0
228353 229415 0
267839 229174 0
267861 229133 0
239519 242260 0
162707 234323 0
228512 234683 0
233020 226623 0
238366 235295 0
229232 229460 0
151428 237143 0
9880 229362 0
237119 267852 0
236617 237135 0
239523 127193 0
231750 226509 0
238841 229169 0
151431 242740 0
233018 237136 0
231186 229411 0
229487 242737 0
232750 267851 0
233213 231205 0
239672 231203 0
151430 229412 0
242300 235742 0
238945 226006 0
237115 226552 0
9880 229415 0
237842 234683 0
238393 237380 0
229263 127195 0
233019 229455 0
232565 225784 0
239308 241239 0
240786 226176 0
238676 232764 0
232569 229429 0
232996 267885 0
238503 230903 0
227648 225767 0
234135 232930 0
228512 241280 0
227648 231768 0
238454 237142 0
231750 267854 0
233209 241272 0
272618 231206 0
239573 232827 0
237114 225932 0
238352 237143 0
231634 231790 0
229355 226237 0
237836 232412 0
241904 226024 0
238840 232774 0
238508 239334 0
236616 237656 0
233018 241274 0
232819 231787 0
237797 229430 0
232566 229160 0
231635 232427 0
234321 231655 0
241709 235281 0
226821 233202 0
243702 233198 0
10247 226551 0
238455 226501 0
238986 225728 0
239950 242743 0
232569 229453 0
238486 241229 0
231754 229137 0
236800 243773 0
229231 235294 0
232997 233220 0
237719 227705 0
228349 226502 0
234321 233255 0
267839 233254 0
232749 227704 0
237835 232434 0
229486 239325 0
238694 233525 0
238457 232774 0
238450 241226 0
232569 232853 0
238345 233229 0
231179 226635 0
236612 241248 0
237106 242743 0
238347 241249 0
233026 226008 0
231987 235817 0
151560 232425 0
235338 232853 0
228502 235282 0
238695 232853 0
238946 232432 0
238350 237144 0
228353 229415 0
267839 229174 0
267861 229133 0
239519 242260 0
162707 234323 0
228512 234683 0
233020 226623 0
238366 235295 0
229232 229460 0
151428 237143 0
9880 229362 0
237119 267852 0
236617 237135 0
239523 127193 0
231750 226509 0
238841 229169 0
151431 242740 0
233018 237136 0
231186 229411 0
229487 242737 0
232750 267851 0
233213 231205 0
239672 231203 0
151430 229412 0
242300 235742 0
238945 226006 0
237115 226552 0
9880 229415 0
237842 234683 0
238393 237380 0
229263 127195 0
233019 229455 0
232565 225784 0
239308 241239 0
240786 226176 0
238676 232764 0
232569 229429 0
232996 267885 0
238503 230903 0
227648 225767 0
234135 232930 0
228512 241280 0
227648 231768 0
238454 237142 0
231750 267854 0
233209 241272 0
272618 231206 0
239573 232827 0
237114 225932 0
238352 237143 0
231634 231790 0
229355 226237 0
237836 232412 0
241904 226024 0
238840 232774 0
238508 239334 0
236616 237656 0
233018 241274 0
232819 231787 0
237797 229430 0
232566 229160 0
231635 232427 0
234321 231655 0
241709 235281 0
226821 233202 0
243702 233198 0
10247 226551 0
238455 226501 0
238986 225728 0
239950 242743 0
232569 229453 0
238486 241229 0
231754 229137 0
236800 243773 0
229231 235294 0
232997 233220 0
237719 227705 0
228349 226502 0
234321 233255 0
267839 233254 0
232749 227704 0
237835 232434 0
229486 239325 0
238694 233525 0
238457 232774 0
238450 241226 0
232569 232853 0
238345 233229 0
231179 226635 0
236612 241248 0
237106 242743 0
238347 241249 0
233026 226008 0
231987 235817 0
151560 232425 0
235338 232853 0
228502 235282 0
238695 232853 0
238946 232432 0
238350 237144 0
228353 229415 0
267839 229174 0
267861 229133 0
239519 242260 0
162707 234323 0
228512 234683 0
233020 226623 0
238366 235295 0
229232 229460 0
151428 237143 0
9880 229362 0
237119 267852 0
236617 237135 0
239523 127193 0
231750 226509 0
238841 229169 0
151431 242740 0
233018 237136 0
231186 229411 0
229487 242737 0
232750 267851 0
233213 231205 0
239672 231203 0
151430 229412 0
242300 235742 0
238945 226006 0
237115 226552 0
9880 229415 0
237842 234683 0
238393 237380 0
229263 127195 0
233019 229455 0
232565 225784 0
239308 241239 0
240786 226176 0
238676 232764 0
232569 229429 0
232996 267885 0
238503 230903 0
227648 225767 0
234135 232930 0
228512 241280 0
227648 231768 0
238454 237142 0
231750 267854 0
233209 241272 0
272618 231206 0
239573 232827 0
237114 225932 0
238352 237143 0
231634 231790 0
229355 226237 0
237836 232412 0
241904 226024 0
238840 232774 0
238508 239334 0
236616 237656 0
233018 241274 0
232819 231787 0
237797 229430 0
232566 229160 0
231635 232427 0
234321 231655 0
241709 235281 0
226821 233202 0
243702 233198 0
10247 226551 0
238455 226501 0
238986 225728 0
239950 242743 0
232569 229453 0
238486 241229 0
231754 229137 0
236800 243773 0
229231 235294 0
232997 233220 0
237719 227705 0
228349 226502 0
234321 233255 0
267839 233254 0
232749 227704 0
237835 232434 0
229486 239325 0
238694 233525 0
238457 232774 0
238450 241226 0
232569 232853 0
238345 233229 0
231179 226635 0
236612 241248 0
237106 242743 0
238347 241249 0
233026 226008 0
231987 235817 0
151560 232425 0
235338 232853 0
228502 235282 0
238695 232853 0
238946 232432 0
238350 237144 0
228353 229415 0
267839 229174 0
267861 229133 0
239519 242260 0
162707 234323 0
228512 234683 0
233020 226623 0
238366 235295 0
229232 229460 0
151428 237143 0
9880 229362 0
237119 267852 0
236617 237135 0
