282951 262259 0
266135 260547 0
286469 150170 0
286317 286852 0
287433 286027 0
286633 262136 0
290437 289780 0
261810 283364 0
261810 249391 0
279017 248296 0
286468 260607 0
286463 285973 0
286764 246248 0
286281 288788 0
282951 260595 0
286303 288192 0
282948 260553 0
289403 290579 0
289406 285979 0
286230 248291 0
14676 285982 0
293727 287930 0
283218 14558 0
9044 11877 0
283177 272775 0
288925 11895 0
290857 14525 0
293145 289823 0
290835 252459 0
14680 283362 0
286255 287932 0
14680 285977 0
285148 265363 0
288936 163462 0
285144 274404 0
266132 281204 0
14655 11867 0
265770 150171 0
286499 262316 0
282935 11873 0
14674 286002 0
252643 279177 0
262370 286848 0
14672 11881 0
265772 11878 0
266709 248287 0
286238 291158 0
266131 281203 0
283225 281193 0
286500 150159 0
252498 296301 0
283228 268467 0
285091 268545 0
14672 291158 0
286253 9020 0
265320 268953 0
285149 260552 0
286761 290207 0
286417 288865 0
293725 268422 0
286256 283364 0
282926 290371 0
268569 286003 0
286752 288844 0
9041 286186 0
286269 291156 0
290661 285835 0
286633 291157 0
293772 14525 0
261809 286000 0
284229 288234 0
283225 260610 0
9039 281208 0
288931 285996 0
293736 289781 0
279022 260575 0
286299 281205 0
290898 279161 0
294279 150163 0
266728 265272 0
283604 286845 0
261806 14560 0
11794 262271 0
252498 296318 0
286256 288788 0
14676 8958 0
282951 294996 0
286761 9019 0
9037 260583 0
282920 288860 0
286473 276612 0
9042 293248 0
290844 163462 0
268458 268461 0
252643 262315 0
286294 289790 0
282939 248291 0
14680 163427 0
290834 268953 0
282925 150163 0
