173526 189065 0
14764 174890 0
9176 197293 0
203054 183451 0
199934 188817 0
199934 194713 0
174954 197261 0
197707 188750 0
194533 196724 0
193181 197299 0
206687 197700 0
174994 188739 0
198129 177162 0
18298 202714 0
193496 174877 0
203664 177142 0
174988 18249 0
169756 177142 0
175021 174877 0
160217 202707 0
198130 203035 0
194282 189054 0
177224 197261 0
194524 189064 0
18301 189047 0
249305 180242 0
18302 197246 0
197579 202715 0
202727 202705 0
18297 207167 0
194145 169750 0
193174 197261 0
197685 174880 0
192741 206632 0
177144 207162 0
177173 10327 0
152995 177257 0
203160 194712 0
173515 190888 0
174994 202709 0
197327 197253 0
194284 197301 0
199934 18255 0
198130 184347 0
197319 174879 0
189061 197703 0
169765 173504 0
198127 189062 0
197756 197249 0
174997 180242 0
188995 202718 0
194154 206467 0
197579 194134 0
193834 197295 0
194146 174876 0
203160 194506 0
194148 174880 0
174967 202719 0
193173 173916 0
194144 197261 0
173517 202704 0
193174 174162 0
194156 197302 0
177297 200299 0
194155 187043 0
190981 18249 0
197321 194701 0
175009 193557 0
177333 189054 0
173524 188735 0
175008 18251 0
194144 183453 0
206691 205269 0
197341 206038 0
194154 174874 0
194153 194505 0
196502 200301 0
203761 202717 0
187526 188842 0
203660 188751 0
203054 18253 0
196719 159643 0
198126 214049 0
188995 169750 0
174992 193557 0
193492 202760 0
203658 169750 0
206652 197298 0
203657 188838 0
194737 193557 0
193960 188839 0
177297 202708 0
194274 195342 0
197714 202755 0
206693 193558 0
18301 173821 0
177144 173914 0
169756 188820 0
204662 194505 0
194274 189033 0
