283102 282988 0
289841 246662 0
283112 282993 0
285827 290865 0
268429 286340 0
265183 265255 0
248316 295759 0
289440 283739 0
266711 274454 0
282981 283265 0
289841 281167 0
279026 281166 0
268429 279041 0
283112 279040 0
262276 268597 0
281202 14612 0
268426 281062 0
283121 281059 0
265082 266528 0
283901 290163 0
268424 266554 0
286519 294137 0
150276 290656 0
246775 281062 0
266518 281059 0
290862 266568 0
163438 250592 0
266513 246662 0
283891 281164 0
286783 282988 0
260540 282987 0
283108 283007 0
268604 246254 0
262324 281070 0
289092 290420 0
248303 293767 0
268673 163365 0
286009 14461 0
283118 286508 0
150272 281064 0
281222 279042 0
289092 293921 0
163445 279038 0
287498 281057 0
286589 286488 0
268604 266550 0
11934 283756 0
150176 290660 0
283111 266529 0
163433 266562 0
265181 283193 0
281262 286336 0
286586 286488 0
282980 246258 0
283289 289429 0
262445 283742 0
283108 14595 0
163440 286328 0
296409 283261 0
260026 283263 0
290428 268638 0
286595 266546 0
283103 281057 0
266493 279042 0
281261 283315 0
268642 283015 0
272817 283195 0
289420 163369 0
293545 266723 0
284773 246662 0
262280 261820 0
163356 283751 0
14566 286325 0
288898 283205 0
289424 250592 0
293093 163365 0
286655 266701 0
283120 283245 0
293543 289429 0
262325 266539 0
288122 281067 0
293746 269397 0
14626 293756 0
262442 279041 0
264904 283003 0
289842 266552 0
269371 283404 0
272785 262417 0
288489 286325 0
266371 281816 0
283116 261813 0
283131 290134 0
293264 283266 0
281219 290879 0
163439 14599 0
14619 14595 0
266710 293921 0
290381 261821 0
289849 293753 0
286872 282984 0
