239268 241477 0
251931 241171 0
193059 197609 0
238005 237863 0
232186 240935 0
238513 195924 0
187709 238007 0
12055 177115 0
198551 14477 0
188712 196867 0
196844 195921 0
175195 198698 0
193642 241438 0
206289 195927 0
151078 241486 0
12056 225691 0
194375 187786 0
198541 235178 0
231917 237874 0
230316 241164 0
238638 243109 0
194606 241428 0
231917 238645 0
203079 225887 0
176009 241454 0
237367 243116 0
4189 10663 0
9243 193446 0
227527 241439 0
237368 238559 0
193469 243294 0
10940 187786 0
198539 189602 0
196847 10658 0
237999 10489 0
14468 237929 0
151083 189516 0
4142 240919 0
187745 241164 0
235689 241448 0
191008 239214 0
193420 187864 0
4144 240923 0
204161 237411 0
194428 187778 0
12054 227887 0
198498 187841 0
206290 239215 0
209431 267220 0
238637 243115 0
239281 241455 0
186938 235176 0
195303 187778 0
238003 195046 0
191022 237411 0
192968 10490 0
198502 10488 0
194428 238734 0
198502 195040 0
243536 239213 0
176101 241188 0
199209 235176 0
4186 187068 0
193059 241178 0
151082 241183 0
187713 193454 0
195959 187849 0
176006 241174 0
191029 187770 0
196846 238027 0
191009 189516 0
9248 241164 0
191010 237860 0
202589 241485 0
12055 239392 0
194430 195044 0
176007 195251 0
126486 4281 0
190967 241428 0
202587 198017 0
251935 189597 0
237964 238792 0
237981 241445 0
196300 239452 0
194429 238782 0
124704 241182 0
204161 188295 0
193419 241182 0
238632 187770 0
190942 241429 0
203471 242146 0
237941 194052 0
251931 202981 0
191030 238645 0
176011 238012 0
203079 10490 0
190399 241485 0
176101 238012 0
238636 196632 0
209567 201926 0
239268 241477 0
251931 241171 0
193059 197609 0
238005 237863 0
232186 240935 0
238513 195924 0
187709 238007 0
12055 177115 0
198551 14477 0
188712 196867 0
196844 195921 0
175195 198698 0
193642 241438 0
206289 195927 0
151078 241486 0
12056 225691 0
194375 187786 0
198541 235178 0
231917 237874 0
230316 241164 0
238638 243109 0
194606 241428 0
231917 238645 0
203079 225887 0
176009 241454 0
237367 243116 0
4189 10663 0
9243 193446 0
227527 241439 0
237368 238559 0
193469 243294 0
10940 187786 0
198539 189602 0
196847 10658 0
237999 10489 0
14468 237929 0
151083 189516 0
4142 240919 0
187745 241164 0
235689 241448 0
191008 239214 0
193420 187864 0
4144 240923 0
204161 237411 0
194428 187778 0
12054 227887 0
198498 187841 0
206290 239215 0
209431 267220 0
238637 243115 0
239281 241455 0
186938 235176 0
195303 187778 0
238003 195046 0
191022 237411 0
192968 10490 0
198502 10488 0
194428 238734 0
198502 195040 0
243536 239213 0
176101 241188 0
199209 235176 0
4186 187068 0
193059 241178 0
151082 241183 0
187713 193454 0
195959 187849 0
176006 241174 0
191029 187770 0
196846 238027 0
191009 189516 0
9248 241164 0
191010 237860 0
202589 241485 0
12055 239392 0
194430 195044 0
176007 195251 0
126486 4281 0
190967 241428 0
202587 198017 0
251935 189597 0
237964 238792 0
237981 241445 0
196300 239452 0
194429 238782 0
124704 241182 0
204161 188295 0
193419 241182 0
238632 187770 0
190942 241429 0
203471 242146 0
237941 194052 0
251931 202981 0
191030 238645 0
176011 238012 0
203079 10490 0
190399 241485 0
176101 238012 0
238636 196632 0
209567 201926 0
