252082 176128 0
80915 9273 0
82571 191799 0
76442 204504 0
76443 126123 0
80969 176104 0
82560 196357 0
76453 126171 0
71114 191125 0
76435 176755 0
160189 203802 0
77236 3470 0
71273 191076 0
71273 197572 0
5668 205453 0
3609 176108 0
82561 191068 0
70859 187080 0
76451 191676 0
82571 204256 0
81618 126148 0
76455 205464 0
71115 193986 0
76454 204257 0
82560 126119 0
83022 206994 0
160189 126113 0
71315 126144 0
70869 198012 0
79659 9273 0
77328 204254 0
79659 126112 0
82560 126120 0
76434 126160 0
80227 126167 0
80920 191771 0
83021 126156 0
252080 205549 0
72958 196382 0
79660 206991 0
126355 204257 0
80227 193987 0
126359 176111 0
3610 126112 0
76445 195792 0
76435 198078 0
70859 187104 0
126361 205469 0
72961 205475 0
160189 187079 0
70884 187103 0
72960 199752 0
160191 197572 0
160197 191899 0
18279 275573 0
160200 206997 0
83062 193983 0
80227 176111 0
76435 206198 0
76446 187234 0
126359 196853 0
83799 126121 0
160191 195804 0
70855 126165 0
160197 196500 0
76454 205434 0
71314 126180 0
82289 204268 0
83061 195784 0
3609 126153 0
160201 201856 0
80969 80341 0
126354 126159 0
81618 174408 0
82568 205442 0
70853 205442 0
82567 176925 0
76438 205450 0
71314 191080 0
76443 187079 0
126359 188089 0
77328 201858 0
126361 126132 0
83062 176125 0
76444 126180 0
79663 176118 0
70853 126137 0
76448 126140 0
77235 193987 0
80227 188090 0
252082 204252 0
71314 196735 0
80916 191090 0
79662 206400 0
83061 160298 0
70853 176124 0
126356 187234 0
76450 205466 0
76434 205457 0
76449 196500 0
252082 176128 0
80915 9273 0
82571 191799 0
76442 204504 0
76443 126123 0
80969 176104 0
82560 196357 0
76453 126171 0
71114 191125 0
76435 176755 0
160189 203802 0
77236 3470 0
71273 191076 0
71273 197572 0
5668 205453 0
3609 176108 0
82561 191068 0
70859 187080 0
76451 191676 0
82571 204256 0
81618 126148 0
76455 205464 0
71115 193986 0
76454 204257 0
82560 126119 0
83022 206994 0
160189 126113 0
71315 126144 0
70869 198012 0
79659 9273 0
77328 204254 0
79659 126112 0
82560 126120 0
76434 126160 0
80227 126167 0
80920 191771 0
83021 126156 0
252080 205549 0
72958 196382 0
79660 206991 0
126355 204257 0
80227 193987 0
126359 176111 0
3610 126112 0
76445 195792 0
76435 198078 0
70859 187104 0
126361 205469 0
72961 205475 0
160189 187079 0
70884 187103 0
72960 199752 0
160191 197572 0
160197 191899 0
18279 275573 0
160200 206997 0
83062 193983 0
80227 176111 0
76435 206198 0
76446 187234 0
126359 196853 0
83799 126121 0
160191 195804 0
70855 126165 0
160197 196500 0
76454 205434 0
71314 126180 0
82289 204268 0
83061 195784 0
3609 126153 0
160201 201856 0
80969 80341 0
126354 126159 0
81618 174408 0
82568 205442 0
70853 205442 0
82567 176925 0
76438 205450 0
71314 191080 0
76443 187079 0
126359 188089 0
77328 201858 0
126361 126132 0
83062 176125 0
76444 126180 0
79663 176118 0
70853 126137 0
76448 126140 0
77235 193987 0
80227 188090 0
252082 204252 0
71314 196735 0
80916 191090 0
79662 206400 0
83061 160298 0
70853 176124 0
126356 187234 0
76450 205466 0
76434 205457 0
76449 196500 0
