232114 143518 0
227616 144071 0
232096 124992 0
151404 127040 0
230290 145352 0
232101 127009 0
229751 4084 0
242854 127040 0
227450 140711 0
234512 144400 0
231797 144639 0
243852 123485 0
229761 143454 0
240407 127048 0
242021 271054 0
233719 143518 0
227607 124990 0
225960 238934 0
227586 124982 0
231366 144638 0
243852 125262 0
232121 235546 0
231366 127022 0
275177 151405 0
232107 124983 0
239761 235367 0
232100 4220 0
232101 143521 0
233726 127026 0
240403 140711 0
242852 143399 0
242023 143498 0
229750 143397 0
231351 128287 0
227407 124990 0
239779 143521 0
15138 234522 0
231326 143399 0
227450 143454 0
240038 145352 0
227446 143384 0
227467 124983 0
239147 124984 0
242840 230877 0
243902 124976 0
230891 122288 0
234521 146691 0
229752 124984 0
233721 124980 0
227443 127026 0
242834 232153 0
231799 127039 0
235370 127037 0
242022 127040 0
242884 143519 0
237637 143892 0
235376 230881 0
232116 143444 0
240409 124997 0
243853 143518 0
227605 143447 0
151389 124977 0
227463 127042 0
232776 144641 0
243853 240414 0
227671 152572 0
227472 143889 0
235716 4084 0
231798 124991 0
227397 240416 0
227429 127040 0
239784 143455 0
232113 143385 0
232096 102543 0
227463 127019 0
235716 5659 0
232117 123442 0
239762 127026 0
242840 124975 0
151401 127028 0
242874 127046 0
227587 121702 0
15133 231833 0
227465 143451 0
15135 143889 0
229689 4266 0
235376 235545 0
232101 127019 0
232125 123486 0
240403 121702 0
229761 127046 0
242841 144072 0
242852 124992 0
233726 271044 0
235373 142688 0
231366 143496 0
233726 127033 0
231354 143497 0
230871 271045 0
232112 4262 0
232114 143518 0
227616 144071 0
232096 124992 0
151404 127040 0
230290 145352 0
232101 127009 0
229751 4084 0
242854 127040 0
227450 140711 0
234512 144400 0
231797 144639 0
243852 123485 0
229761 143454 0
240407 127048 0
242021 271054 0
233719 143518 0
227607 124990 0
225960 238934 0
227586 124982 0
231366 144638 0
243852 125262 0
232121 235546 0
231366 127022 0
275177 151405 0
232107 124983 0
239761 235367 0
232100 4220 0
232101 143521 0
233726 127026 0
240403 140711 0
242852 143399 0
242023 143498 0
229750 143397 0
231351 128287 0
227407 124990 0
239779 143521 0
15138 234522 0
231326 143399 0
227450 143454 0
240038 145352 0
227446 143384 0
227467 124983 0
239147 124984 0
242840 230877 0
243902 124976 0
230891 122288 0
234521 146691 0
229752 124984 0
233721 124980 0
227443 127026 0
242834 232153 0
231799 127039 0
235370 127037 0
242022 127040 0
242884 143519 0
237637 143892 0
235376 230881 0
232116 143444 0
240409 124997 0
243853 143518 0
227605 143447 0
151389 124977 0
227463 127042 0
232776 144641 0
243853 240414 0
227671 152572 0
227472 143889 0
235716 4084 0
231798 124991 0
227397 240416 0
227429 127040 0
239784 143455 0
232113 143385 0
232096 102543 0
227463 127019 0
235716 5659 0
232117 123442 0
239762 127026 0
242840 124975 0
151401 127028 0
242874 127046 0
227587 121702 0
15133 231833 0
227465 143451 0
15135 143889 0
229689 4266 0
235376 235545 0
232101 127019 0
232125 123486 0
240403 121702 0
229761 127046 0
242841 144072 0
242852 124992 0
233726 271044 0
235373 142688 0
231366 143496 0
233726 127033 0
231354 143497 0
230871 271045 0
232112 4262 0
