109653 263803 0
163014 98518 0
107438 263767 0
109666 105620 0
100930 193290 0
19273 263815 0
19275 263759 0
98569 108209 0
250117 3551 0
275419 109100 0
106405 263850 0
107434 249879 0
106405 263785 0
250081 275381 0
105904 263786 0
250116 6094 0
98023 98015 0
102955 193290 0
250117 105662 0
102836 205895 0
106443 193256 0
19321 275444 0
275508 109092 0
275508 197388 0
102852 188659 0
106443 19187 0
102156 97944 0
102949 263835 0
102843 98578 0
102497 263770 0
102915 176892 0
107440 104481 0
250118 3504 0
19275 263847 0
250085 263775 0
264355 263849 0
97983 98521 0
250231 275430 0
275506 193248 0
102952 195189 0
102847 3551 0
102847 126516 0
107472 264043 0
106410 263758 0
98567 8845 0
100945 250173 0
162979 275453 0
106405 16970 0
98569 176914 0
250231 97204 0
106406 97194 0
275517 275427 0
102917 98514 0
275516 126508 0
102167 106437 0
105912 19238 0
105912 107409 0
105908 102859 0
107729 263812 0
19273 105952 0
102853 99400 0
96479 16975 0
107472 107413 0
106446 6091 0
102950 126500 0
102913 8846 0
107440 126516 0
107474 19166 0
102169 98013 0
102917 6091 0
102167 108181 0
102847 263787 0
102914 126493 0
275528 104481 0
163013 249867 0
105905 275427 0
275503 275452 0
97822 263779 0
101767 275451 0
105902 108277 0
104467 264043 0
163012 197389 0
98524 263779 0
275507 263773 0
102173 249879 0
250119 177188 0
162979 263854 0
102918 8846 0
109665 263742 0
275503 98573 0
275518 263748 0
106410 19186 0
104470 102507 0
250085 263794 0
275419 249879 0
275501 98649 0
275510 189529 0
97823 263753 0
101767 275456 0
100889 98573 0
109653 263803 0
163014 98518 0
107438 263767 0
109666 105620 0
100930 193290 0
19273 263815 0
19275 263759 0
98569 108209 0
250117 3551 0
275419 109100 0
106405 263850 0
107434 249879 0
106405 263785 0
250081 275381 0
105904 263786 0
250116 6094 0
98023 98015 0
102955 193290 0
250117 105662 0
102836 205895 0
106443 193256 0
19321 275444 0
275508 109092 0
275508 197388 0
102852 188659 0
106443 19187 0
102156 97944 0
102949 263835 0
102843 98578 0
102497 263770 0
102915 176892 0
107440 104481 0
250118 3504 0
19275 263847 0
250085 263775 0
264355 263849 0
97983 98521 0
250231 275430 0
275506 193248 0
102952 195189 0
102847 3551 0
102847 126516 0
107472 264043 0
106410 263758 0
98567 8845 0
100945 250173 0
162979 275453 0
106405 16970 0
98569 176914 0
250231 97204 0
106406 97194 0
275517 275427 0
102917 98514 0
275516 126508 0
102167 106437 0
105912 19238 0
105912 107409 0
105908 102859 0
107729 263812 0
19273 105952 0
102853 99400 0
96479 16975 0
107472 107413 0
106446 6091 0
102950 126500 0
102913 8846 0
107440 126516 0
107474 19166 0
102169 98013 0
102917 6091 0
102167 108181 0
102847 263787 0
102914 126493 0
275528 104481 0
163013 249867 0
105905 275427 0
275503 275452 0
97822 263779 0
101767 275451 0
105902 108277 0
104467 264043 0
163012 197389 0
98524 263779 0
275507 263773 0
102173 249879 0
250119 177188 0
162979 263854 0
102918 8846 0
109665 263742 0
275503 98573 0
275518 263748 0
106410 19186 0
104470 102507 0
250085 263794 0
275419 249879 0
275501 98649 0
275510 189529 0
97823 263753 0
101767 275456 0
100889 98573 0
109653 263803 0
163014 98518 0
107438 263767 0
109666 105620 0
100930 193290 0
19273 263815 0
19275 263759 0
98569 108209 0
250117 3551 0
275419 109100 0
106405 263850 0
107434 249879 0
106405 263785 0
250081 275381 0
105904 263786 0
250116 6094 0
98023 98015 0
102955 193290 0
250117 105662 0
102836 205895 0
106443 193256 0
19321 275444 0
275508 109092 0
275508 197388 0
102852 188659 0
106443 19187 0
102156 97944 0
102949 263835 0
102843 98578 0
102497 263770 0
102915 176892 0
107440 104481 0
250118 3504 0
19275 263847 0
250085 263775 0
264355 263849 0
97983 98521 0
250231 275430 0
275506 193248 0
102952 195189 0
102847 3551 0
102847 126516 0
107472 264043 0
106410 263758 0
98567 8845 0
100945 250173 0
162979 275453 0
106405 16970 0
98569 176914 0
250231 97204 0
106406 97194 0
275517 275427 0
102917 98514 0
275516 126508 0
102167 106437 0
105912 19238 0
105912 107409 0
105908 102859 0
107729 263812 0
19273 105952 0
102853 99400 0
96479 16975 0
107472 107413 0
106446 6091 0
102950 126500 0
102913 8846 0
107440 126516 0
107474 19166 0
102169 98013 0
102917 6091 0
102167 108181 0
102847 263787 0
102914 126493 0
275528 104481 0
163013 249867 0
105905 275427 0
275503 275452 0
97822 263779 0
101767 275451 0
105902 108277 0
104467 264043 0
163012 197389 0
98524 263779 0
275507 263773 0
102173 249879 0
250119 177188 0
162979 263854 0
102918 8846 0
109665 263742 0
275503 98573 0
275518 263748 0
106410 19186 0
104470 102507 0
250085 263794 0
275419 249879 0
275501 98649 0
275510 189529 0
97823 263753 0
101767 275456 0
100889 98573 0
109653 263803 0
163014 98518 0
107438 263767 0
109666 105620 0
100930 193290 0
19273 263815 0
19275 263759 0
98569 108209 0
250117 3551 0
275419 109100 0
106405 263850 0
107434 249879 0
106405 263785 0
250081 275381 0
105904 263786 0
250116 6094 0
98023 98015 0
102955 193290 0
250117 105662 0
102836 205895 0
106443 193256 0
19321 275444 0
275508 109092 0
275508 197388 0
102852 188659 0
106443 19187 0
102156 97944 0
102949 263835 0
102843 98578 0
102497 263770 0
102915 176892 0
107440 104481 0
250118 3504 0
19275 263847 0
250085 263775 0
264355 263849 0
97983 98521 0
250231 275430 0
275506 193248 0
102952 195189 0
102847 3551 0
102847 126516 0
107472 264043 0
106410 263758 0
98567 8845 0
100945 250173 0
162979 275453 0
106405 16970 0
98569 176914 0
250231 97204 0
106406 97194 0
275517 275427 0
102917 98514 0
275516 126508 0
102167 106437 0
105912 19238 0
105912 107409 0
105908 102859 0
107729 263812 0
19273 105952 0
102853 99400 0
96479 16975 0
107472 107413 0
106446 6091 0
102950 126500 0
102913 8846 0
107440 126516 0
107474 19166 0
102169 98013 0
102917 6091 0
102167 108181 0
102847 263787 0
102914 126493 0
275528 104481 0
163013 249867 0
105905 275427 0
275503 275452 0
97822 263779 0
101767 275451 0
105902 108277 0
104467 264043 0
163012 197389 0
98524 263779 0
275507 263773 0
102173 249879 0
250119 177188 0
162979 263854 0
102918 8846 0
109665 263742 0
275503 98573 0
275518 263748 0
106410 19186 0
104470 102507 0
250085 263794 0
275419 249879 0
275501 98649 0
275510 189529 0
97823 263753 0
101767 275456 0
100889 98573 0
