126270 126374 0
73647 75682 0
1350 82184 0
72383 72791 0
126201 72329 0
126290 73108 0
71815 81544 0
73638 73677 0
73647 73656 0
126104 72335 0
73042 75783 0
89780 274652 0
126257 71214 0
71827 75780 0
71819 252312 0
126106 82612 0
126334 75777 0
126249 81540 0
126263 71679 0
126290 73686 0
126246 75759 0
76337 153555 0
126270 73680 0
83809 73676 0
71827 82144 0
126201 252298 0
126336 81494 0
71791 71200 0
126261 71643 0
80959 75703 0
73073 72795 0
126226 71111 0
73646 72388 0
71809 81544 0
80959 75789 0
73076 71882 0
73072 71109 0
73055 153564 0
126214 72794 0
73630 72797 0
276069 71877 0
126280 73631 0
84064 262754 0
84053 82728 0
126277 77283 0
71176 126372 0
126236 73682 0
126337 75774 0
73911 75788 0
126227 81459 0
73633 73706 0
126196 81503 0
126294 75787 0
126267 75829 0
73059 75757 0
71799 82147 0
73078 72792 0
126304 71691 0
126208 82250 0
126108 75792 0
71811 73711 0
126247 71749 0
274635 71764 0
126220 72388 0
126242 71668 0
126279 75774 0
276069 75806 0
71827 71203 0
84088 75764 0
73097 72374 0
126195 81542 0
73055 73689 0
126201 80960 0
1348 82184 0
126308 73037 0
126236 83079 0
276069 75776 0
126247 82651 0
126327 82244 0
126332 71668 0
1350 73111 0
73041 71751 0
126307 82203 0
73635 82245 0
126225 73687 0
84053 72311 0
71176 71856 0
126298 82726 0
126284 153558 0
1352 252172 0
126232 80961 0
71796 81589 0
73653 75806 0
126335 73110 0
73041 82611 0
126193 71135 0
126296 75696 0
73077 71218 0
72273 82143 0
71793 252172 0
126270 126374 0
73647 75682 0
1350 82184 0
72383 72791 0
126201 72329 0
126290 73108 0
71815 81544 0
73638 73677 0
73647 73656 0
126104 72335 0
73042 75783 0
89780 274652 0
126257 71214 0
71827 75780 0
71819 252312 0
126106 82612 0
126334 75777 0
126249 81540 0
126263 71679 0
126290 73686 0
126246 75759 0
76337 153555 0
126270 73680 0
83809 73676 0
71827 82144 0
126201 252298 0
126336 81494 0
71791 71200 0
126261 71643 0
80959 75703 0
73073 72795 0
126226 71111 0
73646 72388 0
71809 81544 0
80959 75789 0
73076 71882 0
73072 71109 0
73055 153564 0
126214 72794 0
73630 72797 0
276069 71877 0
126280 73631 0
84064 262754 0
84053 82728 0
126277 77283 0
71176 126372 0
126236 73682 0
126337 75774 0
73911 75788 0
126227 81459 0
73633 73706 0
126196 81503 0
126294 75787 0
126267 75829 0
73059 75757 0
71799 82147 0
73078 72792 0
126304 71691 0
126208 82250 0
126108 75792 0
71811 73711 0
126247 71749 0
274635 71764 0
126220 72388 0
126242 71668 0
126279 75774 0
276069 75806 0
71827 71203 0
84088 75764 0
73097 72374 0
126195 81542 0
73055 73689 0
126201 80960 0
1348 82184 0
126308 73037 0
126236 83079 0
276069 75776 0
126247 82651 0
126327 82244 0
126332 71668 0
1350 73111 0
73041 71751 0
126307 82203 0
73635 82245 0
126225 73687 0
84053 72311 0
71176 71856 0
126298 82726 0
126284 153558 0
1352 252172 0
126232 80961 0
71796 81589 0
73653 75806 0
126335 73110 0
73041 82611 0
126193 71135 0
126296 75696 0
73077 71218 0
72273 82143 0
71793 252172 0
