188196 187165 0
197075 193914 0
207848 194908 0
199885 187384 0
187535 173559 0
160338 196480 0
199973 206204 0
187499 200326 0
188172 195412 0
190423 195404 0
190065 193081 0
188498 192748 0
190058 206235 0
207841 187165 0
190075 173395 0
176608 126424 0
207819 206225 0
176566 194527 0
188193 187391 0
196937 196692 0
174705 199435 0
188194 193971 0
197075 201105 0
188159 173559 0
187319 200328 0
160339 173393 0
189355 199433 0
199977 197926 0
188500 201668 0
188198 192795 0
188197 197915 0
204269 11060 0
190070 192742 0
170596 188978 0
189420 204502 0
188553 201105 0
176609 194904 0
188195 198070 0
197073 187166 0
197071 194825 0
188550 9155 0
190061 190415 0
187812 195408 0
176608 187388 0
194037 10585 0
190208 177348 0
188551 192795 0
188498 194838 0
190846 194876 0
188521 206235 0
188177 194902 0
187814 195407 0
190058 195422 0
192438 206204 0
207819 193995 0
195274 14939 0
202942 194601 0
187811 193370 0
188508 203812 0
187481 152836 0
190422 191618 0
174716 187383 0
199971 206225 0
190421 201660 0
188558 175077 0
188189 199750 0
192390 194529 0
198015 192747 0
187533 193192 0
188550 126425 0
187813 195410 0
187809 193913 0
9297 206202 0
188504 175090 0
176309 10402 0
187534 174246 0
190074 192745 0
190847 195416 0
188195 195407 0
194652 10400 0
201986 190415 0
190073 199747 0
192437 188708 0
192385 193502 0
194037 194894 0
187481 199918 0
207819 197928 0
188497 194901 0
199883 187164 0
193106 194000 0
188177 194876 0
197076 10864 0
189418 201101 0
9294 193995 0
176342 205587 0
188514 204530 0
196956 10587 0
188521 275617 0
207848 193824 0
197074 173388 0
188196 187165 0
197075 193914 0
207848 194908 0
199885 187384 0
187535 173559 0
160338 196480 0
199973 206204 0
187499 200326 0
188172 195412 0
190423 195404 0
190065 193081 0
188498 192748 0
190058 206235 0
207841 187165 0
190075 173395 0
176608 126424 0
207819 206225 0
176566 194527 0
188193 187391 0
196937 196692 0
174705 199435 0
188194 193971 0
197075 201105 0
188159 173559 0
187319 200328 0
160339 173393 0
189355 199433 0
199977 197926 0
188500 201668 0
188198 192795 0
188197 197915 0
204269 11060 0
190070 192742 0
170596 188978 0
189420 204502 0
188553 201105 0
176609 194904 0
188195 198070 0
197073 187166 0
197071 194825 0
188550 9155 0
190061 190415 0
187812 195408 0
176608 187388 0
194037 10585 0
190208 177348 0
188551 192795 0
188498 194838 0
190846 194876 0
188521 206235 0
188177 194902 0
187814 195407 0
190058 195422 0
192438 206204 0
207819 193995 0
195274 14939 0
202942 194601 0
187811 193370 0
188508 203812 0
187481 152836 0
190422 191618 0
174716 187383 0
199971 206225 0
190421 201660 0
188558 175077 0
188189 199750 0
192390 194529 0
198015 192747 0
187533 193192 0
188550 126425 0
187813 195410 0
187809 193913 0
9297 206202 0
188504 175090 0
176309 10402 0
187534 174246 0
190074 192745 0
190847 195416 0
188195 195407 0
194652 10400 0
201986 190415 0
190073 199747 0
192437 188708 0
192385 193502 0
194037 194894 0
187481 199918 0
207819 197928 0
188497 194901 0
199883 187164 0
193106 194000 0
188177 194876 0
197076 10864 0
189418 201101 0
9294 193995 0
176342 205587 0
188514 204530 0
196956 10587 0
188521 275617 0
207848 193824 0
197074 173388 0
188196 187165 0
197075 193914 0
207848 194908 0
199885 187384 0
187535 173559 0
160338 196480 0
199973 206204 0
187499 200326 0
188172 195412 0
190423 195404 0
190065 193081 0
188498 192748 0
190058 206235 0
207841 187165 0
190075 173395 0
176608 126424 0
207819 206225 0
176566 194527 0
188193 187391 0
196937 196692 0
174705 199435 0
188194 193971 0
197075 201105 0
188159 173559 0
187319 200328 0
160339 173393 0
189355 199433 0
199977 197926 0
188500 201668 0
188198 192795 0
188197 197915 0
204269 11060 0
190070 192742 0
170596 188978 0
189420 204502 0
188553 201105 0
176609 194904 0
188195 198070 0
197073 187166 0
197071 194825 0
188550 9155 0
190061 190415 0
187812 195408 0
176608 187388 0
194037 10585 0
190208 177348 0
188551 192795 0
188498 194838 0
190846 194876 0
188521 206235 0
188177 194902 0
187814 195407 0
190058 195422 0
192438 206204 0
207819 193995 0
195274 14939 0
202942 194601 0
187811 193370 0
188508 203812 0
187481 152836 0
190422 191618 0
174716 187383 0
199971 206225 0
190421 201660 0
188558 175077 0
188189 199750 0
192390 194529 0
198015 192747 0
187533 193192 0
188550 126425 0
187813 195410 0
187809 193913 0
9297 206202 0
188504 175090 0
176309 10402 0
187534 174246 0
190074 192745 0
190847 195416 0
188195 195407 0
194652 10400 0
201986 190415 0
190073 199747 0
192437 188708 0
192385 193502 0
194037 194894 0
187481 199918 0
207819 197928 0
188497 194901 0
199883 187164 0
193106 194000 0
188177 194876 0
197076 10864 0
189418 201101 0
9294 193995 0
176342 205587 0
188514 204530 0
196956 10587 0
188521 275617 0
207848 193824 0
197074 173388 0
188196 187165 0
197075 193914 0
207848 194908 0
199885 187384 0
187535 173559 0
160338 196480 0
199973 206204 0
187499 200326 0
188172 195412 0
190423 195404 0
190065 193081 0
188498 192748 0
190058 206235 0
207841 187165 0
190075 173395 0
176608 126424 0
207819 206225 0
176566 194527 0
188193 187391 0
196937 196692 0
174705 199435 0
188194 193971 0
197075 201105 0
188159 173559 0
187319 200328 0
160339 173393 0
189355 199433 0
199977 197926 0
188500 201668 0
188198 192795 0
188197 197915 0
204269 11060 0
190070 192742 0
170596 188978 0
189420 204502 0
188553 201105 0
176609 194904 0
188195 198070 0
197073 187166 0
197071 194825 0
188550 9155 0
190061 190415 0
187812 195408 0
176608 187388 0
194037 10585 0
190208 177348 0
188551 192795 0
188498 194838 0
190846 194876 0
188521 206235 0
188177 194902 0
187814 195407 0
190058 195422 0
192438 206204 0
207819 193995 0
195274 14939 0
202942 194601 0
187811 193370 0
188508 203812 0
187481 152836 0
190422 191618 0
174716 187383 0
199971 206225 0
190421 201660 0
188558 175077 0
188189 199750 0
192390 194529 0
198015 192747 0
187533 193192 0
188550 126425 0
187813 195410 0
187809 193913 0
9297 206202 0
188504 175090 0
176309 10402 0
187534 174246 0
190074 192745 0
190847 195416 0
188195 195407 0
194652 10400 0
201986 190415 0
190073 199747 0
192437 188708 0
192385 193502 0
194037 194894 0
187481 199918 0
207819 197928 0
188497 194901 0
199883 187164 0
193106 194000 0
188177 194876 0
197076 10864 0
189418 201101 0
9294 193995 0
176342 205587 0
188514 204530 0
196956 10587 0
188521 275617 0
207848 193824 0
197074 173388 0
