147341 22648 0
17359 226157 0
147238 231517 0
146798 229977 0
143811 234151 0
9661 232587 0
4091 228259 0
251792 127190 0
250868 238962 0
250868 15022 0
17360 238778 0
143807 232281 0
146273 232587 0
272934 15030 0
143423 9749 0
143420 229907 0
154344 242762 0
4256 22658 0
272622 238337 0
154344 240505 0
247185 235389 0
146273 240505 0
230981 22646 0
143777 22661 0
145451 233007 0
143552 238336 0
146794 225811 0
146234 229697 0
145164 22657 0
8814 232226 0
154330 229718 0
144372 240539 0
143805 230825 0
143808 232991 0
17370 240540 0
143557 15029 0
141858 8986 0
143605 15027 0
17434 237405 0
251786 235558 0
5947 229913 0
146268 226259 0
143420 225821 0
4058 233178 0
251791 240540 0
144511 231516 0
251784 251972 0
17407 232276 0
145222 242760 0
143552 229697 0
247194 229913 0
145032 19049 0
251786 235015 0
8813 239362 0
143531 238337 0
154334 15034 0
146518 232226 0
144321 225811 0
146272 232282 0
143535 151535 0
144870 230350 0
8815 15045 0
146746 226161 0
144321 9748 0
143551 22655 0
154335 227498 0
146794 127189 0
272622 225629 0
143425 15032 0
145296 234669 0
145450 234153 0
143363 229745 0
140985 15046 0
141858 233312 0
251803 241335 0
143495 237397 0
141858 225811 0
146780 15022 0
143988 15046 0
143816 240505 0
146796 15028 0
17366 238331 0
144870 231514 0
147244 230353 0
272938 239375 0
22173 22662 0
143990 240544 0
143989 230825 0
17397 232277 0
145301 234146 0
247184 225833 0
5358 235557 0
143970 151535 0
146796 241337 0
272939 233315 0
143994 15045 0
143539 22659 0
146517 22580 0
144870 242760 0
239510 228257 0
147341 22648 0
17359 226157 0
147238 231517 0
146798 229977 0
143811 234151 0
9661 232587 0
4091 228259 0
251792 127190 0
250868 238962 0
250868 15022 0
17360 238778 0
143807 232281 0
146273 232587 0
272934 15030 0
143423 9749 0
143420 229907 0
154344 242762 0
4256 22658 0
272622 238337 0
154344 240505 0
247185 235389 0
146273 240505 0
230981 22646 0
143777 22661 0
145451 233007 0
143552 238336 0
146794 225811 0
146234 229697 0
145164 22657 0
8814 232226 0
154330 229718 0
144372 240539 0
143805 230825 0
143808 232991 0
17370 240540 0
143557 15029 0
141858 8986 0
143605 15027 0
17434 237405 0
251786 235558 0
5947 229913 0
146268 226259 0
143420 225821 0
4058 233178 0
251791 240540 0
144511 231516 0
251784 251972 0
17407 232276 0
145222 242760 0
143552 229697 0
247194 229913 0
145032 19049 0
251786 235015 0
8813 239362 0
143531 238337 0
154334 15034 0
146518 232226 0
144321 225811 0
146272 232282 0
143535 151535 0
144870 230350 0
8815 15045 0
146746 226161 0
144321 9748 0
143551 22655 0
154335 227498 0
146794 127189 0
272622 225629 0
143425 15032 0
145296 234669 0
145450 234153 0
143363 229745 0
140985 15046 0
141858 233312 0
251803 241335 0
143495 237397 0
141858 225811 0
146780 15022 0
143988 15046 0
143816 240505 0
146796 15028 0
17366 238331 0
144870 231514 0
147244 230353 0
272938 239375 0
22173 22662 0
143990 240544 0
143989 230825 0
17397 232277 0
145301 234146 0
247184 225833 0
5358 235557 0
143970 151535 0
146796 241337 0
272939 233315 0
143994 15045 0
143539 22659 0
146517 22580 0
144870 242760 0
239510 228257 0
