229326 230773 0
233089 235698 0
238857 227180 0
234460 242032 0
235025 275181 0
229556 239648 0
231217 229669 0
238853 233681 0
241697 9798 0
229861 15151 0
243898 242869 0
233093 15157 0
232456 229714 0
233523 229736 0
229337 234969 0
229540 227193 0
231212 235704 0
226557 239794 0
238964 235442 0
229407 226805 0
240002 235832 0
231207 235008 0
232462 226804 0
231217 240009 0
231203 226804 0
234424 227179 0
229321 226807 0
267848 227166 0
234422 9826 0
233096 15155 0
151449 233131 0
241726 231836 0
229331 275159 0
233091 230760 0
241908 227370 0
234440 242032 0
234470 243854 0
233089 227179 0
233097 231841 0
242591 227144 0
234469 151396 0
242759 232138 0
235419 227178 0
231600 229675 0
231605 15151 0
234447 235700 0
231605 232083 0
234458 232132 0
229315 227359 0
234445 227194 0
234451 227194 0
237678 242019 0
234270 235705 0
233037 230761 0
241704 15157 0
9791 227364 0
234299 230766 0
234459 239792 0
232456 235440 0
229345 234536 0
234430 235704 0
232224 275204 0
229556 226804 0
238948 230766 0
241724 227180 0
226650 227358 0
234458 9823 0
239336 229639 0
242738 232133 0
238854 227177 0
267846 275160 0
242303 227141 0
229359 239792 0
232456 229672 0
234451 227117 0
240356 226805 0
242742 240419 0
233097 230764 0
151454 242019 0
231656 240419 0
231656 230778 0
234478 275151 0
233091 233666 0
229358 229735 0
234453 239776 0
242759 234969 0
231624 242869 0
242759 232132 0
233070 229714 0
234483 233575 0
232461 229740 0
151444 232135 0
233064 227368 0
229330 242871 0
231594 226802 0
151455 242032 0
241332 9830 0
235034 15154 0
241915 227361 0
226177 239790 0
