166907 153645 0
165084 148750 0
165083 153633 0
167671 165136 0
167064 266972 0
266946 168121 0
165296 266970 0
155509 153643 0
149477 266975 0
154749 155428 0
167660 149137 0
165958 165825 0
266857 149138 0
16169 266974 0
155219 166752 0
167674 266975 0
166597 266833 0
167024 165138 0
266845 166752 0
267006 266974 0
167366 266973 0
149089 266973 0
167646 166754 0
167651 165827 0
167649 148751 0
167061 165828 0
165954 166105 0
266851 148751 0
149841 168121 0
149087 165825 0
167647 153643 0
165948 165138 0
167659 166752 0
266997 155984 0
149842 155428 0
267005 153643 0
266845 266974 0
167681 148884 0
165309 166667 0
160444 266976 0
266847 165137 0
165954 165827 0
160447 266975 0
266849 149632 0
166917 148750 0
167645 149632 0
167675 165136 0
266946 155427 0
165084 155424 0
167363 251380 0
266851 153644 0
16178 165693 0
167648 155423 0
16176 149135 0
167681 153643 0
266841 266970 0
167348 166701 0
167683 149139 0
167646 166752 0
167676 155984 0
167680 165825 0
266862 153640 0
167355 168121 0
167672 165137 0
155509 266973 0
167366 166752 0
148806 155421 0
155644 165805 0
154089 155426 0
167655 155421 0
155509 155425 0
165975 9066 0
165079 165828 0
16170 149137 0
165950 165827 0
167355 149135 0
160444 266833 0
167667 148751 0
165943 166106 0
165771 266973 0
266856 9066 0
155219 266977 0
167657 149632 0
155154 268177 0
16138 266974 0
167661 149139 0
165084 155421 0
165288 149136 0
267001 155598 0
148806 165804 0
267004 149139 0
167157 153633 0
165287 165825 0
167362 148751 0
154743 153645 0
155700 266833 0
165282 149348 0
167664 166753 0
165273 165139 0
165034 155421 0
166907 153645 0
165084 148750 0
165083 153633 0
167671 165136 0
167064 266972 0
266946 168121 0
165296 266970 0
155509 153643 0
149477 266975 0
154749 155428 0
167660 149137 0
165958 165825 0
266857 149138 0
16169 266974 0
155219 166752 0
167674 266975 0
166597 266833 0
167024 165138 0
266845 166752 0
267006 266974 0
167366 266973 0
149089 266973 0
167646 166754 0
167651 165827 0
167649 148751 0
167061 165828 0
165954 166105 0
266851 148751 0
149841 168121 0
149087 165825 0
167647 153643 0
165948 165138 0
167659 166752 0
266997 155984 0
149842 155428 0
267005 153643 0
266845 266974 0
167681 148884 0
165309 166667 0
160444 266976 0
266847 165137 0
165954 165827 0
160447 266975 0
266849 149632 0
166917 148750 0
167645 149632 0
167675 165136 0
266946 155427 0
165084 155424 0
167363 251380 0
266851 153644 0
16178 165693 0
167648 155423 0
16176 149135 0
167681 153643 0
266841 266970 0
167348 166701 0
167683 149139 0
167646 166752 0
167676 155984 0
167680 165825 0
266862 153640 0
167355 168121 0
167672 165137 0
155509 266973 0
167366 166752 0
148806 155421 0
155644 165805 0
154089 155426 0
167655 155421 0
155509 155425 0
165975 9066 0
165079 165828 0
16170 149137 0
165950 165827 0
167355 149135 0
160444 266833 0
167667 148751 0
165943 166106 0
165771 266973 0
266856 9066 0
155219 266977 0
167657 149632 0
155154 268177 0
16138 266974 0
167661 149139 0
165084 155421 0
165288 149136 0
267001 155598 0
148806 165804 0
267004 149139 0
167157 153633 0
165287 165825 0
167362 148751 0
154743 153645 0
155700 266833 0
165282 149348 0
167664 166753 0
165273 165139 0
165034 155421 0
