79053 79009 0
84780 77714 0
18202 77913 0
79053 151965 0
79104 82777 0
85472 81430 0
80742 79848 0
251880 251836 0
18202 78136 0
78263 82471 0
85494 245465 0
89664 77919 0
274924 77917 0
274886 77837 0
245522 274824 0
151919 152088 0
79812 84731 0
84742 77814 0
79837 78139 0
89655 89077 0
151918 89578 0
89676 79010 0
251885 245474 0
79053 89577 0
77566 274931 0
89664 245467 0
151917 152073 0
77563 78131 0
152092 151949 0
89671 251837 0
79106 79009 0
79046 78136 0
79179 78355 0
80511 82798 0
274924 88960 0
79110 89578 0
77710 82801 0
152075 82804 0
77564 79203 0
251880 77550 0
79837 82807 0
78352 82798 0
79100 82813 0
82339 78139 0
77566 77912 0
152092 79843 0
84790 85434 0
78328 82810 0
85471 84787 0
79101 78218 0
89674 77686 0
77578 82800 0
84780 82782 0
77843 85435 0
80742 82782 0
152075 77838 0
274886 77687 0
78262 79008 0
151901 245469 0
77564 82778 0
274886 77700 0
79102 245473 0
151920 82813 0
79105 151948 0
77670 77686 0
77760 79844 0
89660 88959 0
79053 77551 0
89664 85435 0
151918 78218 0
151911 82917 0
89663 82776 0
84745 79010 0
89582 77546 0
77563 82811 0
77709 77830 0
89665 78127 0
85473 82812 0
251875 78278 0
151908 79829 0
18202 78139 0
89660 78134 0
88976 77837 0
79101 78279 0
89661 274818 0
151899 82808 0
151908 77544 0
152075 89078 0
79101 77713 0
78270 77919 0
245519 77621 0
82380 77821 0
85361 251842 0
79049 80757 0
82336 82785 0
82380 77546 0
84777 77836 0
77625 77532 0
79053 77615 0
80528 82476 0
79053 79009 0
84780 77714 0
18202 77913 0
79053 151965 0
79104 82777 0
85472 81430 0
80742 79848 0
251880 251836 0
18202 78136 0
78263 82471 0
85494 245465 0
89664 77919 0
274924 77917 0
274886 77837 0
245522 274824 0
151919 152088 0
79812 84731 0
84742 77814 0
79837 78139 0
89655 89077 0
151918 89578 0
89676 79010 0
251885 245474 0
79053 89577 0
77566 274931 0
89664 245467 0
151917 152073 0
77563 78131 0
152092 151949 0
89671 251837 0
79106 79009 0
79046 78136 0
79179 78355 0
80511 82798 0
274924 88960 0
79110 89578 0
77710 82801 0
152075 82804 0
77564 79203 0
251880 77550 0
79837 82807 0
78352 82798 0
79100 82813 0
82339 78139 0
77566 77912 0
152092 79843 0
84790 85434 0
78328 82810 0
85471 84787 0
79101 78218 0
89674 77686 0
77578 82800 0
84780 82782 0
77843 85435 0
80742 82782 0
152075 77838 0
274886 77687 0
78262 79008 0
151901 245469 0
77564 82778 0
274886 77700 0
79102 245473 0
151920 82813 0
79105 151948 0
77670 77686 0
77760 79844 0
89660 88959 0
79053 77551 0
89664 85435 0
151918 78218 0
151911 82917 0
89663 82776 0
84745 79010 0
89582 77546 0
77563 82811 0
77709 77830 0
89665 78127 0
85473 82812 0
251875 78278 0
151908 79829 0
18202 78139 0
89660 78134 0
88976 77837 0
79101 78279 0
89661 274818 0
151899 82808 0
151908 77544 0
152075 89078 0
79101 77713 0
78270 77919 0
245519 77621 0
82380 77821 0
85361 251842 0
79049 80757 0
82336 82785 0
82380 77546 0
84777 77836 0
77625 77532 0
79053 77615 0
80528 82476 0
