97045 106897 0
263846 193038 0
102856 98593 0
197559 125177 0
202421 249865 0
275743 102505 0
189097 176887 0
263751 189253 0
263759 109356 0
188671 102505 0
263808 275442 0
263745 19289 0
263796 249812 0
195195 3608 0
263823 249867 0
263744 187934 0
126493 19238 0
263784 98593 0
202432 98650 0
188634 249881 0
176901 189526 0
202420 16964 0
125177 108239 0
189107 189526 0
263746 98516 0
193129 104308 0
247153 94583 0
188676 189249 0
263811 108094 0
208795 275752 0
202425 105951 0
174663 3530 0
188643 3509 0
263850 16963 0
263772 19187 0
263835 193257 0
263820 105618 0
208813 106375 0
263795 197388 0
263810 3531 0
197538 187935 0
263782 97926 0
247154 16966 0
126518 275310 0
192540 275739 0
263845 249863 0
9170 187933 0
263807 249854 0
197483 263748 0
263768 98520 0
176896 195196 0
197561 3503 0
9179 263756 0
102859 249851 0
263859 8845 0
197556 176914 0
126507 176884 0
188644 105956 0
188005 16965 0
16974 105618 0
263821 275753 0
275771 9162 0
189103 102505 0
189110 176893 0
97051 275310 0
189199 99398 0
195196 16962 0
275740 19238 0
174662 105666 0
202426 189255 0
174662 263757 0
263807 106416 0
203107 16970 0
126508 97872 0
188683 95809 0
188357 249881 0
263810 188012 0
126525 203748 0
102854 249851 0
188681 275750 0
263858 6094 0
108209 108188 0
208870 95759 0
188723 263761 0
176899 104473 0
102856 249861 0
174793 208778 0
263847 109356 0
6093 16973 0
263824 177181 0
97021 106422 0
189095 249813 0
189114 249811 0
208780 249854 0
3514 126352 0
263778 97206 0
126353 263781 0
197545 102511 0
188664 188353 0
152649 3531 0
97045 106897 0
263846 193038 0
102856 98593 0
197559 125177 0
202421 249865 0
275743 102505 0
189097 176887 0
263751 189253 0
263759 109356 0
188671 102505 0
263808 275442 0
263745 19289 0
263796 249812 0
195195 3608 0
263823 249867 0
263744 187934 0
126493 19238 0
263784 98593 0
202432 98650 0
188634 249881 0
176901 189526 0
202420 16964 0
125177 108239 0
189107 189526 0
263746 98516 0
193129 104308 0
247153 94583 0
188676 189249 0
263811 108094 0
208795 275752 0
202425 105951 0
174663 3530 0
188643 3509 0
263850 16963 0
263772 19187 0
263835 193257 0
263820 105618 0
208813 106375 0
263795 197388 0
263810 3531 0
197538 187935 0
263782 97926 0
247154 16966 0
126518 275310 0
192540 275739 0
263845 249863 0
9170 187933 0
263807 249854 0
197483 263748 0
263768 98520 0
176896 195196 0
197561 3503 0
9179 263756 0
102859 249851 0
263859 8845 0
197556 176914 0
126507 176884 0
188644 105956 0
188005 16965 0
16974 105618 0
263821 275753 0
275771 9162 0
189103 102505 0
189110 176893 0
97051 275310 0
189199 99398 0
195196 16962 0
275740 19238 0
174662 105666 0
202426 189255 0
174662 263757 0
263807 106416 0
203107 16970 0
126508 97872 0
188683 95809 0
188357 249881 0
263810 188012 0
126525 203748 0
102854 249851 0
188681 275750 0
263858 6094 0
108209 108188 0
208870 95759 0
188723 263761 0
176899 104473 0
102856 249861 0
174793 208778 0
263847 109356 0
6093 16973 0
263824 177181 0
97021 106422 0
189095 249813 0
189114 249811 0
208780 249854 0
3514 126352 0
263778 97206 0
126353 263781 0
197545 102511 0
188664 188353 0
152649 3531 0
97045 106897 0
263846 193038 0
102856 98593 0
197559 125177 0
202421 249865 0
275743 102505 0
189097 176887 0
263751 189253 0
263759 109356 0
188671 102505 0
263808 275442 0
263745 19289 0
263796 249812 0
195195 3608 0
263823 249867 0
263744 187934 0
126493 19238 0
263784 98593 0
202432 98650 0
188634 249881 0
176901 189526 0
202420 16964 0
125177 108239 0
189107 189526 0
263746 98516 0
193129 104308 0
247153 94583 0
188676 189249 0
263811 108094 0
208795 275752 0
202425 105951 0
174663 3530 0
188643 3509 0
263850 16963 0
263772 19187 0
263835 193257 0
263820 105618 0
208813 106375 0
263795 197388 0
263810 3531 0
197538 187935 0
263782 97926 0
247154 16966 0
126518 275310 0
192540 275739 0
263845 249863 0
9170 187933 0
263807 249854 0
197483 263748 0
263768 98520 0
176896 195196 0
197561 3503 0
9179 263756 0
102859 249851 0
263859 8845 0
197556 176914 0
126507 176884 0
188644 105956 0
188005 16965 0
16974 105618 0
263821 275753 0
275771 9162 0
189103 102505 0
189110 176893 0
97051 275310 0
189199 99398 0
195196 16962 0
275740 19238 0
174662 105666 0
202426 189255 0
174662 263757 0
263807 106416 0
203107 16970 0
126508 97872 0
188683 95809 0
188357 249881 0
263810 188012 0
126525 203748 0
102854 249851 0
188681 275750 0
263858 6094 0
108209 108188 0
208870 95759 0
188723 263761 0
176899 104473 0
102856 249861 0
174793 208778 0
263847 109356 0
6093 16973 0
263824 177181 0
97021 106422 0
189095 249813 0
189114 249811 0
208780 249854 0
3514 126352 0
263778 97206 0
126353 263781 0
197545 102511 0
188664 188353 0
152649 3531 0
97045 106897 0
263846 193038 0
102856 98593 0
197559 125177 0
202421 249865 0
275743 102505 0
189097 176887 0
263751 189253 0
263759 109356 0
188671 102505 0
263808 275442 0
263745 19289 0
263796 249812 0
195195 3608 0
263823 249867 0
263744 187934 0
126493 19238 0
263784 98593 0
202432 98650 0
188634 249881 0
176901 189526 0
202420 16964 0
125177 108239 0
189107 189526 0
263746 98516 0
193129 104308 0
247153 94583 0
188676 189249 0
263811 108094 0
208795 275752 0
202425 105951 0
174663 3530 0
188643 3509 0
263850 16963 0
263772 19187 0
263835 193257 0
263820 105618 0
208813 106375 0
263795 197388 0
263810 3531 0
197538 187935 0
263782 97926 0
247154 16966 0
126518 275310 0
192540 275739 0
263845 249863 0
9170 187933 0
263807 249854 0
197483 263748 0
263768 98520 0
176896 195196 0
197561 3503 0
9179 263756 0
102859 249851 0
263859 8845 0
197556 176914 0
126507 176884 0
188644 105956 0
188005 16965 0
16974 105618 0
263821 275753 0
275771 9162 0
189103 102505 0
189110 176893 0
97051 275310 0
189199 99398 0
195196 16962 0
275740 19238 0
174662 105666 0
202426 189255 0
174662 263757 0
263807 106416 0
203107 16970 0
126508 97872 0
188683 95809 0
188357 249881 0
263810 188012 0
126525 203748 0
102854 249851 0
188681 275750 0
263858 6094 0
108209 108188 0
208870 95759 0
188723 263761 0
176899 104473 0
102856 249861 0
174793 208778 0
263847 109356 0
6093 16973 0
263824 177181 0
97021 106422 0
189095 249813 0
189114 249811 0
208780 249854 0
3514 126352 0
263778 97206 0
126353 263781 0
197545 102511 0
188664 188353 0
152649 3531 0
