292695 185415 0
150197 186815 0
256705 291515 0
284215 248183 0
14492 184801 0
292681 206162 0
287392 215711 0
252745 178776 0
283330 159620 0
292317 186040 0
252748 186752 0
11591 292167 0
287205 289284 0
292320 184467 0
246956 208876 0
284462 180936 0
292766 178782 0
284472 185406 0
291684 183779 0
287204 184794 0
150027 186800 0
11587 206124 0
296300 292792 0
291528 199517 0
283534 15687 0
272689 210479 0
287203 206163 0
290341 186811 0
14505 210069 0
292254 213997 0
296444 219709 0
291536 153273 0
293107 215711 0
288500 184787 0
290338 202883 0
287453 184780 0
288505 206119 0
287202 206137 0
287388 186742 0
292771 208877 0
11587 178769 0
150027 153272 0
288505 183770 0
252756 176503 0
11590 210451 0
292251 185407 0
284467 210457 0
290340 186767 0
292353 248183 0
248314 183776 0
286735 206130 0
284215 184788 0
288505 178788 0
287395 186801 0
287741 178780 0
287203 185995 0
292320 210452 0
296482 186768 0
287403 219563 0
284562 184198 0
284478 206130 0
292306 178776 0
289916 210459 0
287397 206130 0
284214 214101 0
14492 184797 0
14505 206122 0
291537 178799 0
292261 178775 0
292252 184464 0
248325 183781 0
292695 19032 0
296443 214102 0
291683 185406 0
256704 4570 0
248340 176496 0
290997 184791 0
284571 186817 0
248313 185985 0
292319 178793 0
292765 186698 0
292682 186040 0
292330 186781 0
11681 159620 0
288501 215708 0
292329 4571 0
268389 219564 0
283344 153274 0
288090 210478 0
11589 208237 0
292765 206131 0
284474 206116 0
284214 186765 0
248339 210458 0
292685 210066 0
290336 208876 0
291527 206153 0
287654 185994 0
292253 183776 0
289221 202879 0
