283888 288235 0
296681 14521 0
262399 150051 0
265810 295009 0
296694 284783 0
246234 14698 0
260018 260551 0
286013 11104 0
288074 284788 0
289831 283816 0
296407 295843 0
283887 285435 0
283888 287811 0
16616 292848 0
248259 296317 0
283391 283338 0
264893 260611 0
293273 289755 0
296684 257125 0
268785 295833 0
265351 286173 0
265176 294726 0
124552 288845 0
269378 283365 0
287460 288424 0
124553 284789 0
262287 295856 0
265509 276178 0
248262 248307 0
291020 288849 0
262329 257116 0
296685 262132 0
283450 285771 0
289797 285431 0
262297 150064 0
246778 285433 0
296695 163476 0
290208 276608 0
124544 11881 0
262284 289086 0
11808 295849 0
287466 257115 0
281266 293865 0
281223 290525 0
296410 286364 0
124547 285433 0
268641 288235 0
17543 274397 0
290382 287809 0
262401 294709 0
270059 260548 0
268670 294248 0
245913 288230 0
246234 295847 0
124546 283817 0
268642 283337 0
265508 263724 0
265324 292849 0
288037 294228 0
124540 286786 0
246799 295854 0
288480 294709 0
265651 8962 0
248258 290006 0
281262 286355 0
289830 246241 0
264893 283364 0
246233 260548 0
262288 262129 0
288483 291141 0
268642 14704 0
268643 260565 0
296695 295854 0
286656 9536 0
281266 11838 0
296680 288230 0
265653 296315 0
288073 295849 0
296696 262131 0
248259 285770 0
286658 289087 0
289835 11104 0
265351 289089 0
262284 291141 0
268787 286363 0
248258 246248 0
124545 294240 0
276081 150033 0
293553 262130 0
296694 257118 0
286867 296322 0
288037 260568 0
263617 287930 0
288482 248264 0
265248 291085 0
289829 274384 0
294815 295009 0
283439 257117 0
246604 286819 0
264894 286361 0
283888 288235 0
296681 14521 0
262399 150051 0
265810 295009 0
296694 284783 0
246234 14698 0
260018 260551 0
286013 11104 0
288074 284788 0
289831 283816 0
296407 295843 0
283887 285435 0
283888 287811 0
16616 292848 0
248259 296317 0
283391 283338 0
264893 260611 0
293273 289755 0
296684 257125 0
268785 295833 0
265351 286173 0
265176 294726 0
124552 288845 0
269378 283365 0
287460 288424 0
124553 284789 0
262287 295856 0
265509 276178 0
248262 248307 0
291020 288849 0
262329 257116 0
296685 262132 0
283450 285771 0
289797 285431 0
262297 150064 0
246778 285433 0
296695 163476 0
290208 276608 0
124544 11881 0
262284 289086 0
11808 295849 0
287466 257115 0
281266 293865 0
281223 290525 0
296410 286364 0
124547 285433 0
268641 288235 0
17543 274397 0
290382 287809 0
262401 294709 0
270059 260548 0
268670 294248 0
245913 288230 0
246234 295847 0
124546 283817 0
268642 283337 0
265508 263724 0
265324 292849 0
288037 294228 0
124540 286786 0
246799 295854 0
288480 294709 0
265651 8962 0
248258 290006 0
281262 286355 0
289830 246241 0
264893 283364 0
246233 260548 0
262288 262129 0
288483 291141 0
268642 14704 0
268643 260565 0
296695 295854 0
286656 9536 0
281266 11838 0
296680 288230 0
265653 296315 0
288073 295849 0
296696 262131 0
248259 285770 0
286658 289087 0
289835 11104 0
265351 289089 0
262284 291141 0
268787 286363 0
248258 246248 0
124545 294240 0
276081 150033 0
293553 262130 0
296694 257118 0
286867 296322 0
288037 260568 0
263617 287930 0
288482 248264 0
265248 291085 0
289829 274384 0
294815 295009 0
283439 257117 0
246604 286819 0
264894 286361 0
