262062 257106 0
273211 274588 0
286365 293861 0
277618 257117 0
272460 265392 0
295834 276565 0
258755 285763 0
286354 293866 0
258786 284711 0
252452 257122 0
295851 257110 0
289580 274586 0
294243 296262 0
293961 150052 0
274418 282803 0
296259 290068 0
150070 276182 0
257127 286366 0
294723 288448 0
262063 283354 0
273216 288451 0
260681 295851 0
277613 11105 0
260572 290525 0
284716 272691 0
296285 284790 0
257123 258806 0
296290 294163 0
296281 286166 0
296264 260617 0
294711 288442 0
11740 294216 0
268449 295844 0
257126 246333 0
260576 163450 0
150096 258730 0
296288 277618 0
258817 260563 0
276566 288455 0
294246 290522 0
276608 293862 0
258807 294165 0
296288 287805 0
294712 11105 0
292829 257121 0
295844 274419 0
262454 258798 0
260624 258800 0
277619 284868 0
258817 287816 0
277619 296287 0
277860 246560 0
11738 287657 0
285764 150108 0
296288 294194 0
258798 286179 0
14705 296296 0
285529 258753 0
287816 296241 0
273212 246242 0
295851 296290 0
274424 246329 0
150085 295837 0
268449 274590 0
285424 296208 0
285425 294241 0
294257 296267 0
285527 284868 0
150082 295845 0
274417 294231 0
258805 296292 0
268449 295839 0
246241 274429 0
296284 294259 0
294259 258753 0
296278 294726 0
264776 296286 0
294722 285424 0
283800 150092 0
258797 286360 0
287770 295848 0
296270 296259 0
294191 14730 0
295849 150052 0
288198 296267 0
276593 263582 0
11740 286354 0
260693 284868 0
296289 287765 0
265357 289090 0
150087 295846 0
296268 295852 0
257120 285764 0
290074 258787 0
276597 296277 0
276180 296260 0
260625 14738 0
274418 11102 0
288732 258803 0
287816 260681 0
262062 257106 0
273211 274588 0
286365 293861 0
277618 257117 0
272460 265392 0
295834 276565 0
258755 285763 0
286354 293866 0
258786 284711 0
252452 257122 0
295851 257110 0
289580 274586 0
294243 296262 0
293961 150052 0
274418 282803 0
296259 290068 0
150070 276182 0
257127 286366 0
294723 288448 0
262063 283354 0
273216 288451 0
260681 295851 0
277613 11105 0
260572 290525 0
284716 272691 0
296285 284790 0
257123 258806 0
296290 294163 0
296281 286166 0
296264 260617 0
294711 288442 0
11740 294216 0
268449 295844 0
257126 246333 0
260576 163450 0
150096 258730 0
296288 277618 0
258817 260563 0
276566 288455 0
294246 290522 0
276608 293862 0
258807 294165 0
296288 287805 0
294712 11105 0
292829 257121 0
295844 274419 0
262454 258798 0
260624 258800 0
277619 284868 0
258817 287816 0
277619 296287 0
277860 246560 0
11738 287657 0
285764 150108 0
296288 294194 0
258798 286179 0
14705 296296 0
285529 258753 0
287816 296241 0
273212 246242 0
295851 296290 0
274424 246329 0
150085 295837 0
268449 274590 0
285424 296208 0
285425 294241 0
294257 296267 0
285527 284868 0
150082 295845 0
274417 294231 0
258805 296292 0
268449 295839 0
246241 274429 0
296284 294259 0
294259 258753 0
296278 294726 0
264776 296286 0
294722 285424 0
283800 150092 0
258797 286360 0
287770 295848 0
296270 296259 0
294191 14730 0
295849 150052 0
288198 296267 0
276593 263582 0
11740 286354 0
260693 284868 0
296289 287765 0
265357 289090 0
150087 295846 0
296268 295852 0
257120 285764 0
290074 258787 0
276597 296277 0
276180 296260 0
260625 14738 0
274418 11102 0
288732 258803 0
287816 260681 0
