251531 288047 0
251527 263720 0
153164 279107 0
251529 287697 0
148926 262244 0
149816 263718 0
251578 288060 0
167294 287694 0
165663 288164 0
268101 293231 0
152712 288039 0
167773 265864 0
165660 285685 0
148480 288793 0
153744 163405 0
152719 288364 0
155467 288159 0
153164 292919 0
167780 288793 0
149815 265864 0
148478 287683 0
155112 246788 0
148439 288780 0
166699 288758 0
268089 264860 0
167892 268779 0
268102 296364 0
155465 264365 0
167993 278969 0
148635 288061 0
148927 265864 0
268092 296614 0
165690 165329 0
251530 288061 0
167972 285707 0
167791 288368 0
251302 288338 0
165777 288794 0
167883 283877 0
268096 274620 0
167950 262614 0
149365 288758 0
251580 283866 0
155112 163413 0
268097 288202 0
153167 284877 0
153742 11996 0
155462 272747 0
148480 288362 0
251535 259974 0
165665 288040 0
167999 293528 0
152709 290097 0
153165 17524 0
251560 163469 0
165777 163396 0
148429 288781 0
149400 284693 0
153749 288795 0
166475 272769 0
148926 268690 0
251578 268689 0
149783 288800 0
148922 263730 0
148429 163398 0
152742 272739 0
148667 285715 0
268096 278996 0
153208 288364 0
167974 268885 0
149438 246787 0
167974 163386 0
149401 288753 0
167984 288348 0
268095 259973 0
268084 283864 0
167985 288346 0
149400 272769 0
167778 288043 0
251526 288048 0
149782 262228 0
149775 279068 0
153197 278995 0
149784 288330 0
251535 288158 0
148630 279068 0
149819 288798 0
148926 5389 0
167985 272765 0
251566 264857 0
251576 150141 0
268098 288040 0
149782 163384 0
167786 262367 0
167987 163396 0
148637 163410 0
149439 285705 0
16781 288326 0
148479 290531 0
153176 296358 0
