241761 239370 0
237249 232282 0
239641 15032 0
237275 225820 0
233453 225632 0
241765 230378 0
241752 233520 0
239640 15030 0
233110 19051 0
151532 15049 0
151534 243893 0
233182 22661 0
237275 226248 0
267984 228257 0
233294 231517 0
228263 15031 0
233288 229704 0
231683 15047 0
231688 232280 0
241802 227659 0
231665 8987 0
233451 15050 0
241816 230376 0
239601 225809 0
239610 229643 0
241768 226158 0
235423 15028 0
233114 15050 0
229946 22660 0
241808 226259 0
232156 225822 0
239608 228261 0
241771 231384 0
241358 243892 0
233119 243896 0
241514 22658 0
241509 229718 0
232159 230353 0
233120 232288 0
230365 243421 0
233287 233315 0
231666 151535 0
229706 232276 0
226658 231386 0
233101 238773 0
233136 15047 0
231581 151538 0
231575 228246 0
241835 267982 0
239640 226245 0
233292 127189 0
232181 228245 0
241771 22654 0
232947 243421 0
232947 232281 0
241800 127189 0
233306 242753 0
233103 226246 0
232584 8987 0
240375 240035 0
231662 239373 0
229583 226462 0
231662 234319 0
241825 9749 0
241794 227498 0
233107 233181 0
235888 231939 0
241829 230346 0
231575 225822 0
241825 15035 0
237267 15050 0
235898 242763 0
15017 229907 0
241836 22664 0
237252 235389 0
234493 151537 0
241835 232586 0
239606 232285 0
229584 239361 0
235735 229911 0
231581 22658 0
232298 231386 0
232184 229932 0
231659 226153 0
241780 237400 0
229658 230352 0
233300 230825 0
241769 225822 0
229573 239362 0
231676 229934 0
241824 226154 0
231580 232226 0
233010 229715 0
229654 233312 0
241760 226159 0
15072 230376 0
239638 230824 0
233288 9748 0
233306 15022 0
234327 237400 0
241761 239370 0
237249 232282 0
239641 15032 0
237275 225820 0
233453 225632 0
241765 230378 0
241752 233520 0
239640 15030 0
233110 19051 0
151532 15049 0
151534 243893 0
233182 22661 0
237275 226248 0
267984 228257 0
233294 231517 0
228263 15031 0
233288 229704 0
231683 15047 0
231688 232280 0
241802 227659 0
231665 8987 0
233451 15050 0
241816 230376 0
239601 225809 0
239610 229643 0
241768 226158 0
235423 15028 0
233114 15050 0
229946 22660 0
241808 226259 0
232156 225822 0
239608 228261 0
241771 231384 0
241358 243892 0
233119 243896 0
241514 22658 0
241509 229718 0
232159 230353 0
233120 232288 0
230365 243421 0
233287 233315 0
231666 151535 0
229706 232276 0
226658 231386 0
233101 238773 0
233136 15047 0
231581 151538 0
231575 228246 0
241835 267982 0
239640 226245 0
233292 127189 0
232181 228245 0
241771 22654 0
232947 243421 0
232947 232281 0
241800 127189 0
233306 242753 0
233103 226246 0
232584 8987 0
240375 240035 0
231662 239373 0
229583 226462 0
231662 234319 0
241825 9749 0
241794 227498 0
233107 233181 0
235888 231939 0
241829 230346 0
231575 225822 0
241825 15035 0
237267 15050 0
235898 242763 0
15017 229907 0
241836 22664 0
237252 235389 0
234493 151537 0
241835 232586 0
239606 232285 0
229584 239361 0
235735 229911 0
231581 22658 0
232298 231386 0
232184 229932 0
231659 226153 0
241780 237400 0
229658 230352 0
233300 230825 0
241769 225822 0
229573 239362 0
231676 229934 0
241824 226154 0
231580 232226 0
233010 229715 0
229654 233312 0
241760 226159 0
15072 230376 0
239638 230824 0
233288 9748 0
233306 15022 0
234327 237400 0
241761 239370 0
237249 232282 0
239641 15032 0
237275 225820 0
233453 225632 0
241765 230378 0
241752 233520 0
239640 15030 0
233110 19051 0
151532 15049 0
151534 243893 0
233182 22661 0
237275 226248 0
267984 228257 0
233294 231517 0
228263 15031 0
233288 229704 0
231683 15047 0
231688 232280 0
241802 227659 0
231665 8987 0
233451 15050 0
241816 230376 0
239601 225809 0
239610 229643 0
241768 226158 0
235423 15028 0
233114 15050 0
229946 22660 0
241808 226259 0
232156 225822 0
239608 228261 0
241771 231384 0
241358 243892 0
233119 243896 0
241514 22658 0
241509 229718 0
232159 230353 0
233120 232288 0
230365 243421 0
233287 233315 0
231666 151535 0
229706 232276 0
226658 231386 0
233101 238773 0
233136 15047 0
231581 151538 0
231575 228246 0
241835 267982 0
239640 226245 0
233292 127189 0
232181 228245 0
241771 22654 0
232947 243421 0
232947 232281 0
241800 127189 0
233306 242753 0
233103 226246 0
232584 8987 0
240375 240035 0
231662 239373 0
229583 226462 0
231662 234319 0
241825 9749 0
241794 227498 0
233107 233181 0
235888 231939 0
241829 230346 0
231575 225822 0
241825 15035 0
237267 15050 0
235898 242763 0
15017 229907 0
241836 22664 0
237252 235389 0
234493 151537 0
241835 232586 0
239606 232285 0
229584 239361 0
235735 229911 0
231581 22658 0
232298 231386 0
232184 229932 0
231659 226153 0
241780 237400 0
229658 230352 0
233300 230825 0
241769 225822 0
229573 239362 0
231676 229934 0
241824 226154 0
231580 232226 0
233010 229715 0
229654 233312 0
241760 226159 0
15072 230376 0
239638 230824 0
233288 9748 0
233306 15022 0
234327 237400 0
241761 239370 0
237249 232282 0
239641 15032 0
237275 225820 0
233453 225632 0
241765 230378 0
241752 233520 0
239640 15030 0
233110 19051 0
151532 15049 0
151534 243893 0
233182 22661 0
237275 226248 0
267984 228257 0
233294 231517 0
228263 15031 0
233288 229704 0
231683 15047 0
231688 232280 0
241802 227659 0
231665 8987 0
233451 15050 0
241816 230376 0
239601 225809 0
239610 229643 0
241768 226158 0
235423 15028 0
233114 15050 0
229946 22660 0
241808 226259 0
232156 225822 0
239608 228261 0
241771 231384 0
241358 243892 0
233119 243896 0
241514 22658 0
241509 229718 0
232159 230353 0
233120 232288 0
230365 243421 0
233287 233315 0
231666 151535 0
229706 232276 0
226658 231386 0
233101 238773 0
233136 15047 0
231581 151538 0
231575 228246 0
241835 267982 0
239640 226245 0
233292 127189 0
232181 228245 0
241771 22654 0
232947 243421 0
232947 232281 0
241800 127189 0
233306 242753 0
233103 226246 0
232584 8987 0
240375 240035 0
231662 239373 0
229583 226462 0
231662 234319 0
241825 9749 0
241794 227498 0
233107 233181 0
235888 231939 0
241829 230346 0
231575 225822 0
241825 15035 0
237267 15050 0
235898 242763 0
15017 229907 0
241836 22664 0
237252 235389 0
234493 151537 0
241835 232586 0
239606 232285 0
229584 239361 0
235735 229911 0
231581 22658 0
232298 231386 0
232184 229932 0
231659 226153 0
241780 237400 0
229658 230352 0
233300 230825 0
241769 225822 0
229573 239362 0
231676 229934 0
241824 226154 0
231580 232226 0
233010 229715 0
229654 233312 0
241760 226159 0
15072 230376 0
239638 230824 0
233288 9748 0
233306 15022 0
234327 237400 0
