206476 207241 0
180643 180670 0
177604 179460 0
179979 207313 0
180636 207262 0
208632 175797 0
182897 181266 0
203605 200515 0
182610 183242 0
206547 250907 0
182903 185012 0
175386 186047 0
180651 183673 0
182849 199669 0
275892 250717 0
179985 181552 0
182127 207246 0
182848 185680 0
182613 207257 0
251648 153256 0
275885 186747 0
185096 181861 0
213327 215095 0
182800 180846 0
186238 183244 0
182612 201303 0
213327 201259 0
213325 219736 0
209916 206594 0
180678 181268 0
182903 176974 0
185108 186379 0
209245 214713 0
180645 186256 0
185110 207251 0
182900 183531 0
215248 185012 0
179986 207251 0
182794 183529 0
204789 181868 0
186912 207267 0
182798 186376 0
209242 207249 0
180966 179453 0
213342 179460 0
206476 15551 0
208603 153266 0
209253 199669 0
185277 150809 0
182849 207252 0
208602 179452 0
214659 173813 0
213339 186304 0
208621 207319 0
175388 176972 0
272611 219742 0
210671 210030 0
200113 207270 0
173359 178109 0
185110 178114 0
177573 181294 0
186201 207261 0
214661 181876 0
182797 207315 0
206563 200038 0
173359 184055 0
186241 186303 0
214623 183252 0
180215 176403 0
206547 185683 0
205190 250903 0
215241 181873 0
179977 181851 0
180647 176403 0
210673 186303 0
177572 176972 0
182849 200168 0
186087 181853 0
206552 181267 0
275892 207240 0
180645 199669 0
208647 206593 0
186193 176710 0
214656 181292 0
209235 199669 0
204784 177892 0
214666 179451 0
214664 184842 0
208966 183245 0
208617 184057 0
182829 184055 0
208636 185013 0
215242 207263 0
181542 219734 0
209248 266648 0
215101 9379 0
182610 181856 0
208621 183069 0
186241 183070 0
201290 15548 0
