175908 183137 0
190861 183812 0
203426 159607 0
188455 186652 0
219615 180285 0
202027 208066 0
193014 184488 0
180928 186809 0
203675 185381 0
194455 178839 0
192981 173419 0
193216 153289 0
178308 183713 0
219621 186631 0
11544 206109 0
187562 186639 0
175949 183707 0
203447 159604 0
195490 208041 0
203279 186860 0
11426 185748 0
203283 184422 0
188432 183792 0
178303 184968 0
195337 208066 0
14777 184436 0
160245 184436 0
192777 185219 0
153316 176513 0
175893 208196 0
11043 159607 0
202001 185382 0
175189 206110 0
11426 153290 0
195238 185397 0
203243 178922 0
153317 208214 0
208217 184962 0
193611 206177 0
206101 183708 0
214524 183132 0
184729 186042 0
3850 176522 0
190881 176510 0
174191 15660 0
3489 153303 0
203256 215935 0
190743 183715 0
195588 185384 0
203691 183806 0
184498 219577 0
184444 183826 0
11431 185300 0
174490 180288 0
193613 183801 0
183763 185388 0
184718 15661 0
194456 185387 0
175183 176481 0
174942 15735 0
175917 186785 0
195338 183755 0
202865 199487 0
15678 182103 0
194497 178839 0
153314 183669 0
195340 182496 0
203671 183754 0
153032 15733 0
184454 184423 0
193216 199532 0
195490 186809 0
11035 185397 0
160238 183749 0
203258 206144 0
153317 206177 0
175903 183755 0
200464 176433 0
11542 184496 0
175960 183749 0
202866 206094 0
203288 219566 0
195015 153286 0
11542 183668 0
195022 178295 0
11544 184429 0
202867 178276 0
202024 208201 0
14780 185238 0
11062 219567 0
174942 180284 0
196680 186650 0
194498 159614 0
183594 186787 0
202024 184496 0
219622 182495 0
202612 183712 0
193002 178300 0
9130 181403 0
203693 159608 0
175908 183137 0
190861 183812 0
203426 159607 0
188455 186652 0
219615 180285 0
202027 208066 0
193014 184488 0
180928 186809 0
203675 185381 0
194455 178839 0
192981 173419 0
193216 153289 0
178308 183713 0
219621 186631 0
11544 206109 0
187562 186639 0
175949 183707 0
203447 159604 0
195490 208041 0
203279 186860 0
11426 185748 0
203283 184422 0
188432 183792 0
178303 184968 0
195337 208066 0
14777 184436 0
160245 184436 0
192777 185219 0
153316 176513 0
175893 208196 0
11043 159607 0
202001 185382 0
175189 206110 0
11426 153290 0
195238 185397 0
203243 178922 0
153317 208214 0
208217 184962 0
193611 206177 0
206101 183708 0
214524 183132 0
184729 186042 0
3850 176522 0
190881 176510 0
174191 15660 0
3489 153303 0
203256 215935 0
190743 183715 0
195588 185384 0
203691 183806 0
184498 219577 0
184444 183826 0
11431 185300 0
174490 180288 0
193613 183801 0
183763 185388 0
184718 15661 0
194456 185387 0
175183 176481 0
174942 15735 0
175917 186785 0
195338 183755 0
202865 199487 0
15678 182103 0
194497 178839 0
153314 183669 0
195340 182496 0
203671 183754 0
153032 15733 0
184454 184423 0
193216 199532 0
195490 186809 0
11035 185397 0
160238 183749 0
203258 206144 0
153317 206177 0
175903 183755 0
200464 176433 0
11542 184496 0
175960 183749 0
202866 206094 0
203288 219566 0
195015 153286 0
11542 183668 0
195022 178295 0
11544 184429 0
202867 178276 0
202024 208201 0
14780 185238 0
11062 219567 0
174942 180284 0
196680 186650 0
194498 159614 0
183594 186787 0
202024 184496 0
219622 182495 0
202612 183712 0
193002 178300 0
9130 181403 0
203693 159608 0
