237425 192750 0
228340 201844 0
243010 226816 0
9002 235179 0
243009 237850 0
124739 240942 0
227985 225616 0
242365 226835 0
239470 204081 0
230537 225615 0
237220 238010 0
225840 151092 0
232837 242613 0
243359 237847 0
227873 238546 0
237427 225661 0
225840 195261 0
242366 201851 0
243213 226469 0
228279 10738 0
243208 236939 0
226525 234246 0
230546 226781 0
236113 235176 0
228007 10740 0
237421 226815 0
231427 242314 0
243359 230213 0
231438 227551 0
262158 240944 0
243136 240944 0
238174 241947 0
230547 240668 0
231414 152784 0
243183 226247 0
234572 240943 0
243353 229823 0
231437 237843 0
238180 235805 0
238175 226836 0
227997 237683 0
243163 240657 0
237218 234247 0
228003 237952 0
243130 225807 0
231421 227881 0
243357 232551 0
243132 226446 0
238680 226486 0
243208 237328 0
243365 227734 0
240891 238009 0
231412 242140 0
234546 225656 0
228008 226448 0
228008 227551 0
243125 251937 0
236965 204194 0
240869 227977 0
243385 243594 0
243210 237859 0
228275 227975 0
228007 229821 0
243171 230210 0
243351 239001 0
243385 229820 0
231422 241948 0
239697 10738 0
231542 242140 0
243139 235174 0
233319 234247 0
239939 237894 0
243172 242612 0
243148 237326 0
231925 230217 0
239938 264420 0
226169 235158 0
243161 10937 0
236410 240476 0
238938 237891 0
228009 240657 0
237208 235160 0
243131 237859 0
243423 237854 0
238184 236066 0
242375 243589 0
243369 226486 0
243125 240477 0
228002 241927 0
243188 235155 0
236955 238006 0
243381 226476 0
225886 243606 0
243376 235152 0
242365 237326 0
242511 152783 0
228001 236073 0
243184 243607 0
239726 232964 0
228055 236938 0
237425 192750 0
228340 201844 0
243010 226816 0
9002 235179 0
243009 237850 0
124739 240942 0
227985 225616 0
242365 226835 0
239470 204081 0
230537 225615 0
237220 238010 0
225840 151092 0
232837 242613 0
243359 237847 0
227873 238546 0
237427 225661 0
225840 195261 0
242366 201851 0
243213 226469 0
228279 10738 0
243208 236939 0
226525 234246 0
230546 226781 0
236113 235176 0
228007 10740 0
237421 226815 0
231427 242314 0
243359 230213 0
231438 227551 0
262158 240944 0
243136 240944 0
238174 241947 0
230547 240668 0
231414 152784 0
243183 226247 0
234572 240943 0
243353 229823 0
231437 237843 0
238180 235805 0
238175 226836 0
227997 237683 0
243163 240657 0
237218 234247 0
228003 237952 0
243130 225807 0
231421 227881 0
243357 232551 0
243132 226446 0
238680 226486 0
243208 237328 0
243365 227734 0
240891 238009 0
231412 242140 0
234546 225656 0
228008 226448 0
228008 227551 0
243125 251937 0
236965 204194 0
240869 227977 0
243385 243594 0
243210 237859 0
228275 227975 0
228007 229821 0
243171 230210 0
243351 239001 0
243385 229820 0
231422 241948 0
239697 10738 0
231542 242140 0
243139 235174 0
233319 234247 0
239939 237894 0
243172 242612 0
243148 237326 0
231925 230217 0
239938 264420 0
226169 235158 0
243161 10937 0
236410 240476 0
238938 237891 0
228009 240657 0
237208 235160 0
243131 237859 0
243423 237854 0
238184 236066 0
242375 243589 0
243369 226486 0
243125 240477 0
228002 241927 0
243188 235155 0
236955 238006 0
243381 226476 0
225886 243606 0
243376 235152 0
242365 237326 0
242511 152783 0
228001 236073 0
243184 243607 0
239726 232964 0
228055 236938 0
