213357 219727 0
219794 207722 0
181182 203546 0
178095 174511 0
184339 215025 0
198864 185775 0
178722 200110 0
205282 179972 0
181175 185080 0
198880 210338 0
183442 182737 0
214018 179967 0
214023 210643 0
202070 179966 0
214023 179965 0
199020 210633 0
199016 186169 0
182150 177509 0
183435 178833 0
176943 176655 0
205282 180228 0
178732 9410 0
205242 180990 0
219796 204056 0
184870 275859 0
199046 210642 0
219773 210368 0
199007 176655 0
181179 275851 0
219768 176654 0
178738 210647 0
214160 180549 0
215325 179968 0
178736 178833 0
182146 179611 0
199049 182725 0
215298 275895 0
214160 203555 0
173390 185775 0
214006 180685 0
209291 251646 0
198870 210637 0
205236 210633 0
18441 179986 0
178731 180990 0
199031 206472 0
198990 182725 0
186286 210640 0
184337 184563 0
186285 275910 0
207170 198807 0
200124 182787 0
173390 176532 0
183436 208949 0
213358 182725 0
198869 204068 0
150882 184993 0
182148 180549 0
183467 179969 0
199004 204057 0
178729 201381 0
183464 275903 0
219700 207721 0
209283 176535 0
181250 210640 0
213359 177516 0
275933 203557 0
198994 275893 0
178708 186172 0
155492 210633 0
215298 176544 0
200124 178679 0
183467 210649 0
184343 219715 0
198880 210639 0
198989 176533 0
182070 199511 0
181212 179969 0
207172 181538 0
208907 18417 0
207159 175326 0
219769 180232 0
178709 182784 0
205284 208951 0
213357 181421 0
205278 181423 0
214017 204055 0
199007 180549 0
183447 219715 0
199034 18418 0
219700 204061 0
181178 203557 0
198976 200110 0
205282 176533 0
184344 175318 0
213359 177527 0
219794 202930 0
214023 219726 0
178743 204052 0
173330 182733 0
