222449 224942 0
224527 221712 0
222485 222368 0
224529 224650 0
224532 221272 0
250958 154519 0
154499 224502 0
222149 224643 0
224931 154526 0
223367 222953 0
224532 224504 0
224939 222366 0
250986 154524 0
265475 154521 0
222445 222455 0
222385 224511 0
224518 154505 0
250964 224650 0
224533 221318 0
224132 154512 0
221315 154516 0
250985 221332 0
222385 224506 0
224527 224943 0
222757 154505 0
154499 225279 0
250964 224717 0
222471 222462 0
224131 154507 0
223374 251165 0
222484 222364 0
224551 222460 0
222478 224640 0
250988 225163 0
221209 222362 0
222955 222402 0
224933 224659 0
224534 223699 0
222453 221332 0
250951 225160 0
224515 154520 0
222426 222390 0
251170 224659 0
224937 224719 0
16462 221269 0
224550 224736 0
16462 221318 0
222955 224943 0
221315 224498 0
224529 223696 0
222447 124566 0
224534 222389 0
222444 221598 0
224938 222952 0
224931 224510 0
154500 224504 0
222444 223697 0
224523 154524 0
224931 124569 0
221313 223697 0
224519 224719 0
222478 221268 0
224517 224647 0
224532 222367 0
224534 222402 0
224931 223693 0
154501 154523 0
221315 222364 0
224525 222361 0
224533 222464 0
224536 224734 0
222444 224498 0
224528 222459 0
223371 225163 0
224514 222734 0
224513 154512 0
222429 154518 0
250958 224724 0
222449 225165 0
224931 224497 0
222483 224511 0
221314 16468 0
222482 154503 0
223368 222368 0
224531 222361 0
222151 221317 0
224937 16467 0
224939 224716 0
224530 224941 0
273285 221319 0
221208 224035 0
221956 224722 0
224936 223699 0
224550 221322 0
223423 16467 0
250989 223693 0
223268 222386 0
223374 154514 0
222475 224498 0
222450 224652 0
