239438 4141 0
234601 241454 0
227946 205145 0
227132 241203 0
238120 239418 0
151269 234162 0
240162 241475 0
228831 243319 0
230425 189597 0
243337 243112 0
234857 227810 0
227943 191679 0
225738 242283 0
234396 241204 0
151210 241438 0
229990 241187 0
227961 173613 0
241389 241169 0
238574 195922 0
234872 240932 0
242179 195276 0
240131 267163 0
238574 189600 0
235605 241479 0
235572 241470 0
233503 241430 0
233762 196142 0
247149 198017 0
243017 239448 0
233501 237601 0
9166 239225 0
124830 195276 0
232795 237946 0
240121 10251 0
267793 196311 0
9450 225688 0
240162 187778 0
228339 237726 0
230534 241184 0
235565 193454 0
238562 243295 0
235567 228274 0
237935 240919 0
237883 241359 0
151207 241437 0
10261 237863 0
233532 192729 0
239217 241431 0
235838 239444 0
229998 239414 0
241959 237200 0
234812 241455 0
237904 239936 0
237904 241199 0
227958 173620 0
230430 241466 0
238553 243419 0
234872 189600 0
232794 187840 0
9451 241429 0
124828 239484 0
237883 243242 0
240162 234163 0
240129 243794 0
233532 234162 0
240127 196681 0
267795 196144 0
237903 243316 0
229991 187768 0
237904 237951 0
237410 243302 0
9165 237944 0
9887 241197 0
230428 239661 0
234183 239444 0
241959 243301 0
240126 241443 0
230428 237205 0
233758 241170 0
230425 241467 0
237904 10658 0
230521 241467 0
4172 242283 0
234189 240933 0
237410 240920 0
234812 241463 0
237414 240174 0
162696 228269 0
234190 10227 0
225799 228270 0
226567 239222 0
237912 238026 0
241370 4151 0
237640 241380 0
227952 189516 0
151217 173953 0
229997 242929 0
234605 267164 0
239438 240924 0
237904 238645 0
239438 4141 0
234601 241454 0
227946 205145 0
227132 241203 0
238120 239418 0
151269 234162 0
240162 241475 0
228831 243319 0
230425 189597 0
243337 243112 0
234857 227810 0
227943 191679 0
225738 242283 0
234396 241204 0
151210 241438 0
229990 241187 0
227961 173613 0
241389 241169 0
238574 195922 0
234872 240932 0
242179 195276 0
240131 267163 0
238574 189600 0
235605 241479 0
235572 241470 0
233503 241430 0
233762 196142 0
247149 198017 0
243017 239448 0
233501 237601 0
9166 239225 0
124830 195276 0
232795 237946 0
240121 10251 0
267793 196311 0
9450 225688 0
240162 187778 0
228339 237726 0
230534 241184 0
235565 193454 0
238562 243295 0
235567 228274 0
237935 240919 0
237883 241359 0
151207 241437 0
10261 237863 0
233532 192729 0
239217 241431 0
235838 239444 0
229998 239414 0
241959 237200 0
234812 241455 0
237904 239936 0
237904 241199 0
227958 173620 0
230430 241466 0
238553 243419 0
234872 189600 0
232794 187840 0
9451 241429 0
124828 239484 0
237883 243242 0
240162 234163 0
240129 243794 0
233532 234162 0
240127 196681 0
267795 196144 0
237903 243316 0
229991 187768 0
237904 237951 0
237410 243302 0
9165 237944 0
9887 241197 0
230428 239661 0
234183 239444 0
241959 243301 0
240126 241443 0
230428 237205 0
233758 241170 0
230425 241467 0
237904 10658 0
230521 241467 0
4172 242283 0
234189 240933 0
237410 240920 0
234812 241463 0
237414 240174 0
162696 228269 0
234190 10227 0
225799 228270 0
226567 239222 0
237912 238026 0
241370 4151 0
237640 241380 0
227952 189516 0
151217 173953 0
229997 242929 0
234605 267164 0
239438 240924 0
237904 238645 0
239438 4141 0
234601 241454 0
227946 205145 0
227132 241203 0
238120 239418 0
151269 234162 0
240162 241475 0
228831 243319 0
230425 189597 0
243337 243112 0
234857 227810 0
227943 191679 0
225738 242283 0
234396 241204 0
151210 241438 0
229990 241187 0
227961 173613 0
241389 241169 0
238574 195922 0
234872 240932 0
242179 195276 0
240131 267163 0
238574 189600 0
235605 241479 0
235572 241470 0
233503 241430 0
233762 196142 0
247149 198017 0
243017 239448 0
233501 237601 0
9166 239225 0
124830 195276 0
232795 237946 0
240121 10251 0
267793 196311 0
9450 225688 0
240162 187778 0
228339 237726 0
230534 241184 0
235565 193454 0
238562 243295 0
235567 228274 0
237935 240919 0
237883 241359 0
151207 241437 0
10261 237863 0
233532 192729 0
239217 241431 0
235838 239444 0
229998 239414 0
241959 237200 0
234812 241455 0
237904 239936 0
237904 241199 0
227958 173620 0
230430 241466 0
238553 243419 0
234872 189600 0
232794 187840 0
9451 241429 0
124828 239484 0
237883 243242 0
240162 234163 0
240129 243794 0
233532 234162 0
240127 196681 0
267795 196144 0
237903 243316 0
229991 187768 0
237904 237951 0
237410 243302 0
9165 237944 0
9887 241197 0
230428 239661 0
234183 239444 0
241959 243301 0
240126 241443 0
230428 237205 0
233758 241170 0
230425 241467 0
237904 10658 0
230521 241467 0
4172 242283 0
234189 240933 0
237410 240920 0
234812 241463 0
237414 240174 0
162696 228269 0
234190 10227 0
225799 228270 0
226567 239222 0
237912 238026 0
241370 4151 0
237640 241380 0
227952 189516 0
151217 173953 0
229997 242929 0
234605 267164 0
239438 240924 0
237904 238645 0
239438 4141 0
234601 241454 0
227946 205145 0
227132 241203 0
238120 239418 0
151269 234162 0
240162 241475 0
228831 243319 0
230425 189597 0
243337 243112 0
234857 227810 0
227943 191679 0
225738 242283 0
234396 241204 0
151210 241438 0
229990 241187 0
227961 173613 0
241389 241169 0
238574 195922 0
234872 240932 0
242179 195276 0
240131 267163 0
238574 189600 0
235605 241479 0
235572 241470 0
233503 241430 0
233762 196142 0
247149 198017 0
243017 239448 0
233501 237601 0
9166 239225 0
124830 195276 0
232795 237946 0
240121 10251 0
267793 196311 0
9450 225688 0
240162 187778 0
228339 237726 0
230534 241184 0
235565 193454 0
238562 243295 0
235567 228274 0
237935 240919 0
237883 241359 0
151207 241437 0
10261 237863 0
233532 192729 0
239217 241431 0
235838 239444 0
229998 239414 0
241959 237200 0
234812 241455 0
237904 239936 0
237904 241199 0
227958 173620 0
230430 241466 0
238553 243419 0
234872 189600 0
232794 187840 0
9451 241429 0
124828 239484 0
237883 243242 0
240162 234163 0
240129 243794 0
233532 234162 0
240127 196681 0
267795 196144 0
237903 243316 0
229991 187768 0
237904 237951 0
237410 243302 0
9165 237944 0
9887 241197 0
230428 239661 0
234183 239444 0
241959 243301 0
240126 241443 0
230428 237205 0
233758 241170 0
230425 241467 0
237904 10658 0
230521 241467 0
4172 242283 0
234189 240933 0
237410 240920 0
234812 241463 0
237414 240174 0
162696 228269 0
234190 10227 0
225799 228270 0
226567 239222 0
237912 238026 0
241370 4151 0
237640 241380 0
227952 189516 0
151217 173953 0
229997 242929 0
234605 267164 0
239438 240924 0
237904 238645 0
