193477 9306 0
194776 196918 0
194808 196387 0
194229 188044 0
201975 195258 0
190302 187444 0
126127 207007 0
205541 188115 0
275560 187369 0
195786 199788 0
187408 170552 0
205507 187364 0
194778 207009 0
194220 187464 0
194806 187370 0
190316 9312 0
187617 188055 0
190317 187341 0
173338 204603 0
126182 188102 0
197887 195810 0
202788 188050 0
191658 191755 0
194775 196923 0
194799 9303 0
275601 196795 0
187615 188106 0
194223 187345 0
197825 191774 0
194234 207009 0
187634 176291 0
152956 152763 0
177341 9312 0
201975 9308 0
152963 187372 0
194234 176294 0
194217 187454 0
126174 187804 0
126124 207018 0
275566 187339 0
10353 198074 0
187429 9300 0
195378 126438 0
194057 191774 0
196697 9306 0
187410 188077 0
190306 194667 0
194806 190343 0
202783 9299 0
187637 207083 0
197823 188063 0
187637 190354 0
194780 196490 0
194029 191761 0
194789 176291 0
275563 195809 0
187619 176292 0
126125 188084 0
187407 187351 0
187410 196922 0
193477 207053 0
126131 9306 0
194786 188128 0
197820 126397 0
205546 200002 0
177340 188116 0
187637 187451 0
187404 204601 0
187639 187334 0
152960 173931 0
205514 187456 0
187607 190343 0
187622 188116 0
194802 189452 0
194781 190344 0
275570 188106 0
187405 188108 0
205509 9317 0
194810 207029 0
194779 194634 0
196696 187330 0
194808 18287 0
152961 188085 0
197820 187350 0
10345 9173 0
190320 188072 0
275568 207045 0
197884 207035 0
205503 191774 0
126421 188069 0
18268 188151 0
194236 196920 0
195786 9298 0
197871 196794 0
197858 204603 0
195786 195281 0
187624 188085 0
10353 126099 0
275601 126100 0
275560 206983 0
193477 9306 0
194776 196918 0
194808 196387 0
194229 188044 0
201975 195258 0
190302 187444 0
126127 207007 0
205541 188115 0
275560 187369 0
195786 199788 0
187408 170552 0
205507 187364 0
194778 207009 0
194220 187464 0
194806 187370 0
190316 9312 0
187617 188055 0
190317 187341 0
173338 204603 0
126182 188102 0
197887 195810 0
202788 188050 0
191658 191755 0
194775 196923 0
194799 9303 0
275601 196795 0
187615 188106 0
194223 187345 0
197825 191774 0
194234 207009 0
187634 176291 0
152956 152763 0
177341 9312 0
201975 9308 0
152963 187372 0
194234 176294 0
194217 187454 0
126174 187804 0
126124 207018 0
275566 187339 0
10353 198074 0
187429 9300 0
195378 126438 0
194057 191774 0
196697 9306 0
187410 188077 0
190306 194667 0
194806 190343 0
202783 9299 0
187637 207083 0
197823 188063 0
187637 190354 0
194780 196490 0
194029 191761 0
194789 176291 0
275563 195809 0
187619 176292 0
126125 188084 0
187407 187351 0
187410 196922 0
193477 207053 0
126131 9306 0
194786 188128 0
197820 126397 0
205546 200002 0
177340 188116 0
187637 187451 0
187404 204601 0
187639 187334 0
152960 173931 0
205514 187456 0
187607 190343 0
187622 188116 0
194802 189452 0
194781 190344 0
275570 188106 0
187405 188108 0
205509 9317 0
194810 207029 0
194779 194634 0
196696 187330 0
194808 18287 0
152961 188085 0
197820 187350 0
10345 9173 0
190320 188072 0
275568 207045 0
197884 207035 0
205503 191774 0
126421 188069 0
18268 188151 0
194236 196920 0
195786 9298 0
197871 196794 0
197858 204603 0
195786 195281 0
187624 188085 0
10353 126099 0
275601 126100 0
275560 206983 0
