165854 16744 0
251470 166228 0
167812 283504 0
149019 167587 0
167868 166565 0
149021 149405 0
268191 166226 0
164427 167588 0
165981 292599 0
251463 277868 0
251459 165899 0
268191 11625 0
149229 251618 0
149021 4381 0
251461 166233 0
149918 277868 0
156302 287582 0
166455 166217 0
251469 165608 0
251464 16739 0
149554 167597 0
167811 165725 0
166209 167586 0
268187 294476 0
167809 294471 0
148877 294465 0
268192 251621 0
153729 292596 0
149021 166226 0
251465 4551 0
165829 166213 0
251461 277875 0
167812 165725 0
167808 292599 0
149563 295043 0
149546 165608 0
153729 294018 0
168016 167590 0
148878 166574 0
153708 166233 0
153146 268037 0
167211 166229 0
165088 166211 0
167808 166420 0
167930 294461 0
167211 148590 0
153146 251627 0
251465 294465 0
251475 251621 0
149020 167467 0
167812 4381 0
149014 16737 0
149560 277875 0
153733 246970 0
166209 166219 0
167809 166719 0
167815 166591 0
149918 251624 0
149548 251623 0
153721 294463 0
164420 166719 0
148878 294481 0
149546 283504 0
149342 16741 0
16761 251630 0
167816 251622 0
167811 289993 0
149344 166229 0
164426 166223 0
164425 245316 0
149565 166221 0
149547 277877 0
166457 294015 0
268205 165610 0
149534 291963 0
149546 276282 0
251460 167581 0
168015 11627 0
166577 148871 0
167813 294455 0
167805 165881 0
153729 294012 0
164427 251617 0
251468 165609 0
156306 251619 0
167605 165881 0
165830 166232 0
167808 294016 0
167212 277872 0
166577 291963 0
167928 294013 0
149554 251623 0
16761 16743 0
166577 268038 0
251469 294464 0
156302 16739 0
165842 167741 0
251461 165906 0
268114 167191 0
148964 167588 0
165854 16744 0
251470 166228 0
167812 283504 0
149019 167587 0
167868 166565 0
149021 149405 0
268191 166226 0
164427 167588 0
165981 292599 0
251463 277868 0
251459 165899 0
268191 11625 0
149229 251618 0
149021 4381 0
251461 166233 0
149918 277868 0
156302 287582 0
166455 166217 0
251469 165608 0
251464 16739 0
149554 167597 0
167811 165725 0
166209 167586 0
268187 294476 0
167809 294471 0
148877 294465 0
268192 251621 0
153729 292596 0
149021 166226 0
251465 4551 0
165829 166213 0
251461 277875 0
167812 165725 0
167808 292599 0
149563 295043 0
149546 165608 0
153729 294018 0
168016 167590 0
148878 166574 0
153708 166233 0
153146 268037 0
167211 166229 0
165088 166211 0
167808 166420 0
167930 294461 0
167211 148590 0
153146 251627 0
251465 294465 0
251475 251621 0
149020 167467 0
167812 4381 0
149014 16737 0
149560 277875 0
153733 246970 0
166209 166219 0
167809 166719 0
167815 166591 0
149918 251624 0
149548 251623 0
153721 294463 0
164420 166719 0
148878 294481 0
149546 283504 0
149342 16741 0
16761 251630 0
167816 251622 0
167811 289993 0
149344 166229 0
164426 166223 0
164425 245316 0
149565 166221 0
149547 277877 0
166457 294015 0
268205 165610 0
149534 291963 0
149546 276282 0
251460 167581 0
168015 11627 0
166577 148871 0
167813 294455 0
167805 165881 0
153729 294012 0
164427 251617 0
251468 165609 0
156306 251619 0
167605 165881 0
165830 166232 0
167808 294016 0
167212 277872 0
166577 291963 0
167928 294013 0
149554 251623 0
16761 16743 0
166577 268038 0
251469 294464 0
156302 16739 0
165842 167741 0
251461 165906 0
268114 167191 0
148964 167588 0
