98551 275336 0
249834 94605 0
102773 100878 0
249836 97268 0
105967 109470 0
249835 275347 0
19277 162920 0
249850 102805 0
108123 96477 0
19281 102783 0
19277 96479 0
102772 163002 0
101784 102792 0
249825 250066 0
109181 105628 0
105622 102828 0
109179 104448 0
108127 19309 0
108119 100867 0
96476 102787 0
102773 107443 0
102774 105625 0
104436 102815 0
109177 109211 0
102772 105628 0
19279 102830 0
108114 94605 0
108174 250065 0
19284 19256 0
249836 105626 0
109651 108268 0
19277 102820 0
97263 104291 0
250415 109187 0
249822 102814 0
109178 100866 0
249827 19253 0
109604 100884 0
109178 99511 0
275328 97268 0
97264 162997 0
99367 19311 0
249838 97822 0
97259 102795 0
250412 105635 0
250437 109189 0
109182 102797 0
105623 250067 0
97250 97263 0
108131 19246 0
109344 275346 0
275354 102834 0
109177 275336 0
249850 97263 0
249828 105673 0
249825 109611 0
19255 250070 0
97259 108152 0
19281 94632 0
100350 96478 0
97262 102787 0
249839 104446 0
100350 100887 0
249835 102822 0
109650 109611 0
107326 107457 0
100355 104446 0
249841 99509 0
19278 163015 0
108174 108150 0
249849 102947 0
19283 100886 0
249849 108256 0
19281 102779 0
104436 105635 0
109651 19255 0
249841 102808 0
109536 100883 0
249825 100883 0
109179 96478 0
275327 19309 0
249847 108178 0
109344 97269 0
100355 106918 0
249840 102820 0
108117 106918 0
102773 19247 0
97260 97280 0
98551 102793 0
249843 107453 0
96474 100862 0
106200 97291 0
104435 102788 0
275352 102782 0
97250 275344 0
275350 102812 0
98552 275348 0
249828 108154 0
109179 100872 0
109604 105626 0
98551 275336 0
249834 94605 0
102773 100878 0
249836 97268 0
105967 109470 0
249835 275347 0
19277 162920 0
249850 102805 0
108123 96477 0
19281 102783 0
19277 96479 0
102772 163002 0
101784 102792 0
249825 250066 0
109181 105628 0
105622 102828 0
109179 104448 0
108127 19309 0
108119 100867 0
96476 102787 0
102773 107443 0
102774 105625 0
104436 102815 0
109177 109211 0
102772 105628 0
19279 102830 0
108114 94605 0
108174 250065 0
19284 19256 0
249836 105626 0
109651 108268 0
19277 102820 0
97263 104291 0
250415 109187 0
249822 102814 0
109178 100866 0
249827 19253 0
109604 100884 0
109178 99511 0
275328 97268 0
97264 162997 0
99367 19311 0
249838 97822 0
97259 102795 0
250412 105635 0
250437 109189 0
109182 102797 0
105623 250067 0
97250 97263 0
108131 19246 0
109344 275346 0
275354 102834 0
109177 275336 0
249850 97263 0
249828 105673 0
249825 109611 0
19255 250070 0
97259 108152 0
19281 94632 0
100350 96478 0
97262 102787 0
249839 104446 0
100350 100887 0
249835 102822 0
109650 109611 0
107326 107457 0
100355 104446 0
249841 99509 0
19278 163015 0
108174 108150 0
249849 102947 0
19283 100886 0
249849 108256 0
19281 102779 0
104436 105635 0
109651 19255 0
249841 102808 0
109536 100883 0
249825 100883 0
109179 96478 0
275327 19309 0
249847 108178 0
109344 97269 0
100355 106918 0
249840 102820 0
108117 106918 0
102773 19247 0
97260 97280 0
98551 102793 0
249843 107453 0
96474 100862 0
106200 97291 0
104435 102788 0
275352 102782 0
97250 275344 0
275350 102812 0
98552 275348 0
249828 108154 0
109179 100872 0
109604 105626 0
