4830 4218 4
4811 4255 7
4196 4821 0
4226 4830 8
4830 4223 1
4260 4828 6
4214 4791 0
4221 4830 0
4828 4260 6
4821 4218 7
4631 4260 4
4821 4196 2
4260 4791 8
4637 4226 5
4196 4618 2
4218 4822 0
4830 4618 5
4637 4821 2
4631 4221 9
4810 4196 6
4810 4543 3
4821 4226 6
4255 4618 8
4255 4822 7
4226 4631 7
4221 4810 7
4821 4221 3
4196 4791 7
4223 4631 3
4828 4255 3
4637 4822 4
4634 4221 3
4637 4196 6
4791 4631 9
4218 4618 3
4223 4631 1
4830 4196 2
4260 4631 3
4214 4830 3
4255 4618 3
4631 4196 5
4226 4637 5
4631 4223 2
4828 4260 5
4828 4223 2
4821 4543 3
4821 4255 4
4830 4226 7
4637 4221 1
4260 4821 4
4631 4221 8
4811 4214 6
4822 4218 9
4226 4637 6
4830 4221 9
4828 4255 1
4631 4223 3
4791 4214 3
4255 4810 3
4223 4822 2
4221 4810 0
4631 4791 1
4196 4618 5
4618 4196 3
4811 4196 5
4618 4260 3
4214 4634 2
4260 4830 1
4822 4221 2
4634 4226 7
4821 4260 1
4810 4226 0
4822 4543 0
4221 4830 0
4631 4223 1
4618 4218 2
4830 4543 4
4822 4218 4
4260 4618 0
4810 4260 7
4828 4618 7
4822 4637 4
4226 4810 1
4821 4214 4
4631 4218 2
4822 4226 1
4828 4543 0
4821 4255 1
4631 4226 1
4821 4223 3
4255 4811 3
4637 4196 1
4223 4637 0
4221 4637 9
4255 4618 5
4637 4218 7
4226 4822 3
4822 4221 4
4822 4196 7
4223 4821 0
4828 4543 8
4226 4830 6
4214 4791 5
4214 4810 0
4226 4791 2
4226 4791 4
4634 4260 7
4543 4810 4
4543 4830 7
4618 4218 2
4221 4618 6
4223 4791 6
4822 4260 9
4821 4637 5
4828 4543 9
4811 4223 8
4543 4830 9
4218 4811 0
4791 4637 9
4226 4822 5
4821 4226 0
4830 4543 1
4226 4637 1
4618 4218 4
4810 4214 3
4830 4196 1
4830 4260 3
4255 4830 3
4618 4828 6
4828 4196 5
4221 4637 8
4631 4260 1
4637 4821 1
4221 4631 3
4830 4221 8
4214 4618 4
4828 4637 9
4810 4223 6
4543 4821 7
4631 4218 9
4223 4791 3
4221 4637 2
4214 4637 2
4822 4196 7
4226 4811 9
4221 4637 2
4196 4810 1
4226 4618 9
4218 4791 0
4214 4810 3
4214 4822 9
4223 4830 2
4637 4791 9
4631 4226 7
4828 4255 7
4821 4196 0
4618 4791 6
4214 4811 5
4618 4226 4
4221 4822 6
4637 4791 8
4214 4828 1
4214 4822 1
4618 4221 9
4822 4226 6
4255 4637 4
4223 4618 4
4822 4221 3
4260 4618 4
4260 4634 8
4810 4226 4
4811 4226 0
4260 4821 8
4810 4260 0
4260 4618 3
4214 4618 9
4821 4637 9
4223 4637 9
4618 4196 9
4637 4791 4
4631 4221 7
4226 4828 7
4634 4255 5
4260 4631 3
4830 4218 7
4221 4631 5
4618 4791 6
4221 4637 9
4218 4637 4
4196 4634 2
4830 4196 7
4218 4634 9
4543 4830 8
4196 4618 9
4830 4255 7
4634 4255 1
4810 4196 9
4791 4196 8
4255 4791 3
4631 4791 8
4618 4221 8
4830 4218 9
4828 4214 8
4822 4260 4
4631 4218 1
4822 4223 3
4255 4810 2
4810 4218 2
4631 4223 5
4223 4631 0
4822 4637 4
4822 4637 4
4196 4631 0
4828 4214 9
4226 4822 8
4791 4196 9
4634 4221 9
4822 4218 1
4223 4637 4
4260 4791 8
4822 4223 0
4260 4822 1
4223 4821 6
4260 4830 0
4221 4634 8
4218 4811 7
4811 4196 1
4255 4830 1
4828 4543 9
4196 4631 7
4221 4637 0
4821 4260 7
4634 4214 8
4221 4618 6
4255 4791 2
4821 4543 7
4260 4822 2
4255 4811 9
4255 4634 6
4223 4618 0
4830 4255 6
4821 4218 7
4618 4791 4
4221 4828 4
4631 4260 6
4618 4260 2
4214 4822 6
4618 4226 6
4226 4810 7
4221 4811 4
4196 4810 8
4218 4631 4
4634 4255 6
4223 4830 1
4260 4631 7
4791 4196 3
4637 4822 1
4810 4218 7
4223 4810 7
4791 4260 5
4221 4828 2
4196 4828 1
4821 4221 2
4543 4811 0
4637 4255 5
4822 4255 9
4810 4543 2
4260 4810 3
4260 4811 0
4822 4218 5
4821 4214 3
4637 4830 8
4196 4810 3
4821 4221 9
4260 4821 6
4214 4830 0
4255 4634 3
4811 4196 9
4221 4791 8
4260 4810 2
4221 4810 0
4618 4255 0
4543 4631 9
4810 4221 1
4260 4830 2
4218 4822 3
4255 4821 1
4810 4260 1
4223 4791 7
4791 4196 5
4631 4221 4
4822 4543 1
4618 4226 2
4221 4822 3
4810 4543 6
4260 4791 0
4828 4637 2
4822 4543 3
4637 4822 1
4260 4822 4
4618 4223 1
4196 4791 3
4822 4214 4
4214 4791 5
4196 4821 5
4822 4223 0
4226 4631 4
4810 4226 1
4543 4634 1
4634 4226 3
4226 4830 7
4791 4631 5
4828 4618 1
4791 4226 1
4634 4543 2
4543 4631 4
4223 4634 6
4821 4221 7
4218 4791 9
4634 4255 9
4260 4830 8
4221 4830 3
4828 4196 8
4822 4221 0
4821 4543 3
4260 4821 5
4255 4830 2
4828 4618 2
4634 4260 8
4255 4634 9
4828 4637 9
4631 4221 8
4637 4196 0
4221 4791 7
4828 4221 5
4221 4618 4
4218 4637 8
4830 4543 7
4821 4218 3
4218 4821 5
4214 4618 8
4631 4196 1
4618 4255 2
4810 4214 8
4811 4223 1
4255 4828 4
4223 4637 0
4218 4811 2
4196 4634 4
4223 4637 0
4260 4631 9
4214 4634 8
4810 4260 3
4828 4221 9
4631 4214 1
4822 4214 6
4791 4543 7
4196 4828 0
4830 4637 0
4223 4634 9
4811 4226 6
4221 4637 8
4822 4223 3
4822 4543 4
4821 4221 1
4830 4214 6
4255 4828 6
4223 4618 5
4822 4543 7
4810 4196 9
4196 4830 0
4543 4634 6
4828 4223 3
4822 4218 6
4791 4196 6
4221 4811 8
4218 4618 8
4214 4634 6
4811 4218 6
4214 4634 4
4226 4631 6
4631 4543 7
4822 4223 7
4543 4810 6
4218 4791 5
4226 4811 7
4811 4221 1
4821 4637 2
4223 4618 7
4830 4255 3
4634 4543 5
4218 4821 7
4822 4260 2
4543 4791 2
4618 4221 9
4260 4634 5
4543 4634 2
4618 4226 1
4255 4810 0
4221 4830 3
4221 4830 5
4618 4830 3
4828 4214 0
4830 4226 5
4543 4811 9
4811 4214 3
4214 4828 9
4637 4822 3
4255 4637 9
4618 4791 9
4196 4830 7
4828 4223 1
4821 4226 3
4543 4811 7
4223 4618 9
4218 4822 9
4260 4811 6
4830 4618 0
4218 4821 3
4791 4543 3
4828 4223 2
4822 4221 7
4214 4634 3
4637 4821 5
4828 4618 7
4821 4255 9
4618 4828 2
4255 4631 2
4637 4226 5
4196 4828 6
4226 4830 3
4196 4810 9
4196 4830 4
4811 4218 0
4255 4618 4
4618 4226 4
4618 4791 3
4821 4221 3
4255 4634 1
4221 4637 9
4255 4637 6
4255 4791 5
4822 4214 6
4218 4631 2
4226 4821 8
4811 4196 6
4637 4218 7
4828 4221 8
4618 4223 3
4226 4828 3
4821 4218 9
4811 4223 9
4637 4196 7
4810 4223 9
4810 4543 5
4631 4226 3
4811 4221 8
4828 4637 3
4811 4223 3
4637 4828 3
4214 4791 8
4214 4830 0
4618 4223 8
4255 4830 0
4830 4221 5
4618 4828 7
4214 4811 0
4828 4637 2
4828 4637 1
4196 4791 9
4822 4223 4
4214 4637 5
4223 4631 1
4822 4196 7
4822 4543 9
4830 4223 0
4618 4791 2
4543 4821 9
4791 4218 2
4196 4821 1
4821 4223 8
4214 4631 8
4637 4214 0
4221 4618 3
4631 4214 1
4223 4634 9
4810 4260 5
4828 4223 8
4631 4255 6
4631 4255 2
4631 4543 0
4811 4221 4
4618 4791 3
4810 4196 4
4821 4543 5
4618 4223 1
4218 4810 7
4830 4637 6
4634 4221 3
4828 4196 7
4637 4226 9
4618 4218 0
4255 4631 3
4223 4822 1
4218 4631 9
4811 4260 8
4226 4618 6
4631 4223 2
4634 4196 1
4830 4218 6
4637 4821 3
4810 4221 5
4226 4821 1
4218 4637 0
4830 4226 3
4828 4543 5
4196 4791 4
4828 4223 3
4214 4637 9
4223 4618 6
4811 4226 9
4828 4223 0
4810 4255 9
4543 4634 8
4637 4196 9
4828 4618 8
4828 4260 5
4811 4214 4
4218 4631 0
4828 4618 3
4260 4634 4
4218 4811 7
4810 4221 1
4214 4631 4
4260 4791 4
4218 4637 3
4791 4631 3
4618 4255 8
4821 4260 1
4226 4791 7
4255 4810 6
4821 4226 4
4634 4214 2
4631 4196 5
4822 4196 1
4830 4637 0
4821 4543 8
4828 4214 0
4218 4830 7
4810 4223 7
4255 4821 4
4218 4791 0
4196 4791 4
4255 4821 8
4811 4214 8
4830 4618 8
4828 4196 7
4196 4830 9
4221 4791 4
4618 4196 7
4634 4226 3
4634 4196 2
4255 4791 8
4223 4822 3
4618 4214 9
4791 4543 7
4218 4634 1
4618 4830 2
4828 4226 6
4828 4255 0
4637 4196 9
4791 4221 7
4196 4828 9
4260 4631 8
4821 4260 2
4618 4196 0
4791 4226 7
4634 4543 7
4791 4260 1
4821 4543 7
4821 4543 3
4637 4828 0
4223 4810 1
4637 4821 2
4637 4221 5
4221 4828 0
4830 4218 5
4618 4791 0
4811 4218 3
4214 4791 8
4221 4828 8
4791 4618 4
4791 4196 1
4255 4637 3
4223 4631 9
4637 4830 7
4196 4828 5
4821 4543 0
4196 4791 8
4260 4810 1
4811 4223 4
4196 4810 2
4260 4791 8
4811 4223 7
4822 4255 1
4218 4618 7
4822 4221 1
4637 4226 0
4828 4214 0
4631 4255 6
4255 4810 1
4791 4218 5
4631 4218 5
4631 4196 2
4791 4618 1
4218 4637 2
4637 4821 7
4811 4255 2
4255 4821 2
4543 4830 6
4828 4543 2
4618 4226 9
4255 4618 1
4618 4255 4
4226 4631 1
4821 4223 5
4631 4226 0
4830 4543 3
4214 4821 2
4791 4543 6
4830 4637 5
4618 4791 1
4830 4543 2
4791 4260 5
4618 4214 2
4830 4637 3
4226 4637 7
4255 4618 0
4637 4214 7
4830 4543 8
4631 4543 5
4822 4637 9
4830 4618 1
4791 4226 4
4828 4221 0
4543 4822 2
4218 4811 3
4255 4618 7
4196 4821 9
4218 4634 5
4821 4637 2
4821 4260 3
4791 4637 8
4791 4214 1
4196 4830 6
4830 4196 1
4221 4618 2
4214 4830 2
4811 4214 6
4810 4218 8
4214 4631 9
4810 4260 0
4214 4791 3
4218 4637 9
4260 4618 6
4255 4791 4
4618 4828 1
4260 4828 5
4260 4791 0
4255 4634 5
4218 4618 2
4214 4830 2
4811 4255 5
4255 4634 8
4260 4830 5
4221 4634 4
4822 4214 7
4811 4214 1
4828 4218 5
4214 4634 1
4223 4830 5
4830 4221 1
4634 4218 7
4226 4634 1
4811 4218 7
4821 4260 9
4811 4223 4
4830 4618 7
4255 4810 5
4821 4255 9
4196 4828 0
4618 4196 2
4223 4631 1
4830 4226 9
4223 4828 4
4811 4214 2
4821 4196 5
4221 4830 5
4631 4543 2
4226 4821 3
4218 4637 5
4223 4791 9
4810 4218 9
4828 4255 8
4828 4223 4
4791 4223 5
4223 4637 8
4221 4811 1
4830 4221 7
4221 4811 8
4637 4196 9
4791 4218 5
4811 4223 0
4637 4196 7
4830 4221 0
4196 4637 3
4543 4822 6
4221 4822 2
4196 4618 7
4791 4226 5
4218 4821 3
4810 4221 3
4810 4196 2
4791 4543 2
4260 4634 5
4637 4255 9
4543 4810 8
4223 4821 6
4226 4637 2
4221 4637 2
4811 4226 5
4634 4260 4
4196 4828 3
4223 4828 5
4631 4255 0
4830 4637 6
4637 4196 4
4618 4214 5
4810 4218 5
4822 4543 6
4255 4637 8
4637 4226 8
4260 4830 6
4255 4810 2
4196 4810 6
4226 4830 6
4822 4260 1
4791 4196 7
4830 4618 7
4791 4214 6
4218 4810 6
4223 4631 8
4221 4810 5
4543 4810 6
4634 4543 8
4822 4214 6
4221 4821 9
4811 4214 9
4822 4543 7
4223 4631 1
4821 4221 2
4223 4637 0
4196 4810 6
4226 4830 0
4821 4226 5
4828 4221 0
4618 4218 1
4822 4255 1
4791 4218 1
4214 4830 9
4214 4791 7
4260 4811 6
4791 4631 8
4811 4226 0
4543 4791 9
4543 4821 0
4822 4218 5
4543 4830 2
4822 4221 0
4821 4637 1
4634 4260 1
4221 4631 6
4631 4214 3
4196 4822 0
4260 4830 1
4260 4618 9
4196 4631 4
4810 4260 0
4260 4830 8
4830 4214 5
4226 4634 2
4226 4618 4
4810 4218 3
4618 4214 9
4828 4255 1
4255 4631 7
4637 4196 3
4218 4791 7
4543 4810 0
4634 4260 7
4255 4618 1
4255 4631 8
4821 4226 2
4260 4821 7
4260 4631 2
4821 4226 8
4810 4255 7
4791 4637 4
4830 4226 4
4791 4196 0
4255 4618 6
4218 4791 6
4631 4223 6
4821 4218 9
4214 4634 7
4811 4226 2
4637 4218 5
4822 4637 0
4255 4810 4
4223 4618 1
4226 4828 7
4631 4226 3
4226 4828 2
4811 4214 6
4634 4196 2
4830 4214 2
4255 4810 0
4618 4791 9
4791 4226 4
4811 4214 4
4223 4828 5
4631 4221 6
4822 4218 7
4226 4821 1
4830 4260 9
4618 4221 9
4830 4618 5
4221 4637 1
4221 4828 0
4255 4810 3
4791 4631 7
4221 4791 9
4221 4821 6
4223 4791 5
4631 4543 9
4223 4830 6
4223 4810 7
4223 4634 9
4637 4821 8
4811 4255 6
4226 4791 4
4196 4821 8
4830 4223 8
4543 4828 1
4223 4631 1
4810 4543 5
4218 4822 5
4791 4637 0
4226 4830 7
4821 4255 2
4255 4830 9
4822 4255 1
4221 4830 2
4543 4810 4
4637 4255 7
4223 4822 1
4196 4618 0
4631 4223 5
4828 4218 5
4637 4223 3
4631 4221 3
4214 4791 1
4618 4218 7
4260 4810 9
4791 4255 3
4618 4830 3
4255 4821 8
4260 4828 0
4221 4791 3
4637 4822 6
4822 4637 9
4637 4196 9
4828 4543 8
4618 4255 5
4828 4218 3
4196 4637 1
4218 4811 0
4618 4830 6
4223 4811 1
4543 4631 5
4196 4830 0
4196 4822 7
4218 4821 9
4828 4223 2
4637 4214 3
4811 4260 5
4828 4255 7
4226 4828 7
4822 4214 7
4618 4830 8
4791 4218 1
4214 4810 5
4791 4631 8
4828 4637 3
4196 4828 8
4791 4218 3
4221 4811 8
4260 4830 1
4822 4214 2
4543 4791 3
4821 4214 9
4634 4218 2
4821 4196 0
4811 4221 3
4223 4810 6
4791 4226 5
4810 4196 3
4830 4223 2
4196 4637 5
4214 4618 4
4223 4791 7
4223 4810 9
4791 4618 5
4631 4221 0
4637 4214 4
4821 4218 6
4221 4631 9
4218 4631 2
4821 4214 9
4618 4196 3
4260 4618 4
4791 4214 3
4791 4618 8
4196 4811 0
4821 4218 5
4255 4830 1
4791 4637 4
4631 4255 0
4828 4196 8
4255 4821 6
4260 4791 2
4822 4218 4
4828 4218 9
4828 4637 6
4811 4218 0
4260 4810 1
4830 4196 1
4830 4223 4
4828 4618 7
4637 4214 6
4828 4255 9
4830 4218 9
4634 4196 6
4196 4637 8
4637 4830 6
4631 4260 5
4260 4811 3
4830 4226 1
4218 4821 3
4821 4221 2
4218 4810 2
4821 4218 4
4223 4791 1
4822 4214 6
4637 4821 2
4255 4637 2
4214 4811 9
4791 4255 3
4810 4226 5
4830 4196 5
4811 4260 1
4634 4214 0
4821 4218 3
4223 4810 4
4810 4223 3
4822 4226 0
4618 4218 1
4822 4221 6
4811 4214 8
4223 4822 8
4221 4821 6
4218 4830 9
4631 4791 7
4822 4226 0
4828 4255 3
4830 4618 5
4791 4543 9
4543 4811 9
4822 4637 5
4226 4631 9
4221 4637 7
4791 4226 9
4822 4260 0
4810 4255 6
4221 4618 1
4214 4830 3
4634 4223 4
4631 4218 0
4822 4214 4
4822 4221 6
